#!ascii label  , from subject sub-v1s20x0050284_ses-1 vox2ras=TkReg
540
13361  -34.929  -57.589  -16.655 0.6999999881
14094  -35.679  -56.408  -16.520 0.6000000238
116327  -35.976  -56.554  -17.182 0.6000000238
105376  -36.544  -56.939  -18.979 0.4000000060
14107  -29.670  -56.348  -17.313 0.6999999881
14120  -29.359  -56.148  -18.179 0.6999999881
14092  -30.043  -56.397  -15.983 0.6999999881
14771  -30.156  -55.812  -17.336 0.6000000238
14076  -30.226  -56.633  -15.065 0.6999999881
14756  -30.213  -55.685  -16.305 0.6000000238
103980  -30.561  -55.911  -14.577 0.6000000238
14741  -30.327  -55.751  -15.347 0.6000000238
14711  -31.728  -55.946  -13.688 0.6000000238
101322  -30.652  -55.180  -14.679 0.6000000238
15389  -30.819  -54.350  -14.736 0.5000000000
14727  -32.311  -55.437  -13.938 0.5000000000
15390  -31.463  -54.302  -14.317 0.5000000000
15391  -33.557  -54.448  -14.433 0.6000000238
100942  -34.663  -56.604  -15.155 0.6000000238
103092  -34.205  -55.109  -14.623 0.6000000238
14729  -35.002  -54.920  -14.933 0.6000000238
14743  -35.459  -55.351  -15.490 0.6000000238
14119  -28.372  -56.193  -18.327 0.6000000238
14779  -29.803  -55.892  -18.816 0.6000000238
14780  -30.136  -55.650  -18.352 0.6000000238
15432  -30.316  -54.961  -17.702 0.6000000238
105375  -30.500  -54.071  -17.836 0.6000000238
15418  -30.322  -54.915  -16.719 0.6000000238
15404  -30.446  -54.776  -15.592 0.6000000238
16121  -30.785  -53.212  -16.084 0.6000000238
16106  -31.170  -52.964  -15.293 0.6000000238
102376  -32.454  -54.547  -14.208 0.6000000238
101579  -32.010  -53.616  -14.395 0.6999999881
104260  -32.954  -53.693  -14.404 0.6000000238
16092  -33.941  -53.594  -14.436 0.6000000238
14095  -36.234  -55.974  -16.839 0.5000000000
14772  -36.712  -55.548  -17.326 0.5000000000
116316  -28.103  -56.238  -19.230 0.6000000238
14129  -28.332  -56.221  -20.248 0.6000000238
14130  -29.898  -56.058  -20.680 0.6000000238
14794  -30.060  -55.600  -19.371 0.6000000238
15443  -30.374  -54.811  -18.796 0.6000000238
15459  -30.473  -55.300  -20.089 0.6000000238
16150  -30.648  -53.850  -18.578 0.6000000238
16134  -30.637  -53.572  -16.981 0.6000000238
109158  -30.988  -52.840  -16.825 0.6000000238
16890  -31.245  -52.527  -16.019 0.6999999881
16093  -34.830  -53.761  -14.609 0.6000000238
15405  -35.673  -54.567  -15.293 0.6000000238
14781  -36.918  -55.958  -18.093 0.4000000060
14807  -27.079  -56.097  -20.710 0.6000000238
14141  -27.632  -56.129  -20.722 0.6000000238
14142  -28.617  -56.090  -20.923 0.6000000238
114030  -30.439  -55.992  -21.039 0.6000000238
15471  -31.111  -55.615  -20.915 0.5000000000
16169  -30.748  -54.173  -19.473 0.6000000238
16135  -30.902  -53.224  -17.849 0.6999999881
17587  -32.566  -51.740  -14.968 0.6000000238
16880  -31.812  -52.230  -15.312 0.6000000238
16869  -32.290  -52.380  -14.764 0.6000000238
16871  -33.871  -52.638  -14.325 0.6000000238
117531  -34.538  -53.156  -14.451 0.6000000238
16107  -36.181  -53.876  -15.367 0.6000000238
15406  -36.308  -54.480  -15.850 0.6000000238
15433  -36.996  -54.724  -17.074 0.4000000060
15419  -36.787  -54.293  -16.398 0.5000000000
15468  -26.626  -55.731  -20.413 0.5000000000
15469  -27.418  -55.593  -20.728 0.6000000238
14808  -28.042  -55.925  -21.005 0.6000000238
15476  -28.828  -55.554  -21.396 0.6000000238
119135  -30.079  -56.026  -21.307 0.5000000000
14818  -29.709  -55.816  -21.587 0.5000000000
14819  -30.626  -55.801  -21.780 0.5000000000
15472  -31.722  -55.113  -21.246 0.6000000238
16181  -32.091  -54.179  -20.800 0.6000000238
16170  -31.431  -53.598  -19.897 0.6999999881
16917  -31.493  -52.668  -18.383 0.6999999881
120491  -31.435  -52.324  -16.710 0.6999999881
17610  -32.327  -51.409  -16.601 0.6000000238
17609  -31.778  -51.937  -16.199 0.6999999881
17598  -32.339  -51.517  -15.711 0.6000000238
17599  -32.929  -51.018  -15.322 0.6000000238
115757  -33.593  -52.030  -14.360 0.6000000238
110873  -34.136  -51.924  -14.259 0.6000000238
16873  -35.610  -52.443  -14.525 0.6000000238
101804  -36.622  -53.892  -15.884 0.5000000000
15420  -37.322  -53.987  -16.832 0.4000000060
15458  -27.109  -54.514  -19.850 0.6000000238
103055  -27.847  -54.485  -20.435 0.6000000238
15470  -28.174  -55.288  -21.090 0.5000000000
16187  -28.837  -54.808  -21.504 0.6000000238
15477  -29.547  -55.131  -21.932 0.5000000000
14823  -30.897  -55.425  -22.549 0.6000000238
15482  -30.788  -54.821  -23.054 0.5000000000
14809  -31.247  -55.693  -21.565 0.6000000238
14824  -31.394  -55.436  -22.232 0.5000000000
15478  -31.972  -55.259  -21.973 0.5000000000
16171  -32.411  -53.178  -20.331 0.5000000000
16939  -33.565  -52.880  -21.128 0.5000000000
16928  -32.867  -52.401  -19.950 0.5000000000
118413  -31.928  -52.367  -18.681 0.6000000238
17646  -33.389  -51.752  -19.494 0.4000000060
16903  -32.064  -52.071  -18.063 0.6999999881
17636  -33.763  -51.099  -18.850 0.4000000060
18381  -32.864  -50.875  -17.060 0.5000000000
18370  -32.806  -50.887  -16.136 0.6000000238
106321  -33.328  -50.395  -15.709 0.5000000000
18360  -33.587  -50.593  -15.037 0.6000000238
19146  -33.885  -49.981  -15.319 0.5000000000
18354  -35.001  -50.867  -14.368 0.6000000238
16109  -37.317  -52.918  -16.217 0.5000000000
19137  -34.598  -50.316  -14.678 0.6000000238
17591  -35.949  -51.499  -14.490 0.6000000238
16108  -36.702  -53.190  -15.597 0.6000000238
16168  -27.541  -53.443  -19.723 0.5000000000
119126  -28.451  -54.327  -20.846 0.5000000000
16188  -29.506  -54.082  -21.916 0.5000000000
15481  -30.188  -54.555  -22.651 0.4000000060
16199  -31.390  -54.224  -23.775 0.4000000060
15484  -32.082  -54.880  -22.729 0.5000000000
15473  -32.410  -54.522  -21.772 0.5000000000
16189  -33.091  -53.881  -22.595 0.5000000000
17647  -34.434  -51.503  -20.252 0.4000000060
16929  -34.110  -52.170  -20.729 0.4000000060
18382  -33.512  -50.441  -17.713 0.5000000000
18371  -33.268  -50.294  -16.555 0.5000000000
19156  -33.706  -49.742  -16.002 0.5000000000
105219  -37.158  -50.935  -15.586 0.5000000000
117523  -37.313  -51.670  -15.899 0.5000000000
117940  -35.770  -50.619  -14.525 0.6000000238
17600  -36.786  -51.625  -15.235 0.5000000000
15487  -32.128  -54.273  -23.656 0.4000000060
16201  -32.961  -53.533  -24.081 0.5000000000
16183  -34.168  -53.196  -22.872 0.5000000000
16940  -34.894  -52.527  -22.324 0.5000000000
18410  -34.633  -50.884  -19.768 0.4000000060
19167  -33.696  -49.648  -16.935 0.5000000000
102587  -36.802  -50.057  -15.177 0.5000000000
17611  -37.855  -51.211  -16.455 0.3000000119
19168  -34.149  -49.049  -17.332 0.5000000000
19920  -34.839  -48.991  -15.333 0.5000000000
19139  -36.008  -49.948  -14.718 0.5000000000
108414  -34.556  -52.662  -24.174 0.4000000060
16948  -35.467  -52.539  -23.970 0.4000000060
18411  -35.429  -50.647  -20.604 0.4000000060
17648  -35.454  -51.322  -21.274 0.4000000060
18397  -34.663  -50.191  -19.268 0.4000000060
19198  -35.381  -49.733  -20.079 0.4000000060
19183  -34.541  -49.333  -18.608 0.5000000000
19158  -37.676  -49.436  -16.235 0.4000000060
18363  -37.483  -50.217  -15.998 0.4000000060
19157  -34.233  -49.009  -16.165 0.5000000000
19150  -37.033  -49.350  -15.524 0.5000000000
106941  -34.534  -48.302  -16.709 0.5000000000
19921  -35.621  -48.579  -15.432 0.5000000000
19148  -35.412  -49.348  -14.924 0.5000000000
19951  -34.952  -48.657  -19.130 0.4000000060
19923  -37.184  -48.807  -15.853 0.4000000060
19922  -36.480  -48.619  -15.535 0.5000000000
19937  -34.463  -48.371  -17.826 0.5000000000
19929  -35.468  -47.883  -16.066 0.5000000000
19930  -36.917  -48.143  -16.010 0.4000000060
20719  -37.606  -47.815  -16.483 0.3000000119
20716  -35.270  -47.334  -16.564 0.5000000000
20710  -36.131  -47.942  -15.911 0.5000000000
19199  -35.724  -48.917  -20.419 0.4000000060
20718  -36.621  -47.261  -16.319 0.3000000119
21564  -37.493  -46.929  -16.720 0.3000000119
20738  -34.775  -47.656  -18.366 0.4000000060
20717  -35.858  -47.278  -16.293 0.5000000000
21584  -34.965  -46.833  -17.798 0.4000000060
20725  -34.762  -47.526  -17.175 0.5000000000
114176  -35.609  -46.847  -16.638 0.5000000000
20748  -35.611  -47.369  -20.322 0.4000000060
21570  -37.284  -46.147  -17.071 0.3000000119
21586  -38.551  -46.045  -17.770 0.3000000119
19962  -35.308  -47.966  -19.627 0.4000000060
22435  -36.095  -45.989  -16.957 0.4000000060
20739  -35.163  -46.985  -18.956 0.4000000060
21569  -35.337  -46.314  -17.452 0.4000000060
21607  -35.615  -46.696  -20.577 0.5000000000
22451  -37.050  -45.286  -17.307 0.3000000119
22452  -37.953  -45.272  -17.673 0.4000000060
23385  -38.885  -44.640  -18.617 0.4000000060
22465  -38.737  -45.358  -18.221 0.4000000060
21597  -35.398  -46.310  -19.543 0.4000000060
22449  -35.713  -45.612  -17.450 0.5000000000
23369  -36.571  -44.562  -17.632 0.4000000060
22464  -35.571  -45.071  -18.302 0.5000000000
21585  -35.271  -46.042  -18.257 0.5000000000
23368  -35.970  -44.706  -17.732 0.5000000000
23370  -36.985  -43.890  -17.889 0.4000000060
115796  -37.592  -44.079  -18.068 0.4000000060
23384  -38.287  -44.021  -18.484 0.4000000060
22466  -39.426  -45.334  -18.820 0.3000000119
100711  -35.544  -46.085  -20.367 0.5000000000
100560  -35.612  -44.596  -19.037 0.5000000000
25245  -37.896  -42.759  -18.971 0.4000000060
25261  -39.018  -42.614  -19.750 0.3000000119
22483  -35.508  -45.520  -20.937 0.5000000000
117477  -37.191  -42.722  -18.746 0.4000000060
24317  -37.545  -43.405  -18.446 0.4000000060
24318  -38.440  -43.393  -18.894 0.4000000060
24331  -39.205  -43.451  -19.418 0.4000000060
23403  -39.835  -43.951  -19.994 0.3000000119
23382  -35.923  -44.254  -18.417 0.5000000000
23383  -36.458  -44.015  -18.072 0.5000000000
23394  -35.505  -44.668  -19.993 0.5000000000
25259  -37.539  -42.188  -19.230 0.4000000060
25271  -38.699  -41.887  -20.059 0.4000000060
23412  -35.238  -44.375  -21.984 0.5000000000
24339  -39.594  -43.123  -20.160 0.3000000119
23402  -35.422  -44.601  -21.025 0.5000000000
24329  -35.842  -43.244  -19.849 0.5000000000
25258  -36.430  -42.662  -19.336 0.5000000000
24315  -36.312  -43.429  -18.791 0.5000000000
107470  -35.767  -43.968  -19.309 0.5000000000
26079  -38.334  -41.171  -20.301 0.4000000060
103819  -34.992  -44.183  -22.943 0.5000000000
26076  -35.992  -41.881  -20.705 0.5000000000
26080  -39.111  -41.401  -20.823 0.3000000119
25272  -39.368  -42.324  -20.472 0.3000000119
24346  -35.211  -43.476  -21.818 0.5000000000
25278  -35.344  -42.513  -21.683 0.5000000000
25269  -35.612  -42.839  -20.813 0.5000000000
14077  -35.315  -56.125  -15.732 0.6000000238
14109  -35.990  -56.902  -17.819 0.5000000000
14726  -31.623  -55.126  -14.059 0.6000000238
16151  -31.076  -53.299  -18.933 0.6999999881
108403  -35.247  -53.177  -14.600 0.6000000238
16881  -36.415  -52.404  -15.019 0.6000000238
17619  -31.874  -51.908  -17.090 0.6999999881
17621  -33.073  -51.046  -17.909 0.5000000000
17588  -33.483  -51.415  -14.646 0.6000000238
16182  -32.978  -53.620  -21.502 0.5000000000
101973  -32.467  -52.106  -18.969 0.4000000060
19138  -35.222  -50.089  -14.662 0.5000000000
18362  -36.481  -50.779  -14.862 0.5000000000
19182  -34.094  -49.888  -18.081 0.5000000000
17658  -35.392  -51.934  -21.855 0.4000000060
21563  -36.621  -46.422  -16.728 0.4000000060
23371  -38.153  -44.651  -18.087 0.4000000060
23386  -39.537  -44.463  -19.274 0.3000000119
24338  -35.442  -43.731  -20.930 0.5000000000
120529  -36.046  -42.487  -20.064 0.5000000000
8359  -32.059  -65.341  -19.314 0.5000000000
8381  -33.662  -65.656  -21.349 0.5000000000
8371  -32.757  -65.716  -20.370 0.5000000000
105885  -34.641  -64.060  -22.601 0.5000000000
8971  -34.580  -64.758  -21.759 0.5000000000
8970  -34.133  -65.253  -21.714 0.4000000060
8938  -32.156  -64.638  -18.495 0.5000000000
8947  -33.294  -64.207  -19.811 0.6000000238
8939  -32.788  -64.161  -18.918 0.6000000238
8959  -34.215  -64.458  -21.757 0.5000000000
9509  -33.770  -63.954  -20.722 0.5000000000
9538  -34.560  -63.993  -25.546 0.4000000060
9448  -31.156  -63.080  -15.265 0.6999999881
10035  -31.752  -62.997  -15.854 0.6999999881
10049  -32.715  -62.837  -17.612 0.6999999881
9495  -33.070  -63.446  -18.962 0.5000000000
10060  -33.011  -62.936  -18.341 0.6999999881
9531  -34.313  -63.548  -22.882 0.5000000000
10074  -33.929  -62.844  -21.612 0.5000000000
10073  -33.733  -63.045  -20.649 0.5000000000
10636  -34.568  -62.530  -23.819 0.5000000000
10078  -34.361  -63.639  -24.359 0.5000000000
104306  -29.335  -61.384  -16.028 0.5000000000
10020  -29.589  -62.292  -15.424 0.6999999881
10594  -30.231  -61.673  -14.120 0.6999999881
10021  -30.132  -62.755  -15.086 0.6999999881
10009  -31.092  -62.485  -14.707 0.6999999881
9471  -31.780  -63.472  -16.454 0.6000000238
10050  -33.184  -62.195  -18.119 0.6999999881
10618  -32.868  -61.928  -17.336 0.6000000238
10631  -34.009  -61.863  -21.453 0.5000000000
10630  -33.801  -62.182  -20.539 0.6000000238
10627  -33.695  -61.784  -19.608 0.6000000238
10076  -34.150  -62.697  -22.707 0.5000000000
11260  -35.111  -61.275  -24.748 0.5000000000
115307  -29.242  -60.608  -15.231 0.5000000000
10593  -29.767  -61.479  -14.281 0.6999999881
10022  -31.706  -62.404  -15.203 0.6999999881
10605  -31.552  -61.776  -14.580 0.6999999881
10584  -30.585  -61.125  -13.712 0.6999999881
10036  -32.341  -62.659  -16.694 0.8000000119
104668  -32.559  -61.416  -15.917 0.6999999881
10624  -33.544  -61.560  -18.681 0.6000000238
10619  -33.369  -61.362  -17.822 0.6999999881
10628  -34.051  -61.297  -20.356 0.6999999881
11235  -34.036  -60.853  -19.265 0.6000000238
11259  -34.652  -61.402  -23.562 0.6000000238
11243  -34.289  -60.773  -21.396 0.6000000238
11253  -34.450  -60.190  -23.473 0.6000000238
11211  -28.282  -59.812  -16.610 0.5000000000
11867  -28.405  -59.176  -16.119 0.6000000238
11203  -28.876  -59.823  -15.681 0.5000000000
102781  -29.264  -60.049  -14.656 0.6000000238
11191  -29.659  -60.283  -13.861 0.6000000238
11192  -30.336  -60.348  -13.533 0.6999999881
11199  -31.920  -60.287  -13.915 0.6999999881
11836  -30.852  -59.482  -13.408 0.6000000238
10606  -32.190  -61.609  -15.248 0.6999999881
11869  -32.707  -60.092  -14.685 0.6999999881
10612  -33.106  -61.100  -17.067 0.6999999881
11236  -34.449  -60.423  -20.151 0.6999999881
11920  -34.436  -59.963  -22.280 0.6999999881
111334  -34.729  -59.850  -20.961 0.6999999881
12594  -29.253  -58.598  -14.897 0.6000000238
11853  -29.499  -59.329  -14.220 0.6000000238
11835  -30.093  -59.564  -13.587 0.6000000238
11205  -33.182  -60.247  -15.792 0.8000000119
11855  -33.037  -59.137  -14.249 0.5000000000
108057  -31.452  -58.866  -13.386 0.6000000238
11221  -33.582  -60.567  -17.481 0.6999999881
100076  -33.683  -59.644  -16.279 0.6999999881
11905  -34.752  -59.459  -18.957 0.6999999881
11896  -34.536  -59.419  -18.154 0.6999999881
11921  -35.056  -59.336  -21.735 0.5000000000
11914  -35.217  -59.099  -20.483 0.6999999881
12648  -35.682  -58.508  -21.089 0.5000000000
11883  -27.164  -59.106  -17.095 0.5000000000
12607  -27.926  -58.555  -16.609 0.5000000000
110404  -28.441  -57.960  -16.161 0.6000000238
12593  -28.663  -58.537  -15.727 0.6000000238
13344  -29.117  -57.856  -15.485 0.6000000238
13326  -29.738  -57.959  -14.663 0.6000000238
14075  -29.674  -57.117  -15.774 0.6000000238
12574  -30.284  -58.036  -13.850 0.6000000238
13327  -30.256  -57.292  -14.427 0.6000000238
12576  -33.836  -58.000  -14.567 0.6000000238
13317  -32.836  -57.612  -13.599 0.5000000000
13314  -30.720  -57.219  -13.678 0.5000000000
12609  -34.509  -58.245  -16.238 0.6000000238
12596  -34.210  -58.138  -15.281 0.6000000238
12632  -35.049  -58.694  -18.525 0.6000000238
12622  -34.766  -58.237  -17.107 0.6000000238
13393  -35.875  -57.886  -19.263 0.5000000000
12606  -27.172  -58.138  -17.185 0.5000000000
13359  -27.939  -57.601  -16.775 0.6000000238
13360  -28.798  -57.331  -16.351 0.6000000238
13316  -32.085  -57.566  -13.340 0.5000000000
14043  -31.168  -56.530  -13.583 0.5000000000
13329  -34.208  -57.422  -14.811 0.4000000060
13328  -33.555  -57.465  -14.131 0.5000000000
14059  -32.596  -56.220  -13.728 0.5000000000
117559  -35.167  -57.692  -17.343 0.6000000238
12621  -26.604  -58.617  -17.307 0.5000000000
13371  -27.318  -56.960  -17.406 0.6000000238
14105  -27.729  -56.449  -17.740 0.6000000238
13372  -28.242  -56.907  -17.092 0.6000000238
112236  -34.075  -55.926  -14.526 0.5000000000
14728  -33.238  -55.385  -14.212 0.4000000060
12620  -25.977  -58.437  -17.509 0.5000000000
13370  -26.336  -57.591  -17.770 0.5000000000
14104  -26.835  -56.595  -18.109 0.6000000238
14106  -28.784  -56.471  -17.547 0.6000000238
107176  -24.817  -57.709  -18.233 0.5000000000
13369  -25.401  -57.643  -18.320 0.5000000000
13383  -25.843  -57.152  -18.929 0.6000000238
14118  -27.448  -56.334  -18.607 0.6000000238
13368  -24.248  -57.559  -18.010 0.5000000000
13382  -24.856  -57.495  -18.942 0.5000000000
13391  -25.116  -57.281  -19.351 0.5000000000
13392  -25.720  -56.678  -19.791 0.6000000238
14117  -26.594  -56.553  -19.354 0.6000000238
13381  -24.460  -57.394  -18.824 0.5000000000
14126  -24.978  -57.042  -19.734 0.5000000000
13380  -23.820  -57.105  -18.498 0.5000000000
14127  -26.701  -56.270  -20.366 0.5000000000
14790  -24.830  -56.481  -19.537 0.5000000000
14791  -25.520  -56.460  -19.900 0.5000000000
14116  -23.571  -56.408  -18.497 0.5000000000
101600  -24.033  -55.981  -18.741 0.5000000000
14792  -26.275  -56.241  -20.290 0.4000000060
15441  -23.518  -54.743  -18.489 0.5000000000
15442  -24.606  -54.990  -18.740 0.5000000000
115403  -25.443  -54.728  -19.155 0.4000000060
103400  -25.865  -55.789  -20.081 0.4000000060
16149  -24.748  -53.695  -18.892 0.4000000060
105335  -25.714  -53.550  -18.952 0.4000000060
13346  -34.653  -57.485  -15.734 0.6000000238
13373  -35.566  -57.490  -17.906 0.5000000000
13402  -36.147  -57.940  -20.100 0.4000000060
13315  -31.339  -57.315  -13.380 0.6000000238
15457  -26.282  -54.591  -19.468 0.4000000060
16167  -26.650  -53.456  -19.198 0.4000000060
10023  -32.242  -62.120  -15.918 0.6999999881
11228  -34.311  -60.112  -18.599 0.6999999881
11222  -34.100  -60.041  -17.830 0.6999999881
119947  -32.330  -58.597  -13.499 0.6000000238
12551  -30.768  -58.603  -13.437 0.6000000238
11913  -34.840  -59.627  -19.859 0.6999999881
11870  -33.421  -59.466  -15.250 0.6999999881
117471  -34.287  -59.434  -17.501 0.6999999881
107941  -35.473  -58.334  -19.126 0.6000000238
12642  -35.624  -58.422  -19.886 0.6000000238
8372  -33.262  -65.035  -20.328 0.5000000000
8389  -34.042  -66.175  -21.799 0.4000000060
8946  -32.703  -64.811  -19.488 0.6000000238
8958  -33.736  -64.805  -21.002 0.5000000000
9460  -29.805  -63.045  -15.814 0.6999999881
9461  -30.532  -63.256  -15.498 0.6999999881
9470  -31.098  -63.715  -15.985 0.6999999881
9482  -32.164  -63.571  -17.163 0.6000000238
9494  -32.597  -63.743  -18.090 0.5000000000
9522  -34.027  -63.724  -21.748 0.5000000000
10007  -29.870  -62.100  -14.654 0.6999999881
10008  -30.505  -62.335  -14.589 0.6999999881
10061  -33.330  -62.490  -19.044 0.5000000000
10068  -33.397  -63.225  -19.808 0.5000000000
10583  -29.914  -61.053  -13.779 0.6999999881
10585  -31.345  -61.103  -13.957 0.6999999881
10595  -30.886  -61.817  -14.180 0.6999999881
10596  -32.084  -60.974  -14.579 0.6999999881
10604  -29.442  -61.490  -14.974 0.6999999881
10611  -32.670  -61.654  -16.574 0.8000000119
10633  -34.258  -61.563  -22.479 0.6000000238
11193  -31.133  -60.356  -13.512 0.6999999881
11198  -29.509  -60.896  -14.308 0.6999999881
11204  -32.638  -60.873  -15.429 0.6999999881
11213  -32.935  -60.922  -16.292 0.6999999881
11214  -33.389  -60.384  -16.704 0.6999999881
11227  -33.809  -60.746  -18.273 0.6999999881
11252  -34.359  -60.617  -22.619 0.6000000238
11837  -31.698  -59.519  -13.499 0.6999999881
11854  -32.370  -59.535  -13.878 0.6000000238
11868  -28.964  -59.237  -15.169 0.6000000238
11884  -34.270  -59.029  -16.817 0.6999999881
11895  -33.852  -59.844  -17.117 0.6999999881
11929  -34.724  -59.491  -23.148 0.6000000238
12550  -30.076  -58.856  -13.696 0.6000000238
12552  -31.483  -58.129  -13.340 0.6000000238
12573  -29.733  -58.567  -14.224 0.6000000238
12575  -33.263  -58.256  -14.026 0.5000000000
12595  -33.661  -58.659  -14.836 0.6000000238
12608  -33.995  -58.883  -15.806 0.6000000238
12623  -35.138  -58.138  -17.850 0.6000000238
12633  -35.516  -57.933  -18.563 0.5000000000
12641  -35.187  -58.915  -19.448 0.6000000238
13345  -29.848  -57.395  -15.119 0.6000000238
13362  -35.503  -57.094  -17.107 0.6000000238
13384  -36.033  -57.301  -18.622 0.5000000000
13390  -24.759  -57.265  -19.339 0.5000000000
13394  -36.368  -57.420  -19.422 0.4000000060
14044  -31.896  -56.740  -13.421 0.6000000238
14045  -32.506  -56.994  -13.499 0.5000000000
14058  -30.641  -56.502  -14.120 0.6000000238
14060  -33.148  -56.846  -13.792 0.5000000000
14061  -33.876  -56.728  -14.367 0.5000000000
14090  -29.055  -56.806  -16.947 0.6999999881
14091  -29.585  -56.713  -16.511 0.6999999881
14093  -35.142  -56.896  -16.167 0.6000000238
14108  -30.012  -56.256  -16.731 0.6999999881
14110  -36.391  -56.280  -17.615 0.5000000000
14121  -36.471  -56.633  -18.358 0.4000000060
14128  -27.427  -56.352  -19.943 0.6000000238
14143  -29.316  -56.107  -20.565 0.6000000238
14144  -29.915  -56.137  -21.049 0.5000000000
14152  -29.512  -56.071  -21.141 0.6000000238
14725  -30.978  -55.667  -13.991 0.5000000000
14742  -34.832  -55.679  -15.050 0.6000000238
14744  -35.983  -55.069  -15.817 0.6000000238
14757  -35.870  -55.693  -16.132 0.5000000000
14758  -36.420  -55.117  -16.491 0.5000000000
14770  -29.937  -56.023  -17.997 0.6999999881
14793  -29.683  -55.886  -19.833 0.6000000238
14817  -28.942  -55.938  -21.183 0.6000000238
14822  -30.304  -55.380  -22.310 0.6000000238
15392  -34.460  -54.362  -14.619 0.6000000238
15393  -35.128  -54.308  -14.811 0.6000000238
15460  -31.243  -54.693  -20.376 0.6000000238
15483  -31.440  -54.956  -23.078 0.4000000060
16091  -31.237  -53.586  -14.715 0.6000000238
16094  -35.559  -53.843  -14.877 0.6000000238
16095  -36.030  -53.194  -14.905 0.6000000238
16105  -30.726  -53.757  -15.380 0.6000000238
16120  -30.511  -54.052  -16.291 0.6000000238
16122  -37.047  -53.604  -16.261 0.4000000060
16194  -32.764  -54.130  -23.221 0.5000000000
16195  -33.629  -53.409  -23.657 0.5000000000
16868  -31.777  -52.907  -14.748 0.6999999881
16870  -33.034  -52.267  -14.504 0.6000000238
16872  -34.739  -52.532  -14.347 0.6000000238
16882  -37.059  -52.347  -15.717 0.5000000000
16902  -31.425  -52.492  -17.482 0.6999999881
16927  -31.840  -52.723  -19.330 0.6000000238
16961  -33.735  -52.923  -24.243 0.4000000060
17589  -34.326  -51.322  -14.393 0.6000000238
17590  -34.983  -51.756  -14.244 0.6000000238
17620  -32.490  -51.458  -17.526 0.6000000238
17635  -32.852  -51.543  -18.452 0.4000000060
18353  -34.143  -50.761  -14.638 0.6000000238
18361  -34.133  -50.253  -14.894 0.6000000238
18396  -34.141  -50.530  -18.712 0.5000000000
19147  -34.605  -49.714  -14.958 0.5000000000
19149  -36.234  -49.213  -15.026 0.5000000000
19928  -34.915  -48.362  -15.903 0.5000000000
19931  -37.700  -48.661  -16.338 0.4000000060
20720  -38.442  -47.648  -17.184 0.3000000119
21561  -35.175  -46.822  -17.049 0.5000000000
21562  -36.060  -46.640  -16.559 0.4000000060
21571  -38.164  -46.603  -17.286 0.3000000119
22434  -35.668  -46.333  -16.925 0.5000000000
22436  -36.580  -45.811  -17.086 0.3000000119
22450  -36.225  -45.275  -17.336 0.4000000060
24316  -36.863  -43.311  -18.350 0.5000000000
24319  -38.935  -43.980  -18.906 0.4000000060
24330  -38.596  -42.878  -19.281 0.3000000119
25260  -38.288  -42.286  -19.450 0.4000000060
26068  -37.948  -41.641  -19.695 0.4000000060
100677  -37.823  -45.868  -17.389 0.4000000060
100842  -29.028  -56.106  -19.280 0.6000000238
104160  -34.250  -49.458  -15.521 0.5000000000
104585  -37.317  -44.553  -17.675 0.4000000060
105928  -24.340  -57.015  -19.241 0.5000000000
106104  -32.452  -54.606  -22.417 0.5000000000
106481  -34.497  -60.092  -19.327 0.6999999881
108608  -34.673  -58.818  -17.652 0.6000000238
109205  -32.510  -52.947  -14.513 0.6000000238
109489  -35.445  -45.226  -22.088 0.5000000000
110840  -34.944  -47.841  -16.424 0.5000000000
112123  -31.051  -54.885  -14.290 0.6000000238
112234  -23.118  -55.586  -18.399 0.5000000000
113988  -33.248  -53.019  -14.391 0.6000000238
114040  -33.397  -56.195  -14.092 0.5000000000
115410  -30.431  -54.287  -17.104 0.6000000238
115571  -30.879  -57.834  -13.456 0.6000000238
116049  -37.504  -53.368  -16.651 0.4000000060
116104  -34.362  -63.550  -25.566 0.5000000000
116568  -25.284  -55.853  -19.657 0.5000000000
116636  -30.707  -62.859  -14.975 0.6999999881
116888  -33.554  -62.494  -19.895 0.6000000238
117207  -36.781  -42.822  -18.788 0.5000000000
117269  -35.471  -45.378  -19.533 0.5000000000
118329  -35.386  -45.655  -18.861 0.5000000000
118665  -35.548  -44.007  -20.210 0.5000000000
119675  -29.317  -60.980  -15.660 0.5000000000
120038  -30.452  -59.116  -13.499 0.6000000238
120283  -30.074  -55.808  -20.247 0.6000000238
