#!ascii label  , from subject sub-v1s20x0050371_ses-1 vox2ras=TkReg
2009
138155  -9.491  -85.838  -27.303 0.5000000000
3106  -10.359  -87.596  -22.290 0.5000000000
3107  -10.900  -87.112  -22.058 0.5000000000
2664  -11.128  -87.979  -20.769 0.5000000000
4842  -8.403  -84.122  -29.305 0.5000000000
4041  -8.801  -84.699  -28.573 0.5000000000
4843  -9.355  -83.738  -28.882 0.5000000000
4452  -9.657  -85.048  -27.768 0.5000000000
4468  -10.467  -83.809  -28.343 0.6000000238
3574  -10.246  -85.918  -26.609 0.5000000000
2642  -12.172  -88.806  -19.852 0.5000000000
3127  -10.195  -87.045  -24.036 0.5000000000
2643  -12.721  -88.559  -19.965 0.5000000000
3540  -10.879  -86.635  -23.731 0.6000000238
3086  -11.916  -87.590  -20.475 0.6000000238
139236  -11.661  -86.222  -23.495 0.6000000238
3520  -11.647  -86.662  -21.712 0.6000000238
3080  -13.070  -87.997  -20.303 0.6999999881
3991  -12.453  -85.701  -23.287 0.6999999881
3097  -12.158  -86.880  -20.888 0.6999999881
3983  -12.806  -85.642  -21.942 0.6999999881
3975  -13.335  -85.832  -20.900 0.6999999881
3507  -13.421  -86.510  -20.639 0.6999999881
4856  -9.325  -82.986  -29.515 0.5000000000
4857  -10.214  -83.042  -28.957 0.6000000238
5191  -9.867  -82.246  -29.744 0.6000000238
5192  -10.873  -81.622  -29.782 0.6000000238
3567  -10.973  -85.894  -25.987 0.5000000000
133297  -13.424  -88.461  -20.538 0.5000000000
2239  -13.465  -89.275  -21.788 0.5000000000
2685  -14.468  -88.221  -23.117 0.6999999881
142415  -13.799  -88.050  -20.918 0.6999999881
2675  -14.261  -88.129  -22.229 0.6999999881
3548  -10.608  -86.683  -24.516 0.6000000238
4007  -11.739  -85.589  -25.671 0.6999999881
3098  -14.578  -87.070  -20.934 0.6999999881
4000  -12.396  -85.432  -24.565 0.6999999881
4001  -12.872  -85.197  -23.963 0.6999999881
3522  -14.996  -86.320  -20.695 0.6999999881
4411  -13.506  -84.717  -23.571 0.6999999881
3984  -13.654  -85.141  -21.606 0.6999999881
3969  -14.002  -85.958  -20.600 0.6999999881
3976  -15.913  -85.239  -20.875 0.6999999881
4403  -13.985  -84.667  -22.544 0.6999999881
4404  -14.747  -84.200  -22.416 0.6999999881
4396  -15.020  -84.733  -20.905 0.6999999881
4777  -15.929  -83.526  -22.024 0.6999999881
5190  -8.639  -82.554  -30.308 0.5000000000
5573  -9.324  -81.215  -31.454 0.6000000238
6042  -10.482  -80.399  -32.636 0.6000000238
120001  -10.376  -81.334  -30.702 0.6000000238
6032  -11.182  -80.738  -31.585 0.6000000238
4844  -11.126  -83.176  -28.472 0.6000000238
5574  -11.184  -81.117  -30.643 0.6000000238
4469  -11.343  -83.889  -27.962 0.6000000238
2686  -14.946  -88.069  -23.677 0.6999999881
4017  -11.599  -85.325  -26.323 0.6999999881
3118  -14.968  -87.766  -22.774 0.6999999881
3137  -15.505  -87.493  -25.459 0.6999999881
125499  -15.928  -86.930  -25.809 0.6999999881
4455  -12.208  -84.063  -27.217 0.6999999881
3119  -15.527  -87.477  -23.402 0.6999999881
3568  -16.015  -86.593  -26.474 0.6999999881
4018  -12.222  -85.202  -26.005 0.6999999881
4441  -12.721  -84.179  -26.238 0.6999999881
3109  -15.592  -87.143  -22.335 0.6999999881
3541  -15.965  -86.958  -23.126 0.6999999881
3560  -16.125  -86.920  -24.931 0.6999999881
3561  -16.481  -86.284  -25.762 0.6999999881
4009  -12.789  -85.000  -24.847 0.6999999881
4430  -13.012  -83.896  -25.579 0.6999999881
126979  -15.860  -86.524  -21.671 0.6999999881
3552  -16.691  -86.135  -24.811 0.6999999881
4412  -14.159  -84.173  -23.342 0.6999999881
3977  -16.605  -85.064  -21.595 0.6999999881
3533  -16.184  -86.504  -22.454 0.6999999881
4786  -14.845  -83.626  -23.102 0.6999999881
4398  -16.323  -84.419  -21.355 0.6999999881
3986  -17.153  -84.801  -22.356 0.6999999881
4787  -15.490  -83.075  -22.718 0.6999999881
3978  -16.848  -84.414  -21.759 0.6999999881
5116  -16.329  -82.661  -22.430 0.6999999881
5581  -8.511  -80.741  -31.929 0.5000000000
5582  -9.357  -80.455  -32.558 0.6000000238
6051  -9.984  -80.011  -33.186 0.6000000238
6588  -9.626  -79.723  -32.942 0.5000000000
6603  -11.705  -79.184  -34.100 0.6000000238
6565  -8.069  -80.021  -31.093 0.5000000000
6040  -8.377  -80.332  -31.924 0.5000000000
6052  -11.122  -80.018  -33.246 0.6000000238
7107  -12.916  -78.521  -34.685 0.6000000238
6053  -12.158  -80.057  -33.169 0.6000000238
6060  -12.204  -79.522  -34.144 0.6000000238
5552  -11.732  -81.859  -29.031 0.6000000238
4845  -11.859  -83.279  -28.057 0.6999999881
5563  -11.947  -81.284  -29.799 0.6999999881
126335  -12.425  -83.335  -27.506 0.6999999881
137310  -12.259  -82.082  -28.536 0.6999999881
3576  -16.062  -86.126  -27.225 0.6999999881
4832  -12.969  -82.972  -26.967 0.6999999881
5170  -12.889  -82.439  -27.610 0.6999999881
4019  -17.026  -85.725  -26.220 0.6999999881
121238  -17.215  -85.527  -27.908 0.6999999881
137617  -13.350  -82.209  -27.142 0.6999999881
4010  -17.073  -85.697  -25.397 0.6999999881
4028  -16.953  -85.655  -27.127 0.6999999881
4058  -16.461  -85.527  -29.242 0.6999999881
5142  -14.496  -82.167  -24.924 0.6000000238
4002  -17.223  -85.527  -24.548 0.6999999881
4012  -18.098  -85.234  -26.079 0.6999999881
130132  -17.904  -85.414  -27.436 0.6999999881
4044  -17.891  -85.498  -28.488 0.6999999881
4059  -17.362  -85.509  -29.308 0.6999999881
5133  -14.485  -82.611  -24.288 0.6999999881
3994  -17.368  -85.148  -23.478 0.6999999881
4423  -18.643  -84.440  -24.292 0.6000000238
4442  -18.763  -85.081  -25.998 0.6999999881
4020  -18.358  -85.310  -26.680 0.6999999881
5124  -16.297  -81.997  -22.964 0.6000000238
4771  -16.566  -83.872  -21.689 0.6999999881
123284  -17.852  -83.127  -22.081 0.6999999881
4413  -17.794  -84.371  -22.868 0.6999999881
4414  -18.558  -84.058  -23.243 0.6000000238
4432  -19.118  -84.659  -25.234 0.6000000238
5481  -16.923  -81.912  -22.515 0.6000000238
5117  -17.270  -82.613  -22.090 0.6000000238
4407  -18.262  -83.641  -22.500 0.6000000238
4415  -19.317  -83.751  -23.649 0.5000000000
4424  -19.581  -84.161  -24.526 0.5000000000
4425  -20.402  -84.071  -24.791 0.5000000000
5483  -18.597  -81.777  -22.390 0.6000000238
5484  -19.346  -81.989  -22.629 0.5000000000
4781  -19.318  -82.870  -22.564 0.5000000000
7092  -10.878  -79.358  -33.356 0.6000000238
123413  -10.599  -78.700  -32.029 0.6000000238
125064  -13.315  -77.829  -34.054 0.5000000000
8051  -13.638  -76.459  -32.367 0.6999999881
7063  -9.304  -79.269  -32.136 0.5000000000
7064  -10.050  -78.704  -31.499 0.6000000238
7066  -12.147  -78.441  -31.335 0.6000000238
132700  -8.868  -79.292  -29.323 0.6000000238
7052  -9.278  -78.897  -30.975 0.6000000238
7576  -13.677  -77.975  -34.445 0.4000000060
7053  -10.301  -78.658  -30.254 0.6000000238
6605  -13.551  -78.839  -34.545 0.5000000000
6055  -13.697  -79.737  -33.123 0.6000000238
140671  -13.653  -80.408  -31.654 0.6000000238
5553  -12.672  -81.564  -29.018 0.6999999881
5576  -13.364  -80.685  -30.872 0.6000000238
5542  -14.058  -81.324  -28.592 0.6999999881
5156  -14.331  -81.920  -26.264 0.6000000238
5543  -14.587  -81.352  -27.874 0.6000000238
5134  -15.119  -82.027  -24.165 0.6000000238
4443  -19.745  -84.930  -25.984 0.6000000238
4031  -19.382  -85.399  -27.467 0.6000000238
4045  -18.702  -85.479  -27.953 0.6999999881
4060  -18.295  -85.568  -29.430 0.6999999881
127609  -17.749  -85.494  -30.103 0.6999999881
5488  -15.978  -81.747  -23.706 0.6000000238
4433  -20.556  -84.524  -25.518 0.6000000238
4077  -17.189  -85.169  -30.668 0.6999999881
125244  -18.107  -81.130  -23.788 0.6000000238
4798  -20.039  -83.477  -24.168 0.4000000060
4809  -21.134  -83.990  -25.083 0.4000000060
4444  -20.650  -84.852  -26.400 0.5000000000
130429  -20.689  -85.058  -27.181 0.6000000238
139766  -19.623  -85.477  -28.991 0.6000000238
4078  -18.064  -85.294  -30.881 0.6000000238
5491  -19.062  -81.364  -23.305 0.5000000000
5493  -20.518  -81.801  -24.048 0.5000000000
5126  -20.084  -82.489  -23.646 0.5000000000
4790  -20.468  -82.955  -24.093 0.5000000000
4445  -21.429  -84.637  -26.987 0.4000000060
4456  -21.019  -85.023  -27.891 0.6000000238
8050  -13.202  -76.285  -31.464 0.6000000238
7565  -13.308  -77.588  -32.580 0.6000000238
9243  -13.005  -75.242  -31.899 0.6000000238
7055  -12.281  -78.473  -30.161 0.6000000238
7067  -12.906  -78.181  -30.684 0.5000000000
8039  -13.088  -76.354  -30.473 0.6000000238
8032  -13.634  -76.973  -29.548 0.6000000238
8625  -14.123  -76.257  -32.752 0.6000000238
7046  -10.492  -78.809  -28.991 0.6999999881
7048  -13.330  -78.218  -28.833 0.6000000238
7534  -13.791  -77.531  -28.605 0.6000000238
141771  -14.569  -77.825  -33.951 0.5000000000
8059  -14.642  -76.638  -33.240 0.6000000238
6537  -10.070  -79.051  -28.107 0.6000000238
7038  -12.929  -78.508  -28.143 0.6999999881
6592  -14.104  -79.237  -33.661 0.5000000000
121896  -11.629  -78.608  -27.125 0.6999999881
6579  -14.616  -79.602  -32.461 0.6000000238
7029  -11.732  -78.523  -26.103 0.6000000238
6022  -13.996  -80.827  -30.059 0.6000000238
6033  -14.423  -80.441  -31.016 0.6000000238
6023  -14.973  -80.666  -30.086 0.6000000238
132952  -14.786  -81.081  -28.718 0.6000000238
5532  -15.744  -81.450  -26.750 0.6000000238
124652  -16.653  -81.408  -26.399 0.6000000238
137884  -18.784  -80.033  -25.800 0.6000000238
5504  -16.624  -81.370  -24.324 0.6000000238
6525  -19.294  -79.715  -25.170 0.6000000238
129028  -18.555  -81.005  -24.753 0.6000000238
4047  -20.403  -85.272  -28.692 0.6000000238
4062  -20.015  -85.319  -29.603 0.6000000238
4080  -19.489  -85.283  -30.340 0.6000000238
5506  -19.683  -81.109  -24.210 0.5000000000
5507  -21.188  -81.286  -24.422 0.5000000000
5135  -21.028  -82.374  -24.352 0.5000000000
4496  -19.497  -84.423  -32.091 0.6000000238
4833  -22.199  -84.096  -27.279 0.4000000060
4470  -21.287  -84.782  -28.764 0.6000000238
4479  -20.808  -84.907  -29.565 0.6000000238
8606  -11.043  -75.099  -30.704 0.6000000238
8605  -10.172  -74.686  -30.135 0.5000000000
9887  -10.645  -73.911  -30.467 0.6000000238
9868  -10.996  -72.968  -29.914 0.5000000000
8596  -9.978  -74.769  -29.412 0.6000000238
8614  -11.669  -74.960  -31.244 0.5000000000
9888  -11.835  -73.711  -30.539 0.5000000000
9232  -12.686  -74.608  -31.221 0.5000000000
120717  -11.797  -75.553  -29.059 0.5000000000
8598  -11.902  -75.657  -30.244 0.6000000238
8590  -12.919  -75.865  -28.359 0.5000000000
128481  -13.959  -75.335  -32.172 0.6000000238
7030  -12.553  -78.557  -26.818 0.6999999881
7526  -14.060  -77.604  -27.683 0.6000000238
7032  -14.010  -78.169  -26.350 0.6000000238
7081  -15.489  -78.626  -32.177 0.5000000000
7021  -11.456  -78.618  -25.154 0.5000000000
122458  -12.731  -78.559  -26.136 0.6999999881
6580  -15.356  -79.476  -31.682 0.5000000000
6024  -15.684  -80.354  -29.829 0.5000000000
5555  -15.412  -80.963  -28.447 0.6000000238
6001  -17.974  -80.164  -26.855 0.6000000238
5546  -17.267  -81.055  -27.039 0.5000000000
6532  -18.366  -79.713  -26.298 0.6000000238
5989  -17.900  -80.840  -26.718 0.6000000238
125060  -20.055  -79.736  -24.613 0.5000000000
4847  -22.848  -83.183  -28.353 0.5000000000
4846  -22.413  -83.480  -28.892 0.5000000000
4486  -21.055  -84.428  -30.322 0.6000000238
4485  -20.526  -84.366  -31.048 0.6000000238
9853  -9.326  -73.706  -28.909 0.6000000238
9867  -9.992  -73.316  -29.799 0.6000000238
9843  -10.246  -73.563  -27.704 0.6000000238
9869  -12.275  -72.730  -29.822 0.5000000000
142171  -10.854  -74.889  -28.050 0.6000000238
8583  -13.071  -75.551  -27.387 0.6999999881
9233  -13.983  -74.413  -31.004 0.6000000238
8007  -14.431  -76.751  -26.571 0.6000000238
8015  -13.720  -76.361  -27.805 0.6000000238
8617  -14.975  -75.501  -32.164 0.6000000238
7022  -13.417  -78.480  -25.683 0.6000000238
7511  -14.507  -77.470  -26.001 0.6000000238
7095  -15.108  -77.979  -33.246 0.5000000000
6035  -15.957  -79.906  -30.261 0.5000000000
7008  -11.360  -78.627  -23.738 0.5000000000
7014  -12.988  -78.676  -24.649 0.6000000238
6012  -16.546  -80.308  -28.569 0.5000000000
7041  -17.267  -78.544  -27.407 0.6000000238
6545  -17.015  -80.025  -28.030 0.5000000000
7024  -18.586  -78.191  -25.520 0.5000000000
6524  -18.688  -79.168  -25.625 0.5000000000
4859  -22.508  -82.843  -29.504 0.6000000238
4868  -22.119  -83.120  -30.139 0.6000000238
10473  -10.252  -72.952  -27.805 0.6000000238
10487  -11.184  -72.116  -28.494 0.5000000000
10507  -11.548  -72.145  -29.258 0.5000000000
10455  -10.888  -73.137  -27.133 0.6999999881
10508  -12.585  -71.802  -29.447 0.5000000000
8575  -12.378  -74.869  -26.824 0.6999999881
8582  -11.452  -74.460  -27.107 0.6000000238
126749  -13.538  -71.681  -29.476 0.5000000000
8576  -13.342  -75.382  -26.479 0.6000000238
133284  -13.467  -72.488  -29.642 0.5000000000
9234  -15.116  -74.507  -30.989 0.6000000238
115198  -15.042  -76.938  -25.093 0.6999999881
8618  -15.791  -75.654  -32.009 0.6000000238
115195  -14.645  -77.725  -25.149 0.6000000238
7567  -15.662  -76.675  -32.496 0.6000000238
7010  -13.814  -78.903  -22.588 0.6999999881
117262  -13.628  -78.678  -23.757 0.6999999881
7068  -15.745  -79.111  -31.294 0.5000000000
7566  -15.582  -77.588  -32.402 0.5000000000
7009  -12.329  -78.665  -23.580 0.6000000238
7057  -16.091  -78.475  -30.029 0.5000000000
6997  -12.845  -79.010  -21.981 0.5000000000
7049  -16.422  -78.483  -29.005 0.6000000238
6556  -16.215  -79.407  -29.725 0.5000000000
6487  -12.136  -79.237  -21.596 0.6000000238
6544  -16.573  -79.655  -28.844 0.5000000000
7518  -17.593  -77.978  -26.604 0.6000000238
8000  -19.600  -76.971  -25.439 0.5000000000
11060  -12.528  -71.831  -26.814 0.6999999881
11070  -11.915  -71.683  -27.633 0.5000000000
11083  -12.955  -70.776  -28.755 0.5000000000
10436  -12.440  -73.149  -25.774 0.8000000119
10457  -12.827  -72.322  -26.109 0.6999999881
11658  -12.452  -70.326  -29.704 0.5000000000
12268  -11.270  -69.815  -30.746 0.5000000000
115216  -13.621  -74.199  -24.401 0.6999999881
9829  -12.491  -73.939  -25.745 0.6999999881
9835  -11.682  -73.503  -26.393 0.8000000119
127317  -13.580  -75.232  -25.609 0.6999999881
11669  -12.430  -70.255  -30.759 0.5000000000
115197  -15.007  -76.043  -23.886 0.6999999881
8567  -14.220  -75.809  -25.395 0.6999999881
9870  -14.269  -72.981  -29.704 0.6000000238
142526  -13.426  -70.543  -30.462 0.5000000000
137676  -15.298  -78.162  -22.632 0.6000000238
133092  -15.218  -77.472  -23.888 0.6000000238
8619  -16.399  -75.699  -31.697 0.6000000238
115187  -14.716  -78.563  -22.641 0.6999999881
125909  -14.385  -78.496  -23.327 0.6999999881
7552  -16.202  -77.533  -30.701 0.6000000238
8052  -16.321  -76.156  -31.878 0.6000000238
115181  -13.611  -79.159  -21.302 0.6000000238
7544  -16.435  -77.567  -29.633 0.6000000238
7040  -16.777  -77.962  -28.093 0.6000000238
132859  -11.567  -79.114  -19.617 0.6000000238
7527  -17.342  -77.574  -27.455 0.6000000238
7528  -18.276  -77.227  -26.619 0.5000000000
10458  -13.798  -72.091  -25.827 0.6000000238
11061  -13.360  -71.616  -26.529 0.5000000000
11071  -12.862  -71.232  -27.294 0.5000000000
12255  -11.003  -69.192  -30.649 0.5000000000
115224  -13.239  -73.596  -25.041 0.8000000119
12275  -11.232  -69.112  -31.396 0.5000000000
115215  -14.128  -74.674  -23.887 0.6999999881
9871  -15.162  -73.093  -29.593 0.6000000238
118422  -8.981  -72.953  -23.501 0.6000000238
115192  -15.467  -76.731  -23.589 0.8000000119
9799  -9.659  -73.353  -22.841 0.6000000238
118703  -15.182  -78.585  -21.827 0.6999999881
115188  -15.785  -77.915  -22.146 0.8000000119
9235  -16.078  -74.707  -31.023 0.6000000238
8547  -9.550  -75.040  -22.890 0.6000000238
118857  -14.535  -79.038  -21.054 0.6000000238
8041  -16.765  -76.480  -31.245 0.6000000238
8033  -17.866  -76.322  -30.027 0.6000000238
7956  -10.557  -76.315  -20.430 0.6000000238
117445  -12.100  -78.520  -19.370 0.6000000238
118496  -13.089  -79.084  -20.243 0.6000000238
7535  -16.725  -77.568  -28.834 0.6000000238
140378  -17.984  -76.568  -29.249 0.6000000238
6976  -12.656  -79.210  -20.755 0.5000000000
8017  -19.105  -76.608  -27.549 0.5000000000
135956  -19.725  -76.326  -27.009 0.5000000000
8584  -19.823  -76.064  -27.746 0.5000000000
11062  -14.343  -71.453  -26.298 0.5000000000
11640  -14.239  -70.224  -27.436 0.5000000000
118567  -14.111  -72.519  -25.270 0.6000000238
118685  -14.817  -72.035  -25.601 0.5000000000
115218  -13.893  -73.815  -23.607 0.8000000119
115220  -14.465  -72.823  -23.961 0.6999999881
115210  -14.275  -74.368  -23.233 0.8000000119
115200  -15.315  -75.989  -23.064 0.8000000119
11094  -14.398  -71.455  -29.663 0.6000000238
12276  -12.092  -69.246  -31.548 0.5000000000
11024  -8.984  -71.439  -22.550 0.6000000238
126222  -15.734  -76.077  -22.201 0.8000000119
11671  -14.929  -70.203  -31.086 0.5000000000
10413  -10.143  -73.048  -21.999 0.6999999881
10412  -9.516  -72.449  -22.709 0.6000000238
119810  -15.778  -78.319  -20.550 0.8000000119
127486  -16.848  -74.823  -30.913 0.6000000238
9872  -16.191  -73.382  -29.535 0.6000000238
11109  -15.371  -71.059  -30.102 0.6000000238
9164  -10.560  -74.546  -21.539 0.6000000238
8608  -17.579  -75.646  -30.719 0.6000000238
8620  -16.990  -75.402  -31.181 0.6000000238
123173  -17.034  -73.204  -29.221 0.6000000238
7967  -10.398  -75.860  -21.322 0.6000000238
117347  -13.295  -78.820  -19.551 0.6000000238
118690  -14.683  -78.963  -20.100 0.5000000000
8043  -18.110  -75.861  -30.158 0.6000000238
117863  -12.081  -77.676  -19.088 0.6000000238
8026  -19.379  -76.198  -28.341 0.6000000238
8035  -19.183  -75.948  -28.994 0.6000000238
8591  -19.711  -75.657  -28.386 0.5000000000
9216  -20.652  -74.656  -27.550 0.5000000000
8585  -20.287  -75.797  -26.956 0.5000000000
9209  -21.205  -74.069  -27.203 0.5000000000
134105  -15.436  -72.256  -25.119 0.6000000238
115211  -14.383  -73.318  -23.400 0.6999999881
10998  -9.547  -70.942  -19.366 0.6000000238
11019  -9.127  -71.007  -21.512 0.6000000238
115204  -15.079  -75.216  -22.438 0.8000000119
11682  -14.326  -69.343  -31.673 0.5000000000
11020  -9.937  -71.600  -20.841 0.6000000238
143122  -15.855  -75.790  -21.383 0.8000000119
11683  -15.687  -69.358  -31.727 0.5000000000
10405  -9.778  -71.993  -21.861 0.6999999881
7470  -16.191  -77.326  -19.862 0.8000000119
11095  -16.014  -71.675  -29.400 0.6000000238
11672  -16.072  -70.237  -31.047 0.6000000238
9786  -10.666  -74.127  -21.149 0.8000000119
115179  -15.451  -78.228  -19.508 0.6999999881
9236  -17.577  -75.009  -30.539 0.6000000238
11096  -16.870  -71.580  -29.389 0.6000000238
8534  -10.783  -74.744  -20.902 0.6999999881
117991  -11.680  -75.757  -19.620 0.6999999881
115176  -14.166  -78.370  -18.930 0.6000000238
9222  -18.128  -74.405  -29.607 0.6000000238
11097  -17.678  -71.571  -29.278 0.6000000238
7957  -11.314  -76.474  -19.544 0.6000000238
120664  -18.219  -73.549  -29.066 0.5000000000
9854  -19.464  -74.294  -28.718 0.5000000000
118312  -16.257  -72.881  -23.721 0.6000000238
117351  -16.586  -72.533  -24.427 0.5000000000
12148  -11.504  -69.459  -16.766 0.6000000238
9812  -15.895  -73.327  -22.997 0.6999999881
133875  -11.918  -71.117  -16.629 0.6000000238
9801  -15.625  -73.695  -22.406 0.6999999881
9802  -16.376  -73.626  -22.439 0.6000000238
11010  -9.304  -70.753  -20.403 0.6000000238
117265  -11.529  -71.352  -17.490 0.6000000238
9165  -15.609  -74.493  -21.447 0.6000000238
128349  -16.098  -74.740  -20.627 0.6999999881
10396  -10.679  -72.153  -20.150 0.8000000119
7968  -16.111  -76.080  -20.682 0.6999999881
9150  -16.418  -74.936  -19.679 0.6000000238
9772  -10.629  -73.270  -20.999 0.8000000119
7937  -15.181  -77.390  -18.764 0.8000000119
126555  -15.510  -75.931  -18.661 0.6999999881
117483  -11.156  -74.844  -19.931 0.6999999881
134124  -12.430  -75.950  -18.987 0.6999999881
118470  -13.183  -76.126  -18.537 0.6000000238
119486  -15.108  -76.495  -18.485 0.8000000119
125438  -10.271  -67.301  -17.655 0.6000000238
137560  -12.049  -70.373  -16.850 0.6000000238
12149  -12.145  -70.226  -17.396 0.6999999881
129684  -17.088  -74.680  -19.458 0.6000000238
11011  -10.293  -71.251  -19.742 0.6999999881
118311  -11.052  -71.594  -18.803 0.6999999881
8517  -16.027  -75.605  -19.141 0.6999999881
9125  -15.411  -74.986  -17.741 0.6000000238
117051  -11.171  -72.332  -18.935 0.8000000119
134331  -11.320  -73.389  -18.902 0.6000000238
134004  -12.142  -74.630  -18.485 0.5000000000
8498  -14.828  -75.291  -17.620 0.6999999881
115207  -14.920  -74.694  -17.390 0.6999999881
115212  -15.801  -74.334  -17.600 0.6000000238
135308  -11.121  -73.984  -19.669 0.8000000119
9113  -12.710  -74.458  -17.782 0.6000000238
8505  -13.630  -75.681  -18.057 0.6000000238
136182  -9.774  -66.047  -17.909 0.6000000238
14227  -9.307  -66.189  -18.736 0.6000000238
13509  -9.579  -67.560  -19.691 0.6999999881
13494  -9.949  -67.441  -18.714 0.6000000238
12804  -10.978  -68.843  -18.677 0.6999999881
12817  -10.582  -68.627  -19.691 0.6999999881
11568  -12.061  -70.970  -17.252 0.6999999881
11580  -12.249  -70.271  -18.409 0.6000000238
9127  -17.424  -74.349  -17.824 0.6000000238
133607  -11.400  -71.632  -17.402 0.6000000238
115202  -12.455  -72.664  -17.075 0.6000000238
9115  -17.989  -74.006  -17.514 0.5000000000
138048  -15.199  -73.035  -17.323 0.6000000238
115229  -15.945  -73.226  -17.400 0.5000000000
117304  -16.451  -72.002  -18.302 0.5000000000
10980  -14.342  -71.846  -17.783 0.6000000238
134013  -15.704  -72.573  -17.687 0.5000000000
16240  -8.999  -63.956  -19.176 0.6000000238
14895  -8.815  -65.637  -19.151 0.6000000238
14235  -8.721  -66.298  -19.499 0.6999999881
141926  -8.323  -65.784  -19.694 0.6999999881
13508  -8.819  -66.978  -20.182 0.6999999881
13521  -9.338  -67.755  -20.639 0.6999999881
12824  -9.997  -68.249  -20.182 0.6000000238
124153  -11.184  -69.133  -19.658 0.5000000000
124871  -11.893  -69.642  -19.614 0.6999999881
12834  -10.619  -68.470  -21.575 0.6000000238
11569  -12.516  -70.725  -17.482 0.6000000238
11581  -12.802  -70.524  -18.843 0.6000000238
12191  -12.413  -69.369  -20.560 0.6000000238
115221  -13.694  -72.429  -17.010 0.6000000238
10987  -13.981  -71.201  -18.548 0.5000000000
12202  -13.625  -69.086  -21.070 0.5000000000
11597  -14.730  -69.832  -20.335 0.5000000000
19295  -8.746  -59.435  -18.228 0.6999999881
124172  -8.358  -59.549  -18.866 0.6999999881
19296  -8.983  -59.115  -18.314 0.6999999881
16239  -8.508  -63.475  -19.617 0.6000000238
17737  -7.562  -60.673  -20.110 0.6999999881
19311  -8.501  -58.970  -18.912 0.6999999881
128669  -9.117  -58.538  -19.726 0.6999999881
20062  -9.728  -58.690  -19.519 0.6000000238
15584  -8.292  -64.379  -19.554 0.6999999881
131294  -7.680  -61.886  -20.146 0.6999999881
17736  -6.671  -61.479  -20.813 0.6999999881
19328  -7.651  -59.210  -20.457 0.6999999881
14900  -7.676  -64.781  -20.118 0.6999999881
16244  -7.074  -63.435  -20.675 0.6999999881
18524  -6.863  -60.373  -20.863 0.6999999881
13520  -8.719  -67.420  -21.061 0.6999999881
13530  -8.389  -67.515  -21.934 0.6000000238
12833  -9.909  -68.334  -21.159 0.6000000238
12846  -9.826  -67.830  -23.143 0.6000000238
13558  -9.782  -67.571  -24.186 0.6000000238
12178  -12.586  -69.990  -19.637 0.6000000238
12835  -11.410  -68.445  -21.815 0.6000000238
12847  -10.498  -67.661  -23.363 0.6000000238
12836  -12.253  -68.367  -21.865 0.5000000000
137752  -11.434  -67.398  -23.136 0.6000000238
14264  -11.368  -66.943  -23.383 0.6000000238
12192  -13.254  -69.693  -20.455 0.5000000000
122238  -12.876  -68.236  -21.777 0.5000000000
13541  -12.378  -67.518  -22.383 0.5000000000
125953  -9.139  -59.383  -17.484 0.6999999881
135524  -9.472  -58.853  -18.813 0.6999999881
19312  -10.392  -59.127  -19.102 0.6000000238
19313  -11.294  -59.443  -19.383 0.6000000238
20063  -10.855  -59.049  -20.063 0.6000000238
20094  -10.149  -58.455  -21.575 0.4000000060
20074  -7.718  -58.902  -21.171 0.6000000238
127765  -8.472  -58.623  -20.962 0.5000000000
20093  -9.275  -58.439  -21.310 0.5000000000
20120  -9.970  -58.275  -22.382 0.4000000060
20137  -10.424  -58.234  -23.295 0.5000000000
14241  -7.808  -65.984  -20.841 0.6999999881
16254  -6.679  -63.779  -21.359 0.8000000119
120458  -6.423  -60.858  -21.406 0.6999999881
135668  -6.837  -59.590  -22.422 0.5000000000
19367  -7.737  -58.740  -22.943 0.4000000060
20136  -8.382  -58.423  -23.293 0.4000000060
118791  -9.712  -58.240  -24.071 0.4000000060
20148  -9.244  -58.530  -24.680 0.4000000060
14907  -7.356  -65.275  -21.037 0.8000000119
15596  -6.882  -64.615  -21.703 0.8000000119
122361  -6.280  -63.192  -21.797 0.8000000119
16974  -6.205  -62.463  -22.191 0.8000000119
18561  -6.664  -60.350  -22.760 0.6000000238
18575  -7.130  -60.188  -23.562 0.5000000000
19380  -7.866  -58.821  -23.771 0.4000000060
19389  -8.470  -59.179  -24.617 0.4000000060
14247  -7.457  -66.179  -21.713 0.6999999881
13529  -7.549  -67.090  -22.305 0.8000000119
14253  -6.949  -66.491  -22.797 0.6999999881
13545  -7.060  -67.281  -24.277 0.5000000000
18588  -7.431  -60.621  -24.246 0.5000000000
18589  -7.959  -60.181  -24.895 0.4000000060
19397  -9.258  -59.077  -25.560 0.4000000060
13538  -8.009  -67.664  -22.988 0.6000000238
13547  -8.842  -67.769  -23.682 0.5000000000
14275  -8.254  -67.138  -25.334 0.5000000000
14276  -9.416  -67.270  -25.085 0.6000000238
139705  -10.176  -67.194  -24.531 0.6000000238
14960  -10.034  -66.652  -24.917 0.6000000238
19297  -9.851  -59.205  -18.148 0.6000000238
121359  -10.823  -59.650  -17.676 0.5000000000
126771  -11.092  -59.506  -18.607 0.5000000000
128712  -12.059  -59.813  -19.096 0.4000000060
119991  -11.941  -59.576  -19.936 0.5000000000
19329  -11.782  -59.318  -20.790 0.5000000000
127395  -10.939  -58.590  -22.257 0.5000000000
20095  -11.783  -59.110  -21.685 0.5000000000
20121  -11.322  -58.548  -23.093 0.5000000000
121188  -12.108  -58.803  -23.437 0.5000000000
119408  -10.484  -58.233  -24.242 0.5000000000
119748  -12.212  -58.674  -24.440 0.5000000000
122759  -6.581  -63.419  -22.774 0.6999999881
139619  -6.582  -62.554  -23.022 0.6000000238
120518  -7.111  -63.223  -23.907 0.5000000000
17774  -7.020  -61.067  -23.526 0.5000000000
20149  -10.056  -58.330  -25.095 0.5000000000
119420  -11.855  -58.644  -25.548 0.5000000000
14917  -7.005  -65.526  -22.206 0.8000000119
15607  -6.748  -64.871  -22.651 0.6999999881
15622  -6.838  -65.061  -23.515 0.6000000238
17793  -7.306  -61.572  -24.383 0.5000000000
17794  -7.619  -61.152  -25.118 0.4000000060
129541  -8.239  -60.840  -25.841 0.5000000000
19398  -10.095  -58.847  -26.138 0.4000000060
20167  -10.737  -58.937  -26.563 0.5000000000
14957  -7.348  -65.903  -24.843 0.5000000000
16288  -7.621  -64.282  -24.509 0.5000000000
17000  -7.410  -62.542  -24.624 0.6000000238
17014  -7.773  -62.796  -25.653 0.5000000000
17824  -8.548  -61.810  -26.453 0.5000000000
18604  -8.757  -61.052  -26.641 0.5000000000
14958  -7.934  -66.227  -25.300 0.5000000000
15641  -8.838  -64.773  -25.153 0.5000000000
16299  -7.788  -63.466  -25.016 0.5000000000
17015  -8.329  -62.701  -26.301 0.5000000000
15642  -9.663  -65.465  -24.900 0.6000000238
15623  -9.666  -64.364  -24.458 0.6000000238
18485  -12.700  -60.478  -16.817 0.5000000000
18486  -13.551  -60.253  -16.958 0.5000000000
19289  -12.897  -60.242  -17.638 0.5000000000
19290  -13.931  -60.033  -17.730 0.4000000060
19314  -12.873  -59.790  -19.611 0.4000000060
18478  -13.312  -60.466  -16.172 0.5000000000
18487  -14.198  -59.875  -17.022 0.4000000060
19343  -12.481  -59.362  -21.254 0.6000000238
19344  -13.380  -59.340  -21.253 0.5000000000
20096  -12.733  -59.241  -21.962 0.5000000000
20123  -13.098  -59.041  -22.873 0.4000000060
20139  -12.925  -58.926  -23.736 0.4000000060
20140  -13.876  -58.840  -23.574 0.4000000060
20030  -14.491  -58.997  -16.059 0.4000000060
19291  -14.864  -59.364  -17.521 0.4000000060
19300  -14.390  -59.687  -18.516 0.4000000060
138499  -13.840  -59.710  -19.352 0.5000000000
19315  -13.507  -59.621  -19.995 0.5000000000
19332  -14.734  -59.132  -20.265 0.5000000000
19301  -15.182  -59.152  -18.471 0.4000000060
20052  -15.349  -58.504  -18.540 0.4000000060
20064  -15.416  -58.684  -19.889 0.5000000000
20079  -15.330  -58.641  -20.680 0.4000000060
138742  -15.307  -58.503  -21.334 0.4000000060
20124  -14.405  -58.822  -22.774 0.4000000060
20125  -15.269  -58.264  -22.701 0.4000000060
20845  -13.784  -57.738  -15.562 0.4000000060
20040  -14.754  -58.760  -16.727 0.4000000060
20045  -15.101  -58.459  -17.417 0.4000000060
21677  -12.962  -56.165  -16.212 0.4000000060
21678  -13.561  -56.607  -16.631 0.4000000060
20051  -15.288  -58.276  -18.032 0.4000000060
21692  -14.672  -57.069  -18.678 0.4000000060
20876  -15.179  -57.441  -19.358 0.5000000000
20877  -15.625  -57.840  -20.100 0.5000000000
20080  -15.678  -58.007  -20.972 0.4000000060
20098  -15.435  -58.062  -21.855 0.4000000060
21691  -13.806  -56.263  -18.924 0.4000000060
21700  -13.753  -56.137  -19.999 0.4000000060
21712  -13.543  -55.929  -21.050 0.4000000060
21728  -15.044  -56.705  -21.572 0.4000000060
20919  -15.435  -57.524  -22.589 0.4000000060
21664  -12.777  -56.430  -15.420 0.4000000060
137044  -12.136  -55.819  -15.847 0.3000000119
21684  -13.529  -56.318  -17.424 0.3000000119
130599  -13.447  -56.051  -18.136 0.4000000060
120357  -10.927  -55.284  -17.091 0.4000000060
22509  -12.379  -55.755  -16.823 0.3000000119
22516  -12.735  -55.746  -17.741 0.3000000119
22524  -12.875  -55.743  -18.694 0.4000000060
22531  -11.000  -55.118  -19.815 0.5000000000
22545  -12.792  -55.669  -20.509 0.4000000060
122205  -12.486  -55.394  -21.513 0.4000000060
21726  -13.198  -55.509  -22.195 0.4000000060
22583  -13.931  -55.076  -23.687 0.3000000119
23356  -10.233  -54.237  -20.822 0.5000000000
24143  -10.270  -53.892  -20.989 0.5000000000
22543  -11.485  -54.679  -21.823 0.4000000060
22557  -12.148  -54.778  -22.607 0.4000000060
23376  -11.981  -54.133  -23.523 0.3000000119
142120  -11.118  -55.355  -16.492 0.4000000060
23332  -9.953  -55.049  -17.407 0.4000000060
22514  -10.596  -55.171  -18.113 0.4000000060
22521  -10.258  -54.927  -19.238 0.5000000000
23339  -8.770  -54.423  -19.212 0.4000000060
22530  -10.007  -54.478  -20.118 0.5000000000
24134  -9.785  -53.874  -20.423 0.5000000000
136503  -10.507  -53.536  -20.576 0.4000000060
24956  -11.497  -52.959  -21.065 0.4000000060
24153  -11.573  -53.123  -23.057 0.3000000119
139450  -9.670  -53.560  -19.775 0.3000000119
118237  -10.644  -53.259  -19.239 0.3000000119
117613  -11.277  -53.182  -19.844 0.3000000119
22507  -10.571  -55.217  -16.327 0.4000000060
23338  -8.114  -54.134  -19.360 0.3000000119
24938  -8.278  -53.124  -19.346 0.4000000060
140824  -11.923  -52.590  -20.747 0.3000000119
23337  -7.412  -54.150  -18.896 0.3000000119
134956  -7.096  -52.217  -18.512 0.3000000119
7079  -11.856  -78.508  -32.656 0.6000000238
7080  -12.777  -78.158  -31.872 0.5000000000
118139  -14.420  -73.213  -17.195 0.6000000238
115201  -13.590  -73.386  -17.042 0.6000000238
2663  -10.371  -88.396  -21.150 0.5000000000
3531  -11.247  -86.657  -22.751 0.6000000238
4026  -10.389  -85.278  -27.110 0.5000000000
127258  -12.461  -86.255  -21.330 0.6999999881
3088  -13.805  -87.557  -20.670 0.6999999881
3508  -14.143  -86.567  -20.632 0.6999999881
4421  -13.540  -84.168  -24.146 0.6999999881
124784  -14.700  -85.811  -20.613 0.6999999881
130584  -14.508  -84.646  -21.499 0.6999999881
5575  -12.181  -80.827  -30.933 0.5000000000
3542  -16.393  -86.489  -23.389 0.6999999881
4807  -13.446  -83.054  -25.552 0.6999999881
4795  -13.478  -83.596  -24.821 0.6999999881
3993  -16.832  -85.945  -23.862 0.6999999881
4797  -14.895  -82.803  -23.558 0.6999999881
7093  -11.648  -78.811  -33.968 0.6000000238
4431  -18.190  -84.974  -25.305 0.6999999881
5143  -15.223  -81.681  -25.242 0.6000000238
5489  -16.704  -81.531  -23.215 0.6000000238
5118  -18.232  -82.406  -22.114 0.5000000000
7054  -11.411  -78.649  -29.634 0.6999999881
5517  -16.165  -81.439  -25.349 0.6000000238
4032  -20.213  -85.325  -27.730 0.6000000238
4061  -19.189  -85.548  -29.586 0.6000000238
5505  -17.605  -81.191  -24.626 0.5000000000
5966  -20.624  -80.438  -24.427 0.5000000000
4457  -21.763  -84.534  -27.979 0.5000000000
7056  -13.076  -78.247  -29.713 0.6000000238
7047  -11.499  -78.723  -28.694 0.6999999881
8060  -15.163  -76.637  -33.166 0.6000000238
5545  -16.442  -81.155  -27.318 0.5000000000
5518  -17.130  -81.346  -25.507 0.5000000000
5978  -18.898  -80.516  -25.233 0.6000000238
5519  -17.963  -81.183  -25.672 0.5000000000
5965  -19.763  -80.421  -24.653 0.5000000000
4484  -19.706  -84.798  -31.174 0.6000000238
4858  -22.022  -83.622  -29.536 0.6000000238
5184  -22.953  -82.469  -28.867 0.5000000000
8577  -14.103  -75.966  -26.151 0.6000000238
135421  -13.673  -70.208  -31.089 0.5000000000
9811  -8.852  -73.940  -24.175 0.6000000238
7955  -9.899  -77.009  -20.289 0.6000000238
7536  -17.426  -77.096  -28.416 0.6000000238
8548  -10.215  -74.624  -22.205 0.6000000238
7969  -16.224  -76.642  -21.476 0.8000000119
8533  -10.557  -75.149  -21.500 0.6000000238
9873  -17.662  -73.651  -29.294 0.6000000238
133822  -12.772  -78.039  -18.981 0.6000000238
9223  -18.872  -74.885  -29.380 0.6000000238
7958  -16.188  -76.446  -19.906 0.8000000119
11673  -17.055  -70.104  -30.918 0.6000000238
7460  -14.615  -77.913  -18.752 0.6000000238
115175  -13.111  -77.396  -18.754 0.6999999881
115183  -12.722  -75.340  -18.405 0.6000000238
115222  -12.158  -71.779  -16.874 0.6000000238
8497  -14.158  -75.081  -17.435 0.6999999881
115214  -12.893  -72.004  -16.677 0.6000000238
11583  -14.436  -70.472  -19.698 0.5000000000
13539  -9.028  -67.834  -22.607 0.5000000000
11564  -13.222  -71.216  -17.509 0.6000000238
12837  -13.535  -68.418  -21.296 0.5000000000
17711  -8.673  -60.498  -18.551 0.6999999881
17719  -8.372  -61.214  -19.527 0.6000000238
18506  -7.463  -59.738  -20.291 0.6999999881
16946  -6.869  -62.545  -20.670 0.8000000119
18541  -6.531  -60.035  -21.740 0.6000000238
126100  -9.204  -58.341  -22.163 0.5000000000
20117  -7.743  -58.780  -22.127 0.5000000000
19405  -9.626  -59.644  -26.585 0.5000000000
19288  -11.840  -60.221  -17.308 0.5000000000
20150  -11.076  -58.322  -24.848 0.5000000000
16277  -6.956  -64.230  -23.679 0.6000000238
16301  -9.024  -63.683  -25.955 0.5000000000
18468  -14.010  -60.096  -16.334 0.5000000000
19345  -14.571  -59.058  -21.170 0.5000000000
19316  -14.750  -59.254  -19.353 0.6000000238
21665  -13.452  -56.849  -15.832 0.4000000060
20855  -14.031  -57.379  -16.337 0.4000000060
20856  -14.600  -57.912  -16.894 0.4000000060
21683  -13.065  -56.041  -16.950 0.3000000119
20861  -14.792  -57.607  -17.796 0.4000000060
21701  -14.592  -56.728  -19.580 0.5000000000
21713  -14.597  -56.558  -20.636 0.4000000060
21727  -14.221  -56.163  -21.758 0.4000000060
129264  -14.707  -56.301  -22.423 0.4000000060
22515  -11.628  -55.446  -17.655 0.3000000119
22523  -11.939  -55.493  -18.630 0.5000000000
140504  -12.162  -55.526  -19.353 0.4000000060
122420  -11.014  -54.820  -21.016 0.5000000000
22532  -11.968  -55.400  -20.195 0.4000000060
22570  -12.924  -54.868  -23.277 0.4000000060
24955  -10.902  -53.422  -21.684 0.5000000000
124575  -10.735  -53.953  -21.787 0.4000000060
24152  -11.156  -53.441  -22.609 0.4000000060
23347  -9.389  -54.321  -19.742 0.5000000000
23346  -8.726  -54.067  -19.638 0.5000000000
24133  -9.210  -53.913  -19.886 0.4000000060
24944  -12.061  -52.705  -19.748 0.4000000060
24943  -8.899  -53.541  -19.624 0.4000000060
24937  -7.332  -53.020  -19.024 0.3000000119
117925  -8.019  -52.233  -18.689 0.3000000119
115520  -8.888  -52.581  -18.644 0.3000000119
4525  -14.776  -84.065  -35.351 0.5000000000
4534  -15.833  -83.826  -35.979 0.5000000000
4536  -17.809  -84.167  -36.080 0.5000000000
4541  -17.378  -83.371  -36.202 0.5000000000
4537  -18.793  -84.333  -36.306 0.5000000000
4542  -18.264  -83.112  -36.588 0.5000000000
4139  -19.732  -84.324  -36.447 0.6000000238
4526  -15.368  -83.691  -34.920 0.5000000000
4895  -15.886  -83.433  -35.588 0.5000000000
4902  -17.003  -82.911  -36.084 0.5000000000
4907  -18.374  -81.944  -37.335 0.5000000000
129161  -20.320  -85.066  -35.886 0.6000000238
4908  -19.130  -81.542  -37.884 0.6000000238
4543  -19.224  -83.361  -36.831 0.6000000238
4516  -13.946  -84.518  -33.793 0.4000000060
3586  -13.616  -86.709  -30.129 0.4000000060
3603  -13.890  -85.987  -30.172 0.4000000060
3613  -12.430  -85.683  -31.231 0.5000000000
4491  -13.338  -84.613  -31.989 0.5000000000
4503  -12.891  -84.482  -32.626 0.5000000000
4492  -14.293  -84.544  -31.971 0.5000000000
4091  -14.853  -84.755  -31.204 0.5000000000
4515  -13.028  -84.466  -33.439 0.5000000000
131199  -14.713  -84.470  -33.058 0.5000000000
4136  -21.064  -85.071  -35.858 0.6000000238
4138  -22.726  -86.147  -35.116 0.6000000238
125190  -15.335  -84.273  -33.802 0.5000000000
4527  -16.268  -83.502  -34.818 0.5000000000
4518  -16.291  -84.202  -33.651 0.5000000000
4141  -21.362  -84.433  -35.973 0.6000000238
127253  -17.373  -82.731  -35.755 0.5000000000
5220  -19.054  -81.031  -37.624 0.6000000238
4909  -20.151  -81.874  -37.680 0.6000000238
4538  -22.319  -85.313  -35.367 0.6000000238
4910  -20.996  -82.131  -37.182 0.6000000238
4905  -21.934  -84.125  -35.668 0.6000000238
4528  -22.741  -84.880  -35.068 0.6999999881
129447  -21.418  -82.745  -35.860 0.6000000238
4900  -22.258  -83.869  -35.042 0.6999999881
128627  -14.586  -87.741  -27.924 0.6000000238
3156  -14.948  -87.081  -28.168 0.6000000238
3575  -15.459  -86.579  -27.696 0.6000000238
3161  -14.192  -87.306  -29.161 0.5000000000
139258  -14.511  -85.867  -29.818 0.5000000000
4057  -15.611  -85.682  -29.188 0.6000000238
128784  -14.460  -85.289  -30.449 0.5000000000
4075  -15.167  -85.543  -29.832 0.5000000000
133017  -15.588  -85.004  -30.561 0.5000000000
4493  -15.228  -84.550  -31.995 0.5000000000
138168  -15.642  -84.708  -31.340 0.5000000000
4505  -15.762  -84.540  -32.796 0.5000000000
3661  -23.896  -86.433  -34.473 0.6999999881
4130  -23.838  -86.131  -34.615 0.6000000238
138832  -24.536  -85.433  -33.157 0.8000000119
4888  -17.122  -83.353  -34.767 0.5000000000
4889  -18.084  -83.205  -34.679 0.5000000000
4897  -18.476  -82.058  -35.699 0.6000000238
4539  -23.203  -85.871  -34.982 0.6999999881
4530  -24.022  -85.433  -34.022 0.6999999881
5224  -19.689  -80.712  -37.844 0.6000000238
4521  -23.580  -84.213  -33.481 0.6999999881
5223  -20.924  -81.687  -36.079 0.6000000238
4883  -22.818  -82.902  -33.294 0.6999999881
4885  -24.257  -82.900  -32.446 0.6999999881
4874  -25.226  -82.676  -32.332 0.6000000238
2720  -14.121  -88.452  -26.509 0.5000000000
3151  -15.066  -87.443  -27.313 0.6000000238
3582  -15.773  -85.928  -27.924 0.6000000238
4076  -16.036  -85.410  -29.871 0.6000000238
139869  -16.451  -85.131  -30.428 0.6000000238
4106  -16.773  -84.696  -32.341 0.5000000000
4093  -17.453  -84.966  -31.493 0.6000000238
4117  -25.234  -85.238  -32.505 0.6999999881
4506  -17.397  -84.442  -33.064 0.5000000000
4495  -18.518  -84.469  -32.609 0.5000000000
4110  -27.262  -85.696  -33.067 0.5000000000
4120  -28.775  -86.238  -33.472 0.6000000238
124857  -17.853  -83.941  -33.750 0.6000000238
119481  -18.966  -82.936  -34.499 0.5000000000
4510  -25.801  -84.813  -32.350 0.6000000238
4898  -19.610  -82.255  -34.937 0.5000000000
4522  -24.282  -84.630  -33.040 0.6999999881
4886  -25.365  -84.008  -32.139 0.6000000238
5217  -20.374  -81.806  -35.551 0.5000000000
4508  -24.605  -83.860  -32.424 0.6000000238
5204  -26.293  -82.533  -32.069 0.6000000238
122938  -22.377  -82.840  -33.065 0.5000000000
5209  -23.106  -82.316  -33.148 0.6000000238
5210  -24.593  -82.225  -32.961 0.5000000000
5594  -24.389  -81.331  -34.497 0.5000000000
5589  -26.570  -81.926  -32.730 0.5000000000
3128  -14.902  -88.106  -25.220 0.6000000238
3136  -15.055  -87.893  -25.908 0.6000000238
2699  -14.619  -88.338  -24.442 0.4000000060
4079  -18.894  -85.189  -31.010 0.5000000000
4111  -28.124  -85.695  -33.240 0.6000000238
4507  -19.364  -84.017  -32.874 0.5000000000
4511  -27.601  -84.976  -32.599 0.5000000000
124341  -20.631  -83.130  -33.179 0.5000000000
4498  -27.087  -84.085  -32.015 0.5000000000
4499  -28.022  -84.071  -32.075 0.5000000000
4512  -28.508  -84.961  -32.600 0.5000000000
128267  -21.947  -82.856  -32.502 0.5000000000
4876  -26.607  -83.233  -31.711 0.5000000000
5205  -27.099  -82.662  -31.676 0.5000000000
5208  -22.818  -82.364  -32.551 0.6000000238
5586  -22.913  -81.468  -33.013 0.6000000238
5211  -25.572  -82.154  -32.820 0.5000000000
126282  -27.429  -82.060  -31.979 0.6000000238
5599  -23.408  -80.349  -34.490 0.6000000238
5600  -24.063  -80.660  -34.880 0.5000000000
2674  -13.729  -88.717  -22.253 0.4000000060
4881  -20.166  -83.777  -32.498 0.5000000000
4500  -28.937  -84.069  -32.113 0.5000000000
136946  -22.222  -82.650  -31.848 0.5000000000
125699  -27.923  -82.542  -31.637 0.5000000000
4879  -29.321  -83.314  -31.631 0.5000000000
4870  -30.476  -83.154  -30.622 0.5000000000
4860  -30.961  -82.748  -30.082 0.5000000000
6547  -32.764  -79.871  -29.311 0.5000000000
5583  -22.830  -81.251  -31.990 0.6000000238
6056  -22.526  -80.385  -32.920 0.6000000238
6064  -23.128  -79.976  -34.304 0.6000000238
6057  -29.033  -80.719  -32.522 0.5000000000
6616  -24.488  -79.872  -35.049 0.5000000000
6617  -25.495  -79.774  -35.422 0.5000000000
5567  -22.882  -81.834  -29.759 0.5000000000
5207  -28.867  -82.496  -31.486 0.5000000000
5201  -30.249  -82.144  -30.552 0.5000000000
5570  -31.463  -81.197  -29.951 0.5000000000
5199  -22.534  -82.416  -30.441 0.5000000000
6036  -22.389  -80.311  -31.116 0.6000000238
5206  -28.491  -81.902  -31.564 0.5000000000
5579  -29.943  -81.473  -30.984 0.5000000000
6039  -31.289  -80.517  -30.352 0.5000000000
6559  -32.304  -79.869  -29.725 0.5000000000
139643  -33.527  -79.375  -29.864 0.5000000000
130342  -23.278  -79.460  -33.953 0.5000000000
5584  -28.364  -81.444  -32.196 0.5000000000
6048  -29.707  -80.411  -31.903 0.5000000000
5568  -23.168  -81.003  -29.401 0.5000000000
121533  -31.834  -79.538  -31.105 0.5000000000
6570  -31.275  -79.973  -30.730 0.5000000000
6572  -32.429  -79.535  -30.373 0.5000000000
6587  -35.875  -78.558  -30.862 0.4000000060
120597  -33.675  -79.016  -31.097 0.4000000060
6030  -7.847  -80.756  -31.401 0.4000000060
134368  -7.991  -71.117  -23.341 0.5000000000
119835  -9.419  -71.215  -18.738 0.5000000000
11593  -7.612  -70.248  -20.432 0.5000000000
12775  -11.039  -68.615  -16.515 0.5000000000
136216  -11.034  -71.516  -16.863 0.5000000000
11018  -7.863  -70.414  -22.234 0.5000000000
19285  -8.798  -59.599  -16.335 0.5000000000
19280  -10.586  -59.923  -16.628 0.5000000000
4866  -21.158  -83.730  -30.998 0.5000000000
4872  -20.727  -83.797  -31.729 0.5000000000
4544  -20.049  -83.284  -37.056 0.6000000238
4903  -18.115  -82.120  -36.753 0.6000000238
4545  -20.785  -83.146  -36.880 0.6000000238
5216  -19.438  -81.333  -36.254 0.6000000238
4892  -22.976  -83.521  -33.600 0.6999999881
3581  -15.252  -86.150  -28.471 0.6000000238
4520  -18.775  -83.714  -33.623 0.5000000000
5218  -21.547  -82.512  -34.969 0.6000000238
4884  -23.386  -83.067  -32.932 0.6000000238
5588  -23.994  -81.701  -33.677 0.6000000238
4119  -27.918  -86.141  -33.285 0.6999999881
4890  -19.759  -83.233  -33.628 0.5000000000
4899  -20.586  -82.561  -34.194 0.5000000000
5587  -23.287  -81.561  -33.501 0.6000000238
5214  -24.962  -81.838  -33.694 0.5000000000
5590  -27.575  -81.534  -32.975 0.5000000000
4877  -27.486  -83.228  -31.704 0.5000000000
4878  -28.408  -83.204  -31.717 0.5000000000
6065  -23.816  -80.130  -34.808 0.5000000000
5202  -21.921  -82.986  -30.969 0.5000000000
6594  -22.532  -79.728  -32.686 0.5000000000
6047  -22.312  -79.934  -31.923 0.5000000000
5580  -30.662  -81.206  -30.537 0.5000000000
5585  -29.271  -81.241  -31.569 0.5000000000
6038  -30.754  -80.393  -30.903 0.5000000000
6574  -34.027  -79.168  -30.351 0.5000000000
6049  -30.371  -80.089  -31.520 0.4000000060
118965  -34.528  -78.906  -30.889 0.4000000060
3194  -33.197  -87.423  -32.425 0.5000000000
137363  -33.145  -86.561  -32.649 0.6000000238
4114  -32.561  -86.113  -32.853 0.6000000238
4123  -32.492  -86.704  -33.126 0.6000000238
3203  -30.859  -87.334  -33.324 0.4000000060
4488  -32.341  -84.905  -31.110 0.4000000060
136970  -30.515  -84.404  -31.683 0.4000000060
4100  -31.537  -85.632  -32.814 0.5000000000
4122  -31.600  -86.350  -33.362 0.6000000238
4113  -30.605  -85.916  -33.393 0.5000000000
4514  -30.392  -85.125  -32.437 0.4000000060
3650  -30.571  -86.717  -33.614 0.5000000000
128970  -29.802  -85.582  -33.183 0.5000000000
3649  -29.518  -86.789  -33.486 0.6000000238
127076  -24.858  -85.470  -32.763 0.6000000238
3643  -24.220  -86.265  -33.879 0.6000000238
3641  -22.731  -86.653  -33.947 0.6000000238
3669  -22.909  -86.507  -34.947 0.6000000238
130855  -22.318  -86.593  -34.618 0.6000000238
3668  -22.163  -86.250  -35.152 0.5000000000
3666  -20.073  -85.656  -35.411 0.5000000000
122413  -19.400  -85.171  -35.878 0.4000000060
4129  -18.304  -85.315  -35.741 0.5000000000
7075  -36.232  -78.422  -30.694 0.3000000119
4134  -16.216  -84.584  -35.909 0.4000000060
11684  -16.660  -69.337  -31.566 0.4000000060
11685  -17.573  -69.365  -31.355 0.4000000060
11111  -17.410  -70.817  -30.094 0.5000000000
14929  -11.790  -66.325  -22.582 0.5000000000
14945  -11.113  -66.116  -23.396 0.5000000000
133382  -11.261  -65.471  -22.695 0.5000000000
14928  -10.792  -65.140  -23.215 0.4000000060
16291  -10.001  -63.419  -24.999 0.4000000060
126312  -12.315  -63.871  -20.204 0.4000000060
17016  -9.424  -63.168  -26.472 0.4000000060
17001  -10.538  -62.810  -25.511 0.4000000060
16988  -10.503  -63.166  -23.685 0.4000000060
17033  -8.881  -62.480  -26.755 0.4000000060
17017  -10.124  -62.814  -26.475 0.4000000060
16976  -11.567  -62.536  -22.680 0.4000000060
17045  -9.848  -62.079  -27.711 0.4000000060
141354  -10.474  -62.220  -27.278 0.4000000060
119175  -12.937  -61.504  -23.579 0.4000000060
17837  -9.828  -61.341  -27.786 0.4000000060
17838  -10.461  -61.644  -27.928 0.4000000060
19406  -10.344  -59.409  -26.947 0.4000000060
123428  -11.141  -60.744  -27.971 0.4000000060
20151  -12.954  -58.736  -25.295 0.3000000119
20159  -12.609  -58.818  -26.359 0.4000000060
20142  -15.455  -57.795  -23.553 0.3000000119
20154  -15.148  -58.195  -24.144 0.3000000119
20160  -13.595  -58.564  -26.101 0.3000000119
124802  -14.009  -58.599  -25.110 0.3000000119
15591  -11.703  -64.134  -20.730 0.4000000060
16268  -11.178  -63.131  -22.247 0.4000000060
16975  -10.618  -63.453  -22.822 0.4000000060
15609  -10.968  -64.655  -22.303 0.4000000060
139498  -10.896  -62.874  -22.904 0.4000000060
123556  -10.810  -62.696  -24.390 0.4000000060
16963  -12.820  -62.446  -21.784 0.4000000060
16990  -12.083  -61.988  -23.336 0.4000000060
17002  -11.435  -62.184  -25.074 0.4000000060
17018  -10.965  -62.350  -26.210 0.4000000060
5974  -36.916  -79.685  -24.647 0.3000000119
5973  -34.323  -79.118  -24.381 0.4000000060
5983  -34.442  -79.409  -25.098 0.3000000119
5984  -35.085  -79.583  -25.586 0.4000000060
136387  -33.754  -83.049  -25.058 0.3000000119
137151  -33.898  -81.027  -25.313 0.3000000119
5528  -34.001  -79.794  -25.786 0.4000000060
4437  -33.623  -84.404  -25.432 0.3000000119
4816  -34.213  -83.433  -25.597 0.3000000119
4828  -34.615  -83.799  -26.346 0.3000000119
141362  -34.155  -84.661  -26.021 0.3000000119
4450  -34.611  -84.492  -26.602 0.3000000119
4464  -35.109  -84.774  -27.433 0.3000000119
4463  -33.327  -85.209  -26.842 0.3000000119
4035  -34.097  -85.498  -27.468 0.3000000119
4055  -34.918  -85.365  -28.315 0.3000000119
4054  -33.568  -85.800  -28.217 0.3000000119
3585  -34.353  -85.894  -29.065 0.3000000119
4052  -30.812  -85.412  -28.773 0.3000000119
4053  -31.958  -85.517  -28.267 0.3000000119
4072  -33.076  -86.334  -28.797 0.3000000119
3599  -34.022  -86.771  -29.623 0.3000000119
4071  -31.641  -86.377  -28.903 0.4000000060
5513  -33.775  -82.073  -24.551 0.4000000060
5540  -33.955  -81.019  -26.096 0.4000000060
5178  -34.581  -83.179  -26.914 0.4000000060
4448  -33.420  -84.811  -26.112 0.3000000119
4853  -35.404  -84.631  -27.942 0.4000000060
4476  -35.376  -84.949  -28.504 0.4000000060
4462  -31.996  -84.527  -26.822 0.3000000119
3600  -34.375  -86.041  -29.766 0.4000000060
4474  -30.036  -84.633  -28.648 0.3000000119
4461  -30.900  -84.230  -27.548 0.4000000060
3610  -34.291  -86.847  -30.606 0.4000000060
3174  -32.802  -87.994  -31.044 0.3000000119
4850  -30.113  -84.093  -28.031 0.3000000119
129833  -36.458  -79.778  -25.609 0.3000000119
5995  -37.680  -79.874  -26.134 0.3000000119
5986  -38.407  -79.692  -25.416 0.3000000119
136144  -34.878  -79.632  -26.158 0.3000000119
5993  -35.540  -79.710  -26.694 0.3000000119
5956  -33.451  -80.505  -23.258 0.4000000060
141241  -33.836  -80.009  -26.366 0.3000000119
5539  -33.834  -80.327  -26.873 0.3000000119
4814  -33.023  -83.888  -24.878 0.3000000119
4803  -33.198  -83.156  -24.512 0.4000000060
5177  -33.986  -82.342  -27.387 0.3000000119
4839  -34.704  -83.659  -27.806 0.4000000060
4852  -35.014  -84.450  -28.515 0.4000000060
4813  -32.447  -84.167  -25.607 0.3000000119
137124  -31.438  -83.431  -25.464 0.3000000119
4483  -34.907  -84.901  -29.071 0.4000000060
4490  -34.394  -85.536  -29.579 0.4000000060
5164  -31.385  -83.799  -26.203 0.3000000119
5163  -30.441  -83.101  -26.208 0.3000000119
4087  -34.408  -86.118  -30.509 0.4000000060
4489  -33.448  -85.207  -30.337 0.5000000000
3621  -34.177  -87.101  -31.428 0.4000000060
120837  -34.205  -86.508  -31.404 0.4000000060
4102  -33.478  -86.188  -32.203 0.5000000000
4460  -28.252  -84.108  -28.491 0.3000000119
5994  -36.730  -79.820  -26.621 0.3000000119
5996  -38.452  -79.594  -26.506 0.3000000119
5129  -32.436  -82.289  -23.559 0.4000000060
5548  -33.671  -81.146  -27.247 0.4000000060
5186  -32.886  -82.690  -28.866 0.4000000060
142304  -32.038  -83.074  -24.113 0.4000000060
4482  -33.717  -84.669  -29.615 0.4000000060
4862  -32.995  -83.580  -29.438 0.5000000000
4481  -32.334  -84.161  -30.243 0.4000000060
5148  -30.699  -82.774  -25.241 0.3000000119
5147  -29.783  -82.294  -25.802 0.3000000119
4487  -31.163  -84.079  -31.024 0.4000000060
4825  -29.821  -83.218  -27.103 0.3000000119
4838  -29.443  -83.478  -27.808 0.3000000119
4837  -28.386  -83.330  -28.030 0.3000000119
6005  -35.392  -79.731  -27.380 0.3000000119
5559  -33.279  -81.268  -27.923 0.3000000119
5128  -31.659  -82.530  -23.829 0.4000000060
5558  -32.761  -81.716  -28.614 0.5000000000
4861  -31.808  -83.203  -29.855 0.4000000060
5527  -30.175  -82.079  -24.899 0.4000000060
4871  -31.299  -83.469  -30.351 0.4000000060
5525  -28.352  -80.995  -25.893 0.3000000119
5526  -29.301  -81.509  -25.420 0.3000000119
5538  -28.855  -81.708  -26.358 0.3000000119
5161  -28.352  -82.065  -27.185 0.3000000119
4447  -26.671  -84.415  -27.108 0.3000000119
5174  -27.435  -83.002  -27.685 0.3000000119
6004  -34.457  -79.839  -27.502 0.3000000119
131365  -33.200  -80.416  -28.282 0.4000000060
129598  -32.208  -82.009  -29.068 0.4000000060
5524  -27.361  -80.862  -25.948 0.3000000119
5146  -26.417  -81.543  -25.662 0.3000000119
5537  -27.813  -81.380  -26.652 0.3000000119
5159  -26.484  -82.258  -26.364 0.3000000119
123105  -26.687  -82.969  -27.086 0.3000000119
5138  -26.334  -81.636  -24.852 0.3000000119
137048  -26.712  -83.332  -24.941 0.3000000119
127389  -26.364  -82.396  -25.421 0.3000000119
4436  -26.903  -84.042  -25.297 0.3000000119
4812  -26.477  -83.296  -26.061 0.3000000119
6549  -34.228  -79.613  -28.973 0.3000000119
6014  -32.952  -80.117  -28.796 0.4000000060
4802  -26.971  -83.494  -23.911 0.3000000119
3996  -27.135  -85.196  -22.880 0.3000000119
7541  -37.061  -77.791  -28.747 0.3000000119
6564  -36.867  -79.023  -29.105 0.3000000119
6562  -34.863  -79.480  -29.460 0.3000000119
7549  -36.735  -77.519  -29.623 0.3000000119
132189  -36.353  -79.232  -29.392 0.3000000119
6577  -36.321  -78.723  -29.964 0.3000000119
15624  -10.242  -64.749  -23.862 0.5000000000
20168  -11.565  -58.927  -26.611 0.5000000000
19407  -11.084  -59.352  -27.197 0.4000000060
16278  -10.182  -63.863  -23.587 0.4000000060
3647  -27.774  -86.391  -33.057 0.6000000238
4121  -29.686  -86.202  -33.589 0.5000000000
4880  -30.144  -83.591  -31.379 0.4000000060
127085  -31.691  -81.877  -29.561 0.4000000060
133005  -32.140  -81.179  -29.255 0.4000000060
6548  -33.428  -79.665  -29.243 0.4000000060
6576  -35.898  -78.998  -30.246 0.3000000119
14919  -11.997  -65.888  -21.521 0.5000000000
14908  -11.670  -64.994  -20.965 0.4000000060
16255  -11.520  -63.499  -21.396 0.4000000060
5514  -33.964  -80.332  -24.700 0.3000000119
4475  -32.674  -85.314  -27.537 0.3000000119
142920  -31.625  -84.792  -27.733 0.3000000119
5499  -33.577  -81.338  -23.825 0.4000000060
5130  -33.117  -82.327  -23.870 0.4000000060
5150  -32.449  -83.347  -24.432 0.3000000119
141634  -32.206  -83.603  -24.966 0.3000000119
4851  -33.922  -83.553  -28.644 0.4000000060
5162  -29.361  -82.499  -26.733 0.3000000119
5195  -32.133  -82.642  -29.416 0.4000000060
5176  -28.866  -82.805  -27.514 0.3000000119
6015  -33.592  -79.880  -28.498 0.4000000060
139890  -26.646  -83.754  -26.817 0.3000000119
6016  -34.346  -79.760  -28.255 0.3000000119
4426  -27.060  -84.175  -24.407 0.3000000119
124692  -20.331  -86.269  -34.650 0.5000000000
3623  -20.916  -86.852  -33.111 0.5000000000
141004  -21.781  -86.684  -33.767 0.5000000000
3625  -23.951  -86.154  -32.998 0.5000000000
3630  -28.385  -86.788  -32.895 0.4000000060
6026  -22.418  -79.867  -30.573 0.4000000060
3193  -32.363  -87.715  -32.522 0.5000000000
3184  -32.084  -88.019  -31.916 0.3000000119
3607  -30.914  -87.312  -30.482 0.3000000119
3185  -33.062  -87.856  -31.793 0.4000000060
3598  -32.631  -87.104  -29.431 0.3000000119
5511  -29.772  -81.279  -24.409 0.3000000119
5954  -31.267  -81.049  -22.704 0.3000000119
128194  -31.237  -81.776  -23.396 0.3000000119
5958  -35.292  -78.816  -23.824 0.3000000119
5953  -30.386  -80.608  -22.903 0.3000000119
5486  -32.177  -80.980  -22.628 0.3000000119
5497  -31.945  -81.758  -23.168 0.3000000119
5945  -35.040  -78.987  -23.073 0.3000000119
5944  -34.024  -79.537  -22.919 0.3000000119
5941  -31.672  -80.370  -22.030 0.3000000119
5942  -32.425  -80.278  -22.326 0.3000000119
5955  -32.816  -80.702  -22.817 0.3000000119
140821  -34.209  -79.358  -22.816 0.3000000119
5957  -34.250  -79.337  -23.460 0.3000000119
5959  -37.213  -79.800  -23.039 0.3000000119
6502  -32.868  -79.668  -22.408 0.3000000119
137699  -36.219  -79.079  -23.163 0.3000000119
6505  -36.939  -79.490  -22.678 0.3000000119
3191  -29.888  -87.319  -33.207 0.5000000000
3627  -25.726  -85.387  -32.393 0.4000000060
3624  -22.940  -86.400  -33.017 0.5000000000
3173  -31.593  -87.929  -31.203 0.3000000119
16964  -13.654  -62.087  -21.668 0.3000000119
16977  -12.417  -62.221  -22.490 0.3000000119
17839  -11.862  -61.082  -28.055 0.3000000119
3201  -20.031  -87.362  -32.566 0.4000000060
2307  -22.919  -88.508  -30.427 0.4000000060
3162  -21.620  -87.407  -29.834 0.4000000060
3604  -21.749  -86.333  -30.482 0.4000000060
139561  -22.363  -85.762  -30.908 0.4000000060
4097  -23.811  -85.555  -31.604 0.4000000060
3180  -21.137  -86.899  -30.850 0.4000000060
120174  -21.748  -86.630  -32.760 0.4000000060
3616  -22.989  -85.803  -31.836 0.4000000060
2299  -23.417  -89.859  -29.549 0.3000000119
3171  -23.935  -87.586  -29.726 0.4000000060
4063  -22.930  -85.731  -29.734 0.4000000060
3190  -20.778  -87.105  -31.846 0.4000000060
2733  -22.072  -87.753  -29.792 0.4000000060
3169  -21.327  -87.120  -30.118 0.4000000060
2308  -23.233  -89.281  -30.407 0.3000000119
3164  -23.106  -86.510  -29.530 0.4000000060
3590  -22.298  -86.280  -29.706 0.4000000060
3614  -21.408  -86.624  -31.524 0.4000000060
4081  -23.054  -85.487  -30.576 0.4000000060
4098  -24.522  -85.309  -31.293 0.4000000060
2292  -23.913  -89.186  -29.046 0.3000000119
140513  -23.917  -88.213  -29.862 0.3000000119
3591  -23.682  -85.751  -29.494 0.3000000119
131816  -24.089  -86.617  -29.402 0.3000000119
3618  -26.356  -85.472  -31.269 0.3000000119
3620  -28.272  -86.864  -32.069 0.3000000119
4082  -23.909  -85.276  -30.471 0.3000000119
3182  -29.360  -87.312  -31.793 0.3000000119
3192  -31.442  -87.747  -32.678 0.3000000119
3181  -29.140  -87.236  -32.705 0.3000000119
121180  -25.842  -85.456  -31.894 0.3000000119
3629  -27.546  -86.484  -32.607 0.3000000119
3628  -26.574  -86.025  -32.367 0.3000000119
140313  -29.742  -85.295  -16.471 0.3000000119
4374  -28.503  -84.678  -16.327 0.3000000119
5969  -26.815  -80.609  -24.459 0.3000000119
4754  -26.747  -83.332  -17.346 0.3000000119
5101  -26.267  -82.729  -17.789 0.3000000119
5470  -25.946  -82.169  -20.060 0.3000000119
5476  -25.338  -81.348  -20.409 0.3000000119
5479  -25.501  -81.025  -21.187 0.3000000119
126058  -25.826  -80.724  -21.931 0.3000000119
5938  -26.190  -80.445  -22.693 0.3000000119
6509  -26.727  -79.844  -23.029 0.3000000119
5103  -25.762  -82.122  -18.257 0.3000000119
5469  -25.170  -81.520  -18.754 0.3000000119
133201  -25.260  -81.529  -19.600 0.3000000119
5922  -25.081  -80.458  -20.505 0.3000000119
5930  -25.503  -80.226  -21.344 0.3000000119
4064  -24.190  -85.299  -29.696 0.3000000119
130463  -28.322  -84.700  -16.991 0.3000000119
128762  -26.415  -82.774  -19.409 0.3000000119
4755  -27.316  -83.836  -17.807 0.3000000119
4749  -27.278  -83.882  -16.913 0.3000000119
129631  -26.756  -83.244  -18.930 0.3000000119
5104  -26.339  -82.714  -18.611 0.3000000119
119033  -24.730  -80.892  -19.269 0.3000000119
2212  -12.694  -89.107  -19.832 0.5000000000
2300  -23.724  -88.748  -29.800 0.3000000119
2644  -13.073  -88.680  -20.026 0.5000000000
2654  -11.663  -88.365  -20.163 0.5000000000
2655  -12.394  -88.096  -20.146 0.6000000238
2665  -13.756  -88.498  -21.362 0.6999999881
2673  -10.037  -88.146  -21.985 0.5000000000
2684  -13.880  -88.598  -23.009 0.4000000060
2698  -13.836  -88.746  -24.390 0.4000000060
2712  -14.425  -88.310  -25.875 0.5000000000
2739  -23.612  -88.274  -30.169 0.4000000060
3087  -12.752  -87.241  -20.497 0.6999999881
3095  -10.662  -87.713  -21.556 0.5000000000
3096  -11.372  -87.268  -21.180 0.6000000238
3099  -15.309  -86.795  -21.296 0.6999999881
3105  -9.813  -87.838  -22.790 0.5000000000
3108  -14.871  -87.487  -21.761 0.6999999881
3117  -10.452  -87.213  -23.052 0.5000000000
3129  -15.432  -87.685  -24.454 0.6999999881
3145  -14.779  -87.998  -26.560 0.6000000238
3146  -15.443  -87.326  -26.372 0.6000000238
3163  -22.234  -86.972  -29.603 0.4000000060
3170  -23.019  -87.529  -29.853 0.4000000060
3175  -33.776  -87.630  -31.101 0.4000000060
3179  -20.712  -87.481  -30.643 0.4000000060
3186  -33.722  -87.436  -31.796 0.5000000000
3202  -30.182  -87.075  -33.502 0.5000000000
3204  -31.773  -87.489  -33.097 0.4000000060
3205  -32.473  -87.256  -32.987 0.5000000000
3509  -15.317  -85.708  -20.682 0.6999999881
3521  -12.847  -86.521  -20.763 0.6999999881
3523  -15.684  -86.092  -20.943 0.6999999881
3524  -16.276  -85.893  -21.541 0.6999999881
3532  -12.010  -86.154  -22.396 0.6999999881
3549  -11.294  -86.246  -24.519 0.6000000238
3550  -12.024  -85.828  -24.158 0.6999999881
3551  -16.022  -87.048  -23.934 0.6999999881
3558  -11.318  -86.008  -25.308 0.6999999881
3559  -11.863  -85.751  -24.949 0.6999999881
3569  -16.512  -86.066  -26.579 0.6999999881
3580  -14.702  -86.837  -28.896 0.5000000000
3587  -14.237  -86.612  -29.597 0.5000000000
3588  -14.868  -86.048  -29.242 0.5000000000
3589  -21.815  -86.803  -29.771 0.4000000060
3608  -32.160  -87.646  -30.223 0.3000000119
3609  -33.515  -87.558  -30.245 0.3000000119
3615  -22.099  -86.183  -31.770 0.4000000060
3617  -25.104  -85.402  -31.961 0.3000000119
3619  -27.236  -86.289  -31.818 0.3000000119
3626  -24.486  -85.613  -32.409 0.4000000060
3631  -29.071  -87.016  -33.241 0.5000000000
3632  -33.118  -86.975  -32.761 0.6000000238
3633  -33.770  -86.870  -32.177 0.5000000000
3640  -21.160  -86.612  -34.126 0.5000000000
3642  -23.688  -86.571  -34.010 0.6000000238
3644  -24.441  -85.786  -33.377 0.6999999881
3645  -26.537  -85.594  -32.602 0.6000000238
3646  -27.117  -86.219  -32.854 0.4000000060
3648  -28.577  -86.558  -33.259 0.6000000238
3651  -31.660  -87.032  -33.428 0.6000000238
3659  -21.452  -86.343  -34.844 0.5000000000
3660  -23.308  -86.578  -34.636 0.6000000238
3667  -21.079  -85.796  -35.398 0.5000000000
3670  -23.400  -86.393  -34.789 0.6000000238
3937  -29.087  -85.094  -16.931 0.3000000119
3950  -30.036  -85.487  -17.147 0.3000000119
3970  -14.328  -85.270  -20.801 0.6999999881
3971  -15.179  -85.190  -20.688 0.6999999881
3985  -16.733  -85.723  -22.653 0.6999999881
3992  -13.246  -85.201  -22.856 0.6999999881
4004  -26.749  -85.089  -23.825 0.3000000119
4008  -12.321  -85.307  -25.334 0.6999999881
4011  -17.589  -85.384  -25.797 0.6999999881
4016  -10.897  -85.456  -26.568 0.5000000000
4021  -19.147  -85.243  -26.713 0.6000000238
4022  -19.999  -85.220  -26.901 0.6000000238
4025  -8.617  -85.636  -28.089 0.5000000000
4027  -11.280  -84.966  -26.957 0.6999999881
4029  -17.644  -85.431  -26.568 0.6999999881
4030  -18.681  -85.389  -27.251 0.6000000238
4036  -34.980  -85.148  -27.579 0.3000000119
4037  -35.483  -84.992  -27.980 0.3000000119
4042  -16.028  -85.679  -28.529 0.6000000238
4043  -16.452  -85.678  -27.873 0.6999999881
4046  -19.543  -85.476  -28.272 0.6000000238
4073  -34.815  -85.306  -28.998 0.4000000060
4074  -13.456  -85.498  -30.849 0.5000000000
4086  -33.574  -85.702  -31.325 0.5000000000
4089  -12.842  -85.037  -31.505 0.5000000000
4090  -13.879  -84.877  -31.260 0.5000000000
4092  -16.464  -84.823  -31.210 0.5000000000
4094  -18.303  -84.991  -31.659 0.6000000238
4095  -19.011  -84.843  -31.711 0.5000000000
4096  -22.431  -85.815  -30.190 0.4000000060
4099  -25.335  -85.157  -30.977 0.3000000119
4101  -32.521  -85.520  -32.103 0.4000000060
4105  -12.372  -84.685  -32.159 0.5000000000
4107  -17.719  -84.790  -32.230 0.6000000238
4108  -25.315  -85.139  -32.565 0.8000000119
4109  -26.338  -85.486  -32.598 0.5000000000
4112  -29.019  -85.641  -33.275 0.5000000000
4118  -27.152  -86.027  -33.080 0.6999999881
4131  -24.272  -86.106  -34.104 0.8000000119
4137  -21.842  -85.599  -35.500 0.6000000238
4140  -20.582  -84.252  -36.407 0.6000000238
4380  -27.819  -84.368  -17.378 0.3000000119
4397  -15.660  -84.598  -20.957 0.6999999881
4399  -16.807  -83.993  -21.721 0.6999999881
4405  -15.387  -84.228  -21.536 0.6999999881
4406  -17.416  -83.958  -22.101 0.6999999881
4416  -27.262  -84.308  -23.413 0.3000000119
4420  -13.061  -84.364  -24.904 0.6999999881
4422  -17.788  -84.952  -24.436 0.6999999881
4429  -12.687  -84.761  -25.724 0.6999999881
4434  -21.312  -84.361  -25.917 0.5000000000
4440  -12.218  -84.675  -26.634 0.6999999881
4449  -34.401  -85.012  -26.782 0.3000000119
4453  -10.688  -84.536  -27.655 0.5000000000
4454  -11.660  -84.366  -27.366 0.6000000238
4458  -22.338  -83.882  -28.147 0.5000000000
4471  -21.914  -84.163  -28.824 0.6000000238
4480  -21.515  -84.363  -29.578 0.6000000238
4494  -16.008  -84.680  -31.929 0.5000000000
4497  -20.139  -84.296  -31.712 0.6000000238
4501  -29.755  -84.237  -31.924 0.5000000000
4502  -31.352  -84.953  -31.817 0.4000000060
4504  -13.709  -84.443  -32.762 0.5000000000
4509  -24.980  -84.733  -32.565 0.6000000238
4513  -29.385  -84.985  -32.527 0.5000000000
4517  -14.669  -84.314  -34.398 0.4000000060
4519  -17.008  -83.927  -33.978 0.5000000000
4529  -22.971  -84.313  -34.309 0.6999999881
4533  -14.984  -84.216  -35.736 0.5000000000
4535  -16.795  -83.979  -36.107 0.4000000060
4540  -16.693  -83.248  -36.007 0.5000000000
4757  -26.803  -83.288  -18.206 0.3000000119
4770  -16.094  -84.000  -21.473 0.6999999881
4776  -15.326  -83.730  -22.326 0.6999999881
4778  -16.586  -83.384  -21.949 0.6999999881
4779  -17.076  -83.454  -21.922 0.6999999881
4780  -18.718  -82.977  -22.254 0.5000000000
4788  -19.079  -83.384  -22.783 0.6000000238
4789  -19.797  -83.066  -23.212 0.5000000000
4796  -14.131  -83.370  -23.990 0.6999999881
4799  -20.858  -83.485  -24.529 0.4000000060
4808  -13.940  -82.806  -24.827 0.6999999881
4810  -21.780  -83.732  -25.473 0.4000000060
4815  -33.723  -83.868  -25.117 0.3000000119
4820  -12.612  -83.827  -26.836 0.6999999881
4821  -13.008  -83.410  -26.256 0.6999999881
4824  -26.961  -83.684  -27.541 0.3000000119
4827  -34.239  -84.242  -25.756 0.3000000119
4831  -11.938  -83.837  -27.646 0.6999999881
4834  -22.747  -83.488  -27.557 0.4000000060
4836  -27.606  -83.685  -28.033 0.3000000119
4840  -35.015  -84.189  -27.192 0.4000000060
4848  -23.264  -82.639  -28.205 0.5000000000
4849  -29.252  -83.969  -28.426 0.3000000119
4863  -34.217  -84.246  -29.106 0.4000000060
4867  -21.622  -83.741  -30.259 0.6000000238
4869  -29.731  -82.709  -31.116 0.5000000000
4873  -21.478  -83.230  -31.746 0.5000000000
4875  -25.728  -83.215  -31.892 0.6000000238
4882  -21.058  -83.263  -32.475 0.5000000000
4887  -26.189  -84.068  -31.981 0.6000000238
4891  -21.498  -82.871  -33.410 0.5000000000
4893  -23.977  -83.695  -32.751 0.6999999881
4894  -15.486  -83.680  -35.710 0.5000000000
4896  -16.515  -83.204  -35.661 0.5000000000
4901  -16.156  -83.362  -35.887 0.5000000000
4904  -21.319  -83.309  -36.389 0.6000000238
4906  -17.596  -82.626  -36.367 0.5000000000
5106  -25.828  -82.148  -19.112 0.3000000119
5119  -19.037  -82.423  -22.329 0.5000000000
5123  -15.652  -82.347  -23.216 0.6999999881
5125  -19.589  -82.497  -22.815 0.5000000000
5139  -30.921  -82.552  -24.487 0.3000000119
5141  -14.022  -82.358  -25.573 0.6000000238
5149  -31.609  -83.094  -24.604 0.4000000060
5151  -34.076  -82.286  -25.413 0.3000000119
5155  -13.535  -82.473  -26.374 0.6999999881
5160  -27.287  -82.142  -27.163 0.3000000119
5165  -34.060  -81.833  -26.707 0.4000000060
5166  -34.357  -82.677  -26.158 0.3000000119
5171  -13.552  -81.743  -27.844 0.6999999881
5172  -14.012  -81.789  -27.047 0.6999999881
5175  -28.011  -82.602  -27.628 0.3000000119
5181  -10.934  -82.356  -29.011 0.6000000238
5182  -12.354  -82.619  -28.080 0.6999999881
5183  -12.827  -81.956  -28.248 0.6999999881
5187  -33.611  -82.568  -28.141 0.4000000060
5193  -23.140  -81.729  -28.989 0.5000000000
5194  -31.484  -82.471  -29.757 0.4000000060
5198  -7.902  -82.022  -31.125 0.5000000000
5200  -29.397  -81.950  -31.142 0.5000000000
5203  -22.737  -82.217  -31.462 0.5000000000
5212  -21.227  -82.378  -34.717 0.5000000000
5213  -22.029  -82.883  -33.908 0.6000000238
5215  -18.820  -81.224  -36.846 0.6000000238
5219  -22.254  -83.244  -34.333 0.6999999881
5221  -19.487  -80.678  -37.436 0.6000000238
5222  -20.198  -80.937  -36.821 0.6000000238
5225  -20.461  -81.036  -37.594 0.6000000238
5226  -20.813  -81.528  -36.946 0.6000000238
5477  -25.845  -81.847  -20.996 0.3000000119
5482  -17.708  -81.795  -22.311 0.6000000238
5490  -17.347  -81.269  -23.500 0.6000000238
5492  -19.844  -81.926  -23.274 0.5000000000
5496  -30.513  -81.310  -23.468 0.3000000119
5498  -32.818  -81.488  -23.293 0.4000000060
5500  -33.863  -80.217  -23.863 0.4000000060
5503  -15.770  -81.595  -24.557 0.6000000238
5512  -30.690  -81.970  -24.053 0.4000000060
5516  -15.078  -81.671  -26.135 0.6000000238
5520  -18.363  -80.912  -25.742 0.5000000000
5523  -26.649  -81.003  -25.705 0.3000000119
5531  -14.856  -81.526  -26.929 0.6000000238
5533  -17.629  -81.230  -26.363 0.5000000000
5534  -18.123  -81.039  -26.244 0.6000000238
5536  -26.837  -81.404  -26.382 0.3000000119
5544  -15.549  -81.221  -27.587 0.6000000238
5554  -13.339  -81.576  -28.580 0.6999999881
5556  -16.171  -80.818  -28.130 0.5000000000
5561  -8.917  -81.893  -30.877 0.5000000000
5562  -9.932  -81.663  -30.438 0.6000000238
5564  -13.598  -81.220  -29.236 0.6999999881
5565  -14.488  -80.985  -29.331 0.6000000238
5566  -15.263  -80.779  -29.258 0.6000000238
5569  -31.057  -81.926  -30.057 0.5000000000
5571  -7.893  -81.269  -31.374 0.5000000000
5572  -8.332  -81.406  -31.490 0.5000000000
5577  -22.915  -81.537  -30.858 0.5000000000
5578  -22.889  -80.789  -30.260 0.5000000000
5591  -28.455  -80.968  -33.432 0.5000000000
5592  -22.883  -80.701  -33.627 0.6000000238
5593  -23.421  -80.956  -34.222 0.6000000238
5601  -24.980  -81.026  -35.388 0.5000000000
5606  -19.541  -80.460  -37.790 0.6000000238
5607  -19.940  -80.597  -37.640 0.6000000238
5608  -20.519  -80.959  -37.158 0.6000000238
5943  -33.229  -80.117  -22.709 0.3000000119
5985  -37.502  -79.814  -25.289 0.3000000119
5990  -18.364  -80.552  -26.194 0.6000000238
5992  -34.509  -79.801  -26.655 0.3000000119
5999  -16.847  -80.630  -27.728 0.5000000000
6000  -17.474  -80.443  -27.327 0.6000000238
6003  -33.621  -80.194  -27.707 0.3000000119
6006  -36.281  -79.730  -27.235 0.3000000119
6011  -15.950  -80.556  -28.979 0.5000000000
6020  -7.417  -81.369  -30.934 0.4000000060
6025  -16.223  -80.085  -29.420 0.5000000000
6028  -31.873  -80.486  -29.770 0.5000000000
6029  -32.431  -80.352  -29.218 0.4000000060
6031  -10.315  -80.900  -31.607 0.6000000238
6034  -15.425  -80.126  -30.803 0.6000000238
6037  -30.104  -80.801  -31.209 0.5000000000
6041  -8.848  -80.252  -32.452 0.5000000000
6043  -12.750  -80.463  -31.886 0.6000000238
6044  -13.263  -80.163  -32.567 0.6000000238
6045  -14.172  -80.137  -32.061 0.6000000238
6046  -14.908  -79.982  -31.598 0.5000000000
6050  -9.259  -80.072  -32.906 0.6000000238
6054  -12.837  -79.801  -33.583 0.6000000238
6059  -11.517  -79.620  -33.660 0.6000000238
6061  -22.672  -79.955  -33.684 0.6000000238
6066  -24.731  -80.447  -35.406 0.5000000000
6519  -35.529  -79.357  -24.733 0.3000000119
6528  -38.975  -79.248  -25.959 0.3000000119
6531  -17.781  -79.130  -26.778 0.6000000238
6538  -17.445  -79.626  -27.453 0.6000000238
6550  -35.101  -79.610  -28.880 0.3000000119
6555  -8.633  -79.319  -30.474 0.6000000238
6557  -22.610  -79.401  -30.456 0.4000000060
6560  -32.901  -79.560  -29.780 0.5000000000
6561  -34.174  -79.384  -29.655 0.4000000060
6563  -35.652  -79.395  -29.540 0.3000000119
6566  -8.610  -79.574  -31.646 0.5000000000
6567  -15.732  -79.668  -30.916 0.5000000000
6568  -15.961  -79.328  -30.553 0.5000000000
6569  -22.224  -79.428  -31.081 0.6000000238
6571  -31.767  -79.906  -30.272 0.5000000000
6573  -33.203  -79.280  -30.424 0.5000000000
6575  -34.998  -79.222  -30.176 0.5000000000
6578  -8.877  -79.907  -32.550 0.5000000000
6583  -31.029  -79.797  -31.314 0.4000000060
6584  -32.788  -79.234  -31.188 0.4000000060
6586  -35.341  -78.779  -30.798 0.4000000060
6589  -10.247  -79.736  -33.180 0.6000000238
6590  -10.843  -79.659  -33.372 0.6000000238
6591  -12.997  -79.351  -34.433 0.5000000000
6593  -14.913  -78.935  -32.836 0.5000000000
6595  -22.902  -79.510  -33.305 0.5000000000
6604  -12.374  -79.113  -34.750 0.6000000238
6606  -23.027  -79.712  -33.977 0.5000000000
6614  -12.764  -78.932  -34.930 0.6000000238
6615  -23.513  -79.740  -34.410 0.6000000238
6624  -25.526  -80.274  -35.794 0.5000000000
6958  -15.179  -78.018  -19.057 0.6999999881
6966  -12.135  -79.014  -19.837 0.5000000000
6975  -12.105  -79.394  -20.427 0.6000000238
7013  -11.929  -78.590  -24.463 0.6000000238
7020  -10.790  -78.814  -24.896 0.5000000000
7023  -14.156  -78.165  -25.634 0.6000000238
7027  -10.378  -78.904  -27.246 0.6000000238
7031  -13.332  -78.432  -26.605 0.6000000238
7033  -18.132  -78.648  -26.085 0.6000000238
7036  -10.995  -78.763  -27.895 0.6000000238
7037  -12.047  -78.701  -28.064 0.6999999881
7039  -13.581  -78.154  -27.974 0.6999999881
7045  -9.489  -78.882  -29.762 0.6000000238
7050  -16.886  -79.070  -28.136 0.5000000000
7062  -36.554  -78.256  -29.812 0.3000000119
7065  -11.180  -78.569  -30.951 0.6000000238
7069  -15.913  -78.571  -30.809 0.5000000000
7077  -10.030  -79.102  -32.526 0.6000000238
7078  -10.778  -78.910  -32.970 0.6000000238
7090  -36.713  -77.939  -31.330 0.4000000060
7091  -10.164  -79.373  -32.952 0.5000000000
7094  -12.538  -78.217  -33.369 0.6000000238
7106  -12.285  -78.917  -34.754 0.6000000238
7108  -14.392  -78.510  -33.861 0.5000000000
7116  -13.287  -78.530  -34.646 0.4000000060
7117  -13.982  -78.184  -34.409 0.5000000000
7468  -10.650  -77.863  -19.255 0.6000000238
7469  -15.673  -77.666  -19.365 0.8000000119
7478  -16.377  -77.115  -20.620 0.8000000119
7517  -14.276  -77.554  -26.873 0.6000000238
7519  -18.116  -77.846  -25.989 0.5000000000
7520  -18.764  -77.445  -25.762 0.5000000000
7537  -18.025  -77.007  -27.579 0.5000000000
7543  -13.564  -77.741  -29.575 0.6000000238
7545  -17.181  -76.994  -29.401 0.6000000238
7550  -13.352  -77.922  -30.300 0.5000000000
7551  -15.770  -78.073  -31.476 0.6000000238
7553  -16.973  -76.791  -30.328 0.6000000238
7557  -36.852  -77.669  -30.412 0.3000000119
7558  -13.240  -77.773  -31.200 0.5000000000
7559  -16.060  -77.046  -31.741 0.6000000238
7577  -14.355  -77.540  -34.077 0.5000000000
7578  -14.883  -77.240  -33.719 0.5000000000
7936  -14.409  -76.997  -18.443 0.8000000119
7946  -10.538  -77.048  -19.624 0.6000000238
7947  -15.726  -76.743  -19.175 0.8000000119
7980  -16.032  -77.084  -22.270 0.8000000119
7999  -14.660  -76.551  -25.695 0.6999999881
8006  -13.911  -76.131  -26.992 0.6000000238
8008  -19.220  -76.794  -26.394 0.5000000000
8016  -14.232  -76.897  -27.372 0.6000000238
8022  -12.984  -76.204  -29.415 0.5000000000
8023  -13.641  -76.676  -28.631 0.6000000238
8024  -14.055  -77.018  -28.039 0.6000000238
8025  -18.642  -76.493  -28.604 0.6000000238
8034  -18.560  -76.111  -29.538 0.6000000238
8040  -13.466  -77.196  -30.588 0.5000000000
8042  -17.565  -76.082  -30.787 0.6000000238
8053  -17.016  -75.836  -31.318 0.6000000238
8058  -13.959  -76.942  -33.328 0.6000000238
8061  -15.749  -76.083  -32.327 0.6000000238
8070  -14.209  -77.334  -33.952 0.4000000060
8071  -14.733  -77.047  -33.778 0.6000000238
8496  -13.314  -75.027  -17.680 0.6000000238
8506  -14.498  -75.889  -18.109 0.6999999881
8507  -15.153  -75.643  -18.101 0.6999999881
8508  -15.749  -75.193  -18.358 0.6000000238
8525  -10.883  -75.546  -20.508 0.6000000238
8532  -10.067  -75.466  -22.122 0.6000000238
8535  -15.440  -75.183  -21.707 0.8000000119
8561  -13.921  -75.158  -24.719 0.6999999881
8581  -10.492  -74.444  -27.814 0.6000000238
8589  -10.592  -75.016  -28.628 0.6000000238
8592  -20.293  -75.398  -27.702 0.5000000000
8597  -10.737  -75.202  -29.799 0.6000000238
8599  -18.710  -75.636  -29.519 0.6000000238
8600  -19.358  -75.264  -28.917 0.6000000238
8607  -12.280  -75.450  -31.105 0.6000000238
8615  -12.822  -75.327  -31.769 0.5000000000
8616  -13.617  -75.705  -32.262 0.6000000238
8626  -14.432  -75.870  -32.573 0.6000000238
8627  -15.207  -76.054  -32.648 0.6000000238
9114  -16.967  -74.036  -17.546 0.5000000000
9126  -16.320  -74.599  -17.877 0.6000000238
9138  -16.622  -74.761  -18.625 0.6999999881
9177  -9.555  -74.171  -23.096 0.6000000238
9189  -13.262  -74.458  -25.207 0.6999999881
9197  -11.015  -73.863  -27.001 0.6000000238
9198  -11.894  -74.175  -26.427 0.6999999881
9199  -12.824  -74.634  -26.008 0.6999999881
9200  -20.922  -74.970  -26.915 0.5000000000
9208  -9.710  -73.867  -28.268 0.6000000238
9214  -9.708  -74.407  -28.724 0.6000000238
9215  -20.049  -74.747  -28.240 0.5000000000
9221  -9.572  -74.235  -29.531 0.5000000000
9229  -9.877  -74.093  -30.155 0.5000000000
9230  -10.705  -74.665  -30.640 0.6000000238
9231  -11.504  -74.696  -31.000 0.5000000000
9237  -18.164  -75.367  -30.007 0.6000000238
9244  -14.555  -74.962  -31.680 0.6000000238
9245  -15.589  -75.142  -31.633 0.6000000238
9246  -16.363  -75.286  -31.477 0.6000000238
9785  -10.436  -73.933  -21.741 0.6000000238
9787  -15.884  -73.924  -21.804 0.6000000238
9788  -16.768  -73.959  -21.798 0.6000000238
9800  -10.053  -73.851  -22.366 0.6000000238
9813  -16.878  -73.234  -23.140 0.6999999881
9866  -9.531  -73.649  -29.523 0.6000000238
9874  -18.852  -73.891  -28.987 0.6000000238
9889  -13.318  -73.478  -30.315 0.5000000000
9890  -14.627  -73.639  -30.354 0.6000000238
9891  -15.629  -73.889  -30.310 0.6000000238
9892  -17.153  -74.127  -29.928 0.6000000238
10383  -15.420  -71.984  -18.159 0.5000000000
10406  -10.269  -72.450  -21.208 0.8000000119
10437  -13.328  -72.780  -25.398 0.8000000119
10456  -11.770  -72.538  -26.669 0.6999999881
10472  -9.719  -73.251  -28.368 0.6000000238
10474  -10.918  -72.424  -27.646 0.6000000238
10485  -9.598  -73.062  -29.088 0.6000000238
10486  -10.228  -72.693  -28.454 0.5000000000
10506  -10.463  -72.633  -29.207 0.6000000238
10509  -14.557  -72.300  -29.389 0.6000000238
10510  -15.606  -72.474  -29.287 0.6000000238
10511  -16.463  -72.488  -29.187 0.6000000238
10512  -17.810  -72.756  -28.973 0.6000000238
10513  -18.645  -72.876  -28.769 0.5000000000
10986  -10.126  -71.713  -17.726 0.5000000000
10997  -8.352  -70.786  -19.348 0.5000000000
10999  -10.755  -71.410  -18.579 0.6999999881
11029  -8.794  -71.996  -23.204 0.5000000000
11072  -13.777  -70.931  -26.997 0.5000000000
11082  -12.191  -71.428  -28.664 0.5000000000
11093  -12.882  -71.119  -29.247 0.5000000000
11110  -16.485  -70.945  -30.150 0.6000000238
11570  -13.088  -70.910  -18.034 0.6000000238
11579  -8.433  -70.458  -20.038 0.6000000238
11582  -13.515  -70.607  -19.225 0.6000000238
11594  -8.214  -70.313  -20.928 0.5000000000
11595  -13.162  -70.217  -19.702 0.6000000238
11596  -13.876  -70.101  -20.118 0.5000000000
11633  -14.798  -70.762  -26.770 0.5000000000
11639  -13.240  -70.572  -27.893 0.5000000000
11659  -13.323  -70.914  -29.902 0.5000000000
11668  -11.519  -69.589  -31.269 0.5000000000
11670  -14.226  -70.757  -30.308 0.5000000000
11674  -17.968  -70.121  -30.889 0.5000000000
12158  -11.613  -69.572  -17.608 0.6999999881
12177  -11.671  -69.690  -18.596 0.6999999881
12190  -11.495  -69.091  -20.484 0.6999999881
12193  -14.162  -69.470  -20.701 0.5000000000
12199  -11.170  -68.773  -21.156 0.6000000238
12200  -11.933  -68.799  -21.222 0.6000000238
12201  -12.902  -68.779  -21.340 0.5000000000
12203  -14.220  -68.882  -20.936 0.5000000000
12266  -10.937  -69.062  -31.167 0.5000000000
12267  -10.949  -69.236  -31.206 0.5000000000
12274  -10.976  -69.096  -31.348 0.5000000000
12277  -13.200  -69.066  -31.751 0.5000000000
12786  -11.068  -68.732  -17.511 0.6000000238
12803  -10.251  -68.121  -19.213 0.6999999881
12825  -10.677  -68.718  -20.595 0.6000000238
12840  -9.901  -68.138  -22.134 0.5000000000
12841  -10.760  -68.077  -22.522 0.6000000238
12842  -11.698  -68.077  -22.433 0.5000000000
12843  -12.392  -67.951  -22.237 0.5000000000
12848  -11.194  -67.671  -22.978 0.6000000238
12915  -11.410  -68.792  -31.205 0.5000000000
12932  -12.220  -68.902  -31.566 0.5000000000
13477  -10.670  -67.954  -17.134 0.6000000238
13495  -10.537  -68.059  -18.170 0.6000000238
13531  -9.209  -67.869  -21.598 0.6000000238
13533  -13.007  -67.836  -21.878 0.5000000000
13537  -7.133  -67.275  -23.387 0.6000000238
13540  -11.846  -67.655  -22.672 0.6000000238
13546  -7.801  -67.681  -24.025 0.5000000000
13548  -10.787  -67.382  -23.763 0.6000000238
13549  -11.918  -67.202  -22.825 0.5000000000
13557  -8.649  -67.643  -24.712 0.6000000238
14236  -9.329  -66.867  -19.193 0.6999999881
14248  -8.135  -66.765  -21.164 0.6999999881
14254  -12.282  -66.982  -22.420 0.5000000000
14262  -6.723  -66.671  -23.873 0.5000000000
14263  -10.650  -66.796  -24.069 0.6000000238
14274  -7.167  -66.727  -24.895 0.5000000000
14901  -7.899  -65.536  -20.197 0.6999999881
14918  -11.468  -65.267  -21.892 0.5000000000
14927  -6.799  -65.794  -23.257 0.6999999881
14943  -6.862  -65.926  -24.215 0.6000000238
14944  -10.422  -65.845  -24.064 0.5000000000
14959  -9.032  -66.466  -25.364 0.6000000238
15583  -7.678  -63.909  -20.080 0.6999999881
15590  -7.160  -64.310  -20.784 0.6999999881
15597  -10.928  -63.846  -22.110 0.4000000060
15598  -11.269  -64.370  -21.469 0.4000000060
15608  -10.490  -64.201  -22.865 0.4000000060
15639  -7.242  -65.142  -24.336 0.5000000000
15640  -7.922  -65.221  -24.997 0.5000000000
16256  -12.323  -62.971  -21.185 0.4000000060
16267  -6.589  -64.015  -22.188 0.8000000119
16289  -8.401  -64.116  -25.059 0.5000000000
16290  -9.227  -63.965  -24.980 0.4000000060
16300  -8.323  -63.393  -25.889 0.5000000000
16302  -9.806  -63.266  -25.971 0.4000000060
16310  -8.855  -63.126  -26.523 0.4000000060
16937  -8.747  -62.387  -19.548 0.6000000238
16947  -7.834  -62.935  -20.169 0.6000000238
16961  -6.313  -62.401  -21.346 0.8000000119
16962  -11.913  -62.752  -21.906 0.4000000060
16978  -13.268  -61.902  -22.339 0.3000000119
16987  -6.960  -62.085  -23.673 0.5000000000
16989  -11.560  -62.183  -24.090 0.4000000060
17034  -9.534  -62.645  -27.046 0.4000000060
17751  -6.242  -61.600  -21.709 0.8000000119
17762  -6.477  -61.563  -22.699 0.6000000238
17775  -12.862  -61.776  -22.932 0.3000000119
17795  -12.274  -61.643  -24.369 0.4000000060
17810  -7.553  -62.000  -25.151 0.5000000000
17811  -7.965  -61.883  -25.799 0.5000000000
17825  -9.186  -61.793  -27.223 0.5000000000
17826  -11.431  -61.795  -26.781 0.4000000060
18492  -8.717  -59.753  -17.510 0.5000000000
18507  -7.845  -59.760  -19.669 0.6999999881
18576  -7.604  -59.643  -24.074 0.4000000060
18597  -8.925  -60.143  -26.188 0.5000000000
18605  -9.297  -60.692  -27.084 0.5000000000
18606  -10.042  -60.338  -27.355 0.4000000060
18613  -10.502  -60.964  -27.980 0.4000000060
18614  -11.787  -60.832  -28.100 0.3000000119
19270  -14.221  -59.608  -15.760 0.5000000000
19281  -14.503  -59.475  -16.548 0.4000000060
19286  -8.914  -59.452  -16.518 0.6999999881
19287  -9.644  -59.454  -17.077 0.5000000000
19292  -15.393  -58.816  -17.957 0.4000000060
19298  -11.981  -60.039  -18.213 0.5000000000
19299  -13.160  -60.008  -18.625 0.4000000060
19310  -7.963  -59.140  -19.657 0.6999999881
19317  -15.288  -58.796  -19.096 0.4000000060
19327  -7.132  -59.541  -21.027 0.6999999881
19330  -12.813  -59.542  -20.500 0.5000000000
19331  -13.877  -59.412  -20.531 0.5000000000
19342  -7.118  -59.266  -21.825 0.6000000238
19366  -7.239  -59.096  -22.520 0.5000000000
19379  -7.178  -59.406  -23.193 0.5000000000
19381  -8.792  -58.444  -23.956 0.4000000060
19396  -8.564  -59.849  -25.406 0.4000000060
19413  -10.799  -60.140  -27.521 0.4000000060
20039  -14.324  -58.271  -16.138 0.4000000060
20060  -8.500  -58.710  -19.571 0.6999999881
20061  -8.913  -58.626  -19.069 0.6999999881
20075  -8.082  -58.792  -20.279 0.6999999881
20076  -8.872  -58.542  -20.357 0.5000000000
20077  -9.861  -58.523  -20.497 0.5000000000
20078  -10.905  -58.803  -21.148 0.5000000000
20092  -8.461  -58.540  -21.713 0.5000000000
20097  -13.863  -59.098  -22.013 0.4000000060
20118  -8.451  -58.437  -22.569 0.5000000000
20119  -9.276  -58.185  -23.111 0.4000000060
20122  -11.963  -58.968  -22.574 0.5000000000
20138  -11.236  -58.446  -23.896 0.5000000000
20141  -14.907  -58.469  -23.496 0.4000000060
20152  -13.410  -58.790  -24.380 0.3000000119
20860  -14.150  -57.067  -17.152 0.4000000060
20867  -15.216  -57.836  -18.577 0.4000000060
20868  -15.472  -58.165  -19.234 0.5000000000
20888  -15.172  -57.113  -20.067 0.5000000000
20889  -15.357  -57.245  -20.805 0.4000000060
20903  -15.413  -57.387  -21.672 0.4000000060
21685  -14.080  -56.727  -18.006 0.4000000060
21740  -15.256  -56.768  -22.475 0.4000000060
22508  -11.597  -55.511  -16.634 0.4000000060
22522  -11.085  -55.290  -18.681 0.5000000000
22533  -12.929  -55.765  -19.572 0.4000000060
22544  -11.897  -55.286  -21.009 0.5000000000
22571  -13.939  -55.658  -22.907 0.4000000060
23340  -9.655  -54.826  -18.682 0.4000000060
23355  -9.686  -54.012  -20.453 0.5000000000
23365  -11.282  -54.035  -22.819 0.4000000060
23375  -11.494  -53.629  -23.276 0.3000000119
24125  -7.665  -53.759  -19.283 0.3000000119
24132  -8.447  -53.807  -19.587 0.5000000000
115177  -14.053  -78.880  -19.419 0.6000000238
115178  -13.547  -76.879  -18.530 0.6000000238
115180  -15.397  -78.570  -20.008 0.5000000000
115182  -15.280  -78.705  -20.805 0.5000000000
115184  -12.552  -79.002  -19.913 0.6000000238
115185  -15.999  -78.029  -19.989 0.6999999881
115186  -15.812  -78.222  -21.272 0.8000000119
115189  -16.191  -77.506  -21.451 0.8000000119
115190  -14.608  -78.133  -24.167 0.6999999881
115191  -15.011  -78.097  -23.322 0.6000000238
115193  -11.889  -75.200  -19.142 0.6999999881
115194  -12.037  -73.684  -18.008 0.6000000238
115196  -15.032  -77.429  -24.571 0.6000000238
115199  -15.218  -76.777  -24.365 0.6000000238
115203  -14.722  -76.096  -24.783 0.6999999881
115205  -14.634  -75.167  -23.268 0.8000000119
115206  -14.324  -73.877  -23.043 0.8000000119
115208  -12.843  -73.547  -17.239 0.6000000238
115209  -14.501  -75.414  -24.120 0.6999999881
115213  -13.064  -72.748  -16.810 0.6000000238
115217  -14.999  -73.634  -22.825 0.6999999881
115219  -13.649  -73.494  -24.210 0.8000000119
115223  -11.600  -71.404  -17.308 0.6999999881
115225  -15.206  -72.989  -23.480 0.6999999881
115226  -13.788  -72.914  -24.527 0.6000000238
115238  -16.810  -73.439  -17.433 0.5000000000
115368  -8.000  -72.096  -23.782 0.5000000000
115530  -10.053  -53.127  -18.812 0.3000000119
115537  -9.208  -53.061  -19.181 0.4000000060
117087  -10.972  -73.185  -19.914 0.8000000119
117112  -15.569  -72.595  -24.387 0.6000000238
117211  -12.665  -78.668  -19.484 0.6000000238
117458  -14.282  -74.149  -17.164 0.6000000238
117490  -14.695  -72.534  -24.817 0.6000000238
117595  -16.621  -72.723  -17.701 0.5000000000
117634  -11.391  -77.597  -19.231 0.6000000238
117826  -15.143  -74.625  -22.033 0.8000000119
117895  -11.597  -70.291  -16.251 0.5000000000
117946  -12.283  -76.747  -19.052 0.6999999881
117961  -13.507  -78.305  -18.968 0.6000000238
118209  -15.238  -74.052  -22.102 0.6999999881
118358  -12.694  -71.242  -16.975 0.6000000238
118380  -12.009  -71.052  -16.812 0.6000000238
118407  -13.881  -79.174  -20.252 0.6000000238
118467  -14.817  -78.552  -19.301 0.6000000238
118577  -15.231  -73.818  -17.316 0.6000000238
118629  -11.698  -72.589  -17.818 0.6000000238
118650  -13.423  -87.156  -20.581 0.6999999881
118808  -13.387  -71.601  -17.197 0.6000000238
118848  -15.548  -77.479  -23.008 0.6000000238
119217  -11.111  -61.210  -28.054 0.4000000060
119254  -13.871  -76.332  -18.304 0.6000000238
119338  -13.879  -77.699  -18.643 0.6999999881
119344  -14.439  -58.552  -24.256 0.3000000119
119492  -16.892  -85.533  -28.566 0.6999999881
119528  -14.902  -58.662  -21.976 0.4000000060
120201  -13.460  -74.314  -17.296 0.6000000238
120391  -9.959  -63.755  -24.333 0.4000000060
120528  -13.883  -73.153  -23.811 0.6999999881
120592  -10.862  -58.624  -25.783 0.5000000000
120819  -12.379  -78.596  -25.366 0.6999999881
120850  -6.312  -60.856  -22.064 0.6000000238
121003  -9.825  -66.721  -18.241 0.6000000238
121879  -20.301  -84.911  -30.350 0.6000000238
121882  -14.751  -72.498  -17.450 0.6000000238
121886  -12.307  -66.586  -21.983 0.5000000000
122085  -11.289  -78.583  -32.008 0.6000000238
123557  -8.926  -59.540  -17.359 0.6999999881
124063  -30.887  -84.709  -28.216 0.3000000119
124473  -8.312  -83.374  -29.863 0.5000000000
124527  -11.195  -62.525  -23.451 0.4000000060
124655  -12.970  -81.009  -29.925 0.6000000238
124887  -14.398  -78.957  -21.924 0.6999999881
125123  -17.999  -84.567  -23.675 0.6999999881
125149  -8.629  -65.621  -25.308 0.6000000238
125351  -26.686  -84.962  -32.477 0.6000000238
125540  -24.438  -85.921  -33.232 0.6000000238
125859  -6.701  -64.306  -22.939 0.6999999881
125873  -8.086  -60.223  -19.372 0.6999999881
126035  -12.495  -78.592  -27.510 0.6999999881
126174  -15.616  -86.819  -27.027 0.6000000238
126308  -35.732  -79.727  -26.136 0.3000000119
126408  -11.639  -80.434  -32.287 0.6000000238
126549  -34.744  -79.099  -22.921 0.3000000119
126688  -8.232  -66.224  -20.213 0.6999999881
127101  -8.276  -65.170  -19.585 0.6999999881
127376  -33.718  -79.526  -22.706 0.3000000119
127919  -23.667  -82.190  -32.980 0.6000000238
128145  -13.184  -78.448  -27.387 0.6999999881
128147  -10.356  -71.420  -18.448 0.6000000238
128508  -18.830  -82.354  -37.332 0.6000000238
128817  -18.641  -85.494  -30.250 0.6000000238
129048  -30.025  -87.662  -32.431 0.3000000119
129063  -11.736  -82.564  -28.524 0.6000000238
129221  -11.179  -61.524  -27.688 0.4000000060
129838  -14.294  -88.569  -23.748 0.6999999881
130050  -12.067  -61.649  -25.272 0.4000000060
130543  -9.833  -84.370  -28.211 0.6000000238
130631  -13.538  -77.106  -31.637 0.6000000238
131140  -13.140  -84.713  -24.300 0.6999999881
131464  -15.780  -81.554  -26.005 0.6000000238
131571  -15.309  -77.155  -33.117 0.5000000000
131638  -12.803  -69.621  -31.421 0.5000000000
131762  -16.884  -85.419  -29.953 0.6999999881
131774  -26.590  -80.534  -23.601 0.3000000119
131851  -11.490  -78.470  -19.282 0.6000000238
131981  -13.796  -78.133  -27.154 0.6000000238
132087  -18.879  -85.559  -28.789 0.6999999881
132326  -16.163  -77.844  -20.700 0.8000000119
132636  -19.474  -82.439  -37.480 0.6000000238
132716  -17.160  -72.348  -29.109 0.6000000238
132796  -32.753  -80.804  -28.649 0.4000000060
132847  -30.752  -79.676  -31.896 0.4000000060
133191  -23.479  -85.413  -34.620 0.6999999881
133207  -13.571  -74.925  -31.754 0.6000000238
133236  -12.578  -66.558  -21.207 0.5000000000
133334  -32.502  -82.906  -23.950 0.4000000060
133405  -12.420  -60.721  -28.177 0.3000000119
133429  -13.964  -78.411  -24.871 0.6000000238
133473  -17.548  -85.287  -25.122 0.6999999881
133608  -10.849  -74.047  -20.446 0.8000000119
134177  -11.537  -74.325  -19.039 0.5000000000
134329  -7.085  -70.089  -21.295 0.5000000000
134959  -12.962  -78.870  -22.924 0.6000000238
135117  -14.651  -74.393  -22.583 0.8000000119
135136  -10.929  -78.672  -27.160 0.6999999881
135258  -23.500  -85.426  -29.859 0.4000000060
135347  -22.993  -80.306  -34.126 0.6000000238
135451  -24.909  -80.949  -19.934 0.3000000119
135458  -20.415  -80.998  -24.298 0.5000000000
135507  -11.309  -55.457  -15.960 0.4000000060
135685  -16.095  -75.400  -20.082 0.6000000238
136084  -13.768  -60.253  -15.571 0.5000000000
136339  -16.424  -74.194  -30.377 0.6000000238
136416  -11.674  -75.111  -27.843 0.6000000238
136859  -16.159  -73.819  -17.452 0.6000000238
136980  -12.195  -75.067  -31.589 0.5000000000
137194  -9.680  -58.374  -21.864 0.4000000060
137270  -15.803  -75.206  -20.958 0.8000000119
137711  -14.190  -87.772  -21.277 0.6999999881
137879  -12.883  -76.606  -18.741 0.6999999881
138001  -7.702  -67.416  -24.789 0.5000000000
138006  -12.556  -71.061  -28.008 0.5000000000
138138  -17.984  -81.333  -22.860 0.6000000238
138685  -15.706  -76.679  -22.878 0.8000000119
138838  -19.903  -84.510  -25.192 0.6000000238
138895  -24.975  -83.256  -32.103 0.6000000238
139202  -36.905  -78.373  -29.197 0.3000000119
139283  -15.221  -71.783  -29.389 0.6000000238
139800  -6.504  -63.072  -21.140 0.8000000119
139910  -12.455  -78.566  -29.020 0.6000000238
139918  -24.603  -85.169  -30.330 0.3000000119
140044  -22.405  -79.196  -30.808 0.4000000060
140251  -14.808  -77.150  -25.518 0.6000000238
140682  -15.621  -58.282  -20.409 0.4000000060
140980  -17.739  -77.413  -27.008 0.6000000238
141071  -8.158  -80.747  -31.681 0.4000000060
141121  -11.216  -78.643  -24.432 0.5000000000
141449  -16.246  -77.603  -20.287 0.8000000119
141507  -23.565  -84.903  -34.162 0.6999999881
141699  -9.628  -79.047  -28.866 0.6999999881
141747  -20.888  -74.591  -27.245 0.5000000000
141867  -12.309  -70.817  -16.872 0.6000000238
142020  -12.452  -85.553  -24.017 0.6999999881
142133  -12.063  -63.530  -20.756 0.4000000060
142448  -17.306  -81.480  -22.776 0.6000000238
142501  -22.683  -83.004  -28.910 0.5000000000
142740  -9.305  -73.614  -23.405 0.6000000238
142751  -7.928  -70.380  -19.941 0.5000000000
142929  -12.457  -78.529  -34.396 0.6000000238
143062  -14.599  -81.934  -25.616 0.6000000238
143208  -16.441  -86.537  -24.201 0.6999999881
143258  -14.170  -59.467  -19.909 0.6000000238
143334  -13.071  -69.252  -20.913 0.5000000000
143384  -30.617  -87.653  -32.822 0.3000000119
