#!ascii label  , from subject sub-v1s20x0050371_ses-1 vox2ras=TkReg
1584
5591  -28.455  -80.968  -33.432 0.5000000000
5596  -26.933  -81.633  -33.889 0.6000000238
7076  -36.558  -78.209  -30.619 0.3000000119
125469  -25.950  -81.841  -33.697 0.5000000000
7088  -35.584  -78.263  -31.233 0.4000000060
7574  -37.260  -77.671  -32.157 0.4000000060
8056  -38.477  -77.037  -31.876 0.4000000060
7563  -37.117  -77.866  -31.234 0.3000000119
7575  -37.902  -77.644  -32.738 0.4000000060
6627  -28.781  -80.262  -35.944 0.5000000000
6070  -28.179  -80.843  -36.274 0.5000000000
5597  -27.938  -81.226  -34.621 0.5000000000
6618  -27.216  -79.729  -35.526 0.6000000238
6069  -27.235  -80.726  -36.349 0.5000000000
5603  -26.961  -81.240  -35.742 0.6000000238
8047  -37.150  -76.800  -30.005 0.3000000119
5602  -25.996  -81.189  -35.647 0.5000000000
121091  -33.320  -78.844  -32.050 0.5000000000
6585  -34.069  -78.640  -31.485 0.5000000000
7557  -36.852  -77.669  -30.412 0.3000000119
5609  -25.705  -80.796  -35.946 0.6000000238
5595  -25.398  -81.499  -34.660 0.5000000000
130222  -37.405  -77.647  -33.404 0.5000000000
7104  -35.988  -77.652  -31.754 0.4000000060
8067  -38.730  -77.196  -32.838 0.4000000060
8049  -39.024  -76.245  -31.281 0.3000000119
8048  -38.083  -76.700  -30.811 0.3000000119
139442  -37.750  -77.669  -34.553 0.4000000060
7586  -38.060  -77.862  -34.030 0.4000000060
7587  -38.612  -77.565  -34.731 0.4000000060
8083  -30.811  -76.318  -35.152 0.6999999881
7589  -30.670  -77.219  -34.685 0.6999999881
139909  -30.605  -77.861  -34.448 0.6999999881
6062  -29.198  -80.392  -33.820 0.5000000000
121438  -29.683  -76.671  -33.840 0.6999999881
7580  -29.598  -77.464  -34.022 0.6999999881
7114  -29.425  -78.460  -34.239 0.8000000119
7119  -29.035  -79.353  -35.004 0.5000000000
6609  -27.377  -79.313  -34.582 0.6999999881
6058  -29.628  -80.028  -32.937 0.5000000000
7101  -28.016  -78.240  -33.131 0.6999999881
6599  -31.837  -79.236  -32.932 0.4000000060
8038  -37.335  -76.326  -29.121 0.3000000119
7110  -25.709  -79.084  -33.579 0.6000000238
6601  -33.398  -78.442  -32.960 0.5000000000
6602  -34.056  -78.208  -32.026 0.5000000000
129661  -37.963  -76.096  -29.815 0.3000000119
6608  -26.283  -79.452  -34.800 0.5000000000
7572  -35.305  -77.197  -31.899 0.5000000000
7598  -37.680  -77.209  -36.206 0.4000000060
7585  -37.412  -77.443  -34.066 0.4000000060
8080  -39.117  -77.165  -33.743 0.4000000060
8068  -39.593  -76.552  -32.750 0.4000000060
8057  -39.172  -76.621  -32.062 0.4000000060
7599  -38.056  -77.320  -36.363 0.3000000119
7595  -37.890  -77.727  -35.407 0.4000000060
125945  -30.751  -74.922  -32.879 0.5000000000
9262  -31.041  -74.767  -34.404 0.6000000238
9270  -32.104  -74.059  -34.811 0.6000000238
8643  -31.516  -74.898  -35.279 0.6000000238
8088  -31.087  -75.587  -35.370 0.6000000238
9247  -30.643  -74.001  -31.618 0.5000000000
122095  -30.884  -74.293  -32.278 0.5000000000
8622  -30.540  -74.927  -31.782 0.6000000238
8628  -30.351  -75.487  -33.746 0.6000000238
8636  -30.601  -75.467  -34.747 0.6999999881
6621  -30.080  -79.187  -34.609 0.6000000238
7525  -37.888  -77.898  -26.611 0.3000000119
139795  -29.043  -74.969  -28.818 0.6999999881
8610  -29.847  -75.200  -30.287 0.6000000238
125049  -29.994  -75.538  -31.252 0.6000000238
8621  -30.072  -75.719  -32.474 0.6000000238
7569  -28.408  -77.583  -32.677 0.6999999881
119361  -31.683  -77.907  -34.457 0.6000000238
6623  -31.562  -78.493  -34.180 0.6000000238
130242  -30.321  -79.522  -33.375 0.5000000000
9224  -29.041  -74.409  -29.171 0.6999999881
8601  -29.008  -75.538  -29.087 0.6000000238
142318  -28.756  -76.211  -29.544 0.6000000238
8046  -29.474  -76.076  -30.705 0.6000000238
7562  -28.185  -77.328  -31.791 0.6999999881
7568  -27.669  -77.941  -32.262 0.6999999881
6612  -32.135  -78.814  -33.704 0.5000000000
9218  -28.656  -74.754  -28.415 0.6999999881
8587  -28.332  -75.011  -27.630 0.6000000238
8594  -28.588  -75.378  -28.306 0.6999999881
8044  -27.957  -76.818  -29.818 0.6000000238
7555  -27.220  -77.488  -30.535 0.6000000238
7111  -26.771  -79.034  -33.603 0.6999999881
7123  -32.241  -78.219  -34.154 0.5000000000
7582  -34.243  -77.174  -32.077 0.5000000000
8028  -28.015  -76.036  -28.143 0.6000000238
7548  -26.967  -77.338  -29.628 0.6000000238
7085  -25.977  -78.570  -31.734 0.6000000238
7098  -25.273  -78.816  -32.568 0.6000000238
7109  -24.551  -79.037  -33.534 0.6000000238
7581  -33.475  -77.538  -33.149 0.5000000000
8611  -38.789  -75.826  -30.379 0.3000000119
8013  -27.413  -75.836  -26.784 0.6999999881
8019  -26.951  -76.320  -27.223 0.6000000238
8036  -27.545  -76.687  -28.881 0.6000000238
7547  -26.045  -77.745  -29.435 0.6000000238
7073  -25.498  -78.298  -30.059 0.5000000000
7074  -25.731  -78.365  -30.882 0.5000000000
7097  -24.120  -78.847  -32.565 0.5000000000
6607  -25.012  -79.426  -34.505 0.5000000000
7593  -37.310  -77.117  -34.437 0.5000000000
9276  -40.179  -74.829  -35.578 0.3000000119
8651  -39.895  -75.649  -35.787 0.3000000119
8087  -39.605  -76.468  -35.582 0.3000000119
8641  -40.754  -75.868  -34.083 0.4000000060
8069  -40.042  -76.511  -33.705 0.4000000060
6596  -23.546  -79.151  -33.451 0.5000000000
137298  -38.202  -75.872  -36.420 0.3000000119
8092  -37.979  -76.432  -36.793 0.3000000119
8081  -39.524  -77.020  -34.679 0.4000000060
123228  -31.595  -72.256  -32.795 0.5000000000
10564  -32.338  -72.305  -33.257 0.5000000000
10565  -33.420  -71.916  -33.409 0.5000000000
10571  -32.879  -72.484  -33.599 0.5000000000
10563  -30.605  -72.155  -32.269 0.5000000000
9898  -30.099  -73.831  -31.129 0.5000000000
9917  -31.984  -73.162  -33.337 0.5000000000
9924  -32.770  -73.204  -33.963 0.5000000000
9264  -33.261  -73.881  -33.683 0.6000000238
8644  -32.193  -74.840  -34.976 0.6000000238
9908  -29.712  -73.056  -31.559 0.5000000000
8648  -31.558  -75.614  -35.271 0.6000000238
7590  -31.304  -77.085  -34.846 0.8000000119
7516  -37.975  -77.435  -25.632 0.3000000119
9879  -28.869  -73.694  -29.862 0.6000000238
8075  -32.981  -75.677  -32.931 0.4000000060
8014  -37.412  -76.670  -26.367 0.3000000119
9862  -28.443  -74.098  -28.938 0.6999999881
127427  -32.827  -76.661  -33.658 0.5000000000
7591  -32.027  -77.483  -34.497 0.6000000238
8031  -37.478  -75.940  -28.157 0.3000000119
9850  -27.402  -74.053  -27.728 0.6999999881
8638  -36.532  -76.310  -33.241 0.4000000060
8595  -37.975  -75.576  -29.077 0.3000000119
9211  -27.844  -74.708  -27.176 0.6000000238
8586  -27.837  -75.346  -26.984 0.6999999881
8076  -34.659  -76.533  -31.986 0.4000000060
8612  -39.673  -75.363  -30.865 0.3000000119
9205  -26.753  -74.832  -26.040 0.6000000238
8579  -26.366  -75.614  -25.887 0.6999999881
7531  -26.295  -76.943  -27.902 0.6000000238
7539  -25.669  -77.601  -28.580 0.5000000000
7546  -25.064  -78.089  -29.264 0.5000000000
7083  -23.553  -78.768  -31.660 0.6000000238
8079  -37.201  -76.682  -34.249 0.4000000060
8078  -36.831  -76.829  -33.580 0.4000000060
9930  -40.906  -73.548  -35.278 0.3000000119
9275  -39.223  -75.227  -35.793 0.3000000119
10579  -41.637  -72.794  -35.295 0.3000000119
9277  -41.084  -74.007  -35.365 0.3000000119
8646  -40.471  -75.723  -35.156 0.4000000060
8623  -39.778  -75.982  -31.826 0.3000000119
7523  -25.091  -77.178  -27.047 0.6000000238
7538  -24.682  -78.015  -28.430 0.5000000000
7043  -23.898  -78.546  -28.392 0.5000000000
7061  -24.580  -78.626  -29.969 0.5000000000
7071  -23.009  -78.740  -30.958 0.5000000000
7082  -22.728  -79.016  -31.688 0.6000000238
6581  -22.459  -79.420  -31.723 0.5000000000
8645  -37.530  -75.924  -36.008 0.3000000119
9271  -38.429  -75.338  -35.483 0.3000000119
7530  -25.342  -77.433  -27.742 0.5000000000
7060  -24.093  -78.457  -29.202 0.5000000000
7058  -22.860  -79.071  -30.397 0.5000000000
6013  -23.173  -80.329  -28.848 0.5000000000
11122  -31.976  -71.646  -31.279 0.5000000000
11134  -31.512  -71.623  -32.044 0.5000000000
11142  -32.981  -71.628  -32.942 0.5000000000
10556  -34.795  -72.197  -32.046 0.5000000000
10566  -34.156  -71.991  -33.225 0.5000000000
10572  -33.496  -72.405  -33.545 0.5000000000
9907  -28.827  -72.549  -32.041 0.5000000000
11135  -32.417  -71.532  -32.139 0.5000000000
9918  -34.590  -73.133  -32.663 0.4000000060
10555  -29.527  -72.130  -32.194 0.5000000000
140318  -34.779  -74.101  -31.873 0.4000000060
139590  -38.774  -78.320  -25.239 0.3000000119
138497  -37.908  -76.733  -24.944 0.3000000119
9896  -28.358  -73.161  -31.170 0.6000000238
9255  -34.288  -74.216  -32.299 0.4000000060
8629  -33.544  -74.676  -32.767 0.4000000060
9878  -27.764  -73.483  -30.075 0.6000000238
9861  -27.602  -73.830  -28.762 0.6000000238
130299  -37.516  -75.590  -26.271 0.3000000119
8021  -37.415  -75.888  -27.108 0.3000000119
9860  -26.664  -73.625  -28.657 0.6000000238
8066  -34.912  -75.838  -32.063 0.4000000060
9848  -25.471  -73.579  -27.361 0.6000000238
8633  -37.648  -75.413  -33.885 0.4000000060
130376  -37.055  -75.963  -33.648 0.4000000060
8603  -38.569  -75.497  -29.653 0.3000000119
9840  -26.203  -74.028  -26.545 0.6999999881
8640  -37.884  -75.502  -34.908 0.3000000119
9272  -39.270  -74.774  -35.153 0.3000000119
11123  -32.920  -71.649  -31.348 0.5000000000
11136  -33.394  -71.551  -32.201 0.5000000000
11137  -34.299  -71.794  -32.207 0.5000000000
9899  -35.682  -73.936  -30.561 0.4000000060
11133  -30.556  -71.779  -31.959 0.5000000000
9910  -35.395  -74.105  -31.222 0.4000000060
9919  -34.923  -73.479  -31.932 0.4000000060
132423  -30.312  -71.705  -31.164 0.6000000238
9256  -35.647  -74.651  -31.623 0.4000000060
9257  -36.502  -74.965  -32.243 0.4000000060
122174  -37.626  -76.210  -25.541 0.3000000119
9877  -26.890  -73.519  -29.672 0.6000000238
126805  -35.882  -75.278  -32.263 0.4000000060
8632  -36.426  -75.608  -32.850 0.4000000060
9258  -37.139  -75.239  -32.945 0.4000000060
9266  -38.612  -74.759  -34.092 0.4000000060
9267  -39.699  -74.222  -34.330 0.3000000119
9203  -24.866  -74.304  -25.716 0.6000000238
10540  -33.549  -72.227  -30.751 0.5000000000
10541  -34.481  -72.205  -31.388 0.5000000000
9881  -35.628  -73.620  -29.996 0.4000000060
9882  -36.400  -73.601  -29.836 0.4000000060
10538  -31.639  -72.015  -30.326 0.5000000000
10523  -33.189  -72.714  -29.788 0.5000000000
9901  -37.675  -73.552  -30.424 0.4000000060
11120  -29.607  -71.747  -31.776 0.6000000238
10537  -30.686  -71.928  -30.070 0.6000000238
10521  -31.462  -72.291  -29.296 0.6000000238
9240  -36.053  -74.301  -31.031 0.4000000060
9906  -27.833  -72.585  -32.333 0.6000000238
124193  -29.753  -71.739  -30.515 0.6000000238
9912  -38.359  -74.076  -31.647 0.4000000060
140218  -38.193  -74.461  -32.257 0.4000000060
133261  -27.458  -73.073  -31.531 0.6000000238
126693  -37.996  -74.802  -32.929 0.4000000060
9920  -39.434  -73.733  -32.655 0.4000000060
9259  -39.325  -74.105  -33.370 0.4000000060
131297  -40.312  -72.830  -32.924 0.4000000060
8588  -37.914  -75.101  -27.724 0.3000000119
9212  -38.347  -74.256  -27.323 0.3000000119
9876  -25.938  -73.381  -29.964 0.6000000238
10573  -39.924  -73.474  -33.414 0.4000000060
9227  -39.613  -74.381  -29.610 0.3000000119
9219  -38.568  -74.508  -28.302 0.3000000119
9859  -25.698  -73.433  -28.524 0.6000000238
127349  -24.229  -73.795  -26.281 0.6000000238
9857  -23.800  -73.164  -27.958 0.6999999881
10536  -25.012  -72.823  -32.292 0.6999999881
9847  -24.493  -73.460  -27.168 0.6000000238
10492  -24.049  -72.946  -29.113 0.6999999881
10519  -24.197  -72.918  -30.565 0.6999999881
9845  -22.815  -72.996  -27.660 0.6000000238
10550  -24.684  -72.470  -32.369 0.6999999881
11129  -24.962  -71.916  -32.440 0.6000000238
142494  -23.220  -72.777  -28.629 0.6999999881
10534  -23.646  -72.532  -31.276 0.6999999881
124416  -34.256  -73.023  -30.146 0.5000000000
10524  -35.188  -73.407  -29.655 0.5000000000
10496  -32.912  -72.701  -28.787 0.5000000000
10497  -33.874  -72.914  -28.956 0.5000000000
139626  -34.671  -73.190  -29.067 0.5000000000
10526  -36.831  -73.130  -29.164 0.5000000000
9883  -37.219  -73.351  -29.812 0.4000000060
10520  -30.723  -72.212  -28.812 0.6000000238
10495  -32.058  -72.560  -28.627 0.6000000238
10478  -33.565  -72.815  -27.980 0.6000000238
127118  -38.436  -73.208  -30.404 0.4000000060
127205  -28.135  -71.938  -32.704 0.6000000238
132019  -31.754  -72.591  -27.832 0.6000000238
10477  -32.589  -72.682  -27.881 0.6000000238
9902  -38.854  -73.410  -31.061 0.4000000060
9905  -26.865  -72.714  -32.472 0.6000000238
11118  -28.035  -71.611  -31.776 0.6000000238
11105  -29.009  -71.667  -29.653 0.6000000238
11087  -29.942  -72.108  -28.104 0.6000000238
10476  -31.433  -72.534  -27.174 0.6000000238
9913  -39.200  -73.633  -31.869 0.4000000060
11702  -41.386  -70.678  -32.773 0.4000000060
11131  -27.338  -71.859  -32.726 0.6000000238
11104  -28.092  -71.545  -30.038 0.6000000238
11086  -29.082  -71.723  -28.413 0.6000000238
11076  -29.960  -72.133  -27.056 0.6000000238
10438  -30.754  -72.280  -25.701 0.6000000238
10569  -40.423  -72.529  -32.152 0.4000000060
11146  -41.142  -71.455  -32.614 0.4000000060
141477  -25.839  -73.229  -31.158 0.6000000238
11117  -27.050  -71.521  -31.559 0.5000000000
11085  -28.175  -71.444  -28.690 0.6000000238
11075  -29.110  -71.704  -27.291 0.6000000238
132322  -29.170  -71.660  -26.364 0.6000000238
11050  -30.906  -72.088  -24.712 0.6999999881
9858  -24.738  -73.294  -28.258 0.6999999881
9894  -25.826  -72.956  -32.296 0.6000000238
11103  -27.194  -71.368  -30.268 0.6000000238
11084  -27.274  -71.230  -28.956 0.6000000238
11064  -28.613  -71.274  -25.224 0.6000000238
139721  -30.382  -71.507  -24.154 0.6000000238
11032  -30.993  -71.134  -23.441 0.6000000238
11073  -27.245  -70.972  -27.768 0.6000000238
141082  -27.544  -70.932  -25.108 0.6000000238
11048  -28.803  -70.701  -24.315 0.6000000238
12217  -29.534  -70.450  -23.894 0.6000000238
11115  -25.459  -71.538  -32.025 0.6000000238
11663  -26.485  -70.954  -29.186 0.6000000238
11634  -26.547  -70.225  -26.038 0.5000000000
12224  -27.116  -69.922  -24.770 0.6000000238
11626  -28.268  -70.018  -24.278 0.6000000238
11654  -26.689  -70.577  -28.186 0.5000000000
10491  -22.732  -72.499  -28.994 0.6999999881
139260  -23.733  -71.936  -31.791 0.6999999881
11679  -24.820  -71.002  -31.333 0.5000000000
11653  -26.150  -70.267  -28.630 0.6000000238
11643  -26.441  -70.025  -27.787 0.5000000000
11625  -26.620  -69.954  -25.551 0.5000000000
12248  -26.139  -69.979  -28.568 0.6000000238
13634  -12.128  -67.363  -29.550 0.6000000238
13635  -12.845  -66.890  -29.717 0.6000000238
12916  -12.808  -68.307  -31.249 0.6000000238
10498  -35.464  -73.195  -28.637 0.5000000000
10500  -37.214  -72.709  -28.606 0.5000000000
141944  -38.758  -72.775  -29.826 0.5000000000
132914  -32.144  -72.655  -27.098 0.5000000000
10463  -34.066  -72.871  -27.201 0.5000000000
122986  -35.178  -72.540  -26.199 0.5000000000
10544  -40.150  -72.435  -30.325 0.4000000060
11693  -41.316  -71.058  -30.975 0.4000000060
141253  -33.711  -72.778  -26.660 0.5000000000
10558  -39.690  -72.906  -31.261 0.4000000060
11138  -40.939  -71.651  -31.261 0.4000000060
11701  -41.205  -70.423  -31.784 0.4000000060
10439  -31.659  -72.467  -25.477 0.5000000000
10441  -33.407  -72.464  -24.983 0.5000000000
10462  -33.404  -72.696  -26.008 0.5000000000
11145  -40.818  -71.885  -31.995 0.4000000060
10426  -31.821  -72.292  -24.523 0.6000000238
10427  -32.690  -72.317  -24.390 0.6000000238
11040  -31.138  -71.741  -23.848 0.6000000238
10421  -32.873  -71.991  -23.815 0.5000000000
11617  -30.623  -70.548  -23.613 0.4000000060
11611  -32.487  -70.885  -23.333 0.4000000060
11612  -33.427  -70.637  -23.470 0.4000000060
12232  -29.025  -69.587  -24.713 0.6000000238
12218  -30.368  -69.989  -23.979 0.6000000238
12219  -31.373  -70.002  -23.725 0.5000000000
12209  -32.243  -70.082  -23.520 0.4000000060
12211  -33.857  -69.738  -23.468 0.4000000060
12850  -33.882  -68.845  -23.598 0.4000000060
10475  -21.998  -72.785  -27.954 0.6999999881
12231  -27.906  -69.585  -24.933 0.6000000238
12225  -30.251  -69.580  -24.771 0.5000000000
135514  -32.166  -69.536  -23.945 0.4000000060
123549  -23.672  -71.412  -31.690 0.6000000238
12249  -26.849  -69.739  -27.590 0.5000000000
12240  -28.138  -69.254  -26.189 0.5000000000
12875  -30.645  -68.697  -26.366 0.5000000000
12864  -31.156  -68.976  -25.641 0.5000000000
12226  -31.541  -69.418  -24.651 0.4000000060
12857  -33.334  -68.544  -24.186 0.4000000060
11661  -25.045  -70.309  -30.003 0.6000000238
12885  -29.337  -68.735  -27.257 0.5000000000
13615  -12.588  -66.536  -27.588 0.6999999881
14324  -12.505  -66.474  -28.990 0.6000000238
15030  -13.357  -65.629  -27.535 0.6999999881
14337  -13.419  -65.963  -29.045 0.6000000238
15031  -14.290  -65.331  -27.944 0.6000000238
13655  -13.532  -67.508  -30.662 0.6000000238
14338  -14.922  -65.908  -29.454 0.6000000238
15032  -15.349  -65.302  -28.383 0.6000000238
137169  -16.559  -65.339  -27.904 0.6000000238
14315  -17.682  -66.367  -27.256 0.6000000238
132602  -13.425  -68.650  -31.627 0.5000000000
13637  -15.488  -66.749  -30.094 0.6000000238
14339  -16.132  -65.902  -29.450 0.6000000238
14327  -16.629  -65.635  -28.935 0.6000000238
15034  -16.642  -65.460  -28.459 0.6000000238
10528  -38.514  -72.578  -29.156 0.5000000000
12933  -15.288  -68.243  -31.973 0.5000000000
12918  -15.537  -67.780  -31.720 0.5000000000
13617  -17.294  -66.889  -28.990 0.5000000000
14329  -17.480  -66.556  -28.123 0.5000000000
10480  -35.672  -72.930  -27.717 0.4000000060
10481  -36.532  -72.560  -27.451 0.5000000000
135545  -40.353  -71.989  -29.043 0.5000000000
10530  -40.415  -71.786  -29.761 0.4000000060
12919  -16.314  -67.729  -31.522 0.5000000000
129853  -15.803  -67.357  -30.927 0.5000000000
118982  -18.668  -68.141  -28.916 0.5000000000
13618  -17.892  -67.707  -28.461 0.5000000000
10465  -36.807  -72.276  -26.589 0.5000000000
11681  -40.964  -70.952  -30.212 0.4000000060
12285  -40.964  -70.063  -30.907 0.4000000060
12944  -41.330  -68.613  -31.849 0.4000000060
12279  -16.351  -68.649  -31.986 0.5000000000
13657  -16.949  -67.858  -31.101 0.5000000000
13639  -17.070  -67.501  -29.925 0.6000000238
142034  -19.838  -68.190  -29.675 0.6000000238
12286  -41.142  -69.514  -31.778 0.4000000060
12936  -18.413  -68.815  -31.522 0.6000000238
13680  -18.834  -68.502  -31.343 0.6000000238
124229  -18.596  -68.321  -30.585 0.6999999881
10442  -34.385  -72.461  -25.499 0.4000000060
121722  -34.013  -72.094  -24.621 0.5000000000
133412  -19.219  -71.044  -29.413 0.6000000238
11043  -34.425  -71.502  -24.216 0.5000000000
11036  -34.658  -70.946  -23.884 0.4000000060
11099  -20.029  -71.412  -29.069 0.6000000238
11035  -33.907  -71.123  -23.740 0.4000000060
10515  -20.742  -71.921  -28.681 0.6000000238
11101  -21.934  -71.654  -30.290 0.6000000238
12212  -34.815  -69.764  -23.448 0.4000000060
11690  -22.157  -70.858  -31.661 0.6000000238
10533  -22.793  -72.178  -30.850 0.6999999881
12257  -25.239  -69.575  -29.903 0.6000000238
12259  -26.910  -69.059  -29.242 0.6000000238
137330  -27.144  -69.353  -28.479 0.5000000000
12250  -27.637  -69.212  -27.977 0.5000000000
13578  -13.149  -66.223  -26.746 0.6999999881
14299  -13.406  -65.824  -26.727 0.6999999881
15000  -14.174  -65.743  -26.242 0.6000000238
15017  -15.850  -65.260  -27.071 0.6000000238
120730  -15.755  -65.477  -26.063 0.6000000238
119309  -16.808  -65.456  -27.266 0.6000000238
14301  -18.019  -66.319  -26.285 0.6999999881
13582  -18.392  -66.928  -26.465 0.6000000238
131174  -18.045  -67.366  -27.466 0.6000000238
10483  -38.122  -72.228  -27.217 0.5000000000
142191  -38.803  -72.210  -27.646 0.5000000000
10502  -38.997  -72.331  -28.328 0.5000000000
11089  -39.999  -72.039  -28.440 0.5000000000
126472  -19.891  -68.183  -27.710 0.6000000238
13600  -20.160  -67.909  -26.598 0.5000000000
11078  -39.671  -71.332  -28.108 0.5000000000
11107  -40.680  -71.531  -29.563 0.5000000000
12271  -40.668  -69.180  -30.367 0.4000000060
126882  -21.405  -67.957  -29.624 0.6000000238
13619  -19.630  -68.222  -28.863 0.6000000238
126855  -21.077  -68.222  -27.478 0.5000000000
11112  -18.385  -70.736  -29.974 0.6000000238
11686  -18.501  -69.533  -31.298 0.4000000060
12281  -18.122  -68.963  -31.517 0.6000000238
13660  -20.662  -67.823  -31.682 0.6000000238
121270  -21.087  -67.751  -30.666 0.6000000238
13621  -21.731  -68.189  -28.585 0.6000000238
11051  -35.951  -71.821  -24.844 0.4000000060
10444  -37.326  -72.083  -25.719 0.4000000060
11676  -19.689  -70.522  -30.999 0.5000000000
12282  -19.775  -69.048  -31.987 0.5000000000
12948  -20.270  -68.593  -32.287 0.6000000238
119014  -19.954  -68.204  -31.828 0.6999999881
13661  -21.771  -67.494  -31.932 0.6000000238
13642  -22.028  -67.608  -30.769 0.6000000238
13643  -23.916  -67.352  -30.890 0.6000000238
10429  -34.941  -71.915  -24.791 0.5000000000
131265  -19.944  -70.849  -29.997 0.6000000238
12290  -20.530  -68.831  -32.410 0.6000000238
13699  -21.499  -67.864  -33.010 0.6000000238
13683  -23.106  -67.386  -31.918 0.6000000238
13644  -24.587  -66.768  -30.951 0.6000000238
11044  -35.427  -71.269  -24.210 0.4000000060
11113  -20.493  -70.960  -30.899 0.5000000000
11697  -20.744  -69.518  -32.045 0.6000000238
138092  -22.407  -68.130  -32.573 0.6000000238
12921  -24.475  -67.388  -31.300 0.6000000238
12941  -25.331  -66.641  -31.601 0.6000000238
11100  -20.888  -71.272  -29.790 0.6000000238
126198  -21.685  -71.120  -31.460 0.6000000238
11689  -21.507  -70.515  -31.698 0.6000000238
12284  -22.874  -68.298  -31.925 0.6000000238
12920  -23.511  -67.947  -31.586 0.6000000238
12269  -23.996  -69.099  -30.893 0.6000000238
11677  -23.589  -70.418  -31.347 0.6000000238
12895  -27.724  -68.851  -29.081 0.5000000000
12896  -28.473  -68.681  -28.769 0.5000000000
12871  -15.091  -67.980  -26.721 0.6999999881
13579  -13.832  -66.167  -26.031 0.6999999881
134469  -16.953  -69.712  -26.498 0.6999999881
12873  -16.808  -68.990  -26.147 0.6999999881
13581  -14.969  -67.402  -25.701 0.6999999881
13566  -14.796  -66.481  -25.259 0.6999999881
14961  -15.374  -65.746  -25.218 0.6000000238
14979  -17.095  -65.701  -25.363 0.6000000238
14284  -18.809  -66.078  -25.505 0.5000000000
15004  -17.810  -66.004  -26.088 0.6999999881
14285  -19.755  -66.007  -25.500 0.5000000000
13583  -19.511  -67.090  -25.806 0.5000000000
135631  -21.041  -67.997  -26.451 0.5000000000
11088  -39.408  -71.988  -27.697 0.4000000060
11664  -40.193  -70.216  -29.288 0.5000000000
12261  -40.274  -69.253  -29.615 0.5000000000
12927  -40.745  -68.404  -30.639 0.4000000060
10466  -37.739  -72.184  -26.426 0.4000000060
11655  -39.741  -70.357  -28.599 0.4000000060
135561  -23.489  -68.241  -28.118 0.6000000238
127876  -23.088  -67.684  -29.886 0.6000000238
13623  -23.620  -67.868  -29.277 0.6000000238
14363  -25.419  -66.359  -31.567 0.6000000238
13645  -25.167  -66.920  -30.228 0.6000000238
12923  -26.067  -67.536  -31.431 0.6000000238
12942  -25.856  -67.014  -31.909 0.6000000238
14352  -26.054  -66.129  -31.104 0.6000000238
12270  -24.742  -68.600  -30.638 0.6000000238
13667  -27.479  -67.048  -31.796 0.5000000000
12904  -26.460  -68.453  -30.267 0.6000000238
12924  -26.995  -67.554  -31.273 0.5000000000
12906  -28.329  -68.268  -29.891 0.5000000000
119878  -17.710  -71.098  -25.760 0.6999999881
115247  -17.510  -69.596  -26.011 0.6999999881
115250  -17.155  -68.936  -25.538 0.6999999881
13567  -15.539  -67.449  -25.084 0.6999999881
140478  -16.143  -67.642  -24.570 0.6000000238
14277  -15.360  -66.004  -24.668 0.6999999881
136162  -16.097  -65.789  -24.352 0.4000000060
115232  -18.057  -71.527  -25.342 0.6999999881
119518  -19.045  -70.222  -25.397 0.6999999881
118609  -18.571  -69.556  -24.986 0.6000000238
117693  -17.894  -68.865  -24.392 0.6000000238
14980  -18.014  -65.810  -25.164 0.5000000000
10418  -18.521  -72.731  -23.756 0.6999999881
10425  -19.111  -72.209  -24.027 0.6999999881
14981  -19.912  -65.588  -25.344 0.5000000000
9805  -19.224  -73.368  -22.284 0.6999999881
139720  -20.502  -65.634  -25.441 0.5000000000
9791  -19.423  -73.556  -21.546 0.6000000238
9154  -19.552  -73.747  -20.044 0.6000000238
9141  -19.171  -73.875  -19.067 0.6000000238
117883  -17.501  -73.009  -17.572 0.5000000000
134404  -17.322  -72.123  -18.229 0.5000000000
12260  -39.854  -69.398  -28.931 0.4000000060
12910  -40.257  -68.339  -30.043 0.4000000060
13686  -27.948  -66.965  -31.841 0.6000000238
123204  -17.292  -68.037  -23.794 0.5000000000
14278  -15.840  -65.980  -23.915 0.5000000000
117607  -19.446  -71.495  -24.521 0.6000000238
117193  -19.636  -70.548  -24.843 0.6000000238
118472  -19.388  -69.764  -24.689 0.6000000238
118445  -18.056  -68.505  -23.703 0.6000000238
14266  -16.947  -66.227  -23.219 0.5000000000
14962  -16.877  -65.912  -23.662 0.5000000000
14963  -17.884  -65.748  -24.195 0.5000000000
10414  -19.727  -72.693  -22.840 0.6999999881
10419  -19.841  -71.913  -23.683 0.6000000238
115248  -20.205  -70.874  -24.230 0.6000000238
133859  -20.169  -69.958  -24.297 0.6000000238
115249  -20.419  -69.481  -23.324 0.6000000238
14965  -19.973  -65.289  -24.628 0.5000000000
10407  -20.027  -73.038  -21.814 0.6999999881
10415  -20.352  -72.422  -22.335 0.6000000238
11021  -21.234  -71.613  -21.582 0.6000000238
11603  -21.496  -70.630  -21.629 0.6000000238
118844  -21.394  -69.833  -22.107 0.6000000238
9792  -19.872  -73.459  -20.902 0.6000000238
10398  -21.114  -72.202  -20.800 0.6000000238
140236  -21.269  -72.033  -20.019 0.6000000238
11012  -21.471  -71.314  -20.589 0.6000000238
9760  -19.835  -73.358  -19.286 0.6000000238
10385  -20.469  -72.315  -18.798 0.6000000238
10990  -20.956  -71.491  -18.770 0.6000000238
10991  -21.287  -70.864  -19.138 0.6000000238
9749  -19.287  -73.412  -18.488 0.5000000000
115234  -18.130  -72.411  -18.099 0.5000000000
134179  -18.876  -72.573  -18.201 0.5000000000
10989  -20.275  -71.704  -18.399 0.6000000238
120305  -20.593  -70.979  -18.377 0.6000000238
13651  -39.954  -67.487  -29.767 0.4000000060
11000  -15.118  -70.795  -19.432 0.5000000000
118735  -17.982  -71.486  -18.553 0.5000000000
115244  -18.510  -71.047  -18.444 0.6000000238
115251  -19.322  -70.961  -18.120 0.6000000238
12194  -14.773  -69.246  -20.575 0.5000000000
12828  -15.142  -69.122  -20.096 0.5000000000
133556  -16.378  -71.231  -18.930 0.4000000060
138587  -16.595  -70.503  -19.097 0.5000000000
134629  -17.525  -70.620  -18.518 0.6000000238
12849  -17.799  -67.670  -23.205 0.6000000238
14255  -17.690  -66.113  -22.664 0.5000000000
14947  -17.636  -65.794  -23.049 0.5000000000
115263  -18.748  -68.477  -23.199 0.6000000238
13542  -17.580  -66.612  -22.819 0.5000000000
137637  -19.372  -65.244  -23.606 0.5000000000
115252  -20.883  -69.291  -22.372 0.6999999881
115267  -19.806  -67.685  -21.125 0.6999999881
126682  -21.556  -70.322  -20.656 0.6000000238
115271  -21.179  -69.124  -21.334 0.6999999881
11586  -21.427  -70.142  -19.226 0.6000000238
12180  -21.326  -69.330  -19.499 0.6999999881
12161  -21.038  -69.768  -18.073 0.6000000238
12807  -21.039  -69.095  -18.491 0.6999999881
117076  -20.092  -70.485  -17.632 0.6000000238
133968  -20.164  -70.082  -17.032 0.6999999881
13532  -12.640  -67.179  -21.962 0.5000000000
13523  -14.192  -68.153  -20.479 0.5000000000
132279  -15.629  -69.600  -19.642 0.4000000060
126046  -16.323  -69.817  -19.056 0.6000000238
117013  -18.122  -70.047  -17.536 0.6000000238
14243  -13.076  -67.047  -20.686 0.5000000000
12818  -14.743  -68.534  -19.699 0.4000000060
12805  -15.034  -68.610  -18.751 0.5000000000
14948  -18.535  -65.486  -22.808 0.5000000000
14930  -18.045  -65.874  -22.119 0.5000000000
115264  -18.357  -67.324  -22.459 0.6000000238
115268  -18.959  -67.019  -21.391 0.5000000000
14921  -18.946  -65.653  -21.028 0.5000000000
134306  -20.832  -68.481  -20.735 0.6999999881
115272  -20.869  -68.273  -20.054 0.6999999881
118375  -20.601  -68.263  -18.734 0.6000000238
134108  -18.415  -70.006  -17.067 0.6999999881
133542  -20.032  -68.229  -17.891 0.6000000238
12159  -16.464  -69.594  -18.167 0.6000000238
117816  -17.412  -69.816  -17.583 0.6000000238
14909  -12.180  -65.630  -20.551 0.5000000000
122849  -13.382  -67.056  -19.168 0.4000000060
12787  -14.934  -68.372  -17.892 0.6000000238
15592  -12.105  -64.700  -20.214 0.4000000060
131063  -13.054  -66.783  -19.810 0.4000000060
14903  -13.013  -66.026  -18.999 0.5000000000
126264  -14.281  -67.749  -18.007 0.5000000000
115274  -19.899  -67.303  -20.137 0.6000000238
14244  -19.111  -65.870  -20.382 0.5000000000
117354  -20.220  -67.686  -18.819 0.6000000238
134712  -19.700  -66.403  -19.446 0.5000000000
134597  -19.889  -67.888  -18.770 0.6000000238
134716  -19.123  -68.809  -17.823 0.6000000238
134608  -19.873  -67.064  -18.148 0.5000000000
134610  -19.401  -69.023  -16.757 0.6000000238
12160  -17.879  -69.690  -16.951 0.6999999881
117009  -18.469  -69.410  -16.379 0.5000000000
12150  -15.866  -68.956  -17.484 0.6000000238
13479  -14.633  -67.625  -17.416 0.5000000000
14902  -12.558  -65.303  -19.689 0.4000000060
14888  -13.873  -66.497  -17.749 0.5000000000
20169  -12.428  -59.078  -27.323 0.4000000060
20170  -13.353  -58.771  -27.383 0.3000000119
20177  -13.608  -59.151  -28.500 0.4000000060
117017  -19.842  -66.094  -18.963 0.5000000000
18623  -12.497  -60.363  -28.200 0.3000000119
18624  -13.163  -60.017  -28.629 0.4000000060
133521  -19.754  -68.234  -16.878 0.5000000000
133629  -20.145  -66.710  -17.993 0.5000000000
123838  -12.195  -61.255  -27.330 0.3000000119
18616  -13.499  -60.472  -28.319 0.4000000060
134612  -18.920  -68.850  -16.190 0.5000000000
136227  -11.627  -61.861  -25.847 0.3000000119
139463  -17.011  -68.642  -16.060 0.6000000238
13464  -15.277  -67.215  -16.706 0.6999999881
134485  -16.134  -67.196  -16.177 0.6000000238
131605  -13.372  -65.142  -18.332 0.5000000000
14217  -14.397  -66.781  -17.287 0.5000000000
14898  -14.033  -65.010  -17.770 0.4000000060
14890  -14.874  -65.069  -17.165 0.4000000060
20153  -14.841  -58.103  -24.971 0.3000000119
20161  -14.395  -58.221  -25.862 0.3000000119
20983  -14.934  -58.119  -27.712 0.3000000119
20178  -14.204  -58.632  -28.297 0.3000000119
19424  -14.356  -59.885  -29.131 0.4000000060
134564  -19.694  -67.260  -17.015 0.5000000000
17827  -13.014  -60.856  -27.537 0.4000000060
18626  -14.319  -60.284  -28.892 0.4000000060
133700  -19.691  -66.945  -16.822 0.5000000000
17813  -13.091  -60.952  -26.331 0.4000000060
18598  -14.042  -60.641  -26.078 0.4000000060
134282  -17.752  -68.197  -15.930 0.5000000000
134711  -19.140  -66.939  -16.340 0.5000000000
120358  -12.760  -61.246  -25.211 0.4000000060
14208  -16.726  -66.537  -15.999 0.5000000000
14207  -15.770  -66.315  -16.448 0.5000000000
14884  -16.130  -65.568  -16.341 0.5000000000
16245  -12.744  -63.208  -20.517 0.3000000119
16236  -13.720  -63.298  -19.594 0.4000000060
15573  -14.470  -64.065  -17.576 0.4000000060
15566  -15.582  -64.867  -16.666 0.4000000060
20947  -15.347  -57.523  -24.522 0.3000000119
20970  -14.804  -57.980  -26.636 0.3000000119
20179  -15.244  -58.634  -28.846 0.4000000060
20184  -15.102  -59.412  -29.094 0.4000000060
115288  -22.692  -65.689  -18.060 0.4000000060
141156  -14.931  -59.893  -29.091 0.4000000060
122586  -22.169  -65.889  -17.212 0.4000000060
18607  -13.751  -60.622  -27.189 0.4000000060
18618  -15.091  -60.120  -28.245 0.4000000060
115283  -20.311  -66.488  -16.630 0.4000000060
18608  -14.566  -60.371  -26.953 0.4000000060
134281  -18.369  -66.664  -16.094 0.5000000000
18590  -13.678  -60.819  -25.158 0.4000000060
17776  -13.653  -61.458  -22.986 0.3000000119
117456  -16.990  -65.505  -15.884 0.5000000000
16246  -14.283  -62.877  -19.671 0.3000000119
20946  -15.236  -57.494  -25.283 0.3000000119
20959  -15.620  -57.203  -25.899 0.3000000119
131442  -15.797  -58.013  -28.003 0.3000000119
143163  -17.037  -57.752  -28.626 0.4000000060
20186  -16.977  -58.384  -28.907 0.4000000060
19419  -17.786  -58.890  -28.166 0.3000000119
19418  -16.963  -59.268  -28.344 0.4000000060
115297  -23.602  -65.219  -18.127 0.4000000060
115328  -24.968  -64.442  -18.204 0.4000000060
19417  -16.071  -59.788  -27.780 0.4000000060
117222  -21.779  -65.906  -16.219 0.4000000060
118304  -19.620  -66.407  -16.263 0.4000000060
137254  -14.253  -60.630  -25.418 0.3000000119
115260  -18.842  -66.162  -16.052 0.4000000060
17796  -13.210  -61.143  -24.322 0.3000000119
17797  -13.990  -60.869  -24.211 0.3000000119
17763  -14.026  -61.634  -22.238 0.3000000119
15574  -15.178  -64.062  -17.050 0.4000000060
21766  -15.494  -55.963  -24.323 0.3000000119
21797  -16.435  -57.007  -26.594 0.4000000060
21798  -17.332  -56.981  -27.117 0.4000000060
20986  -17.873  -57.735  -28.489 0.4000000060
115322  -26.122  -63.905  -19.037 0.4000000060
118339  -24.370  -64.671  -17.720 0.4000000060
19410  -17.534  -59.321  -27.391 0.4000000060
14885  -22.587  -65.546  -16.298 0.4000000060
18609  -15.374  -60.067  -26.764 0.4000000060
117277  -21.199  -65.797  -15.396 0.4000000060
133892  -22.168  -65.405  -15.144 0.4000000060
18600  -15.623  -60.046  -25.604 0.3000000119
117189  -20.585  -65.325  -14.688 0.4000000060
17778  -14.908  -60.848  -23.241 0.3000000119
134159  -18.482  -65.335  -15.410 0.5000000000
17777  -14.240  -61.022  -23.459 0.3000000119
17764  -15.067  -61.043  -22.461 0.3000000119
117523  -17.555  -64.996  -15.535 0.5000000000
16242  -14.860  -62.866  -19.086 0.3000000119
15575  -15.707  -64.095  -16.551 0.4000000060
136504  -14.134  -63.407  -19.043 0.4000000060
22592  -15.817  -55.864  -24.545 0.3000000119
20172  -18.319  -58.174  -27.304 0.3000000119
19402  -18.286  -58.726  -26.538 0.3000000119
117980  -25.651  -63.954  -18.144 0.4000000060
128676  -17.106  -59.514  -26.415 0.3000000119
117497  -23.680  -64.771  -16.143 0.4000000060
115315  -25.289  -63.873  -16.650 0.3000000119
19400  -16.475  -59.644  -25.480 0.3000000119
133855  -21.493  -65.312  -14.543 0.4000000060
15559  -23.549  -64.517  -15.114 0.4000000060
18562  -15.584  -60.594  -22.959 0.3000000119
18542  -15.740  -60.772  -22.082 0.3000000119
117387  -18.556  -64.495  -14.705 0.4000000060
17753  -15.157  -61.372  -21.589 0.3000000119
16941  -16.005  -61.923  -19.211 0.3000000119
16237  -15.789  -62.909  -18.098 0.3000000119
16233  -16.560  -62.840  -16.680 0.3000000119
19401  -17.592  -59.244  -25.484 0.3000000119
126508  -18.280  -58.720  -25.571 0.3000000119
16226  -24.782  -63.975  -15.770 0.3000000119
15558  -22.906  -64.716  -14.519 0.4000000060
134041  -24.141  -63.996  -14.832 0.4000000060
121020  -16.335  -60.272  -22.597 0.3000000119
133766  -21.241  -64.698  -13.955 0.4000000060
133812  -22.901  -64.205  -13.863 0.4000000060
17754  -16.039  -60.954  -21.154 0.3000000119
17739  -15.451  -61.551  -20.703 0.3000000119
134192  -17.962  -63.763  -14.802 0.3000000119
16926  -16.389  -62.531  -17.613 0.3000000119
135610  -17.838  -59.826  -21.712 0.3000000119
140641  -16.735  -60.488  -21.075 0.3000000119
117886  -22.082  -64.205  -13.355 0.3000000119
117179  -23.977  -64.182  -13.931 0.3000000119
18525  -16.663  -60.801  -20.471 0.3000000119
134158  -18.751  -63.675  -14.372 0.3000000119
16933  -16.235  -62.252  -18.457 0.3000000119
16218  -17.546  -63.014  -15.378 0.3000000119
18544  -18.337  -60.043  -21.087 0.3000000119
18546  -20.770  -59.821  -21.468 0.3000000119
18526  -17.392  -60.301  -20.711 0.3000000119
133706  -20.918  -63.897  -13.609 0.3000000119
18527  -18.134  -60.274  -20.083 0.3000000119
18528  -20.001  -60.123  -20.560 0.3000000119
136457  -15.248  -63.072  -18.462 0.4000000060
16965  -14.046  -62.275  -20.978 0.3000000119
16950  -15.043  -62.005  -20.170 0.3000000119
7121  -30.450  -78.427  -34.378 0.6000000238
6063  -29.862  -79.903  -35.018 0.5000000000
5605  -28.482  -80.972  -35.975 0.5000000000
5610  -26.701  -80.953  -36.218 0.5000000000
142930  -29.558  -80.321  -34.959 0.5000000000
120967  -32.325  -79.223  -32.059 0.5000000000
7113  -28.499  -78.652  -34.042 0.6999999881
8085  -32.119  -76.042  -34.615 0.6999999881
7112  -27.648  -78.806  -33.730 0.6999999881
123414  -31.418  -79.452  -31.963 0.4000000060
7100  -27.226  -78.554  -32.808 0.6999999881
7102  -33.790  -77.879  -32.720 0.5000000000
8604  -39.301  -75.135  -29.934 0.3000000119
7583  -35.653  -76.907  -32.366 0.5000000000
8086  -37.370  -76.768  -35.637 0.3000000119
9925  -33.366  -73.089  -33.716 0.6000000238
9269  -31.555  -74.567  -35.093 0.6000000238
9238  -29.855  -74.342  -30.270 0.6000000238
8063  -29.479  -76.498  -32.817 0.6999999881
7524  -37.180  -76.999  -27.370 0.3000000119
8054  -28.835  -76.776  -31.262 0.6000000238
7124  -32.807  -77.745  -33.959 0.5000000000
6613  -32.854  -78.444  -33.648 0.6000000238
6610  -30.272  -79.285  -34.248 0.5000000000
7560  -26.628  -78.098  -31.110 0.6000000238
7084  -24.822  -78.669  -31.524 0.5000000000
8613  -40.430  -74.636  -30.852 0.3000000119
125453  -26.078  -76.213  -26.134 0.6000000238
123110  -23.647  -78.863  -30.104 0.5000000000
9273  -40.718  -74.906  -35.370 0.3000000119
8065  -33.798  -75.759  -32.016 0.5000000000
9251  -40.956  -74.655  -31.433 0.3000000119
6558  -23.044  -79.287  -29.667 0.5000000000
9248  -36.672  -74.466  -31.416 0.4000000060
140765  -37.749  -75.076  -26.963 0.3000000119
11119  -28.914  -71.644  -31.086 0.6000000238
9875  -24.945  -73.215  -29.583 0.6999999881
11130  -25.925  -71.998  -32.953 0.6000000238
11680  -25.543  -70.969  -30.746 0.6000000238
11106  -29.874  -71.900  -29.236 0.6000000238
126909  -34.965  -72.873  -27.063 0.5000000000
10459  -30.755  -72.377  -26.697 0.6000000238
10461  -32.405  -72.647  -26.225 0.5000000000
11063  -27.988  -71.261  -26.116 0.6000000238
11033  -32.457  -71.610  -23.512 0.4000000060
10516  -21.587  -71.935  -29.162 0.6000000238
130933  -22.347  -71.587  -31.367 0.6999999881
13636  -14.196  -66.686  -29.979 0.6000000238
132366  -37.237  -72.447  -27.893 0.4000000060
10443  -36.193  -72.165  -25.811 0.4000000060
11613  -34.309  -70.448  -23.549 0.4000000060
12874  -29.335  -69.097  -25.989 0.4000000060
10490  -21.360  -72.465  -28.315 0.6000000238
14326  -13.562  -65.595  -28.247 0.6000000238
139811  -40.644  -70.862  -29.557 0.5000000000
13678  -16.804  -68.194  -31.920 0.5000000000
12280  -17.087  -68.724  -31.699 0.4000000060
11691  -22.971  -70.289  -31.614 0.5000000000
11053  -37.653  -71.572  -25.195 0.5000000000
12940  -23.143  -67.460  -31.951 0.6000000238
11700  -22.372  -69.164  -31.890 0.5000000000
9168  -18.227  -74.177  -20.973 0.6000000238
134600  -15.832  -70.874  -19.286 0.5000000000
115257  -19.546  -69.331  -23.812 0.5000000000
124443  -20.845  -71.383  -22.839 0.6000000238
11031  -21.082  -70.709  -23.018 0.6000000238
115261  -20.171  -68.835  -22.539 0.6000000238
10397  -20.882  -72.637  -20.048 0.6000000238
12826  -14.117  -68.429  -20.978 0.5000000000
14256  -18.208  -66.018  -21.756 0.5000000000
133630  -17.999  -69.892  -17.731 0.6000000238
13510  -13.562  -67.454  -20.159 0.5000000000
12776  -16.387  -68.817  -16.687 0.6000000238
19415  -12.519  -59.630  -28.016 0.3000000119
117060  -19.868  -66.507  -18.915 0.5000000000
15585  -12.692  -64.331  -19.607 0.3000000119
118425  -21.491  -66.161  -17.617 0.4000000060
118204  -20.911  -66.404  -17.147 0.4000000060
15580  -13.717  -64.113  -18.308 0.4000000060
16948  -13.219  -62.649  -21.071 0.3000000119
15567  -16.222  -64.726  -16.206 0.5000000000
115296  -23.010  -65.438  -17.206 0.4000000060
131805  -15.702  -56.324  -24.954 0.3000000119
18592  -15.166  -60.442  -24.746 0.3000000119
133856  -19.462  -65.149  -14.928 0.4000000060
16232  -15.790  -63.288  -17.109 0.3000000119
18593  -15.899  -60.039  -24.603 0.3000000119
16225  -16.894  -63.371  -15.886 0.4000000060
23398  -16.040  -55.360  -24.054 0.3000000119
19368  -16.898  -59.753  -23.005 0.3000000119
117102  -20.156  -64.478  -14.203 0.4000000060
142186  -17.665  -60.078  -21.200 0.3000000119
4822  -22.001  -84.024  -26.338 0.5000000000
4823  -22.605  -83.508  -26.727 0.5000000000
5173  -23.536  -82.356  -27.589 0.5000000000
5185  -23.448  -82.047  -28.382 0.4000000060
4800  -21.524  -83.362  -24.803 0.5000000000
138002  -22.629  -82.761  -25.603 0.5000000000
127168  -22.942  -82.855  -26.271 0.5000000000
126694  -23.724  -81.680  -27.134 0.5000000000
5547  -23.621  -81.513  -27.861 0.5000000000
126454  -23.039  -79.548  -29.033 0.4000000060
137908  -21.196  -83.034  -24.435 0.4000000060
5137  -22.447  -82.334  -25.084 0.5000000000
5535  -23.608  -81.323  -26.323 0.5000000000
121682  -23.336  -79.743  -28.172 0.4000000060
5508  -22.008  -81.750  -24.673 0.5000000000
124447  -23.076  -80.759  -25.244 0.5000000000
5145  -23.115  -82.088  -25.758 0.5000000000
5979  -22.791  -80.120  -24.955 0.5000000000
127561  -23.430  -80.750  -25.759 0.5000000000
5980  -23.217  -79.978  -25.579 0.5000000000
120055  -23.652  -78.773  -26.887 0.5000000000
7042  -23.959  -78.395  -27.373 0.4000000060
5968  -21.897  -80.897  -24.592 0.5000000000
6527  -23.151  -78.930  -25.687 0.5000000000
7034  -23.489  -78.262  -26.227 0.5000000000
7521  -23.951  -77.820  -26.574 0.5000000000
7505  -19.790  -78.211  -24.609 0.5000000000
6517  -21.750  -79.481  -24.437 0.5000000000
7016  -21.179  -78.725  -24.267 0.5000000000
7017  -22.060  -78.530  -24.412 0.5000000000
7508  -22.067  -77.503  -24.228 0.5000000000
7026  -23.019  -78.046  -25.313 0.5000000000
7509  -22.811  -77.188  -24.621 0.5000000000
7514  -23.520  -77.530  -25.544 0.5000000000
7522  -24.585  -77.227  -26.522 0.5000000000
139075  -20.834  -77.246  -24.167 0.5000000000
7513  -20.167  -77.281  -24.604 0.5000000000
8568  -20.775  -75.527  -25.720 0.5000000000
7507  -21.456  -76.889  -23.993 0.5000000000
8002  -21.103  -75.617  -24.373 0.5000000000
8569  -21.477  -74.928  -24.807 0.5000000000
7996  -22.800  -76.005  -24.166 0.5000000000
8564  -23.194  -75.242  -24.353 0.5000000000
9185  -22.813  -74.757  -24.366 0.5000000000
7997  -23.799  -75.822  -24.798 0.5000000000
142308  -23.978  -75.279  -24.882 0.5000000000
8003  -23.586  -76.635  -24.943 0.5000000000
8010  -24.815  -76.645  -25.825 0.5000000000
8011  -25.349  -76.668  -26.314 0.5000000000
9855  -20.586  -73.874  -27.799 0.5000000000
9856  -21.205  -73.097  -27.619 0.6000000238
8578  -21.364  -74.833  -25.922 0.5000000000
9191  -22.881  -74.379  -25.231 0.5000000000
9837  -22.665  -73.480  -26.816 0.5000000000
123970  -23.897  -74.285  -25.542 0.5000000000
9838  -23.287  -73.852  -26.149 0.5000000000
8573  -25.683  -75.496  -25.507 0.5000000000
9204  -25.808  -74.450  -25.839 0.5000000000
8005  -25.475  -76.100  -25.595 0.5000000000
10488  -19.418  -73.163  -28.525 0.5000000000
141228  -19.943  -73.015  -28.264 0.5000000000
9844  -21.924  -73.213  -27.223 0.6000000238
12256  -11.700  -69.469  -29.911 0.5000000000
12245  -11.536  -68.738  -29.729 0.6000000238
11650  -12.641  -69.921  -28.773 0.5000000000
12246  -12.097  -69.011  -28.956 0.5000000000
122127  -12.309  -67.432  -28.418 0.6000000238
12894  -12.829  -68.327  -28.359 0.6000000238
12247  -13.382  -69.137  -28.276 0.5000000000
12236  -14.611  -69.349  -27.760 0.6000000238
11641  -15.249  -70.036  -27.131 0.5000000000
13616  -13.119  -67.528  -27.694 0.6000000238
12882  -15.079  -68.557  -27.456 0.6000000238
115233  -15.423  -71.298  -26.121 0.5000000000
11642  -16.225  -70.029  -26.783 0.6000000238
12883  -15.737  -68.645  -27.002 0.6000000238
119060  -16.331  -71.495  -25.774 0.5000000000
115227  -17.038  -70.982  -25.946 0.5000000000
118653  -17.439  -72.767  -23.998 0.5000000000
9814  -17.941  -73.253  -23.204 0.6000000238
9151  -16.722  -74.579  -20.406 0.6000000238
9167  -17.207  -74.258  -21.073 0.5000000000
10424  -18.441  -72.071  -24.588 0.6000000238
118308  -17.146  -71.613  -25.481 0.5000000000
9789  -17.798  -74.027  -21.828 0.5000000000
9128  -18.339  -74.222  -17.884 0.6000000238
9153  -18.654  -74.213  -19.913 0.6000000238
9748  -18.656  -73.871  -17.834 0.6000000238
9252  -41.562  -74.404  -31.716 0.3000000119
9922  -42.600  -73.365  -32.521 0.3000000119
8635  -41.246  -75.216  -33.353 0.3000000119
11703  -43.458  -70.685  -32.699 0.3000000119
9268  -41.675  -74.529  -33.909 0.3000000119
8634  -40.504  -75.820  -32.735 0.3000000119
9260  -41.139  -75.033  -32.201 0.3000000119
6539  -23.614  -78.966  -27.835 0.4000000060
8571  -23.536  -74.787  -24.884 0.5000000000
9846  -23.544  -73.410  -26.981 0.5000000000
12902  -11.473  -68.499  -30.333 0.5000000000
6002  -23.638  -80.708  -27.301 0.4000000060
121695  -23.522  -79.614  -27.160 0.5000000000
6518  -22.443  -79.424  -24.726 0.5000000000
135578  -19.683  -79.033  -24.717 0.5000000000
129090  -21.363  -77.808  -24.185 0.5000000000
7512  -19.288  -77.765  -25.111 0.5000000000
8001  -20.421  -76.368  -25.006 0.5000000000
7995  -21.742  -75.878  -23.928 0.5000000000
9202  -22.414  -74.016  -26.160 0.5000000000
9261  -41.743  -74.583  -32.690 0.3000000119
10575  -42.848  -72.455  -34.175 0.3000000119
132315  -42.877  -72.809  -33.154 0.3000000119
9921  -42.237  -74.014  -33.213 0.3000000119
9929  -42.505  -73.278  -33.744 0.3000000119
11152  -43.440  -71.330  -33.453 0.3000000119
134527  -23.915  -64.516  -13.567 0.3000000119
4811  -22.378  -83.352  -25.902 0.5000000000
4835  -23.188  -82.976  -27.761 0.5000000000
5136  -21.773  -82.705  -24.674 0.4000000060
5144  -22.149  -83.078  -25.137 0.5000000000
5157  -23.179  -82.965  -27.086 0.5000000000
5158  -23.470  -82.260  -26.669 0.5000000000
5521  -22.787  -81.517  -25.128 0.5000000000
5522  -23.281  -81.293  -25.593 0.5000000000
5557  -23.355  -81.258  -28.604 0.4000000060
5598  -28.938  -80.743  -34.967 0.5000000000
5604  -27.704  -81.223  -35.685 0.6000000238
5611  -27.640  -81.040  -36.264 0.5000000000
5967  -21.447  -80.347  -24.481 0.5000000000
5991  -23.525  -80.300  -26.379 0.5000000000
6027  -22.879  -79.964  -29.756 0.5000000000
6067  -29.192  -80.433  -35.663 0.5000000000
6068  -26.348  -80.609  -36.190 0.6000000238
6516  -20.901  -79.634  -24.387 0.5000000000
6526  -22.910  -79.454  -25.110 0.5000000000
6533  -23.418  -79.383  -26.341 0.5000000000
6546  -23.274  -79.066  -28.767 0.5000000000
6582  -22.713  -79.409  -32.365 0.5000000000
6597  -30.223  -79.806  -32.297 0.4000000060
6598  -30.929  -79.452  -32.661 0.4000000060
6600  -32.717  -78.922  -33.012 0.5000000000
6611  -31.160  -79.082  -33.693 0.5000000000
6619  -28.134  -79.689  -35.471 0.5000000000
6620  -29.554  -79.805  -35.280 0.6000000238
6622  -30.785  -78.702  -34.230 0.6000000238
6625  -26.527  -80.108  -35.968 0.5000000000
6626  -27.721  -80.295  -36.122 0.5000000000
7015  -20.317  -78.880  -24.397 0.5000000000
7018  -22.526  -77.993  -24.681 0.5000000000
7025  -22.738  -78.738  -24.904 0.5000000000
7059  -23.414  -78.911  -29.409 0.5000000000
7070  -22.408  -79.070  -31.075 0.6000000238
7072  -24.041  -78.624  -30.790 0.5000000000
7086  -26.896  -78.319  -31.945 0.6999999881
7087  -34.780  -78.445  -31.316 0.4000000060
7089  -36.236  -78.085  -31.286 0.4000000060
7096  -23.161  -79.089  -32.533 0.5000000000
7099  -26.330  -78.766  -32.641 0.6999999881
7103  -34.996  -77.834  -31.577 0.5000000000
7105  -36.785  -77.642  -32.141 0.4000000060
7115  -33.347  -78.108  -33.435 0.5000000000
7118  -28.152  -79.150  -34.552 0.8000000119
7120  -29.848  -78.913  -34.687 0.6000000238
7122  -31.054  -77.971  -34.446 0.6000000238
7506  -20.558  -77.996  -24.266 0.5000000000
7515  -24.112  -77.033  -25.756 0.5000000000
7529  -24.466  -77.867  -27.451 0.5000000000
7540  -26.658  -77.204  -28.733 0.5000000000
7554  -26.361  -77.889  -30.284 0.5000000000
7556  -28.063  -77.142  -30.861 0.6000000238
7561  -27.433  -77.714  -31.414 0.6000000238
7564  -37.702  -77.462  -31.666 0.4000000060
7570  -29.101  -77.196  -33.212 0.6999999881
7571  -34.355  -77.568  -31.912 0.5000000000
7573  -36.582  -77.312  -32.747 0.4000000060
7579  -28.814  -77.944  -33.551 0.6999999881
7584  -36.753  -77.052  -33.330 0.5000000000
7588  -30.152  -77.830  -34.390 0.6999999881
7592  -32.286  -76.970  -34.379 0.8000000119
7594  -37.662  -77.432  -35.164 0.4000000060
7596  -38.693  -77.324  -35.617 0.4000000060
7597  -31.694  -76.555  -34.892 0.8000000119
7600  -38.727  -76.878  -36.203 0.3000000119
7994  -20.916  -76.509  -24.199 0.5000000000
8004  -24.484  -76.288  -25.285 0.5000000000
8009  -19.977  -76.269  -26.065 0.5000000000
8012  -26.795  -76.047  -26.429 0.6000000238
8018  -25.983  -76.676  -26.984 0.6000000238
8020  -27.727  -75.931  -27.362 0.6999999881
8027  -27.204  -76.495  -28.049 0.6000000238
8029  -28.394  -76.150  -28.910 0.6000000238
8037  -36.911  -76.912  -29.227 0.3000000119
8045  -28.768  -76.523  -30.314 0.6000000238
8055  -29.479  -76.302  -31.749 0.6000000238
8062  -28.908  -76.964  -32.229 0.6999999881
8064  -29.858  -76.086  -33.490 0.6999999881
8072  -30.219  -76.652  -34.650 0.6999999881
8073  -30.102  -76.014  -34.456 0.6999999881
8074  -32.559  -75.588  -34.036 0.4000000060
8077  -35.906  -76.515  -32.684 0.4000000060
8082  -40.239  -76.379  -34.664 0.4000000060
8084  -31.235  -76.169  -35.275 0.6999999881
8089  -37.823  -76.918  -36.703 0.3000000119
8090  -38.289  -76.707  -36.643 0.3000000119
8091  -39.033  -76.248  -36.270 0.3000000119
8093  -38.443  -76.167  -36.572 0.3000000119
8562  -21.684  -75.056  -23.951 0.5000000000
8563  -22.374  -75.109  -23.884 0.5000000000
8570  -22.173  -74.679  -24.410 0.5000000000
8572  -24.817  -75.598  -25.201 0.5000000000
8574  -37.851  -75.121  -25.534 0.3000000119
8580  -27.191  -75.447  -26.400 0.6999999881
8593  -28.149  -75.498  -27.615 0.6999999881
8602  -29.490  -74.839  -29.494 0.6999999881
8609  -29.325  -75.755  -29.823 0.6000000238
8624  -40.445  -75.255  -31.602 0.3000000119
8630  -34.247  -75.103  -32.023 0.4000000060
8631  -35.787  -75.797  -32.545 0.4000000060
8637  -32.837  -74.686  -33.918 0.6000000238
8639  -37.448  -76.136  -34.783 0.4000000060
8642  -31.067  -75.173  -35.248 0.6000000238
8647  -41.125  -75.127  -34.622 0.3000000119
8649  -37.656  -76.543  -36.528 0.3000000119
8650  -39.080  -75.677  -36.132 0.3000000119
9129  -18.904  -74.033  -18.180 0.6000000238
9139  -17.715  -74.514  -18.527 0.6000000238
9140  -18.527  -74.270  -18.735 0.6000000238
9152  -17.646  -74.460  -20.226 0.6000000238
9166  -16.303  -74.308  -21.193 0.5000000000
9190  -21.983  -74.450  -25.474 0.5000000000
9192  -24.452  -74.847  -25.210 0.5000000000
9193  -25.363  -74.943  -25.386 0.5000000000
9194  -26.094  -75.063  -25.584 0.5000000000
9201  -21.642  -74.339  -26.441 0.5000000000
9206  -27.481  -74.955  -26.561 0.6000000238
9210  -27.128  -74.351  -26.814 0.6999999881
9217  -28.155  -74.432  -27.998 0.6999999881
9225  -29.481  -74.022  -29.900 0.6999999881
9239  -30.201  -74.640  -30.949 0.6000000238
9241  -39.887  -74.668  -30.279 0.3000000119
9249  -37.504  -74.613  -32.043 0.4000000060
9250  -38.773  -74.255  -32.631 0.4000000060
9253  -31.327  -74.105  -33.216 0.5000000000
9254  -31.842  -73.981  -34.430 0.5000000000
9263  -32.628  -73.845  -34.296 0.6000000238
9265  -33.967  -73.477  -33.192 0.4000000060
9750  -19.965  -72.893  -18.846 0.6000000238
9761  -20.479  -72.812  -19.346 0.6000000238
9773  -19.138  -73.922  -20.890 0.6000000238
9774  -20.284  -73.243  -20.080 0.6000000238
9790  -18.734  -73.839  -21.712 0.6000000238
9803  -17.356  -73.657  -22.513 0.6000000238
9804  -18.867  -73.118  -23.060 0.6999999881
9836  -21.941  -73.754  -26.747 0.5000000000
9839  -25.211  -73.832  -26.389 0.6000000238
9849  -26.463  -73.764  -27.540 0.6000000238
9880  -35.030  -73.054  -30.914 0.5000000000
9893  -25.117  -73.142  -31.176 0.6999999881
9895  -26.618  -73.235  -31.080 0.6000000238
9897  -29.256  -73.412  -30.875 0.5000000000
9900  -36.755  -73.981  -30.537 0.4000000060
9909  -30.377  -72.945  -31.921 0.5000000000
9911  -37.536  -74.105  -31.123 0.4000000060
9916  -31.125  -73.246  -32.448 0.5000000000
9923  -32.508  -73.361  -33.986 0.5000000000
9926  -34.172  -72.558  -33.289 0.5000000000
9933  -40.223  -74.394  -35.285 0.3000000119
9934  -40.947  -73.762  -35.361 0.3000000119
9935  -41.387  -73.213  -35.299 0.3000000119
10377  -18.267  -73.395  -17.663 0.5000000000
10384  -19.627  -72.548  -18.468 0.5000000000
10392  -21.020  -72.208  -19.335 0.6000000238
10408  -20.718  -72.375  -21.643 0.6000000238
10420  -20.396  -71.964  -22.951 0.6000000238
10428  -33.314  -72.181  -24.319 0.5000000000
10440  -32.562  -72.548  -25.257 0.5000000000
10445  -38.139  -71.879  -25.799 0.4000000060
10460  -31.538  -72.541  -26.421 0.6000000238
10464  -35.880  -72.559  -26.826 0.5000000000
10479  -34.630  -73.013  -28.072 0.4000000060
10482  -37.261  -72.314  -27.154 0.5000000000
10489  -20.516  -72.860  -28.065 0.6000000238
10493  -30.869  -72.399  -27.744 0.6000000238
10494  -31.390  -72.429  -28.457 0.6000000238
10499  -36.428  -72.913  -28.379 0.4000000060
10501  -38.070  -72.398  -28.323 0.5000000000
10514  -19.235  -72.050  -28.718 0.6000000238
10517  -22.436  -72.124  -29.594 0.6999999881
10518  -23.321  -72.487  -29.838 0.6999999881
10522  -32.277  -72.452  -29.544 0.5000000000
10525  -36.029  -73.357  -29.227 0.5000000000
10527  -37.612  -72.811  -29.177 0.5000000000
10529  -39.684  -72.413  -29.307 0.5000000000
10535  -24.401  -72.784  -31.791 0.6999999881
10539  -32.541  -72.149  -30.492 0.5000000000
10542  -37.997  -72.996  -29.825 0.4000000060
10543  -39.267  -72.841  -30.367 0.4000000060
10545  -40.810  -71.767  -30.412 0.4000000060
10548  -23.289  -72.050  -31.598 0.6999999881
10549  -24.065  -72.335  -31.894 0.6999999881
10551  -25.462  -72.405  -32.728 0.6000000238
10552  -26.349  -72.234  -33.029 0.6000000238
10553  -27.330  -72.049  -33.020 0.6000000238
10554  -28.771  -72.010  -32.545 0.6000000238
10557  -34.968  -72.991  -31.611 0.4000000060
10559  -40.493  -72.334  -31.249 0.4000000060
10561  -29.211  -71.918  -32.273 0.6000000238
10562  -29.770  -71.952  -32.118 0.5000000000
10567  -34.632  -72.375  -32.599 0.4000000060
10568  -39.835  -73.072  -32.267 0.4000000060
10570  -43.221  -72.143  -33.131 0.3000000119
10988  -15.152  -71.411  -18.810 0.5000000000
11001  -15.847  -70.402  -19.520 0.5000000000
11002  -21.322  -71.472  -19.574 0.6000000238
11025  -20.833  -71.843  -22.309 0.6000000238
11026  -21.238  -71.114  -22.354 0.6000000238
11030  -20.595  -71.226  -23.474 0.6000000238
11034  -33.113  -71.396  -23.546 0.4000000060
11038  -29.683  -71.083  -23.995 0.6000000238
11039  -30.319  -71.105  -23.679 0.6000000238
11041  -32.108  -72.020  -23.797 0.5000000000
11042  -33.578  -71.734  -24.026 0.5000000000
11045  -36.496  -71.312  -24.429 0.5000000000
11047  -27.627  -70.472  -24.650 0.6000000238
11049  -29.865  -71.529  -24.850 0.6999999881
11052  -36.932  -71.840  -24.944 0.5000000000
11054  -38.037  -71.213  -25.643 0.4000000060
11065  -29.861  -71.965  -25.981 0.6000000238
11074  -28.136  -71.346  -27.473 0.6000000238
11090  -40.242  -71.243  -28.898 0.5000000000
11098  -18.464  -71.763  -29.044 0.6000000238
11102  -26.330  -71.188  -30.417 0.6000000238
11114  -21.383  -71.319  -31.042 0.6000000238
11116  -26.324  -71.613  -32.181 0.6000000238
11121  -31.087  -71.682  -31.225 0.5000000000
11124  -33.783  -71.757  -31.545 0.5000000000
11126  -21.032  -70.876  -31.432 0.5000000000
11127  -22.983  -71.341  -31.683 0.6000000238
11128  -24.277  -72.014  -32.106 0.6999999881
11132  -28.828  -71.832  -32.228 0.6000000238
11139  -41.284  -71.216  -31.832 0.4000000060
11141  -32.045  -71.779  -32.809 0.5000000000
11143  -33.900  -71.703  -32.933 0.5000000000
11144  -34.480  -71.927  -32.702 0.5000000000
11149  -40.727  -72.110  -33.084 0.4000000060
11565  -20.700  -70.474  -18.027 0.6000000238
11571  -21.074  -70.484  -18.506 0.6000000238
11584  -15.354  -70.123  -19.911 0.5000000000
11585  -17.562  -70.240  -18.101 0.6000000238
11598  -15.286  -69.615  -20.090 0.5000000000
11599  -21.522  -69.967  -19.947 0.6000000238
11609  -21.348  -70.411  -22.465 0.6000000238
11610  -31.529  -70.667  -23.398 0.4000000060
11614  -35.166  -70.510  -23.701 0.4000000060
11635  -26.896  -70.435  -25.299 0.6000000238
11644  -26.641  -70.274  -27.037 0.5000000000
11645  -27.010  -70.771  -26.516 0.6000000238
11651  -13.614  -69.845  -28.017 0.5000000000
11652  -25.701  -70.068  -29.170 0.6000000238
11660  -24.634  -69.654  -30.280 0.6000000238
11662  -25.803  -70.626  -29.493 0.6000000238
11675  -18.867  -70.209  -30.980 0.4000000060
11678  -24.247  -70.333  -30.738 0.6000000238
11687  -19.458  -69.737  -31.520 0.5000000000
11688  -20.332  -70.254  -31.543 0.6000000238
11692  -24.236  -71.319  -31.748 0.5000000000
11696  -20.146  -69.429  -31.903 0.5000000000
11698  -21.283  -69.739  -31.979 0.6000000238
11699  -21.854  -69.694  -32.013 0.6000000238
12162  -21.253  -69.710  -18.678 0.6999999881
12179  -16.136  -69.997  -19.450 0.4000000060
12195  -21.431  -69.528  -20.526 0.6000000238
12204  -21.492  -69.862  -21.297 0.6000000238
12210  -32.992  -70.147  -23.422 0.4000000060
12227  -32.659  -68.978  -24.605 0.4000000060
12230  -16.319  -69.176  -26.760 0.6000000238
12237  -15.659  -69.317  -27.274 0.6000000238
12238  -26.508  -70.001  -26.598 0.5000000000
12239  -27.191  -69.568  -26.545 0.5000000000
12258  -26.034  -69.473  -29.363 0.6000000238
12278  -15.442  -68.667  -32.066 0.5000000000
12283  -21.916  -68.485  -32.743 0.5000000000
12289  -19.208  -69.060  -31.863 0.6000000238
12291  -21.268  -68.781  -32.596 0.6000000238
12777  -20.433  -69.349  -17.127 0.6999999881
12788  -20.927  -69.235  -17.792 0.6999999881
12806  -15.511  -68.979  -18.274 0.6000000238
12819  -15.552  -69.222  -19.193 0.4000000060
12820  -20.983  -68.536  -19.415 0.6999999881
12827  -14.581  -68.735  -20.577 0.5000000000
12856  -16.457  -67.338  -23.940 0.5000000000
12863  -16.403  -68.337  -25.326 0.6999999881
12872  -15.871  -68.320  -26.137 0.6999999881
12881  -14.039  -68.472  -27.864 0.6000000238
12884  -28.331  -68.945  -27.514 0.5000000000
12893  -12.017  -67.883  -29.312 0.6000000238
12897  -29.344  -68.481  -28.484 0.5000000000
12903  -25.532  -68.575  -30.435 0.6000000238
12905  -27.445  -68.309  -30.132 0.6000000238
12909  -39.778  -68.369  -29.225 0.4000000060
12917  -14.325  -68.043  -31.581 0.5000000000
12922  -25.391  -67.447  -31.461 0.6000000238
12934  -16.160  -68.179  -32.102 0.5000000000
12935  -17.288  -68.592  -31.709 0.4000000060
12937  -19.688  -68.519  -31.902 0.6000000238
12938  -20.667  -68.060  -32.548 0.6999999881
12939  -22.636  -67.606  -32.328 0.6000000238
12949  -21.020  -68.286  -32.880 0.6000000238
12950  -21.569  -68.123  -33.103 0.6000000238
12951  -22.091  -67.784  -32.934 0.6000000238
13478  -13.970  -67.159  -17.800 0.5000000000
13480  -15.465  -68.228  -17.029 0.6000000238
13481  -20.295  -68.592  -17.609 0.6000000238
13496  -13.847  -67.428  -18.515 0.5000000000
13497  -14.424  -68.085  -18.681 0.5000000000
13511  -14.011  -67.780  -19.465 0.4000000060
13522  -13.624  -67.854  -21.133 0.5000000000
13550  -16.358  -66.386  -23.682 0.5000000000
13551  -16.962  -67.003  -23.355 0.6000000238
13559  -15.713  -66.582  -24.333 0.6999999881
13580  -14.036  -66.962  -26.086 0.6999999881
13597  -13.244  -66.849  -26.786 0.6999999881
13598  -14.209  -67.798  -27.186 0.6999999881
13599  -19.020  -67.797  -26.889 0.5000000000
13614  -12.331  -66.842  -28.655 0.6000000238
13620  -20.724  -68.224  -28.621 0.6000000238
13622  -22.736  -68.166  -28.604 0.6000000238
13624  -24.397  -67.435  -29.781 0.6000000238
13638  -16.329  -67.203  -30.190 0.6000000238
13640  -17.962  -68.037  -29.597 0.5000000000
13641  -19.144  -68.238  -29.860 0.6000000238
13654  -12.218  -67.907  -30.420 0.5000000000
13656  -14.889  -67.349  -30.869 0.6000000238
13658  -17.744  -68.175  -30.761 0.5000000000
13659  -19.711  -68.025  -30.863 0.6999999881
13662  -22.597  -67.424  -31.816 0.6000000238
13663  -23.613  -67.232  -31.392 0.6000000238
13664  -24.678  -66.737  -31.452 0.6000000238
13665  -25.011  -66.472  -31.359 0.6000000238
13666  -26.427  -66.883  -31.879 0.5000000000
13674  -40.544  -67.525  -30.614 0.4000000060
13679  -17.552  -68.448  -31.492 0.5000000000
13681  -21.891  -67.606  -32.758 0.6000000238
13682  -22.445  -67.549  -32.388 0.6000000238
13684  -25.752  -66.628  -31.814 0.6000000238
13685  -27.057  -66.765  -31.711 0.6000000238
13687  -28.926  -67.151  -31.829 0.6000000238
13693  -41.381  -67.728  -31.970 0.4000000060
14218  -15.018  -66.098  -16.967 0.5000000000
14219  -20.163  -68.310  -17.968 0.6000000238
14228  -13.526  -66.678  -18.333 0.5000000000
14242  -12.663  -66.236  -20.115 0.5000000000
14249  -13.014  -67.332  -21.455 0.5000000000
14250  -19.004  -66.280  -20.664 0.5000000000
14265  -16.514  -66.074  -23.650 0.5000000000
14283  -14.641  -65.960  -25.458 0.6000000238
14300  -17.463  -65.821  -27.157 0.6000000238
14302  -18.827  -66.464  -25.700 0.5000000000
14313  -12.866  -65.962  -27.282 0.6999999881
14314  -17.380  -65.859  -27.906 0.6000000238
14325  -12.704  -65.989  -28.138 0.6000000238
14328  -17.068  -65.836  -28.598 0.6000000238
14340  -16.751  -66.303  -29.321 0.5000000000
14341  -25.393  -66.215  -30.981 0.6000000238
14351  -25.118  -66.504  -31.498 0.6000000238
14353  -26.852  -66.359  -31.347 0.6000000238
14364  -26.128  -66.481  -31.648 0.6000000238
14874  -23.014  -65.063  -15.622 0.4000000060
14883  -15.486  -65.556  -16.729 0.5000000000
14889  -14.287  -65.862  -17.483 0.5000000000
14897  -13.594  -65.870  -18.057 0.5000000000
14920  -18.532  -65.928  -21.307 0.5000000000
14931  -18.655  -65.604  -21.905 0.5000000000
14946  -17.005  -66.077  -23.169 0.5000000000
14949  -20.199  -65.191  -23.756 0.5000000000
14964  -18.797  -65.464  -24.005 0.5000000000
14966  -20.917  -65.269  -24.685 0.5000000000
14978  -16.264  -65.572  -25.614 0.6000000238
15001  -15.032  -65.558  -26.064 0.6000000238
15002  -16.382  -65.447  -26.509 0.6000000238
15003  -17.055  -65.651  -26.415 0.6999999881
15015  -14.131  -65.466  -27.127 0.6999999881
15016  -15.109  -65.234  -27.628 0.6000000238
15018  -17.034  -65.559  -27.995 0.6000000238
15033  -16.196  -65.408  -28.776 0.6000000238
15043  -14.503  -65.504  -28.691 0.6000000238
15044  -15.513  -65.478  -29.006 0.6000000238
15568  -16.848  -64.418  -15.820 0.4000000060
15586  -13.071  -64.797  -18.967 0.5000000000
16224  -16.234  -63.727  -16.249 0.4000000060
16230  -14.634  -63.475  -18.382 0.4000000060
16231  -15.208  -63.462  -17.800 0.4000000060
16241  -13.083  -63.560  -19.869 0.3000000119
16932  -15.579  -62.554  -18.808 0.3000000119
16939  -14.788  -62.481  -19.747 0.3000000119
16940  -15.320  -62.251  -19.499 0.3000000119
16949  -14.445  -62.402  -20.299 0.3000000119
17705  -16.902  -61.835  -18.034 0.3000000119
17713  -16.719  -61.589  -18.852 0.3000000119
17721  -15.715  -61.690  -19.938 0.3000000119
17738  -14.747  -61.881  -20.889 0.3000000119
17740  -16.073  -61.263  -20.399 0.3000000119
17752  -14.380  -61.750  -21.578 0.3000000119
17812  -12.193  -61.423  -26.093 0.3000000119
17840  -12.638  -60.740  -28.086 0.4000000060
18543  -16.515  -60.430  -21.748 0.3000000119
18545  -19.696  -59.862  -21.520 0.3000000119
18563  -17.141  -59.879  -22.226 0.3000000119
18577  -14.700  -60.704  -24.027 0.3000000119
18578  -15.415  -60.495  -23.848 0.3000000119
18579  -16.235  -60.071  -23.600 0.3000000119
18591  -14.439  -60.641  -24.857 0.3000000119
18599  -14.796  -60.430  -25.736 0.3000000119
18615  -13.023  -60.437  -28.443 0.4000000060
18617  -14.242  -60.396  -27.988 0.4000000060
18625  -13.701  -60.245  -28.968 0.4000000060
19399  -16.198  -59.765  -26.511 0.3000000119
19408  -11.792  -59.361  -27.401 0.3000000119
19409  -16.801  -59.598  -27.281 0.4000000060
19411  -18.115  -58.853  -27.430 0.3000000119
19414  -11.655  -60.074  -27.764 0.3000000119
19416  -13.230  -59.544  -28.456 0.4000000060
19423  -13.741  -59.713  -28.975 0.4000000060
19425  -16.697  -58.835  -28.934 0.4000000060
20171  -14.183  -58.358  -26.957 0.3000000119
20176  -12.997  -59.198  -27.983 0.4000000060
20180  -18.082  -58.247  -28.314 0.3000000119
20183  -14.344  -59.246  -29.042 0.4000000060
20185  -16.177  -58.756  -28.964 0.4000000060
20187  -17.516  -58.449  -28.782 0.3000000119
20958  -15.032  -57.728  -25.892 0.3000000119
20971  -15.572  -57.538  -26.944 0.3000000119
20972  -16.627  -57.430  -27.840 0.4000000060
20984  -16.352  -58.136  -28.585 0.4000000060
20985  -17.436  -57.464  -28.221 0.4000000060
20987  -18.117  -57.671  -27.874 0.3000000119
20996  -16.884  -58.159  -28.856 0.4000000060
20997  -17.492  -57.908  -28.858 0.4000000060
23397  -15.114  -55.441  -23.844 0.3000000119
115228  -15.679  -71.870  -25.559 0.5000000000
115231  -17.334  -72.137  -24.824 0.5000000000
115235  -18.076  -70.836  -18.465 0.6000000238
115236  -18.975  -71.166  -25.250 0.6999999881
115237  -18.316  -69.888  -25.731 0.6999999881
115242  -16.296  -70.812  -26.288 0.5000000000
115245  -19.317  -70.193  -17.216 0.6000000238
115253  -16.984  -68.405  -24.641 0.6000000238
115254  -19.515  -70.533  -17.617 0.6000000238
115255  -17.973  -69.064  -16.063 0.5000000000
115258  -18.690  -69.146  -24.108 0.6000000238
115259  -19.977  -70.170  -17.133 0.6000000238
115262  -19.367  -68.121  -22.179 0.6000000238
115266  -20.414  -68.448  -21.558 0.6999999881
115273  -20.505  -67.923  -20.272 0.6000000238
115279  -20.667  -68.046  -19.400 0.6000000238
115282  -22.003  -65.932  -18.018 0.4000000060
115286  -20.469  -67.989  -18.937 0.6000000238
115301  -24.442  -64.395  -16.685 0.4000000060
115317  -22.107  -64.817  -14.032 0.4000000060
115321  -25.071  -64.181  -17.479 0.4000000060
117005  -19.165  -70.058  -17.045 0.6999999881
117006  -18.550  -69.773  -17.289 0.6999999881
117090  -18.388  -68.194  -16.047 0.5000000000
117172  -17.192  -69.173  -16.477 0.6999999881
117389  -21.181  -69.937  -22.956 0.6000000238
117402  -19.508  -71.714  -18.305 0.6000000238
117406  -20.898  -66.344  -17.885 0.4000000060
117477  -18.522  -67.550  -16.168 0.5000000000
117568  -20.986  -66.244  -16.327 0.4000000060
117684  -21.159  -68.811  -20.290 0.6999999881
117692  -20.058  -68.083  -18.131 0.6000000238
117726  -16.866  -67.710  -15.862 0.6000000238
117787  -17.714  -69.441  -16.600 0.6999999881
117839  -16.121  -68.044  -16.261 0.6000000238
117960  -17.688  -70.381  -26.035 0.6999999881
118075  -17.686  -67.181  -15.944 0.5000000000
118088  -23.212  -65.186  -16.474 0.4000000060
118206  -18.402  -70.731  -25.708 0.6999999881
118249  -16.932  -69.400  -17.092 0.6000000238
118257  -18.987  -70.769  -18.008 0.6000000238
118276  -16.983  -70.328  -26.355 0.6999999881
118406  -20.460  -67.862  -19.004 0.6000000238
118542  -17.785  -69.244  -25.260 0.6999999881
118590  -20.811  -69.919  -17.539 0.6999999881
118783  -18.177  -66.337  -21.958 0.5000000000
119407  -13.628  -61.180  -23.684 0.3000000119
119539  -17.189  -60.136  -21.411 0.3000000119
119548  -18.925  -73.247  -18.068 0.5000000000
119772  -33.557  -76.616  -32.494 0.4000000060
119896  -20.760  -70.312  -23.688 0.6000000238
120259  -23.426  -80.713  -28.152 0.5000000000
120377  -19.657  -68.868  -23.039 0.6000000238
121378  -38.176  -73.692  -30.907 0.4000000060
121676  -20.004  -73.681  -28.246 0.5000000000
122102  -22.443  -70.362  -31.724 0.6000000238
122104  -23.703  -64.931  -17.080 0.4000000060
122124  -28.179  -72.079  -32.698 0.6000000238
122265  -15.834  -59.425  -28.918 0.4000000060
122860  -26.391  -81.524  -34.764 0.5000000000
123059  -38.921  -73.633  -27.583 0.3000000119
123485  -16.729  -68.362  -31.979 0.5000000000
123563  -18.775  -68.117  -28.002 0.5000000000
123600  -15.495  -56.912  -25.173 0.3000000119
123671  -19.389  -65.247  -22.796 0.5000000000
124084  -14.832  -65.379  -26.807 0.6000000238
124146  -40.558  -70.105  -30.030 0.5000000000
124501  -32.746  -71.942  -33.311 0.5000000000
124689  -31.272  -71.869  -32.426 0.5000000000
124825  -22.111  -72.406  -28.689 0.6999999881
125230  -22.978  -67.602  -30.974 0.6000000238
125680  -13.658  -62.867  -20.270 0.3000000119
125875  -27.166  -69.661  -25.353 0.5000000000
125979  -16.056  -65.222  -28.131 0.6000000238
126140  -14.439  -61.239  -22.749 0.3000000119
126254  -18.869  -65.654  -24.924 0.5000000000
126438  -26.533  -69.723  -28.448 0.5000000000
126763  -22.149  -76.663  -24.030 0.5000000000
126854  -22.079  -68.295  -27.729 0.5000000000
127324  -20.893  -69.174  -17.919 0.6000000238
127415  -22.308  -67.819  -29.691 0.6000000238
127764  -17.138  -65.753  -24.481 0.5000000000
127847  -19.190  -78.644  -25.104 0.5000000000
128473  -33.117  -72.746  -27.006 0.5000000000
128526  -21.350  -67.687  -32.583 0.6000000238
129203  -23.225  -69.212  -31.449 0.6000000238
130005  -14.403  -68.649  -31.863 0.5000000000
130288  -38.130  -75.149  -28.483 0.3000000119
130336  -20.972  -70.265  -31.738 0.6000000238
130344  -30.600  -75.814  -35.138 0.6000000238
130977  -18.351  -73.595  -22.478 0.6999999881
131323  -29.334  -69.942  -24.176 0.6000000238
131542  -31.752  -71.409  -23.447 0.6000000238
131574  -20.551  -72.898  -20.897 0.6000000238
131661  -21.500  -70.681  -19.845 0.6000000238
131952  -19.935  -72.331  -28.402 0.5000000000
131957  -20.604  -67.417  -25.819 0.5000000000
132030  -27.195  -81.423  -34.936 0.6000000238
132193  -19.230  -72.596  -23.503 0.6999999881
132521  -17.951  -74.488  -19.372 0.6000000238
132535  -26.689  -71.968  -33.085 0.5000000000
132578  -13.394  -63.882  -19.188 0.3000000119
132813  -17.880  -59.174  -26.541 0.3000000119
133009  -42.863  -72.704  -32.365 0.3000000119
133228  -20.146  -68.043  -30.460 0.6000000238
133230  -22.182  -80.191  -24.637 0.5000000000
133543  -19.246  -68.548  -18.222 0.6000000238
133554  -19.902  -68.489  -17.572 0.6000000238
133555  -19.252  -68.484  -18.483 0.6000000238
133626  -19.271  -67.820  -16.493 0.5000000000
133628  -20.304  -66.663  -17.410 0.4000000060
133657  -18.749  -71.686  -18.375 0.6000000238
133823  -20.208  -65.924  -15.721 0.4000000060
133840  -22.829  -63.599  -13.609 0.3000000119
133898  -16.307  -72.112  -25.103 0.5000000000
133903  -20.589  -66.128  -18.544 0.5000000000
134008  -17.295  -71.311  -18.761 0.5000000000
134067  -19.677  -63.752  -14.052 0.3000000119
134104  -17.981  -65.860  -15.843 0.5000000000
134178  -20.088  -70.989  -18.146 0.6000000238
134318  -24.122  -64.355  -15.743 0.3000000119
134358  -17.366  -64.026  -15.343 0.3000000119
134436  -19.057  -70.102  -17.097 0.6000000238
134441  -19.249  -64.325  -14.321 0.4000000060
134463  -17.568  -73.652  -17.438 0.5000000000
134562  -17.868  -69.956  -17.459 0.6999999881
134563  -19.061  -68.825  -17.240 0.6000000238
134596  -19.816  -70.008  -16.901 0.6999999881
134598  -19.158  -69.048  -17.331 0.6000000238
134599  -18.997  -68.833  -17.831 0.6000000238
134607  -19.134  -68.781  -16.219 0.6000000238
134611  -19.825  -67.343  -17.396 0.5000000000
134613  -20.030  -67.365  -17.966 0.6000000238
134614  -18.974  -68.980  -17.462 0.6000000238
134621  -19.000  -68.980  -17.626 0.6000000238
134622  -19.608  -68.020  -18.636 0.6000000238
134636  -19.041  -69.944  -16.960 0.6999999881
134637  -19.738  -68.065  -18.735 0.6000000238
134713  -18.563  -69.738  -16.902 0.5000000000
134714  -20.001  -66.731  -18.375 0.5000000000
134715  -19.566  -68.402  -16.749 0.5000000000
134717  -17.876  -70.127  -17.897 0.6000000238
134899  -20.463  -68.490  -18.121 0.6000000238
135041  -33.018  -69.372  -23.684 0.4000000060
135233  -20.491  -68.109  -29.617 0.6000000238
135253  -17.592  -66.328  -15.960 0.5000000000
135390  -30.125  -69.249  -25.566 0.5000000000
136052  -35.331  -72.194  -25.442 0.4000000060
136093  -20.079  -68.780  -17.190 0.6000000238
136130  -24.956  -78.567  -30.635 0.5000000000
136342  -29.856  -79.897  -34.237 0.5000000000
136447  -19.309  -65.844  -15.711 0.4000000060
136625  -15.628  -70.602  -26.631 0.5000000000
136641  -34.301  -72.743  -26.442 0.5000000000
136645  -19.031  -69.163  -31.609 0.6000000238
136937  -40.122  -72.720  -31.712 0.4000000060
137486  -41.191  -69.884  -32.476 0.4000000060
137703  -23.418  -78.803  -26.322 0.5000000000
137705  -35.039  -75.093  -31.854 0.4000000060
137862  -37.886  -74.650  -26.356 0.3000000119
137913  -28.704  -80.691  -36.044 0.5000000000
138777  -22.500  -80.870  -24.829 0.5000000000
139449  -37.430  -77.392  -30.845 0.3000000119
139671  -23.920  -79.366  -34.259 0.5000000000
139673  -19.011  -60.140  -20.533 0.3000000119
140034  -22.831  -69.270  -31.661 0.5000000000
140100  -18.112  -59.023  -26.028 0.3000000119
140430  -32.543  -72.785  -33.568 0.5000000000
140629  -20.574  -66.489  -17.978 0.5000000000
140714  -15.514  -57.214  -23.991 0.3000000119
141102  -22.570  -72.688  -28.360 0.6999999881
141660  -17.931  -58.010  -28.883 0.4000000060
141785  -23.789  -78.284  -26.798 0.5000000000
141940  -19.444  -65.448  -24.805 0.5000000000
141982  -14.618  -61.404  -22.121 0.3000000119
142025  -23.508  -67.162  -31.602 0.6000000238
142030  -13.497  -66.489  -26.354 0.6999999881
142216  -17.366  -70.037  -26.345 0.6999999881
142314  -17.929  -64.556  -15.124 0.4000000060
142375  -19.213  -70.601  -30.337 0.6000000238
142572  -12.022  -68.241  -28.980 0.5000000000
143246  -21.484  -66.171  -16.925 0.4000000060
143347  -29.730  -73.797  -30.683 0.5000000000
