#!ascii label  , from subject sub-v1s20x0050371_ses-1 vox2ras=TkReg
1659
63896  52.988  -16.601  25.854 0.0000000000
52163  40.043  -27.868  35.206 0.0000000000
51140  28.497  -29.330  37.602 0.0000000000
47065  29.101  -32.732  44.014 0.0000000000
53991  33.236  -24.785  41.988 0.0000000000
50019  31.824  -29.135  31.928 0.0000000000
54150  54.076  -25.515  29.688 0.0000000000
70416  56.689  -10.041  18.531 0.0000000000
62833  49.808  -17.140  33.037 0.0000000000
56304  44.100  -23.269  27.037 0.0000000000
129408  34.178  -26.457  25.030 0.0000000000
54007  28.601  -25.558  40.881 0.0000000000
47974  30.662  -30.937  40.552 0.0000000000
148785  30.606  -27.916  43.847 0.0000000000
127821  30.520  -25.511  38.011 0.0000000000
64808  51.794  -15.566  33.319 0.0000000000
51074  42.431  -27.622  40.628 0.0000000000
53143  46.448  -26.219  35.844 0.0000000000
127944  46.895  -22.321  32.414 0.0000000000
54136  42.400  -25.225  30.882 0.0000000000
55205  39.484  -24.393  26.478 0.0000000000
53211  37.883  -26.836  30.105 0.0000000000
137152  25.893  -30.515  32.002 0.0000000000
50075  26.581  -29.516  27.776 0.0000000000
136326  55.070  -13.688  21.991 0.0000000000
68223  52.981  -12.152  18.893 0.0000000000
129532  25.433  -31.667  35.871 0.0000000000
46170  26.189  -33.004  39.351 0.0000000000
49920  37.102  -29.398  39.355 0.0000000000
50006  36.470  -30.637  33.873 0.0000000000
52152  33.954  -27.905  36.270 0.0000000000
52178  29.311  -26.967  34.377 0.0000000000
58346  55.711  -21.095  27.552 0.0000000000
48813  32.327  -29.749  47.234 0.0000000000
46110  28.537  -34.950  47.315 0.0000000000
68142  57.335  -11.995  24.664 0.0000000000
151568  53.974  -15.575  27.751 0.0000000000
143915  54.939  -20.281  31.618 0.0000000000
58278  52.145  -22.319  31.843 0.0000000000
60594  50.903  -19.029  27.268 0.0000000000
63801  47.102  -16.141  36.286 0.0000000000
62886  46.798  -18.016  29.883 0.0000000000
131902  46.054  -19.198  22.924 0.0000000000
57424  41.608  -22.525  21.609 0.0000000000
50056  33.928  -30.269  28.130 0.0000000000
137044  28.947  -23.810  42.197 0.0000000000
52073  29.277  -26.845  42.851 0.0000000000
53964  29.298  -23.806  44.054 0.0000000000
54993  29.474  -24.010  41.311 0.0000000000
52136  41.410  -28.148  37.242 0.0000000000
53147  43.225  -26.756  35.285 0.0000000000
54087  44.176  -25.779  33.479 0.0000000000
53184  41.552  -26.337  32.673 0.0000000000
53208  40.233  -26.095  30.902 0.0000000000
52201  39.452  -27.383  32.708 0.0000000000
47115  23.912  -32.696  32.319 0.0000000000
128542  24.136  -31.958  30.647 0.0000000000
64887  54.086  -14.898  23.664 0.0000000000
64918  53.674  -15.314  21.785 0.0000000000
150394  52.124  -17.258  23.801 0.0000000000
49955  28.298  -30.002  37.027 0.0000000000
47094  25.876  -32.140  37.487 0.0000000000
47982  27.925  -31.243  38.179 0.0000000000
47966  30.395  -31.712  42.669 0.0000000000
47071  27.850  -32.671  41.988 0.0000000000
46154  28.299  -33.536  43.232 0.0000000000
128400  28.864  -35.673  44.528 0.0000000000
52070  37.611  -27.394  42.688 0.0000000000
52097  35.285  -27.954  40.431 0.0000000000
136166  35.668  -28.921  38.147 0.0000000000
52124  33.732  -27.477  38.668 0.0000000000
136426  28.382  -26.326  37.754 0.0000000000
54057  30.119  -25.805  36.580 0.0000000000
52154  28.247  -27.861  36.326 0.0000000000
50000  27.361  -29.124  34.821 0.0000000000
148413  55.863  -24.506  29.339 0.0000000000
56301  55.425  -23.856  27.035 0.0000000000
55185  55.631  -25.099  27.736 0.0000000000
47033  27.103  -32.667  46.965 0.0000000000
62862  53.802  -18.121  29.094 0.0000000000
63852  52.615  -16.778  29.990 0.0000000000
62802  50.706  -17.384  34.559 0.0000000000
58244  51.506  -20.881  35.216 0.0000000000
60507  51.132  -19.792  32.832 0.0000000000
59437  51.609  -20.497  29.129 0.0000000000
61743  50.601  -18.147  30.300 0.0000000000
57287  46.028  -23.217  29.265 0.0000000000
126225  46.478  -19.927  31.057 0.0000000000
58348  46.087  -20.846  27.745 0.0000000000
60617  46.523  -19.258  26.528 0.0000000000
58387  45.070  -21.122  25.195 0.0000000000
59523  43.989  -20.723  21.938 0.0000000000
57360  42.775  -22.887  24.337 0.0000000000
56359  38.012  -23.931  23.384 0.0000000000
48934  34.237  -30.223  32.996 0.0000000000
48939  34.943  -30.334  31.188 0.0000000000
142680  32.390  -30.369  30.372 0.0000000000
50117  27.611  -29.479  25.432 0.0000000000
149824  57.970  -9.530  14.333 0.0000000000
70448  55.434  -10.268  16.508 0.0000000000
52110  28.396  -27.752  39.568 0.0000000000
48886  29.407  -30.362  38.889 0.0000000000
51081  29.260  -28.426  41.063 0.0000000000
49879  31.021  -29.881  42.060 0.0000000000
140112  31.754  -30.581  43.816 0.0000000000
54990  31.712  -24.071  41.463 0.0000000000
147090  31.938  -25.723  39.821 0.0000000000
55009  30.634  -24.472  40.565 0.0000000000
55026  28.824  -25.604  39.317 0.0000000000
65877  52.052  -15.143  30.986 0.0000000000
64782  49.778  -14.757  35.012 0.0000000000
126728  47.355  -24.221  33.828 0.0000000000
55128  45.365  -24.281  30.983 0.0000000000
55169  43.243  -24.042  28.921 0.0000000000
56307  41.737  -23.706  26.308 0.0000000000
55152  40.960  -24.759  29.118 0.0000000000
54166  38.533  -25.331  28.426 0.0000000000
53228  36.248  -26.158  27.563 0.0000000000
51253  29.047  -28.901  31.724 0.0000000000
50049  29.325  -29.464  29.502 0.0000000000
48951  26.135  -29.939  29.989 0.0000000000
68203  56.430  -12.550  21.002 0.0000000000
69325  54.354  -11.503  19.137 0.0000000000
67108  54.077  -13.666  20.860 0.0000000000
143541  28.204  -31.776  39.565 0.0000000000
130944  39.747  -29.465  40.337 0.0000000000
51165  38.499  -29.236  37.103 0.0000000000
51199  37.844  -29.195  34.405 0.0000000000
134385  36.814  -30.263  36.567 0.0000000000
49983  35.136  -30.362  35.241 0.0000000000
51202  32.948  -28.041  34.073 0.0000000000
53119  32.203  -26.474  37.586 0.0000000000
53165  31.475  -26.787  34.947 0.0000000000
52204  31.039  -27.663  33.061 0.0000000000
51242  28.320  -28.423  32.979 0.0000000000
48929  25.708  -30.683  33.646 0.0000000000
60614  53.932  -18.989  26.681 0.0000000000
60643  52.850  -19.599  24.719 0.0000000000
58384  54.009  -21.577  25.775 0.0000000000
145889  32.515  -29.206  45.619 0.0000000000
47043  31.933  -32.049  45.559 0.0000000000
46094  30.200  -34.144  47.446 0.0000000000
45011  29.355  -35.365  46.431 0.0000000000
69304  57.638  -12.069  21.221 0.0000000000
67066  56.006  -13.278  22.997 0.0000000000
65940  54.681  -14.512  25.459 0.0000000000
64855  53.815  -16.173  27.367 0.0000000000
61780  54.467  -18.993  28.148 0.0000000000
59425  56.258  -20.526  29.195 0.0000000000
135959  55.367  -23.610  30.951 0.0000000000
61675  53.248  -18.011  33.158 0.0000000000
57237  53.062  -23.512  33.690 0.0000000000
56236  52.883  -24.487  30.977 0.0000000000
57304  51.899  -22.907  28.372 0.0000000000
58369  50.994  -21.651  26.192 0.0000000000
128091  47.829  -15.530  34.140 0.0000000000
60476  46.716  -19.292  34.363 0.0000000000
138386  46.786  -17.411  32.852 0.0000000000
63855  48.326  -16.621  31.495 0.0000000000
62902  48.646  -17.400  28.369 0.0000000000
61859  49.093  -18.500  24.896 0.0000000000
146906  40.287  -23.310  23.992 0.0000000000
51248  37.069  -28.359  31.951 0.0000000000
52225  35.978  -28.203  29.955 0.0000000000
51277  34.278  -28.529  26.804 0.0000000000
146493  30.268  -29.708  27.478 0.0000000000
130975  31.056  -29.656  25.676 0.0000000000
54957  29.174  -22.668  43.366 0.0000000000
56047  28.459  -21.535  44.236 0.0000000000
146785  41.013  -27.746  36.125 0.0000000000
144728  42.202  -27.529  36.429 0.0000000000
52171  41.409  -27.087  34.882 0.0000000000
53163  42.005  -26.715  34.269 0.0000000000
53164  41.170  -26.895  34.049 0.0000000000
53175  40.196  -27.025  32.984 0.0000000000
52185  39.655  -27.532  33.524 0.0000000000
63906  52.769  -16.287  24.886 0.0000000000
63911  52.777  -16.159  23.843 0.0000000000
63897  52.469  -16.936  25.265 0.0000000000
49969  28.334  -29.463  37.033 0.0000000000
48895  28.003  -30.522  37.143 0.0000000000
49954  28.614  -29.924  37.588 0.0000000000
47064  30.020  -32.111  43.789 0.0000000000
129751  28.548  -32.892  43.233 0.0000000000
46144  28.615  -33.690  44.185 0.0000000000
45036  28.511  -34.539  43.714 0.0000000000
132364  28.716  -34.863  44.717 0.0000000000
54956  33.155  -23.082  42.208 0.0000000000
53978  34.030  -24.870  42.531 0.0000000000
53071  35.200  -26.828  42.216 0.0000000000
52099  34.022  -26.982  40.831 0.0000000000
134096  34.427  -27.507  40.185 0.0000000000
53084  33.331  -26.569  40.597 0.0000000000
134388  28.166  -27.161  37.762 0.0000000000
53121  28.332  -26.718  37.174 0.0000000000
51151  28.244  -28.598  36.978 0.0000000000
51169  28.139  -28.816  36.394 0.0000000000
54159  55.375  -25.486  29.300 0.0000000000
55166  55.734  -24.975  28.493 0.0000000000
54170  55.347  -25.384  28.421 0.0000000000
149794  53.430  -14.096  28.994 0.0000000000
64832  53.032  -15.468  28.895 0.0000000000
65887  52.877  -14.533  29.278 0.0000000000
62820  50.426  -17.099  33.834 0.0000000000
61677  50.497  -18.692  34.217 0.0000000000
61699  50.534  -18.829  32.944 0.0000000000
61718  50.677  -18.944  31.401 0.0000000000
62848  49.928  -17.816  31.598 0.0000000000
57307  45.070  -23.180  28.160 0.0000000000
150283  46.332  -21.944  28.857 0.0000000000
149091  45.592  -22.179  27.260 0.0000000000
57332  45.565  -21.788  26.792 0.0000000000
57344  44.316  -22.600  25.835 0.0000000000
58407  43.877  -22.122  24.234 0.0000000000
57345  43.615  -22.860  25.478 0.0000000000
50018  32.738  -29.347  32.101 0.0000000000
131447  33.997  -30.120  32.137 0.0000000000
50027  32.299  -29.670  31.438 0.0000000000
71491  57.174  -9.522  16.644 0.0000000000
132674  56.701  -9.703  17.866 0.0000000000
53086  28.424  -26.413  40.612 0.0000000000
51102  28.831  -28.217  40.363 0.0000000000
127229  28.504  -27.027  41.236 0.0000000000
51041  30.118  -27.909  43.125 0.0000000000
51062  29.716  -27.941  42.386 0.0000000000
51040  30.764  -28.741  43.427 0.0000000000
49878  31.373  -30.254  43.107 0.0000000000
49864  31.526  -29.585  43.801 0.0000000000
56085  31.436  -22.217  41.407 0.0000000000
54991  31.085  -23.650  41.125 0.0000000000
54992  30.684  -23.395  41.153 0.0000000000
127249  28.889  -24.579  41.364 0.0000000000
55011  29.485  -24.893  40.330 0.0000000000
128515  28.515  -25.893  39.968 0.0000000000
54021  28.363  -26.234  39.136 0.0000000000
52143  46.019  -26.569  37.114 0.0000000000
150656  47.768  -26.143  36.838 0.0000000000
55055  48.489  -24.810  35.757 0.0000000000
55068  48.153  -24.374  34.956 0.0000000000
144677  46.701  -25.336  34.463 0.0000000000
54116  43.599  -25.282  31.730 0.0000000000
54115  44.462  -25.132  32.044 0.0000000000
55108  43.736  -24.822  31.012 0.0000000000
55148  44.402  -24.272  30.122 0.0000000000
55150  42.717  -24.462  29.536 0.0000000000
55170  42.398  -24.251  28.733 0.0000000000
54152  41.262  -25.049  29.883 0.0000000000
53210  38.644  -26.555  30.395 0.0000000000
54154  39.589  -25.379  29.445 0.0000000000
53215  38.329  -26.203  29.662 0.0000000000
53227  36.985  -25.825  27.897 0.0000000000
53217  36.805  -26.750  29.108 0.0000000000
50032  27.197  -29.543  31.286 0.0000000000
50041  27.607  -29.438  30.691 0.0000000000
150508  26.241  -30.002  30.653 0.0000000000
67107  55.741  -12.919  21.332 0.0000000000
68204  55.266  -12.634  20.753 0.0000000000
67096  54.890  -13.503  21.527 0.0000000000
64934  53.301  -15.065  21.106 0.0000000000
47105  24.768  -32.258  35.440 0.0000000000
47102  25.041  -32.390  36.257 0.0000000000
48878  29.836  -30.788  39.533 0.0000000000
47979  28.831  -31.341  38.988 0.0000000000
47978  29.368  -31.386  39.631 0.0000000000
45053  27.345  -34.098  41.737 0.0000000000
46161  26.958  -33.233  41.226 0.0000000000
49892  37.323  -29.039  41.288 0.0000000000
133900  38.311  -28.569  41.964 0.0000000000
49919  38.316  -29.554  39.851 0.0000000000
49934  39.442  -29.371  38.783 0.0000000000
49950  37.862  -29.672  37.980 0.0000000000
49966  37.522  -29.872  36.958 0.0000000000
49951  37.125  -29.869  37.362 0.0000000000
52151  34.287  -28.079  37.182 0.0000000000
51166  35.640  -29.650  36.618 0.0000000000
51168  34.641  -28.630  36.304 0.0000000000
51200  34.496  -29.580  34.919 0.0000000000
52164  33.501  -27.862  35.504 0.0000000000
54032  31.013  -25.505  38.778 0.0000000000
53111  31.824  -25.915  38.750 0.0000000000
136055  31.346  -25.839  37.989 0.0000000000
53151  29.172  -26.613  35.215 0.0000000000
131797  30.681  -26.428  35.308 0.0000000000
53176  30.725  -26.783  34.459 0.0000000000
52177  31.485  -27.145  34.152 0.0000000000
52190  29.453  -27.366  33.583 0.0000000000
52191  28.874  -27.849  33.220 0.0000000000
51222  28.302  -28.060  33.720 0.0000000000
48914  26.508  -30.176  35.069 0.0000000000
50001  26.817  -29.572  34.469 0.0000000000
48921  25.811  -30.771  34.553 0.0000000000
59462  54.699  -20.251  27.154 0.0000000000
59463  54.044  -19.871  26.443 0.0000000000
58347  54.918  -21.051  27.022 0.0000000000
56317  54.854  -23.697  25.869 0.0000000000
49815  32.669  -29.739  46.471 0.0000000000
47955  32.360  -30.665  45.552 0.0000000000
47948  32.166  -31.540  46.385 0.0000000000
46096  28.868  -34.562  47.943 0.0000000000
46109  29.197  -35.284  47.395 0.0000000000
46107  30.423  -33.964  46.851 0.0000000000
44999  29.310  -35.551  46.901 0.0000000000
45012  29.009  -35.783  46.319 0.0000000000
45013  28.296  -35.787  45.969 0.0000000000
70393  57.940  -10.744  20.768 0.0000000000
68163  57.631  -12.266  22.840 0.0000000000
67065  56.872  -13.006  23.531 0.0000000000
67049  55.895  -13.489  24.161 0.0000000000
136978  56.068  -13.321  25.117 0.0000000000
65926  54.964  -14.208  27.429 0.0000000000
64862  54.383  -15.042  27.276 0.0000000000
64854  53.904  -15.805  27.603 0.0000000000
144270  53.959  -18.199  27.741 0.0000000000
62899  53.871  -17.892  28.117 0.0000000000
61717  54.943  -18.141  30.533 0.0000000000
128062  55.684  -18.882  29.009 0.0000000000
59416  55.890  -20.188  30.090 0.0000000000
57263  56.121  -22.491  30.134 0.0000000000
58277  54.718  -22.252  32.127 0.0000000000
130416  51.859  -15.328  32.004 0.0000000000
63844  52.651  -16.515  31.985 0.0000000000
62819  52.555  -17.377  33.651 0.0000000000
144051  51.632  -22.648  33.821 0.0000000000
57213  52.102  -22.474  34.593 0.0000000000
57238  52.136  -23.302  33.371 0.0000000000
56217  53.441  -24.067  32.336 0.0000000000
134820  52.685  -23.579  31.080 0.0000000000
56255  52.495  -23.656  30.046 0.0000000000
57264  52.390  -22.628  30.192 0.0000000000
60574  51.434  -19.704  28.768 0.0000000000
59454  51.411  -20.648  27.499 0.0000000000
59464  51.076  -20.189  26.856 0.0000000000
60631  50.323  -19.470  25.769 0.0000000000
125947  47.406  -15.684  34.719 0.0000000000
58259  47.214  -21.695  33.904 0.0000000000
59383  47.245  -20.579  34.618 0.0000000000
58260  46.766  -20.930  32.802 0.0000000000
60540  46.452  -19.401  30.523 0.0000000000
132743  46.449  -18.774  32.076 0.0000000000
62868  46.708  -18.009  30.723 0.0000000000
62835  47.376  -16.950  31.826 0.0000000000
62867  47.222  -17.472  30.340 0.0000000000
62884  48.286  -17.277  29.279 0.0000000000
62903  47.719  -17.627  28.705 0.0000000000
60633  46.606  -19.095  24.993 0.0000000000
141031  47.781  -18.326  25.635 0.0000000000
61880  47.368  -18.783  23.729 0.0000000000
60659  48.712  -19.380  23.516 0.0000000000
60678  46.769  -19.097  22.423 0.0000000000
59541  45.592  -19.568  21.419 0.0000000000
58439  42.848  -21.881  22.001 0.0000000000
59568  43.796  -20.595  20.066 0.0000000000
56308  40.905  -23.854  26.113 0.0000000000
56321  41.558  -23.511  25.508 0.0000000000
56323  39.885  -23.782  25.121 0.0000000000
56391  38.068  -23.610  21.946 0.0000000000
50005  37.227  -29.917  34.078 0.0000000000
51218  37.548  -28.920  33.606 0.0000000000
50014  36.942  -29.733  33.220 0.0000000000
50047  34.649  -30.091  29.433 0.0000000000
51258  35.618  -29.086  30.344 0.0000000000
51263  35.033  -29.447  29.008 0.0000000000
52236  34.997  -28.253  27.837 0.0000000000
50068  34.383  -29.783  27.699 0.0000000000
50059  28.210  -29.391  28.609 0.0000000000
50057  30.078  -29.665  28.851 0.0000000000
50073  28.643  -29.411  27.798 0.0000000000
125960  29.377  -29.501  25.088 0.0000000000
142656  32.099  -29.446  24.669 0.0000000000
69326  53.713  -11.911  19.283 0.0000000000
135588  54.286  -10.928  17.604 0.0000000000
60644  52.406  -19.349  23.950 0.0000000000
53992  28.632  -25.142  41.735 0.0000000000
148731  28.551  -26.725  41.967 0.0000000000
53980  28.960  -24.477  42.711 0.0000000000
53052  29.222  -25.343  43.418 0.0000000000
53051  29.728  -26.066  44.077 0.0000000000
131644  29.392  -23.206  42.109 0.0000000000
145128  42.284  -28.523  39.651 0.0000000000
51114  44.188  -27.304  39.157 0.0000000000
52133  43.724  -27.696  37.631 0.0000000000
52146  44.090  -27.310  36.915 0.0000000000
53145  45.001  -26.436  35.589 0.0000000000
54076  44.793  -25.844  34.172 0.0000000000
53171  43.451  -26.192  33.939 0.0000000000
53183  42.396  -26.139  32.899 0.0000000000
54099  42.147  -25.928  32.136 0.0000000000
54137  41.565  -25.375  30.639 0.0000000000
53200  40.517  -26.357  31.668 0.0000000000
53201  39.719  -26.631  31.410 0.0000000000
52216  38.422  -27.409  31.672 0.0000000000
48004  25.239  -31.135  32.203 0.0000000000
48944  25.324  -30.800  31.355 0.0000000000
127581  24.153  -32.300  31.600 0.0000000000
65996  54.689  -14.184  22.330 0.0000000000
65997  54.412  -14.411  21.950 0.0000000000
64902  53.467  -15.536  23.238 0.0000000000
63918  52.965  -16.139  22.849 0.0000000000
128269  26.810  -30.541  35.935 0.0000000000
47991  25.654  -31.902  36.696 0.0000000000
47987  26.469  -31.460  37.097 0.0000000000
128258  26.549  -31.727  37.790 0.0000000000
47083  26.486  -32.411  39.012 0.0000000000
47970  30.447  -31.335  40.899 0.0000000000
47971  29.539  -31.702  40.659 0.0000000000
47070  28.532  -32.497  42.386 0.0000000000
145404  27.966  -33.027  42.602 0.0000000000
43895  29.027  -35.771  43.479 0.0000000000
52084  36.494  -27.827  42.197 0.0000000000
51100  36.162  -28.609  40.365 0.0000000000
51137  36.646  -29.285  38.748 0.0000000000
51119  35.707  -28.481  39.543 0.0000000000
52123  34.457  -28.000  38.725 0.0000000000
52138  33.572  -27.476  37.783 0.0000000000
54045  29.120  -25.638  37.511 0.0000000000
54044  29.918  -25.572  37.307 0.0000000000
54058  29.330  -25.819  36.677 0.0000000000
53134  28.905  -26.236  36.052 0.0000000000
126719  28.685  -26.886  35.528 0.0000000000
51203  28.361  -27.765  34.464 0.0000000000
51184  28.155  -28.206  35.658 0.0000000000
49984  27.578  -29.447  35.704 0.0000000000
57303  56.218  -22.624  28.359 0.0000000000
132877  55.681  -22.031  27.542 0.0000000000
57316  55.761  -23.008  27.778 0.0000000000
56289  55.782  -24.367  27.772 0.0000000000
126280  27.677  -32.856  47.951 0.0000000000
46111  27.452  -33.751  46.612 0.0000000000
45014  27.123  -35.138  45.760 0.0000000000
46124  26.722  -33.980  45.790 0.0000000000
64847  54.334  -14.947  27.911 0.0000000000
63876  53.654  -17.162  28.271 0.0000000000
63872  53.483  -16.728  28.660 0.0000000000
146520  53.750  -17.851  29.595 0.0000000000
130098  54.009  -17.726  30.388 0.0000000000
62801  51.340  -17.094  34.527 0.0000000000
145188  52.041  -18.258  34.805 0.0000000000
60457  50.573  -19.167  36.092 0.0000000000
125844  51.179  -20.511  33.705 0.0000000000
59408  51.763  -21.213  32.070 0.0000000000
59417  51.889  -21.119  30.920 0.0000000000
60538  51.527  -20.296  31.109 0.0000000000
151145  51.332  -19.371  29.531 0.0000000000
61782  50.683  -18.162  28.474 0.0000000000
57265  46.610  -22.733  30.317 0.0000000000
144588  46.639  -21.391  31.632 0.0000000000
58286  46.503  -21.811  30.350 0.0000000000
59428  46.382  -20.289  29.475 0.0000000000
138900  46.434  -19.464  29.034 0.0000000000
61802  46.753  -18.731  27.849 0.0000000000
127584  46.140  -20.278  27.037 0.0000000000
127536  45.632  -20.666  25.686 0.0000000000
144762  45.462  -20.022  24.276 0.0000000000
59522  44.824  -19.998  22.315 0.0000000000
58424  44.287  -21.319  23.825 0.0000000000
58425  43.636  -21.840  23.442 0.0000000000
149373  42.244  -22.585  23.009 0.0000000000
55207  37.873  -24.723  26.066 0.0000000000
55232  38.175  -24.245  24.712 0.0000000000
55233  37.450  -24.430  24.562 0.0000000000
55250  36.554  -24.454  23.531 0.0000000000
55275  35.475  -24.655  21.446 0.0000000000
48926  35.397  -30.758  33.600 0.0000000000
50016  35.787  -30.606  32.405 0.0000000000
48940  34.463  -30.315  31.720 0.0000000000
48948  33.696  -30.432  30.418 0.0000000000
48960  33.474  -30.525  29.728 0.0000000000
50093  27.555  -29.410  26.575 0.0000000000
49006  26.237  -29.809  25.573 0.0000000000
127107  58.105  -9.278  15.590 0.0000000000
71502  57.146  -9.568  15.587 0.0000000000
70464  55.504  -10.228  15.515 0.0000000000
52125  28.251  -27.741  38.542 0.0000000000
49939  28.939  -29.869  38.218 0.0000000000
130829  28.700  -28.649  38.975 0.0000000000
51120  29.668  -29.649  39.737 0.0000000000
49907  30.295  -29.987  40.313 0.0000000000
52087  29.023  -27.632  41.773 0.0000000000
51080  30.486  -29.280  41.655 0.0000000000
48869  30.782  -30.567  40.726 0.0000000000
47965  31.183  -30.938  41.819 0.0000000000
130456  31.088  -31.145  42.564 0.0000000000
47962  31.100  -31.476  43.645 0.0000000000
126364  32.490  -24.494  41.676 0.0000000000
53098  32.626  -26.160  40.216 0.0000000000
54005  32.082  -25.241  40.870 0.0000000000
54006  31.281  -24.901  40.455 0.0000000000
54020  30.185  -25.297  38.929 0.0000000000
137025  30.459  -23.317  41.323 0.0000000000
55010  30.111  -24.718  40.192 0.0000000000
55025  29.441  -25.318  39.116 0.0000000000
54035  28.540  -25.974  38.410 0.0000000000
53112  28.204  -26.661  38.448 0.0000000000
54151  53.130  -25.255  29.486 0.0000000000
54161  53.720  -25.417  28.913 0.0000000000
54162  52.640  -25.366  28.871 0.0000000000
66960  52.902  -13.891  30.239 0.0000000000
131308  51.049  -14.792  33.825 0.0000000000
64797  50.976  -15.324  34.604 0.0000000000
63826  50.537  -16.254  34.513 0.0000000000
64798  49.715  -15.571  34.317 0.0000000000
57215  47.639  -23.070  34.390 0.0000000000
56204  46.992  -23.662  32.585 0.0000000000
150166  45.589  -25.140  33.157 0.0000000000
55105  46.173  -24.437  32.091 0.0000000000
56219  46.629  -23.735  31.739 0.0000000000
56238  45.879  -23.885  30.449 0.0000000000
56275  44.545  -23.581  28.623 0.0000000000
56292  43.557  -23.571  27.559 0.0000000000
56305  43.358  -23.419  26.749 0.0000000000
56277  42.974  -23.895  28.133 0.0000000000
55188  41.292  -24.190  27.745 0.0000000000
55189  40.475  -24.359  27.531 0.0000000000
54153  40.423  -25.203  29.662 0.0000000000
54165  39.324  -25.114  28.670 0.0000000000
55191  38.875  -24.712  27.082 0.0000000000
54176  37.519  -25.329  27.394 0.0000000000
54177  36.768  -25.575  27.110 0.0000000000
53243  35.381  -26.131  26.162 0.0000000000
51252  30.043  -28.934  31.711 0.0000000000
50038  30.345  -29.542  30.563 0.0000000000
50030  29.715  -29.279  31.128 0.0000000000
50051  27.562  -29.427  29.926 0.0000000000
50061  26.689  -29.566  28.655 0.0000000000
141492  24.939  -30.755  29.993 0.0000000000
48964  25.204  -30.176  28.816 0.0000000000
69324  56.213  -11.550  20.070 0.0000000000
70417  55.805  -10.490  18.719 0.0000000000
133061  55.273  -11.480  19.715 0.0000000000
68215  54.542  -12.105  19.973 0.0000000000
67116  53.379  -13.306  20.109 0.0000000000
66011  54.012  -14.647  21.553 0.0000000000
67109  53.263  -13.940  20.458 0.0000000000
47981  28.672  -31.038  38.398 0.0000000000
129238  27.980  -31.520  38.825 0.0000000000
126883  26.644  -32.612  39.819 0.0000000000
129877  27.483  -32.604  41.196 0.0000000000
47078  26.779  -32.823  40.577 0.0000000000
129549  41.582  -28.290  41.223 0.0000000000
125287  40.819  -28.978  39.210 0.0000000000
51163  40.106  -28.518  37.170 0.0000000000
51180  39.404  -28.379  35.782 0.0000000000
51197  39.291  -28.221  34.924 0.0000000000
51181  38.676  -28.810  35.512 0.0000000000
49981  37.412  -30.180  35.612 0.0000000000
48911  36.329  -30.822  35.479 0.0000000000
49953  36.170  -29.855  36.887 0.0000000000
48912  36.056  -30.738  35.760 0.0000000000
48918  35.490  -30.820  34.879 0.0000000000
49998  34.832  -30.429  34.409 0.0000000000
50008  33.834  -29.682  33.244 0.0000000000
51238  32.281  -28.677  32.521 0.0000000000
53110  32.521  -26.379  39.155 0.0000000000
53109  33.046  -26.949  38.436 0.0000000000
53118  32.794  -26.935  37.322 0.0000000000
54043  30.886  -25.873  37.142 0.0000000000
53131  32.322  -26.768  36.273 0.0000000000
52165  32.737  -27.274  35.506 0.0000000000
52176  32.272  -27.328  34.667 0.0000000000
51221  31.857  -27.955  32.984 0.0000000000
51239  31.270  -28.395  32.427 0.0000000000
145062  29.576  -28.517  32.193 0.0000000000
51243  28.249  -28.826  32.245 0.0000000000
50021  26.724  -29.710  32.780 0.0000000000
50010  27.206  -29.022  33.996 0.0000000000
50011  26.700  -29.583  33.634 0.0000000000
48936  25.723  -30.630  32.793 0.0000000000
48000  25.160  -31.269  33.114 0.0000000000
61842  53.331  -18.356  26.105 0.0000000000
61843  52.706  -18.197  25.433 0.0000000000
143045  53.587  -19.195  26.030 0.0000000000
56302  54.807  -22.801  26.650 0.0000000000
57342  53.815  -22.356  25.080 0.0000000000
143466  54.448  -25.411  28.062 0.0000000000
56040  28.215  -21.905  44.835 0.0000000000
53949  29.095  -23.733  45.136 0.0000000000
52043  30.912  -26.106  45.652 0.0000000000
53033  31.354  -25.760  46.686 0.0000000000
52048  31.758  -28.006  45.087 0.0000000000
48836  32.121  -30.694  44.690 0.0000000000
47053  31.907  -31.712  45.018 0.0000000000
131009  31.392  -32.374  45.292 0.0000000000
47937  31.844  -31.279  47.056 0.0000000000
47032  31.124  -33.239  46.808 0.0000000000
46122  30.522  -33.505  46.022 0.0000000000
46133  29.502  -33.975  45.766 0.0000000000
45025  28.902  -35.848  45.444 0.0000000000
70415  57.677  -9.862  19.174 0.0000000000
69323  56.893  -11.051  20.095 0.0000000000
68202  57.210  -12.381  21.224 0.0000000000
67094  56.834  -12.686  21.837 0.0000000000
128736  57.924  -11.830  21.521 0.0000000000
68179  57.500  -12.461  22.027 0.0000000000
67081  56.018  -13.166  22.170 0.0000000000
65977  55.329  -13.769  23.383 0.0000000000
64872  54.083  -15.046  24.808 0.0000000000
64873  53.405  -15.765  25.362 0.0000000000
65939  55.145  -14.030  26.166 0.0000000000
64863  54.031  -15.609  26.751 0.0000000000
151402  53.421  -16.640  26.449 0.0000000000
62925  53.802  -17.762  27.163 0.0000000000
61798  54.508  -19.305  27.859 0.0000000000
60591  55.507  -20.065  27.840 0.0000000000
128561  54.490  -18.806  28.521 0.0000000000
60573  55.929  -19.692  28.031 0.0000000000
58321  56.171  -20.745  27.830 0.0000000000
57284  56.345  -22.520  29.123 0.0000000000
56234  55.538  -24.462  30.286 0.0000000000
149851  54.669  -25.486  30.286 0.0000000000
64824  52.280  -15.939  30.395 0.0000000000
62846  53.965  -17.449  31.469 0.0000000000
60504  54.227  -19.143  32.311 0.0000000000
60473  52.574  -19.886  34.465 0.0000000000
59388  53.393  -20.814  33.726 0.0000000000
58266  54.199  -22.160  32.904 0.0000000000
56202  53.862  -23.916  32.588 0.0000000000
55104  53.735  -24.804  31.528 0.0000000000
55146  53.449  -25.269  30.226 0.0000000000
55147  52.699  -24.905  29.820 0.0000000000
56273  51.797  -23.793  28.334 0.0000000000
58323  51.844  -21.596  28.704 0.0000000000
57317  51.629  -22.407  27.703 0.0000000000
64799  49.109  -14.870  34.469 0.0000000000
64816  49.021  -15.838  33.343 0.0000000000
61643  46.839  -18.128  35.087 0.0000000000
59399  46.548  -20.260  32.386 0.0000000000
61679  46.548  -18.231  33.261 0.0000000000
63829  46.852  -16.896  34.146 0.0000000000
63839  47.477  -16.359  33.068 0.0000000000
64818  47.881  -16.233  32.728 0.0000000000
63854  48.942  -16.716  31.777 0.0000000000
145748  49.459  -17.169  30.520 0.0000000000
129950  50.127  -17.607  28.847 0.0000000000
62912  49.616  -17.661  27.549 0.0000000000
61801  47.361  -18.228  27.415 0.0000000000
61823  48.978  -17.877  26.268 0.0000000000
61821  50.131  -18.682  26.097 0.0000000000
60645  49.508  -19.162  24.601 0.0000000000
59542  44.705  -20.085  21.235 0.0000000000
59592  44.480  -20.464  19.460 0.0000000000
56320  42.384  -23.385  25.703 0.0000000000
57361  42.035  -22.987  24.085 0.0000000000
57380  41.129  -22.867  22.965 0.0000000000
56358  38.939  -23.614  23.386 0.0000000000
56373  39.592  -23.180  22.282 0.0000000000
52186  38.905  -27.884  33.267 0.0000000000
52203  37.824  -27.921  32.244 0.0000000000
52217  37.595  -27.663  31.432 0.0000000000
50024  36.135  -30.035  31.928 0.0000000000
51257  36.159  -28.495  30.791 0.0000000000
52224  36.605  -27.723  30.335 0.0000000000
52234  36.108  -27.120  28.785 0.0000000000
144854  34.798  -27.621  27.123 0.0000000000
52256  33.884  -27.351  25.590 0.0000000000
48963  31.032  -30.061  30.084 0.0000000000
131714  31.395  -30.258  29.265 0.0000000000
48981  31.815  -30.139  27.705 0.0000000000
50091  29.686  -29.554  26.420 0.0000000000
50090  31.148  -29.771  26.542 0.0000000000
144462  32.431  -29.837  26.644 0.0000000000
50087  33.285  -29.465  26.136 0.0000000000
51305  33.085  -28.910  24.901 0.0000000000
70434  54.938  -10.627  18.093 0.0000000000
70449  54.566  -10.671  16.435 0.0000000000
70465  54.748  -10.569  15.739 0.0000000000
61858  52.499  -18.573  24.632 0.0000000000
52162  40.827  -27.549  35.457 0.0000000000
52172  40.598  -27.334  34.629 0.0000000000
52184  40.392  -27.171  33.800 0.0000000000
52173  39.848  -27.677  34.355 0.0000000000
47056  29.112  -33.429  44.835 0.0000000000
53979  33.593  -23.761  42.409 0.0000000000
53073  33.744  -26.019  41.623 0.0000000000
139594  28.280  -28.248  37.663 0.0000000000
127162  28.222  -27.535  37.017 0.0000000000
54149  54.832  -25.658  29.821 0.0000000000
54160  54.816  -25.571  29.102 0.0000000000
61678  50.314  -17.968  33.521 0.0000000000
61700  50.016  -17.955  32.525 0.0000000000
57319  44.807  -22.996  27.377 0.0000000000
57318  45.517  -22.556  27.740 0.0000000000
146516  45.191  -22.454  26.993 0.0000000000
57333  44.548  -22.814  26.612 0.0000000000
57334  43.883  -23.113  26.243 0.0000000000
53074  28.458  -26.144  41.468 0.0000000000
52060  30.150  -27.094  43.819 0.0000000000
51025  31.264  -28.459  44.259 0.0000000000
56086  31.403  -21.956  41.138 0.0000000000
55012  28.903  -25.170  40.493 0.0000000000
53128  46.619  -26.325  36.588 0.0000000000
53142  47.191  -26.010  35.976 0.0000000000
54052  48.474  -25.482  36.304 0.0000000000
54063  47.432  -25.609  35.328 0.0000000000
55056  47.891  -25.110  35.076 0.0000000000
54064  46.811  -25.775  35.181 0.0000000000
54117  42.693  -25.502  31.610 0.0000000000
54135  43.099  -25.097  31.152 0.0000000000
55130  43.077  -24.718  30.418 0.0000000000
55131  42.128  -24.898  30.117 0.0000000000
53216  37.554  -26.454  29.390 0.0000000000
140822  26.616  -29.930  31.879 0.0000000000
149191  26.602  -29.855  31.098 0.0000000000
48943  26.051  -30.258  31.249 0.0000000000
67095  55.918  -13.037  21.752 0.0000000000
48870  30.323  -30.696  40.156 0.0000000000
47975  30.219  -31.140  40.129 0.0000000000
49906  37.069  -29.230  40.400 0.0000000000
146947  37.606  -29.263  40.845 0.0000000000
129939  37.621  -29.448  40.075 0.0000000000
49935  38.546  -29.547  38.903 0.0000000000
49936  37.704  -29.569  39.076 0.0000000000
49937  37.031  -29.600  38.214 0.0000000000
51183  34.235  -28.609  35.531 0.0000000000
53166  29.895  -26.586  34.833 0.0000000000
53177  30.046  -26.976  34.003 0.0000000000
52179  28.804  -27.442  33.983 0.0000000000
47993  26.005  -30.962  35.444 0.0000000000
47994  25.278  -31.478  34.980 0.0000000000
59453  55.280  -20.439  27.556 0.0000000000
50985  32.625  -28.515  47.122 0.0000000000
49803  32.628  -29.390  46.970 0.0000000000
47947  32.377  -30.821  46.151 0.0000000000
48823  32.319  -30.811  46.647 0.0000000000
45000  28.948  -35.642  46.854 0.0000000000
70392  58.187  -9.826  21.103 0.0000000000
68151  57.656  -12.211  23.770 0.0000000000
68152  57.267  -12.676  24.199 0.0000000000
67048  56.642  -13.037  24.625 0.0000000000
134679  54.393  -14.895  27.641 0.0000000000
63882  53.684  -17.014  27.679 0.0000000000
63881  53.702  -16.574  27.885 0.0000000000
60520  55.304  -18.866  30.461 0.0000000000
59406  55.345  -19.792  30.791 0.0000000000
59407  55.316  -21.047  31.216 0.0000000000
63845  52.229  -15.977  32.352 0.0000000000
63838  52.367  -16.486  33.254 0.0000000000
58268  51.777  -22.419  32.968 0.0000000000
57252  52.660  -23.479  32.154 0.0000000000
134819  52.455  -22.732  31.104 0.0000000000
58285  52.185  -21.861  30.521 0.0000000000
60593  51.312  -19.787  27.685 0.0000000000
148125  51.012  -19.593  27.091 0.0000000000
144803  50.674  -20.028  26.182 0.0000000000
60615  50.665  -19.357  26.564 0.0000000000
136088  47.095  -16.148  35.379 0.0000000000
58270  46.989  -21.826  33.098 0.0000000000
58271  46.775  -21.605  32.312 0.0000000000
61744  46.512  -18.700  30.260 0.0000000000
62885  47.447  -17.565  29.545 0.0000000000
61765  47.000  -18.077  29.068 0.0000000000
60662  45.858  -19.449  23.714 0.0000000000
61862  47.131  -18.693  24.416 0.0000000000
60661  46.644  -19.009  23.287 0.0000000000
147151  47.291  -19.072  23.030 0.0000000000
60693  46.484  -19.358  21.585 0.0000000000
60679  45.805  -19.331  22.253 0.0000000000
57423  42.300  -22.243  21.868 0.0000000000
58462  42.697  -21.693  21.270 0.0000000000
58463  42.066  -22.074  21.010 0.0000000000
55204  40.285  -24.217  26.703 0.0000000000
55217  40.089  -24.019  25.900 0.0000000000
48959  34.048  -30.393  29.062 0.0000000000
50055  34.581  -29.992  28.527 0.0000000000
50069  33.691  -29.960  27.299 0.0000000000
139514  27.522  -29.379  28.075 0.0000000000
50074  27.903  -29.336  27.299 0.0000000000
53963  29.519  -24.839  44.695 0.0000000000
136779  29.180  -22.381  42.730 0.0000000000
51147  41.961  -28.258  37.898 0.0000000000
51134  42.577  -28.347  38.635 0.0000000000
52134  42.826  -27.995  37.752 0.0000000000
52160  42.674  -27.138  35.925 0.0000000000
52159  43.642  -26.975  36.141 0.0000000000
53130  44.671  -26.893  36.314 0.0000000000
53146  44.132  -26.598  35.473 0.0000000000
53160  44.523  -26.250  34.823 0.0000000000
53161  43.717  -26.420  34.682 0.0000000000
53173  41.771  -26.521  33.463 0.0000000000
53172  42.612  -26.348  33.692 0.0000000000
53199  41.307  -26.113  31.914 0.0000000000
53185  40.747  -26.556  32.443 0.0000000000
53186  39.978  -26.887  32.176 0.0000000000
53187  39.212  -27.165  31.919 0.0000000000
53202  38.947  -26.893  31.145 0.0000000000
48005  24.464  -31.882  32.489 0.0000000000
48010  24.655  -31.516  31.492 0.0000000000
64901  54.136  -14.917  22.464 0.0000000000
63912  52.305  -16.820  23.339 0.0000000000
48904  27.661  -30.143  36.407 0.0000000000
48905  27.179  -30.837  36.713 0.0000000000
48888  28.334  -30.757  37.777 0.0000000000
47986  27.399  -31.178  37.562 0.0000000000
47983  27.029  -31.713  38.466 0.0000000000
126732  30.767  -31.369  41.693 0.0000000000
47069  29.747  -32.001  41.752 0.0000000000
143597  27.931  -33.913  42.694 0.0000000000
150096  28.524  -34.916  43.030 0.0000000000
43883  29.018  -36.328  44.186 0.0000000000
142573  35.869  -25.243  43.262 0.0000000000
52086  35.177  -27.527  41.405 0.0000000000
52085  35.743  -27.527  41.960 0.0000000000
52096  36.015  -28.253  41.342 0.0000000000
52109  34.051  -27.528  39.450 0.0000000000
52137  34.152  -27.928  38.079 0.0000000000
145090  28.704  -25.864  37.779 0.0000000000
54046  28.678  -26.076  37.020 0.0000000000
53135  28.460  -26.843  36.381 0.0000000000
137560  28.410  -27.421  35.779 0.0000000000
52166  28.408  -27.551  35.159 0.0000000000
49970  28.037  -29.519  36.445 0.0000000000
56271  55.979  -23.826  28.454 0.0000000000
130145  55.776  -24.910  27.068 0.0000000000
151614  55.649  -25.067  27.066 0.0000000000
46097  28.011  -33.813  47.666 0.0000000000
47045  26.523  -32.971  46.112 0.0000000000
64831  53.497  -15.746  28.526 0.0000000000
64823  52.592  -15.729  29.512 0.0000000000
63861  53.155  -16.514  29.169 0.0000000000
128481  53.240  -17.419  29.791 0.0000000000
138370  53.092  -17.358  30.645 0.0000000000
62786  51.422  -18.035  35.098 0.0000000000
62787  50.886  -18.045  35.351 0.0000000000
60490  50.811  -19.541  33.820 0.0000000000
59398  51.468  -20.801  32.853 0.0000000000
60506  51.363  -20.103  31.966 0.0000000000
61742  50.900  -18.884  30.713 0.0000000000
141252  51.122  -18.749  29.896 0.0000000000
61763  51.145  -18.786  29.016 0.0000000000
61764  50.707  -18.087  29.394 0.0000000000
150185  46.416  -22.879  29.589 0.0000000000
58325  46.199  -21.414  28.356 0.0000000000
58302  46.304  -21.212  29.130 0.0000000000
59439  46.276  -20.376  28.545 0.0000000000
130821  46.231  -20.055  27.804 0.0000000000
58370  45.322  -21.482  25.970 0.0000000000
59467  45.778  -20.940  26.460 0.0000000000
131571  45.500  -20.345  24.914 0.0000000000
59496  44.942  -20.701  24.307 0.0000000000
58406  44.488  -21.614  24.685 0.0000000000
57359  43.404  -22.654  24.676 0.0000000000
57377  43.252  -22.488  23.878 0.0000000000
57400  43.087  -22.243  23.214 0.0000000000
57378  42.580  -22.638  23.501 0.0000000000
54195  37.104  -24.886  25.865 0.0000000000
55220  37.657  -24.559  25.298 0.0000000000
55221  36.907  -24.743  25.112 0.0000000000
55251  35.743  -24.708  23.252 0.0000000000
55264  35.553  -24.631  22.355 0.0000000000
130935  34.769  -25.165  21.974 0.0000000000
48927  34.846  -30.584  33.656 0.0000000000
48933  34.804  -30.538  32.773 0.0000000000
48942  32.710  -30.117  30.964 0.0000000000
48941  33.598  -30.205  31.156 0.0000000000
48949  33.056  -30.404  30.413 0.0000000000
48961  32.671  -30.520  29.735 0.0000000000
70432  56.449  -9.783  17.046 0.0000000000
70447  56.288  -9.811  16.049 0.0000000000
70463  56.186  -9.861  15.122 0.0000000000
148397  28.149  -26.954  39.102 0.0000000000
51101  29.558  -29.081  40.332 0.0000000000
49894  30.041  -29.221  41.028 0.0000000000
51061  30.420  -28.832  42.478 0.0000000000
130198  29.824  -28.535  41.727 0.0000000000
49893  30.839  -29.898  41.093 0.0000000000
48861  31.086  -30.505  41.396 0.0000000000
48851  31.347  -30.665  43.040 0.0000000000
147068  31.260  -30.844  42.547 0.0000000000
47961  31.428  -30.908  43.329 0.0000000000
54975  31.835  -22.830  41.527 0.0000000000
56084  32.335  -22.533  41.113 0.0000000000
54974  32.439  -23.371  41.888 0.0000000000
54019  30.728  -25.104  39.689 0.0000000000
54034  28.959  -25.599  38.314 0.0000000000
53099  28.279  -26.704  39.791 0.0000000000
64796  51.331  -15.602  34.141 0.0000000000
65836  50.638  -14.989  34.598 0.0000000000
65837  50.227  -14.772  34.985 0.0000000000
64781  50.401  -15.405  34.691 0.0000000000
63815  49.842  -15.327  34.591 0.0000000000
63827  50.224  -16.228  34.255 0.0000000000
51132  44.625  -27.355  38.698 0.0000000000
56171  47.791  -23.946  34.266 0.0000000000
56154  48.121  -23.562  34.992 0.0000000000
56188  47.330  -23.533  33.510 0.0000000000
55078  47.024  -24.220  33.171 0.0000000000
135737  44.970  -25.539  33.522 0.0000000000
54075  45.526  -25.532  34.064 0.0000000000
54096  44.744  -25.363  32.808 0.0000000000
55107  44.925  -24.685  31.530 0.0000000000
55090  45.356  -24.867  32.250 0.0000000000
132852  45.610  -24.483  31.607 0.0000000000
55106  46.062  -24.072  31.253 0.0000000000
55149  43.713  -24.261  29.693 0.0000000000
56258  44.703  -23.902  29.465 0.0000000000
56259  43.990  -23.847  29.023 0.0000000000
56276  43.775  -23.708  28.347 0.0000000000
55171  41.534  -24.383  28.543 0.0000000000
55172  40.689  -24.510  28.345 0.0000000000
54138  40.737  -25.528  30.412 0.0000000000
54139  39.921  -25.719  30.174 0.0000000000
54155  38.791  -25.604  29.205 0.0000000000
54174  39.088  -24.890  27.885 0.0000000000
54175  38.305  -25.122  27.639 0.0000000000
53237  36.074  -25.890  26.738 0.0000000000
53229  35.471  -26.653  27.143 0.0000000000
50031  28.914  -29.279  31.024 0.0000000000
50042  26.856  -29.629  30.453 0.0000000000
50052  26.772  -29.609  29.537 0.0000000000
50060  27.513  -29.472  29.040 0.0000000000
48953  24.718  -31.068  30.653 0.0000000000
48014  24.363  -31.339  29.855 0.0000000000
48965  24.731  -30.753  29.297 0.0000000000
48974  24.512  -30.728  28.447 0.0000000000
48973  25.039  -30.140  27.941 0.0000000000
145590  55.937  -10.929  19.525 0.0000000000
68214  55.815  -12.081  20.408 0.0000000000
151166  54.837  -13.153  21.029 0.0000000000
68205  54.249  -12.918  20.436 0.0000000000
68216  53.525  -12.534  19.688 0.0000000000
148710  54.108  -14.854  21.879 0.0000000000
47095  25.309  -32.628  37.017 0.0000000000
51121  29.292  -29.628  38.977 0.0000000000
47082  27.207  -32.025  39.356 0.0000000000
47077  27.364  -32.313  40.205 0.0000000000
47073  28.533  -32.246  41.436 0.0000000000
47076  28.413  -32.011  40.443 0.0000000000
45054  26.906  -33.880  40.953 0.0000000000
46162  26.606  -33.348  40.545 0.0000000000
53059  37.166  -26.718  42.895 0.0000000000
145495  38.129  -27.464  42.613 0.0000000000
137735  39.424  -29.252  41.131 0.0000000000
51059  38.892  -28.088  42.334 0.0000000000
49889  40.117  -28.755  41.613 0.0000000000
49903  40.197  -29.275  40.880 0.0000000000
51116  41.432  -28.881  39.662 0.0000000000
49917  40.027  -29.343  39.477 0.0000000000
49949  38.904  -29.389  38.037 0.0000000000
51136  39.759  -29.003  37.982 0.0000000000
51148  39.298  -28.899  37.404 0.0000000000
51164  39.368  -28.612  36.656 0.0000000000
133826  38.780  -28.863  36.263 0.0000000000
135059  37.255  -30.186  36.278 0.0000000000
48901  36.787  -30.536  35.879 0.0000000000
48910  36.901  -30.686  35.209 0.0000000000
49938  36.319  -29.413  37.883 0.0000000000
51149  35.712  -29.212  37.413 0.0000000000
49968  35.414  -30.108  35.917 0.0000000000
49967  35.911  -30.383  36.168 0.0000000000
49982  35.696  -30.710  35.513 0.0000000000
51201  33.712  -28.616  34.643 0.0000000000
49999  34.146  -29.622  34.068 0.0000000000
51219  33.452  -28.894  33.631 0.0000000000
50009  33.155  -29.070  32.785 0.0000000000
51220  32.668  -28.346  33.228 0.0000000000
132502  32.391  -26.487  38.202 0.0000000000
53150  31.515  -26.513  35.783 0.0000000000
53149  32.080  -26.894  35.432 0.0000000000
52188  30.830  -27.178  33.705 0.0000000000
146821  31.466  -27.475  33.505 0.0000000000
52205  30.515  -27.941  32.700 0.0000000000
51240  30.336  -28.451  32.242 0.0000000000
51241  28.927  -28.373  32.509 0.0000000000
142591  27.792  -28.866  32.800 0.0000000000
128415  27.420  -29.326  32.213 0.0000000000
151391  28.101  -28.136  34.966 0.0000000000
51204  27.809  -28.478  34.379 0.0000000000
48920  26.230  -30.089  34.115 0.0000000000
48928  26.181  -30.105  33.254 0.0000000000
59479  54.357  -20.801  26.455 0.0000000000
59480  53.736  -20.672  25.674 0.0000000000
57329  55.279  -22.729  27.292 0.0000000000
58366  55.143  -21.866  27.147 0.0000000000
57341  54.280  -22.580  25.837 0.0000000000
57356  53.758  -22.990  24.406 0.0000000000
54171  53.042  -25.558  28.304 0.0000000000
57141  27.968  -21.424  44.504 0.0000000000
54924  29.003  -24.213  45.799 0.0000000000
53948  29.715  -24.565  45.962 0.0000000000
53040  30.129  -25.480  45.250 0.0000000000
53034  30.559  -25.065  46.431 0.0000000000
135030  32.340  -28.261  45.741 0.0000000000
52042  31.853  -26.989  45.971 0.0000000000
51024  32.066  -29.115  44.805 0.0000000000
49832  32.412  -29.967  45.122 0.0000000000
139228  32.175  -31.504  45.764 0.0000000000
132281  32.070  -31.363  45.142 0.0000000000
47054  31.572  -31.670  44.597 0.0000000000
47021  29.729  -33.695  48.165 0.0000000000
47010  29.911  -32.411  48.341 0.0000000000
47020  30.619  -33.081  47.546 0.0000000000
47938  30.809  -31.783  47.566 0.0000000000
47019  31.617  -32.347  46.899 0.0000000000
46123  29.767  -34.801  46.732 0.0000000000
46134  28.983  -34.789  45.477 0.0000000000
43863  28.642  -35.978  45.605 0.0000000000
71456  58.361  -9.213  18.993 0.0000000000
70403  57.750  -10.324  20.025 0.0000000000
127984  57.850  -11.622  21.058 0.0000000000
69312  57.684  -11.454  20.696 0.0000000000
68191  56.721  -12.627  21.468 0.0000000000
68190  57.401  -12.350  21.537 0.0000000000
69293  58.197  -11.057  21.866 0.0000000000
141679  57.265  -12.596  22.805 0.0000000000
67080  56.809  -12.839  22.454 0.0000000000
65995  55.275  -13.698  22.578 0.0000000000
65959  54.853  -14.213  24.241 0.0000000000
132418  54.102  -15.299  25.853 0.0000000000
67036  55.814  -13.448  25.921 0.0000000000
65927  54.552  -14.755  26.433 0.0000000000
64864  53.604  -16.043  26.253 0.0000000000
63889  53.720  -16.666  26.924 0.0000000000
60592  54.898  -19.952  27.774 0.0000000000
130359  54.981  -19.596  28.070 0.0000000000
151354  53.632  -17.552  28.716 0.0000000000
62882  53.841  -18.129  28.572 0.0000000000
60556  56.137  -19.617  29.158 0.0000000000
60555  55.898  -19.325  28.377 0.0000000000
59424  56.261  -20.067  28.455 0.0000000000
59436  56.072  -20.129  27.877 0.0000000000
58299  56.389  -20.699  28.295 0.0000000000
58322  56.428  -21.579  28.308 0.0000000000
58300  56.370  -21.522  29.184 0.0000000000
55102  54.950  -25.163  30.532 0.0000000000
56215  54.947  -24.567  31.025 0.0000000000
66950  52.376  -14.212  30.871 0.0000000000
65888  52.287  -14.873  30.044 0.0000000000
62832  53.588  -17.478  32.290 0.0000000000
62847  53.200  -17.016  31.609 0.0000000000
61698  54.008  -18.137  32.369 0.0000000000
60455  51.980  -19.700  35.152 0.0000000000
61655  52.302  -18.979  34.586 0.0000000000
59380  52.093  -20.777  35.097 0.0000000000
57224  52.562  -23.126  34.183 0.0000000000
58257  52.950  -21.995  34.254 0.0000000000
58267  53.455  -22.673  33.640 0.0000000000
59397  53.930  -21.299  33.222 0.0000000000
57236  53.861  -23.254  32.980 0.0000000000
56235  53.182  -24.290  31.882 0.0000000000
148270  53.311  -24.859  31.295 0.0000000000
55126  53.625  -25.231  30.948 0.0000000000
55127  53.104  -24.974  30.672 0.0000000000
147050  52.683  -24.549  30.257 0.0000000000
57285  52.203  -22.564  29.145 0.0000000000
56272  52.245  -23.614  29.062 0.0000000000
59426  51.743  -20.970  29.863 0.0000000000
151241  51.767  -21.087  29.104 0.0000000000
58368  51.285  -21.123  26.877 0.0000000000
58324  51.590  -21.501  27.763 0.0000000000
57330  51.403  -22.005  26.955 0.0000000000
64801  47.827  -14.980  34.744 0.0000000000
64800  48.490  -15.119  34.315 0.0000000000
64809  49.135  -15.439  33.930 0.0000000000
64810  48.466  -15.610  33.682 0.0000000000
60475  47.178  -19.807  34.890 0.0000000000
60458  47.377  -19.630  35.747 0.0000000000
60459  46.983  -19.002  35.076 0.0000000000
62788  47.033  -17.770  35.709 0.0000000000
59409  46.549  -20.518  31.656 0.0000000000
61701  46.581  -18.056  32.427 0.0000000000
134343  46.457  -18.740  32.798 0.0000000000
62821  46.694  -17.549  33.692 0.0000000000
63840  47.028  -16.777  33.327 0.0000000000
63856  47.725  -16.815  31.320 0.0000000000
63848  47.784  -16.546  32.091 0.0000000000
63847  48.397  -16.356  32.283 0.0000000000
62849  49.460  -17.182  31.242 0.0000000000
63862  48.898  -16.814  30.915 0.0000000000
62883  49.248  -17.302  29.091 0.0000000000
62901  49.521  -17.475  28.303 0.0000000000
62900  50.148  -17.747  28.114 0.0000000000
61825  46.829  -18.764  27.144 0.0000000000
61846  48.236  -18.402  24.957 0.0000000000
140158  48.209  -18.024  26.140 0.0000000000
61845  48.672  -18.128  25.554 0.0000000000
130366  49.447  -18.294  25.762 0.0000000000
61844  49.813  -18.860  25.302 0.0000000000
60676  48.262  -19.585  22.880 0.0000000000
58503  43.133  -21.051  19.760 0.0000000000
59607  44.385  -20.762  18.808 0.0000000000
56306  42.569  -23.559  26.508 0.0000000000
56319  43.151  -23.253  25.948 0.0000000000
56338  40.527  -23.438  24.566 0.0000000000
56337  41.381  -23.298  24.700 0.0000000000
56356  41.100  -23.068  23.859 0.0000000000
57379  41.867  -22.794  23.312 0.0000000000
55248  37.895  -24.146  24.105 0.0000000000
56340  38.535  -23.934  24.075 0.0000000000
56390  38.618  -23.420  21.272 0.0000000000
143961  38.854  -23.346  22.071 0.0000000000
56389  39.418  -23.171  21.509 0.0000000000
51198  38.553  -28.650  34.674 0.0000000000
52174  39.118  -28.067  34.083 0.0000000000
51217  38.310  -28.416  33.873 0.0000000000
51236  37.263  -28.627  32.796 0.0000000000
51235  38.027  -28.155  33.075 0.0000000000
50025  35.556  -30.260  31.589 0.0000000000
51262  35.455  -28.790  29.507 0.0000000000
52230  36.381  -27.435  29.543 0.0000000000
52231  35.768  -27.922  29.154 0.0000000000
150472  34.661  -28.361  27.298 0.0000000000
52246  34.326  -27.528  26.352 0.0000000000
52247  33.818  -28.341  26.018 0.0000000000
50037  31.068  -29.708  30.789 0.0000000000
50048  30.167  -29.621  29.782 0.0000000000
130199  30.546  -29.867  28.045 0.0000000000
48972  30.943  -30.051  28.658 0.0000000000
134791  31.203  -30.115  28.035 0.0000000000
48971  31.664  -30.270  28.471 0.0000000000
151582  27.554  -29.454  25.973 0.0000000000
50092  28.645  -29.429  26.719 0.0000000000
128352  28.140  -29.430  25.955 0.0000000000
151675  30.474  -29.649  26.229 0.0000000000
48995  31.842  -29.943  26.956 0.0000000000
50089  31.875  -29.758  26.206 0.0000000000
50070  33.094  -29.812  26.755 0.0000000000
50088  32.632  -29.607  25.976 0.0000000000
50149  31.558  -29.487  24.020 0.0000000000
137511  32.627  -29.236  24.706 0.0000000000
52257  33.410  -28.223  25.240 0.0000000000
136440  58.265  -9.554  13.894 0.0000000000
69335  55.042  -10.973  18.947 0.0000000000
61857  53.031  -18.976  25.429 0.0000000000
52148  41.536  -27.790  36.560 0.0000000000
52135  42.148  -27.862  37.107 0.0000000000
52161  41.702  -27.403  35.765 0.0000000000
53148  42.308  -26.949  35.081 0.0000000000
53162  42.870  -26.556  34.480 0.0000000000
53174  40.953  -26.712  33.242 0.0000000000
64888  53.354  -15.566  24.315 0.0000000000
63907  52.280  -16.921  24.383 0.0000000000
48894  28.465  -30.257  37.550 0.0000000000
126880  29.251  -32.250  43.028 0.0000000000
53977  35.064  -24.856  43.015 0.0000000000
53062  34.585  -25.923  42.488 0.0000000000
53072  34.514  -26.833  41.570 0.0000000000
52098  34.633  -27.410  40.884 0.0000000000
143867  33.781  -27.153  40.117 0.0000000000
53097  33.276  -26.922  39.521 0.0000000000
65903  54.053  -13.978  28.828 0.0000000000
65894  53.476  -14.773  28.721 0.0000000000
140758  50.612  -18.184  35.319 0.0000000000
128482  50.534  -18.010  34.588 0.0000000000
126924  50.817  -19.287  32.004 0.0000000000
129671  50.361  -18.565  31.917 0.0000000000
61719  50.391  -18.362  31.125 0.0000000000
57306  45.767  -22.915  28.552 0.0000000000
57286  46.262  -22.604  28.999 0.0000000000
57305  46.078  -22.243  28.325 0.0000000000
58349  45.921  -21.785  27.592 0.0000000000
59455  45.876  -21.148  27.129 0.0000000000
58371  44.983  -22.224  26.259 0.0000000000
58388  44.719  -21.927  25.491 0.0000000000
57358  44.059  -22.322  25.060 0.0000000000
50017  33.554  -29.711  32.457 0.0000000000
50026  33.169  -29.833  31.683 0.0000000000
71501  57.866  -9.216  16.431 0.0000000000
52100  28.456  -27.315  40.450 0.0000000000
51082  28.735  -27.749  41.004 0.0000000000
49865  30.951  -29.549  43.000 0.0000000000
48852  31.211  -30.561  42.274 0.0000000000
148433  31.748  -30.224  43.767 0.0000000000
57157  31.800  -22.265  40.810 0.0000000000
52131  45.506  -26.948  37.594 0.0000000000
52142  46.757  -26.500  37.326 0.0000000000
146267  47.332  -26.436  37.342 0.0000000000
55054  49.044  -24.198  36.239 0.0000000000
56153  48.561  -23.887  35.649 0.0000000000
55069  47.609  -24.627  34.413 0.0000000000
55070  46.921  -24.750  33.940 0.0000000000
54097  43.874  -25.550  32.579 0.0000000000
144577  44.247  -24.887  31.438 0.0000000000
55129  44.530  -24.516  30.821 0.0000000000
135045  43.892  -24.524  30.416 0.0000000000
55151  41.819  -24.616  29.329 0.0000000000
53209  39.426  -26.321  30.656 0.0000000000
53214  39.104  -25.952  29.930 0.0000000000
53220  38.030  -25.874  28.921 0.0000000000
54167  37.754  -25.572  28.169 0.0000000000
53221  37.256  -26.125  28.654 0.0000000000
53222  36.513  -26.428  28.359 0.0000000000
125550  28.103  -29.244  31.374 0.0000000000
64919  53.096  -16.030  22.034 0.0000000000
130065  25.634  -32.817  37.874 0.0000000000
49921  29.845  -30.309  39.589 0.0000000000
48879  29.299  -30.869  38.885 0.0000000000
46155  27.464  -33.180  41.957 0.0000000000
51078  37.671  -28.646  41.943 0.0000000000
51060  38.099  -28.000  42.433 0.0000000000
49891  37.986  -29.068  41.469 0.0000000000
127964  38.602  -29.160  41.274 0.0000000000
49904  38.884  -29.465  40.530 0.0000000000
49918  39.153  -29.525  39.656 0.0000000000
51150  34.898  -28.556  37.930 0.0000000000
51167  35.132  -28.838  36.940 0.0000000000
140780  35.155  -29.320  36.298 0.0000000000
51182  34.856  -29.480  35.693 0.0000000000
54018  31.358  -25.475  39.485 0.0000000000
148708  31.921  -26.176  37.974 0.0000000000
144590  29.750  -26.112  35.788 0.0000000000
53133  30.772  -26.120  36.181 0.0000000000
52189  30.246  -27.447  33.272 0.0000000000
52206  29.666  -27.923  32.778 0.0000000000
49985  27.070  -29.638  35.161 0.0000000000
47997  25.211  -31.359  34.047 0.0000000000
47998  24.633  -31.999  34.477 0.0000000000
60613  54.414  -19.553  27.286 0.0000000000
58367  54.583  -21.739  26.486 0.0000000000
50996  32.738  -28.267  46.768 0.0000000000
51012  32.693  -28.720  46.274 0.0000000000
49831  32.665  -29.709  46.000 0.0000000000
48831  32.574  -30.235  46.157 0.0000000000
47022  29.058  -33.874  48.454 0.0000000000
46095  29.424  -34.643  47.786 0.0000000000
46108  29.670  -34.986  47.247 0.0000000000
69303  57.811  -11.903  21.335 0.0000000000
69294  57.957  -11.948  22.092 0.0000000000
68164  57.417  -12.569  23.480 0.0000000000
65958  55.425  -13.832  25.192 0.0000000000
151415  54.933  -14.265  26.921 0.0000000000
63888  53.732  -17.172  27.453 0.0000000000
62863  54.397  -18.079  29.635 0.0000000000
61741  54.629  -18.569  28.974 0.0000000000
61716  55.292  -18.386  29.673 0.0000000000
60537  55.753  -19.173  29.846 0.0000000000
58284  55.979  -21.353  30.216 0.0000000000
127203  55.413  -22.357  31.154 0.0000000000
64815  52.240  -15.994  31.388 0.0000000000
63837  53.109  -17.034  32.711 0.0000000000
58258  51.533  -22.225  34.365 0.0000000000
58252  51.840  -21.722  35.015 0.0000000000
57214  51.816  -22.284  34.588 0.0000000000
57225  51.914  -23.030  34.233 0.0000000000
56187  52.607  -23.490  33.677 0.0000000000
56203  53.189  -23.839  33.161 0.0000000000
56218  52.837  -23.924  32.959 0.0000000000
59438  51.594  -20.671  28.371 0.0000000000
59465  50.851  -20.758  26.181 0.0000000000
59481  50.462  -20.304  25.551 0.0000000000
65839  47.843  -14.536  35.266 0.0000000000
58254  47.518  -22.036  34.651 0.0000000000
144258  47.565  -21.176  35.147 0.0000000000
131870  47.319  -21.259  34.401 0.0000000000
59390  47.010  -20.896  33.708 0.0000000000
59384  46.804  -19.974  34.051 0.0000000000
60523  46.451  -19.628  31.834 0.0000000000
61720  46.457  -18.888  31.152 0.0000000000
62851  46.631  -18.015  31.591 0.0000000000
62836  46.909  -17.374  32.049 0.0000000000
62850  47.108  -17.309  31.195 0.0000000000
63864  47.636  -17.071  30.717 0.0000000000
63863  48.240  -16.862  30.746 0.0000000000
62866  47.935  -17.154  30.084 0.0000000000
134171  46.421  -19.410  25.753 0.0000000000
60616  46.966  -18.801  25.739 0.0000000000
61847  47.405  -18.620  25.023 0.0000000000
61861  47.823  -18.590  24.374 0.0000000000
61860  48.503  -18.615  24.428 0.0000000000
61879  48.233  -18.779  23.863 0.0000000000
60660  47.934  -19.104  23.241 0.0000000000
60692  47.386  -19.508  21.767 0.0000000000
60707  46.277  -19.634  20.948 0.0000000000
58461  43.301  -21.259  21.580 0.0000000000
59543  43.897  -20.606  20.977 0.0000000000
58485  43.200  -21.076  20.676 0.0000000000
56322  40.718  -23.639  25.326 0.0000000000
55262  37.183  -24.079  23.011 0.0000000000
56375  37.762  -23.819  22.615 0.0000000000
51237  36.656  -29.351  32.387 0.0000000000
50036  34.766  -30.189  30.309 0.0000000000
50035  35.297  -29.915  30.737 0.0000000000
50046  35.122  -29.634  29.876 0.0000000000
51266  35.286  -28.551  28.674 0.0000000000
51267  34.906  -29.281  28.146 0.0000000000
51271  34.610  -29.026  27.432 0.0000000000
51272  34.072  -29.435  27.029 0.0000000000
50058  29.055  -29.468  28.694 0.0000000000
50071  29.701  -29.581  27.996 0.0000000000
50072  29.559  -29.545  27.201 0.0000000000
50130  27.771  -29.535  24.504 0.0000000000
50116  28.464  -29.466  25.215 0.0000000000
126570  30.341  -29.523  24.845 0.0000000000
50127  31.334  -29.545  24.804 0.0000000000
69336  54.281  -11.157  18.310 0.0000000000
59493  52.580  -20.237  24.011 0.0000000000
52074  28.616  -25.829  42.321 0.0000000000
56088  30.590  -22.034  42.138 0.0000000000
128402  42.822  -28.057  39.984 0.0000000000
125480  43.092  -28.123  39.252 0.0000000000
51133  43.823  -27.667  38.924 0.0000000000
52121  44.216  -27.639  38.226 0.0000000000
52147  43.038  -27.485  36.839 0.0000000000
52145  44.779  -27.241  36.991 0.0000000000
52144  45.332  -26.899  36.824 0.0000000000
53129  45.388  -26.657  36.183 0.0000000000
53144  45.767  -26.339  35.712 0.0000000000
53158  46.154  -25.969  35.314 0.0000000000
53159  45.426  -25.982  34.917 0.0000000000
54088  43.247  -25.941  33.153 0.0000000000
54098  42.996  -25.715  32.352 0.0000000000
54118  41.851  -25.659  31.396 0.0000000000
54119  41.031  -25.838  31.165 0.0000000000
52222  38.163  -27.140  30.879 0.0000000000
149923  23.937  -32.980  31.666 0.0000000000
47120  24.085  -32.840  31.012 0.0000000000
134295  53.521  -15.601  22.415 0.0000000000
63919  52.439  -16.605  22.412 0.0000000000
47990  26.261  -31.215  36.288 0.0000000000
47088  26.186  -32.261  38.248 0.0000000000
47089  26.045  -32.785  38.619 0.0000000000
53061  35.489  -25.954  43.011 0.0000000000
52072  36.063  -26.901  42.609 0.0000000000
51079  36.907  -28.613  41.760 0.0000000000
51099  36.701  -28.894  40.966 0.0000000000
51118  36.513  -29.011  39.630 0.0000000000
51138  36.055  -28.933  38.763 0.0000000000
51139  35.253  -28.500  38.756 0.0000000000
52108  34.868  -27.964  39.485 0.0000000000
143331  33.538  -27.521  36.972 0.0000000000
54033  29.639  -25.418  38.150 0.0000000000
53152  28.769  -27.138  34.759 0.0000000000
51185  27.811  -28.732  35.239 0.0000000000
51170  27.969  -28.980  35.901 0.0000000000
48913  27.133  -29.978  35.680 0.0000000000
130115  56.138  -21.743  27.873 0.0000000000
47023  28.419  -33.423  48.532 0.0000000000
45001  27.859  -34.967  46.408 0.0000000000
64840  53.788  -15.963  28.102 0.0000000000
131355  53.497  -17.432  29.157 0.0000000000
60521  54.840  -19.226  31.393 0.0000000000
140519  51.711  -16.239  34.148 0.0000000000
129276  52.064  -16.894  34.201 0.0000000000
62800  52.012  -17.596  34.523 0.0000000000
61639  51.655  -18.785  35.210 0.0000000000
59372  51.097  -20.152  35.627 0.0000000000
61656  50.420  -18.700  35.421 0.0000000000
60474  50.864  -20.166  34.640 0.0000000000
59389  51.206  -21.211  34.510 0.0000000000
58269  51.407  -21.630  33.771 0.0000000000
151740  51.565  -21.847  33.125 0.0000000000
60557  51.548  -20.414  30.350 0.0000000000
59427  51.468  -20.098  29.651 0.0000000000
60522  51.087  -19.512  31.237 0.0000000000
60539  51.288  -19.614  30.338 0.0000000000
61781  51.121  -18.876  28.088 0.0000000000
137521  46.992  -16.982  35.886 0.0000000000
57253  46.766  -22.944  31.231 0.0000000000
127029  46.754  -22.240  31.776 0.0000000000
58279  46.613  -22.039  31.025 0.0000000000
127440  46.515  -21.001  30.860 0.0000000000
133113  46.427  -22.092  29.582 0.0000000000
127335  46.346  -21.113  29.960 0.0000000000
59418  46.448  -20.186  30.295 0.0000000000
60558  46.443  -19.428  29.843 0.0000000000
61766  46.578  -18.694  29.453 0.0000000000
61784  46.658  -18.714  28.643 0.0000000000
60575  46.416  -19.429  28.224 0.0000000000
60595  46.467  -19.413  27.436 0.0000000000
59466  46.104  -20.101  26.144 0.0000000000
59482  46.011  -19.868  25.356 0.0000000000
60648  45.976  -19.606  24.562 0.0000000000
133034  45.220  -20.023  23.769 0.0000000000
59509  45.363  -19.660  23.057 0.0000000000
59510  44.734  -20.405  23.378 0.0000000000
58437  44.093  -20.958  22.915 0.0000000000
58438  43.351  -21.638  22.544 0.0000000000
57401  42.617  -22.308  22.674 0.0000000000
55206  38.678  -24.571  26.263 0.0000000000
55218  39.279  -24.225  25.658 0.0000000000
55219  38.456  -24.398  25.459 0.0000000000
55249  37.311  -24.273  23.817 0.0000000000
55263  36.376  -24.299  22.662 0.0000000000
127921  35.848  -30.925  34.317 0.0000000000
48925  35.882  -30.826  33.297 0.0000000000
48932  35.455  -30.708  32.853 0.0000000000
127540  35.190  -30.538  32.104 0.0000000000
127608  34.260  -30.343  30.789 0.0000000000
48947  34.181  -30.441  29.943 0.0000000000
48969  33.164  -30.484  28.784 0.0000000000
50094  26.564  -29.556  26.838 0.0000000000
145950  27.216  -29.411  27.317 0.0000000000
143235  26.252  -29.704  26.204 0.0000000000
131173  26.936  -29.526  25.943 0.0000000000
50118  26.875  -29.620  25.041 0.0000000000
49022  26.026  -30.140  24.716 0.0000000000
50131  26.811  -29.787  24.131 0.0000000000
71520  57.655  -9.521  14.800 0.0000000000
140788  55.544  -10.225  14.801 0.0000000000
68224  52.415  -12.682  18.331 0.0000000000
139832  28.661  -29.020  38.287 0.0000000000
137091  29.103  -28.864  39.626 0.0000000000
47969  31.007  -30.983  41.063 0.0000000000
54973  32.932  -23.746  42.151 0.0000000000
53085  32.889  -25.621  41.165 0.0000000000
65878  51.867  -14.328  31.707 0.0000000000
65865  51.411  -14.649  32.621 0.0000000000
65866  51.049  -13.887  32.993 0.0000000000
136520  51.121  -15.967  34.581 0.0000000000
145326  49.711  -16.157  33.614 0.0000000000
57226  47.293  -22.511  33.722 0.0000000000
57239  47.084  -22.847  32.869 0.0000000000
54074  46.153  -25.619  34.653 0.0000000000
54086  46.209  -25.152  33.897 0.0000000000
129396  46.368  -24.648  33.034 0.0000000000
149153  45.890  -24.772  32.611 0.0000000000
55089  46.696  -24.171  32.480 0.0000000000
57240  46.890  -23.005  32.070 0.0000000000
56237  46.408  -23.477  30.802 0.0000000000
56256  46.252  -23.380  29.972 0.0000000000
56239  45.117  -24.111  30.238 0.0000000000
56257  45.622  -23.707  29.691 0.0000000000
56274  45.332  -23.441  28.945 0.0000000000
56291  44.314  -23.397  27.840 0.0000000000
56293  42.754  -23.721  27.332 0.0000000000
56294  41.921  -23.864  27.128 0.0000000000
55187  42.137  -24.047  27.939 0.0000000000
55203  41.099  -24.065  26.914 0.0000000000
54164  40.134  -24.930  28.896 0.0000000000
55173  39.884  -24.697  28.118 0.0000000000
55190  39.676  -24.536  27.306 0.0000000000
54184  38.080  -24.900  26.856 0.0000000000
54185  37.312  -25.107  26.617 0.0000000000
54186  36.610  -25.357  26.344 0.0000000000
54187  36.030  -25.594  26.074 0.0000000000
51251  30.934  -28.967  31.786 0.0000000000
50028  31.437  -29.500  31.314 0.0000000000
50029  30.605  -29.359  31.235 0.0000000000
50039  29.390  -29.394  30.343 0.0000000000
50040  28.388  -29.352  30.394 0.0000000000
149495  28.864  -29.380  29.918 0.0000000000
50050  28.401  -29.398  29.437 0.0000000000
48952  25.536  -30.423  30.506 0.0000000000
136687  25.418  -30.286  29.634 0.0000000000
50053  25.990  -29.831  29.164 0.0000000000
50062  25.841  -29.757  28.308 0.0000000000
50076  25.755  -29.752  27.426 0.0000000000
70404  56.741  -10.454  19.351 0.0000000000
66010  54.470  -14.075  21.730 0.0000000000
66023  54.201  -14.099  21.385 0.0000000000
66024  53.631  -14.384  20.975 0.0000000000
46186  24.816  -33.135  36.411 0.0000000000
48887  28.858  -30.390  38.187 0.0000000000
149390  26.405  -33.006  40.097 0.0000000000
52069  38.650  -27.616  42.562 0.0000000000
51076  41.365  -28.062  41.839 0.0000000000
51075  41.980  -27.856  41.163 0.0000000000
51098  41.564  -28.685  40.394 0.0000000000
51135  41.615  -28.656  38.788 0.0000000000
125312  41.191  -28.444  37.946 0.0000000000
49933  40.246  -29.026  38.633 0.0000000000
128694  40.494  -28.655  37.927 0.0000000000
144182  40.812  -28.367  37.381 0.0000000000
52149  40.849  -28.110  36.750 0.0000000000
52150  40.239  -28.107  36.149 0.0000000000
49995  38.009  -29.428  35.213 0.0000000000
49980  38.020  -29.581  36.163 0.0000000000
49996  37.448  -30.098  34.845 0.0000000000
49997  36.901  -30.610  34.578 0.0000000000
48917  36.365  -30.934  34.816 0.0000000000
49952  36.652  -29.881  37.148 0.0000000000
48903  36.327  -30.342  36.359 0.0000000000
48902  36.398  -30.572  35.984 0.0000000000
133912  35.926  -30.965  35.180 0.0000000000
48919  35.313  -30.773  34.237 0.0000000000
50007  34.411  -30.181  33.667 0.0000000000
53120  31.701  -26.211  37.392 0.0000000000
53132  31.579  -26.338  36.636 0.0000000000
135855  32.137  -26.541  37.042 0.0000000000
52153  33.157  -27.316  36.296 0.0000000000
52175  33.030  -27.821  34.878 0.0000000000
52187  32.133  -27.638  33.728 0.0000000000
51223  27.760  -28.647  33.489 0.0000000000
50020  27.271  -29.204  33.156 0.0000000000
48935  26.231  -30.182  32.541 0.0000000000
48001  24.517  -31.895  33.547 0.0000000000
47112  23.905  -32.511  33.146 0.0000000000
62940  52.752  -17.480  25.749 0.0000000000
60630  53.409  -19.816  25.512 0.0000000000
54180  55.361  -25.236  27.518 0.0000000000
54939  28.890  -22.508  44.634 0.0000000000
52050  30.336  -26.445  44.657 0.0000000000
52049  30.951  -27.301  44.731 0.0000000000
49850  32.054  -30.110  44.282 0.0000000000
47958  31.799  -31.178  44.338 0.0000000000
47063  30.861  -32.045  44.420 0.0000000000
47055  29.912  -32.741  44.912 0.0000000000
47031  31.841  -32.310  46.179 0.0000000000
47044  31.395  -32.936  46.157 0.0000000000
43865  27.236  -35.919  45.514 0.0000000000
71457  57.521  -9.586  18.393 0.0000000000
69313  57.038  -12.043  20.684 0.0000000000
70381  58.318  -9.961  21.723 0.0000000000
69302  58.064  -11.134  21.252 0.0000000000
68178  57.719  -12.150  21.569 0.0000000000
65978  54.721  -14.280  23.066 0.0000000000
68143  56.922  -12.569  25.074 0.0000000000
62926  53.405  -17.391  26.503 0.0000000000
61820  53.768  -18.254  26.785 0.0000000000
61819  54.068  -18.731  27.309 0.0000000000
59452  55.789  -20.408  27.714 0.0000000000
61762  55.286  -19.069  28.549 0.0000000000
146707  54.843  -19.125  28.218 0.0000000000
60590  55.720  -19.863  27.896 0.0000000000
59451  55.902  -20.149  27.809 0.0000000000
134522  56.154  -23.397  29.019 0.0000000000
134297  56.058  -23.513  29.845 0.0000000000
149560  55.462  -25.222  29.888 0.0000000000
54133  55.127  -25.593  29.955 0.0000000000
63853  52.574  -16.713  30.943 0.0000000000
61697  54.480  -18.242  31.465 0.0000000000
138916  54.440  -20.185  32.328 0.0000000000
60489  52.980  -18.991  33.860 0.0000000000
59379  52.781  -20.857  34.355 0.0000000000
60472  53.236  -19.923  33.736 0.0000000000
131187  53.612  -19.039  33.084 0.0000000000
60505  53.895  -20.046  33.106 0.0000000000
59396  54.608  -21.188  32.228 0.0000000000
57251  54.617  -23.391  32.034 0.0000000000
56216  54.338  -24.350  31.822 0.0000000000
55125  54.214  -25.293  30.876 0.0000000000
54134  54.174  -25.478  30.368 0.0000000000
135925  52.460  -24.307  29.641 0.0000000000
58301  52.066  -21.745  29.551 0.0000000000
146072  51.826  -22.164  28.329 0.0000000000
64783  48.948  -14.263  34.940 0.0000000000
59391  46.608  -20.119  33.200 0.0000000000
60491  46.497  -19.197  33.534 0.0000000000
60508  46.454  -19.454  32.649 0.0000000000
61657  46.619  -18.455  34.230 0.0000000000
62789  46.773  -17.193  35.033 0.0000000000
151558  46.951  -16.669  35.236 0.0000000000
63816  47.017  -16.404  34.706 0.0000000000
63828  47.279  -16.135  33.891 0.0000000000
64811  47.814  -15.915  33.401 0.0000000000
63849  47.273  -16.789  32.523 0.0000000000
64817  48.433  -16.002  33.005 0.0000000000
63846  49.114  -16.414  32.739 0.0000000000
62834  49.517  -17.162  32.139 0.0000000000
62864  49.990  -17.659  30.745 0.0000000000
62865  48.862  -17.015  30.022 0.0000000000
129779  49.939  -17.460  29.836 0.0000000000
61799  50.466  -18.219  27.526 0.0000000000
61783  47.215  -18.142  28.247 0.0000000000
62914  47.957  -17.698  27.849 0.0000000000
61824  47.357  -18.380  26.488 0.0000000000
61800  48.252  -17.839  26.928 0.0000000000
62913  48.792  -17.538  27.572 0.0000000000
62927  49.128  -17.686  26.953 0.0000000000
61822  49.789  -18.067  26.661 0.0000000000
127486  50.438  -18.601  26.792 0.0000000000
60632  50.050  -19.708  25.025 0.0000000000
147105  49.266  -19.465  24.056 0.0000000000
59566  45.624  -19.890  20.467 0.0000000000
59567  44.605  -20.219  20.296 0.0000000000
57346  42.943  -23.066  25.151 0.0000000000
56336  42.209  -23.177  24.899 0.0000000000
57402  41.871  -22.636  22.506 0.0000000000
55231  39.037  -23.992  24.788 0.0000000000
141161  39.754  -23.595  24.394 0.0000000000
126278  39.690  -23.441  23.723 0.0000000000
56374  38.447  -23.607  22.689 0.0000000000
127922  39.669  -23.286  23.019 0.0000000000
56357  40.375  -23.148  23.366 0.0000000000
131751  40.354  -23.030  22.598 0.0000000000
52202  38.657  -27.647  32.472 0.0000000000
52223  37.347  -27.388  30.630 0.0000000000
50015  36.304  -30.388  32.801 0.0000000000
51249  36.396  -28.895  31.595 0.0000000000
51250  35.836  -29.491  31.169 0.0000000000
52218  36.791  -27.989  31.173 0.0000000000
52229  37.112  -27.106  29.836 0.0000000000
53223  35.842  -26.856  28.009 0.0000000000
52235  35.521  -27.643  28.386 0.0000000000
52239  35.295  -27.374  27.720 0.0000000000
53230  34.874  -26.872  26.549 0.0000000000
48950  31.816  -30.045  30.715 0.0000000000
48962  31.863  -30.430  29.916 0.0000000000
147698  30.736  -29.937  29.329 0.0000000000
127493  32.192  -30.452  29.056 0.0000000000
48970  32.449  -30.334  28.162 0.0000000000
48980  33.196  -30.265  27.788 0.0000000000
127064  29.053  -29.491  25.845 0.0000000000
48982  31.050  -29.921  27.360 0.0000000000
48994  32.593  -30.087  27.311 0.0000000000
148109  33.172  -30.052  27.269 0.0000000000
130841  33.589  -29.602  26.711 0.0000000000
51278  33.767  -29.181  26.361 0.0000000000
50113  32.507  -29.449  25.243 0.0000000000
50112  33.003  -29.348  25.415 0.0000000000
51292  33.441  -29.045  25.647 0.0000000000
53245  33.409  -27.156  24.760 0.0000000000
70433  55.763  -10.099  17.730 0.0000000000
140505  54.802  -10.600  17.191 0.0000000000
127096  54.903  -10.499  14.952 0.0000000000
68228  52.850  -11.926  17.870 0.0000000000
62941  52.350  -17.612  25.007 0.0000000000
62956  52.155  -17.738  24.148 0.0000000000
61877  52.039  -18.500  23.715 0.0000000000
48814  32.103  -30.383  47.162 0.0000000000
48822  32.537  -30.159  46.690 0.0000000000
49888  40.882  -28.838  41.048 0.0000000000
49890  39.026  -28.700  41.775 0.0000000000
49905  38.142  -29.381  40.726 0.0000000000
50114  31.961  -29.600  25.427 0.0000000000
50115  30.013  -29.566  25.686 0.0000000000
50995  32.722  -29.083  46.606 0.0000000000
51054  42.060  -27.554  41.059 0.0000000000
51056  41.182  -27.759  42.036 0.0000000000
51096  42.701  -27.786  40.362 0.0000000000
51097  42.284  -28.111  40.611 0.0000000000
51117  40.694  -29.191  40.165 0.0000000000
52059  37.771  -26.914  42.719 0.0000000000
52082  42.534  -27.178  40.763 0.0000000000
52083  37.325  -28.014  42.402 0.0000000000
52116  47.646  -26.531  37.573 0.0000000000
52122  43.417  -27.988  38.425 0.0000000000
52132  44.512  -27.440  37.525 0.0000000000
53050  37.196  -25.993  43.039 0.0000000000
53117  48.068  -26.231  37.042 0.0000000000
53126  48.258  -25.840  36.624 0.0000000000
53127  47.309  -26.220  36.830 0.0000000000
53141  47.853  -25.911  36.451 0.0000000000
53170  44.120  -26.104  34.210 0.0000000000
54062  47.894  -25.514  35.853 0.0000000000
54073  47.278  -25.266  34.690 0.0000000000
55103  54.409  -24.948  31.237 0.0000000000
56339  39.186  -23.724  24.082 0.0000000000
58251  52.298  -21.645  34.752 0.0000000000
58253  51.504  -21.552  34.834 0.0000000000
58519  43.850  -21.064  18.361 0.0000000000
59365  50.798  -19.519  36.057 0.0000000000
59373  50.649  -19.870  35.879 0.0000000000
59381  50.974  -20.558  35.204 0.0000000000
59382  50.535  -19.646  35.463 0.0000000000
59593  43.767  -20.762  19.203 0.0000000000
60456  51.280  -19.382  35.639 0.0000000000
60646  48.931  -18.871  24.172 0.0000000000
60647  46.563  -18.971  24.087 0.0000000000
60677  47.684  -19.339  22.542 0.0000000000
61627  50.754  -18.991  36.082 0.0000000000
61640  50.980  -18.460  35.892 0.0000000000
61641  50.638  -18.528  35.937 0.0000000000
61676  52.512  -18.213  34.070 0.0000000000
61779  55.656  -19.468  28.143 0.0000000000
62803  46.706  -17.653  34.437 0.0000000000
70402  58.162  -9.548  20.450 0.0000000000
127627  30.390  -29.683  26.864 0.0000000000
127882  46.661  -20.933  32.154 0.0000000000
132319  45.932  -26.530  36.357 0.0000000000
136050  24.711  -32.695  35.944 0.0000000000
136353  36.633  -28.983  40.349 0.0000000000
137067  40.869  -28.725  38.497 0.0000000000
144008  51.586  -20.182  35.272 0.0000000000
145156  44.989  -27.229  37.347 0.0000000000
148579  38.412  -28.870  41.650 0.0000000000
149529  49.155  -17.449  27.930 0.0000000000
149593  50.573  -19.335  34.756 0.0000000000
150085  42.322  -27.832  40.714 0.0000000000
150400  39.090  -23.389  22.691 0.0000000000
151666  47.607  -16.457  32.596 0.0000000000
