#!ascii label  , from subject sub-v1s20x0050371_ses-1 vox2ras=TkReg
1110
64647  22.454  -15.440  48.202 0.0000000000
52065  6.847  -28.167  43.954 0.0000000000
62656  14.311  -17.120  52.472 0.0000000000
58201  14.000  -21.321  40.878 0.0000000000
62799  5.572  -17.521  35.721 0.0000000000
62680  18.881  -17.576  50.218 0.0000000000
147846  18.042  -18.479  45.536 0.0000000000
64643  25.717  -16.874  50.486 0.0000000000
59260  21.164  -20.105  51.224 0.0000000000
60312  17.121  -19.625  53.904 0.0000000000
63733  11.714  -17.099  41.837 0.0000000000
60437  9.213  -19.394  37.843 0.0000000000
65813  6.948  -14.285  39.194 0.0000000000
60313  8.683  -19.500  53.756 0.0000000000
60347  7.832  -19.931  48.404 0.0000000000
60349  13.977  -19.100  46.868 0.0000000000
63743  16.440  -16.628  40.080 0.0000000000
58169  7.845  -21.989  43.456 0.0000000000
126105  5.496  -22.660  38.780 0.0000000000
57223  6.069  -22.581  33.701 0.0000000000
63859  10.907  -16.868  31.721 0.0000000000
62689  21.016  -17.287  48.018 0.0000000000
62690  20.550  -17.240  46.771 0.0000000000
150474  24.267  -16.707  49.333 0.0000000000
61511  23.301  -18.973  49.096 0.0000000000
62676  22.043  -17.656  49.341 0.0000000000
61491  20.043  -17.947  51.205 0.0000000000
63750  9.660  -15.676  40.371 0.0000000000
62653  11.350  -17.692  53.999 0.0000000000
61509  10.862  -18.883  50.952 0.0000000000
61506  13.508  -18.295  50.185 0.0000000000
64713  19.167  -15.188  42.175 0.0000000000
61566  17.992  -18.365  42.454 0.0000000000
62641  15.352  -17.827  54.220 0.0000000000
60297  14.158  -20.022  55.040 0.0000000000
61469  12.138  -18.210  55.547 0.0000000000
60294  10.179  -19.323  56.494 0.0000000000
59301  11.844  -20.661  44.569 0.0000000000
129103  8.010  -20.842  45.643 0.0000000000
58177  11.009  -21.510  42.064 0.0000000000
61624  6.720  -18.190  37.730 0.0000000000
59358  7.115  -20.520  38.257 0.0000000000
148219  5.566  -20.042  37.131 0.0000000000
57202  5.400  -22.403  36.424 0.0000000000
60488  6.471  -19.746  34.674 0.0000000000
63679  17.050  -16.748  51.494 0.0000000000
61518  15.725  -18.270  49.542 0.0000000000
61537  18.725  -18.478  47.670 0.0000000000
63699  19.627  -16.297  44.400 0.0000000000
131032  25.983  -16.664  47.477 0.0000000000
59283  24.979  -20.265  45.946 0.0000000000
150579  24.950  -20.120  47.478 0.0000000000
57112  21.945  -22.376  49.351 0.0000000000
59256  18.880  -20.253  52.213 0.0000000000
62647  18.154  -17.718  53.305 0.0000000000
62745  13.618  -17.655  38.916 0.0000000000
59353  12.277  -20.609  38.056 0.0000000000
63765  11.352  -16.409  38.782 0.0000000000
63784  8.468  -16.877  38.706 0.0000000000
149952  6.379  -15.596  37.068 0.0000000000
135376  23.355  -13.432  49.587 0.0000000000
65739  25.383  -14.395  45.224 0.0000000000
150006  25.814  -12.434  46.263 0.0000000000
66798  26.674  -14.547  50.861 0.0000000000
66791  22.656  -13.695  53.108 0.0000000000
55993  7.489  -23.205  54.556 0.0000000000
57104  7.035  -22.275  51.458 0.0000000000
138669  8.327  -20.258  51.369 0.0000000000
130640  11.135  -20.089  48.136 0.0000000000
125263  13.841  -20.628  44.115 0.0000000000
61547  15.651  -19.165  46.602 0.0000000000
59296  16.139  -20.373  43.834 0.0000000000
60403  16.213  -18.782  39.533 0.0000000000
63730  14.166  -16.247  40.733 0.0000000000
56020  6.651  -22.832  48.602 0.0000000000
56039  5.898  -23.427  45.779 0.0000000000
54946  6.257  -23.863  43.418 0.0000000000
59330  8.805  -21.241  40.054 0.0000000000
58195  6.111  -22.262  41.140 0.0000000000
54000  5.844  -24.671  41.377 0.0000000000
143571  6.234  -24.771  37.836 0.0000000000
54072  5.986  -26.078  34.677 0.0000000000
67994  6.045  -12.574  36.849 0.0000000000
65849  7.751  -14.804  35.071 0.0000000000
65876  10.010  -13.852  33.695 0.0000000000
61671  9.645  -18.062  34.334 0.0000000000
59403  8.147  -20.577  32.005 0.0000000000
63686  22.044  -16.046  47.902 0.0000000000
63690  21.431  -16.246  47.041 0.0000000000
64650  21.909  -15.377  47.173 0.0000000000
65706  23.309  -15.323  49.317 0.0000000000
138670  23.090  -16.786  48.885 0.0000000000
63684  22.244  -16.534  48.558 0.0000000000
62685  21.626  -17.065  48.756 0.0000000000
51071  7.728  -29.201  42.670 0.0000000000
52092  7.695  -27.717  41.971 0.0000000000
62658  12.588  -17.655  53.038 0.0000000000
61487  12.068  -18.243  52.292 0.0000000000
61493  14.053  -17.928  50.978 0.0000000000
60369  24.414  -19.278  44.035 0.0000000000
63669  14.833  -16.938  53.525 0.0000000000
61475  13.766  -18.174  54.658 0.0000000000
62643  12.784  -17.175  54.151 0.0000000000
62644  11.884  -17.540  54.595 0.0000000000
58165  12.825  -21.209  43.260 0.0000000000
145095  10.757  -20.998  43.708 0.0000000000
58188  12.596  -21.732  41.249 0.0000000000
62773  6.027  -17.756  37.099 0.0000000000
60440  5.671  -19.267  37.883 0.0000000000
61638  5.523  -18.874  36.389 0.0000000000
59378  5.652  -20.218  35.913 0.0000000000
61674  6.190  -18.758  35.061 0.0000000000
62681  18.080  -17.765  50.395 0.0000000000
61516  17.643  -18.208  49.781 0.0000000000
61515  18.362  -18.126  49.543 0.0000000000
63694  20.315  -16.588  45.674 0.0000000000
64684  19.982  -14.904  43.464 0.0000000000
141078  25.669  -16.754  48.372 0.0000000000
61535  25.796  -18.535  47.083 0.0000000000
137051  25.208  -17.977  47.728 0.0000000000
59266  22.105  -20.208  49.996 0.0000000000
59265  22.648  -20.805  49.462 0.0000000000
144719  21.796  -21.340  49.954 0.0000000000
143787  20.450  -20.009  51.658 0.0000000000
62670  19.514  -17.546  50.620 0.0000000000
62654  19.059  -17.760  52.245 0.0000000000
62661  18.473  -17.267  51.574 0.0000000000
63675  17.275  -16.597  51.962 0.0000000000
62731  13.122  -16.898  39.711 0.0000000000
62746  12.776  -17.380  38.773 0.0000000000
63748  11.508  -16.103  39.870 0.0000000000
64738  8.068  -15.056  40.153 0.0000000000
63751  9.043  -15.797  39.715 0.0000000000
64760  8.366  -16.005  39.034 0.0000000000
63785  7.754  -16.504  38.264 0.0000000000
64762  6.803  -15.143  37.836 0.0000000000
136698  26.749  -14.927  48.758 0.0000000000
58123  7.522  -21.151  54.331 0.0000000000
148067  7.355  -20.561  53.016 0.0000000000
60317  8.268  -19.261  52.904 0.0000000000
60333  12.161  -19.218  49.173 0.0000000000
60335  10.827  -19.656  49.488 0.0000000000
60351  12.467  -19.633  47.572 0.0000000000
59277  12.787  -19.947  45.839 0.0000000000
60368  14.219  -19.903  45.731 0.0000000000
148887  17.406  -18.693  47.375 0.0000000000
61540  16.139  -18.530  47.761 0.0000000000
61553  17.391  -19.088  45.871 0.0000000000
62728  17.590  -17.193  40.508 0.0000000000
60378  17.557  -18.993  42.855 0.0000000000
61574  17.259  -18.787  40.882 0.0000000000
60382  16.770  -19.538  41.358 0.0000000000
61584  16.915  -18.375  39.998 0.0000000000
62743  15.752  -17.661  39.248 0.0000000000
64735  14.968  -16.190  40.391 0.0000000000
57135  23.830  -23.081  46.812 0.0000000000
58156  22.880  -21.883  45.386 0.0000000000
58124  17.160  -20.935  52.996 0.0000000000
58131  16.050  -22.203  53.101 0.0000000000
59254  16.018  -20.797  53.784 0.0000000000
58113  13.071  -20.814  56.083 0.0000000000
58119  13.214  -21.727  55.692 0.0000000000
60301  9.290  -19.343  55.238 0.0000000000
125713  8.383  -21.016  55.705 0.0000000000
59264  6.701  -20.864  50.122 0.0000000000
57119  6.199  -22.080  49.926 0.0000000000
59272  6.958  -20.900  48.491 0.0000000000
59305  8.141  -21.648  44.345 0.0000000000
58158  6.922  -22.226  45.867 0.0000000000
58162  7.247  -22.649  44.866 0.0000000000
54923  6.114  -24.126  45.332 0.0000000000
57144  7.009  -23.266  43.863 0.0000000000
60418  10.799  -19.936  37.650 0.0000000000
58220  11.167  -21.518  39.316 0.0000000000
141435  9.601  -20.648  38.480 0.0000000000
59346  6.222  -21.471  38.484 0.0000000000
59332  7.216  -21.541  39.599 0.0000000000
57164  5.577  -22.600  40.454 0.0000000000
56073  5.118  -23.577  41.322 0.0000000000
126836  5.023  -23.776  40.426 0.0000000000
54025  5.878  -24.692  39.520 0.0000000000
56120  5.432  -23.473  38.662 0.0000000000
57212  6.481  -22.543  35.013 0.0000000000
56151  6.379  -23.506  35.710 0.0000000000
56186  5.437  -23.772  33.788 0.0000000000
68018  5.891  -11.854  34.640 0.0000000000
65864  6.211  -13.917  35.181 0.0000000000
66938  6.536  -13.219  34.725 0.0000000000
65892  10.737  -14.708  31.333 0.0000000000
140927  11.499  -15.802  33.186 0.0000000000
63832  11.289  -16.117  35.229 0.0000000000
62830  10.929  -17.358  33.651 0.0000000000
60501  9.606  -19.685  33.023 0.0000000000
61737  10.032  -19.138  31.750 0.0000000000
62687  20.024  -17.807  49.071 0.0000000000
61527  19.448  -18.261  48.352 0.0000000000
63688  21.051  -17.009  47.206 0.0000000000
65696  24.600  -16.633  50.887 0.0000000000
62682  24.404  -17.903  48.560 0.0000000000
62683  23.446  -17.581  48.962 0.0000000000
61525  22.949  -18.013  49.200 0.0000000000
60332  22.018  -19.192  49.939 0.0000000000
60319  20.722  -19.295  51.485 0.0000000000
62668  20.987  -17.955  50.140 0.0000000000
62678  20.489  -17.650  49.651 0.0000000000
63720  10.674  -16.226  42.489 0.0000000000
125745  10.358  -15.858  41.063 0.0000000000
64720  9.458  -15.509  42.163 0.0000000000
65804  8.271  -14.833  41.039 0.0000000000
65808  7.596  -14.462  40.575 0.0000000000
61478  9.542  -19.160  54.033 0.0000000000
61490  9.083  -19.049  52.726 0.0000000000
61488  11.178  -18.556  52.468 0.0000000000
61507  12.550  -18.425  50.433 0.0000000000
61533  13.603  -18.714  48.459 0.0000000000
62705  18.696  -17.550  43.529 0.0000000000
61560  18.245  -18.161  43.930 0.0000000000
63716  18.843  -16.737  42.245 0.0000000000
64715  17.977  -15.651  41.215 0.0000000000
64717  16.278  -15.146  40.895 0.0000000000
65803  15.031  -14.625  41.532 0.0000000000
61473  15.949  -18.587  54.395 0.0000000000
60306  14.973  -20.061  54.613 0.0000000000
132858  14.744  -19.483  54.722 0.0000000000
60298  13.392  -19.519  55.610 0.0000000000
60293  12.115  -19.711  56.430 0.0000000000
58116  10.910  -20.950  57.148 0.0000000000
149503  11.233  -18.867  56.208 0.0000000000
61471  10.477  -18.175  55.344 0.0000000000
59280  10.088  -20.069  46.136 0.0000000000
134519  8.200  -20.464  46.487 0.0000000000
59290  9.403  -20.462  45.414 0.0000000000
59303  9.193  -20.886  44.565 0.0000000000
58179  8.581  -21.524  42.841 0.0000000000
60438  8.314  -19.241  37.975 0.0000000000
60420  8.532  -19.865  38.120 0.0000000000
60421  7.440  -19.638  38.111 0.0000000000
59359  6.357  -20.688  38.096 0.0000000000
58230  5.786  -21.528  38.151 0.0000000000
57193  5.368  -22.225  37.208 0.0000000000
58243  5.418  -21.568  36.581 0.0000000000
58249  6.003  -21.413  35.023 0.0000000000
58256  6.561  -21.983  34.240 0.0000000000
64830  9.306  -15.889  30.741 0.0000000000
62878  8.164  -17.569  30.386 0.0000000000
63869  7.584  -16.633  30.250 0.0000000000
63678  15.082  -16.754  52.101 0.0000000000
62675  14.941  -17.686  50.898 0.0000000000
61503  16.331  -18.089  50.344 0.0000000000
61529  17.560  -18.421  48.809 0.0000000000
61545  18.010  -18.580  47.125 0.0000000000
62691  19.601  -18.038  47.329 0.0000000000
62694  19.348  -17.649  46.290 0.0000000000
62697  18.948  -17.471  45.446 0.0000000000
141667  19.485  -16.132  43.384 0.0000000000
62695  26.492  -17.841  45.807 0.0000000000
61550  25.961  -18.929  45.094 0.0000000000
60356  25.512  -19.707  46.375 0.0000000000
60340  24.064  -19.205  48.509 0.0000000000
58146  23.498  -22.134  48.517 0.0000000000
56013  22.640  -23.353  48.055 0.0000000000
59258  17.808  -20.449  52.739 0.0000000000
59251  18.112  -19.786  53.256 0.0000000000
60320  19.987  -19.385  52.003 0.0000000000
60309  18.899  -18.844  53.175 0.0000000000
60303  17.400  -18.941  54.155 0.0000000000
62649  16.606  -17.454  53.631 0.0000000000
63673  16.062  -16.525  52.392 0.0000000000
60405  14.667  -19.572  38.883 0.0000000000
59338  13.481  -20.867  39.045 0.0000000000
61610  13.522  -19.210  38.122 0.0000000000
132959  12.088  -18.923  37.740 0.0000000000
61613  10.396  -18.151  37.784 0.0000000000
63766  10.635  -15.960  39.182 0.0000000000
63783  9.781  -16.452  38.816 0.0000000000
62770  9.398  -17.935  38.014 0.0000000000
63799  7.884  -17.345  38.138 0.0000000000
62783  6.278  -17.003  36.858 0.0000000000
63814  5.420  -16.460  36.269 0.0000000000
66813  23.217  -14.161  48.618 0.0000000000
139098  25.716  -16.073  45.364 0.0000000000
67948  26.734  -12.475  44.726 0.0000000000
67921  26.422  -11.664  46.031 0.0000000000
66838  25.854  -12.958  45.053 0.0000000000
66839  25.517  -13.779  45.535 0.0000000000
65725  25.553  -14.768  46.094 0.0000000000
136377  26.108  -16.135  45.931 0.0000000000
130600  26.914  -15.975  49.142 0.0000000000
64641  26.110  -16.382  51.241 0.0000000000
65678  24.547  -14.925  52.913 0.0000000000
64642  25.044  -16.492  51.492 0.0000000000
65688  23.652  -15.854  51.458 0.0000000000
66806  23.104  -14.571  50.431 0.0000000000
58135  7.543  -20.977  51.449 0.0000000000
60337  8.311  -20.042  49.570 0.0000000000
132670  9.415  -19.505  51.098 0.0000000000
60336  9.912  -19.880  49.437 0.0000000000
60345  9.479  -19.818  48.496 0.0000000000
151095  11.298  -19.849  46.698 0.0000000000
59300  12.642  -20.588  44.550 0.0000000000
58173  14.327  -21.196  42.728 0.0000000000
139068  14.819  -18.244  49.624 0.0000000000
61532  14.369  -18.505  48.185 0.0000000000
61548  14.795  -19.037  46.669 0.0000000000
60371  17.275  -19.483  44.400 0.0000000000
60372  16.564  -20.042  44.721 0.0000000000
59285  14.928  -20.222  45.235 0.0000000000
59308  15.314  -20.562  43.753 0.0000000000
59322  15.565  -20.565  41.500 0.0000000000
59326  15.352  -20.343  40.542 0.0000000000
131424  15.236  -17.990  38.848 0.0000000000
62730  14.035  -17.196  39.549 0.0000000000
147586  12.669  -16.897  41.688 0.0000000000
64699  13.371  -15.454  42.211 0.0000000000
64700  12.579  -15.946  42.518 0.0000000000
64701  11.787  -16.175  42.721 0.0000000000
57096  15.440  -22.671  52.990 0.0000000000
59243  14.696  -20.855  54.650 0.0000000000
58152  7.053  -21.714  46.894 0.0000000000
56028  5.842  -23.148  47.083 0.0000000000
53971  6.690  -25.718  44.035 0.0000000000
58204  11.466  -21.721  40.235 0.0000000000
58191  9.578  -21.500  41.531 0.0000000000
58192  8.357  -21.777  41.997 0.0000000000
59343  8.455  -20.930  39.208 0.0000000000
58208  7.437  -21.696  40.683 0.0000000000
134612  7.241  -22.237  42.184 0.0000000000
56059  5.931  -23.271  42.567 0.0000000000
54962  5.845  -24.096  42.110 0.0000000000
53987  7.233  -25.596  42.314 0.0000000000
129384  7.070  -26.868  40.955 0.0000000000
55053  5.897  -23.487  36.850 0.0000000000
143814  6.731  -25.016  36.320 0.0000000000
66896  6.668  -13.567  39.437 0.0000000000
67983  5.974  -11.971  37.736 0.0000000000
148035  6.392  -13.495  38.045 0.0000000000
65835  5.946  -14.170  36.563 0.0000000000
64795  5.625  -15.650  35.760 0.0000000000
147719  6.237  -16.653  34.738 0.0000000000
65848  9.047  -14.808  34.982 0.0000000000
63823  8.576  -16.158  35.150 0.0000000000
138500  7.031  -17.327  34.596 0.0000000000
60486  8.190  -19.255  34.097 0.0000000000
60503  7.810  -20.490  33.537 0.0000000000
58264  6.613  -21.631  32.914 0.0000000000
59414  6.291  -20.691  31.344 0.0000000000
65716  22.410  -14.718  47.619 0.0000000000
65707  22.884  -14.877  48.472 0.0000000000
63683  22.799  -16.124  48.699 0.0000000000
51053  6.856  -29.198  44.225 0.0000000000
51072  7.098  -28.912  43.124 0.0000000000
52078  7.563  -28.620  42.219 0.0000000000
52079  7.119  -27.986  42.706 0.0000000000
62657  13.463  -17.409  52.820 0.0000000000
62666  13.744  -17.669  51.849 0.0000000000
62699  25.408  -17.472  44.437 0.0000000000
61558  24.860  -18.607  43.981 0.0000000000
61555  25.734  -18.351  44.574 0.0000000000
63670  14.026  -16.928  53.442 0.0000000000
140831  13.485  -16.917  53.961 0.0000000000
62651  13.059  -17.066  53.651 0.0000000000
58174  13.384  -21.426  42.458 0.0000000000
58175  12.481  -21.433  42.557 0.0000000000
58187  13.370  -21.591  41.486 0.0000000000
61637  5.655  -18.182  36.572 0.0000000000
61654  5.719  -18.418  35.766 0.0000000000
125708  5.927  -17.926  35.235 0.0000000000
61514  19.204  -18.025  49.293 0.0000000000
63685  24.986  -17.399  48.233 0.0000000000
132982  21.618  -20.492  50.546 0.0000000000
143717  21.166  -21.049  50.852 0.0000000000
59261  20.492  -20.777  51.380 0.0000000000
62679  19.729  -17.608  49.862 0.0000000000
147103  18.855  -17.395  50.875 0.0000000000
62671  18.279  -17.367  50.960 0.0000000000
63732  12.312  -16.945  41.559 0.0000000000
63747  12.398  -16.574  40.386 0.0000000000
130704  11.904  -16.531  40.968 0.0000000000
133891  7.459  -14.686  39.689 0.0000000000
64749  8.456  -15.498  39.717 0.0000000000
64750  7.855  -15.334  39.327 0.0000000000
64761  7.535  -15.682  38.483 0.0000000000
65812  7.262  -14.935  38.817 0.0000000000
59250  7.540  -20.264  54.104 0.0000000000
59255  7.513  -19.951  53.636 0.0000000000
151453  8.150  -19.385  53.345 0.0000000000
60341  13.072  -19.319  48.037 0.0000000000
60342  12.330  -19.594  48.388 0.0000000000
60350  13.183  -19.289  47.156 0.0000000000
60359  13.494  -19.627  46.303 0.0000000000
133309  17.361  -18.815  46.741 0.0000000000
63742  17.193  -16.607  40.393 0.0000000000
61583  17.566  -17.945  40.542 0.0000000000
62729  16.990  -17.448  39.966 0.0000000000
62742  16.283  -17.318  39.626 0.0000000000
64734  15.755  -15.824  40.471 0.0000000000
59253  16.750  -20.408  53.543 0.0000000000
59237  12.413  -20.559  56.515 0.0000000000
146774  12.690  -21.292  56.357 0.0000000000
60302  8.832  -20.036  55.092 0.0000000000
146580  8.653  -20.326  55.716 0.0000000000
59246  8.535  -20.512  55.089 0.0000000000
58122  8.114  -20.826  54.713 0.0000000000
59271  7.329  -20.310  49.048 0.0000000000
59268  6.857  -20.781  49.421 0.0000000000
131070  7.404  -20.443  48.014 0.0000000000
143821  7.820  -22.169  44.302 0.0000000000
57143  7.339  -22.800  43.598 0.0000000000
60436  10.175  -19.202  37.636 0.0000000000
59355  10.436  -20.715  38.177 0.0000000000
60419  9.875  -20.063  37.809 0.0000000000
125998  5.781  -21.997  38.718 0.0000000000
58222  6.087  -21.977  39.206 0.0000000000
125852  5.729  -22.411  39.510 0.0000000000
56107  5.323  -23.152  39.735 0.0000000000
55016  5.360  -23.925  39.600 0.0000000000
130211  6.236  -22.910  34.127 0.0000000000
139690  5.794  -10.873  34.586 0.0000000000
69140  6.270  -11.310  34.071 0.0000000000
68017  5.991  -12.631  34.770 0.0000000000
130340  6.479  -12.233  34.382 0.0000000000
64829  10.561  -15.782  31.231 0.0000000000
131014  11.214  -15.158  31.838 0.0000000000
64828  11.290  -15.901  32.212 0.0000000000
132846  11.325  -16.642  33.032 0.0000000000
62845  10.892  -17.686  32.406 0.0000000000
61714  10.598  -18.596  32.127 0.0000000000
62860  10.310  -17.975  31.461 0.0000000000
61526  20.280  -17.827  48.163 0.0000000000
65727  21.743  -14.935  46.294 0.0000000000
64645  24.396  -16.602  49.850 0.0000000000
140392  24.127  -17.351  48.886 0.0000000000
63682  23.807  -16.689  49.046 0.0000000000
62684  22.505  -17.152  48.998 0.0000000000
61512  22.475  -18.619  49.533 0.0000000000
61513  21.695  -18.225  49.801 0.0000000000
62686  20.792  -17.438  48.899 0.0000000000
62677  21.223  -17.602  49.395 0.0000000000
149800  9.968  -15.838  42.606 0.0000000000
65792  8.404  -14.584  41.934 0.0000000000
65805  7.796  -14.238  41.443 0.0000000000
66893  7.090  -13.784  40.999 0.0000000000
62646  10.643  -18.115  54.088 0.0000000000
61483  9.966  -18.901  53.536 0.0000000000
61482  10.889  -18.431  53.355 0.0000000000
61494  13.183  -18.140  51.132 0.0000000000
61495  12.316  -18.330  51.335 0.0000000000
61521  12.728  -18.632  49.589 0.0000000000
61520  13.466  -18.449  49.242 0.0000000000
147696  19.221  -16.281  42.634 0.0000000000
63727  19.043  -15.973  42.079 0.0000000000
65800  17.619  -14.865  41.500 0.0000000000
64716  17.127  -15.349  41.013 0.0000000000
65801  16.749  -14.690  41.413 0.0000000000
65802  15.892  -14.564  41.428 0.0000000000
61474  14.857  -18.606  54.547 0.0000000000
61468  13.141  -18.603  55.338 0.0000000000
59245  12.887  -19.982  56.187 0.0000000000
60299  12.638  -19.099  56.038 0.0000000000
60300  11.796  -18.913  56.183 0.0000000000
62639  11.316  -17.877  55.245 0.0000000000
62645  10.920  -17.800  54.633 0.0000000000
61477  10.196  -18.340  54.481 0.0000000000
125371  9.131  -20.147  46.285 0.0000000000
59289  10.474  -20.348  45.368 0.0000000000
58167  11.215  -21.175  43.063 0.0000000000
128557  10.000  -20.910  44.033 0.0000000000
59319  10.175  -21.157  43.041 0.0000000000
59313  9.088  -21.223  43.617 0.0000000000
146795  9.351  -21.359  42.773 0.0000000000
141490  7.541  -18.772  38.005 0.0000000000
60439  6.401  -18.951  38.100 0.0000000000
60441  5.561  -19.661  37.489 0.0000000000
60423  5.828  -20.070  37.901 0.0000000000
59360  5.930  -20.902  37.885 0.0000000000
59364  5.664  -20.456  37.456 0.0000000000
58237  5.592  -21.389  37.500 0.0000000000
59371  5.570  -20.560  36.672 0.0000000000
59377  5.878  -20.509  35.013 0.0000000000
128425  5.604  -21.028  35.782 0.0000000000
138686  6.319  -21.263  34.504 0.0000000000
136384  8.672  -15.164  30.652 0.0000000000
64836  8.134  -15.824  30.497 0.0000000000
64837  7.090  -15.797  30.087 0.0000000000
62663  16.261  -16.747  51.474 0.0000000000
62674  15.870  -17.464  50.886 0.0000000000
62673  16.766  -17.359  51.001 0.0000000000
61538  17.888  -18.641  47.914 0.0000000000
136139  20.452  -17.534  47.362 0.0000000000
146792  20.051  -17.581  46.772 0.0000000000
62696  19.642  -17.058  45.595 0.0000000000
62700  19.288  -16.955  44.861 0.0000000000
62704  19.181  -16.932  43.953 0.0000000000
63689  26.358  -17.338  46.631 0.0000000000
143960  26.383  -18.359  45.833 0.0000000000
62692  26.316  -18.282  46.415 0.0000000000
59273  25.314  -20.454  46.994 0.0000000000
59269  24.893  -20.995  47.484 0.0000000000
61524  23.810  -18.354  48.779 0.0000000000
60330  23.577  -19.887  48.854 0.0000000000
58143  22.703  -21.770  49.192 0.0000000000
58142  23.402  -21.251  48.938 0.0000000000
57120  22.713  -22.655  48.668 0.0000000000
138947  21.912  -23.133  48.712 0.0000000000
57121  21.223  -22.913  49.365 0.0000000000
57115  20.038  -22.881  49.878 0.0000000000
59257  18.358  -20.132  52.651 0.0000000000
61501  20.783  -18.435  50.954 0.0000000000
143878  20.288  -18.640  51.566 0.0000000000
61485  19.211  -18.423  52.688 0.0000000000
61486  18.827  -18.030  53.054 0.0000000000
151785  18.041  -19.006  53.989 0.0000000000
61480  17.771  -18.384  53.848 0.0000000000
61481  17.085  -18.137  54.096 0.0000000000
62648  17.400  -17.570  53.508 0.0000000000
63672  16.780  -16.597  52.480 0.0000000000
63676  16.540  -16.450  51.907 0.0000000000
147030  15.482  -16.638  52.410 0.0000000000
60415  14.237  -19.222  38.464 0.0000000000
61598  14.009  -18.533  38.521 0.0000000000
62747  11.906  -17.159  38.414 0.0000000000
62757  12.400  -18.088  38.181 0.0000000000
61612  11.495  -18.061  37.899 0.0000000000
62758  10.979  -17.155  38.152 0.0000000000
63749  10.552  -15.796  40.115 0.0000000000
125221  9.075  -16.361  39.072 0.0000000000
62760  9.065  -17.169  38.532 0.0000000000
62759  10.000  -17.196  38.203 0.0000000000
62771  8.581  -17.813  38.196 0.0000000000
149724  8.503  -17.388  38.444 0.0000000000
149071  7.006  -16.030  37.661 0.0000000000
63800  7.115  -16.805  37.497 0.0000000000
134163  6.283  -16.276  36.914 0.0000000000
66820  23.350  -13.385  48.703 0.0000000000
65753  25.104  -14.045  44.325 0.0000000000
64683  24.564  -14.795  44.075 0.0000000000
64666  25.176  -15.062  44.938 0.0000000000
69005  25.901  -11.741  46.861 0.0000000000
67934  26.195  -12.363  45.456 0.0000000000
67935  25.667  -13.124  45.855 0.0000000000
65715  25.711  -15.072  47.103 0.0000000000
64649  25.897  -15.683  46.475 0.0000000000
66805  27.066  -14.722  50.132 0.0000000000
135336  26.780  -15.564  50.846 0.0000000000
65695  26.785  -16.103  50.181 0.0000000000
67860  23.426  -13.085  53.334 0.0000000000
65679  23.822  -14.891  53.169 0.0000000000
64637  24.450  -15.551  52.699 0.0000000000
64638  23.722  -15.355  52.905 0.0000000000
64640  24.267  -15.853  52.335 0.0000000000
65682  23.227  -15.235  52.569 0.0000000000
67888  22.978  -13.556  50.630 0.0000000000
66812  23.345  -14.375  49.384 0.0000000000
55996  7.381  -22.759  53.879 0.0000000000
146236  8.023  -20.336  52.060 0.0000000000
58132  7.446  -21.024  52.338 0.0000000000
148073  7.851  -20.723  51.177 0.0000000000
60329  7.712  -20.521  50.500 0.0000000000
60328  8.280  -20.248  50.402 0.0000000000
61497  10.503  -18.757  51.762 0.0000000000
61498  9.453  -19.011  51.956 0.0000000000
61510  10.097  -19.110  51.242 0.0000000000
60343  11.496  -19.793  48.782 0.0000000000
60344  10.565  -19.972  48.691 0.0000000000
60353  10.337  -19.853  47.721 0.0000000000
60362  10.633  -19.872  46.823 0.0000000000
144435  11.204  -19.942  47.427 0.0000000000
131156  13.062  -20.233  45.100 0.0000000000
143302  13.301  -20.503  44.530 0.0000000000
58164  13.661  -21.086  43.367 0.0000000000
59309  14.493  -20.807  43.558 0.0000000000
61504  15.381  -18.115  50.290 0.0000000000
145051  16.086  -18.836  47.062 0.0000000000
128180  15.211  -18.392  47.953 0.0000000000
144099  15.379  -18.658  47.181 0.0000000000
61541  14.549  -18.676  47.366 0.0000000000
61565  18.311  -18.082  43.170 0.0000000000
61557  17.765  -18.802  44.174 0.0000000000
61561  17.877  -18.612  43.365 0.0000000000
60379  17.105  -19.577  42.872 0.0000000000
60375  16.852  -19.884  43.722 0.0000000000
60367  15.835  -20.059  45.444 0.0000000000
59297  15.610  -20.373  44.599 0.0000000000
60389  16.584  -19.222  40.371 0.0000000000
59321  16.278  -20.171  41.872 0.0000000000
60383  16.130  -19.986  40.898 0.0000000000
60390  15.835  -19.602  39.965 0.0000000000
60404  15.472  -19.186  39.143 0.0000000000
61596  15.720  -18.379  39.021 0.0000000000
63745  14.547  -16.720  40.014 0.0000000000
62744  14.943  -17.385  39.364 0.0000000000
63746  13.656  -16.661  40.334 0.0000000000
63731  13.307  -16.514  41.186 0.0000000000
65790  14.139  -14.903  41.776 0.0000000000
60364  25.498  -19.455  45.456 0.0000000000
59293  24.453  -19.805  44.931 0.0000000000
59284  24.038  -20.694  45.525 0.0000000000
144276  15.474  -22.397  53.532 0.0000000000
57091  7.561  -22.331  54.679 0.0000000000
55990  7.616  -23.275  55.225 0.0000000000
56011  6.504  -22.861  49.419 0.0000000000
56010  6.767  -23.719  49.706 0.0000000000
56019  6.899  -23.444  48.923 0.0000000000
54905  6.764  -23.677  48.322 0.0000000000
59282  7.593  -20.994  46.182 0.0000000000
140138  7.289  -21.215  46.693 0.0000000000
131393  5.937  -22.881  46.075 0.0000000000
57137  5.960  -22.696  46.670 0.0000000000
56035  5.764  -23.338  46.443 0.0000000000
145330  6.337  -24.538  47.287 0.0000000000
54917  5.819  -24.234  46.133 0.0000000000
54932  6.435  -24.184  44.408 0.0000000000
53955  6.274  -24.862  44.997 0.0000000000
147040  6.437  -24.995  44.371 0.0000000000
53972  6.496  -24.613  43.703 0.0000000000
59339  12.656  -21.172  38.786 0.0000000000
58218  12.960  -21.475  39.669 0.0000000000
58219  12.085  -21.611  39.461 0.0000000000
59329  9.661  -21.314  40.043 0.0000000000
58205  10.540  -21.554  40.083 0.0000000000
58206  9.213  -21.395  40.839 0.0000000000
138393  8.918  -21.543  41.504 0.0000000000
59357  8.041  -20.410  38.467 0.0000000000
59344  7.652  -21.044  38.928 0.0000000000
58209  6.680  -21.904  40.378 0.0000000000
58194  6.899  -22.062  41.401 0.0000000000
58182  6.669  -22.501  42.082 0.0000000000
57150  6.122  -22.831  42.279 0.0000000000
148747  6.081  -22.571  41.792 0.0000000000
54998  5.064  -24.305  40.928 0.0000000000
54981  5.306  -24.079  41.551 0.0000000000
53988  6.488  -24.742  42.229 0.0000000000
53081  6.850  -25.275  41.661 0.0000000000
53080  7.350  -26.104  41.627 0.0000000000
53094  6.509  -25.697  40.853 0.0000000000
54039  6.079  -24.748  38.567 0.0000000000
54038  6.361  -25.493  38.055 0.0000000000
56134  5.464  -22.843  37.055 0.0000000000
56152  5.636  -22.882  36.396 0.0000000000
55067  6.520  -24.794  35.115 0.0000000000
55052  6.527  -24.098  36.272 0.0000000000
145395  6.424  -25.835  35.583 0.0000000000
53157  6.111  -26.961  35.464 0.0000000000
69086  5.755  -11.109  37.451 0.0000000000
67982  6.251  -12.792  37.904 0.0000000000
66910  6.185  -13.434  37.197 0.0000000000
65825  6.394  -14.236  37.654 0.0000000000
66919  5.788  -13.411  36.211 0.0000000000
65851  5.830  -14.092  35.738 0.0000000000
65850  6.336  -14.819  35.337 0.0000000000
151439  6.301  -15.456  35.173 0.0000000000
63824  7.296  -15.528  34.905 0.0000000000
66948  10.545  -13.628  33.020 0.0000000000
66949  9.603  -13.034  33.614 0.0000000000
66936  9.353  -13.678  34.087 0.0000000000
65862  8.745  -13.969  34.539 0.0000000000
65861  9.819  -14.415  34.335 0.0000000000
62815  10.522  -17.412  34.667 0.0000000000
63822  9.802  -16.088  35.647 0.0000000000
133101  9.604  -17.357  35.097 0.0000000000
63834  8.311  -16.982  34.864 0.0000000000
62816  8.499  -17.858  34.657 0.0000000000
129131  7.676  -18.380  34.546 0.0000000000
61672  8.852  -18.669  34.183 0.0000000000
140456  9.132  -20.073  32.745 0.0000000000
60502  8.631  -19.987  33.415 0.0000000000
59394  8.300  -20.534  32.826 0.0000000000
59395  7.375  -21.097  33.300 0.0000000000
59404  7.446  -21.034  32.508 0.0000000000
61738  8.677  -18.469  30.698 0.0000000000
63687  21.580  -16.680  47.883 0.0000000000
65726  22.152  -14.623  46.854 0.0000000000
64646  23.454  -15.906  48.983 0.0000000000
51093  7.400  -28.622  41.742 0.0000000000
138801  7.055  -27.909  41.328 0.0000000000
62659  11.728  -17.947  53.216 0.0000000000
62667  12.910  -17.964  52.081 0.0000000000
63666  14.876  -17.148  54.021 0.0000000000
62642  14.414  -17.606  54.266 0.0000000000
63667  14.187  -16.941  54.034 0.0000000000
147683  13.537  -17.362  54.259 0.0000000000
61476  12.854  -17.769  54.783 0.0000000000
62652  12.202  -17.317  53.831 0.0000000000
59311  12.322  -20.964  43.911 0.0000000000
59302  10.867  -20.690  44.515 0.0000000000
58166  12.028  -21.236  43.216 0.0000000000
58176  11.770  -21.409  42.565 0.0000000000
131228  12.072  -21.623  41.918 0.0000000000
61625  5.780  -18.503  37.532 0.0000000000
61626  5.476  -18.965  37.199 0.0000000000
60454  5.530  -19.649  36.655 0.0000000000
60471  5.777  -19.431  35.612 0.0000000000
62672  17.586  -17.311  51.058 0.0000000000
61502  17.249  -18.013  50.450 0.0000000000
61528  18.553  -18.434  48.601 0.0000000000
62693  20.180  -17.197  46.215 0.0000000000
63698  20.266  -15.892  44.986 0.0000000000
64669  19.889  -15.474  44.041 0.0000000000
147884  20.304  -14.911  44.087 0.0000000000
62688  25.797  -17.316  47.542 0.0000000000
149601  26.075  -17.874  47.105 0.0000000000
61536  25.140  -18.711  47.565 0.0000000000
60339  24.724  -19.343  47.819 0.0000000000
60331  22.764  -19.741  49.456 0.0000000000
150494  23.235  -20.480  49.111 0.0000000000
57113  21.285  -22.300  49.995 0.0000000000
59262  19.702  -20.373  51.839 0.0000000000
62669  20.288  -17.756  50.426 0.0000000000
62660  19.282  -17.652  51.412 0.0000000000
62655  18.391  -17.352  52.503 0.0000000000
63671  17.619  -16.945  52.721 0.0000000000
145303  17.912  -16.902  52.017 0.0000000000
62662  17.731  -16.968  51.503 0.0000000000
63764  12.199  -16.641  39.245 0.0000000000
64737  8.812  -15.410  40.558 0.0000000000
127780  25.518  -12.752  47.209 0.0000000000
66811  26.887  -14.313  49.341 0.0000000000
138289  26.363  -13.598  51.038 0.0000000000
146113  22.639  -14.336  52.781 0.0000000000
57094  7.302  -21.667  53.808 0.0000000000
148263  7.316  -20.582  53.635 0.0000000000
146974  7.506  -20.029  53.222 0.0000000000
60322  8.317  -19.602  52.346 0.0000000000
61522  11.947  -18.786  49.876 0.0000000000
60325  11.194  -19.134  50.153 0.0000000000
60334  11.534  -19.338  49.505 0.0000000000
60352  11.788  -20.033  47.943 0.0000000000
60361  11.843  -19.736  47.063 0.0000000000
60360  12.583  -19.633  46.671 0.0000000000
59286  13.498  -19.997  45.588 0.0000000000
59299  13.928  -20.260  44.953 0.0000000000
61530  16.669  -18.428  48.488 0.0000000000
61531  15.903  -18.301  48.623 0.0000000000
61539  16.757  -18.772  47.229 0.0000000000
61546  16.565  -19.171  46.497 0.0000000000
62714  18.273  -17.797  41.843 0.0000000000
61573  17.838  -18.267  41.423 0.0000000000
60381  17.371  -19.081  41.997 0.0000000000
146889  16.807  -19.746  42.200 0.0000000000
59316  16.412  -20.185  42.880 0.0000000000
61595  16.415  -17.992  39.388 0.0000000000
63744  15.558  -16.812  39.849 0.0000000000
58154  24.721  -21.320  46.475 0.0000000000
58155  23.756  -21.641  45.921 0.0000000000
57138  23.395  -22.444  46.236 0.0000000000
58125  16.446  -21.358  53.262 0.0000000000
58126  15.811  -21.681  53.631 0.0000000000
148615  15.375  -21.996  54.012 0.0000000000
148501  13.924  -20.762  55.104 0.0000000000
60295  9.576  -19.220  56.168 0.0000000000
59240  9.406  -19.869  56.813 0.0000000000
59241  8.559  -20.452  56.590 0.0000000000
58117  8.072  -21.882  56.202 0.0000000000
58120  8.059  -21.700  55.187 0.0000000000
58136  6.823  -21.453  50.960 0.0000000000
57111  6.418  -22.122  50.614 0.0000000000
58141  6.407  -21.397  50.320 0.0000000000
58144  6.501  -21.351  49.574 0.0000000000
58147  6.713  -21.542  48.566 0.0000000000
125606  8.031  -21.184  45.052 0.0000000000
58157  7.248  -21.567  46.116 0.0000000000
136038  7.530  -21.853  45.372 0.0000000000
57140  6.502  -22.752  45.696 0.0000000000
146680  6.183  -23.091  45.555 0.0000000000
125862  6.702  -23.151  44.913 0.0000000000
56046  6.682  -23.616  44.093 0.0000000000
56051  6.259  -23.427  43.160 0.0000000000
59354  11.351  -20.669  37.998 0.0000000000
59340  11.766  -21.275  38.607 0.0000000000
137157  10.974  -21.171  38.595 0.0000000000
59341  10.197  -21.226  39.104 0.0000000000
59342  9.234  -21.003  39.258 0.0000000000
59345  6.887  -21.269  38.626 0.0000000000
58221  6.536  -21.763  39.340 0.0000000000
58210  6.114  -22.149  40.020 0.0000000000
57156  5.551  -22.812  41.427 0.0000000000
56091  5.130  -23.148  40.693 0.0000000000
133416  5.301  -24.299  40.224 0.0000000000
54012  5.787  -24.853  40.479 0.0000000000
135555  5.646  -24.182  38.883 0.0000000000
55030  5.706  -24.130  38.034 0.0000000000
146500  5.857  -22.699  35.757 0.0000000000
56170  6.478  -23.377  34.684 0.0000000000
148437  6.498  -24.015  34.847 0.0000000000
54085  5.652  -24.501  34.191 0.0000000000
69121  5.620  -11.421  35.372 0.0000000000
67995  5.645  -12.004  36.102 0.0000000000
66928  5.842  -13.248  35.307 0.0000000000
65863  6.956  -14.119  34.902 0.0000000000
65886  11.114  -14.458  32.857 0.0000000000
64814  11.257  -15.332  33.662 0.0000000000
65860  10.726  -15.179  34.391 0.0000000000
63843  11.522  -16.138  34.223 0.0000000000
62814  11.236  -16.711  34.708 0.0000000000
62831  10.284  -17.972  33.766 0.0000000000
61695  9.906  -18.876  33.489 0.0000000000
61694  10.539  -18.331  32.907 0.0000000000
61715  10.270  -19.234  32.551 0.0000000000
60532  9.428  -19.748  31.784 0.0000000000
63691  20.854  -16.682  46.416 0.0000000000
63681  25.166  -17.058  49.227 0.0000000000
60323  21.670  -19.657  50.566 0.0000000000
60324  21.274  -19.228  51.055 0.0000000000
61500  21.448  -18.736  50.430 0.0000000000
63719  11.442  -16.847  42.281 0.0000000000
63734  10.991  -16.599  41.848 0.0000000000
63735  10.173  -15.878  41.912 0.0000000000
64736  9.525  -15.575  41.280 0.0000000000
64703  8.807  -15.144  42.485 0.0000000000
64721  8.892  -15.177  41.583 0.0000000000
61484  8.823  -19.237  53.276 0.0000000000
61489  10.161  -18.843  52.607 0.0000000000
61496  11.440  -18.551  51.545 0.0000000000
61508  11.705  -18.620  50.684 0.0000000000
61534  12.873  -18.943  48.795 0.0000000000
61542  13.766  -18.933  47.675 0.0000000000
62701  18.681  -17.590  44.548 0.0000000000
61556  18.133  -18.314  44.750 0.0000000000
62713  18.575  -17.559  42.570 0.0000000000
64714  18.650  -15.636  41.714 0.0000000000
63728  18.467  -16.433  41.513 0.0000000000
63729  17.827  -16.526  40.850 0.0000000000
64732  17.385  -15.992  40.761 0.0000000000
64733  16.708  -15.896  40.554 0.0000000000
131064  15.519  -15.022  40.972 0.0000000000
60304  16.583  -19.201  54.259 0.0000000000
59247  16.317  -19.959  54.069 0.0000000000
60305  15.620  -19.496  54.453 0.0000000000
61467  13.997  -19.083  54.973 0.0000000000
59244  13.465  -20.341  55.645 0.0000000000
59238  11.553  -20.319  56.804 0.0000000000
143710  11.154  -19.409  56.497 0.0000000000
61470  11.274  -18.411  55.844 0.0000000000
61465  10.569  -18.754  56.110 0.0000000000
145821  10.002  -18.916  56.193 0.0000000000
61466  9.886  -18.732  55.739 0.0000000000
139476  9.728  -18.688  54.932 0.0000000000
59281  8.817  -19.926  47.110 0.0000000000
59274  7.988  -20.102  47.501 0.0000000000
150155  8.570  -20.496  45.756 0.0000000000
59291  8.507  -20.828  45.131 0.0000000000
144228  9.993  -20.624  44.767 0.0000000000
59304  8.484  -21.257  44.431 0.0000000000
58168  8.275  -21.612  43.595 0.0000000000
149669  9.207  -20.117  38.110 0.0000000000
60422  6.339  -19.840  38.127 0.0000000000
126101  5.535  -22.099  38.048 0.0000000000
126104  5.400  -22.793  37.891 0.0000000000
58250  5.673  -21.969  35.617 0.0000000000
57211  6.453  -22.176  34.636 0.0000000000
65893  9.729  -14.993  30.833 0.0000000000
63860  9.984  -16.864  30.931 0.0000000000
62861  9.298  -17.698  30.782 0.0000000000
63868  8.755  -16.735  30.569 0.0000000000
64838  6.105  -15.896  29.605 0.0000000000
62665  14.569  -17.312  51.625 0.0000000000
62664  15.414  -16.949  51.479 0.0000000000
61517  16.754  -18.313  49.443 0.0000000000
138295  17.054  -18.608  47.925 0.0000000000
127831  18.002  -18.535  46.335 0.0000000000
61544  18.701  -18.241  46.782 0.0000000000
61551  18.542  -18.004  45.955 0.0000000000
151673  18.439  -17.930  45.262 0.0000000000
63715  19.432  -15.639  42.645 0.0000000000
64685  19.724  -15.383  43.193 0.0000000000
63692  26.331  -16.921  45.711 0.0000000000
61554  26.261  -18.371  45.341 0.0000000000
61549  26.072  -18.887  45.836 0.0000000000
61543  25.917  -18.984  46.561 0.0000000000
59276  25.174  -20.630  46.677 0.0000000000
58150  24.752  -21.980  46.934 0.0000000000
56021  22.535  -23.543  47.419 0.0000000000
61523  24.551  -18.526  48.172 0.0000000000
59270  24.336  -20.248  48.172 0.0000000000
145613  23.794  -20.691  48.716 0.0000000000
128786  24.217  -21.438  48.201 0.0000000000
56012  23.412  -22.990  47.970 0.0000000000
58129  17.505  -21.286  52.187 0.0000000000
59252  17.491  -20.041  53.408 0.0000000000
147907  19.300  -19.737  52.304 0.0000000000
61492  19.662  -18.386  52.000 0.0000000000
60315  19.347  -19.089  52.591 0.0000000000
60316  18.753  -19.589  52.901 0.0000000000
60310  18.346  -19.261  53.536 0.0000000000
60311  17.815  -19.426  53.803 0.0000000000
61472  16.706  -18.563  54.274 0.0000000000
62640  16.271  -17.924  54.193 0.0000000000
63668  16.951  -16.927  53.128 0.0000000000
125858  16.262  -16.806  53.061 0.0000000000
62650  15.658  -17.214  53.692 0.0000000000
133030  15.519  -16.754  52.970 0.0000000000
63674  14.865  -16.822  52.819 0.0000000000
59327  14.553  -20.716  40.243 0.0000000000
59328  13.763  -21.132  39.952 0.0000000000
59337  14.258  -20.413  39.346 0.0000000000
60406  13.833  -19.963  38.568 0.0000000000
59352  13.102  -20.422  38.329 0.0000000000
61599  13.209  -18.279  38.384 0.0000000000
61611  12.825  -18.836  37.968 0.0000000000
60416  12.751  -19.690  37.862 0.0000000000
60417  11.764  -19.828  37.657 0.0000000000
60435  11.133  -19.011  37.566 0.0000000000
127836  11.209  -16.167  40.931 0.0000000000
63767  9.809  -15.877  39.533 0.0000000000
63782  10.561  -16.542  38.555 0.0000000000
61622  9.593  -18.649  37.814 0.0000000000
61623  8.678  -18.588  37.990 0.0000000000
138019  7.743  -18.065  38.013 0.0000000000
62772  7.005  -17.497  37.533 0.0000000000
62784  5.578  -17.244  36.309 0.0000000000
62785  5.274  -16.758  35.759 0.0000000000
139297  22.766  -14.185  47.941 0.0000000000
66821  22.943  -13.501  47.907 0.0000000000
63696  25.752  -16.788  44.903 0.0000000000
67933  27.069  -11.755  45.279 0.0000000000
128239  25.507  -14.060  46.502 0.0000000000
64655  25.618  -15.387  45.687 0.0000000000
129771  26.206  -16.492  46.572 0.0000000000
135543  26.351  -15.536  48.180 0.0000000000
64644  26.315  -16.338  48.520 0.0000000000
63680  26.398  -16.764  49.449 0.0000000000
67862  25.559  -13.218  51.696 0.0000000000
67863  24.509  -13.124  52.674 0.0000000000
66792  25.899  -14.403  51.583 0.0000000000
65681  25.228  -15.245  52.237 0.0000000000
64639  25.237  -16.099  52.044 0.0000000000
65697  23.664  -15.709  50.173 0.0000000000
66799  22.774  -14.332  51.751 0.0000000000
134474  7.205  -21.251  53.064 0.0000000000
57103  7.287  -21.793  52.289 0.0000000000
138979  7.336  -21.480  51.626 0.0000000000
59263  7.239  -20.763  50.598 0.0000000000
60338  7.641  -20.186  49.747 0.0000000000
150848  7.803  -19.958  49.104 0.0000000000
61499  8.705  -19.205  52.415 0.0000000000
60321  8.785  -19.506  51.746 0.0000000000
60326  10.217  -19.463  50.363 0.0000000000
60327  9.157  -20.002  50.192 0.0000000000
148294  9.068  -19.945  49.322 0.0000000000
60346  8.435  -19.792  48.780 0.0000000000
60355  8.578  -19.687  47.952 0.0000000000
60363  9.764  -19.824  46.923 0.0000000000
59279  10.970  -20.054  46.074 0.0000000000
59288  11.389  -20.316  45.311 0.0000000000
59278  11.865  -19.927  46.125 0.0000000000
59287  12.263  -20.269  45.238 0.0000000000
59310  13.090  -20.840  43.959 0.0000000000
58186  14.179  -21.381  41.819 0.0000000000
61505  14.478  -18.171  50.283 0.0000000000
146724  14.082  -18.272  49.662 0.0000000000
133544  15.012  -18.218  48.779 0.0000000000
61519  14.178  -18.248  48.947 0.0000000000
61552  17.666  -19.000  44.997 0.0000000000
60366  16.609  -19.643  45.652 0.0000000000
60374  17.415  -19.248  43.568 0.0000000000
60357  15.967  -19.587  46.068 0.0000000000
141673  15.105  -19.682  46.028 0.0000000000
60358  14.304  -19.479  46.307 0.0000000000
59298  14.685  -20.452  44.372 0.0000000000
151292  15.771  -20.561  43.181 0.0000000000
59317  15.717  -20.612  42.432 0.0000000000
127114  15.140  -20.875  42.973 0.0000000000
59318  15.002  -21.049  42.120 0.0000000000
59323  14.784  -20.930  41.186 0.0000000000
60391  15.055  -19.989  39.624 0.0000000000
61597  14.925  -18.705  38.642 0.0000000000
133415  14.475  -17.899  38.874 0.0000000000
130080  12.889  -16.661  40.867 0.0000000000
64718  14.735  -15.451  40.958 0.0000000000
64719  13.724  -15.869  41.438 0.0000000000
63717  12.932  -16.579  41.904 0.0000000000
63718  12.181  -17.121  42.123 0.0000000000
63707  11.034  -16.098  42.958 0.0000000000
133642  25.283  -19.108  44.639 0.0000000000
59294  23.529  -20.376  44.579 0.0000000000
58159  23.192  -21.145  45.014 0.0000000000
59248  15.536  -20.397  54.313 0.0000000000
136995  15.406  -21.274  54.177 0.0000000000
58121  14.891  -21.858  54.399 0.0000000000
131725  15.094  -22.571  54.006 0.0000000000
56006  6.957  -23.795  50.638 0.0000000000
58148  6.870  -21.581  47.676 0.0000000000
141188  6.623  -21.989  47.647 0.0000000000
58153  6.781  -22.092  46.427 0.0000000000
58149  6.427  -22.189  46.974 0.0000000000
56027  6.392  -22.954  47.817 0.0000000000
54911  6.338  -23.830  47.596 0.0000000000
54910  7.000  -24.626  47.920 0.0000000000
139804  6.067  -24.791  45.619 0.0000000000
129623  6.846  -26.949  44.096 0.0000000000
58202  13.195  -21.599  40.598 0.0000000000
58189  11.736  -21.741  41.153 0.0000000000
58190  10.848  -21.656  41.004 0.0000000000
136749  10.274  -21.528  41.545 0.0000000000
125873  9.107  -21.564  42.159 0.0000000000
58180  7.770  -21.881  42.718 0.0000000000
59356  8.845  -20.478  38.634 0.0000000000
59331  7.991  -21.334  39.903 0.0000000000
58207  8.325  -21.534  40.968 0.0000000000
58193  7.630  -21.913  41.684 0.0000000000
58181  7.290  -22.272  42.757 0.0000000000
58171  6.897  -22.677  42.774 0.0000000000
57147  6.484  -23.019  42.975 0.0000000000
127058  5.836  -23.667  42.727 0.0000000000
127202  5.684  -23.203  41.946 0.0000000000
139390  6.061  -24.270  42.902 0.0000000000
133082  6.652  -25.136  43.111 0.0000000000
53056  7.039  -26.219  43.146 0.0000000000
53068  7.504  -26.750  42.288 0.0000000000
146884  7.492  -26.983  41.692 0.0000000000
52104  6.730  -27.880  40.639 0.0000000000
143701  5.530  -23.413  37.668 0.0000000000
55041  6.275  -24.319  37.181 0.0000000000
54050  6.661  -25.255  37.249 0.0000000000
141090  6.635  -26.161  37.359 0.0000000000
65809  6.998  -14.055  40.062 0.0000000000
67975  6.054  -12.225  38.786 0.0000000000
141167  6.417  -13.105  38.744 0.0000000000
66902  6.616  -13.873  38.608 0.0000000000
146773  6.801  -14.506  38.430 0.0000000000
134109  6.133  -14.923  36.849 0.0000000000
127938  5.806  -14.894  36.116 0.0000000000
64779  5.659  -15.712  36.311 0.0000000000
64780  5.159  -16.162  35.963 0.0000000000
63825  5.580  -16.413  35.379 0.0000000000
62818  5.749  -17.206  34.940 0.0000000000
139431  7.718  -13.534  34.655 0.0000000000
64807  10.102  -15.195  34.881 0.0000000000
64794  8.788  -15.496  35.248 0.0000000000
63835  7.194  -16.416  34.662 0.0000000000
62817  6.528  -18.057  34.779 0.0000000000
61673  7.114  -19.044  34.557 0.0000000000
60487  7.602  -19.961  34.093 0.0000000000
61696  9.084  -19.327  33.656 0.0000000000
59387  6.884  -20.741  34.127 0.0000000000
58265  6.789  -21.685  33.805 0.0000000000
136481  6.104  -22.234  33.328 0.0000000000
145807  9.550  -18.517  31.125 0.0000000000
137901  9.136  -19.217  31.229 0.0000000000
59413  7.261  -20.819  31.833 0.0000000000
59405  6.413  -21.358  32.066 0.0000000000
57234  5.236  -22.773  32.934 0.0000000000
56003  6.665  -22.893  50.878 0.0000000000
56007  6.373  -22.950  50.216 0.0000000000
57127  6.562  -22.105  49.061 0.0000000000
57133  6.569  -22.212  48.122 0.0000000000
57134  6.204  -22.474  47.273 0.0000000000
58140  6.856  -21.034  50.649 0.0000000000
58151  24.280  -22.314  46.639 0.0000000000
58161  7.872  -21.539  45.015 0.0000000000
58170  7.537  -22.373  43.279 0.0000000000
58178  9.913  -21.456  42.194 0.0000000000
58203  12.356  -21.729  40.392 0.0000000000
59249  8.180  -20.130  54.485 0.0000000000
59259  7.669  -20.386  52.588 0.0000000000
59267  7.139  -20.481  49.919 0.0000000000
59275  7.136  -21.054  47.464 0.0000000000
59292  7.696  -21.268  45.574 0.0000000000
59312  11.518  -20.996  43.853 0.0000000000
60296  8.986  -19.767  56.066 0.0000000000
60307  9.265  -19.385  54.413 0.0000000000
60308  7.895  -19.692  53.852 0.0000000000
60314  7.797  -19.589  53.294 0.0000000000
60318  7.841  -19.705  52.808 0.0000000000
60348  25.453  -19.443  47.108 0.0000000000
60354  9.396  -19.682  47.613 0.0000000000
60365  17.157  -19.539  45.148 0.0000000000
60518  9.710  -19.790  32.320 0.0000000000
60519  9.013  -20.206  32.204 0.0000000000
61479  18.368  -18.573  53.546 0.0000000000
62720  18.484  -17.199  41.833 0.0000000000
62721  18.087  -17.362  41.143 0.0000000000
63677  15.816  -16.498  51.935 0.0000000000
63706  19.085  -16.907  43.021 0.0000000000
63821  10.698  -16.015  35.598 0.0000000000
63833  10.565  -16.608  35.437 0.0000000000
63836  6.271  -15.969  34.981 0.0000000000
64792  10.899  -15.743  35.243 0.0000000000
64793  9.990  -15.604  35.401 0.0000000000
64822  11.393  -15.141  32.630 0.0000000000
65677  23.204  -13.996  53.348 0.0000000000
65680  23.101  -14.661  53.061 0.0000000000
65687  26.108  -15.486  51.493 0.0000000000
65705  27.111  -15.267  49.511 0.0000000000
65875  10.683  -14.472  33.624 0.0000000000
66789  25.023  -14.218  52.432 0.0000000000
66790  24.100  -14.135  53.180 0.0000000000
66920  5.690  -12.758  35.909 0.0000000000
66937  8.616  -13.148  34.238 0.0000000000
68006  5.707  -12.365  35.286 0.0000000000
127712  6.341  -23.524  45.031 0.0000000000
127893  5.664  -23.624  42.013 0.0000000000
128125  8.726  -19.759  54.375 0.0000000000
128583  20.584  -22.974  49.397 0.0000000000
128939  10.022  -21.450  40.852 0.0000000000
130593  11.313  -15.779  34.723 0.0000000000
132900  7.615  -20.801  47.066 0.0000000000
138926  6.295  -22.491  46.331 0.0000000000
141226  9.474  -16.641  35.411 0.0000000000
143085  23.187  -23.449  47.486 0.0000000000
145921  13.527  -21.051  55.498 0.0000000000
145963  8.796  -19.985  50.998 0.0000000000
147251  7.039  -27.229  43.184 0.0000000000
148719  5.573  -21.000  37.081 0.0000000000
149380  11.310  -16.693  33.945 0.0000000000
149539  13.355  -19.850  38.116 0.0000000000
150653  5.802  -23.805  37.463 0.0000000000
150790  12.787  -21.618  41.930 0.0000000000
151153  8.054  -14.220  34.904 0.0000000000
151619  6.780  -21.135  49.075 0.0000000000
