#!ascii label  , from subject sub-v1s20x0050354_ses-1 vox2ras=TkReg
1384
30687  -27.465  -43.024  -28.973 0.5000000000
31646  -27.639  -42.193  -28.368 0.4000000060
120626  -28.245  -42.375  -27.365 0.6000000238
119876  -26.983  -41.126  -28.558 0.6000000238
32625  -27.006  -41.150  -30.142 0.6000000238
31645  -27.121  -41.700  -29.133 0.5000000000
34612  -27.437  -40.027  -29.592 0.6000000238
32607  -27.357  -41.348  -27.974 0.6999999881
32598  -27.883  -41.713  -27.240 0.6999999881
32616  -26.932  -41.241  -29.471 0.6999999881
32624  -26.929  -40.686  -29.541 0.6999999881
34603  -27.661  -39.239  -29.076 0.5000000000
34602  -27.083  -39.299  -29.048 0.6999999881
33580  -27.844  -40.496  -30.040 0.5000000000
28694  -22.643  -45.588  -21.722 0.5000000000
32597  -27.284  -41.025  -26.867 0.6999999881
32606  -26.805  -40.700  -27.545 0.6999999881
33571  -26.572  -40.159  -28.572 0.6999999881
33563  -26.304  -40.243  -27.708 0.6999999881
34601  -26.471  -39.467  -28.558 0.6999999881
34593  -25.973  -39.676  -27.823 0.6999999881
35508  -27.682  -38.779  -28.525 0.6000000238
130416  -28.367  -41.969  -22.784 0.6999999881
32559  -27.930  -41.488  -23.139 0.6999999881
32591  -27.148  -40.809  -25.912 0.6999999881
28693  -21.876  -45.088  -22.134 0.6000000238
28724  -21.968  -45.469  -24.218 0.4000000060
35507  -27.185  -38.729  -28.639 0.6999999881
36423  -25.784  -38.077  -28.214 0.6999999881
35499  -28.007  -38.564  -27.802 0.6000000238
32549  -28.519  -41.794  -21.522 0.6999999881
31604  -28.614  -42.220  -22.091 0.6999999881
32569  -27.623  -41.349  -24.008 0.6999999881
32560  -28.329  -41.576  -22.343 0.6999999881
29663  -23.486  -44.470  -20.207 0.6000000238
32590  -26.640  -40.406  -25.926 0.6999999881
32580  -27.406  -41.093  -24.990 0.6999999881
33520  -27.478  -40.903  -23.610 0.6999999881
33514  -27.965  -40.827  -22.666 0.6999999881
29695  -21.328  -44.397  -22.653 0.5000000000
33554  -25.670  -39.848  -27.121 0.6999999881
33555  -26.195  -40.250  -26.895 0.6999999881
115498  -27.397  -40.290  -23.391 0.6999999881
29705  -21.197  -44.751  -23.616 0.4000000060
34600  -25.610  -38.812  -27.918 0.6999999881
33544  -26.228  -40.167  -26.214 0.6999999881
33532  -27.181  -40.740  -24.483 0.6999999881
131907  -27.095  -40.454  -24.075 0.6999999881
29714  -20.933  -43.986  -25.156 0.4000000060
33543  -25.668  -39.846  -26.519 0.6999999881
33531  -26.762  -40.231  -24.765 0.6999999881
34540  -26.865  -39.934  -24.093 0.6999999881
35506  -26.540  -38.727  -28.459 0.6999999881
34592  -25.118  -39.253  -27.273 0.6999999881
34553  -25.338  -39.206  -25.533 0.6999999881
34554  -26.245  -39.636  -24.960 0.6999999881
36424  -26.637  -38.163  -28.309 0.6999999881
34565  -25.074  -39.392  -26.258 0.6999999881
36412  -27.656  -37.944  -27.344 0.6000000238
36410  -26.104  -37.528  -28.081 0.6999999881
122520  -25.175  -37.429  -28.066 0.6999999881
37474  -28.257  -36.442  -25.245 0.5000000000
36391  -28.431  -37.226  -25.544 0.5000000000
35460  -30.502  -37.856  -24.429 0.4000000060
36392  -29.676  -37.418  -24.601 0.5000000000
117085  -28.485  -41.069  -21.747 0.6999999881
30618  -23.297  -43.469  -20.366 0.6000000238
32579  -26.897  -40.527  -25.315 0.6999999881
29677  -22.305  -44.553  -21.359 0.5000000000
34591  -24.353  -38.950  -26.949 0.6999999881
36409  -24.724  -38.027  -27.838 0.6999999881
35474  -23.343  -38.305  -26.276 0.6999999881
38477  -26.952  -35.658  -25.730 0.6999999881
36411  -26.914  -37.682  -27.821 0.6999999881
37487  -26.881  -36.506  -26.416 0.6999999881
37498  -26.478  -37.066  -27.419 0.6999999881
37473  -27.574  -36.204  -25.646 0.6999999881
31549  -26.430  -42.514  -18.475 0.6999999881
32510  -27.519  -41.676  -18.866 0.6999999881
32523  -28.053  -41.566  -19.324 0.8000000119
33485  -28.414  -40.705  -19.464 0.8000000119
31548  -25.537  -42.580  -18.579 0.6000000238
32509  -26.740  -41.699  -18.544 0.6000000238
33498  -28.704  -40.653  -20.337 0.8000000119
115830  -25.022  -41.647  -18.854 0.6000000238
33506  -28.800  -40.444  -21.146 0.6999999881
30600  -24.247  -43.448  -19.436 0.6000000238
124261  -24.763  -42.674  -19.022 0.6000000238
30617  -22.873  -43.041  -20.843 0.6000000238
31584  -23.235  -42.320  -20.505 0.6000000238
34530  -27.943  -39.885  -22.619 0.6999999881
29676  -21.751  -43.876  -21.881 0.5000000000
30627  -22.346  -43.327  -21.288 0.6000000238
33515  -28.548  -40.220  -21.914 0.6999999881
35497  -24.377  -38.597  -27.335 0.6999999881
34581  -24.235  -38.872  -26.576 0.6999999881
37485  -24.986  -36.321  -27.296 0.8000000119
37497  -25.623  -36.888  -27.774 0.6999999881
35488  -23.484  -38.376  -26.793 0.6999999881
35458  -24.724  -38.469  -25.280 0.6999999881
38492  -25.766  -35.829  -26.404 0.8000000119
37496  -24.106  -37.372  -27.657 0.6999999881
35473  -22.723  -37.889  -26.330 0.6999999881
36378  -30.366  -37.140  -24.345 0.5000000000
122253  -30.042  -35.941  -24.336 0.5000000000
36379  -31.142  -37.264  -24.310 0.4000000060
33484  -27.915  -40.919  -18.880 0.6999999881
32508  -25.814  -41.703  -18.548 0.6000000238
126197  -28.746  -40.101  -19.869 0.8000000119
34517  -28.980  -39.860  -20.514 0.8000000119
31566  -24.133  -42.242  -19.623 0.6000000238
119331  -23.662  -41.834  -20.108 0.6000000238
30640  -21.209  -43.120  -22.435 0.6000000238
34531  -28.580  -39.342  -21.986 0.6999999881
29694  -20.810  -43.730  -23.219 0.5000000000
132468  -27.579  -38.827  -22.954 0.6999999881
115660  -27.992  -39.054  -22.602 0.6999999881
30661  -20.305  -43.289  -24.680 0.5000000000
30651  -20.252  -43.101  -23.809 0.5000000000
34541  -27.327  -39.412  -23.282 0.6999999881
117569  -26.610  -39.165  -24.048 0.6999999881
38491  -23.960  -35.747  -26.798 0.8000000119
124213  -24.715  -36.842  -27.801 0.8000000119
36408  -23.601  -37.965  -27.326 0.6999999881
36390  -22.573  -37.786  -25.978 0.6999999881
37484  -23.495  -36.540  -27.354 0.6999999881
37462  -29.778  -36.641  -24.448 0.5000000000
33467  -26.126  -40.779  -18.507 0.6999999881
33468  -27.147  -40.920  -18.598 0.6999999881
126434  -27.575  -40.344  -18.658 0.8000000119
33469  -28.145  -40.160  -18.891 0.8000000119
34503  -26.734  -40.003  -18.488 0.8000000119
34505  -28.397  -39.304  -18.883 0.8000000119
32522  -24.394  -41.319  -19.350 0.6000000238
35421  -29.194  -38.963  -20.584 0.6999999881
30626  -21.783  -42.385  -21.806 0.6000000238
31583  -22.520  -41.710  -21.101 0.6000000238
35436  -28.470  -38.507  -22.057 0.8000000119
35429  -28.998  -38.754  -21.390 0.6999999881
30639  -20.601  -42.432  -23.039 0.6000000238
36353  -28.213  -37.728  -22.208 0.8000000119
30650  -19.756  -42.416  -24.425 0.4000000060
35459  -25.795  -38.723  -24.648 0.6999999881
35445  -26.495  -38.363  -23.934 0.6999999881
35435  -27.843  -38.368  -22.668 0.6999999881
30676  -19.823  -42.777  -26.642 0.4000000060
36362  -25.995  -37.746  -24.091 0.6999999881
35446  -27.177  -38.487  -23.326 0.6999999881
36400  -22.725  -37.662  -26.704 0.8000000119
36377  -25.198  -37.932  -24.619 0.6999999881
35457  -23.555  -38.138  -25.728 0.6999999881
119669  -26.095  -35.204  -25.788 0.8000000119
38478  -27.953  -35.482  -25.061 0.5000000000
39363  -31.520  -34.925  -24.417 0.5000000000
37461  -29.038  -35.960  -24.650 0.5000000000
38465  -31.901  -35.782  -24.578 0.4000000060
119278  -25.873  -39.947  -18.514 0.6000000238
34504  -27.596  -39.631  -18.534 0.8000000119
121826  -25.268  -40.820  -18.760 0.6999999881
133282  -29.193  -38.760  -19.909 0.8000000119
32521  -23.774  -40.893  -19.781 0.6000000238
35414  -29.011  -38.563  -19.224 0.8000000119
32538  -23.118  -40.660  -20.369 0.6000000238
133043  -29.251  -38.257  -20.882 0.8000000119
31603  -21.059  -41.550  -22.337 0.6000000238
31582  -21.582  -40.361  -21.606 0.6000000238
113888  -28.903  -37.812  -21.447 0.8000000119
36363  -26.796  -37.624  -23.461 0.8000000119
36352  -27.516  -37.656  -22.830 0.8000000119
116825  -25.649  -36.246  -23.619 0.8000000119
31611  -19.233  -41.638  -24.044 0.4000000060
38476  -24.690  -35.205  -26.144 0.8000000119
37483  -22.210  -36.784  -26.589 0.8000000119
36374  -22.128  -37.146  -25.814 0.8000000119
36389  -22.188  -37.351  -26.163 0.8000000119
36376  -24.197  -37.577  -24.989 0.6999999881
37472  -21.799  -36.616  -25.930 0.8000000119
38489  -21.616  -36.061  -26.210 0.8000000119
39360  -28.933  -34.989  -24.731 0.6000000238
39379  -28.188  -34.463  -25.116 0.6000000238
38462  -29.653  -35.355  -24.481 0.5000000000
123570  -25.440  -40.188  -18.666 0.6000000238
32507  -24.563  -40.493  -19.102 0.6000000238
35407  -27.706  -38.833  -18.366 0.6999999881
35408  -28.397  -38.570  -18.589 0.6999999881
32506  -23.811  -39.860  -19.324 0.6000000238
33466  -24.789  -39.908  -18.853 0.6000000238
34502  -25.161  -39.457  -18.481 0.6000000238
32537  -22.242  -39.726  -20.774 0.6000000238
33483  -23.203  -39.580  -19.740 0.6000000238
31594  -20.746  -40.044  -22.084 0.5000000000
36335  -29.261  -37.611  -20.701 0.8000000119
31602  -20.186  -40.823  -22.713 0.3000000119
37439  -27.907  -36.319  -22.186 0.8000000119
36345  -28.475  -36.979  -21.805 0.8000000119
37438  -27.144  -36.724  -22.873 0.8000000119
37448  -24.711  -35.925  -24.023 0.8000000119
38490  -22.267  -35.901  -26.732 0.8000000119
36375  -22.883  -37.324  -25.471 0.8000000119
36361  -25.144  -36.961  -24.216 0.8000000119
37459  -22.165  -36.557  -25.396 0.8000000119
38460  -21.802  -35.878  -25.647 0.8000000119
39378  -26.987  -34.722  -25.361 0.6999999881
39380  -29.159  -34.166  -24.962 0.6000000238
123133  -32.231  -35.040  -24.869 0.3000000119
34493  -25.978  -39.293  -18.334 0.6999999881
35402  -27.081  -38.290  -17.928 0.6999999881
36325  -27.995  -38.106  -18.118 0.6999999881
31581  -20.075  -40.741  -20.194 0.5000000000
33465  -24.088  -39.507  -18.974 0.6000000238
36326  -28.767  -37.963  -18.543 0.6999999881
32548  -21.424  -39.114  -20.969 0.5000000000
36329  -29.265  -37.668  -19.212 0.6999999881
33504  -20.241  -39.184  -21.401 0.3000000119
120690  -28.962  -35.967  -20.925 0.8000000119
37416  -29.078  -36.812  -20.986 0.8000000119
37437  -26.357  -36.024  -23.093 0.8999999762
31612  -19.914  -41.871  -23.583 0.4000000060
112017  -25.534  -35.535  -23.367 0.8999999762
38442  -27.183  -35.605  -22.508 0.8999999762
39376  -23.669  -34.700  -26.159 0.8000000119
38475  -22.708  -35.284  -26.550 0.8000000119
121048  -22.391  -35.894  -24.905 0.8000000119
37460  -23.542  -36.510  -24.727 0.8000000119
39377  -25.533  -34.609  -25.690 0.8000000119
40199  -26.364  -33.938  -25.629 0.6999999881
40181  -30.945  -33.542  -24.531 0.6000000238
39362  -30.734  -34.352  -24.385 0.6000000238
126042  -25.345  -38.887  -18.147 0.6000000238
35401  -26.032  -38.477  -17.907 0.6000000238
34501  -24.305  -39.223  -18.570 0.6000000238
34500  -23.726  -39.160  -18.515 0.6000000238
36317  -27.494  -37.522  -17.632 0.8000000119
33481  -21.887  -39.296  -19.660 0.6000000238
33482  -22.506  -39.194  -19.674 0.5000000000
33464  -23.449  -39.198  -18.793 0.6000000238
36327  -29.374  -36.851  -19.007 0.8000000119
33495  -20.267  -39.120  -20.829 0.4000000060
36336  -29.365  -37.056  -19.972 0.6999999881
32558  -20.196  -39.517  -21.988 0.4000000060
38451  -24.500  -35.134  -23.713 0.8999999762
38441  -26.286  -35.216  -22.850 0.8000000119
37427  -28.559  -36.150  -21.515 0.8000000119
38452  -25.468  -34.816  -23.187 0.8000000119
38474  -21.642  -35.524  -26.221 0.8000000119
38461  -22.318  -35.285  -24.797 0.8000000119
37447  -23.390  -35.532  -24.321 0.6999999881
39375  -21.918  -34.925  -26.210 0.8000000119
40201  -28.591  -33.710  -25.477 0.6999999881
40202  -29.464  -33.452  -25.340 0.6999999881
41165  -30.685  -32.147  -25.428 0.6000000238
41166  -31.674  -32.071  -25.037 0.6000000238
41167  -32.191  -32.098  -25.245 0.6000000238
36316  -26.508  -37.660  -17.471 0.8000000119
31564  -21.403  -41.500  -18.816 0.5000000000
33463  -22.983  -39.757  -18.452 0.5000000000
36318  -28.458  -37.304  -17.959 0.8000000119
129857  -29.091  -37.327  -18.549 0.6999999881
32504  -21.949  -40.343  -18.862 0.5000000000
33462  -22.539  -39.596  -19.032 0.5000000000
37398  -27.890  -36.837  -17.436 0.8000000119
37399  -28.550  -36.418  -17.607 0.8000000119
32520  -21.283  -40.017  -19.540 0.5000000000
37409  -29.104  -36.692  -18.228 0.8000000119
37412  -29.360  -36.173  -19.443 0.8000000119
38412  -29.390  -35.436  -18.990 0.8000000119
37417  -29.210  -36.129  -20.280 0.8000000119
38415  -29.255  -35.381  -19.773 0.8000000119
38431  -28.038  -35.465  -21.865 0.8000000119
38421  -28.664  -35.385  -21.237 0.8000000119
40196  -21.345  -34.206  -26.132 0.8000000119
39346  -23.297  -34.836  -24.048 0.8000000119
39359  -22.371  -34.597  -24.635 0.8999999762
40198  -24.779  -33.983  -25.761 0.8000000119
40197  -22.673  -34.296  -26.325 0.8000000119
40200  -27.579  -33.867  -25.566 0.6999999881
40219  -27.073  -33.222  -26.075 0.6999999881
40220  -28.166  -33.070  -26.104 0.6999999881
41184  -28.956  -32.573  -26.383 0.6999999881
41164  -29.673  -32.726  -25.780 0.6999999881
35386  -24.799  -38.037  -16.994 0.8000000119
35400  -25.092  -38.451  -17.660 0.6000000238
36303  -26.017  -37.093  -16.910 0.8000000119
120039  -20.522  -41.494  -16.785 0.6000000238
115961  -21.265  -41.654  -16.972 0.5000000000
34491  -23.842  -39.114  -17.824 0.6000000238
35399  -24.365  -38.649  -17.355 0.6000000238
37397  -27.046  -36.820  -17.023 0.8000000119
31516  -18.369  -42.126  -17.247 0.6000000238
32477  -19.524  -41.489  -16.872 0.6000000238
33436  -20.671  -40.809  -16.500 0.6000000238
31520  -22.262  -41.250  -17.169 0.5000000000
32492  -22.657  -40.658  -17.620 0.5000000000
124451  -17.116  -39.535  -17.771 0.5000000000
131768  -18.096  -40.065  -17.236 0.5000000000
108181  -18.676  -39.910  -16.905 0.6000000238
33435  -19.919  -40.806  -16.600 0.6000000238
31547  -21.818  -41.570  -18.216 0.5000000000
32479  -22.907  -40.645  -17.050 0.5000000000
37400  -29.131  -35.906  -17.897 0.8000000119
125470  -17.977  -39.434  -17.358 0.5000000000
32505  -22.394  -40.628  -18.234 0.5000000000
125448  -16.364  -39.655  -18.264 0.4000000060
39325  -28.277  -34.681  -21.528 0.8000000119
38422  -29.034  -35.337  -20.546 0.8000000119
40169  -24.718  -33.787  -23.492 0.8000000119
39334  -26.288  -34.505  -22.789 0.8000000119
39316  -28.841  -34.746  -20.936 0.8000000119
39324  -27.511  -34.758  -22.097 0.8000000119
39335  -27.034  -34.242  -22.422 0.8000000119
40217  -24.218  -33.425  -26.251 0.8999999762
40216  -22.257  -33.740  -26.766 0.8999999762
40178  -21.701  -34.267  -25.389 0.8000000119
39347  -24.502  -34.465  -23.534 0.8000000119
40179  -22.496  -33.804  -24.526 0.8000000119
40218  -25.820  -33.284  -26.001 0.8000000119
41182  -26.581  -32.589  -26.562 0.6999999881
35385  -24.142  -38.357  -16.562 0.8000000119
36302  -25.214  -37.339  -16.650 0.8000000119
125023  -20.154  -39.498  -16.322 0.6000000238
35384  -23.539  -38.771  -16.059 0.6000000238
37387  -26.394  -36.392  -16.443 0.8000000119
110148  -19.556  -40.069  -16.570 0.6000000238
33422  -21.149  -40.401  -16.232 0.6000000238
33425  -23.232  -39.587  -16.321 0.6000000238
38397  -27.881  -36.053  -16.944 0.8000000119
38398  -28.636  -35.584  -17.230 0.6999999881
125342  -18.695  -39.019  -16.957 0.5000000000
34466  -22.503  -39.823  -15.941 0.6000000238
34481  -23.784  -39.099  -16.833 0.6000000238
125469  -16.661  -38.815  -18.153 0.4000000060
109767  -18.175  -38.563  -17.336 0.4000000060
124595  -19.261  -38.518  -16.655 0.4000000060
127800  -29.341  -35.435  -18.314 0.6999999881
124579  -17.706  -37.956  -17.610 0.4000000060
125339  -18.416  -37.827  -17.256 0.4000000060
109550  -20.901  -39.020  -15.879 0.4000000060
119694  -29.352  -34.790  -19.297 0.6999999881
124690  -18.817  -37.123  -17.160 0.4000000060
124767  -20.299  -37.255  -16.262 0.5000000000
39317  -29.182  -34.405  -20.097 0.6999999881
108183  -17.966  -37.096  -17.582 0.3000000119
109347  -19.564  -37.159  -16.722 0.5000000000
39348  -25.559  -34.131  -23.127 0.8000000119
40163  -26.475  -33.855  -22.838 0.8000000119
39336  -27.853  -33.970  -21.871 0.8000000119
40147  -28.752  -33.967  -21.099 0.8000000119
41143  -21.372  -33.674  -25.529 0.8000000119
40168  -23.447  -34.174  -23.876 0.8000000119
41130  -25.090  -33.114  -23.726 0.8000000119
40170  -25.838  -33.507  -23.297 0.8000000119
126928  -21.334  -33.637  -26.560 1.0000000000
41144  -24.164  -32.661  -24.235 0.8000000119
41162  -21.050  -32.978  -25.594 0.8000000119
131836  -23.220  -33.210  -24.291 0.8000000119
41181  -25.393  -32.643  -26.474 0.8999999762
41183  -27.552  -32.505  -26.633 0.6999999881
130450  -28.278  -32.378  -26.658 0.6999999881
41204  -28.743  -31.910  -26.985 0.6999999881
41185  -29.721  -31.879  -26.438 0.6999999881
42227  -30.735  -31.350  -26.076 0.6999999881
42211  -32.276  -31.499  -25.731 0.6000000238
118032  -31.441  -30.993  -25.935 0.6999999881
42252  -30.142  -31.046  -26.917 0.6999999881
43243  -32.735  -30.810  -26.740 0.6000000238
43242  -32.261  -30.773  -26.280 0.6000000238
36301  -24.512  -37.625  -16.245 0.8000000119
37386  -25.630  -36.654  -16.235 0.8000000119
33421  -20.351  -40.216  -16.376 0.5000000000
35366  -23.160  -38.260  -15.450 0.8000000119
36291  -24.183  -37.217  -15.396 0.8000000119
35367  -23.828  -37.957  -15.792 0.8000000119
124823  -19.374  -39.286  -16.595 0.5000000000
34464  -20.797  -39.782  -16.115 0.6000000238
112934  -21.957  -39.077  -15.594 0.5000000000
38388  -27.146  -35.994  -16.414 0.6999999881
132762  -18.725  -38.354  -17.001 0.4000000060
124824  -20.562  -38.059  -15.993 0.5000000000
35365  -22.372  -38.357  -15.424 0.6999999881
34467  -22.865  -39.047  -15.686 0.6999999881
112156  -26.646  -35.804  -16.031 0.6999999881
38390  -28.293  -35.214  -16.474 0.6999999881
39290  -28.819  -34.929  -16.775 0.6999999881
38399  -29.180  -34.991  -17.549 0.6999999881
39304  -29.423  -34.646  -18.451 0.6999999881
109353  -20.085  -36.510  -16.566 0.5000000000
40139  -29.443  -33.582  -19.648 0.6999999881
108188  -18.655  -35.710  -17.587 0.4000000060
109551  -20.011  -35.765  -16.817 0.4000000060
40164  -27.320  -33.603  -22.544 0.8000000119
40171  -26.821  -33.268  -23.117 0.8000000119
41131  -26.242  -32.864  -23.624 0.8000000119
41132  -27.262  -32.597  -23.530 0.6999999881
41163  -22.398  -32.771  -24.792 0.8000000119
41180  -23.911  -32.741  -26.781 0.8999999762
41179  -22.099  -33.126  -27.103 0.8999999762
40195  -21.113  -33.108  -26.652 0.8000000119
41178  -21.207  -32.396  -26.363 0.8000000119
42205  -21.376  -32.069  -25.504 0.8000000119
124115  -24.544  -32.037  -27.238 0.8000000119
41202  -27.082  -31.991  -27.273 0.8000000119
117356  -32.635  -32.240  -25.897 0.4000000060
41203  -27.922  -31.910  -27.195 0.8000000119
44129  -33.071  -29.677  -27.352 0.5000000000
36292  -24.903  -36.920  -15.862 0.8000000119
118937  -22.925  -36.972  -14.939 0.6999999881
38381  -25.811  -35.493  -15.113 0.6999999881
124822  -19.078  -37.817  -16.833 0.4000000060
111778  -22.045  -35.990  -15.382 0.6000000238
37379  -24.572  -36.466  -15.017 0.6999999881
38389  -27.698  -35.444  -16.288 0.6999999881
39282  -28.649  -34.479  -16.123 0.6999999881
39291  -29.115  -34.280  -16.738 0.6999999881
110557  -29.394  -34.064  -17.536 0.6999999881
38376  -21.264  -35.790  -16.035 0.5000000000
111132  -29.678  -33.194  -18.939 0.6999999881
118262  -19.626  -34.698  -17.533 0.3000000119
109542  -20.124  -35.019  -17.097 0.3000000119
38387  -21.288  -34.916  -16.318 0.5000000000
40154  -28.513  -33.436  -21.616 0.6999999881
41102  -29.674  -32.795  -19.662 0.6999999881
39280  -20.793  -34.645  -16.904 0.4000000060
41123  -27.705  -32.918  -22.864 0.6999999881
40155  -29.045  -33.054  -21.109 0.6999999881
40165  -28.123  -33.221  -22.205 0.6999999881
41146  -26.764  -32.179  -24.163 0.6999999881
42189  -23.803  -31.984  -24.733 0.8000000119
42190  -25.041  -31.798  -24.711 0.8000000119
42206  -22.909  -31.627  -25.209 0.8000000119
41198  -22.052  -32.261  -27.035 0.8000000119
41200  -25.186  -32.146  -27.028 0.8000000119
42246  -24.368  -31.547  -27.460 0.8000000119
41199  -23.345  -32.219  -27.211 0.8999999762
41201  -26.137  -32.049  -27.184 0.8999999762
42249  -27.503  -31.388  -27.832 0.8000000119
42250  -28.346  -31.334  -27.667 0.8000000119
44116  -32.100  -30.059  -26.715 0.6999999881
43253  -32.578  -30.187  -26.926 0.6000000238
42251  -29.230  -31.284  -27.368 0.6999999881
43270  -29.208  -30.056  -28.534 0.6999999881
37380  -25.362  -36.257  -15.365 0.6999999881
38378  -22.664  -35.453  -15.039 0.6000000238
133414  -23.285  -35.788  -14.767 0.6000000238
38379  -24.051  -35.722  -14.734 0.6999999881
38382  -26.577  -35.374  -15.453 0.6999999881
115513  -27.214  -35.336  -15.837 0.6999999881
37376  -21.505  -36.638  -15.629 0.5000000000
37377  -22.251  -36.815  -15.198 0.6000000238
38372  -26.348  -34.711  -15.119 0.6999999881
114133  -27.194  -34.749  -15.349 0.6999999881
38383  -27.939  -34.741  -15.800 0.6999999881
110319  -18.890  -34.803  -17.898 0.3000000119
122996  -23.413  -34.940  -14.843 0.6000000238
131193  -21.375  -34.360  -16.730 0.4000000060
39281  -21.891  -34.385  -16.266 0.5000000000
39271  -22.416  -34.409  -15.748 0.6000000238
120468  -29.508  -33.287  -17.531 0.6999999881
41109  -29.611  -32.360  -20.537 0.6999999881
41117  -29.324  -32.334  -21.331 0.6999999881
40111  -21.574  -33.310  -17.461 0.3000000119
41124  -28.538  -32.480  -22.552 0.6999999881
42207  -24.386  -31.236  -25.207 0.8000000119
42191  -26.211  -31.592  -24.668 0.6999999881
42172  -28.582  -31.417  -23.712 0.6999999881
43225  -21.326  -31.230  -25.872 0.8000000119
124185  -23.277  -31.631  -27.289 0.8000000119
42204  -21.179  -31.849  -25.954 0.8000000119
43226  -22.115  -30.986  -25.663 0.8000000119
42247  -25.501  -31.574  -27.603 0.8000000119
44124  -22.573  -29.564  -27.342 0.8000000119
44115  -21.289  -29.507  -26.206 0.8000000119
44102  -20.969  -28.523  -26.247 0.8000000119
44989  -21.448  -28.058  -27.176 0.8000000119
44128  -32.497  -29.481  -27.190 0.6000000238
44127  -31.845  -29.443  -27.166 0.6999999881
42267  -28.758  -30.663  -28.062 0.8000000119
43250  -29.619  -30.538  -27.714 0.6000000238
43285  -28.980  -29.619  -29.056 0.6999999881
44139  -29.711  -29.433  -29.089 0.6000000238
44126  -30.990  -29.637  -27.510 0.6000000238
39273  -24.445  -34.873  -14.715 0.6000000238
120019  -22.674  -34.775  -15.272 0.6000000238
39266  -27.005  -34.194  -15.200 0.6999999881
39275  -27.819  -34.121  -15.257 0.6999999881
122267  -23.933  -34.037  -14.926 0.6000000238
40094  -28.301  -33.498  -15.312 0.6999999881
40095  -28.891  -33.469  -15.682 0.6999999881
39277  -28.997  -33.799  -16.063 0.6999999881
116347  -21.829  -33.857  -16.903 0.4000000060
40103  -22.579  -33.754  -16.293 0.4000000060
40092  -24.509  -33.355  -15.341 0.5000000000
39267  -27.388  -33.534  -15.259 0.6999999881
110956  -29.394  -32.662  -17.145 0.6999999881
39272  -23.057  -34.140  -15.374 0.5000000000
40091  -23.563  -33.324  -15.824 0.5000000000
41091  -29.677  -32.643  -18.071 0.6999999881
40112  -22.321  -33.256  -17.129 0.3000000119
115743  -28.174  -32.212  -23.309 0.6999999881
112036  -29.847  -32.393  -18.891 0.6999999881
41077  -22.019  -32.665  -17.570 0.3000000119
41133  -28.948  -31.713  -22.949 0.6999999881
111867  -29.657  -31.652  -21.179 0.6999999881
43227  -23.606  -30.642  -25.569 0.8000000119
42192  -27.212  -31.355  -24.563 0.6999999881
41147  -27.740  -31.861  -24.027 0.6999999881
42158  -29.701  -31.017  -21.719 0.6999999881
42193  -28.110  -30.994  -24.380 0.6999999881
43201  -28.837  -30.510  -23.898 0.6999999881
42226  -21.615  -31.377  -26.552 0.8000000119
111653  -21.538  -30.131  -25.956 0.8000000119
43214  -26.682  -30.793  -25.031 0.6999999881
43216  -28.220  -30.015  -24.453 0.6999999881
44080  -28.825  -29.497  -23.805 0.6999999881
42245  -22.688  -31.182  -27.211 0.8000000119
43239  -21.397  -30.809  -26.048 0.8000000119
112880  -22.840  -30.044  -25.795 0.8000000119
132656  -24.760  -30.437  -25.445 0.8000000119
114477  -26.420  -29.315  -24.962 0.8000000119
44093  -28.068  -28.999  -24.242 0.6999999881
120372  -23.953  -30.965  -27.530 0.8000000119
44103  -21.259  -28.861  -25.900 0.8000000119
44974  -23.328  -28.032  -25.081 0.8000000119
44091  -25.301  -28.749  -24.962 0.8000000119
43265  -24.522  -30.294  -27.970 0.8000000119
44123  -21.451  -29.068  -26.948 0.8000000119
44973  -22.061  -27.778  -25.545 0.8000000119
44959  -23.962  -27.123  -24.437 0.8000000119
42264  -26.072  -30.942  -28.125 0.8000000119
44125  -23.901  -29.572  -27.831 0.8000000119
45886  -21.174  -27.271  -26.396 0.8000000119
45876  -23.836  -26.303  -24.531 0.8000000119
43267  -26.415  -30.313  -28.356 0.8000000119
46876  -22.145  -26.197  -27.042 0.8000000119
42265  -27.087  -30.811  -28.323 0.8000000119
44142  -33.574  -29.219  -27.845 0.5000000000
44995  -32.295  -28.841  -27.531 0.6000000238
43268  -27.134  -30.150  -28.489 0.8000000119
116659  -27.820  -30.205  -28.603 0.8000000119
44996  -33.009  -28.896  -27.503 0.6000000238
45008  -32.802  -28.282  -27.952 0.6000000238
44140  -30.563  -29.399  -28.364 0.6000000238
45007  -31.891  -28.431  -28.313 0.6000000238
122668  -24.936  -34.094  -14.864 0.6999999881
39265  -25.931  -34.118  -14.974 0.6999999881
41032  -26.701  -33.360  -15.374 0.6999999881
41049  -27.870  -32.887  -15.404 0.6999999881
42087  -28.899  -32.732  -16.014 0.6999999881
41046  -25.093  -32.809  -15.804 0.5000000000
42085  -27.483  -32.382  -15.980 0.6999999881
40104  -23.038  -33.009  -16.782 0.4000000060
41063  -23.778  -32.562  -16.572 0.4000000060
41067  -29.184  -32.104  -16.823 0.6999999881
42131  -29.714  -31.683  -18.429 0.6999999881
42114  -22.501  -31.944  -17.519 0.3000000119
42103  -23.943  -31.858  -17.048 0.3000000119
41064  -24.687  -32.173  -16.511 0.5000000000
42130  -29.333  -30.989  -17.902 0.6999999881
42143  -29.877  -31.754  -19.528 0.6999999881
123223  -21.679  -32.028  -17.866 0.3000000119
43133  -23.205  -30.577  -17.459 0.3000000119
121867  -29.754  -30.957  -19.850 0.6999999881
43178  -29.883  -30.225  -21.311 0.6999999881
43228  -25.508  -29.863  -25.362 0.8000000119
43215  -27.487  -30.481  -24.793 0.6999999881
126925  -29.478  -30.580  -22.787 0.6999999881
112506  -26.926  -30.081  -25.100 0.6999999881
44092  -27.429  -29.565  -24.752 0.6999999881
115329  -21.690  -29.857  -26.757 0.8000000119
44104  -22.436  -29.051  -25.616 0.8000000119
44962  -27.128  -28.576  -24.423 0.8000000119
43248  -22.149  -30.488  -27.060 0.8000000119
44961  -26.074  -28.119  -24.449 0.8000000119
113470  -23.344  -30.331  -27.510 0.8000000119
45889  -23.162  -26.888  -24.966 0.8000000119
45877  -24.659  -26.247  -24.141 0.8000000119
43266  -25.531  -30.338  -28.207 0.8000000119
116742  -22.233  -28.654  -27.346 0.8000000119
46840  -21.803  -26.454  -26.173 0.8000000119
129832  -23.035  -25.679  -26.128 0.8000000119
46827  -24.194  -25.715  -24.542 0.8000000119
129578  -25.902  -29.852  -28.283 0.8000000119
44135  -25.036  -29.566  -28.136 0.8000000119
44990  -22.517  -27.745  -27.456 0.8000000119
45915  -23.587  -26.595  -27.231 0.8000000119
47796  -24.805  -25.405  -24.509 0.8000000119
40093  -25.436  -33.447  -15.258 0.6000000238
41047  -26.096  -32.941  -15.610 0.6000000238
41078  -22.639  -32.665  -17.279 0.3000000119
41066  -26.572  -32.362  -16.066 0.6000000238
42106  -26.992  -31.748  -16.427 0.6999999881
42107  -27.929  -31.780  -16.338 0.6999999881
42118  -28.982  -31.422  -17.147 0.6999999881
42105  -25.456  -31.649  -16.789 0.6000000238
42116  -27.367  -31.176  -16.929 0.6999999881
42117  -28.280  -31.259  -16.929 0.6999999881
120351  -22.636  -31.125  -17.494 0.3000000119
42115  -23.963  -31.057  -17.329 0.3000000119
118750  -27.784  -30.680  -17.345 0.6999999881
43132  -22.297  -30.425  -17.533 0.3000000119
44034  -24.720  -29.284  -18.388 0.3000000119
43152  -29.083  -30.218  -18.381 0.6999999881
112549  -29.569  -30.786  -18.969 0.6999999881
44898  -22.541  -28.306  -18.213 0.3000000119
44899  -23.400  -28.633  -18.274 0.3000000119
44900  -24.225  -28.733  -18.540 0.3000000119
118816  -22.454  -27.718  -18.640 0.3000000119
43187  -29.699  -30.295  -22.228 0.6999999881
44061  -29.708  -29.380  -22.292 0.6999999881
45878  -25.699  -26.890  -23.931 0.8000000119
46813  -25.612  -25.607  -23.846 0.8000000119
130350  -24.279  -28.859  -27.857 0.8000000119
116490  -23.276  -28.704  -27.611 0.8000000119
45002  -25.105  -28.562  -27.866 0.8000000119
44991  -23.757  -27.731  -27.592 0.8000000119
45898  -24.115  -26.210  -26.665 0.8000000119
46862  -23.774  -25.575  -25.968 0.8000000119
46842  -23.757  -25.576  -25.272 0.8000000119
44137  -27.638  -29.622  -28.655 0.8000000119
44992  -24.634  -27.315  -27.322 0.8000000119
44138  -28.518  -29.464  -28.983 0.6999999881
44150  -29.173  -29.119  -29.644 0.6000000238
121407  -26.168  -31.855  -16.545 0.6000000238
43137  -26.910  -30.522  -17.533 0.6000000238
43135  -24.741  -30.580  -17.567 0.4000000060
43138  -28.594  -30.559  -17.612 0.6999999881
44019  -26.644  -29.780  -18.157 0.4000000060
123625  -28.784  -29.684  -18.828 0.6999999881
43153  -29.268  -29.938  -19.167 0.6999999881
43163  -29.607  -30.247  -19.813 0.6999999881
45815  -25.030  -28.423  -18.985 0.3000000119
44035  -26.565  -29.105  -18.692 0.4000000060
44904  -28.205  -29.240  -18.939 0.6000000238
44047  -29.408  -29.560  -19.797 0.6999999881
44058  -29.731  -29.622  -20.564 0.6999999881
131077  -29.832  -29.804  -21.798 0.6999999881
44925  -29.703  -28.658  -20.983 0.6999999881
132408  -29.535  -28.611  -22.466 0.6999999881
44951  -29.165  -28.141  -22.880 0.6999999881
44960  -24.988  -27.535  -24.382 0.8000000119
45879  -26.736  -27.468  -23.922 0.8000000119
45875  -23.330  -26.032  -25.041 0.8000000119
46877  -22.975  -25.854  -26.805 0.8000000119
46844  -25.537  -25.393  -25.158 0.8000000119
45003  -26.270  -28.867  -28.072 0.8000000119
44993  -25.829  -28.002  -27.538 0.8000000119
45899  -25.495  -26.931  -26.658 0.8000000119
45006  -30.746  -28.855  -29.061 0.6000000238
44151  -29.873  -28.842  -29.936 0.6000000238
45016  -28.869  -28.708  -29.653 0.6999999881
45017  -29.412  -28.509  -30.212 0.6999999881
43124  -26.271  -31.206  -17.085 0.6000000238
44020  -27.651  -30.050  -17.850 0.6000000238
44018  -25.671  -29.393  -18.484 0.3000000119
43151  -28.325  -29.849  -18.346 0.6000000238
44901  -25.939  -28.715  -18.869 0.3000000119
44036  -27.446  -29.439  -18.515 0.5000000000
44902  -26.512  -28.523  -18.938 0.3000000119
44037  -28.937  -29.245  -19.343 0.6999999881
46782  -24.308  -26.468  -19.564 0.3000000119
110915  -25.381  -27.369  -19.339 0.3000000119
45827  -28.397  -27.595  -19.842 0.4000000060
44915  -29.295  -28.761  -20.117 0.6999999881
112225  -23.851  -25.899  -19.736 0.3000000119
45839  -29.387  -27.919  -20.734 0.6000000238
45867  -29.037  -27.505  -22.498 0.6000000238
44938  -29.477  -27.971  -22.165 0.6000000238
130019  -28.435  -27.409  -23.110 0.8000000119
45854  -29.197  -27.260  -21.835 0.6000000238
44949  -27.761  -27.971  -23.790 0.8000000119
45865  -26.372  -26.406  -23.666 0.8000000119
45866  -27.336  -26.668  -23.412 0.6999999881
46816  -28.043  -26.354  -22.958 0.6999999881
46828  -24.937  -25.462  -24.186 0.8000000119
46814  -26.579  -25.594  -23.631 0.8000000119
46815  -27.414  -25.688  -23.325 0.6999999881
47810  -25.454  -25.183  -24.449 0.8000000119
47798  -26.091  -25.006  -24.029 0.8000000119
118011  -26.855  -25.206  -23.709 0.6999999881
47783  -27.617  -25.366  -23.331 0.6999999881
129275  -25.811  -29.333  -28.150 0.8000000119
46863  -24.843  -25.820  -25.849 0.8000000119
47811  -26.198  -25.230  -24.586 0.8000000119
44994  -26.883  -28.442  -27.855 0.8000000119
45900  -26.488  -27.029  -26.356 0.8000000119
114450  -26.339  -25.728  -25.260 0.8000000119
44136  -26.648  -29.609  -28.361 0.8000000119
45916  -26.605  -27.704  -27.061 0.8000000119
45901  -27.346  -27.397  -26.483 0.8000000119
45004  -27.448  -29.024  -28.484 0.8000000119
45005  -28.410  -28.622  -29.099 0.6999999881
45018  -30.572  -28.538  -30.035 0.6000000238
45937  -31.912  -27.614  -29.917 0.6000000238
44149  -28.254  -29.091  -28.973 0.8000000119
45945  -29.686  -27.855  -30.528 0.6999999881
44912  -26.828  -28.018  -19.131 0.4000000060
44914  -28.447  -28.446  -19.435 0.5000000000
46783  -25.766  -26.392  -19.534 0.3000000119
45828  -28.960  -27.982  -20.102 0.5000000000
46784  -26.735  -26.534  -19.618 0.3000000119
114006  -28.967  -27.276  -20.526 0.6000000238
112232  -24.031  -25.038  -19.765 0.3000000119
48707  -25.530  -24.858  -19.826 0.3000000119
47754  -27.364  -25.876  -20.023 0.3000000119
48706  -24.763  -24.582  -19.798 0.3000000119
49627  -23.757  -23.708  -20.103 0.3000000119
45853  -28.627  -26.739  -22.387 0.6999999881
46845  -27.220  -25.919  -24.948 0.8000000119
46829  -27.948  -25.645  -24.291 0.6999999881
110781  -27.611  -25.281  -23.647 0.6999999881
46865  -26.901  -26.542  -25.787 0.8000000119
45890  -27.889  -26.887  -25.824 0.6999999881
45917  -27.595  -28.009  -27.367 0.6999999881
46866  -28.729  -27.033  -25.929 0.6000000238
46897  -33.565  -26.697  -29.959 0.6000000238
45935  -28.813  -28.154  -29.791 0.6999999881
45928  -28.545  -28.041  -28.949 0.6999999881
45946  -30.412  -27.702  -30.756 0.6999999881
116787  -29.644  -23.979  -30.716 0.5000000000
48836  -30.358  -24.822  -30.705 0.5000000000
45838  -29.229  -27.161  -21.127 0.6000000238
46796  -28.772  -26.344  -20.907 0.6000000238
47770  -28.473  -25.568  -21.497 0.6000000238
47773  -28.295  -25.580  -22.597 0.6999999881
112146  -22.061  -21.736  -20.355 0.3000000119
47784  -28.102  -25.040  -23.084 0.6999999881
45902  -28.368  -27.537  -26.700 0.6999999881
46830  -29.077  -26.071  -24.567 0.6999999881
46846  -28.417  -26.477  -25.111 0.6999999881
45927  -27.904  -28.458  -28.343 0.6999999881
132507  -28.986  -27.452  -27.343 0.6999999881
46878  -29.517  -26.935  -27.493 0.6000000238
45947  -31.268  -27.421  -30.734 0.6000000238
45948  -32.336  -26.886  -30.502 0.5000000000
46904  -29.801  -27.120  -30.428 0.6999999881
128725  -30.161  -26.614  -30.623 0.6999999881
46905  -30.358  -25.823  -30.552 0.6000000238
47765  -28.403  -25.403  -20.921 0.4000000060
48741  -28.231  -24.787  -21.344 0.5000000000
48753  -28.013  -24.819  -22.360 0.6000000238
127842  -22.486  -20.983  -20.463 0.3000000119
51549  -23.001  -21.472  -20.358 0.3000000119
47785  -29.077  -24.964  -23.569 0.6000000238
47800  -28.550  -25.367  -23.830 0.6000000238
45918  -28.431  -27.914  -27.838 0.6999999881
45903  -29.263  -27.126  -26.575 0.6000000238
46847  -29.479  -26.676  -25.566 0.6000000238
47841  -29.970  -26.346  -27.680 0.6000000238
46896  -29.621  -26.781  -29.785 0.6999999881
46912  -30.658  -26.432  -30.887 0.6999999881
46906  -31.406  -26.699  -31.003 0.6000000238
46913  -32.159  -26.298  -31.134 0.5000000000
47882  -32.417  -25.628  -31.444 0.5000000000
47874  -30.021  -26.250  -30.242 0.6000000238
128811  -30.738  -25.551  -30.856 0.5000000000
47880  -30.974  -24.863  -31.059 0.5000000000
48847  -30.241  -24.020  -31.255 0.5000000000
48729  -28.133  -24.658  -20.905 0.4000000060
119199  -28.133  -24.216  -21.226 0.4000000060
49649  -26.248  -23.633  -20.234 0.4000000060
52472  -23.148  -20.603  -20.536 0.3000000119
51561  -23.857  -21.065  -20.445 0.3000000119
51551  -25.356  -21.445  -20.542 0.3000000119
48759  -28.497  -24.578  -23.235 0.6000000238
53442  -24.330  -19.537  -21.411 0.3000000119
47802  -30.394  -25.539  -24.569 0.5000000000
48772  -30.041  -25.021  -23.912 0.6000000238
117641  -30.207  -26.220  -25.672 0.6000000238
47826  -30.047  -26.430  -26.655 0.6000000238
47812  -30.009  -26.154  -24.872 0.6000000238
118204  -30.871  -24.989  -26.841 0.6000000238
46888  -29.534  -26.710  -28.606 0.6999999881
47857  -30.273  -25.183  -28.255 0.6000000238
121149  -29.920  -25.660  -29.747 0.6999999881
48835  -30.115  -25.092  -30.234 0.5000000000
48728  -27.675  -24.606  -20.518 0.4000000060
49651  -27.835  -23.913  -20.836 0.4000000060
49650  -27.610  -23.139  -21.250 0.4000000060
113280  -27.996  -24.181  -21.970 0.4000000060
48754  -28.376  -24.155  -22.947 0.5000000000
51562  -24.762  -20.734  -20.616 0.3000000119
52485  -25.054  -20.031  -21.268 0.3000000119
52473  -26.051  -21.177  -21.053 0.4000000060
48761  -30.369  -24.319  -23.910 0.5000000000
48760  -29.403  -24.372  -23.492 0.6000000238
48781  -30.914  -25.246  -25.192 0.5000000000
47827  -30.633  -25.612  -26.130 0.6000000238
48774  -31.343  -24.319  -25.098 0.5000000000
47842  -30.468  -25.650  -27.388 0.6000000238
48799  -30.628  -24.706  -27.689 0.6000000238
48811  -29.875  -25.125  -29.163 0.6000000238
48812  -30.084  -24.409  -28.598 0.6000000238
48824  -29.753  -24.479  -29.968 0.5000000000
49749  -29.048  -23.238  -30.942 0.5000000000
49767  -29.314  -23.244  -31.392 0.5000000000
49664  -27.970  -23.681  -21.574 0.4000000060
49673  -28.188  -23.518  -22.540 0.4000000060
50616  -27.835  -23.136  -21.971 0.4000000060
50624  -28.814  -22.938  -22.969 0.4000000060
49674  -29.060  -23.639  -23.209 0.4000000060
53453  -24.927  -19.257  -22.111 0.3000000119
54287  -24.506  -18.502  -22.594 0.3000000119
49689  -30.984  -24.130  -24.345 0.4000000060
49690  -31.363  -23.390  -24.526 0.4000000060
48788  -31.163  -24.761  -26.027 0.5000000000
49699  -31.564  -23.395  -25.461 0.5000000000
49706  -31.092  -24.126  -26.942 0.5000000000
49724  -29.829  -23.556  -28.872 0.6000000238
49713  -30.511  -23.843  -27.984 0.6000000238
49735  -29.305  -23.550  -30.338 0.5000000000
122585  -28.871  -22.996  -30.676 0.5000000000
50700  -29.985  -22.249  -31.886 0.5000000000
49723  -29.611  -24.021  -29.524 0.5000000000
56161  -24.504  -16.662  -25.630 0.3000000119
55210  -25.390  -17.811  -24.292 0.4000000060
118850  -26.093  -18.028  -24.499 0.4000000060
129377  -30.323  -23.124  -28.275 0.5000000000
56183  -24.564  -16.446  -26.465 0.4000000060
51613  -31.010  -21.719  -27.369 0.5000000000
51601  -31.422  -21.697  -26.379 0.5000000000
127386  -29.081  -22.408  -29.778 0.5000000000
51612  -30.388  -21.141  -28.275 0.5000000000
50681  -28.710  -22.439  -30.620 0.6000000238
51663  -30.007  -21.527  -32.000 0.5000000000
50692  -28.799  -22.533  -31.331 0.6000000238
118722  -28.532  -21.564  -31.441 0.5000000000
51661  -28.747  -21.780  -31.918 0.6000000238
51662  -29.261  -21.397  -32.182 0.4000000060
56162  -25.156  -16.671  -25.443 0.4000000060
54304  -26.871  -18.436  -24.442 0.4000000060
50672  -29.695  -22.754  -28.984 0.5000000000
117099  -29.609  -21.866  -29.135 0.5000000000
51625  -28.809  -21.639  -30.283 0.5000000000
51626  -29.403  -20.773  -29.650 0.5000000000
52576  -29.157  -20.347  -32.256 0.4000000060
131924  -28.556  -20.829  -31.821 0.5000000000
51648  -28.685  -20.998  -32.085 0.5000000000
56163  -26.783  -17.163  -24.730 0.4000000060
131365  -25.023  -16.163  -26.316 0.4000000060
115287  -31.119  -20.940  -27.093 0.4000000060
51638  -28.688  -20.509  -31.135 0.4000000060
53517  -28.943  -19.363  -31.771 0.4000000060
53526  -29.138  -19.565  -32.242 0.5000000000
52537  -30.663  -20.214  -27.812 0.4000000060
51639  -29.156  -19.500  -30.485 0.4000000060
53527  -29.473  -18.826  -32.123 0.5000000000
54358  -29.960  -18.182  -31.673 0.4000000060
53529  -31.776  -18.511  -31.456 0.4000000060
53518  -29.391  -18.585  -31.280 0.4000000060
54344  -30.127  -18.084  -29.493 0.4000000060
129995  -31.613  -17.789  -31.406 0.4000000060
129035  -32.695  -17.806  -31.224 0.4000000060
54360  -33.385  -17.420  -31.101 0.4000000060
54352  -30.428  -17.549  -30.065 0.4000000060
54351  -29.867  -17.948  -30.680 0.3000000119
54359  -30.560  -17.742  -31.127 0.4000000060
114324  -30.560  -17.784  -28.770 0.4000000060
133128  -31.247  -17.154  -30.745 0.3000000119
56235  -32.084  -16.683  -31.064 0.4000000060
55273  -32.419  -17.247  -31.314 0.4000000060
55269  -33.673  -16.912  -31.185 0.4000000060
56227  -31.492  -16.522  -29.929 0.4000000060
32596  -26.683  -40.528  -26.531 0.6999999881
122478  -28.612  -41.255  -20.945 0.6999999881
29662  -22.774  -44.061  -20.724 0.6000000238
34523  -28.951  -39.600  -21.278 0.8000000119
34511  -28.971  -39.372  -19.738 0.8000000119
35406  -26.845  -39.083  -18.266 0.6999999881
36315  -25.570  -37.821  -17.312 0.6000000238
31532  -21.486  -42.246  -17.827 0.5000000000
37410  -29.363  -36.100  -18.650 0.8000000119
124452  -17.441  -38.732  -17.704 0.4000000060
109378  -20.002  -38.712  -16.312 0.5000000000
131288  -22.065  -37.883  -15.387 0.6000000238
37381  -26.067  -36.015  -15.791 0.6999999881
41145  -25.640  -32.400  -24.201 0.6999999881
39276  -28.555  -34.004  -15.531 0.6999999881
40081  -26.157  -33.537  -15.271 0.6999999881
42108  -28.757  -32.032  -16.402 0.6999999881
44081  -29.322  -29.002  -23.096 0.6999999881
44950  -28.637  -28.500  -23.535 0.6999999881
44928  -29.714  -28.627  -21.778 0.6999999881
43136  -25.796  -30.370  -17.795 0.6000000238
44913  -27.649  -27.870  -19.349 0.5000000000
46795  -28.202  -26.019  -20.435 0.4000000060
47801  -29.610  -25.549  -24.190 0.6000000238
50699  -29.206  -22.406  -31.882 0.5000000000
31654  -27.157  -41.606  -30.103 0.5000000000
33579  -27.228  -40.703  -30.053 0.5000000000
31637  -28.451  -42.167  -26.550 0.6999999881
28676  -23.761  -45.506  -20.511 0.5000000000
35498  -27.332  -38.292  -28.155 0.6999999881
113586  -26.421  -40.135  -25.547 0.6999999881
34564  -24.319  -38.807  -26.005 0.6999999881
34566  -25.824  -39.800  -25.861 0.6999999881
36401  -27.271  -37.309  -26.892 0.6999999881
37488  -27.753  -36.892  -26.021 0.6000000238
31565  -23.731  -42.898  -19.997 0.6000000238
37486  -26.012  -36.509  -27.026 0.6999999881
30582  -24.800  -43.643  -18.948 0.6000000238
38464  -31.195  -35.822  -24.264 0.4000000060
122334  -28.551  -39.929  -19.331 0.8000000119
118502  -27.855  -37.073  -22.382 0.8000000119
33497  -22.612  -39.300  -20.146 0.6000000238
35415  -29.283  -38.126  -20.071 0.8000000119
115844  -26.237  -36.870  -23.570 0.8000000119
39361  -29.832  -34.645  -24.561 0.6000000238
113203  -23.089  -39.309  -19.148 0.6000000238
39358  -21.889  -34.987  -25.715 0.8000000119
40180  -30.071  -33.852  -24.750 0.6000000238
39364  -32.072  -34.159  -24.675 0.4000000060
32536  -19.689  -39.823  -20.700 0.3000000119
33496  -21.753  -38.983  -20.289 0.5000000000
33505  -20.882  -38.976  -20.855 0.5000000000
32547  -20.799  -39.213  -21.497 0.5000000000
33503  -19.471  -39.570  -21.527 0.4000000060
34492  -24.624  -38.847  -18.121 0.6000000238
33480  -21.050  -39.062  -20.260 0.4000000060
40221  -28.999  -33.162  -25.907 0.6999999881
42209  -31.443  -31.508  -25.528 0.6000000238
42229  -32.701  -31.414  -26.374 0.4000000060
129922  -21.350  -42.505  -18.264 0.5000000000
33448  -23.270  -39.749  -17.808 0.5000000000
123604  -20.782  -42.184  -17.169 0.5000000000
32478  -21.858  -41.444  -16.955 0.6000000238
31519  -21.528  -41.841  -17.382 0.5000000000
32464  -21.460  -41.128  -16.558 0.6000000238
133367  -21.102  -42.895  -17.934 0.5000000000
33437  -23.421  -39.905  -16.990 0.5000000000
127933  -18.180  -40.713  -17.230 0.6000000238
109902  -19.045  -40.745  -16.802 0.6000000238
31533  -22.035  -41.456  -17.681 0.5000000000
33424  -22.852  -40.365  -16.533 0.6000000238
32465  -22.352  -41.008  -16.727 0.6000000238
125477  -16.982  -38.041  -18.004 0.4000000060
34465  -21.562  -39.816  -15.883 0.6000000238
33423  -22.078  -40.540  -16.215 0.6000000238
125340  -19.779  -37.916  -16.431 0.4000000060
35364  -21.504  -38.163  -15.560 0.5000000000
36288  -21.045  -37.336  -15.784 0.5000000000
39312  -29.444  -34.060  -19.133 0.6999999881
124780  -19.305  -36.318  -17.092 0.4000000060
124757  -20.792  -36.584  -16.125 0.5000000000
116660  -20.954  -33.451  -26.087 0.8000000119
43240  -31.030  -30.671  -26.457 0.6999999881
36290  -23.418  -37.482  -15.153 0.6999999881
36289  -22.581  -37.616  -15.204 0.6000000238
40128  -29.574  -33.664  -18.272 0.6999999881
125109  -20.552  -35.995  -16.414 0.5000000000
40148  -29.298  -33.382  -20.363 0.6999999881
124830  -19.430  -35.394  -17.323 0.4000000060
37378  -23.614  -36.589  -14.852 0.6000000238
38380  -24.965  -35.635  -14.805 0.6999999881
126684  -21.810  -37.402  -15.427 0.6000000238
41116  -28.838  -32.762  -21.827 0.6999999881
40102  -21.119  -33.971  -17.246 0.3000000119
42248  -26.600  -31.470  -27.819 0.8999999762
43251  -30.554  -30.306  -27.232 0.6000000238
43271  -30.062  -29.900  -28.097 0.6000000238
43269  -28.512  -30.125  -28.651 0.8000000119
39274  -25.415  -34.832  -14.807 0.6999999881
40082  -26.637  -33.839  -15.180 0.6999999881
38377  -21.989  -35.069  -15.658 0.5000000000
41125  -29.264  -31.886  -22.033 0.6999999881
42208  -25.644  -30.909  -25.268 0.8000000119
43249  -25.048  -30.972  -27.950 0.8000000119
42266  -27.976  -30.775  -28.288 0.8000000119
41068  -29.198  -32.766  -16.326 0.6999999881
41045  -24.297  -32.795  -15.976 0.5000000000
42119  -29.439  -31.853  -17.523 0.6999999881
42151  -29.803  -31.391  -20.448 0.6999999881
42173  -29.209  -30.919  -23.227 0.6999999881
116853  -29.863  -30.982  -21.041 0.6999999881
43202  -29.416  -30.029  -23.119 0.6999999881
44105  -24.109  -29.400  -25.400 0.8000000119
44975  -24.357  -28.142  -24.862 0.8000000119
41079  -23.216  -32.299  -17.153 0.3000000119
122476  -23.248  -31.494  -17.327 0.3000000119
42104  -24.689  -31.385  -17.073 0.4000000060
43172  -29.818  -30.582  -20.516 0.6999999881
110681  -29.831  -29.368  -21.429 0.6999999881
125955  -25.069  -29.896  -18.033 0.3000000119
45814  -23.968  -28.085  -18.883 0.3000000119
45843  -29.564  -27.895  -21.398 0.6000000238
47782  -26.081  -25.103  -23.887 0.8000000119
46864  -25.933  -26.147  -25.858 0.8000000119
45030  -30.088  -28.324  -30.496 0.6000000238
45031  -30.923  -28.061  -30.394 0.6000000238
44903  -27.364  -28.674  -18.987 0.5000000000
114626  -24.935  -26.655  -19.489 0.3000000119
46798  -28.820  -26.413  -21.622 0.6000000238
47799  -26.910  -25.228  -24.107 0.6999999881
45952  -30.173  -27.170  -30.769 0.6999999881
45825  -26.220  -27.240  -19.384 0.3000000119
131263  -24.859  -25.678  -19.645 0.3000000119
45826  -27.037  -27.318  -19.424 0.3000000119
127137  -24.111  -24.290  -19.935 0.3000000119
49629  -25.458  -24.035  -19.961 0.3000000119
45936  -29.291  -27.683  -30.167 0.6999999881
45929  -29.090  -27.503  -29.394 0.6999999881
47764  -27.913  -25.250  -20.500 0.4000000060
47856  -30.055  -25.910  -28.388 0.6000000238
47881  -31.458  -25.769  -31.131 0.6000000238
48848  -31.121  -24.320  -31.228 0.4000000060
120332  -26.291  -22.773  -20.507 0.4000000060
51550  -24.493  -21.479  -20.388 0.3000000119
52484  -24.018  -20.121  -20.800 0.3000000119
48773  -30.769  -24.833  -24.434 0.5000000000
110746  -29.752  -26.073  -29.199 0.5000000000
51563  -25.477  -20.704  -20.890 0.4000000060
52486  -25.853  -20.546  -21.629 0.4000000060
49678  -30.762  -23.614  -23.930 0.4000000060
48789  -31.428  -24.007  -25.989 0.5000000000
50671  -29.164  -23.132  -29.864 0.6000000238
55220  -24.988  -17.146  -24.834 0.3000000119
50660  -30.517  -22.325  -28.076 0.5000000000
55222  -26.592  -17.778  -24.616 0.4000000060
53509  -29.789  -18.847  -29.607 0.4000000060
55274  -33.170  -17.193  -31.332 0.4000000060
120406  -30.911  -17.102  -29.330 0.4000000060
56237  -33.867  -16.355  -31.129 0.3000000119
28714  -31.042  -45.497  -22.162 0.5000000000
29707  -31.203  -44.904  -23.754 0.5000000000
27737  -29.087  -45.971  -20.862 0.4000000060
28696  -29.887  -45.472  -21.185 0.5000000000
28697  -30.560  -45.896  -21.620 0.5000000000
29680  -30.494  -44.979  -21.684 0.5000000000
122814  -30.768  -44.685  -22.456 0.6000000238
30662  -30.628  -44.100  -23.976 0.6000000238
110541  -28.503  -45.429  -20.368 0.5000000000
29679  -29.840  -44.536  -21.227 0.5000000000
28679  -27.584  -45.660  -19.972 0.5000000000
29696  -30.197  -44.128  -22.007 0.6000000238
31615  -29.152  -42.657  -23.562 0.6000000238
30653  -30.394  -43.966  -22.970 0.6000000238
30652  -29.916  -43.330  -23.691 0.6000000238
31625  -29.445  -42.828  -24.316 0.6000000238
124320  -29.303  -42.672  -25.130 0.6000000238
31634  -28.585  -42.077  -25.595 0.6000000238
29665  -28.753  -44.648  -20.359 0.5000000000
28680  -29.282  -45.043  -20.680 0.5000000000
30629  -29.500  -43.685  -21.533 0.6000000238
27725  -26.930  -46.137  -19.987 0.5000000000
29664  -28.127  -44.719  -19.933 0.5000000000
30642  -29.590  -43.274  -22.619 0.6000000238
28678  -25.460  -46.026  -20.045 0.5000000000
28668  -26.730  -45.543  -19.479 0.5000000000
31624  -28.663  -42.205  -24.515 0.6000000238
29678  -29.200  -44.178  -20.770 0.5000000000
30628  -28.949  -43.371  -20.983 0.5000000000
30641  -29.009  -42.928  -21.872 0.6000000238
28667  -25.853  -45.491  -19.358 0.5000000000
127183  -27.328  -44.703  -19.289 0.5000000000
31605  -28.855  -42.466  -22.747 0.6000000238
28677  -24.613  -45.820  -20.248 0.5000000000
28666  -24.961  -45.327  -19.465 0.5000000000
31614  -28.291  -42.010  -23.570 0.6000000238
31613  -27.951  -41.633  -24.429 0.6000000238
32592  -27.843  -41.446  -26.130 0.6000000238
32581  -27.989  -41.563  -25.190 0.6000000238
114402  -28.490  -43.123  -20.431 0.5000000000
31595  -28.635  -42.551  -21.160 0.6000000238
131810  -27.404  -43.973  -19.136 0.5000000000
28675  -22.911  -45.116  -20.832 0.5000000000
30601  -27.517  -43.281  -19.001 0.5000000000
30602  -28.130  -42.985  -19.700 0.5000000000
31585  -28.373  -42.397  -20.324 0.6000000238
29650  -25.457  -44.779  -18.920 0.5000000000
28665  -24.191  -45.021  -19.789 0.5000000000
29633  -25.189  -44.110  -18.759 0.6000000238
31567  -27.780  -42.380  -19.192 0.6000000238
32539  -28.469  -41.921  -20.822 0.6000000238
29634  -25.916  -44.118  -18.598 0.6000000238
30585  -26.927  -43.149  -18.550 0.6000000238
30599  -23.758  -43.738  -19.934 0.5000000000
30583  -25.349  -43.432  -18.639 0.6000000238
30584  -26.196  -43.325  -18.465 0.6000000238
31550  -27.217  -42.484  -18.707 0.6000000238
31568  -28.147  -42.184  -19.700 0.5000000000
32524  -28.425  -41.537  -20.103 0.6000000238
40203  -30.348  -33.067  -25.043 0.5000000000
41065  -25.659  -32.291  -16.232 0.5000000000
45019  -31.413  -28.242  -29.476 0.5000000000
45953  -30.729  -27.119  -30.906 0.5000000000
56236  -33.179  -16.583  -31.291 0.4000000060
57159  -33.775  -15.931  -31.119 0.3000000119
57156  -34.349  -15.159  -30.449 0.3000000119
58153  -34.604  -14.312  -30.383 0.3000000119
112123  -28.123  -47.192  -21.294 0.4000000060
27759  -29.759  -46.506  -21.397 0.5000000000
119359  -30.515  -44.090  -24.898 0.5000000000
27736  -28.126  -46.428  -20.696 0.4000000060
123292  -30.032  -43.354  -24.758 0.6000000238
124383  -29.620  -43.132  -25.578 0.5000000000
27756  -26.731  -47.421  -21.409 0.4000000060
27733  -25.229  -46.617  -20.913 0.5000000000
27724  -26.281  -46.116  -19.953 0.5000000000
27732  -24.361  -46.343  -21.123 0.3000000119
28695  -23.487  -45.977  -21.390 0.4000000060
28712  -21.812  -45.393  -23.136 0.4000000060
40182  -31.734  -33.401  -24.598 0.4000000060
122049  -32.370  -32.698  -25.254 0.4000000060
41149  -32.037  -32.684  -24.821 0.4000000060
43123  -25.379  -31.032  -17.265 0.5000000000
45020  -32.451  -27.840  -28.793 0.5000000000
46786  -28.363  -26.829  -20.196 0.4000000060
129790  -34.056  -15.436  -30.884 0.3000000119
59081  -34.670  -13.670  -30.652 0.3000000119
27757  -27.443  -47.141  -21.113 0.4000000060
29648  -24.058  -44.249  -19.688 0.6000000238
29706  -30.902  -44.541  -23.211 0.6000000238
27758  -28.808  -46.856  -21.254 0.4000000060
120503  -27.346  -46.439  -20.419 0.5000000000
30620  -28.553  -43.903  -20.283 0.5000000000
128185  -28.289  -43.485  -20.020 0.5000000000
29651  -26.388  -44.832  -18.918 0.5000000000
29635  -26.870  -43.950  -18.734 0.5000000000
27735  -26.782  -46.677  -20.556 0.4000000060
30672  -30.029  -43.811  -25.716 0.4000000060
30671  -29.396  -43.285  -26.321 0.4000000060
27734  -26.049  -46.737  -20.711 0.4000000060
30597  -20.556  -43.526  -18.940 0.4000000060
30598  -20.955  -42.624  -18.833 0.3000000119
31563  -20.764  -41.424  -19.568 0.4000000060
32519  -20.468  -39.701  -20.203 0.4000000060
30569  -20.647  -43.300  -17.826 0.4000000060
30581  -20.832  -43.345  -18.252 0.4000000060
30567  -17.410  -43.503  -17.532 0.4000000060
31530  -18.623  -42.874  -17.259 0.4000000060
30568  -20.074  -43.760  -17.699 0.4000000060
30557  -20.237  -42.966  -17.371 0.4000000060
30580  -15.971  -42.983  -18.194 0.3000000119
114528  -16.768  -42.780  -17.713 0.3000000119
31546  -16.257  -42.073  -18.108 0.4000000060
31517  -19.090  -42.148  -17.133 0.4000000060
31529  -17.697  -42.562  -17.403 0.5000000000
125451  -16.569  -41.193  -18.073 0.4000000060
124429  -16.819  -40.347  -17.896 0.4000000060
32491  -17.872  -41.620  -17.377 0.5000000000
127657  -27.826  -27.234  -19.665 0.3000000119
49714  -30.896  -23.188  -27.458 0.4000000060
48709  -27.164  -25.095  -20.121 0.3000000119
48727  -26.982  -24.231  -20.263 0.3000000119
50603  -25.518  -22.362  -20.386 0.3000000119
51552  -26.158  -21.937  -20.753 0.3000000119
50653  -31.545  -22.539  -25.858 0.4000000060
50661  -31.218  -22.460  -26.952 0.4000000060
52550  -29.971  -20.011  -28.976 0.3000000119
118258  -27.093  -23.291  -20.623 0.3000000119
127341  -26.984  -22.407  -21.069 0.3000000119
50615  -27.492  -22.563  -21.880 0.3000000119
51553  -27.044  -21.879  -21.868 0.3000000119
50622  -27.572  -22.038  -22.433 0.3000000119
50623  -28.029  -22.666  -22.547 0.3000000119
132961  -27.990  -22.105  -22.735 0.3000000119
51571  -28.609  -22.122  -23.010 0.3000000119
123750  -29.642  -23.038  -23.351 0.3000000119
51568  -26.533  -21.135  -21.921 0.3000000119
49677  -30.002  -23.700  -23.560 0.3000000119
52492  -25.650  -19.895  -22.174 0.3000000119
53455  -26.164  -19.761  -22.880 0.3000000119
120592  -30.452  -23.018  -23.628 0.3000000119
53454  -25.608  -19.367  -22.720 0.3000000119
53458  -25.967  -19.143  -23.370 0.3000000119
49679  -31.076  -22.977  -23.925 0.3000000119
50637  -31.351  -22.438  -24.309 0.3000000119
51592  -31.617  -21.668  -25.046 0.3000000119
55221  -25.600  -17.316  -24.788 0.3000000119
131214  -31.640  -22.698  -24.991 0.3000000119
56184  -25.388  -16.630  -25.388 0.3000000119
51569  -27.168  -21.380  -22.474 0.3000000119
52493  -26.278  -20.420  -22.399 0.3000000119
111564  -26.797  -20.811  -22.581 0.3000000119
52494  -27.325  -20.808  -23.002 0.3000000119
51570  -27.886  -21.505  -22.909 0.3000000119
51575  -29.548  -21.806  -23.301 0.3000000119
50627  -30.075  -22.390  -23.419 0.3000000119
52498  -26.761  -20.258  -23.046 0.3000000119
52495  -27.980  -20.782  -23.272 0.3000000119
54288  -25.287  -18.812  -23.024 0.3000000119
53459  -26.642  -19.556  -23.560 0.3000000119
123995  -25.917  -17.169  -24.876 0.3000000119
56185  -26.051  -16.645  -25.051 0.3000000119
121325  -31.479  -20.832  -25.934 0.3000000119
122425  -30.740  -19.530  -27.627 0.3000000119
53498  -30.364  -19.516  -28.412 0.3000000119
51574  -28.810  -21.167  -23.326 0.3000000119
120280  -29.947  -21.020  -23.421 0.3000000119
52499  -27.580  -20.018  -23.604 0.3000000119
52500  -28.469  -20.395  -23.497 0.3000000119
51576  -30.442  -21.665  -23.496 0.3000000119
54298  -26.398  -18.819  -24.011 0.3000000119
54299  -27.148  -19.177  -24.133 0.3000000119
53460  -27.881  -19.308  -24.131 0.3000000119
51583  -31.197  -21.507  -23.943 0.3000000119
122506  -31.409  -20.054  -24.443 0.3000000119
52507  -31.434  -20.898  -24.400 0.3000000119
130363  -31.578  -20.696  -25.008 0.3000000119
56186  -27.001  -16.247  -24.681 0.3000000119
57107  -26.247  -15.824  -25.109 0.3000000119
52525  -31.187  -19.972  -26.707 0.3000000119
53488  -30.980  -19.023  -27.098 0.3000000119
53499  -30.495  -18.745  -28.335 0.3000000119
54306  -28.479  -18.850  -24.182 0.3000000119
53461  -28.729  -19.627  -23.743 0.3000000119
53462  -29.908  -19.505  -23.512 0.3000000119
123740  -30.708  -20.979  -23.586 0.3000000119
54301  -30.306  -18.848  -23.649 0.3000000119
52502  -30.500  -20.201  -23.541 0.3000000119
52506  -31.126  -20.569  -23.868 0.3000000119
55223  -27.491  -17.850  -24.554 0.3000000119
117313  -28.238  -18.249  -24.390 0.3000000119
56164  -27.914  -16.749  -24.470 0.3000000119
57092  -28.652  -16.037  -24.399 0.3000000119
53467  -31.479  -19.202  -24.925 0.3000000119
52515  -31.494  -19.993  -25.465 0.3000000119
57108  -27.230  -15.224  -24.691 0.3000000119
56187  -27.972  -15.701  -24.502 0.3000000119
53476  -31.366  -19.174  -25.995 0.3000000119
54336  -30.839  -18.163  -27.573 0.3000000119
54300  -29.479  -18.871  -23.793 0.3000000119
53463  -30.758  -19.312  -23.668 0.3000000119
122596  -31.099  -19.846  -23.831 0.3000000119
54307  -29.112  -18.191  -24.127 0.3000000119
55211  -30.097  -18.218  -23.810 0.3000000119
56165  -29.078  -16.659  -24.291 0.3000000119
54309  -31.322  -18.428  -24.545 0.3000000119
58101  -27.570  -14.253  -24.920 0.3000000119
57093  -29.480  -15.846  -24.384 0.3000000119
114736  -28.230  -14.767  -24.612 0.3000000119
57109  -28.887  -15.279  -24.456 0.3000000119
54320  -31.400  -18.426  -25.446 0.3000000119
54329  -31.180  -18.383  -26.495 0.3000000119
55256  -31.022  -17.238  -27.889 0.3000000119
54308  -30.935  -18.452  -23.876 0.3000000119
53466  -31.246  -19.194  -24.124 0.3000000119
55225  -29.781  -17.400  -24.106 0.3000000119
131868  -30.598  -17.755  -24.028 0.3000000119
56166  -30.066  -16.480  -24.287 0.3000000119
121736  -30.673  -17.095  -24.314 0.3000000119
119116  -28.507  -13.917  -24.895 0.3000000119
123116  -31.350  -17.692  -25.034 0.3000000119
58102  -29.162  -14.452  -24.646 0.3000000119
57110  -29.775  -15.055  -24.575 0.3000000119
55242  -31.261  -17.708  -25.992 0.3000000119
122112  -31.089  -17.716  -26.918 0.3000000119
56220  -31.341  -16.507  -28.604 0.3000000119
55226  -31.112  -17.730  -24.385 0.3000000119
56167  -30.829  -16.354  -24.649 0.3000000119
55227  -31.155  -17.019  -24.819 0.3000000119
60043  -28.707  -13.136  -25.231 0.3000000119
59037  -29.361  -13.689  -25.035 0.3000000119
56188  -31.209  -16.318  -25.254 0.3000000119
123181  -31.274  -16.993  -25.586 0.3000000119
56203  -31.321  -16.293  -26.153 0.3000000119
55249  -31.230  -17.041  -26.642 0.3000000119
56213  -31.364  -16.321  -27.324 0.3000000119
114463  -31.574  -15.809  -28.086 0.3000000119
58141  -31.951  -15.094  -28.647 0.3000000119
60044  -29.488  -12.955  -25.482 0.3000000119
58104  -30.665  -14.381  -25.466 0.3000000119
120210  -31.243  -15.745  -25.683 0.3000000119
59039  -30.857  -13.916  -25.998 0.3000000119
119546  -31.390  -15.454  -26.574 0.3000000119
58130  -31.664  -14.469  -27.683 0.3000000119
58118  -31.464  -14.724  -26.935 0.3000000119
57138  -31.599  -15.224  -27.520 0.3000000119
57154  -31.801  -15.872  -29.307 0.3000000119
56228  -32.295  -16.068  -30.614 0.3000000119
57147  -32.558  -15.326  -30.184 0.3000000119
57155  -33.183  -15.900  -30.998 0.3000000119
60058  -28.827  -12.265  -25.583 0.3000000119
59038  -30.187  -13.599  -25.514 0.3000000119
59052  -30.709  -13.257  -26.236 0.3000000119
58105  -31.175  -14.568  -26.202 0.3000000119
60045  -30.119  -12.889  -25.861 0.3000000119
31638  -28.797  -42.821  -26.869 0.4000000060
31518  -19.951  -42.220  -16.999 0.4000000060
31531  -21.006  -42.631  -17.623 0.4000000060
126861  -17.573  -40.185  -17.500 0.4000000060
125464  -17.359  -40.994  -17.659 0.4000000060
46785  -27.601  -26.629  -19.853 0.3000000119
51564  -26.558  -21.696  -21.286 0.3000000119
49707  -31.365  -23.289  -26.444 0.4000000060
54297  -25.711  -18.476  -23.823 0.3000000119
57105  -24.914  -16.418  -26.111 0.3000000119
57106  -25.420  -16.294  -25.639 0.3000000119
130787  -29.342  -22.464  -23.213 0.3000000119
129713  -17.066  -44.027  -17.709 0.4000000060
29617  -17.627  -44.422  -17.691 0.4000000060
29618  -19.362  -44.233  -17.698 0.4000000060
123098  -19.399  -43.450  -17.407 0.4000000060
31545  -15.482  -42.257  -18.526 0.3000000119
31528  -17.065  -41.873  -17.689 0.4000000060
50628  -30.869  -22.342  -23.703 0.3000000119
52501  -29.412  -20.325  -23.466 0.3000000119
54305  -27.646  -18.682  -24.385 0.3000000119
55224  -28.593  -17.523  -24.335 0.3000000119
58100  -26.537  -14.734  -25.094 0.3000000119
57094  -30.341  -15.699  -24.573 0.3000000119
58103  -29.994  -14.308  -24.911 0.3000000119
57111  -30.541  -14.989  -24.929 0.3000000119
57095  -30.989  -15.662  -25.019 0.3000000119
57112  -31.067  -15.100  -25.598 0.3000000119
58142  -32.438  -14.652  -29.514 0.3000000119
59053  -31.297  -13.905  -26.804 0.3000000119
29616  -16.823  -44.473  -17.876 0.4000000060
30660  -19.918  -42.605  -25.224 0.3000000119
30670  -20.398  -43.195  -25.700 0.3000000119
29704  -20.680  -44.066  -24.126 0.3000000119
125463  -15.752  -41.333  -18.506 0.3000000119
124448  -16.107  -40.494  -18.400 0.3000000119
125453  -15.629  -39.781  -18.741 0.3000000119
29631  -19.897  -44.629  -18.620 0.3000000119
122752  -18.589  -44.702  -17.797 0.3000000119
115977  -18.432  -43.801  -17.463 0.3000000119
29632  -20.356  -44.041  -18.442 0.3000000119
29619  -19.963  -44.298  -18.043 0.3000000119
28637  -17.973  -45.220  -18.009 0.3000000119
28638  -19.321  -44.881  -18.226 0.3000000119
28723  -21.352  -44.791  -24.638 0.4000000060
29620  -20.412  -43.816  -18.002 0.4000000060
29649  -24.643  -44.410  -19.193 0.6000000238
30566  -16.525  -43.711  -17.857 0.4000000060
30619  -27.900  -43.879  -19.635 0.5000000000
30669  -19.835  -42.476  -26.054 0.4000000060
31635  -29.101  -42.645  -26.022 0.5000000000
32476  -18.666  -41.465  -17.117 0.6000000238
32615  -26.762  -40.674  -28.575 0.6999999881
33513  -19.795  -39.482  -21.861 0.3000000119
34582  -25.015  -39.391  -26.782 0.6999999881
34611  -26.911  -40.043  -29.280 0.6999999881
37463  -30.690  -36.473  -24.249 0.4000000060
37464  -31.540  -36.528  -24.434 0.4000000060
37475  -28.959  -36.890  -24.819 0.5000000000
37495  -23.070  -37.330  -27.208 0.8000000119
38463  -30.531  -35.276  -24.310 0.5000000000
39381  -32.483  -34.219  -25.406 0.3000000119
40105  -29.170  -33.304  -16.072 0.6999999881
40113  -29.342  -33.462  -16.850 0.6999999881
40183  -32.302  -33.365  -24.965 0.4000000060
41048  -27.064  -32.903  -15.541 0.6999999881
41050  -28.620  -32.996  -15.544 0.6999999881
41051  -29.024  -33.128  -15.865 0.6999999881
41129  -23.843  -33.456  -23.895 0.8000000119
41148  -31.277  -32.763  -24.753 0.5000000000
41161  -20.787  -32.727  -25.964 0.8000000119
42086  -28.326  -32.469  -15.949 0.6999999881
42162  -29.433  -31.077  -22.511 0.6999999881
42210  -31.958  -31.622  -25.383 0.6000000238
42228  -31.925  -31.110  -25.750 0.6000000238
43229  -26.296  -30.216  -25.256 0.6999999881
43241  -31.784  -30.575  -26.229 0.6999999881
43247  -21.517  -30.438  -26.429 0.8000000119
43252  -31.453  -30.069  -26.802 0.6999999881
44122  -20.994  -28.421  -26.552 0.8000000119
44141  -31.406  -29.016  -27.869 0.6000000238
44971  -20.907  -27.974  -26.415 0.8000000119
44972  -21.140  -27.984  -26.127 0.8000000119
45029  -29.144  -28.192  -30.208 0.6999999881
45887  -21.553  -27.163  -25.928 0.8000000119
45888  -22.412  -26.611  -25.584 0.8000000119
45897  -21.077  -27.512  -26.780 0.8000000119
45913  -21.750  -26.973  -27.215 0.8000000119
45914  -22.711  -26.644  -27.335 0.8000000119
45919  -29.033  -27.435  -28.277 0.6999999881
46841  -22.705  -25.920  -25.801 0.8000000119
46843  -24.652  -25.373  -25.124 0.8000000119
46860  -21.592  -26.626  -26.748 0.8000000119
46861  -22.310  -26.006  -26.522 0.8000000119
47797  -25.503  -25.157  -24.110 0.8000000119
47813  -30.506  -25.870  -25.207 0.5000000000
52565  -28.793  -20.232  -32.034 0.5000000000
110069  -20.648  -35.351  -16.566 0.5000000000
113312  -29.000  -37.596  -25.030 0.5000000000
117042  -22.764  -36.269  -14.895 0.6000000238
123434  -26.849  -34.849  -22.495 0.8000000119
126790  -31.428  -34.053  -24.457 0.4000000060
127119  -19.467  -42.750  -17.222 0.4000000060
127875  -27.101  -40.403  -29.742 0.6000000238
131884  -18.013  -43.192  -17.349 0.3000000119
132086  -31.484  -15.721  -27.354 0.3000000119
132097  -26.481  -34.227  -15.111 0.6999999881
132752  -30.628  -35.892  -24.250 0.5000000000
133404  -27.546  -41.176  -25.548 0.6000000238
