#!ascii label  , from subject sub-v1s20x0050293_ses-1 vox2ras=TkReg
1007
60001  20.544  -5.500  48.556 0.0000000000
61223  33.386  -3.595  52.272 0.0000000000
77792  38.228  10.278  27.291 0.0000000000
71950  32.998  3.477  36.826 0.0000000000
68521  33.054  2.235  45.907 0.0000000000
87125  48.574  18.538  17.572 0.0000000000
81026  37.304  12.261  31.716 0.0000000000
77738  31.543  9.053  30.760 0.0000000000
57333  16.724  -7.599  48.999 0.0000000000
59976  26.849  -4.500  49.879 0.0000000000
137002  29.080  -6.384  46.777 0.0000000000
60088  22.990  -4.771  44.262 0.0000000000
83080  42.633  14.450  22.157 0.0000000000
127844  24.124  -5.286  53.642 0.0000000000
57264  19.731  -6.305  52.649 0.0000000000
80042  43.116  11.319  27.052 0.0000000000
146900  15.172  -6.667  53.347 0.0000000000
56077  11.357  -8.876  54.481 0.0000000000
76548  32.222  8.593  37.252 0.0000000000
69756  34.563  2.741  41.128 0.0000000000
130448  28.973  0.483  42.912 0.0000000000
63635  29.907  -2.941  45.108 0.0000000000
80996  36.734  12.258  34.234 0.0000000000
78879  34.473  10.597  31.646 0.0000000000
78860  34.593  10.246  33.534 0.0000000000
81968  39.082  13.368  32.909 0.0000000000
58713  19.630  -6.449  46.378 0.0000000000
56196  18.079  -8.927  46.740 0.0000000000
142119  18.895  -6.881  48.915 0.0000000000
61252  24.105  -4.447  49.429 0.0000000000
142786  24.936  -4.441  47.649 0.0000000000
61325  22.098  -4.560  46.192 0.0000000000
152916  20.523  -6.263  43.903 0.0000000000
140551  38.305  10.931  24.624 0.0000000000
80004  40.166  10.753  29.554 0.0000000000
78953  40.669  10.763  27.027 0.0000000000
81084  40.280  12.040  24.775 0.0000000000
57210  19.229  -6.449  55.058 0.0000000000
57249  17.722  -6.475  53.402 0.0000000000
132300  17.028  -5.769  55.768 0.0000000000
58539  11.657  -6.636  57.650 0.0000000000
57193  12.871  -6.777  55.962 0.0000000000
57196  10.811  -7.979  57.145 0.0000000000
56052  9.043  -9.312  56.983 0.0000000000
57172  8.055  -8.078  59.068 0.0000000000
72978  36.072  5.311  42.891 0.0000000000
69724  34.333  2.681  43.919 0.0000000000
68578  32.007  2.022  41.760 0.0000000000
68540  30.999  1.496  44.344 0.0000000000
58742  27.730  -6.551  44.292 0.0000000000
60059  30.734  -5.633  45.452 0.0000000000
60102  29.288  -6.066  42.991 0.0000000000
62498  28.839  -3.963  42.163 0.0000000000
132842  30.736  6.376  37.537 0.0000000000
73097  29.814  6.155  34.758 0.0000000000
141597  30.430  3.470  35.790 0.0000000000
88140  51.218  20.377  15.943 0.0000000000
87128  49.077  18.958  16.044 0.0000000000
78903  37.971  10.933  29.085 0.0000000000
77750  35.014  10.003  28.888 0.0000000000
81024  39.337  12.580  31.459 0.0000000000
59934  30.717  -5.009  51.073 0.0000000000
59972  31.435  -5.339  49.585 0.0000000000
59996  27.496  -4.769  48.815 0.0000000000
60085  26.180  -5.463  45.395 0.0000000000
136384  24.268  -5.830  42.837 0.0000000000
83062  45.452  14.472  24.987 0.0000000000
83077  45.468  15.329  22.557 0.0000000000
85008  46.126  16.644  20.180 0.0000000000
86114  46.689  17.102  17.861 0.0000000000
59959  22.328  -4.655  51.518 0.0000000000
58631  20.470  -5.781  51.557 0.0000000000
57261  22.397  -5.535  53.628 0.0000000000
59939  25.234  -4.749  51.981 0.0000000000
82049  42.824  13.346  24.532 0.0000000000
57297  18.350  -6.743  50.854 0.0000000000
57284  16.410  -6.797  51.391 0.0000000000
56099  14.084  -8.143  51.721 0.0000000000
58584  14.516  -6.024  55.424 0.0000000000
57253  13.641  -7.518  53.716 0.0000000000
57160  4.073  -8.092  61.172 0.0000000000
77648  35.179  9.936  37.073 0.0000000000
73043  32.561  5.485  39.427 0.0000000000
73027  34.693  5.010  40.470 0.0000000000
69795  34.351  3.559  38.696 0.0000000000
68614  32.657  1.637  39.444 0.0000000000
68598  29.740  1.156  40.309 0.0000000000
142124  27.057  -1.219  39.531 0.0000000000
62440  32.052  -3.923  47.553 0.0000000000
64827  30.469  -1.761  47.900 0.0000000000
66101  30.124  0.602  46.739 0.0000000000
64861  28.536  -1.240  44.467 0.0000000000
63681  27.403  -2.200  41.761 0.0000000000
76599  32.175  9.000  34.098 0.0000000000
74364  29.657  7.077  31.186 0.0000000000
79934  36.899  12.036  35.138 0.0000000000
79949  35.810  11.034  34.284 0.0000000000
79936  35.930  10.986  35.099 0.0000000000
80994  37.944  13.148  35.105 0.0000000000
58712  19.971  -5.824  47.092 0.0000000000
58694  19.485  -6.518  47.436 0.0000000000
58672  20.000  -6.035  48.954 0.0000000000
61273  21.823  -4.714  48.454 0.0000000000
61293  23.069  -4.487  47.922 0.0000000000
60020  21.157  -4.997  47.299 0.0000000000
138245  20.600  -5.212  45.950 0.0000000000
78961  37.625  10.325  25.773 0.0000000000
78921  38.966  10.333  28.314 0.0000000000
78919  40.667  10.089  28.093 0.0000000000
77791  39.116  10.372  27.352 0.0000000000
78959  39.253  10.912  25.858 0.0000000000
58540  10.947  -6.969  58.069 0.0000000000
57177  11.186  -7.378  57.360 0.0000000000
57178  10.587  -7.692  57.744 0.0000000000
56051  9.798  -8.995  56.801 0.0000000000
56025  9.194  -8.286  58.237 0.0000000000
56026  8.398  -8.499  58.371 0.0000000000
70784  35.083  3.036  44.276 0.0000000000
69715  33.647  2.376  44.434 0.0000000000
68549  32.877  2.093  44.092 0.0000000000
68522  32.243  2.017  45.586 0.0000000000
63546  34.075  -2.835  51.917 0.0000000000
58761  26.672  -6.514  43.298 0.0000000000
58759  28.566  -6.492  43.672 0.0000000000
58780  27.450  -6.502  42.613 0.0000000000
58797  28.057  -6.270  41.929 0.0000000000
71937  32.149  4.097  37.339 0.0000000000
73076  30.219  4.959  36.685 0.0000000000
86091  48.840  18.111  19.695 0.0000000000
133844  49.542  18.661  19.024 0.0000000000
88132  50.111  19.430  17.942 0.0000000000
142497  49.993  19.569  17.085 0.0000000000
87124  49.298  19.079  17.128 0.0000000000
138859  37.052  11.321  30.226 0.0000000000
78905  36.113  10.570  29.364 0.0000000000
78888  36.356  10.961  30.101 0.0000000000
78880  33.576  10.355  31.169 0.0000000000
78891  33.842  10.234  30.054 0.0000000000
77753  32.499  9.388  29.787 0.0000000000
81016  38.417  12.936  32.570 0.0000000000
79976  37.880  12.056  31.018 0.0000000000
79992  38.449  11.720  30.308 0.0000000000
56155  17.066  -8.505  48.006 0.0000000000
56137  15.439  -8.030  48.892 0.0000000000
129018  28.314  -4.659  50.176 0.0000000000
128765  29.062  -4.995  49.632 0.0000000000
147895  27.085  -4.533  49.330 0.0000000000
61323  24.115  -4.547  45.750 0.0000000000
61309  25.455  -4.512  46.849 0.0000000000
60065  24.845  -4.749  45.065 0.0000000000
60086  25.492  -5.457  44.613 0.0000000000
60104  24.050  -5.369  43.403 0.0000000000
60106  22.197  -5.582  43.036 0.0000000000
145508  31.391  0.808  36.818 0.0000000000
83069  44.487  14.512  23.742 0.0000000000
83067  45.666  15.037  23.880 0.0000000000
83078  44.518  15.090  22.277 0.0000000000
84082  44.921  15.837  20.596 0.0000000000
85031  44.904  16.005  19.014 0.0000000000
85021  46.038  16.782  19.210 0.0000000000
59941  23.626  -4.904  52.815 0.0000000000
58630  21.969  -5.073  52.343 0.0000000000
153830  22.855  -5.333  53.421 0.0000000000
128143  24.915  -4.872  52.821 0.0000000000
129575  23.800  -4.699  52.109 0.0000000000
148405  44.063  13.057  25.806 0.0000000000
81068  42.798  12.173  26.050 0.0000000000
138716  40.521  12.668  23.934 0.0000000000
57280  20.089  -6.046  52.051 0.0000000000
146482  19.442  -6.557  50.543 0.0000000000
57281  19.377  -6.447  51.777 0.0000000000
57250  16.716  -6.468  53.156 0.0000000000
57267  16.496  -6.617  52.317 0.0000000000
57268  15.628  -6.906  52.060 0.0000000000
57286  14.612  -7.873  51.082 0.0000000000
133703  14.969  -6.995  52.673 0.0000000000
58562  14.236  -5.653  56.097 0.0000000000
57215  12.416  -7.439  55.518 0.0000000000
57214  13.158  -6.980  55.209 0.0000000000
56076  12.087  -8.369  54.182 0.0000000000
56087  13.112  -8.194  53.195 0.0000000000
74255  31.966  6.550  39.736 0.0000000000
70840  35.489  3.903  41.345 0.0000000000
73011  35.498  5.343  41.517 0.0000000000
71901  35.082  4.407  40.330 0.0000000000
71913  34.665  4.472  39.751 0.0000000000
69784  34.526  3.093  39.272 0.0000000000
132382  33.642  1.901  38.923 0.0000000000
68595  33.292  1.910  39.890 0.0000000000
133976  30.789  1.425  41.982 0.0000000000
68580  30.475  1.326  41.050 0.0000000000
68581  29.560  0.945  41.170 0.0000000000
67356  28.459  0.579  40.348 0.0000000000
67345  28.024  0.094  41.742 0.0000000000
132305  30.366  -6.126  47.528 0.0000000000
61269  32.137  -4.775  48.024 0.0000000000
141231  31.192  -5.657  47.138 0.0000000000
62459  30.609  -3.378  45.315 0.0000000000
152234  31.256  -3.508  46.284 0.0000000000
139576  30.222  -2.512  46.509 0.0000000000
66094  30.034  -0.521  47.558 0.0000000000
66102  29.526  -0.696  46.817 0.0000000000
66112  29.195  0.021  45.515 0.0000000000
143010  28.816  -1.932  44.767 0.0000000000
150590  28.394  -4.727  41.033 0.0000000000
62499  28.066  -3.125  41.778 0.0000000000
77628  33.794  9.411  37.122 0.0000000000
77672  33.638  9.481  35.277 0.0000000000
76586  32.088  8.532  35.325 0.0000000000
71982  28.826  4.974  33.696 0.0000000000
74328  29.517  6.562  33.455 0.0000000000
135797  52.069  20.663  15.180 0.0000000000
81018  36.663  12.170  32.368 0.0000000000
154279  35.713  11.198  31.485 0.0000000000
79968  35.611  11.233  32.748 0.0000000000
78869  34.559  10.465  32.622 0.0000000000
77715  33.309  9.930  32.850 0.0000000000
135756  39.121  13.811  34.925 0.0000000000
81006  37.993  13.256  34.240 0.0000000000
57367  18.767  -8.160  46.575 0.0000000000
57350  18.657  -7.760  47.312 0.0000000000
57331  18.102  -7.336  48.629 0.0000000000
59977  25.281  -4.485  50.121 0.0000000000
147139  25.984  -4.515  48.455 0.0000000000
61270  24.491  -4.459  48.506 0.0000000000
61311  23.704  -4.479  46.623 0.0000000000
60067  22.310  -4.562  45.093 0.0000000000
130374  21.541  -5.279  43.634 0.0000000000
60068  21.326  -4.741  45.529 0.0000000000
58745  20.185  -6.241  44.621 0.0000000000
83089  41.831  14.135  21.729 0.0000000000
57224  24.041  -5.697  54.697 0.0000000000
78899  41.191  10.303  29.267 0.0000000000
78938  42.278  10.135  28.029 0.0000000000
80044  41.774  11.165  26.700 0.0000000000
80060  41.418  11.541  26.004 0.0000000000
80046  40.218  11.053  26.223 0.0000000000
80063  38.912  11.188  24.942 0.0000000000
57229  19.474  -6.529  54.257 0.0000000000
136569  19.095  -6.517  52.961 0.0000000000
148583  18.768  -6.510  54.452 0.0000000000
131275  17.009  -6.261  54.008 0.0000000000
58596  16.419  -6.135  54.534 0.0000000000
58563  13.363  -6.024  56.337 0.0000000000
57176  11.924  -7.039  56.979 0.0000000000
57194  12.145  -7.249  56.276 0.0000000000
56049  11.148  -8.430  56.053 0.0000000000
56064  10.677  -9.077  55.725 0.0000000000
70815  35.710  3.694  42.939 0.0000000000
134777  34.469  2.630  42.124 0.0000000000
69757  33.696  2.347  41.670 0.0000000000
69740  32.792  2.178  42.215 0.0000000000
68551  31.413  1.667  43.586 0.0000000000
68552  30.652  1.357  43.548 0.0000000000
60062  28.186  -6.426  45.727 0.0000000000
60040  29.991  -6.298  46.143 0.0000000000
60061  29.308  -6.412  44.954 0.0000000000
60083  30.100  -5.964  44.280 0.0000000000
61342  29.937  -4.576  43.400 0.0000000000
62485  29.635  -3.567  43.714 0.0000000000
143302  29.444  -5.006  42.609 0.0000000000
153215  28.252  -5.922  41.319 0.0000000000
75401  31.139  7.507  37.597 0.0000000000
75434  31.033  7.519  35.596 0.0000000000
74292  30.260  5.953  36.314 0.0000000000
71963  29.602  4.414  35.569 0.0000000000
88130  51.293  20.091  17.692 0.0000000000
88141  50.350  19.855  16.395 0.0000000000
77768  38.014  10.279  27.989 0.0000000000
138239  36.950  9.918  26.763 0.0000000000
77769  36.996  10.240  27.914 0.0000000000
78906  34.737  10.312  29.686 0.0000000000
77773  33.704  9.298  28.703 0.0000000000
142263  40.475  14.037  33.118 0.0000000000
81014  40.505  13.451  32.360 0.0000000000
130880  41.201  12.616  31.301 0.0000000000
79990  40.239  11.590  30.374 0.0000000000
78902  38.779  10.759  28.920 0.0000000000
139256  32.286  -4.777  52.007 0.0000000000
61238  32.369  -4.563  50.376 0.0000000000
130339  30.675  -5.359  50.099 0.0000000000
59974  29.629  -5.643  49.034 0.0000000000
60016  28.582  -6.123  47.647 0.0000000000
60018  26.458  -4.646  47.903 0.0000000000
135515  27.035  -5.234  47.233 0.0000000000
60043  27.326  -6.006  46.351 0.0000000000
151361  26.287  -6.044  44.741 0.0000000000
58744  25.956  -6.224  43.956 0.0000000000
58782  25.532  -6.404  41.981 0.0000000000
84990  46.766  16.063  22.219 0.0000000000
84072  44.519  15.487  21.207 0.0000000000
84071  45.448  15.885  21.247 0.0000000000
84998  47.024  16.489  21.612 0.0000000000
154499  46.786  16.946  20.411 0.0000000000
86093  47.339  17.478  19.279 0.0000000000
86102  47.310  17.559  18.382 0.0000000000
86112  47.873  18.068  17.020 0.0000000000
59981  21.337  -4.867  50.169 0.0000000000
58658  20.589  -5.551  49.715 0.0000000000
58642  20.942  -5.338  50.979 0.0000000000
58621  21.216  -5.435  52.422 0.0000000000
140047  21.008  -5.809  53.316 0.0000000000
128369  23.084  -5.716  54.196 0.0000000000
57228  20.320  -6.320  54.101 0.0000000000
144302  20.559  -6.341  55.615 0.0000000000
61196  33.021  -4.345  53.199 0.0000000000
59915  32.041  -4.970  52.744 0.0000000000
130044  30.252  -4.760  51.926 0.0000000000
130042  27.866  -4.539  52.171 0.0000000000
147253  26.889  -4.690  52.253 0.0000000000
59957  25.649  -4.592  50.977 0.0000000000
136051  24.542  -4.595  51.216 0.0000000000
127910  22.952  -4.453  50.746 0.0000000000
82033  45.013  13.961  25.560 0.0000000000
82048  44.424  13.899  25.123 0.0000000000
150266  42.738  13.777  23.877 0.0000000000
81083  41.121  12.514  24.770 0.0000000000
81096  41.320  13.056  24.017 0.0000000000
82070  41.270  13.695  22.178 0.0000000000
58644  19.780  -6.428  50.112 0.0000000000
57315  18.335  -7.003  49.511 0.0000000000
57298  17.717  -6.990  50.226 0.0000000000
137453  18.009  -6.624  52.052 0.0000000000
130046  16.848  -6.922  50.614 0.0000000000
57317  16.652  -7.323  49.788 0.0000000000
57300  15.077  -7.631  50.354 0.0000000000
56121  14.234  -8.345  50.212 0.0000000000
58583  15.375  -5.918  55.320 0.0000000000
58598  14.777  -6.360  54.778 0.0000000000
57213  13.979  -6.601  54.952 0.0000000000
57252  14.409  -7.114  53.377 0.0000000000
57270  13.786  -7.781  53.059 0.0000000000
57167  6.024  -7.903  59.915 0.0000000000
78806  36.399  10.674  36.920 0.0000000000
76527  32.110  8.480  38.330 0.0000000000
74270  31.176  6.840  38.375 0.0000000000
73056  31.389  5.620  38.329 0.0000000000
73065  32.255  4.569  38.035 0.0000000000
73028  33.850  5.348  40.346 0.0000000000
71925  34.099  4.151  38.671 0.0000000000
70875  33.779  3.117  37.122 0.0000000000
69805  33.878  2.324  37.407 0.0000000000
68636  32.501  1.393  38.088 0.0000000000
68637  31.351  1.311  38.243 0.0000000000
130510  32.016  1.869  40.811 0.0000000000
68597  30.611  1.408  40.049 0.0000000000
68617  29.743  1.225  39.227 0.0000000000
136521  28.292  0.427  38.737 0.0000000000
66198  27.470  -0.685  39.055 0.0000000000
68504  33.074  2.424  46.748 0.0000000000
62398  33.034  -3.435  50.533 0.0000000000
63588  32.997  -2.946  49.842 0.0000000000
142009  32.232  -2.322  49.014 0.0000000000
61307  31.470  -4.341  46.261 0.0000000000
63611  31.727  -3.081  47.515 0.0000000000
153482  31.932  -0.870  49.417 0.0000000000
66092  31.248  0.713  48.428 0.0000000000
67274  31.451  1.640  47.267 0.0000000000
68506  31.520  1.805  46.181 0.0000000000
131251  30.736  1.401  45.966 0.0000000000
67313  29.756  0.744  45.070 0.0000000000
66143  29.084  0.308  43.902 0.0000000000
63657  28.802  -2.885  43.478 0.0000000000
64870  28.028  -1.479  43.333 0.0000000000
66145  28.032  -0.788  43.006 0.0000000000
64902  27.310  -1.297  41.555 0.0000000000
78832  34.886  10.165  35.252 0.0000000000
77687  33.582  9.598  34.510 0.0000000000
77717  31.804  9.171  32.380 0.0000000000
75449  31.046  7.842  34.176 0.0000000000
75462  30.842  8.028  33.371 0.0000000000
76635  30.627  8.405  31.576 0.0000000000
86125  47.953  17.904  16.083 0.0000000000
79914  37.207  11.709  35.983 0.0000000000
79935  36.514  11.267  35.582 0.0000000000
80987  37.541  12.455  35.543 0.0000000000
60021  20.538  -5.438  47.630 0.0000000000
58693  19.988  -5.981  47.998 0.0000000000
60000  21.140  -5.076  48.099 0.0000000000
60047  20.566  -5.307  46.801 0.0000000000
77805  37.597  10.206  26.659 0.0000000000
149892  38.755  10.231  27.787 0.0000000000
78940  39.387  10.186  27.870 0.0000000000
77804  38.540  10.523  26.473 0.0000000000
57169  10.296  -7.330  58.429 0.0000000000
57179  9.938  -8.032  58.032 0.0000000000
57170  9.591  -7.630  58.699 0.0000000000
69704  34.551  2.763  45.675 0.0000000000
69714  34.435  2.686  44.785 0.0000000000
69705  33.754  2.441  45.349 0.0000000000
68538  32.936  2.180  45.025 0.0000000000
62370  34.907  -2.724  53.156 0.0000000000
154435  33.693  -3.187  52.104 0.0000000000
58781  26.484  -6.524  42.350 0.0000000000
131317  27.163  -6.498  41.691 0.0000000000
71951  31.946  3.734  36.719 0.0000000000
87114  48.690  18.391  18.577 0.0000000000
87121  49.365  18.909  18.178 0.0000000000
79977  37.035  11.732  30.992 0.0000000000
79994  36.536  11.311  30.680 0.0000000000
138337  32.743  10.027  31.222 0.0000000000
77736  32.953  10.007  30.384 0.0000000000
77737  32.137  9.573  30.765 0.0000000000
76648  31.791  8.976  30.066 0.0000000000
81025  38.297  12.554  31.784 0.0000000000
56136  16.286  -8.178  48.535 0.0000000000
56156  15.451  -8.802  48.382 0.0000000000
145540  16.125  -7.699  49.119 0.0000000000
59955  27.437  -4.549  50.552 0.0000000000
60045  25.108  -4.594  45.974 0.0000000000
140834  23.946  -4.716  44.694 0.0000000000
60087  24.548  -5.089  44.176 0.0000000000
145845  23.752  -4.921  43.920 0.0000000000
60105  23.110  -5.190  43.278 0.0000000000
68652  30.784  1.021  37.479 0.0000000000
147806  43.885  14.270  23.716 0.0000000000
128174  44.103  14.626  23.098 0.0000000000
83079  43.514  14.730  22.339 0.0000000000
85030  45.078  15.999  18.255 0.0000000000
58629  22.845  -5.112  52.953 0.0000000000
58619  23.549  -5.239  53.451 0.0000000000
58618  24.671  -5.129  53.450 0.0000000000
59922  24.203  -4.992  53.171 0.0000000000
80026  42.808  10.700  27.514 0.0000000000
81067  43.229  12.099  26.617 0.0000000000
153669  42.749  11.681  26.583 0.0000000000
57251  15.797  -6.607  52.872 0.0000000000
58536  14.059  -5.420  56.926 0.0000000000
56062  11.907  -8.126  55.005 0.0000000000
57235  12.662  -7.665  54.724 0.0000000000
71900  35.375  4.334  40.936 0.0000000000
70841  35.150  3.609  40.672 0.0000000000
70853  34.815  3.810  39.635 0.0000000000
69770  34.651  2.929  40.095 0.0000000000
69785  34.104  2.398  39.566 0.0000000000
67330  29.684  0.893  42.619 0.0000000000
68565  30.038  1.084  41.912 0.0000000000
67331  29.261  0.722  41.999 0.0000000000
67344  28.667  0.588  41.263 0.0000000000
146366  28.595  0.384  42.118 0.0000000000
60015  29.700  -6.299  47.116 0.0000000000
153760  30.393  -3.580  44.724 0.0000000000
63624  30.058  -2.681  45.816 0.0000000000
64839  29.539  -1.868  46.402 0.0000000000
64851  29.210  -2.070  45.556 0.0000000000
139501  29.333  -2.599  44.840 0.0000000000
76569  32.974  9.048  36.656 0.0000000000
76570  32.205  8.615  36.235 0.0000000000
81008  36.698  12.313  33.286 0.0000000000
79959  36.076  11.762  32.960 0.0000000000
78859  35.257  10.608  33.909 0.0000000000
78868  35.149  10.761  33.078 0.0000000000
78870  33.829  10.261  32.241 0.0000000000
78861  34.012  10.082  33.092 0.0000000000
82958  39.827  14.258  35.222 0.0000000000
80995  37.346  12.749  34.668 0.0000000000
81007  37.362  12.824  33.723 0.0000000000
57349  18.833  -7.178  47.910 0.0000000000
153034  17.977  -7.935  47.852 0.0000000000
59978  24.573  -4.463  50.092 0.0000000000
61251  24.956  -4.494  49.298 0.0000000000
143577  22.869  -4.501  47.028 0.0000000000
61324  23.070  -4.525  45.969 0.0000000000
149055  20.099  -5.680  46.355 0.0000000000
58728  20.055  -5.893  45.586 0.0000000000
58729  19.707  -6.763  45.355 0.0000000000
140863  41.091  10.933  30.068 0.0000000000
78939  40.136  10.351  27.601 0.0000000000
78918  41.348  10.024  28.392 0.0000000000
134213  41.282  10.336  27.665 0.0000000000
80027  42.036  10.647  27.321 0.0000000000
146196  41.396  10.818  27.083 0.0000000000
80045  41.054  11.135  26.494 0.0000000000
78960  38.354  10.752  25.405 0.0000000000
57212  17.281  -6.109  54.960 0.0000000000
58516  12.087  -6.005  57.897 0.0000000000
58538  12.370  -6.308  57.269 0.0000000000
57195  11.358  -7.832  56.626 0.0000000000
57216  11.739  -7.958  55.836 0.0000000000
56050  10.599  -8.588  56.553 0.0000000000
56037  9.496  -8.629  57.508 0.0000000000
56027  7.578  -8.707  58.477 0.0000000000
56017  7.216  -8.189  59.124 0.0000000000
70798  35.702  3.593  43.800 0.0000000000
70799  35.060  3.063  43.442 0.0000000000
70816  35.115  3.085  42.561 0.0000000000
69738  34.357  2.660  43.056 0.0000000000
69739  33.628  2.355  42.634 0.0000000000
137914  31.641  1.715  44.304 0.0000000000
68550  32.136  1.914  43.757 0.0000000000
58727  28.421  -6.528  44.664 0.0000000000
58779  28.408  -6.372  42.774 0.0000000000
60084  29.408  -6.295  43.950 0.0000000000
60101  29.866  -5.573  43.477 0.0000000000
148976  30.323  -5.173  43.893 0.0000000000
74280  30.507  6.430  36.707 0.0000000000
73067  30.489  5.552  37.099 0.0000000000
71962  30.140  4.293  36.258 0.0000000000
88142  49.645  19.397  16.446 0.0000000000
88151  49.679  19.405  15.618 0.0000000000
88155  49.827  19.278  14.692 0.0000000000
87133  49.152  18.821  15.132 0.0000000000
78922  37.464  10.554  28.575 0.0000000000
78924  35.777  10.185  28.697 0.0000000000
77771  35.360  9.686  28.181 0.0000000000
77772  34.554  9.477  28.439 0.0000000000
129231  35.180  10.915  31.129 0.0000000000
78890  34.503  10.599  30.623 0.0000000000
77752  33.322  9.690  29.477 0.0000000000
76681  34.034  8.930  27.938 0.0000000000
81957  39.700  14.091  34.309 0.0000000000
81956  40.217  14.229  33.811 0.0000000000
81967  39.695  13.859  33.469 0.0000000000
81015  39.706  13.100  32.216 0.0000000000
81023  40.411  12.778  31.587 0.0000000000
81035  40.003  12.279  30.952 0.0000000000
81034  40.742  12.194  30.902 0.0000000000
80007  37.780  11.316  29.797 0.0000000000
80006  38.596  11.221  29.522 0.0000000000
145865  38.238  10.572  28.558 0.0000000000
59933  31.340  -5.033  51.311 0.0000000000
59932  31.913  -4.953  51.093 0.0000000000
128939  28.259  -4.898  49.290 0.0000000000
146941  28.887  -5.430  48.950 0.0000000000
59995  29.341  -6.071  48.202 0.0000000000
128764  28.307  -5.456  48.512 0.0000000000
61292  25.765  -4.484  47.714 0.0000000000
60044  25.904  -4.820  46.116 0.0000000000
60019  26.255  -4.715  46.975 0.0000000000
145748  26.632  -5.401  46.227 0.0000000000
60103  24.952  -5.896  43.561 0.0000000000
58762  25.715  -6.351  42.967 0.0000000000
58763  24.844  -6.126  42.478 0.0000000000
148089  20.961  -5.984  43.587 0.0000000000
134510  46.151  14.738  25.047 0.0000000000
84058  45.860  15.269  23.263 0.0000000000
151957  46.098  15.250  23.739 0.0000000000
133193  46.275  15.640  22.663 0.0000000000
84065  47.130  15.863  22.908 0.0000000000
83087  43.005  14.806  20.915 0.0000000000
84073  43.707  15.034  21.509 0.0000000000
85009  45.456  16.200  20.410 0.0000000000
85000  45.956  16.319  20.909 0.0000000000
84999  46.266  16.128  21.608 0.0000000000
132893  46.542  16.607  20.975 0.0000000000
85007  47.193  16.955  20.968 0.0000000000
85029  45.978  16.677  18.256 0.0000000000
86103  46.656  17.169  18.782 0.0000000000
59980  22.166  -4.526  50.482 0.0000000000
59960  21.578  -4.802  51.043 0.0000000000
58641  21.494  -5.006  51.662 0.0000000000
58620  22.097  -5.333  53.017 0.0000000000
57262  21.352  -5.596  53.028 0.0000000000
57279  20.698  -5.739  52.361 0.0000000000
57225  23.587  -5.809  54.677 0.0000000000
140710  22.042  -6.065  54.607 0.0000000000
57227  21.243  -5.944  53.968 0.0000000000
57208  21.066  -6.270  54.870 0.0000000000
57209  20.072  -6.455  54.929 0.0000000000
59901  32.812  -4.564  53.395 0.0000000000
130043  29.160  -4.621  51.866 0.0000000000
59920  26.195  -4.825  52.690 0.0000000000
59938  26.183  -4.692  51.830 0.0000000000
59958  23.408  -4.550  51.448 0.0000000000
77794  36.499  9.735  27.218 0.0000000000
82035  43.713  13.413  25.103 0.0000000000
82058  43.410  13.898  24.162 0.0000000000
145761  41.014  11.989  25.417 0.0000000000
133963  41.679  12.139  25.502 0.0000000000
81107  40.185  12.791  23.014 0.0000000000
81106  40.754  13.134  23.328 0.0000000000
133842  41.457  13.538  23.165 0.0000000000
82071  40.665  13.279  22.575 0.0000000000
58643  20.291  -5.962  50.502 0.0000000000
147514  20.054  -6.164  49.728 0.0000000000
57296  19.076  -6.645  51.036 0.0000000000
142705  18.707  -6.797  50.329 0.0000000000
57265  18.337  -6.551  52.811 0.0000000000
57266  17.428  -6.560  52.601 0.0000000000
136568  17.164  -6.631  51.906 0.0000000000
57299  15.990  -7.172  50.503 0.0000000000
57318  15.676  -7.617  49.691 0.0000000000
56109  13.970  -8.461  50.990 0.0000000000
56110  13.358  -8.906  51.387 0.0000000000
58561  15.108  -5.588  55.963 0.0000000000
58564  12.604  -6.580  56.637 0.0000000000
57234  13.425  -7.230  54.462 0.0000000000
57233  14.199  -6.856  54.227 0.0000000000
57166  6.796  -7.644  59.645 0.0000000000
57157  6.346  -7.107  60.136 0.0000000000
57159  4.754  -7.808  60.876 0.0000000000
56008  5.254  -8.227  60.240 0.0000000000
77617  33.955  9.431  38.029 0.0000000000
76512  32.304  8.506  39.326 0.0000000000
75384  31.443  7.758  38.401 0.0000000000
75383  31.717  7.997  39.050 0.0000000000
74269  31.642  6.149  39.023 0.0000000000
73055  32.420  5.080  38.711 0.0000000000
73012  35.005  5.519  41.238 0.0000000000
71924  34.457  4.148  39.172 0.0000000000
71914  34.193  4.509  39.326 0.0000000000
71935  33.966  3.659  37.947 0.0000000000
133348  34.174  2.966  37.897 0.0000000000
68635  33.514  1.707  38.037 0.0000000000
132757  32.881  1.545  38.708 0.0000000000
68615  31.965  1.476  38.942 0.0000000000
69758  32.809  2.165  41.274 0.0000000000
132410  31.207  1.581  40.637 0.0000000000
68618  28.810  0.844  38.888 0.0000000000
68599  29.007  0.937  39.801 0.0000000000
67357  27.484  -0.252  40.523 0.0000000000
139983  27.831  0.179  40.035 0.0000000000
66187  27.389  -0.452  39.804 0.0000000000
154277  26.923  -1.873  39.156 0.0000000000
149681  32.132  -4.927  49.681 0.0000000000
61237  32.823  -4.038  50.850 0.0000000000
61249  32.410  -4.317  49.511 0.0000000000
62408  32.450  -3.869  49.124 0.0000000000
62426  32.250  -3.803  48.466 0.0000000000
63589  32.711  -2.469  49.425 0.0000000000
63601  32.304  -2.986  48.732 0.0000000000
61291  31.353  -5.189  46.450 0.0000000000
61308  31.239  -4.944  45.754 0.0000000000
63612  30.941  -2.738  46.985 0.0000000000
141739  31.209  -2.460  47.882 0.0000000000
64816  31.769  -1.687  49.056 0.0000000000
64826  31.114  -1.694  48.548 0.0000000000
66083  31.289  -0.627  49.001 0.0000000000
66093  30.624  -0.484  48.323 0.0000000000
131920  30.637  0.693  47.555 0.0000000000
67286  30.877  1.334  46.740 0.0000000000
66125  29.123  0.123  44.756 0.0000000000
129681  29.606  0.687  44.325 0.0000000000
66126  28.687  -0.464  44.303 0.0000000000
62486  29.289  -3.804  42.943 0.0000000000
63656  29.097  -2.711  44.232 0.0000000000
63667  27.877  -2.434  42.425 0.0000000000
63658  28.114  -2.234  43.134 0.0000000000
64885  27.669  -1.558  42.536 0.0000000000
66162  27.727  -0.628  42.143 0.0000000000
78807  35.731  10.353  36.555 0.0000000000
78808  35.052  9.984  36.168 0.0000000000
76585  32.526  8.907  34.780 0.0000000000
150452  33.114  9.270  34.876 0.0000000000
77688  32.913  9.356  34.275 0.0000000000
77704  32.666  9.447  33.575 0.0000000000
76612  31.961  9.104  33.284 0.0000000000
74305  30.687  7.086  35.320 0.0000000000
75435  31.097  7.672  34.897 0.0000000000
75450  30.464  7.099  34.635 0.0000000000
74345  29.363  6.528  32.606 0.0000000000
137948  30.302  7.638  33.048 0.0000000000
74344  29.878  7.322  32.275 0.0000000000
75476  30.546  8.133  32.422 0.0000000000
75490  30.094  7.875  31.473 0.0000000000
141256  52.919  20.927  15.063 0.0000000000
89233  53.645  20.787  14.488 0.0000000000
86134  47.658  17.110  15.728 0.0000000000
79948  36.163  11.672  33.840 0.0000000000
133474  36.302  11.545  34.708 0.0000000000
78848  35.381  10.577  34.748 0.0000000000
58673  19.446  -6.524  48.405 0.0000000000
61253  23.045  -4.440  49.685 0.0000000000
61271  23.552  -4.452  48.610 0.0000000000
61272  22.647  -4.511  48.634 0.0000000000
61294  22.336  -4.581  47.804 0.0000000000
61312  21.879  -4.660  47.080 0.0000000000
60046  21.249  -4.851  46.482 0.0000000000
78901  39.605  10.469  28.852 0.0000000000
78900  40.484  10.208  28.726 0.0000000000
78920  39.890  10.149  28.245 0.0000000000
78954  39.670  10.698  26.793 0.0000000000
58581  18.919  -6.189  55.848 0.0000000000
57211  18.364  -6.297  55.062 0.0000000000
130190  17.976  -5.980  55.788 0.0000000000
56036  10.219  -8.316  57.307 0.0000000000
70771  35.206  3.024  45.140 0.0000000000
69725  33.595  2.355  43.547 0.0000000000
68539  32.199  1.932  44.660 0.0000000000
58760  27.639  -6.566  43.492 0.0000000000
73066  31.188  5.002  37.706 0.0000000000
71938  31.042  4.523  37.128 0.0000000000
71952  30.886  4.050  36.622 0.0000000000
139135  48.922  17.753  20.618 0.0000000000
134236  50.803  19.677  18.087 0.0000000000
78904  37.046  10.855  29.389 0.0000000000
148721  35.426  10.348  29.342 0.0000000000
77774  32.868  9.066  28.966 0.0000000000
127852  38.983  12.871  32.200 0.0000000000
79975  38.642  12.247  30.993 0.0000000000
79991  39.322  12.027  30.617 0.0000000000
79993  37.626  11.646  30.454 0.0000000000
56174  17.612  -8.712  47.389 0.0000000000
56157  14.838  -8.501  48.841 0.0000000000
59935  29.958  -4.810  51.223 0.0000000000
153998  30.173  -5.012  50.545 0.0000000000
128766  29.286  -4.764  50.642 0.0000000000
61310  24.560  -4.466  46.741 0.0000000000
60064  25.558  -4.890  45.400 0.0000000000
60113  23.602  -5.729  42.626 0.0000000000
60114  22.833  -5.887  42.439 0.0000000000
68651  31.965  1.170  37.384 0.0000000000
128070  45.066  14.625  24.235 0.0000000000
153670  45.727  14.827  24.485 0.0000000000
83068  45.051  14.914  23.290 0.0000000000
84083  44.292  15.583  20.209 0.0000000000
84095  44.293  15.565  19.308 0.0000000000
85022  45.455  16.378  19.576 0.0000000000
143246  45.461  16.400  18.751 0.0000000000
149984  45.468  16.328  18.212 0.0000000000
59942  22.976  -4.768  52.305 0.0000000000
59940  24.402  -4.782  52.417 0.0000000000
81080  44.008  12.646  26.554 0.0000000000
81081  43.459  12.645  25.881 0.0000000000
82036  42.885  12.740  25.303 0.0000000000
151909  19.977  -6.238  50.790 0.0000000000
57295  19.770  -6.315  51.267 0.0000000000
57282  18.568  -6.634  51.523 0.0000000000
57285  15.395  -7.251  51.221 0.0000000000
130569  14.849  -7.468  51.908 0.0000000000
57269  14.305  -7.652  52.539 0.0000000000
58535  14.939  -5.282  56.670 0.0000000000
56075  12.895  -7.930  53.953 0.0000000000
75367  31.955  7.711  39.848 0.0000000000
75352  32.347  7.743  40.771 0.0000000000
74236  32.294  6.830  40.497 0.0000000000
74254  32.761  5.824  40.170 0.0000000000
71877  36.006  4.560  42.432 0.0000000000
72995  35.879  5.356  42.083 0.0000000000
71888  35.696  4.655  41.560 0.0000000000
73026  35.234  4.921  40.979 0.0000000000
69796  34.325  2.654  38.682 0.0000000000
153849  31.411  1.782  42.125 0.0000000000
68579  31.307  1.694  41.386 0.0000000000
67343  29.086  0.853  40.575 0.0000000000
141054  27.916  0.218  40.888 0.0000000000
66175  27.506  -0.430  41.263 0.0000000000
149703  30.130  -6.037  48.391 0.0000000000
61250  32.102  -4.927  48.948 0.0000000000
59994  30.894  -5.865  48.044 0.0000000000
59993  31.587  -5.407  47.690 0.0000000000
61290  31.813  -4.812  47.019 0.0000000000
61321  30.963  -4.399  44.926 0.0000000000
62451  31.166  -3.873  45.656 0.0000000000
63623  30.827  -3.063  46.003 0.0000000000
64838  29.958  -1.804  47.162 0.0000000000
66111  29.476  0.169  46.188 0.0000000000
66103  29.212  -0.898  45.989 0.0000000000
64860  28.852  -0.910  45.136 0.0000000000
61354  28.797  -4.843  41.733 0.0000000000
62509  28.391  -4.073  41.414 0.0000000000
62510  27.769  -3.521  41.078 0.0000000000
139574  27.270  -2.819  41.054 0.0000000000
61384  27.493  -4.158  39.726 0.0000000000
77649  34.456  9.683  36.651 0.0000000000
77650  33.676  9.424  36.157 0.0000000000
134572  32.886  9.077  35.570 0.0000000000
76600  31.715  8.376  34.594 0.0000000000
73098  29.269  5.534  34.259 0.0000000000
74317  29.919  6.831  34.004 0.0000000000
73109  29.107  5.847  33.342 0.0000000000
138423  51.998  20.675  16.133 0.0000000000
79978  36.298  11.475  31.283 0.0000000000
79967  35.993  11.593  32.075 0.0000000000
78878  35.237  10.952  32.109 0.0000000000
79960  35.681  11.138  33.482 0.0000000000
77725  33.034  10.022  32.024 0.0000000000
77726  32.292  9.660  31.796 0.0000000000
81958  38.879  13.632  33.968 0.0000000000
143754  38.508  13.485  34.740 0.0000000000
128418  38.176  13.176  33.334 0.0000000000
81017  37.537  12.665  32.663 0.0000000000
57366  19.147  -7.259  46.933 0.0000000000
56173  18.280  -8.310  47.197 0.0000000000
57332  17.259  -7.819  48.551 0.0000000000
131676  26.098  -4.486  49.981 0.0000000000
59998  25.719  -4.510  49.210 0.0000000000
138974  25.338  -4.483  48.477 0.0000000000
142058  23.886  -4.452  47.582 0.0000000000
60066  23.298  -4.593  45.146 0.0000000000
60090  21.381  -4.839  44.538 0.0000000000
60091  20.795  -5.540  44.155 0.0000000000
60069  20.636  -5.290  45.024 0.0000000000
131969  43.043  14.733  21.648 0.0000000000
83088  42.389  14.500  21.290 0.0000000000
58609  23.858  -5.494  53.959 0.0000000000
58595  24.497  -5.583  54.607 0.0000000000
80003  42.094  10.596  29.694 0.0000000000
150486  41.984  10.086  28.855 0.0000000000
80043  42.467  11.138  26.878 0.0000000000
80059  42.182  11.701  26.202 0.0000000000
80061  40.658  11.489  25.719 0.0000000000
80062  39.791  11.367  25.317 0.0000000000
80071  39.357  11.666  24.417 0.0000000000
57247  19.647  -6.440  53.465 0.0000000000
57248  18.743  -6.547  53.649 0.0000000000
57230  17.991  -6.389  54.252 0.0000000000
57231  15.949  -6.342  53.792 0.0000000000
58537  13.125  -5.844  57.023 0.0000000000
56063  11.261  -8.639  55.343 0.0000000000
71869  36.106  4.455  43.333 0.0000000000
70829  35.650  3.794  42.061 0.0000000000
70830  35.151  3.217  41.641 0.0000000000
68562  32.811  2.124  43.168 0.0000000000
135626  31.918  1.977  42.767 0.0000000000
68563  31.078  1.607  42.787 0.0000000000
68564  30.342  1.235  42.727 0.0000000000
67323  29.786  0.910  43.496 0.0000000000
60041  29.149  -6.459  45.955 0.0000000000
60060  30.105  -6.186  45.199 0.0000000000
61322  30.607  -5.335  44.566 0.0000000000
61335  30.367  -4.230  44.143 0.0000000000
62472  29.827  -3.233  44.430 0.0000000000
60112  28.741  -5.690  42.094 0.0000000000
60125  28.346  -5.384  40.972 0.0000000000
76528  31.622  8.165  37.713 0.0000000000
76549  31.532  8.145  36.874 0.0000000000
75416  30.878  7.340  36.567 0.0000000000
74291  30.599  6.787  35.997 0.0000000000
74306  30.255  6.433  35.484 0.0000000000
73088  29.849  5.400  35.786 0.0000000000
73089  29.485  5.250  35.019 0.0000000000
71970  29.124  4.527  34.610 0.0000000000
89205  51.679  20.440  16.863 0.0000000000
88131  50.614  19.822  17.396 0.0000000000
133130  51.021  20.184  16.919 0.0000000000
77793  37.361  10.174  27.326 0.0000000000
78923  36.586  10.408  28.623 0.0000000000
77770  36.135  9.998  27.965 0.0000000000
79979  35.911  11.100  30.803 0.0000000000
78889  35.458  10.693  30.138 0.0000000000
77751  34.199  9.860  29.186 0.0000000000
130664  39.883  13.590  32.796 0.0000000000
145189  41.077  11.642  30.518 0.0000000000
80005  39.341  11.389  29.930 0.0000000000
145678  39.294  10.930  29.336 0.0000000000
61210  32.994  -4.201  52.541 0.0000000000
61224  32.971  -3.974  51.656 0.0000000000
61225  32.555  -4.488  51.316 0.0000000000
59952  31.856  -5.105  50.231 0.0000000000
59954  29.904  -5.280  49.826 0.0000000000
59973  30.561  -5.727  49.080 0.0000000000
59997  26.584  -4.536  48.956 0.0000000000
128065  27.055  -4.820  48.148 0.0000000000
60017  27.665  -5.441  47.931 0.0000000000
60042  28.044  -6.161  46.892 0.0000000000
60063  27.138  -6.236  45.263 0.0000000000
58743  26.866  -6.427  44.222 0.0000000000
133689  22.370  -4.973  43.608 0.0000000000
70884  33.328  2.917  36.501 0.0000000000
84989  47.642  16.351  22.281 0.0000000000
129141  45.168  15.492  21.870 0.0000000000
132737  45.830  15.695  22.016 0.0000000000
148854  46.287  15.864  22.135 0.0000000000
84997  47.731  16.877  21.518 0.0000000000
85006  47.793  17.267  20.903 0.0000000000
86081  47.424  17.317  20.200 0.0000000000
86094  46.712  17.093  19.681 0.0000000000
149898  47.973  17.686  19.698 0.0000000000
86092  48.021  17.869  18.933 0.0000000000
86101  47.918  18.049  17.987 0.0000000000
86113  47.304  17.554  17.452 0.0000000000
130975  21.195  -4.990  49.070 0.0000000000
138276  21.132  -5.326  51.871 0.0000000000
57263  20.541  -5.924  52.773 0.0000000000
57246  20.416  -6.121  53.342 0.0000000000
57243  23.681  -5.649  54.304 0.0000000000
57226  22.935  -5.971  54.594 0.0000000000
57244  22.270  -5.801  54.077 0.0000000000
57245  21.655  -5.703  53.592 0.0000000000
58580  19.812  -6.288  55.792 0.0000000000
62358  34.134  -3.270  53.468 0.0000000000
61209  33.442  -3.775  52.999 0.0000000000
134096  32.673  -4.686  52.801 0.0000000000
131959  31.686  -4.942  51.971 0.0000000000
130045  31.069  -4.828  51.927 0.0000000000
59916  31.415  -4.938  52.697 0.0000000000
59936  28.225  -4.556  51.175 0.0000000000
59937  27.182  -4.594  51.493 0.0000000000
59956  26.552  -4.560  50.798 0.0000000000
59979  23.801  -4.467  50.438 0.0000000000
59999  22.006  -4.589  49.437 0.0000000000
83052  45.885  14.279  25.699 0.0000000000
82034  44.382  13.523  25.539 0.0000000000
82047  44.831  14.261  24.879 0.0000000000
83063  44.265  14.142  24.426 0.0000000000
83070  43.073  14.261  23.206 0.0000000000
81082  42.323  12.306  25.590 0.0000000000
81095  42.043  12.804  24.807 0.0000000000
82050  42.105  13.434  23.993 0.0000000000
82059  42.299  13.804  23.387 0.0000000000
82069  42.086  13.998  22.644 0.0000000000
58659  19.549  -6.488  49.322 0.0000000000
57314  19.153  -6.742  49.796 0.0000000000
57316  17.444  -7.297  49.254 0.0000000000
142445  18.880  -6.553  52.284 0.0000000000
57283  17.563  -6.717  51.212 0.0000000000
56120  14.819  -8.038  49.465 0.0000000000
58582  16.273  -5.927  55.211 0.0000000000
58597  15.610  -6.190  54.639 0.0000000000
57232  14.988  -6.558  54.049 0.0000000000
58585  13.664  -6.296  55.636 0.0000000000
56100  13.427  -8.390  52.361 0.0000000000
57165  7.601  -7.461  59.514 0.0000000000
56018  6.418  -8.410  59.286 0.0000000000
56019  5.689  -8.728  59.593 0.0000000000
57158  5.513  -7.314  60.557 0.0000000000
79915  36.829  11.134  36.440 0.0000000000
76547  33.042  8.987  37.677 0.0000000000
74256  31.555  7.243  39.087 0.0000000000
71936  33.228  3.839  37.525 0.0000000000
73042  33.621  5.070  39.665 0.0000000000
73041  34.303  4.825  39.886 0.0000000000
73054  33.489  4.702  38.982 0.0000000000
71926  33.372  4.273  38.284 0.0000000000
153688  34.068  2.261  38.129 0.0000000000
68650  33.208  1.553  37.087 0.0000000000
68638  30.228  1.200  38.271 0.0000000000
69771  33.742  2.306  40.604 0.0000000000
145290  32.837  2.023  40.556 0.0000000000
140533  32.480  1.771  40.140 0.0000000000
68596  31.673  1.574  39.896 0.0000000000
68616  30.896  1.397  39.125 0.0000000000
67384  29.233  0.939  38.149 0.0000000000
67385  28.560  0.489  38.093 0.0000000000
67386  28.142  0.101  38.314 0.0000000000
67368  28.340  0.535  39.488 0.0000000000
154013  27.858  -0.307  38.612 0.0000000000
62384  33.493  -3.265  51.585 0.0000000000
62397  33.511  -3.037  50.988 0.0000000000
63573  33.420  -2.789  50.471 0.0000000000
61268  32.276  -4.337  48.777 0.0000000000
153399  33.030  -3.168  50.197 0.0000000000
143544  33.882  -2.097  50.531 0.0000000000
64800  33.009  -1.536  49.824 0.0000000000
60039  30.724  -5.864  46.461 0.0000000000
62450  31.686  -3.703  46.818 0.0000000000
146749  32.086  -3.262  48.042 0.0000000000
63602  31.797  -2.560  48.390 0.0000000000
64815  32.388  -1.624  49.467 0.0000000000
66068  32.529  -0.504  49.722 0.0000000000
66082  31.811  0.130  49.277 0.0000000000
151174  31.785  1.640  48.092 0.0000000000
68490  32.285  2.184  47.416 0.0000000000
68505  32.282  2.151  46.476 0.0000000000
68523  31.412  1.727  45.160 0.0000000000
67300  30.017  0.919  45.812 0.0000000000
67299  30.531  1.315  45.100 0.0000000000
67312  30.235  1.122  44.316 0.0000000000
63666  28.482  -3.047  42.680 0.0000000000
63647  28.363  -1.950  43.999 0.0000000000
141642  28.220  -0.979  43.844 0.0000000000
66144  28.468  -0.196  43.468 0.0000000000
66161  28.211  -0.032  42.598 0.0000000000
64918  27.079  -1.049  40.541 0.0000000000
63701  26.937  -2.682  40.149 0.0000000000
134840  26.854  -1.896  39.912 0.0000000000
78830  36.229  10.772  36.107 0.0000000000
78831  35.622  10.522  35.644 0.0000000000
78849  34.761  10.199  34.377 0.0000000000
77671  34.332  9.741  35.735 0.0000000000
77686  34.225  9.854  34.864 0.0000000000
77702  34.152  9.915  34.079 0.0000000000
154311  32.992  9.714  33.225 0.0000000000
77716  32.567  9.603  32.752 0.0000000000
75415  31.495  8.122  35.913 0.0000000000
76587  31.484  8.079  35.211 0.0000000000
75463  30.434  7.443  33.760 0.0000000000
76613  31.516  8.487  33.758 0.0000000000
131575  31.295  8.611  32.892 0.0000000000
76624  31.141  8.757  32.003 0.0000000000
76634  31.062  8.771  31.153 0.0000000000
87129  48.498  18.518  16.545 0.0000000000
87134  48.553  18.351  15.601 0.0000000000
86133  48.248  17.610  15.303 0.0000000000
58610  23.279  -5.505  53.855 0.0000000000
58765  20.654  -6.631  43.339 0.0000000000
59914  32.692  -4.447  52.062 0.0000000000
59953  31.293  -5.217  50.566 0.0000000000
59975  27.542  -4.604  49.674 0.0000000000
60089  22.104  -4.757  44.177 0.0000000000
61195  33.476  -3.838  53.712 0.0000000000
61248  32.681  -3.989  50.205 0.0000000000
62371  34.040  -3.096  52.660 0.0000000000
62385  33.150  -3.540  51.103 0.0000000000
62407  32.718  -3.580  49.794 0.0000000000
62425  32.545  -3.290  49.217 0.0000000000
62522  27.308  -3.459  40.360 0.0000000000
63572  34.014  -2.523  50.952 0.0000000000
66209  27.792  -0.838  38.582 0.0000000000
74318  29.543  6.206  33.987 0.0000000000
74327  29.896  7.110  33.203 0.0000000000
74365  29.450  6.678  31.759 0.0000000000
76650  30.500  8.295  30.793 0.0000000000
77703  33.470  9.752  33.666 0.0000000000
77727  31.655  9.200  31.482 0.0000000000
81027  36.630  11.907  31.665 0.0000000000
129472  26.959  -1.992  40.893 0.0000000000
129538  25.591  -4.810  52.507 0.0000000000
129755  31.487  -5.441  48.531 0.0000000000
141251  33.931  -2.780  51.363 0.0000000000
149204  21.659  -4.793  47.728 0.0000000000
151228  30.742  3.759  36.247 0.0000000000
152161  34.097  9.980  33.589 0.0000000000
152165  36.093  10.867  35.600 0.0000000000
153321  24.075  -5.593  54.340 0.0000000000
153616  29.579  0.539  45.639 0.0000000000
