#!ascii label  , from subject sub-v1s20x0050274_ses-1 vox2ras=TkReg
960
87042  52.711  0.203  23.976 0.0000000000
87190  56.198  0.901  13.798 0.0000000000
126049  62.244  3.703  14.936 0.0000000000
144134  48.880  1.693  4.811 0.0000000000
144562  49.930  -0.118  18.193 0.0000000000
86149  65.125  -0.308  21.686 0.0000000000
89152  55.458  2.034  7.299 0.0000000000
92019  49.637  5.614  13.232 0.0000000000
126191  59.875  -0.726  20.314 0.0000000000
126770  55.057  0.556  19.078 0.0000000000
87195  51.784  0.038  13.958 0.0000000000
90047  56.344  3.500  18.565 0.0000000000
128261  54.323  5.137  10.454 0.0000000000
87185  61.658  0.496  13.269 0.0000000000
91171  58.054  5.053  6.545 0.0000000000
90068  51.308  3.521  17.250 0.0000000000
86134  56.277  -0.421  22.492 0.0000000000
136364  54.190  0.021  21.694 0.0000000000
87146  51.087  -0.006  16.003 0.0000000000
124351  61.821  2.695  19.827 0.0000000000
139642  59.072  2.493  21.271 0.0000000000
90077  59.261  3.479  16.272 0.0000000000
90115  56.241  3.628  14.414 0.0000000000
91081  58.165  4.358  13.037 0.0000000000
87122  58.430  0.121  17.360 0.0000000000
87119  61.142  -0.017  17.178 0.0000000000
145526  58.831  0.540  14.036 0.0000000000
89177  53.089  3.548  2.584 0.0000000000
89162  57.219  3.582  5.625 0.0000000000
141936  53.126  3.616  5.646 0.0000000000
89137  53.481  3.692  7.346 0.0000000000
87255  49.849  0.982  7.559 0.0000000000
149909  45.562  -0.945  9.683 0.0000000000
86109  51.132  -0.371  24.024 0.0000000000
87071  52.002  0.094  21.261 0.0000000000
143096  64.796  2.488  17.863 0.0000000000
88066  54.184  1.011  11.268 0.0000000000
141044  56.099  1.468  10.877 0.0000000000
87253  53.660  0.526  7.780 0.0000000000
132358  52.570  0.764  4.382 0.0000000000
85224  61.419  -2.153  24.189 0.0000000000
85238  58.908  -1.518  23.766 0.0000000000
86184  57.554  -0.068  20.222 0.0000000000
87140  56.197  0.506  16.607 0.0000000000
127029  52.325  0.557  18.885 0.0000000000
87143  53.331  0.446  16.716 0.0000000000
87193  53.740  0.653  13.830 0.0000000000
147255  51.715  -0.432  11.586 0.0000000000
87045  49.584  0.440  24.644 0.0000000000
146133  57.317  4.001  23.522 0.0000000000
90034  54.194  3.588  20.025 0.0000000000
90101  53.202  3.468  15.582 0.0000000000
92032  51.464  5.513  12.120 0.0000000000
91149  49.382  5.551  8.956 0.0000000000
129485  63.140  -2.571  20.446 0.0000000000
132418  64.331  -0.088  16.408 0.0000000000
89100  64.205  3.022  13.170 0.0000000000
145952  59.308  1.413  9.197 0.0000000000
89132  61.363  2.582  7.952 0.0000000000
91125  61.004  4.596  10.067 0.0000000000
91143  57.196  5.165  9.282 0.0000000000
91146  51.775  4.732  8.568 0.0000000000
90069  49.569  3.967  17.738 0.0000000000
90037  51.323  3.691  18.879 0.0000000000
87051  54.931  0.200  23.652 0.0000000000
86122  53.437  -0.371  23.102 0.0000000000
125276  62.096  3.149  17.720 0.0000000000
89065  60.668  3.153  18.450 0.0000000000
146298  60.578  3.609  15.630 0.0000000000
132626  58.927  3.863  14.317 0.0000000000
142229  60.142  4.299  13.801 0.0000000000
87159  56.975  0.504  15.125 0.0000000000
87157  58.811  0.381  14.835 0.0000000000
87189  57.544  0.753  13.655 0.0000000000
88142  50.002  2.439  3.815 0.0000000000
89170  52.742  3.811  3.065 0.0000000000
88132  51.645  3.332  4.862 0.0000000000
88124  51.428  2.399  6.297 0.0000000000
87265  49.363  1.609  5.982 0.0000000000
126632  47.009  0.259  7.370 0.0000000000
87274  46.767  0.887  5.273 0.0000000000
86140  50.397  -0.740  22.837 0.0000000000
125022  64.770  1.758  20.180 0.0000000000
140476  65.055  1.177  19.336 0.0000000000
87235  53.264  0.784  9.890 0.0000000000
151614  53.910  1.178  9.966 0.0000000000
87254  52.905  0.162  8.378 0.0000000000
86304  52.072  -0.006  5.194 0.0000000000
86320  51.403  0.112  3.156 0.0000000000
87284  51.094  1.032  2.781 0.0000000000
146267  55.449  0.163  20.875 0.0000000000
126160  57.149  -0.233  21.043 0.0000000000
87094  56.596  0.327  19.560 0.0000000000
126767  56.571  0.450  17.940 0.0000000000
126766  55.662  0.511  18.338 0.0000000000
87084  50.822  0.447  20.321 0.0000000000
87082  52.465  0.359  20.503 0.0000000000
87111  51.362  0.573  18.679 0.0000000000
86243  51.371  -0.116  14.741 0.0000000000
87144  52.460  0.409  16.488 0.0000000000
135210  52.855  0.512  15.051 0.0000000000
87162  53.798  0.528  15.268 0.0000000000
152285  53.122  0.551  13.913 0.0000000000
87212  52.750  0.313  12.802 0.0000000000
86251  52.041  -0.082  13.061 0.0000000000
84410  51.398  -2.538  9.922 0.0000000000
89058  57.768  3.042  20.156 0.0000000000
141387  58.169  2.615  22.435 0.0000000000
89048  56.768  2.999  21.380 0.0000000000
128740  55.768  3.522  22.229 0.0000000000
129157  55.620  3.484  19.227 0.0000000000
126748  53.670  3.450  18.052 0.0000000000
90065  55.309  3.478  17.491 0.0000000000
90150  55.581  4.125  12.609 0.0000000000
91082  53.885  4.232  12.982 0.0000000000
91116  52.958  5.100  11.432 0.0000000000
92053  50.834  6.669  10.461 0.0000000000
92052  52.403  6.705  9.725 0.0000000000
151201  60.448  -2.021  22.544 0.0000000000
85234  62.213  -2.159  23.265 0.0000000000
86168  61.495  -1.577  20.329 0.0000000000
87155  61.641  0.234  15.446 0.0000000000
86226  63.103  -0.387  16.701 0.0000000000
87170  63.061  0.708  14.484 0.0000000000
149689  64.501  1.538  14.707 0.0000000000
88041  63.165  1.498  13.120 0.0000000000
89124  56.106  2.021  9.010 0.0000000000
150156  57.497  1.465  10.512 0.0000000000
88108  56.980  2.005  8.580 0.0000000000
90202  58.979  4.054  5.811 0.0000000000
89148  59.890  2.767  6.140 0.0000000000
90194  60.947  3.903  5.949 0.0000000000
91139  61.776  3.996  8.903 0.0000000000
91155  60.195  4.798  7.621 0.0000000000
127036  59.301  4.887  9.843 0.0000000000
92072  56.960  6.011  7.215 0.0000000000
88098  51.493  1.892  9.010 0.0000000000
90188  53.256  4.640  7.951 0.0000000000
88081  51.237  2.351  9.946 0.0000000000
89118  50.814  2.674  10.596 0.0000000000
86115  65.181  -0.890  23.309 0.0000000000
91061  48.860  4.873  15.608 0.0000000000
91059  50.222  4.361  14.902 0.0000000000
86107  56.846  -0.154  23.804 0.0000000000
87050  55.902  0.069  23.650 0.0000000000
86135  55.562  -0.327  22.439 0.0000000000
87080  54.583  0.413  20.370 0.0000000000
151469  50.493  0.117  17.730 0.0000000000
89043  60.683  2.427  20.983 0.0000000000
89066  59.724  3.216  18.827 0.0000000000
90062  58.292  3.519  17.719 0.0000000000
90080  56.469  3.477  16.128 0.0000000000
90097  57.375  3.552  15.268 0.0000000000
90131  57.650  3.929  13.761 0.0000000000
91097  56.848  4.431  12.183 0.0000000000
86199  59.492  -0.070  18.855 0.0000000000
86198  60.892  -0.393  19.130 0.0000000000
143699  59.717  -0.026  16.717 0.0000000000
133994  59.904  0.085  15.001 0.0000000000
131465  60.253  0.384  13.213 0.0000000000
88130  55.140  2.391  4.360 0.0000000000
89150  56.786  2.647  6.662 0.0000000000
88129  55.446  3.445  4.048 0.0000000000
90209  55.705  4.200  4.358 0.0000000000
91182  55.851  4.953  5.444 0.0000000000
91174  55.419  5.697  6.574 0.0000000000
89154  53.185  3.019  6.948 0.0000000000
88112  51.580  1.796  7.801 0.0000000000
87247  49.992  0.834  8.972 0.0000000000
86296  45.783  -1.272  8.789 0.0000000000
86108  51.943  -0.114  23.914 0.0000000000
86123  52.620  -0.320  23.383 0.0000000000
86139  51.248  -0.574  22.794 0.0000000000
86170  50.164  0.018  20.998 0.0000000000
87085  50.002  0.302  19.970 0.0000000000
143062  63.332  2.217  21.286 0.0000000000
124350  63.693  3.174  18.385 0.0000000000
125519  63.711  3.736  17.111 0.0000000000
88054  55.312  1.126  12.245 0.0000000000
88053  56.247  1.230  12.277 0.0000000000
88078  55.380  1.362  10.738 0.0000000000
148872  55.095  1.501  10.006 0.0000000000
88109  54.851  1.529  7.514 0.0000000000
87264  52.967  0.082  7.284 0.0000000000
87263  53.672  0.593  6.390 0.0000000000
88131  54.443  1.355  5.339 0.0000000000
88148  53.141  2.603  2.686 0.0000000000
88150  50.556  1.996  3.160 0.0000000000
87286  49.077  1.566  3.837 0.0000000000
86314  47.109  0.599  4.797 0.0000000000
85226  59.968  -1.886  24.141 0.0000000000
150713  59.544  -1.369  22.282 0.0000000000
86132  58.074  -1.115  23.417 0.0000000000
127008  58.051  -0.468  21.118 0.0000000000
140946  59.010  -0.580  20.676 0.0000000000
87108  58.064  0.076  18.254 0.0000000000
87139  57.044  0.516  16.598 0.0000000000
87160  56.146  0.555  15.156 0.0000000000
87070  52.727  0.069  21.307 0.0000000000
127748  53.272  0.503  20.070 0.0000000000
87097  53.989  0.605  19.763 0.0000000000
87123  52.054  0.476  17.990 0.0000000000
126763  52.980  0.531  18.196 0.0000000000
149825  54.278  0.537  17.730 0.0000000000
87142  54.292  0.451  16.892 0.0000000000
150788  54.590  0.548  15.022 0.0000000000
87191  55.361  0.776  13.737 0.0000000000
87210  54.010  0.865  13.093 0.0000000000
136178  53.439  0.702  11.542 0.0000000000
86279  52.043  -0.260  9.740 0.0000000000
86271  51.350  -1.037  10.982 0.0000000000
86280  51.550  -0.939  10.105 0.0000000000
87043  51.455  0.268  24.276 0.0000000000
87044  50.558  0.110  24.411 0.0000000000
87046  48.814  0.243  24.848 0.0000000000
91937  59.360  5.894  24.063 0.0000000000
91940  56.691  5.445  23.356 0.0000000000
90051  52.709  3.461  18.028 0.0000000000
90085  51.787  3.459  16.460 0.0000000000
90120  51.839  3.699  15.013 0.0000000000
90100  54.798  3.496  14.986 0.0000000000
90136  52.908  3.905  14.084 0.0000000000
91101  51.061  5.307  12.804 0.0000000000
85275  64.112  -1.951  20.596 0.0000000000
86179  62.552  -1.541  19.036 0.0000000000
86195  63.615  -1.133  17.976 0.0000000000
86193  64.489  -0.297  19.193 0.0000000000
87131  65.138  0.939  17.286 0.0000000000
124364  64.770  2.688  15.525 0.0000000000
143203  63.109  4.013  14.577 0.0000000000
88051  58.287  1.159  11.928 0.0000000000
88050  59.567  0.861  11.607 0.0000000000
87234  60.604  -0.138  10.857 0.0000000000
89133  58.757  2.267  6.849 0.0000000000
88091  60.842  0.947  8.730 0.0000000000
87220  61.402  -0.092  10.889 0.0000000000
89111  62.315  2.446  11.658 0.0000000000
141521  62.031  3.558  11.326 0.0000000000
90147  61.465  4.107  12.909 0.0000000000
91109  59.601  4.675  11.584 0.0000000000
129484  57.470  4.720  10.479 0.0000000000
91128  55.614  4.975  10.190 0.0000000000
91159  54.491  6.342  7.362 0.0000000000
92060  54.321  6.398  8.359 0.0000000000
92062  52.463  6.842  8.787 0.0000000000
92077  50.635  5.872  8.399 0.0000000000
85355  44.456  -1.267  10.781 0.0000000000
126686  50.917  4.033  19.570 0.0000000000
91017  51.387  4.339  20.249 0.0000000000
87041  53.531  0.656  24.219 0.0000000000
149470  54.121  0.286  23.774 0.0000000000
87052  53.436  0.018  23.592 0.0000000000
124369  62.122  3.321  15.762 0.0000000000
149938  61.966  3.193  16.788 0.0000000000
90094  61.348  3.632  15.317 0.0000000000
130347  60.594  3.851  14.943 0.0000000000
90111  61.519  4.002  14.511 0.0000000000
87174  56.542  0.705  14.481 0.0000000000
138322  57.311  0.652  14.408 0.0000000000
145086  56.878  0.867  13.901 0.0000000000
88134  49.553  2.332  4.679 0.0000000000
88133  50.637  3.041  4.441 0.0000000000
127457  50.324  2.197  5.739 0.0000000000
132970  47.986  1.238  5.381 0.0000000000
86130  65.352  -0.284  22.615 0.0000000000
87066  65.155  0.453  21.162 0.0000000000
88004  65.135  1.132  20.677 0.0000000000
87077  65.043  0.536  20.363 0.0000000000
87246  52.682  0.296  9.330 0.0000000000
86326  50.976  -0.763  3.140 0.0000000000
85400  50.400  -1.003  3.172 0.0000000000
86327  50.402  -0.540  3.037 0.0000000000
92034  49.302  6.282  12.306 0.0000000000
141425  55.275  0.419  19.894 0.0000000000
87079  56.069  0.264  20.157 0.0000000000
87095  55.866  0.450  19.300 0.0000000000
87099  50.661  0.517  19.358 0.0000000000
87112  50.544  0.357  18.451 0.0000000000
87178  52.063  0.355  14.744 0.0000000000
87194  52.688  0.474  14.327 0.0000000000
151258  52.253  0.344  14.165 0.0000000000
148657  52.547  0.355  13.642 0.0000000000
90031  57.283  3.289  19.613 0.0000000000
89047  57.559  2.788  21.017 0.0000000000
129770  56.558  3.417  19.443 0.0000000000
90032  55.974  3.372  20.149 0.0000000000
127027  55.509  3.491  18.291 0.0000000000
90064  56.150  3.497  17.704 0.0000000000
128126  55.169  4.235  11.839 0.0000000000
138023  54.456  4.273  12.328 0.0000000000
91115  53.639  5.011  10.871 0.0000000000
92043  52.297  5.860  10.865 0.0000000000
91129  53.008  5.865  10.389 0.0000000000
85278  60.551  -1.446  20.896 0.0000000000
126555  61.277  -2.019  21.168 0.0000000000
86181  60.729  -0.901  19.932 0.0000000000
132946  61.381  0.277  13.922 0.0000000000
127680  61.955  0.499  14.611 0.0000000000
87171  62.452  0.767  13.702 0.0000000000
88034  63.568  1.238  13.814 0.0000000000
88042  62.234  0.904  12.880 0.0000000000
89136  55.666  2.037  8.267 0.0000000000
89135  56.379  2.179  7.940 0.0000000000
91179  59.299  4.465  5.952 0.0000000000
90200  60.540  4.181  5.311 0.0000000000
91178  60.180  4.417  5.607 0.0000000000
91168  60.682  4.419  6.888 0.0000000000
91170  59.186  4.912  6.546 0.0000000000
91156  58.547  5.232  7.853 0.0000000000
92071  57.868  5.456  7.065 0.0000000000
88099  50.812  1.516  9.544 0.0000000000
89126  51.769  2.732  9.306 0.0000000000
144727  50.323  1.188  10.014 0.0000000000
88082  50.678  1.864  10.435 0.0000000000
152220  50.305  3.679  17.296 0.0000000000
91050  49.282  4.356  16.425 0.0000000000
90087  50.029  3.846  16.399 0.0000000000
91060  49.721  4.297  15.624 0.0000000000
90104  50.526  3.840  15.651 0.0000000000
87038  56.347  0.538  24.164 0.0000000000
86136  54.731  -0.282  22.502 0.0000000000
86120  55.383  -0.342  23.117 0.0000000000
86155  55.110  -0.109  21.751 0.0000000000
87068  54.143  0.311  20.926 0.0000000000
124824  61.651  2.493  20.743 0.0000000000
149777  61.267  2.386  21.311 0.0000000000
125063  60.981  2.591  20.044 0.0000000000
89074  60.472  3.383  17.652 0.0000000000
89075  59.820  3.421  18.011 0.0000000000
90044  59.008  3.404  18.309 0.0000000000
129768  58.764  3.500  16.967 0.0000000000
129153  57.870  3.552  16.937 0.0000000000
90078  58.379  3.518  16.238 0.0000000000
90130  58.538  4.062  13.760 0.0000000000
90148  57.243  4.270  12.996 0.0000000000
130533  57.812  4.546  12.124 0.0000000000
87107  58.957  0.021  18.141 0.0000000000
87121  59.326  -0.009  17.337 0.0000000000
87137  58.940  0.071  16.458 0.0000000000
142297  59.160  0.143  15.600 0.0000000000
87173  59.529  0.371  14.177 0.0000000000
87172  60.426  0.174  14.008 0.0000000000
87187  59.358  0.572  13.407 0.0000000000
88140  54.142  2.402  3.707 0.0000000000
149517  55.809  2.620  4.741 0.0000000000
88139  54.547  3.391  3.592 0.0000000000
89164  53.445  4.031  4.010 0.0000000000
90211  54.056  3.995  3.502 0.0000000000
90205  55.492  4.575  4.523 0.0000000000
139819  56.107  4.704  4.962 0.0000000000
90206  54.546  4.370  4.553 0.0000000000
90195  55.263  4.709  5.827 0.0000000000
89153  53.764  3.856  5.982 0.0000000000
136889  50.665  1.530  7.016 0.0000000000
88111  52.367  2.428  7.390 0.0000000000
88113  50.750  1.338  8.354 0.0000000000
87256  48.930  0.641  7.925 0.0000000000
142105  46.026  -0.758  7.248 0.0000000000
86294  46.348  -0.298  7.392 0.0000000000
86124  51.647  -0.466  23.457 0.0000000000
86159  50.748  -0.343  21.979 0.0000000000
86171  49.485  -0.074  20.405 0.0000000000
146213  64.503  2.198  19.358 0.0000000000
124908  64.020  2.262  20.016 0.0000000000
124352  64.276  2.563  18.740 0.0000000000
143798  64.279  3.563  17.310 0.0000000000
87223  54.311  0.972  12.156 0.0000000000
88065  54.908  1.169  11.414 0.0000000000
88097  53.775  1.180  9.328 0.0000000000
88096  54.481  1.450  9.432 0.0000000000
88110  54.192  1.197  8.399 0.0000000000
138024  54.953  1.707  8.437 0.0000000000
86298  52.305  -0.390  6.780 0.0000000000
87273  52.809  0.267  5.880 0.0000000000
88122  54.409  1.048  6.994 0.0000000000
87272  53.384  1.219  4.465 0.0000000000
87278  52.686  1.588  3.140 0.0000000000
87285  50.061  1.137  3.295 0.0000000000
152257  51.495  1.869  2.674 0.0000000000
88151  49.596  2.005  3.662 0.0000000000
86313  48.635  0.824  4.257 0.0000000000
86104  59.585  -1.162  24.396 0.0000000000
85237  59.696  -1.886  23.835 0.0000000000
85248  59.555  -1.585  23.208 0.0000000000
86119  56.417  -0.425  23.202 0.0000000000
86118  57.438  -0.731  23.643 0.0000000000
86133  57.176  -0.660  22.738 0.0000000000
86153  57.412  -0.549  21.820 0.0000000000
86183  58.359  -0.220  19.979 0.0000000000
86200  58.646  -0.041  19.014 0.0000000000
87092  57.745  0.060  19.228 0.0000000000
126762  56.633  0.511  17.205 0.0000000000
127831  56.587  0.507  15.865 0.0000000000
127830  55.706  0.521  15.886 0.0000000000
86157  52.462  -0.222  21.962 0.0000000000
86137  52.972  -0.417  22.621 0.0000000000
143559  52.605  0.529  19.651 0.0000000000
126768  53.328  0.595  19.122 0.0000000000
87125  50.802  0.113  16.853 0.0000000000
126269  51.130  0.424  17.780 0.0000000000
87124  51.785  0.399  17.105 0.0000000000
126758  52.705  0.465  17.339 0.0000000000
126759  53.576  0.507  17.536 0.0000000000
87176  54.162  0.604  14.458 0.0000000000
133160  54.959  0.609  14.420 0.0000000000
87192  54.518  0.710  13.749 0.0000000000
140528  52.879  0.376  12.079 0.0000000000
87224  52.496  0.211  11.313 0.0000000000
87236  52.525  0.270  10.284 0.0000000000
86270  51.854  -0.281  10.669 0.0000000000
85347  51.045  -1.875  11.275 0.0000000000
85354  51.271  -1.768  10.435 0.0000000000
134642  51.479  -1.686  9.582 0.0000000000
87974  51.067  1.029  24.418 0.0000000000
151243  50.233  1.219  24.517 0.0000000000
145414  49.918  -0.397  24.451 0.0000000000
89023  57.537  2.899  22.686 0.0000000000
89978  58.751  4.242  24.145 0.0000000000
90986  58.384  4.721  24.103 0.0000000000
91938  58.375  5.581  23.940 0.0000000000
91939  57.448  5.534  23.616 0.0000000000
92758  57.850  6.225  23.429 0.0000000000
90987  57.015  4.677  23.526 0.0000000000
90022  54.644  3.540  20.910 0.0000000000
90023  53.403  3.673  20.369 0.0000000000
150964  52.648  3.595  19.441 0.0000000000
90035  53.373  3.591  19.620 0.0000000000
90083  53.728  3.415  16.494 0.0000000000
90067  53.200  3.418  17.254 0.0000000000
90084  52.723  3.415  16.454 0.0000000000
90102  52.237  3.498  15.719 0.0000000000
150419  52.544  3.586  15.104 0.0000000000
90098  56.533  3.512  15.249 0.0000000000
126745  55.913  3.465  15.677 0.0000000000
90099  55.671  3.493  15.045 0.0000000000
128992  53.019  4.631  12.481 0.0000000000
90135  53.698  3.804  13.990 0.0000000000
133477  52.343  4.665  12.978 0.0000000000
91084  51.703  4.708  13.368 0.0000000000
133126  51.758  5.056  12.682 0.0000000000
92046  49.682  6.669  11.500 0.0000000000
92045  50.691  6.119  11.634 0.0000000000
92064  49.659  6.618  9.025 0.0000000000
86101  62.468  -1.605  24.631 0.0000000000
85261  62.676  -2.287  21.163 0.0000000000
131948  62.959  -1.894  23.018 0.0000000000
85260  63.471  -2.179  21.117 0.0000000000
85259  64.264  -1.564  21.712 0.0000000000
85276  63.668  -2.585  20.011 0.0000000000
86214  60.826  -0.207  18.129 0.0000000000
86197  61.758  -0.634  18.688 0.0000000000
86213  61.896  -0.331  17.788 0.0000000000
86212  62.865  -0.568  17.464 0.0000000000
86211  64.079  -0.732  17.386 0.0000000000
86194  64.163  -0.978  18.093 0.0000000000
86210  64.555  -0.284  17.654 0.0000000000
87117  65.010  0.628  18.008 0.0000000000
87132  64.996  0.525  16.630 0.0000000000
88033  64.239  1.666  14.030 0.0000000000
125002  64.985  1.840  15.292 0.0000000000
125824  64.366  3.368  13.950 0.0000000000
124929  64.363  3.585  14.863 0.0000000000
89105  64.080  3.744  13.188 0.0000000000
88063  56.618  1.454  11.462 0.0000000000
88052  57.218  1.297  12.164 0.0000000000
88075  58.154  1.366  10.307 0.0000000000
88061  58.788  1.186  10.957 0.0000000000
127388  59.324  1.185  9.925 0.0000000000
88074  59.838  0.669  10.655 0.0000000000
89149  57.813  2.683  6.344 0.0000000000
89146  60.926  2.993  6.833 0.0000000000
88119  60.383  2.463  6.948 0.0000000000
88090  61.409  1.454  8.664 0.0000000000
88073  61.297  0.471  9.523 0.0000000000
129103  61.951  1.219  9.377 0.0000000000
145138  61.954  0.700  10.756 0.0000000000
89116  62.293  2.423  9.756 0.0000000000
91124  61.726  4.131  9.727 0.0000000000
90167  62.205  3.484  10.274 0.0000000000
90160  61.515  4.116  10.756 0.0000000000
90146  62.009  3.538  12.390 0.0000000000
91093  61.305  4.191  11.925 0.0000000000
131950  60.341  4.541  12.169 0.0000000000
91108  60.675  4.530  11.183 0.0000000000
126990  58.317  5.125  9.392 0.0000000000
128191  58.451  4.824  10.578 0.0000000000
91127  56.525  4.666  10.388 0.0000000000
127476  56.150  5.380  9.310 0.0000000000
91175  54.485  5.534  6.819 0.0000000000
92086  55.389  6.448  7.120 0.0000000000
90187  53.897  4.857  7.206 0.0000000000
91161  52.279  5.363  8.295 0.0000000000
129303  52.814  6.009  8.026 0.0000000000
92074  52.941  6.475  8.163 0.0000000000
92061  53.458  6.573  8.779 0.0000000000
92075  52.065  6.394  8.356 0.0000000000
92898  51.713  6.873  8.649 0.0000000000
91162  51.299  5.655  8.368 0.0000000000
88068  49.956  1.463  11.700 0.0000000000
90161  50.328  2.952  11.144 0.0000000000
129791  46.096  -0.531  9.994 0.0000000000
85360  44.519  -1.651  9.955 0.0000000000
130209  49.165  4.416  18.258 0.0000000000
90053  50.036  3.760  18.169 0.0000000000
90052  50.865  3.677  18.078 0.0000000000
86121  54.269  -0.199  23.209 0.0000000000
132628  53.828  -0.267  22.528 0.0000000000
143070  62.126  2.906  19.085 0.0000000000
125449  61.263  2.775  19.171 0.0000000000
143071  61.254  3.219  17.664 0.0000000000
89082  60.780  3.343  16.944 0.0000000000
90076  60.188  3.488  16.257 0.0000000000
129152  58.873  3.520  15.679 0.0000000000
90095  59.723  3.597  15.461 0.0000000000
90112  59.762  3.934  14.500 0.0000000000
91080  59.060  4.440  13.098 0.0000000000
87138  57.937  0.351  16.572 0.0000000000
127833  58.353  0.371  15.724 0.0000000000
87158  57.841  0.540  15.036 0.0000000000
138323  58.105  0.540  14.230 0.0000000000
87188  58.388  0.651  13.466 0.0000000000
89178  52.372  3.288  2.537 0.0000000000
89169  53.474  3.853  3.003 0.0000000000
89171  51.743  3.592  3.496 0.0000000000
89165  52.414  3.822  4.320 0.0000000000
88123  52.409  3.075  6.081 0.0000000000
87266  48.666  1.049  6.712 0.0000000000
87267  47.352  0.836  6.545 0.0000000000
87268  46.177  0.374  6.087 0.0000000000
86300  45.977  -0.421  6.423 0.0000000000
86110  50.360  -0.683  24.133 0.0000000000
86125  50.792  -0.705  23.547 0.0000000000
142794  64.196  1.960  20.943 0.0000000000
142963  64.926  1.480  20.967 0.0000000000
142962  64.963  1.757  19.362 0.0000000000
88080  53.728  0.922  10.667 0.0000000000
87245  53.359  0.779  8.868 0.0000000000
145418  51.749  0.004  4.057 0.0000000000
86312  51.990  0.941  3.159 0.0000000000
87290  50.661  0.138  2.948 0.0000000000
87291  50.138  0.035  3.198 0.0000000000
86105  58.815  -1.093  24.273 0.0000000000
128311  55.921  -0.173  21.745 0.0000000000
86154  56.704  -0.376  21.819 0.0000000000
86169  56.360  -0.023  20.997 0.0000000000
87078  56.826  0.121  20.285 0.0000000000
87093  57.168  0.191  19.686 0.0000000000
127111  57.073  0.312  19.144 0.0000000000
87110  56.517  0.433  18.789 0.0000000000
126761  55.900  0.501  17.390 0.0000000000
87083  51.598  0.371  20.601 0.0000000000
87098  51.667  0.550  19.709 0.0000000000
87164  51.538  0.156  15.446 0.0000000000
87145  51.635  0.263  16.246 0.0000000000
87163  52.249  0.388  15.632 0.0000000000
127827  53.086  0.445  15.883 0.0000000000
127828  53.841  0.482  16.130 0.0000000000
87177  53.386  0.558  14.472 0.0000000000
141320  53.280  0.587  13.301 0.0000000000
86260  52.250  -0.043  12.221 0.0000000000
84397  51.246  -2.615  10.771 0.0000000000
89046  58.385  2.696  20.720 0.0000000000
89034  58.935  2.454  22.125 0.0000000000
89035  58.243  2.563  21.581 0.0000000000
89036  57.464  2.750  21.934 0.0000000000
89024  56.665  3.226  22.463 0.0000000000
89994  56.638  3.842  23.146 0.0000000000
90008  55.976  3.285  21.621 0.0000000000
90021  55.480  3.374  20.924 0.0000000000
127028  54.820  3.500  19.387 0.0000000000
90049  54.131  3.525  18.935 0.0000000000
90048  54.957  3.488  18.760 0.0000000000
149530  54.752  3.458  17.374 0.0000000000
90082  54.873  3.458  16.656 0.0000000000
90133  55.471  3.934  13.320 0.0000000000
90116  55.329  3.668  14.201 0.0000000000
150662  54.507  4.133  12.940 0.0000000000
91100  52.199  5.226  12.011 0.0000000000
92044  51.533  5.966  11.253 0.0000000000
127761  51.648  6.655  10.145 0.0000000000
92900  50.368  6.860  8.863 0.0000000000
129682  60.842  -2.198  23.026 0.0000000000
85235  61.404  -2.337  23.645 0.0000000000
85246  61.545  -2.277  22.605 0.0000000000
85262  61.819  -2.240  21.580 0.0000000000
126699  62.303  -2.178  20.598 0.0000000000
87135  61.411  0.022  16.299 0.0000000000
86227  62.132  -0.162  16.907 0.0000000000
87134  62.536  -0.016  15.958 0.0000000000
87153  63.536  0.424  15.304 0.0000000000
87152  64.429  0.426  15.877 0.0000000000
88028  64.047  0.905  14.496 0.0000000000
88047  63.616  2.463  12.791 0.0000000000
88077  55.937  1.573  10.017 0.0000000000
143701  56.847  1.584  10.549 0.0000000000
88095  56.783  1.758  9.605 0.0000000000
88094  57.470  1.744  9.248 0.0000000000
88093  58.427  1.572  9.254 0.0000000000
89161  58.350  3.662  5.628 0.0000000000
134703  59.081  3.186  5.826 0.0000000000
89160  60.101  3.717  5.321 0.0000000000
89147  60.566  3.458  5.829 0.0000000000
90186  61.794  3.385  8.360 0.0000000000
149536  61.077  4.335  7.646 0.0000000000
91154  60.886  4.563  8.075 0.0000000000
91141  60.344  4.690  9.083 0.0000000000
91126  60.047  4.721  10.455 0.0000000000
91142  59.401  4.973  8.506 0.0000000000
150757  57.901  5.368  8.707 0.0000000000
91158  56.597  5.705  8.258 0.0000000000
89138  52.864  2.846  7.966 0.0000000000
139780  52.980  3.466  8.199 0.0000000000
89125  52.376  3.062  8.686 0.0000000000
90178  52.473  4.021  8.489 0.0000000000
90179  51.705  3.746  9.061 0.0000000000
90168  50.960  4.129  9.500 0.0000000000
89117  51.339  3.216  9.992 0.0000000000
88067  50.381  2.109  11.181 0.0000000000
86131  64.984  -0.944  22.231 0.0000000000
91043  48.918  4.479  17.371 0.0000000000
91071  49.399  4.837  14.797 0.0000000000
91086  49.945  5.017  14.130 0.0000000000
149134  55.906  -0.425  22.851 0.0000000000
86201  50.084  -0.380  17.391 0.0000000000
86228  50.193  -0.620  16.709 0.0000000000
129226  50.549  -0.486  16.084 0.0000000000
86235  50.940  -0.288  15.395 0.0000000000
127980  50.859  -0.664  14.821 0.0000000000
86244  51.151  -0.722  14.155 0.0000000000
86252  51.369  -0.668  13.315 0.0000000000
89032  60.937  2.301  21.838 0.0000000000
134615  59.826  2.475  20.943 0.0000000000
89055  60.383  2.826  19.385 0.0000000000
89044  60.110  2.606  20.229 0.0000000000
89045  59.219  2.641  20.442 0.0000000000
89057  58.592  2.952  19.893 0.0000000000
90045  58.165  3.418  18.562 0.0000000000
129769  57.634  3.499  18.116 0.0000000000
127026  56.894  3.515  17.039 0.0000000000
150914  56.949  3.503  15.694 0.0000000000
90113  58.089  3.719  14.576 0.0000000000
90114  57.109  3.649  14.494 0.0000000000
135480  56.762  3.848  13.731 0.0000000000
90149  56.277  4.135  12.971 0.0000000000
91098  56.027  4.264  12.018 0.0000000000
91113  55.796  4.385  11.071 0.0000000000
127100  60.081  -0.326  19.458 0.0000000000
131819  60.222  -0.157  18.744 0.0000000000
87120  60.190  -0.034  17.320 0.0000000000
87136  60.463  0.008  16.532 0.0000000000
127811  59.785  -0.002  15.988 0.0000000000
87156  60.668  0.028  15.670 0.0000000000
132127  60.975  0.044  14.757 0.0000000000
87186  60.983  0.167  13.208 0.0000000000
88121  55.312  1.733  6.017 0.0000000000
89151  56.152  2.369  7.017 0.0000000000
141994  56.068  2.509  5.801 0.0000000000
129971  56.627  3.165  5.555 0.0000000000
89176  54.015  3.831  3.310 0.0000000000
90204  56.495  4.254  5.087 0.0000000000
90203  57.564  4.187  5.788 0.0000000000
91181  56.890  4.911  5.685 0.0000000000
91172  57.202  5.490  6.309 0.0000000000
92084  57.260  5.745  6.728 0.0000000000
91173  56.185  5.220  6.030 0.0000000000
90196  54.308  4.454  6.355 0.0000000000
89139  52.094  2.370  8.426 0.0000000000
87248  49.024  0.503  9.173 0.0000000000
87239  46.358  -0.361  9.241 0.0000000000
87259  46.620  -0.330  8.563 0.0000000000
86287  45.784  -0.857  9.208 0.0000000000
86138  52.116  -0.463  22.725 0.0000000000
86158  51.631  -0.248  21.996 0.0000000000
87072  51.135  0.176  21.215 0.0000000000
87100  49.895  0.192  19.060 0.0000000000
125314  62.556  2.401  21.083 0.0000000000
143095  62.502  2.590  20.278 0.0000000000
143235  63.193  2.613  19.814 0.0000000000
124738  62.985  2.923  19.105 0.0000000000
142793  62.613  3.119  18.356 0.0000000000
142798  63.172  3.685  17.422 0.0000000000
125224  62.964  3.893  15.421 0.0000000000
87209  55.805  0.949  13.024 0.0000000000
87208  56.812  1.039  13.110 0.0000000000
88064  55.753  1.323  11.522 0.0000000000
88079  54.511  1.247  10.513 0.0000000000
148770  55.322  1.753  9.222 0.0000000000
86292  52.454  -0.464  7.919 0.0000000000
88149  52.224  2.251  2.474 0.0000000000
88141  51.243  2.799  3.030 0.0000000000
87279  48.598  1.340  4.493 0.0000000000
87280  47.781  0.760  4.939 0.0000000000
85225  60.713  -1.967  24.254 0.0000000000
85247  60.220  -1.934  23.269 0.0000000000
146190  60.039  -1.700  22.643 0.0000000000
144005  59.666  -1.139  21.267 0.0000000000
86106  57.623  -0.548  24.174 0.0000000000
86117  58.238  -1.268  24.050 0.0000000000
86152  58.052  -0.824  22.335 0.0000000000
85249  58.844  -1.185  22.871 0.0000000000
86151  58.852  -0.913  21.762 0.0000000000
86182  59.237  -0.282  19.702 0.0000000000
87109  57.258  0.307  18.464 0.0000000000
149902  57.421  0.364  17.478 0.0000000000
127832  57.459  0.495  15.826 0.0000000000
86156  53.273  -0.143  21.855 0.0000000000
87069  53.416  0.253  20.970 0.0000000000
87081  53.866  0.465  20.423 0.0000000000
87096  54.626  0.546  19.613 0.0000000000
126764  53.849  0.607  18.324 0.0000000000
126765  54.680  0.553  18.339 0.0000000000
126760  55.017  0.486  17.559 0.0000000000
87141  55.302  0.500  16.699 0.0000000000
127829  54.693  0.547  15.862 0.0000000000
87161  55.314  0.557  15.130 0.0000000000
87175  55.758  0.697  14.457 0.0000000000
126258  54.892  0.887  12.996 0.0000000000
87211  53.457  0.670  12.502 0.0000000000
136276  53.089  0.567  10.748 0.0000000000
86261  51.546  -0.588  12.451 0.0000000000
86286  51.754  -0.910  9.235 0.0000000000
87972  52.657  0.893  24.373 0.0000000000
146128  52.129  0.397  24.225 0.0000000000
128637  49.280  -0.397  24.606 0.0000000000
85227  48.949  -0.842  24.432 0.0000000000
91941  56.219  6.072  23.161 0.0000000000
90993  55.945  4.377  22.865 0.0000000000
128079  55.314  4.916  22.725 0.0000000000
91946  55.474  5.821  22.871 0.0000000000
90025  51.866  3.768  19.722 0.0000000000
90036  52.230  3.565  18.829 0.0000000000
126747  51.774  3.528  18.045 0.0000000000
126673  52.243  3.422  17.239 0.0000000000
90086  50.876  3.574  16.447 0.0000000000
90103  51.368  3.596  15.693 0.0000000000
90121  51.008  3.910  14.917 0.0000000000
91070  50.732  4.579  14.237 0.0000000000
126746  55.895  3.472  16.876 0.0000000000
126672  54.273  3.460  15.723 0.0000000000
90117  54.463  3.645  14.325 0.0000000000
129187  53.907  3.545  14.886 0.0000000000
90118  53.095  3.635  14.693 0.0000000000
90119  52.382  3.842  14.491 0.0000000000
139402  51.109  4.785  13.629 0.0000000000
91085  50.451  5.186  13.453 0.0000000000
92033  50.137  5.815  12.493 0.0000000000
92875  49.970  7.038  10.571 0.0000000000
85223  62.243  -2.221  24.061 0.0000000000
85243  64.403  -1.380  22.843 0.0000000000
86150  64.605  -1.039  21.246 0.0000000000
86180  61.626  -1.108  19.483 0.0000000000
85292  63.109  -2.363  19.237 0.0000000000
85303  63.369  -1.875  18.794 0.0000000000
85291  63.633  -2.544  19.270 0.0000000000
85290  64.152  -2.237  19.596 0.0000000000
86178  64.341  -1.384  19.317 0.0000000000
86177  64.543  -0.307  19.949 0.0000000000
87091  64.810  0.480  19.631 0.0000000000
88013  65.090  1.515  18.635 0.0000000000
88017  65.091  1.697  17.705 0.0000000000
88023  65.066  1.256  15.943 0.0000000000
126626  65.130  2.181  16.125 0.0000000000
89073  64.983  2.508  17.049 0.0000000000
125574  64.459  3.420  15.787 0.0000000000
142757  63.560  3.268  15.703 0.0000000000
124376  62.506  4.177  13.919 0.0000000000
87207  57.823  0.909  12.839 0.0000000000
87206  58.851  0.858  12.653 0.0000000000
88062  57.598  1.368  11.149 0.0000000000
87205  59.860  0.668  12.489 0.0000000000
87222  60.404  0.434  11.658 0.0000000000
87221  60.956  -0.341  11.197 0.0000000000
152326  57.039  2.281  7.491 0.0000000000
89134  57.763  2.035  7.652 0.0000000000
129448  59.390  1.452  8.429 0.0000000000
88120  59.579  1.883  7.334 0.0000000000
88092  60.105  1.092  8.983 0.0000000000
131843  60.614  0.343  9.879 0.0000000000
87233  61.114  -0.304  10.422 0.0000000000
87203  61.324  0.399  11.737 0.0000000000
88049  61.993  0.940  12.164 0.0000000000
88059  62.259  1.800  11.884 0.0000000000
89107  63.007  2.722  12.288 0.0000000000
90159  62.375  2.991  11.953 0.0000000000
90145  63.106  3.498  12.698 0.0000000000
142758  63.396  3.797  12.985 0.0000000000
90127  62.348  3.843  13.135 0.0000000000
126286  61.574  4.172  13.681 0.0000000000
90128  60.805  4.371  13.404 0.0000000000
91079  60.015  4.472  13.077 0.0000000000
91096  58.779  4.576  12.321 0.0000000000
127037  59.197  4.770  10.818 0.0000000000
91110  58.613  4.656  11.465 0.0000000000
91111  57.903  4.614  11.227 0.0000000000
141306  57.239  4.498  11.391 0.0000000000
128377  55.016  4.582  10.805 0.0000000000
134353  56.701  6.078  6.711 0.0000000000
92073  56.043  6.341  7.325 0.0000000000
92059  55.781  6.021  8.352 0.0000000000
91160  53.627  5.969  7.598 0.0000000000
128274  55.118  6.402  7.809 0.0000000000
91144  55.165  5.916  9.103 0.0000000000
91145  54.341  6.052  9.467 0.0000000000
92051  53.679  6.024  9.910 0.0000000000
126241  53.041  6.625  9.468 0.0000000000
92899  51.100  6.930  8.773 0.0000000000
92063  50.066  6.111  8.574 0.0000000000
91130  50.050  4.409  9.604 0.0000000000
87275  46.443  0.325  5.349 0.0000000000
86308  46.145  -0.167  5.730 0.0000000000
84428  45.605  -1.791  8.863 0.0000000000
85232  64.733  -1.482  23.832 0.0000000000
85236  60.574  -2.235  23.883 0.0000000000
85245  62.601  -2.208  22.142 0.0000000000
85263  60.910  -2.330  21.968 0.0000000000
85264  60.255  -1.783  21.842 0.0000000000
85277  63.158  -2.619  19.780 0.0000000000
85293  62.426  -1.979  19.717 0.0000000000
85302  64.022  -1.822  18.723 0.0000000000
85382  46.063  -0.669  6.192 0.0000000000
86102  61.368  -1.489  24.641 0.0000000000
86116  59.121  -1.639  24.051 0.0000000000
86166  64.924  -0.306  20.785 0.0000000000
86167  64.384  -1.265  20.270 0.0000000000
86196  62.703  -0.929  18.309 0.0000000000
86209  64.528  -0.265  18.420 0.0000000000
86215  59.824  -0.032  18.085 0.0000000000
86224  64.565  -0.278  16.962 0.0000000000
86225  63.912  -0.515  16.738 0.0000000000
86282  45.296  -0.964  10.274 0.0000000000
86288  45.304  -1.424  9.461 0.0000000000
86295  46.121  -0.746  8.322 0.0000000000
87058  65.279  0.433  22.038 0.0000000000
87067  54.714  0.181  21.136 0.0000000000
87106  64.855  0.551  18.942 0.0000000000
87118  64.980  0.247  17.300 0.0000000000
87133  63.640  -0.125  16.123 0.0000000000
87154  62.503  0.423  15.172 0.0000000000
87204  60.745  0.401  12.297 0.0000000000
87249  48.065  0.322  9.440 0.0000000000
87257  47.996  0.410  8.208 0.0000000000
88009  65.027  1.218  19.918 0.0000000000
88022  65.164  1.537  16.783 0.0000000000
88039  64.337  2.497  13.760 0.0000000000
88040  64.081  1.998  13.278 0.0000000000
88048  62.704  1.737  12.486 0.0000000000
88060  61.855  0.806  11.430 0.0000000000
88071  62.220  1.663  11.127 0.0000000000
88072  62.204  1.455  10.291 0.0000000000
88076  57.501  1.542  9.940 0.0000000000
88083  50.164  1.283  10.809 0.0000000000
88104  60.852  1.946  7.850 0.0000000000
88105  60.290  1.464  7.951 0.0000000000
88106  58.575  1.659  7.997 0.0000000000
88107  57.800  1.771  8.595 0.0000000000
88135  49.075  2.059  4.039 0.0000000000
88147  53.649  3.423  2.987 0.0000000000
89012  58.210  2.931  23.226 0.0000000000
89022  58.772  2.591  22.822 0.0000000000
89056  59.476  2.877  19.633 0.0000000000
89067  58.822  3.234  19.101 0.0000000000
89106  63.785  3.356  12.827 0.0000000000
89123  61.987  2.321  8.777 0.0000000000
89145  61.244  3.709  7.349 0.0000000000
89163  56.169  3.446  4.596 0.0000000000
89993  58.074  3.850  23.672 0.0000000000
90019  56.866  3.169  20.370 0.0000000000
90020  56.206  3.229  20.891 0.0000000000
90024  52.708  3.722  20.162 0.0000000000
90030  57.977  3.266  19.349 0.0000000000
90033  55.127  3.485  20.094 0.0000000000
90038  50.461  3.874  18.832 0.0000000000
90046  57.270  3.439  18.796 0.0000000000
90050  53.135  3.516  18.807 0.0000000000
90060  59.757  3.441  17.091 0.0000000000
90061  59.120  3.464  17.606 0.0000000000
90063  57.521  3.523  17.552 0.0000000000
90066  54.149  3.427  17.309 0.0000000000
90075  61.128  3.422  16.120 0.0000000000
90079  57.435  3.513  16.114 0.0000000000
90081  55.673  3.464  16.217 0.0000000000
90096  58.913  3.637  14.989 0.0000000000
90129  59.388  4.205  13.779 0.0000000000
90132  56.020  3.816  13.738 0.0000000000
90134  54.624  3.886  13.518 0.0000000000
90144  63.808  3.775  12.969 0.0000000000
90151  54.979  4.076  12.776 0.0000000000
90169  50.685  3.511  10.373 0.0000000000
90177  62.130  3.347  9.262 0.0000000000
90201  60.027  4.211  5.310 0.0000000000
90210  54.797  4.060  3.839 0.0000000000
90988  55.999  5.226  23.081 0.0000000000
91068  52.337  4.269  13.787 0.0000000000
91069  51.600  4.263  14.232 0.0000000000
91083  53.034  4.210  13.398 0.0000000000
91094  60.817  4.408  12.703 0.0000000000
91095  59.550  4.572  12.468 0.0000000000
91099  53.721  4.574  11.939 0.0000000000
91112  56.543  4.394  11.327 0.0000000000
91114  54.381  4.516  11.361 0.0000000000
91140  61.218  4.436  9.028 0.0000000000
91147  51.050  4.851  8.663 0.0000000000
91148  50.293  5.181  8.644 0.0000000000
91153  61.391  4.170  8.234 0.0000000000
91157  57.509  5.507  8.050 0.0000000000
91169  60.107  4.722  6.391 0.0000000000
91180  57.946  4.595  6.121 0.0000000000
91947  54.751  5.549  22.591 0.0000000000
92076  51.208  6.410  8.461 0.0000000000
92085  56.093  6.113  6.700 0.0000000000
92767  56.558  6.678  22.765 0.0000000000
92888  51.747  7.051  9.158 0.0000000000
92889  50.964  7.035  9.438 0.0000000000
92890  50.152  7.102  9.596 0.0000000000
92905  50.640  6.452  8.544 0.0000000000
124354  64.833  2.221  18.637 0.0000000000
124368  64.538  3.039  14.995 0.0000000000
124381  64.255  3.988  16.177 0.0000000000
125149  64.607  2.402  14.582 0.0000000000
125544  63.122  3.877  16.319 0.0000000000
126744  55.199  3.465  15.722 0.0000000000
126749  54.650  3.465  18.026 0.0000000000
126769  54.252  0.638  19.034 0.0000000000
127025  58.164  3.569  15.478 0.0000000000
128303  59.570  5.059  7.262 0.0000000000
128417  56.042  3.775  22.639 0.0000000000
129131  53.835  3.677  20.950 0.0000000000
129156  56.960  3.478  17.958 0.0000000000
129333  53.652  6.401  7.956 0.0000000000
130952  61.430  0.500  12.601 0.0000000000
133773  63.554  -0.716  17.211 0.0000000000
134338  65.186  -1.156  24.124 0.0000000000
134552  57.903  0.076  24.444 0.0000000000
136948  57.298  3.359  23.146 0.0000000000
138079  64.593  0.977  15.191 0.0000000000
140270  61.673  0.325  10.143 0.0000000000
141594  60.730  4.229  14.176 0.0000000000
142519  61.659  3.049  18.406 0.0000000000
142520  63.319  2.376  20.577 0.0000000000
143022  64.643  3.088  16.384 0.0000000000
143074  64.395  2.798  18.174 0.0000000000
144557  64.161  3.952  13.702 0.0000000000
145357  62.374  2.653  10.855 0.0000000000
145497  56.433  4.683  23.239 0.0000000000
145612  59.453  3.853  5.400 0.0000000000
145617  63.799  2.620  19.242 0.0000000000
146488  49.592  3.980  17.040 0.0000000000
147585  57.747  4.734  23.810 0.0000000000
147647  64.242  -1.061  18.672 0.0000000000
148221  60.466  4.310  5.667 0.0000000000
149313  59.885  0.390  13.717 0.0000000000
149508  60.718  -1.943  21.468 0.0000000000
149895  50.734  5.430  8.461 0.0000000000
150991  62.867  -2.131  23.773 0.0000000000
151094  56.687  5.688  6.283 0.0000000000
151129  65.062  2.014  18.244 0.0000000000
151174  62.509  2.759  19.623 0.0000000000
151500  56.850  3.428  22.949 0.0000000000
151902  54.919  5.345  10.074 0.0000000000
152647  56.931  4.451  10.881 0.0000000000
