#!ascii label  , from subject sub-v1s20x0050286_ses-1 vox2ras=TkReg
415
16652  -12.326  -49.064  -30.058 0.6999999881
18231  -12.755  -47.372  -29.846 0.6000000238
17416  -12.604  -48.281  -30.346 0.6000000238
17418  -14.617  -48.218  -30.501 0.4000000060
114178  -17.207  -52.984  -26.524 0.6999999881
13602  -16.555  -53.559  -26.936 0.6999999881
14398  -17.201  -52.041  -26.740 0.6000000238
13620  -16.171  -53.138  -27.568 0.6999999881
15148  -16.524  -51.687  -27.287 0.6000000238
13619  -15.604  -53.176  -28.044 0.6000000238
109503  -15.885  -51.271  -27.748 0.6000000238
15156  -14.840  -51.529  -28.792 0.6000000238
15157  -15.494  -51.662  -28.245 0.6000000238
15851  -14.893  -50.055  -27.829 0.5000000000
116796  -14.513  -50.489  -28.438 0.5000000000
17390  -13.330  -48.736  -27.943 0.6000000238
16637  -12.618  -48.926  -29.237 0.6000000238
110362  -12.773  -48.353  -28.705 0.6000000238
18222  -12.763  -47.388  -29.014 0.6000000238
14399  -17.773  -52.394  -26.132 0.6000000238
15141  -17.776  -51.436  -26.199 0.6000000238
115096  -17.355  -50.669  -26.365 0.6000000238
15140  -16.984  -51.159  -26.750 0.6000000238
16618  -16.505  -49.454  -26.468 0.6000000238
15853  -16.297  -50.787  -27.191 0.6000000238
15852  -15.596  -50.421  -27.536 0.6000000238
116237  -15.270  -49.639  -27.281 0.6000000238
16627  -14.600  -49.422  -27.484 0.6000000238
16639  -14.010  -49.624  -27.974 0.6000000238
109012  -14.050  -48.856  -27.410 0.6999999881
17373  -13.631  -48.077  -27.568 0.6000000238
17372  -13.084  -47.797  -28.206 0.6000000238
18239  -13.267  -47.328  -29.923 0.5000000000
18240  -14.124  -47.562  -29.836 0.5000000000
13584  -18.135  -53.163  -25.116 0.6000000238
15128  -18.358  -51.999  -25.658 0.6000000238
15831  -17.938  -50.545  -25.882 0.6000000238
16619  -17.266  -49.923  -26.147 0.6000000238
15841  -16.732  -50.313  -26.672 0.6000000238
17361  -17.107  -48.939  -25.787 0.6000000238
17360  -16.205  -48.554  -26.294 0.6000000238
16617  -15.703  -49.097  -26.812 0.6000000238
17359  -15.296  -48.148  -26.657 0.6000000238
17374  -14.854  -48.896  -27.090 0.6999999881
18223  -13.289  -47.160  -28.485 0.6000000238
18232  -13.261  -47.058  -29.165 0.6000000238
18241  -15.234  -47.821  -29.622 0.4000000060
14377  -19.001  -52.256  -24.457 0.6000000238
15129  -18.957  -51.742  -25.075 0.6000000238
15832  -18.610  -50.347  -25.301 0.6000000238
17343  -16.618  -47.957  -25.749 0.5000000000
18185  -15.408  -47.223  -26.366 0.6999999881
18183  -14.517  -46.744  -27.324 0.6000000238
17358  -14.359  -48.141  -27.109 0.6000000238
18202  -14.025  -47.442  -27.434 0.6000000238
118719  -13.488  -47.436  -27.897 0.6000000238
19119  -13.927  -46.968  -28.351 0.6000000238
19124  -14.115  -46.997  -28.634 0.6000000238
105001  -13.743  -47.146  -29.330 0.6000000238
18234  -15.899  -47.453  -28.652 0.4000000060
18233  -14.777  -47.249  -28.829 0.5000000000
15118  -19.449  -51.448  -24.304 0.5000000000
15822  -19.691  -50.596  -24.288 0.6000000238
15821  -19.193  -50.940  -24.927 0.6000000238
16590  -18.624  -49.538  -25.014 0.6000000238
16606  -17.922  -49.693  -25.558 0.5000000000
17345  -17.998  -48.856  -25.206 0.5000000000
17344  -17.439  -48.080  -25.299 0.5000000000
18168  -16.177  -47.057  -25.860 0.6000000238
19074  -16.032  -46.125  -25.933 0.6000000238
19093  -15.014  -46.434  -26.693 0.6999999881
18184  -14.691  -47.343  -26.882 0.6999999881
21008  -15.392  -44.505  -27.585 0.6000000238
20078  -14.981  -45.400  -27.400 0.6000000238
19109  -14.656  -46.335  -27.690 0.6000000238
19120  -14.744  -46.423  -28.000 0.6000000238
116389  -15.623  -46.740  -28.354 0.5000000000
119481  -19.962  -50.309  -23.872 0.6000000238
110560  -19.816  -49.753  -24.107 0.6000000238
115450  -19.215  -49.392  -24.554 0.5000000000
17332  -18.728  -48.783  -24.699 0.6000000238
18169  -17.793  -47.361  -24.915 0.5000000000
19053  -17.501  -46.694  -25.118 0.6000000238
20032  -17.592  -45.856  -25.125 0.5000000000
107179  -17.060  -47.253  -25.428 0.6000000238
19075  -16.830  -46.397  -25.546 0.5000000000
20048  -16.533  -45.406  -25.683 0.5000000000
20978  -15.801  -44.733  -26.204 0.5000000000
20047  -15.755  -45.441  -26.088 0.6000000238
21851  -15.847  -42.865  -26.937 0.5000000000
105417  -15.433  -44.605  -26.703 0.5000000000
20046  -15.344  -45.188  -26.467 0.6000000238
21865  -15.794  -43.206  -27.183 0.4000000060
20064  -15.062  -45.000  -26.983 0.6999999881
21873  -15.848  -42.853  -27.537 0.4000000060
119925  -15.813  -43.505  -27.702 0.5000000000
21880  -15.857  -43.562  -28.061 0.5000000000
21014  -15.557  -44.512  -28.057 0.6000000238
21016  -16.032  -43.679  -28.406 0.5000000000
19121  -15.302  -45.459  -28.070 0.6000000238
19126  -16.550  -46.522  -28.430 0.5000000000
114427  -16.190  -44.718  -28.700 0.6000000238
105922  -18.890  -48.116  -24.482 0.5000000000
18151  -18.567  -47.446  -24.544 0.5000000000
19054  -18.241  -46.611  -24.669 0.4000000060
20049  -17.428  -44.894  -25.358 0.4000000060
20979  -16.607  -44.471  -25.845 0.5000000000
103476  -16.123  -44.072  -26.300 0.5000000000
21852  -16.089  -43.352  -26.574 0.5000000000
23477  -14.644  -40.945  -27.470 0.4000000060
107800  -15.153  -41.311  -27.350 0.4000000060
120549  -14.976  -41.116  -27.833 0.4000000060
23485  -14.637  -41.174  -27.970 0.5000000000
106859  -15.811  -42.610  -27.834 0.5000000000
22719  -15.434  -41.569  -28.221 0.5000000000
21881  -16.008  -42.638  -28.400 0.5000000000
22720  -15.807  -42.120  -28.671 0.5000000000
21022  -16.776  -44.200  -29.203 0.5000000000
20088  -16.613  -45.260  -28.783 0.5000000000
103160  -16.204  -43.938  -28.716 0.6000000238
20087  -15.854  -45.696  -28.336 0.5000000000
21853  -16.643  -43.678  -26.089 0.4000000060
22697  -16.521  -42.751  -26.219 0.5000000000
113276  -15.900  -42.523  -26.645 0.5000000000
23463  -15.205  -41.224  -26.321 0.5000000000
108243  -14.336  -40.724  -27.589 0.4000000060
121057  -15.500  -41.464  -28.792 0.5000000000
21019  -17.088  -44.866  -29.302 0.3000000119
109090  -15.003  -40.939  -28.447 0.5000000000
22722  -16.181  -42.719  -29.053 0.5000000000
21884  -16.319  -43.591  -28.927 0.5000000000
22696  -15.886  -41.907  -26.297 0.4000000060
23462  -14.812  -41.059  -26.860 0.4000000060
25198  -14.638  -39.969  -26.050 0.4000000060
25233  -14.228  -39.343  -27.507 0.4000000060
24333  -14.324  -40.526  -26.899 0.4000000060
24359  -14.393  -40.253  -28.003 0.4000000060
119221  -14.758  -39.479  -28.181 0.4000000060
24360  -15.284  -40.131  -28.585 0.5000000000
21886  -17.607  -43.179  -29.384 0.4000000060
21890  -17.269  -43.893  -29.398 0.4000000060
23491  -15.770  -41.928  -28.938 0.5000000000
21885  -16.607  -43.213  -29.215 0.5000000000
22723  -16.173  -42.378  -29.137 0.5000000000
26087  -14.783  -38.590  -27.874 0.4000000060
119161  -15.615  -39.267  -28.572 0.4000000060
22724  -17.080  -42.226  -29.360 0.4000000060
24361  -16.356  -40.005  -28.937 0.5000000000
23500  -16.280  -41.565  -29.190 0.5000000000
26088  -15.974  -38.427  -28.405 0.4000000060
23501  -17.947  -41.530  -29.376 0.4000000060
25234  -16.764  -39.197  -28.821 0.5000000000
24373  -16.978  -40.590  -29.447 0.5000000000
105733  -17.179  -41.259  -29.393 0.5000000000
26082  -15.268  -37.719  -27.786 0.4000000060
23512  -17.744  -40.639  -29.760 0.3000000119
24382  -18.386  -40.154  -30.043 0.3000000119
24362  -17.352  -39.807  -29.501 0.5000000000
26940  -16.899  -36.991  -27.947 0.4000000060
25249  -19.099  -39.727  -30.006 0.3000000119
26947  -16.452  -37.686  -28.166 0.4000000060
26096  -18.719  -38.903  -29.257 0.4000000060
26089  -17.183  -38.433  -28.565 0.4000000060
25235  -17.812  -39.114  -29.024 0.4000000060
27805  -17.217  -36.359  -27.899 0.5000000000
25241  -19.219  -39.209  -29.698 0.3000000119
110888  -19.989  -38.917  -29.462 0.4000000060
120347  -19.742  -39.413  -29.708 0.4000000060
26948  -17.575  -37.677  -28.314 0.4000000060
26091  -19.132  -38.252  -28.822 0.5000000000
26949  -18.571  -37.601  -28.441 0.5000000000
26090  -18.206  -38.365  -28.696 0.5000000000
26961  -20.068  -38.270  -28.897 0.4000000060
26962  -20.889  -38.116  -28.693 0.4000000060
26098  -20.732  -38.743  -29.176 0.3000000119
27814  -17.902  -36.922  -28.084 0.5000000000
26951  -20.402  -37.423  -28.494 0.4000000060
26952  -21.112  -37.341  -28.365 0.3000000119
103864  -18.428  -35.195  -27.798 0.5000000000
27817  -20.701  -36.495  -28.322 0.4000000060
26963  -21.507  -38.102  -28.448 0.3000000119
27806  -18.033  -36.005  -27.934 0.5000000000
26950  -19.527  -37.525  -28.511 0.5000000000
115546  -21.158  -35.882  -28.371 0.4000000060
27818  -21.396  -36.531  -28.248 0.4000000060
29396  -18.724  -34.467  -27.747 0.5000000000
26953  -21.696  -37.354  -28.122 0.3000000119
29409  -19.182  -35.085  -27.952 0.5000000000
28619  -19.219  -35.877  -28.044 0.5000000000
118313  -20.081  -36.001  -28.211 0.5000000000
27816  -19.840  -36.688  -28.317 0.5000000000
27815  -18.880  -36.781  -28.208 0.5000000000
28622  -21.656  -35.762  -28.405 0.4000000060
104164  -18.176  -33.821  -27.393 0.5000000000
29411  -20.358  -34.766  -28.493 0.5000000000
28623  -22.127  -35.596  -28.200 0.3000000119
27819  -21.926  -36.478  -28.048 0.3000000119
29397  -19.111  -33.640  -27.879 0.5000000000
30282  -20.026  -33.901  -28.495 0.5000000000
29410  -19.540  -34.526  -28.187 0.5000000000
17406  -12.648  -48.139  -29.545 0.6000000238
18248  -13.651  -48.043  -30.555 0.5000000000
15865  -15.245  -50.876  -28.139 0.6000000238
116637  -15.930  -47.791  -26.157 0.6999999881
18167  -15.576  -46.547  -26.211 0.6999999881
19125  -15.035  -46.476  -28.205 0.6000000238
19092  -14.872  -45.890  -27.123 0.6999999881
20084  -15.106  -45.405  -27.764 0.6000000238
22695  -15.405  -41.846  -26.831 0.5000000000
20998  -15.620  -44.001  -27.208 0.4000000060
21883  -16.163  -43.033  -28.735 0.5000000000
21018  -16.524  -44.367  -28.991 0.5000000000
114298  -14.516  -41.027  -28.043 0.5000000000
120311  -14.408  -40.250  -26.439 0.4000000060
24374  -17.697  -40.108  -29.989 0.4000000060
26097  -19.462  -38.715  -29.266 0.4000000060
13613  -8.870  -54.061  -27.997 0.5000000000
12764  -7.576  -53.928  -29.026 0.5000000000
12765  -8.248  -54.408  -28.227 0.5000000000
13663  -6.906  -52.261  -31.702 0.5000000000
13656  -6.474  -53.701  -30.780 0.5000000000
13644  -6.960  -53.648  -29.869 0.4000000060
13645  -8.309  -52.765  -29.156 0.6000000238
13628  -8.220  -53.435  -28.621 0.6000000238
13657  -6.998  -52.676  -30.605 0.5000000000
106436  -7.555  -52.919  -29.385 0.5000000000
14452  -9.048  -52.350  -32.684 0.4000000060
13599  -10.465  -54.152  -26.787 0.6999999881
13615  -10.209  -54.094  -27.692 0.6999999881
13630  -9.722  -53.625  -28.477 0.6999999881
13629  -8.954  -53.458  -28.514 0.6999999881
14443  -7.430  -51.729  -31.141 0.5000000000
15166  -8.259  -51.656  -30.704 0.5000000000
14431  -8.676  -52.283  -29.875 0.5000000000
15184  -9.478  -51.790  -32.366 0.5000000000
15180  -8.380  -51.760  -32.153 0.5000000000
13581  -11.118  -54.061  -25.025 0.5000000000
13600  -10.929  -54.077  -25.964 0.6999999881
13616  -11.211  -54.275  -27.087 0.6999999881
14432  -9.631  -52.506  -29.865 0.6999999881
13647  -10.079  -53.163  -29.240 0.6000000238
15176  -8.973  -51.452  -31.163 0.5000000000
15167  -9.213  -51.885  -30.497 0.6000000238
15181  -9.006  -51.464  -31.789 0.5000000000
103614  -11.197  -51.225  -32.739 0.5000000000
12717  -12.235  -54.799  -25.713 0.5000000000
12716  -11.561  -54.321  -25.579 0.6999999881
120157  -10.695  -54.191  -27.377 0.6999999881
106558  -11.746  -54.344  -27.862 0.6999999881
12754  -12.113  -54.579  -27.292 0.6999999881
13631  -10.514  -53.714  -28.626 0.8000000119
14417  -11.364  -53.672  -29.019 0.6999999881
15168  -10.061  -52.086  -30.437 0.6000000238
106467  -10.709  -52.602  -30.021 0.6999999881
15892  -9.796  -51.336  -31.441 0.6999999881
15875  -9.969  -51.492  -30.894 0.6000000238
15903  -9.987  -51.385  -32.007 0.6000000238
15905  -11.652  -50.692  -32.372 0.6000000238
12685  -11.978  -54.324  -23.888 0.5000000000
12703  -12.776  -55.054  -24.947 0.6000000238
12702  -11.933  -54.417  -24.824 0.5000000000
12718  -13.135  -55.315  -25.876 0.6000000238
12736  -12.569  -54.997  -26.637 0.6000000238
13617  -12.572  -54.405  -28.177 0.6999999881
12766  -13.578  -54.368  -28.345 0.6000000238
104613  -11.052  -54.155  -28.056 0.6999999881
13632  -11.985  -54.040  -28.640 0.6999999881
13648  -10.852  -53.293  -29.370 0.6999999881
15886  -10.495  -51.228  -31.182 0.6999999881
15894  -11.478  -50.582  -31.709 0.6999999881
15893  -10.658  -51.169  -31.578 0.6999999881
11876  -13.281  -55.132  -24.065 0.5000000000
11921  -14.116  -55.523  -26.044 0.6000000238
12737  -13.543  -55.283  -26.819 0.6000000238
12755  -13.056  -54.828  -27.538 0.6000000238
14418  -12.273  -53.478  -29.486 0.8000000119
111255  -13.032  -53.131  -29.736 0.5000000000
13634  -14.138  -53.690  -28.954 0.6000000238
15169  -11.803  -52.018  -30.382 0.6999999881
15887  -11.313  -50.700  -31.193 0.6999999881
106154  -11.589  -50.916  -30.718 0.6999999881
16681  -12.686  -49.581  -32.150 0.5000000000
16668  -12.112  -49.971  -31.897 0.6999999881
17439  -12.914  -48.949  -31.758 0.5000000000
12686  -12.793  -54.663  -23.457 0.5000000000
11888  -14.625  -55.531  -24.474 0.5000000000
116147  -15.786  -55.125  -26.195 0.6000000238
11887  -13.816  -55.408  -24.945 0.6000000238
11922  -15.045  -55.442  -26.195 0.6000000238
114672  -14.731  -54.997  -27.396 0.6000000238
13601  -15.787  -54.003  -27.503 0.6000000238
12756  -14.117  -54.871  -27.647 0.6000000238
120031  -15.191  -53.867  -28.077 0.6000000238
115670  -13.438  -51.308  -29.621 0.6000000238
15155  -14.084  -51.928  -29.416 0.5000000000
13635  -14.930  -53.356  -28.541 0.5000000000
110266  -12.254  -51.119  -30.300 0.6000000238
15170  -12.753  -51.706  -30.112 0.6000000238
16651  -11.978  -49.888  -30.793 0.6000000238
15877  -12.218  -50.172  -30.205 0.6000000238
17428  -12.590  -48.492  -31.096 0.5000000000
11877  -14.200  -55.391  -23.908 0.5000000000
11889  -15.316  -55.519  -24.568 0.6000000238
12740  -16.226  -54.483  -26.587 0.6000000238
14420  -14.584  -52.664  -29.038 0.5000000000
14421  -15.291  -52.436  -28.479 0.5000000000
15863  -13.346  -50.370  -29.213 0.4000000060
108363  -14.080  -50.922  -29.097 0.5000000000
12688  -14.658  -55.158  -23.323 0.5000000000
11879  -15.692  -55.451  -23.971 0.6000000238
12720  -17.164  -54.421  -25.165 0.6000000238
12719  -16.476  -54.875  -25.538 0.6000000238
16638  -13.177  -49.442  -28.670 0.5000000000
15864  -13.832  -50.166  -28.656 0.4000000060
107975  -14.371  -54.701  -22.780 0.5000000000
12689  -15.469  -55.154  -23.484 0.5000000000
12704  -16.834  -54.813  -24.545 0.6000000238
13582  -17.087  -53.993  -26.024 0.6000000238
13532  -14.477  -54.021  -22.385 0.5000000000
13548  -15.911  -54.443  -23.206 0.5000000000
120000  -17.033  -54.504  -23.944 0.6000000238
13583  -17.639  -53.831  -25.187 0.6000000238
13517  -13.980  -53.304  -21.912 0.5000000000
13533  -15.395  -53.790  -22.782 0.5000000000
13549  -16.770  -54.192  -23.426 0.5000000000
13550  -17.534  -53.823  -23.765 0.6000000238
13565  -17.929  -53.583  -24.468 0.6000000238
14351  -14.841  -53.001  -22.481 0.5000000000
13534  -16.298  -53.591  -22.960 0.5000000000
13566  -18.450  -52.924  -24.457 0.5000000000
14352  -15.748  -52.908  -22.728 0.5000000000
14367  -17.911  -53.083  -23.314 0.5000000000
105306  -14.661  -52.040  -22.600 0.5000000000
105114  -15.886  -52.066  -22.517 0.5000000000
14354  -17.553  -52.822  -22.749 0.5000000000
14368  -18.651  -52.617  -23.684 0.4000000060
15098  -15.168  -51.603  -22.621 0.5000000000
15100  -17.503  -52.268  -22.268 0.5000000000
14355  -18.274  -52.392  -22.783 0.4000000060
15099  -16.683  -51.829  -22.108 0.4000000060
114729  -18.134  -51.925  -22.133 0.4000000060
15102  -19.475  -51.315  -22.975 0.4000000060
15862  -12.677  -49.753  -29.487 0.6000000238
16660  -12.152  -48.984  -30.863 0.5000000000
17430  -14.049  -48.737  -31.175 0.4000000060
15112  -19.510  -51.545  -23.635 0.4000000060
15812  -20.131  -49.946  -23.308 0.4000000060
14433  -11.604  -53.064  -29.851 0.6999999881
112477  -10.815  -51.704  -30.622 0.6999999881
13633  -13.066  -53.879  -29.122 0.6000000238
13618  -14.509  -54.180  -28.295 0.6000000238
16659  -11.906  -49.803  -31.314 0.6999999881
14434  -12.517  -52.679  -30.051 0.6999999881
16669  -12.337  -49.181  -31.506 0.6000000238
11878  -15.009  -55.526  -23.865 0.5000000000
11890  -16.117  -55.312  -24.599 0.6000000238
11905  -14.759  -55.531  -25.291 0.6000000238
11906  -15.614  -55.372  -25.415 0.6000000238
12679  -15.068  -54.593  -22.951 0.5000000000
12690  -16.365  -55.003  -23.787 0.5000000000
12691  -17.417  -54.232  -24.473 0.6000000238
12735  -11.733  -54.484  -26.378 0.6999999881
12738  -14.480  -55.302  -26.894 0.6000000238
12739  -15.342  -54.966  -27.025 0.6000000238
12757  -14.970  -54.535  -27.737 0.6000000238
13535  -17.186  -53.434  -23.078 0.5000000000
13551  -18.119  -53.242  -23.903 0.6000000238
13580  -10.400  -53.958  -25.111 0.6999999881
13646  -9.183  -52.948  -29.143 0.6999999881
14353  -16.706  -52.729  -22.567 0.5000000000
14369  -19.267  -52.024  -23.891 0.5000000000
14387  -18.135  -52.667  -25.573 0.6000000238
14388  -18.575  -52.481  -25.100 0.5000000000
14408  -15.986  -52.279  -27.850 0.6000000238
14409  -16.638  -52.615  -27.194 0.6999999881
14419  -13.788  -52.997  -29.523 0.6000000238
14430  -7.776  -52.177  -30.061 0.5000000000
14435  -13.322  -52.305  -29.839 0.6000000238
14448  -7.466  -51.733  -32.025 0.5000000000
15101  -18.782  -51.688  -22.487 0.4000000060
15111  -19.049  -51.965  -23.230 0.4000000060
15175  -8.093  -51.410  -31.540 0.5000000000
15876  -10.810  -51.181  -30.953 0.6999999881
15878  -12.784  -50.707  -29.812 0.6000000238
15904  -10.910  -51.153  -32.156 0.6000000238
15906  -12.349  -50.313  -32.568 0.6000000238
16628  -16.009  -49.950  -26.993 0.6000000238
17417  -12.993  -47.985  -30.474 0.6000000238
17429  -13.241  -48.511  -31.201 0.5000000000
17440  -13.652  -49.027  -31.860 0.5000000000
18170  -18.190  -48.104  -24.804 0.6000000238
18201  -13.892  -46.990  -27.900 0.6000000238
19073  -15.434  -45.871  -26.347 0.6999999881
20977  -15.793  -43.934  -26.792 0.5000000000
21017  -15.812  -44.627  -28.385 0.6000000238
21023  -17.535  -44.615  -29.528 0.3000000119
22706  -15.633  -42.244  -27.281 0.4000000060
22713  -15.500  -41.778  -27.732 0.4000000060
23490  -15.144  -41.500  -28.334 0.5000000000
23492  -15.902  -40.816  -28.903 0.5000000000
23513  -18.583  -40.888  -29.593 0.3000000119
24317  -14.667  -40.624  -26.370 0.4000000060
24344  -14.055  -40.004  -27.210 0.4000000060
25240  -18.296  -39.570  -29.860 0.4000000060
28620  -19.855  -35.308  -28.196 0.5000000000
102803  -17.688  -53.205  -25.775 0.6000000238
103604  -19.853  -50.838  -23.637 0.6000000238
105621  -10.475  -51.550  -32.645 0.5000000000
106845  -14.244  -39.783  -26.549 0.4000000060
107529  -17.563  -35.225  -27.672 0.5000000000
111040  -18.529  -51.187  -25.544 0.6000000238
114516  -15.271  -52.295  -22.638 0.5000000000
114847  -12.542  -54.718  -24.228 0.5000000000
117481  -19.255  -50.113  -24.729 0.5000000000
120349  -15.109  -45.626  -26.716 0.6999999881
