#!ascii label  , from subject sub-v1s20x0050370_ses-1 vox2ras=TkReg
1625
84025  -46.117  16.129  12.358 0.0000000000
83208  -55.832  16.511  -2.047 0.0000000000
90218  -52.317  24.195  9.548 0.0000000000
83124  -52.079  15.382  7.562 0.0000000000
82188  -51.569  13.988  17.776 0.0000000000
86661  -43.872  19.593  1.152 0.0000000000
88209  -47.759  22.220  -9.247 0.0000000000
93117  -42.636  28.105  -7.157 0.0000000000
82982  -43.792  16.322  21.378 0.0000000000
82255  -46.392  14.293  8.969 0.0000000000
86617  -48.510  19.452  5.109 0.0000000000
87325  -44.274  20.419  8.403 0.0000000000
91001  -56.361  25.595  4.893 0.0000000000
90331  -50.346  24.614  -0.730 0.0000000000
90398  -51.805  24.836  -6.002 0.0000000000
118280  -46.003  25.855  -9.989 0.0000000000
92422  -49.017  27.189  -7.067 0.0000000000
83248  -51.495  16.213  -5.306 0.0000000000
86573  -44.959  19.912  14.879 0.0000000000
87312  -48.828  19.753  11.434 0.0000000000
84885  -57.290  18.275  11.382 0.0000000000
81398  -52.374  13.659  12.600 0.0000000000
80554  -46.073  11.789  13.822 0.0000000000
82171  -45.010  15.034  18.450 0.0000000000
119782  -50.358  17.629  -1.143 0.0000000000
85079  -46.500  17.458  -4.749 0.0000000000
90267  -47.292  24.592  4.390 0.0000000000
88169  -44.912  22.012  -3.055 0.0000000000
86725  -43.094  19.278  -7.435 0.0000000000
88964  -42.661  21.776  -8.156 0.0000000000
90366  -43.518  24.512  -3.672 0.0000000000
83082  -45.192  15.028  10.421 0.0000000000
84901  -44.821  17.148  8.647 0.0000000000
85766  -44.901  18.066  10.251 0.0000000000
91027  -57.757  25.940  2.107 0.0000000000
135416  -54.780  24.582  -1.358 0.0000000000
91073  -54.965  25.510  -4.422 0.0000000000
92448  -49.872  26.243  -7.714 0.0000000000
83237  -54.757  16.824  -4.421 0.0000000000
88794  -44.798  21.910  14.858 0.0000000000
87273  -46.590  20.993  16.155 0.0000000000
81365  -52.268  13.808  15.501 0.0000000000
80557  -49.527  12.424  13.395 0.0000000000
81362  -49.009  13.043  16.396 0.0000000000
83948  -44.391  17.210  20.092 0.0000000000
83990  -40.849  16.278  16.034 0.0000000000
85729  -41.259  18.224  14.501 0.0000000000
85720  -39.182  18.856  15.808 0.0000000000
84950  -52.109  17.647  5.428 0.0000000000
116825  -45.789  19.210  3.155 0.0000000000
85859  -48.974  18.825  2.208 0.0000000000
123714  -46.600  18.162  0.226 0.0000000000
85048  -48.589  17.545  -3.544 0.0000000000
85925  -45.026  17.947  -1.983 0.0000000000
88838  -50.984  22.490  10.631 0.0000000000
89515  -47.948  23.275  9.139 0.0000000000
136167  -50.222  24.921  7.358 0.0000000000
89631  -48.436  23.495  -5.103 0.0000000000
121064  -47.409  23.774  -2.004 0.0000000000
88949  -45.914  22.143  -6.181 0.0000000000
123069  -43.796  20.190  -6.056 0.0000000000
87425  -44.585  19.754  -9.330 0.0000000000
86730  -42.794  19.510  -9.060 0.0000000000
88221  -44.699  20.947  -11.934 0.0000000000
92441  -43.063  27.311  -9.254 0.0000000000
91089  -44.980  25.201  -6.696 0.0000000000
91740  -41.719  26.621  -7.292 0.0000000000
91065  -41.852  26.094  -3.518 0.0000000000
91728  -39.886  26.631  -6.228 0.0000000000
132531  -48.701  14.918  7.963 0.0000000000
84931  -49.797  17.406  6.180 0.0000000000
84913  -47.448  17.041  6.834 0.0000000000
131974  -46.280  19.518  6.190 0.0000000000
88114  -43.791  21.013  4.957 0.0000000000
90963  -54.548  25.467  7.794 0.0000000000
90997  -52.010  25.498  4.384 0.0000000000
91031  -53.166  25.289  1.903 0.0000000000
120630  -51.581  24.445  -3.417 0.0000000000
89665  -49.647  24.055  -7.988 0.0000000000
136597  -47.992  23.567  -9.488 0.0000000000
91131  -49.226  25.968  -11.366 0.0000000000
119512  -46.373  27.998  -10.170 0.0000000000
92431  -45.626  28.098  -7.744 0.0000000000
117476  -48.147  15.459  -5.511 0.0000000000
84869  -46.180  17.070  13.525 0.0000000000
84883  -47.315  17.592  11.833 0.0000000000
85736  -48.166  18.874  14.252 0.0000000000
87305  -49.934  20.296  13.654 0.0000000000
88071  -52.426  22.394  13.604 0.0000000000
133121  -53.462  23.093  17.389 0.0000000000
90197  -55.188  24.265  12.471 0.0000000000
84046  -53.983  16.063  9.861 0.0000000000
83070  -54.590  15.588  12.356 0.0000000000
123649  -52.350  14.245  10.091 0.0000000000
80585  -49.800  12.809  10.760 0.0000000000
80573  -46.527  12.355  11.445 0.0000000000
82995  -50.506  15.542  19.833 0.0000000000
125360  -45.993  17.242  21.859 0.0000000000
82992  -46.980  16.247  19.496 0.0000000000
82174  -47.809  14.423  18.468 0.0000000000
81358  -45.331  12.864  16.851 0.0000000000
124631  -43.823  15.562  13.116 0.0000000000
85007  -55.215  17.861  -0.212 0.0000000000
85829  -50.722  18.879  4.040 0.0000000000
85900  -51.667  17.955  0.997 0.0000000000
124853  -54.211  17.711  -2.661 0.0000000000
135189  -51.874  17.507  -5.028 0.0000000000
85112  -49.850  17.198  -7.166 0.0000000000
84201  -46.467  16.118  -8.979 0.0000000000
88084  -46.071  21.207  10.050 0.0000000000
89534  -45.142  23.815  6.601 0.0000000000
89565  -44.438  23.406  2.691 0.0000000000
117921  -49.252  24.860  2.364 0.0000000000
89581  -46.200  23.747  0.494 0.0000000000
88146  -43.651  21.009  -0.718 0.0000000000
85929  -43.642  18.751  -3.383 0.0000000000
85093  -44.295  17.207  -6.529 0.0000000000
121054  -44.047  15.787  -7.832 0.0000000000
89671  -45.592  23.656  -8.593 0.0000000000
88938  -43.176  22.994  -5.804 0.0000000000
88919  -41.554  22.411  -3.417 0.0000000000
89595  -41.820  23.678  -1.277 0.0000000000
91048  -41.310  25.375  -0.670 0.0000000000
83074  -45.584  15.503  11.814 0.0000000000
84039  -44.814  16.689  10.019 0.0000000000
84881  -45.825  16.897  11.250 0.0000000000
91054  -56.222  25.434  -1.448 0.0000000000
92396  -54.259  27.044  -5.151 0.0000000000
83207  -55.339  16.349  -2.744 0.0000000000
82196  -51.980  13.908  16.958 0.0000000000
81372  -50.771  13.302  15.460 0.0000000000
81349  -50.179  13.521  17.225 0.0000000000
83989  -40.343  16.921  16.643 0.0000000000
84851  -40.043  17.715  15.865 0.0000000000
84076  -52.579  15.984  7.039 0.0000000000
84090  -52.111  16.478  6.422 0.0000000000
86652  -45.223  18.999  2.408 0.0000000000
85877  -46.599  18.618  1.690 0.0000000000
85875  -45.197  18.590  0.970 0.0000000000
141628  -45.984  18.044  -0.349 0.0000000000
86679  -44.062  18.918  -0.057 0.0000000000
89510  -51.650  23.095  10.424 0.0000000000
89526  -49.969  23.989  9.209 0.0000000000
90226  -51.200  24.702  8.566 0.0000000000
88951  -47.737  23.102  -6.616 0.0000000000
88941  -47.208  23.021  -5.791 0.0000000000
88203  -46.999  22.216  -7.832 0.0000000000
140833  -45.633  21.300  -7.563 0.0000000000
133399  -46.380  21.024  -9.285 0.0000000000
86736  -45.102  19.497  -11.557 0.0000000000
88217  -47.159  21.494  -11.205 0.0000000000
93127  -42.759  27.933  -8.166 0.0000000000
91757  -42.373  27.020  -8.710 0.0000000000
92418  -41.457  27.227  -7.456 0.0000000000
91729  -40.584  26.496  -6.330 0.0000000000
93115  -41.058  27.407  -6.840 0.0000000000
82267  -47.993  14.483  8.342 0.0000000000
83120  -48.206  15.477  7.498 0.0000000000
83119  -46.664  15.652  7.762 0.0000000000
85785  -44.633  18.928  7.992 0.0000000000
85786  -45.064  18.596  7.472 0.0000000000
86604  -44.507  20.058  6.960 0.0000000000
87339  -44.725  20.147  5.519 0.0000000000
122859  -43.884  21.268  6.390 0.0000000000
90972  -55.924  25.589  6.894 0.0000000000
90999  -53.744  25.508  4.745 0.0000000000
91014  -55.303  25.492  3.451 0.0000000000
119071  -53.672  24.637  -4.441 0.0000000000
117466  -53.169  24.517  -2.174 0.0000000000
90379  -52.056  24.490  -4.935 0.0000000000
89644  -50.560  24.103  -6.162 0.0000000000
90406  -50.209  24.443  -7.300 0.0000000000
90420  -49.881  24.810  -9.558 0.0000000000
91107  -50.119  25.069  -8.729 0.0000000000
92434  -49.744  26.811  -7.616 0.0000000000
92446  -48.777  27.176  -9.261 0.0000000000
118403  -47.955  27.463  -8.604 0.0000000000
92432  -46.331  27.997  -8.339 0.0000000000
92421  -47.410  27.442  -6.740 0.0000000000
83246  -49.959  15.642  -5.297 0.0000000000
85733  -45.724  18.865  14.458 0.0000000000
138851  -47.095  18.039  14.244 0.0000000000
85734  -46.681  18.604  14.537 0.0000000000
87266  -47.965  21.449  16.390 0.0000000000
87296  -48.823  20.254  15.106 0.0000000000
87277  -50.067  20.984  15.462 0.0000000000
124062  -50.989  21.263  14.093 0.0000000000
88041  -51.435  21.556  15.760 0.0000000000
90142  -53.607  24.453  18.027 0.0000000000
89467  -54.585  23.599  14.618 0.0000000000
90168  -55.988  24.463  14.202 0.0000000000
90207  -56.468  24.882  11.888 0.0000000000
90937  -56.854  25.203  12.513 0.0000000000
84895  -55.033  17.598  9.450 0.0000000000
84890  -54.937  17.225  10.223 0.0000000000
83064  -54.716  15.469  13.184 0.0000000000
140110  -53.533  14.441  12.182 0.0000000000
82249  -53.093  14.671  10.639 0.0000000000
81406  -52.105  13.581  11.643 0.0000000000
81427  -50.873  13.509  9.918 0.0000000000
81396  -50.788  12.853  11.898 0.0000000000
118158  -47.855  11.837  13.561 0.0000000000
80565  -48.046  12.028  12.030 0.0000000000
80563  -46.233  12.125  12.240 0.0000000000
83921  -45.190  17.034  21.726 0.0000000000
83949  -45.249  16.917  19.747 0.0000000000
83015  -46.470  15.626  19.008 0.0000000000
83016  -47.411  15.298  19.028 0.0000000000
82173  -46.888  14.648  18.549 0.0000000000
81346  -46.783  13.354  17.416 0.0000000000
81344  -44.899  13.567  17.436 0.0000000000
84867  -44.085  17.097  13.459 0.0000000000
84866  -42.995  16.954  13.579 0.0000000000
85886  -56.456  18.083  0.950 0.0000000000
85800  -48.541  18.372  5.987 0.0000000000
85815  -49.937  18.774  5.152 0.0000000000
86618  -49.316  19.299  4.860 0.0000000000
85898  -49.447  18.092  0.384 0.0000000000
85881  -50.428  18.339  1.519 0.0000000000
85003  -50.747  17.738  -0.391 0.0000000000
85020  -52.734  17.671  -0.812 0.0000000000
85035  -52.013  17.589  -1.681 0.0000000000
125395  -52.777  17.618  -3.917 0.0000000000
85051  -50.754  17.577  -2.854 0.0000000000
118582  -48.146  17.549  -4.147 0.0000000000
85082  -49.750  17.588  -5.410 0.0000000000
122548  -48.203  17.472  -6.559 0.0000000000
85118  -48.466  17.050  -8.687 0.0000000000
85110  -47.245  17.174  -7.460 0.0000000000
86588  -48.469  19.027  11.671 0.0000000000
86586  -46.768  19.197  11.125 0.0000000000
87319  -47.621  20.735  10.662 0.0000000000
90239  -47.390  24.443  6.783 0.0000000000
89530  -46.109  23.759  7.741 0.0000000000
119515  -46.016  24.431  5.223 0.0000000000
89549  -44.496  23.640  4.233 0.0000000000
90277  -45.734  24.320  3.723 0.0000000000
90293  -51.382  25.247  2.246 0.0000000000
90282  -50.630  25.273  3.682 0.0000000000
117732  -49.863  24.780  0.807 0.0000000000
88914  -46.305  23.058  -2.819 0.0000000000
89598  -46.742  23.589  -1.291 0.0000000000
88905  -45.269  22.657  -1.674 0.0000000000
88897  -44.500  22.315  -0.647 0.0000000000
123416  -44.142  21.582  -1.813 0.0000000000
124341  -43.434  19.961  -2.105 0.0000000000
87392  -43.721  20.613  -3.491 0.0000000000
86719  -43.321  19.469  -6.646 0.0000000000
86707  -43.260  18.972  -5.257 0.0000000000
85092  -43.315  17.320  -6.776 0.0000000000
85108  -43.764  16.317  -7.601 0.0000000000
85107  -42.882  16.696  -7.192 0.0000000000
84192  -42.703  16.215  -7.158 0.0000000000
117767  -42.282  17.356  -7.055 0.0000000000
87424  -42.455  20.051  -8.922 0.0000000000
86724  -41.803  19.555  -7.589 0.0000000000
91106  -46.849  25.162  -9.740 0.0000000000
89672  -46.612  24.039  -9.140 0.0000000000
90405  -46.136  24.663  -8.457 0.0000000000
91072  -44.232  25.014  -5.105 0.0000000000
89640  -44.552  23.956  -5.755 0.0000000000
89627  -43.775  23.797  -4.568 0.0000000000
88929  -42.511  22.868  -4.463 0.0000000000
89614  -42.993  23.473  -3.652 0.0000000000
88911  -41.430  22.618  -2.588 0.0000000000
89605  -42.684  23.593  -2.802 0.0000000000
91702  -40.847  26.414  -3.443 0.0000000000
91053  -41.700  25.529  -1.545 0.0000000000
91686  -41.092  26.030  -1.377 0.0000000000
91685  -40.561  26.222  -0.808 0.0000000000
82254  -45.706  14.485  9.432 0.0000000000
83118  -45.828  15.638  8.317 0.0000000000
84045  -44.820  16.481  9.265 0.0000000000
84894  -44.649  17.291  9.414 0.0000000000
86595  -44.496  19.075  9.391 0.0000000000
91033  -55.420  25.323  1.620 0.0000000000
90322  -55.811  25.042  -0.297 0.0000000000
136552  -54.996  24.588  -3.207 0.0000000000
90399  -52.854  25.297  -5.872 0.0000000000
91100  -50.598  25.424  -6.864 0.0000000000
91092  -52.540  25.988  -5.977 0.0000000000
118790  -51.360  27.023  -6.314 0.0000000000
83235  -53.257  16.292  -4.550 0.0000000000
87294  -44.804  21.015  15.656 0.0000000000
87295  -46.275  20.391  15.489 0.0000000000
135826  -45.595  21.498  16.010 0.0000000000
81381  -51.617  13.445  14.160 0.0000000000
81389  -50.778  12.916  12.859 0.0000000000
137083  -50.449  12.965  14.225 0.0000000000
80536  -49.388  12.673  14.935 0.0000000000
136166  -47.796  12.117  15.324 0.0000000000
83927  -44.230  17.265  20.911 0.0000000000
83012  -43.118  16.594  18.790 0.0000000000
83047  -41.435  15.875  15.328 0.0000000000
84860  -41.368  17.293  14.384 0.0000000000
84852  -40.701  17.534  14.964 0.0000000000
85722  -40.522  18.526  14.992 0.0000000000
118681  -47.053  19.580  4.397 0.0000000000
86642  -48.257  19.447  3.717 0.0000000000
86654  -47.712  19.185  3.016 0.0000000000
85896  -47.826  18.337  0.936 0.0000000000
85909  -48.937  17.913  -0.281 0.0000000000
85050  -49.196  17.544  -2.446 0.0000000000
129464  -47.696  17.591  -1.841 0.0000000000
121460  -47.108  17.556  -2.444 0.0000000000
141462  -45.647  17.603  -3.276 0.0000000000
88088  -49.968  21.249  11.094 0.0000000000
88836  -48.540  22.120  10.180 0.0000000000
139072  -49.284  23.106  9.702 0.0000000000
90233  -49.032  24.584  7.563 0.0000000000
90255  -48.298  24.713  5.773 0.0000000000
89609  -49.385  24.147  -3.067 0.0000000000
90343  -49.051  24.413  -1.416 0.0000000000
89617  -47.562  23.562  -3.464 0.0000000000
89629  -47.000  23.270  -4.222 0.0000000000
88930  -45.591  22.250  -4.561 0.0000000000
88176  -44.523  21.245  -4.501 0.0000000000
88194  -44.526  20.918  -6.121 0.0000000000
87412  -43.983  20.202  -6.922 0.0000000000
86726  -43.528  19.457  -8.588 0.0000000000
85955  -42.480  19.198  -7.660 0.0000000000
86735  -43.879  19.250  -10.486 0.0000000000
87439  -43.548  19.811  -11.214 0.0000000000
88215  -43.466  21.126  -10.225 0.0000000000
91766  -44.452  27.260  -10.653 0.0000000000
91099  -45.516  25.381  -8.148 0.0000000000
91097  -43.543  26.339  -8.206 0.0000000000
127676  -43.665  25.938  -6.455 0.0000000000
91071  -43.584  25.414  -4.742 0.0000000000
91060  -43.239  24.873  -3.179 0.0000000000
91720  -41.602  26.394  -5.522 0.0000000000
91719  -40.369  26.343  -5.694 0.0000000000
91718  -39.413  26.442  -5.609 0.0000000000
83122  -50.160  15.341  7.456 0.0000000000
84074  -50.670  15.900  6.902 0.0000000000
84073  -49.713  16.003  6.945 0.0000000000
84086  -48.382  16.895  6.696 0.0000000000
85799  -47.696  18.597  6.192 0.0000000000
84912  -46.415  17.267  7.186 0.0000000000
85798  -46.337  18.191  6.831 0.0000000000
86615  -46.815  19.615  5.583 0.0000000000
86627  -46.293  19.703  4.786 0.0000000000
86625  -44.591  19.916  4.084 0.0000000000
87350  -43.796  20.459  3.319 0.0000000000
90954  -53.446  25.118  8.601 0.0000000000
90961  -52.162  25.433  7.345 0.0000000000
117462  -53.139  25.519  6.185 0.0000000000
136268  -52.537  25.444  3.221 0.0000000000
90318  -51.621  24.914  0.739 0.0000000000
90320  -54.019  24.846  0.241 0.0000000000
90332  -52.654  24.690  -0.435 0.0000000000
90345  -50.889  24.545  -1.475 0.0000000000
137706  -49.799  23.851  -4.752 0.0000000000
118910  -49.158  23.587  -6.800 0.0000000000
88960  -48.342  23.254  -8.153 0.0000000000
88973  -47.785  22.521  -10.204 0.0000000000
89682  -49.072  24.312  -9.229 0.0000000000
91116  -48.711  25.168  -10.680 0.0000000000
91122  -47.020  26.116  -11.332 0.0000000000
91768  -49.661  26.130  -10.034 0.0000000000
137711  -47.777  27.163  -10.772 0.0000000000
92464  -45.577  27.485  -11.121 0.0000000000
93139  -45.319  28.188  -10.151 0.0000000000
93129  -44.655  28.322  -8.546 0.0000000000
93118  -43.756  28.317  -7.020 0.0000000000
84018  -46.517  16.692  12.911 0.0000000000
84026  -46.722  16.617  12.324 0.0000000000
84870  -46.919  17.199  13.416 0.0000000000
84871  -47.904  17.704  13.003 0.0000000000
85747  -48.862  18.836  12.905 0.0000000000
86576  -47.627  19.349  14.781 0.0000000000
86579  -48.753  19.109  13.766 0.0000000000
86581  -49.888  19.989  12.639 0.0000000000
88078  -50.801  21.148  12.378 0.0000000000
88833  -51.762  22.233  11.941 0.0000000000
89505  -52.853  23.251  11.582 0.0000000000
88778  -51.740  22.182  17.284 0.0000000000
88798  -52.855  22.395  15.073 0.0000000000
130271  -53.705  23.413  13.082 0.0000000000
90205  -54.228  24.160  11.279 0.0000000000
90220  -54.768  24.757  10.037 0.0000000000
90956  -56.200  25.290  9.065 0.0000000000
90965  -57.360  25.523  8.150 0.0000000000
84078  -54.093  16.733  8.173 0.0000000000
83108  -53.179  15.641  8.655 0.0000000000
122036  -55.801  16.564  13.187 0.0000000000
139295  -55.451  16.915  11.509 0.0000000000
83084  -54.151  15.896  10.660 0.0000000000
82258  -52.981  14.912  9.764 0.0000000000
134134  -51.900  14.640  8.740 0.0000000000
82270  -50.618  14.194  8.694 0.0000000000
131540  -49.105  13.598  9.213 0.0000000000
124887  -47.588  13.457  9.380 0.0000000000
139467  -49.574  12.457  11.965 0.0000000000
80583  -47.867  12.576  10.525 0.0000000000
81413  -46.377  13.227  10.162 0.0000000000
81412  -45.685  13.643  10.506 0.0000000000
84794  -47.499  17.555  21.518 0.0000000000
83928  -45.118  17.353  20.565 0.0000000000
83930  -46.853  17.399  20.859 0.0000000000
83931  -47.821  17.206  20.728 0.0000000000
82994  -49.001  15.605  19.560 0.0000000000
82176  -49.324  14.610  18.883 0.0000000000
82186  -49.631  13.834  18.062 0.0000000000
81348  -48.520  13.357  17.170 0.0000000000
81360  -47.175  12.797  16.777 0.0000000000
80533  -46.128  11.900  15.493 0.0000000000
83063  -44.814  15.577  12.745 0.0000000000
84868  -45.162  17.070  13.503 0.0000000000
85742  -44.509  17.935  13.802 0.0000000000
124326  -44.152  19.556  14.525 0.0000000000
128571  -43.902  20.460  14.983 0.0000000000
84985  -57.427  17.036  1.258 0.0000000000
139006  -56.613  17.698  0.167 0.0000000000
85023  -56.370  17.289  -1.089 0.0000000000
84932  -50.698  17.266  6.078 0.0000000000
85817  -51.667  18.213  4.990 0.0000000000
86643  -49.506  19.088  2.948 0.0000000000
85862  -51.201  18.538  2.648 0.0000000000
85883  -52.869  18.229  1.884 0.0000000000
84993  -53.465  17.944  0.941 0.0000000000
85021  -54.638  17.788  -0.886 0.0000000000
85039  -55.735  17.198  -2.654 0.0000000000
85069  -55.056  17.249  -3.987 0.0000000000
85086  -54.052  17.326  -5.170 0.0000000000
84187  -52.783  17.111  -5.683 0.0000000000
124851  -50.444  17.590  -3.700 0.0000000000
85083  -50.656  17.536  -5.489 0.0000000000
84197  -51.133  16.967  -6.406 0.0000000000
83260  -49.573  16.217  -7.212 0.0000000000
83271  -47.632  15.472  -7.950 0.0000000000
83270  -46.390  15.316  -7.792 0.0000000000
85758  -46.440  17.686  11.348 0.0000000000
132091  -45.475  19.458  10.486 0.0000000000
88091  -44.681  21.101  9.252 0.0000000000
135540  -47.214  22.318  9.656 0.0000000000
88841  -45.615  22.570  8.915 0.0000000000
128855  -44.041  22.019  7.458 0.0000000000
88857  -43.930  22.576  6.052 0.0000000000
88869  -43.686  22.103  3.704 0.0000000000
88133  -43.688  21.205  1.710 0.0000000000
90969  -51.317  25.388  6.101 0.0000000000
90269  -49.446  24.965  4.769 0.0000000000
117733  -48.005  24.683  2.889 0.0000000000
90328  -48.027  24.371  -0.473 0.0000000000
90302  -47.505  24.459  1.345 0.0000000000
90290  -46.757  24.453  2.653 0.0000000000
89580  -45.343  23.486  0.904 0.0000000000
88140  -44.076  22.235  0.767 0.0000000000
128257  -43.613  20.754  0.168 0.0000000000
120623  -43.556  19.587  -1.118 0.0000000000
85062  -45.003  17.697  -3.691 0.0000000000
87398  -43.475  19.847  -4.643 0.0000000000
85937  -43.869  18.016  -4.899 0.0000000000
136617  -45.084  17.450  -5.599 0.0000000000
138504  -45.503  16.597  -7.563 0.0000000000
83280  -45.300  15.834  -8.586 0.0000000000
85948  -41.973  18.050  -6.946 0.0000000000
89687  -46.994  22.799  -11.259 0.0000000000
88971  -44.798  22.415  -10.694 0.0000000000
88958  -43.916  22.821  -8.215 0.0000000000
90397  -45.277  24.550  -6.895 0.0000000000
89660  -43.983  23.118  -7.157 0.0000000000
88956  -42.440  22.010  -7.167 0.0000000000
88184  -42.082  22.038  -5.787 0.0000000000
88175  -41.216  21.580  -4.742 0.0000000000
120763  -40.226  21.058  -3.387 0.0000000000
90341  -42.391  25.048  -1.910 0.0000000000
90340  -41.900  24.603  -1.043 0.0000000000
93104  -44.095  28.319  -5.913 0.0000000000
137593  -42.614  28.407  -5.688 0.0000000000
93089  -40.552  27.851  -5.591 0.0000000000
93088  -39.397  27.391  -5.733 0.0000000000
91717  -37.758  26.756  -4.857 0.0000000000
120393  -45.232  15.918  10.905 0.0000000000
84033  -46.118  16.266  11.789 0.0000000000
84151  -55.775  16.878  -2.766 0.0000000000
82189  -52.373  14.335  17.641 0.0000000000
81350  -51.079  13.671  17.061 0.0000000000
82187  -50.669  13.833  17.958 0.0000000000
84843  -39.682  17.404  17.139 0.0000000000
84075  -51.647  15.830  6.887 0.0000000000
122779  -44.416  19.329  2.237 0.0000000000
86663  -44.792  18.902  1.645 0.0000000000
86662  -44.275  18.979  0.857 0.0000000000
85893  -44.787  18.544  0.211 0.0000000000
89519  -52.158  23.601  10.159 0.0000000000
138797  -51.586  24.302  9.154 0.0000000000
90227  -52.053  24.765  8.750 0.0000000000
88204  -47.591  22.378  -8.453 0.0000000000
88959  -47.705  22.787  -7.679 0.0000000000
125878  -47.288  21.964  -8.647 0.0000000000
88202  -46.443  21.536  -8.313 0.0000000000
88208  -47.198  21.566  -9.333 0.0000000000
87427  -46.897  21.098  -10.237 0.0000000000
88218  -47.599  21.782  -10.248 0.0000000000
93126  -41.999  27.565  -7.921 0.0000000000
93116  -41.818  27.770  -7.059 0.0000000000
82266  -47.107  14.526  8.430 0.0000000000
83103  -47.413  15.079  7.893 0.0000000000
83102  -46.496  15.002  8.338 0.0000000000
86597  -44.423  19.446  8.605 0.0000000000
86600  -44.406  19.800  7.795 0.0000000000
87327  -44.137  20.605  7.497 0.0000000000
87330  -44.119  20.689  6.658 0.0000000000
90987  -56.459  25.573  5.916 0.0000000000
117458  -55.291  25.531  5.289 0.0000000000
117457  -55.337  25.531  4.435 0.0000000000
90380  -52.963  24.671  -5.051 0.0000000000
119180  -52.723  24.514  -4.315 0.0000000000
90389  -52.090  24.657  -5.559 0.0000000000
89645  -51.209  24.476  -6.107 0.0000000000
119472  -50.767  24.577  -6.595 0.0000000000
90414  -50.076  24.758  -8.257 0.0000000000
90407  -50.346  24.819  -7.261 0.0000000000
118580  -48.878  27.048  -8.123 0.0000000000
117954  -48.135  27.316  -7.419 0.0000000000
92433  -47.223  27.635  -7.860 0.0000000000
83234  -51.460  15.617  -4.154 0.0000000000
83247  -50.651  15.622  -4.780 0.0000000000
83261  -50.737  16.093  -5.792 0.0000000000
86574  -46.005  19.689  14.881 0.0000000000
87267  -48.866  21.402  16.449 0.0000000000
87268  -49.752  21.370  16.412 0.0000000000
88040  -50.612  21.377  16.143 0.0000000000
131158  -55.895  24.560  15.045 0.0000000000
90178  -56.465  24.818  13.778 0.0000000000
84891  -56.692  18.144  10.704 0.0000000000
84896  -55.942  18.083  9.968 0.0000000000
84035  -55.609  17.418  10.833 0.0000000000
82239  -52.739  13.888  11.844 0.0000000000
81405  -51.365  13.243  11.360 0.0000000000
81397  -51.525  13.227  12.263 0.0000000000
117600  -47.077  11.693  14.086 0.0000000000
80555  -46.841  11.768  13.046 0.0000000000
123545  -45.964  12.020  12.948 0.0000000000
82974  -44.027  16.847  21.536 0.0000000000
83014  -45.443  16.008  18.987 0.0000000000
82172  -45.936  14.879  18.559 0.0000000000
82183  -46.369  13.999  18.055 0.0000000000
82182  -45.444  14.152  18.043 0.0000000000
138340  -42.414  15.721  13.953 0.0000000000
84014  -42.951  15.897  13.578 0.0000000000
84009  -42.275  16.262  13.884 0.0000000000
85864  -53.616  18.409  2.607 0.0000000000
121944  -49.006  18.965  5.457 0.0000000000
85910  -49.883  17.843  -0.336 0.0000000000
85899  -50.300  18.033  0.548 0.0000000000
133282  -51.131  17.610  -1.136 0.0000000000
85034  -50.973  17.585  -1.917 0.0000000000
85052  -51.813  17.580  -2.835 0.0000000000
85080  -47.609  17.474  -5.022 0.0000000000
85096  -46.944  17.362  -5.971 0.0000000000
87311  -48.071  19.847  11.222 0.0000000000
129167  -48.731  20.559  11.013 0.0000000000
90254  -47.345  24.573  5.933 0.0000000000
90238  -46.595  24.377  6.483 0.0000000000
118180  -46.865  24.556  5.145 0.0000000000
90265  -45.532  24.302  4.590 0.0000000000
90266  -46.363  24.480  4.441 0.0000000000
119948  -50.677  24.840  0.744 0.0000000000
90305  -50.372  24.934  1.314 0.0000000000
117731  -50.128  24.700  0.105 0.0000000000
88921  -45.651  22.513  -3.356 0.0000000000
88913  -45.490  22.589  -2.503 0.0000000000
88161  -44.747  22.122  -2.193 0.0000000000
88160  -44.223  21.492  -2.644 0.0000000000
87385  -43.789  20.922  -2.978 0.0000000000
88168  -44.295  21.279  -3.560 0.0000000000
123888  -42.759  18.633  -6.738 0.0000000000
85942  -42.960  18.262  -6.339 0.0000000000
129699  -42.534  17.680  -6.863 0.0000000000
85949  -42.302  18.482  -7.014 0.0000000000
88207  -42.420  20.900  -8.614 0.0000000000
133520  -41.971  20.344  -7.961 0.0000000000
88200  -41.677  20.923  -7.360 0.0000000000
130605  -41.899  21.426  -7.102 0.0000000000
90411  -46.831  24.569  -9.266 0.0000000000
91105  -46.194  25.273  -9.005 0.0000000000
90377  -43.868  24.565  -4.357 0.0000000000
89628  -44.262  24.260  -5.050 0.0000000000
89626  -43.247  23.454  -4.286 0.0000000000
89615  -43.584  23.947  -3.873 0.0000000000
89606  -43.299  24.114  -3.183 0.0000000000
91701  -39.905  26.541  -3.209 0.0000000000
91693  -41.084  26.255  -2.266 0.0000000000
83088  -45.283  15.045  9.627 0.0000000000
119201  -44.982  15.795  9.885 0.0000000000
84889  -45.108  17.163  10.520 0.0000000000
84888  -44.700  17.488  10.005 0.0000000000
85773  -44.567  18.153  9.568 0.0000000000
86591  -44.721  18.755  9.991 0.0000000000
91034  -56.561  25.499  1.667 0.0000000000
120237  -56.761  25.482  0.909 0.0000000000
91061  -55.781  25.347  -2.864 0.0000000000
90350  -55.887  25.069  -2.227 0.0000000000
90371  -55.114  24.871  -3.807 0.0000000000
118468  -54.455  24.877  -4.476 0.0000000000
90382  -54.346  25.199  -4.977 0.0000000000
91083  -53.581  25.997  -5.610 0.0000000000
92411  -53.546  27.276  -5.335 0.0000000000
92426  -53.006  26.878  -5.713 0.0000000000
83224  -54.730  16.260  -3.441 0.0000000000
83236  -54.005  16.235  -4.049 0.0000000000
84166  -54.137  16.674  -4.992 0.0000000000
88053  -44.366  21.425  15.239 0.0000000000
88038  -45.188  21.609  15.625 0.0000000000
82218  -52.953  14.117  15.072 0.0000000000
81382  -52.305  13.740  14.594 0.0000000000
81373  -51.566  13.511  15.069 0.0000000000
117605  -49.834  13.065  15.749 0.0000000000
81371  -49.034  12.746  15.598 0.0000000000
80535  -48.570  12.354  15.064 0.0000000000
80525  -48.351  12.572  15.851 0.0000000000
83039  -41.486  15.655  16.464 0.0000000000
83999  -40.992  16.657  15.025 0.0000000000
83998  -40.520  16.966  15.641 0.0000000000
85721  -39.844  18.681  15.490 0.0000000000
86640  -46.459  19.440  3.857 0.0000000000
86641  -47.364  19.442  3.759 0.0000000000
86653  -46.777  19.161  3.084 0.0000000000
133257  -47.003  18.377  1.006 0.0000000000
85878  -47.505  18.581  1.645 0.0000000000
138981  -47.376  18.207  0.433 0.0000000000
133831  -48.059  18.092  0.155 0.0000000000
85908  -48.181  17.805  -0.673 0.0000000000
118782  -47.407  17.965  -0.260 0.0000000000
85917  -45.783  17.884  -1.193 0.0000000000
85031  -46.822  17.671  -1.578 0.0000000000
85030  -46.063  17.647  -2.150 0.0000000000
119764  -46.335  17.557  -3.015 0.0000000000
88089  -50.507  21.797  10.944 0.0000000000
88843  -49.510  22.509  10.169 0.0000000000
88844  -50.359  22.872  10.136 0.0000000000
90217  -50.308  24.524  8.526 0.0000000000
90225  -49.291  24.281  8.501 0.0000000000
90234  -49.879  24.719  7.816 0.0000000000
90241  -48.894  24.757  6.567 0.0000000000
90256  -49.205  24.896  5.616 0.0000000000
121310  -48.950  23.701  -4.451 0.0000000000
89618  -48.582  23.826  -3.506 0.0000000000
121193  -47.998  23.553  -4.280 0.0000000000
88940  -46.435  22.636  -5.594 0.0000000000
88932  -46.840  23.054  -5.054 0.0000000000
88931  -46.204  22.733  -4.641 0.0000000000
88939  -45.722  22.241  -5.261 0.0000000000
121614  -45.225  21.660  -5.708 0.0000000000
87419  -45.426  20.642  -8.528 0.0000000000
87413  -44.840  20.797  -7.280 0.0000000000
87418  -44.270  20.031  -8.050 0.0000000000
86731  -43.964  19.381  -9.742 0.0000000000
87446  -45.156  19.866  -12.071 0.0000000000
86740  -44.573  19.524  -11.719 0.0000000000
139320  -43.811  20.582  -11.329 0.0000000000
87432  -43.281  20.281  -10.613 0.0000000000
133952  -44.239  21.601  -11.034 0.0000000000
91765  -43.777  27.285  -10.017 0.0000000000
91759  -44.113  26.785  -10.005 0.0000000000
91758  -43.129  26.847  -9.296 0.0000000000
91749  -41.966  26.828  -8.110 0.0000000000
91741  -42.769  26.411  -7.571 0.0000000000
91731  -42.748  26.305  -6.446 0.0000000000
91082  -43.698  25.666  -5.604 0.0000000000
91081  -42.768  26.145  -5.464 0.0000000000
91730  -41.577  26.453  -6.411 0.0000000000
91738  -40.419  26.739  -6.569 0.0000000000
83104  -49.625  14.809  7.993 0.0000000000
83121  -49.198  15.441  7.467 0.0000000000
84072  -47.851  16.232  7.063 0.0000000000
125191  -48.770  16.105  6.997 0.0000000000
84929  -48.017  17.726  6.429 0.0000000000
84928  -47.123  17.943  6.611 0.0000000000
84055  -45.251  16.378  8.448 0.0000000000
84070  -46.062  16.375  7.758 0.0000000000
84911  -45.428  17.150  7.867 0.0000000000
85797  -45.744  18.908  6.822 0.0000000000
122944  -46.818  18.926  6.394 0.0000000000
86614  -45.668  19.862  5.689 0.0000000000
131255  -44.338  20.326  4.888 0.0000000000
87345  -43.913  20.539  4.099 0.0000000000
87351  -44.129  19.984  3.494 0.0000000000
90955  -54.310  25.223  8.576 0.0000000000
90962  -53.558  25.414  7.814 0.0000000000
117464  -54.009  25.548  7.193 0.0000000000
119954  -53.488  25.499  3.996 0.0000000000
91022  -52.805  25.392  2.640 0.0000000000
90294  -52.276  25.305  2.051 0.0000000000
90307  -52.566  25.090  1.191 0.0000000000
90321  -55.045  24.878  0.220 0.0000000000
90309  -54.660  25.058  0.959 0.0000000000
90359  -51.874  24.520  -2.809 0.0000000000
90347  -52.783  24.575  -1.337 0.0000000000
117728  -52.279  24.555  -2.110 0.0000000000
90346  -51.759  24.573  -1.428 0.0000000000
90358  -50.945  24.445  -2.899 0.0000000000
90367  -50.207  24.250  -3.429 0.0000000000
89620  -50.388  24.102  -4.293 0.0000000000
89653  -49.971  23.962  -6.840 0.0000000000
89643  -49.656  23.756  -6.075 0.0000000000
121455  -49.624  23.874  -7.371 0.0000000000
89664  -49.058  23.612  -7.682 0.0000000000
89674  -48.897  23.759  -8.499 0.0000000000
90425  -49.740  25.292  -10.311 0.0000000000
90419  -49.395  24.948  -10.214 0.0000000000
91124  -49.258  25.577  -11.080 0.0000000000
91123  -48.228  25.697  -11.307 0.0000000000
91129  -47.789  26.217  -11.500 0.0000000000
91761  -50.050  25.772  -7.540 0.0000000000
91760  -49.852  25.842  -8.464 0.0000000000
92460  -49.734  26.136  -8.959 0.0000000000
92457  -47.633  27.583  -9.928 0.0000000000
92458  -48.696  27.047  -10.268 0.0000000000
123169  -46.739  27.592  -10.690 0.0000000000
139448  -46.191  27.448  -11.087 0.0000000000
92456  -45.769  27.800  -10.855 0.0000000000
92455  -44.968  27.796  -10.800 0.0000000000
92443  -45.460  28.310  -8.942 0.0000000000
93119  -44.769  28.230  -7.322 0.0000000000
83245  -48.986  15.535  -4.591 0.0000000000
85735  -47.511  18.462  14.320 0.0000000000
85745  -47.420  17.742  13.740 0.0000000000
85746  -48.193  18.341  13.538 0.0000000000
85753  -48.388  18.273  12.617 0.0000000000
86556  -47.141  20.242  15.434 0.0000000000
87297  -49.647  20.438  14.773 0.0000000000
86578  -49.223  19.817  14.184 0.0000000000
86580  -49.388  19.504  13.214 0.0000000000
87309  -50.294  20.490  12.110 0.0000000000
87306  -50.388  20.677  12.897 0.0000000000
88070  -51.656  21.806  13.627 0.0000000000
88079  -51.387  21.729  12.642 0.0000000000
88080  -52.047  22.286  12.832 0.0000000000
88834  -52.264  22.801  11.534 0.0000000000
122025  -52.640  22.708  12.988 0.0000000000
127868  -52.988  23.806  18.214 0.0000000000
134523  -51.275  23.165  17.848 0.0000000000
133933  -52.149  22.699  17.738 0.0000000000
88034  -51.991  21.948  16.422 0.0000000000
88780  -53.218  22.679  16.878 0.0000000000
89480  -54.121  23.474  13.759 0.0000000000
89498  -54.535  23.857  12.945 0.0000000000
89497  -53.722  23.564  12.445 0.0000000000
89507  -54.410  24.012  12.090 0.0000000000
90213  -55.053  24.571  10.806 0.0000000000
90944  -57.069  25.288  10.716 0.0000000000
90221  -55.873  24.963  10.347 0.0000000000
120894  -56.645  25.205  9.829 0.0000000000
90964  -56.403  25.403  8.373 0.0000000000
90957  -57.250  25.399  9.154 0.0000000000
84903  -55.782  18.408  8.320 0.0000000000
84047  -54.411  16.831  9.623 0.0000000000
84057  -54.517  17.154  8.856 0.0000000000
84056  -53.864  16.295  8.976 0.0000000000
134821  -53.520  16.139  8.210 0.0000000000
82235  -54.245  15.025  12.774 0.0000000000
83071  -55.200  16.103  12.750 0.0000000000
84028  -55.781  16.857  12.274 0.0000000000
84034  -55.024  16.285  11.900 0.0000000000
84040  -54.816  16.575  10.993 0.0000000000
83076  -54.372  15.737  11.505 0.0000000000
82272  -52.387  14.715  9.233 0.0000000000
82271  -51.746  14.246  9.318 0.0000000000
126047  -51.258  14.381  8.680 0.0000000000
82257  -50.955  13.870  9.282 0.0000000000
81417  -50.388  13.185  10.281 0.0000000000
81426  -50.298  13.508  9.608 0.0000000000
81416  -49.526  13.154  9.895 0.0000000000
81415  -48.358  13.111  9.746 0.0000000000
80567  -50.054  12.597  12.949 0.0000000000
136652  -50.137  12.625  12.307 0.0000000000
80566  -49.481  12.387  12.591 0.0000000000
80574  -47.459  12.227  11.296 0.0000000000
80575  -48.412  12.306  11.261 0.0000000000
81414  -47.275  13.017  9.935 0.0000000000
80582  -46.867  12.624  10.651 0.0000000000
81403  -46.008  12.907  10.917 0.0000000000
84768  -46.773  17.170  22.227 0.0000000000
84783  -47.509  17.527  22.204 0.0000000000
84782  -46.733  17.438  21.772 0.0000000000
83947  -43.380  17.189  20.402 0.0000000000
82991  -46.085  16.549  19.519 0.0000000000
83950  -46.521  17.001  20.044 0.0000000000
83951  -47.413  16.785  20.090 0.0000000000
83952  -48.351  16.509  20.109 0.0000000000
82993  -47.913  15.880  19.557 0.0000000000
83017  -48.357  14.969  19.007 0.0000000000
82175  -48.704  14.186  18.328 0.0000000000
129523  -48.884  13.704  17.717 0.0000000000
82185  -48.155  13.776  17.844 0.0000000000
81359  -46.261  12.768  16.865 0.0000000000
80523  -46.648  12.265  16.195 0.0000000000
80522  -45.746  12.317  16.197 0.0000000000
82224  -43.540  14.632  13.358 0.0000000000
83062  -44.238  14.819  12.791 0.0000000000
138041  -44.827  14.984  12.371 0.0000000000
84017  -45.661  16.306  12.917 0.0000000000
84016  -44.574  16.325  13.131 0.0000000000
85741  -43.527  17.857  13.703 0.0000000000
132058  -41.815  17.885  14.044 0.0000000000
86571  -42.518  19.731  14.538 0.0000000000
86572  -43.384  19.650  14.487 0.0000000000
134166  -43.121  20.368  14.697 0.0000000000
87293  -43.284  20.943  14.932 0.0000000000
85887  -57.026  17.815  1.495 0.0000000000
84995  -55.791  18.028  0.409 0.0000000000
85008  -56.248  17.668  -0.418 0.0000000000
84088  -50.217  16.655  6.536 0.0000000000
84089  -51.150  16.547  6.465 0.0000000000
139747  -50.554  18.788  4.655 0.0000000000
85816  -50.819  18.404  5.079 0.0000000000
86655  -48.613  19.194  2.959 0.0000000000
86630  -49.116  19.364  3.668 0.0000000000
126543  -50.973  18.056  1.035 0.0000000000
85861  -50.658  18.546  2.223 0.0000000000
85882  -51.277  18.281  1.773 0.0000000000
119108  -51.963  18.368  2.336 0.0000000000
135851  -52.037  18.140  1.609 0.0000000000
84992  -52.496  17.923  0.977 0.0000000000
85036  -53.126  17.648  -1.849 0.0000000000
120303  -53.619  17.741  -0.577 0.0000000000
85037  -53.906  17.717  -1.435 0.0000000000
85038  -55.193  17.577  -1.969 0.0000000000
133181  -55.362  17.312  -3.385 0.0000000000
85054  -54.785  17.492  -3.613 0.0000000000
85066  -52.666  17.538  -4.922 0.0000000000
85067  -53.608  17.539  -4.777 0.0000000000
85085  -53.286  17.360  -5.393 0.0000000000
85084  -52.420  17.359  -5.539 0.0000000000
137572  -49.936  17.569  -2.856 0.0000000000
124852  -49.411  17.563  -3.435 0.0000000000
85097  -49.404  17.466  -6.454 0.0000000000
85098  -50.295  17.396  -6.307 0.0000000000
85099  -51.085  17.297  -6.153 0.0000000000
85113  -50.497  17.158  -6.658 0.0000000000
84196  -49.987  16.864  -7.212 0.0000000000
85119  -49.104  16.962  -8.059 0.0000000000
135275  -47.621  16.283  -9.287 0.0000000000
83283  -48.285  16.254  -9.009 0.0000000000
135188  -47.702  15.985  -9.393 0.0000000000
83281  -46.185  15.747  -8.802 0.0000000000
84027  -47.132  17.055  12.241 0.0000000000
84882  -46.679  16.940  11.804 0.0000000000
85759  -47.026  18.420  11.389 0.0000000000
87318  -46.540  20.540  10.523 0.0000000000
86593  -46.193  19.722  10.757 0.0000000000
87317  -45.483  20.354  10.250 0.0000000000
87322  -44.762  20.490  9.620 0.0000000000
87323  -45.203  21.198  9.693 0.0000000000
118878  -47.892  22.552  9.693 0.0000000000
133256  -47.317  22.825  9.323 0.0000000000
89529  -45.312  23.534  7.396 0.0000000000
89521  -45.532  23.187  8.243 0.0000000000
133893  -44.948  22.521  8.466 0.0000000000
88849  -44.639  22.797  7.709 0.0000000000
88851  -44.209  22.691  6.858 0.0000000000
89533  -44.450  23.369  6.187 0.0000000000
89558  -44.279  23.369  3.442 0.0000000000
88870  -43.936  22.931  3.939 0.0000000000
88877  -43.895  22.723  3.021 0.0000000000
136414  -43.689  21.835  3.016 0.0000000000
88128  -43.789  22.061  2.207 0.0000000000
90985  -52.301  25.498  5.890 0.0000000000
133392  -51.934  25.466  6.612 0.0000000000
90984  -51.656  25.469  5.212 0.0000000000
118772  -49.835  25.044  3.042 0.0000000000
90270  -50.316  25.216  4.589 0.0000000000
90281  -49.650  24.997  3.906 0.0000000000
90280  -48.758  24.778  4.155 0.0000000000
90291  -48.399  24.694  2.346 0.0000000000
89600  -48.310  24.178  -1.928 0.0000000000
90342  -48.373  24.345  -1.125 0.0000000000
89599  -47.664  24.087  -1.221 0.0000000000
89590  -46.417  23.593  -0.337 0.0000000000
89591  -47.233  23.976  -0.457 0.0000000000
89582  -46.882  23.944  0.201 0.0000000000
90301  -46.767  24.342  1.786 0.0000000000
89573  -46.062  23.999  1.328 0.0000000000
88153  -44.073  21.660  -1.013 0.0000000000
88890  -44.482  22.582  0.115 0.0000000000
88147  -43.952  21.751  -0.082 0.0000000000
88139  -43.737  21.402  0.845 0.0000000000
87372  -43.519  20.150  -0.524 0.0000000000
87379  -43.505  20.383  -1.388 0.0000000000
86694  -43.481  19.363  -2.675 0.0000000000
85924  -43.775  18.716  -2.496 0.0000000000
85930  -44.115  18.112  -3.979 0.0000000000
87406  -43.991  20.556  -5.172 0.0000000000
87399  -43.860  20.595  -4.187 0.0000000000
85936  -43.477  18.134  -5.629 0.0000000000
85076  -43.862  17.686  -5.765 0.0000000000
85077  -44.518  17.753  -4.955 0.0000000000
85094  -45.240  16.997  -6.589 0.0000000000
83279  -44.549  15.921  -8.213 0.0000000000
133333  -44.604  15.710  -8.192 0.0000000000
83269  -45.221  15.494  -8.011 0.0000000000
83267  -43.758  15.572  -7.083 0.0000000000
85960  -42.653  19.302  -8.200 0.0000000000
85954  -42.273  18.887  -7.402 0.0000000000
85959  -41.997  19.374  -7.688 0.0000000000
86718  -41.337  19.333  -6.954 0.0000000000
85947  -41.288  18.482  -6.704 0.0000000000
89688  -47.568  22.409  -10.911 0.0000000000
89680  -46.348  23.496  -10.041 0.0000000000
89679  -45.132  23.059  -9.770 0.0000000000
88966  -43.946  22.323  -9.563 0.0000000000
89670  -44.636  23.113  -8.730 0.0000000000
126440  -44.785  25.678  -7.581 0.0000000000
91090  -45.350  25.112  -7.250 0.0000000000
89650  -43.993  23.363  -6.182 0.0000000000
89651  -44.834  23.804  -6.668 0.0000000000
88948  -43.173  22.738  -6.701 0.0000000000
88947  -42.537  22.344  -6.225 0.0000000000
88937  -42.525  22.588  -5.397 0.0000000000
88928  -41.722  22.298  -4.228 0.0000000000
88167  -41.227  21.857  -3.927 0.0000000000
88166  -40.764  21.312  -4.012 0.0000000000
88918  -40.847  21.850  -3.182 0.0000000000
89604  -42.113  23.417  -2.124 0.0000000000
88903  -41.314  22.910  -1.750 0.0000000000
89594  -41.071  23.177  -0.956 0.0000000000
91066  -42.723  25.626  -3.666 0.0000000000
91059  -42.630  25.334  -2.765 0.0000000000
90327  -41.346  24.584  -0.405 0.0000000000
93091  -42.804  28.339  -4.714 0.0000000000
124638  -41.662  28.223  -5.512 0.0000000000
93090  -41.794  28.327  -4.503 0.0000000000
92376  -38.451  27.124  -5.424 0.0000000000
130403  -45.246  14.841  11.262 0.0000000000
91043  -57.318  25.831  0.565 0.0000000000
123161  -55.988  25.563  -2.051 0.0000000000
120658  -54.696  26.348  -4.867 0.0000000000
91721  -55.137  26.197  -4.184 0.0000000000
140225  -54.652  26.763  -4.673 0.0000000000
130449  -54.247  27.216  -4.757 0.0000000000
88812  -44.576  22.214  13.673 0.0000000000
134472  -52.320  13.938  16.266 0.0000000000
81364  -51.510  13.612  16.096 0.0000000000
81363  -50.531  13.411  16.356 0.0000000000
136173  -49.789  13.298  16.586 0.0000000000
84077  -53.505  16.418  7.428 0.0000000000
84091  -53.065  16.637  6.546 0.0000000000
84933  -51.622  17.138  5.977 0.0000000000
85856  -46.187  18.881  2.404 0.0000000000
85876  -45.664  18.688  1.700 0.0000000000
85895  -46.110  18.412  1.002 0.0000000000
85015  -46.687  17.864  -0.686 0.0000000000
85894  -45.646  18.300  0.291 0.0000000000
85907  -45.238  18.233  -0.437 0.0000000000
121345  -44.734  18.259  -1.139 0.0000000000
89509  -51.037  23.092  10.088 0.0000000000
89517  -50.587  23.512  9.666 0.0000000000
89518  -51.473  23.683  9.731 0.0000000000
135787  -50.854  24.129  9.141 0.0000000000
90235  -50.732  25.011  7.769 0.0000000000
89641  -48.001  23.338  -5.813 0.0000000000
89630  -47.557  23.307  -5.028 0.0000000000
88950  -46.859  22.554  -6.685 0.0000000000
88196  -46.165  21.920  -7.192 0.0000000000
87426  -45.808  20.226  -10.071 0.0000000000
87433  -44.812  19.360  -10.625 0.0000000000
87442  -46.370  20.686  -11.565 0.0000000000
87447  -46.018  20.737  -11.923 0.0000000000
93136  -43.112  27.718  -9.083 0.0000000000
92430  -42.420  27.398  -8.624 0.0000000000
92429  -41.902  27.125  -8.127 0.0000000000
91748  -41.441  26.940  -7.492 0.0000000000
91739  -40.962  26.733  -6.832 0.0000000000
92417  -40.879  26.959  -6.925 0.0000000000
92401  -40.323  26.972  -6.597 0.0000000000
138528  -48.083  14.961  7.877 0.0000000000
132373  -47.404  15.728  7.443 0.0000000000
84071  -46.952  16.344  7.270 0.0000000000
85780  -44.835  17.970  8.092 0.0000000000
86601  -44.864  19.319  7.229 0.0000000000
86605  -45.287  19.689  6.469 0.0000000000
87331  -44.687  20.217  6.161 0.0000000000
87338  -44.116  20.741  5.770 0.0000000000
88106  -43.762  21.664  5.725 0.0000000000
117463  -54.804  25.589  7.017 0.0000000000
117459  -54.167  25.500  5.519 0.0000000000
117460  -55.078  25.506  6.165 0.0000000000
91000  -54.385  25.490  4.136 0.0000000000
91023  -53.679  25.419  2.588 0.0000000000
90361  -54.029  24.472  -2.837 0.0000000000
90348  -53.973  24.496  -1.794 0.0000000000
117727  -53.344  24.494  -3.629 0.0000000000
119955  -52.351  24.468  -3.515 0.0000000000
90369  -51.821  24.410  -4.118 0.0000000000
90378  -51.203  24.281  -4.669 0.0000000000
89633  -51.329  24.344  -5.509 0.0000000000
89654  -50.336  24.251  -6.906 0.0000000000
118966  -49.997  24.215  -7.425 0.0000000000
89675  -49.763  24.377  -8.724 0.0000000000
89666  -49.964  24.474  -8.125 0.0000000000
90421  -49.962  25.043  -9.630 0.0000000000
140198  -49.733  25.366  -10.141 0.0000000000
118696  -49.871  26.604  -7.399 0.0000000000
121965  -49.691  26.445  -8.355 0.0000000000
92447  -49.389  26.746  -8.655 0.0000000000
92445  -46.944  27.882  -9.072 0.0000000000
92420  -46.520  27.702  -7.201 0.0000000000
117475  -49.273  15.673  -5.975 0.0000000000
85743  -45.629  17.915  14.031 0.0000000000
85744  -46.639  17.727  14.064 0.0000000000
138473  -46.195  18.238  14.293 0.0000000000
138227  -47.185  18.899  14.698 0.0000000000
87274  -47.510  20.854  16.057 0.0000000000
87275  -48.390  20.788  15.960 0.0000000000
87276  -49.233  20.825  15.778 0.0000000000
87298  -50.348  20.835  14.431 0.0000000000
135821  -50.512  20.879  13.629 0.0000000000
88054  -50.858  21.227  15.092 0.0000000000
88055  -51.588  21.600  14.708 0.0000000000
89446  -53.984  23.210  16.730 0.0000000000
89457  -54.818  23.705  16.216 0.0000000000
89468  -55.418  24.088  14.786 0.0000000000
90176  -55.483  24.255  13.041 0.0000000000
90206  -55.398  24.490  11.751 0.0000000000
90198  -56.150  24.622  12.565 0.0000000000
90208  -56.797  25.118  12.218 0.0000000000
129279  -55.819  18.260  9.102 0.0000000000
125779  -54.433  16.523  10.277 0.0000000000
83069  -53.976  14.916  12.021 0.0000000000
83075  -53.723  15.177  11.112 0.0000000000
82240  -53.278  14.418  11.594 0.0000000000
82248  -52.618  14.013  11.076 0.0000000000
81419  -51.882  13.667  10.766 0.0000000000
82247  -51.523  13.769  9.963 0.0000000000
81418  -51.131  13.360  10.548 0.0000000000
81404  -50.609  12.988  11.064 0.0000000000
80546  -48.835  12.242  14.094 0.0000000000
80556  -48.646  12.071  12.914 0.0000000000
117744  -47.699  11.865  12.717 0.0000000000
80564  -47.115  11.940  12.098 0.0000000000
80572  -45.765  12.678  11.690 0.0000000000
83969  -44.680  16.664  19.388 0.0000000000
82184  -47.289  13.878  17.970 0.0000000000
81345  -45.862  13.422  17.456 0.0000000000
82217  -42.973  14.394  14.149 0.0000000000
83061  -43.120  15.129  13.582 0.0000000000
84015  -43.672  16.373  13.339 0.0000000000
84862  -42.605  17.982  13.838 0.0000000000
85866  -55.993  18.389  2.095 0.0000000000
85885  -55.242  18.219  1.385 0.0000000000
84994  -54.591  17.995  0.739 0.0000000000
85801  -49.406  18.162  5.762 0.0000000000
84948  -50.285  17.942  5.587 0.0000000000
85828  -50.013  19.139  4.475 0.0000000000
85880  -49.419  18.392  1.322 0.0000000000
85004  -51.221  17.840  0.288 0.0000000000
118196  -52.100  17.798  0.168 0.0000000000
85019  -51.632  17.674  -0.601 0.0000000000
85053  -52.953  17.639  -2.787 0.0000000000
124850  -51.596  17.582  -3.998 0.0000000000
118581  -49.125  17.589  -4.358 0.0000000000
85081  -48.730  17.567  -5.299 0.0000000000
85111  -48.997  17.290  -7.642 0.0000000000
141123  -48.169  17.274  -8.000 0.0000000000
84195  -46.370  16.619  -8.134 0.0000000000
85760  -47.851  18.343  11.736 0.0000000000
86587  -47.575  19.109  11.375 0.0000000000
86594  -47.107  19.891  11.004 0.0000000000
88085  -46.906  21.222  10.242 0.0000000000
90223  -47.541  24.190  7.754 0.0000000000
89531  -46.892  23.823  8.077 0.0000000000
127569  -46.822  24.186  7.313 0.0000000000
90231  -45.909  24.086  6.965 0.0000000000
119270  -45.726  24.272  6.053 0.0000000000
89542  -44.961  23.963  5.898 0.0000000000
90252  -45.245  24.191  5.296 0.0000000000
89550  -45.067  24.119  4.125 0.0000000000
89559  -44.883  23.927  3.366 0.0000000000
90283  -51.333  25.348  3.141 0.0000000000
91010  -51.400  25.428  3.851 0.0000000000
90292  -50.642  25.202  2.743 0.0000000000
134519  -50.000  25.044  2.344 0.0000000000
90304  -49.687  24.877  1.614 0.0000000000
128537  -47.117  23.502  -2.748 0.0000000000
122838  -46.718  23.410  -2.148 0.0000000000
88906  -46.035  23.101  -1.904 0.0000000000
89597  -45.724  23.147  -0.961 0.0000000000
89589  -45.616  23.321  -0.008 0.0000000000
126912  -45.025  22.658  -1.027 0.0000000000
88904  -44.609  22.183  -1.400 0.0000000000
88159  -43.662  20.840  -2.192 0.0000000000
129525  -43.486  20.194  -2.941 0.0000000000
132286  -43.435  19.526  -3.368 0.0000000000
87405  -43.455  19.665  -5.609 0.0000000000
86712  -43.089  19.000  -6.131 0.0000000000
84193  -43.346  15.989  -7.390 0.0000000000
85106  -42.273  16.723  -7.149 0.0000000000
87423  -42.349  19.599  -8.237 0.0000000000
90412  -47.630  24.462  -9.747 0.0000000000
89681  -47.444  23.409  -10.141 0.0000000000
89663  -45.829  24.181  -8.178 0.0000000000
118884  -44.464  25.289  -5.983 0.0000000000
90396  -44.911  24.559  -6.167 0.0000000000
90388  -44.569  24.614  -5.562 0.0000000000
89639  -43.918  23.588  -5.324 0.0000000000
89638  -43.192  23.221  -4.955 0.0000000000
88912  -42.015  22.976  -2.882 0.0000000000
139974  -42.625  23.905  -2.208 0.0000000000
91058  -41.867  25.809  -2.488 0.0000000000
91047  -40.757  25.584  -0.156 0.0000000000
83089  -45.722  14.976  8.904 0.0000000000
83101  -45.139  15.674  9.052 0.0000000000
84900  -44.574  17.794  8.881 0.0000000000
85779  -44.503  18.538  8.748 0.0000000000
126715  -44.447  19.945  9.208 0.0000000000
91015  -56.367  25.613  3.997 0.0000000000
91025  -56.460  25.591  3.176 0.0000000000
138287  -56.161  25.349  1.207 0.0000000000
91049  -56.393  25.422  -0.751 0.0000000000
90335  -55.758  24.880  -1.337 0.0000000000
90349  -55.180  24.610  -2.328 0.0000000000
90370  -54.344  24.599  -3.761 0.0000000000
90381  -53.795  24.858  -5.063 0.0000000000
90390  -52.991  24.844  -5.557 0.0000000000
116853  -51.012  24.945  -6.586 0.0000000000
91091  -51.691  25.411  -6.229 0.0000000000
91752  -51.374  26.112  -6.340 0.0000000000
91751  -50.606  26.436  -6.704 0.0000000000
91743  -53.075  26.487  -5.760 0.0000000000
92435  -51.582  26.748  -6.192 0.0000000000
131067  -50.341  26.742  -6.837 0.0000000000
92424  -50.605  27.043  -6.746 0.0000000000
92423  -49.824  27.269  -6.618 0.0000000000
83249  -52.388  16.298  -4.923 0.0000000000
124709  -45.472  20.529  15.505 0.0000000000
87272  -45.733  21.091  16.074 0.0000000000
88039  -46.282  21.648  16.274 0.0000000000
88783  -45.887  21.830  15.998 0.0000000000
87265  -47.100  21.550  16.348 0.0000000000
82226  -53.063  14.115  14.122 0.0000000000
81391  -52.341  13.691  13.649 0.0000000000
81390  -51.606  13.347  13.232 0.0000000000
81380  -50.953  13.127  13.787 0.0000000000
80547  -49.807  12.650  14.205 0.0000000000
80548  -50.214  12.980  14.876 0.0000000000
125602  -47.924  11.938  14.508 0.0000000000
139903  -47.266  11.811  14.834 0.0000000000
83926  -43.590  16.987  21.187 0.0000000000
119991  -42.719  17.016  20.763 0.0000000000
116848  -42.957  17.140  19.628 0.0000000000
83968  -43.827  16.824  19.390 0.0000000000
83013  -43.791  16.108  18.575 0.0000000000
83056  -42.036  15.574  14.563 0.0000000000
84008  -41.632  16.427  14.429 0.0000000000
86628  -47.865  19.605  4.544 0.0000000000
86629  -48.777  19.490  4.385 0.0000000000
85858  -48.059  18.833  2.300 0.0000000000
85857  -47.144  18.866  2.354 0.0000000000
85879  -48.395  18.530  1.536 0.0000000000
85897  -48.662  18.233  0.704 0.0000000000
85018  -49.486  17.672  -1.085 0.0000000000
85033  -49.950  17.566  -1.981 0.0000000000
131093  -49.014  17.589  -1.671 0.0000000000
85032  -48.437  17.548  -2.086 0.0000000000
140038  -47.915  17.535  -2.448 0.0000000000
123501  -47.781  17.518  -3.150 0.0000000000
135958  -47.087  17.514  -3.071 0.0000000000
85064  -47.074  17.485  -3.806 0.0000000000
85063  -45.989  17.534  -3.827 0.0000000000
87320  -49.465  20.774  11.167 0.0000000000
88087  -49.226  21.465  10.668 0.0000000000
128395  -48.701  22.950  9.621 0.0000000000
138918  -48.573  23.429  9.201 0.0000000000
89516  -49.800  23.295  9.712 0.0000000000
89525  -49.149  23.591  9.261 0.0000000000
90224  -48.337  24.265  8.081 0.0000000000
90232  -48.088  24.482  7.222 0.0000000000
90240  -48.003  24.599  6.455 0.0000000000
117469  -47.747  24.649  5.105 0.0000000000
90344  -49.968  24.495  -1.660 0.0000000000
120629  -49.574  24.549  -0.956 0.0000000000
90356  -49.238  24.307  -2.238 0.0000000000
89608  -48.685  24.076  -2.698 0.0000000000
89607  -47.927  23.853  -2.725 0.0000000000
89616  -46.835  23.294  -3.388 0.0000000000
88922  -46.285  22.916  -3.737 0.0000000000
127701  -45.762  22.495  -4.051 0.0000000000
88177  -45.155  21.919  -3.987 0.0000000000
88186  -45.176  21.752  -4.865 0.0000000000
88185  -44.676  21.266  -5.259 0.0000000000
88195  -45.366  21.490  -6.648 0.0000000000
86720  -43.541  19.597  -7.565 0.0000000000
129800  -42.883  19.300  -8.225 0.0000000000
129382  -43.252  19.387  -9.214 0.0000000000
130866  -43.228  19.464  -9.957 0.0000000000
135756  -44.462  19.274  -11.232 0.0000000000
86734  -43.527  19.464  -10.741 0.0000000000
128003  -42.820  19.766  -9.642 0.0000000000
88214  -42.847  20.441  -9.663 0.0000000000
88965  -42.994  21.518  -9.136 0.0000000000
91767  -45.047  26.681  -10.500 0.0000000000
91104  -45.238  26.045  -9.373 0.0000000000
91098  -44.396  26.250  -8.782 0.0000000000
91750  -42.522  26.724  -8.544 0.0000000000
91088  -44.159  25.855  -6.991 0.0000000000
91067  -43.426  25.187  -3.933 0.0000000000
91070  -42.747  25.895  -4.564 0.0000000000
91711  -41.696  26.323  -4.574 0.0000000000
91710  -40.483  26.414  -4.712 0.0000000000
91709  -39.369  26.398  -4.631 0.0000000000
83123  -51.140  15.305  7.477 0.0000000000
84087  -49.298  16.774  6.621 0.0000000000
84930  -48.910  17.564  6.312 0.0000000000
85814  -48.160  19.106  5.703 0.0000000000
85787  -45.601  17.985  7.345 0.0000000000
86606  -47.370  19.268  5.913 0.0000000000
86616  -47.669  19.507  5.316 0.0000000000
119845  -47.180  19.679  4.959 0.0000000000
86639  -45.479  19.587  3.981 0.0000000000
86626  -45.149  19.848  4.858 0.0000000000
117014  -44.728  19.479  3.173 0.0000000000
87356  -43.881  19.922  2.723 0.0000000000
86651  -43.842  19.755  1.826 0.0000000000
90228  -52.913  24.758  9.034 0.0000000000
90953  -52.640  25.264  8.167 0.0000000000
90970  -52.603  25.526  6.722 0.0000000000
139865  -52.395  25.510  5.101 0.0000000000
140062  -53.587  25.492  5.866 0.0000000000
90998  -52.904  25.510  4.588 0.0000000000
91011  -51.987  25.455  3.540 0.0000000000
91021  -52.042  25.386  2.801 0.0000000000
137063  -51.778  25.157  1.541 0.0000000000
117730  -50.982  24.729  0.008 0.0000000000
91024  -54.740  25.423  2.550 0.0000000000
91032  -54.184  25.299  1.792 0.0000000000
90308  -53.603  25.082  1.126 0.0000000000
90333  -53.745  24.631  -0.729 0.0000000000
135190  -53.183  24.799  0.004 0.0000000000
90319  -52.481  24.854  0.329 0.0000000000
118986  -51.834  24.732  -0.145 0.0000000000
117729  -51.298  24.605  -0.750 0.0000000000
90357  -50.055  24.374  -2.581 0.0000000000
89619  -49.553  23.953  -3.909 0.0000000000
141506  -50.001  23.849  -5.480 0.0000000000
89632  -49.291  23.663  -5.274 0.0000000000
89642  -48.825  23.505  -5.905 0.0000000000
89652  -48.408  23.371  -6.469 0.0000000000
88952  -48.398  23.321  -7.250 0.0000000000
134822  -47.921  22.720  -8.599 0.0000000000
125150  -47.829  22.334  -9.911 0.0000000000
88967  -48.103  22.898  -8.966 0.0000000000
88974  -48.106  23.189  -9.214 0.0000000000
90418  -48.519  24.626  -9.925 0.0000000000
91115  -47.635  25.201  -10.472 0.0000000000
91114  -46.674  25.716  -10.537 0.0000000000
91113  -46.006  26.531  -10.904 0.0000000000
91108  -50.098  25.164  -7.926 0.0000000000
91769  -49.821  25.727  -9.337 0.0000000000
91778  -49.585  26.049  -10.888 0.0000000000
92459  -49.414  26.597  -9.539 0.0000000000
92466  -49.260  26.475  -10.566 0.0000000000
91777  -48.938  26.330  -11.174 0.0000000000
91787  -47.399  26.640  -11.349 0.0000000000
91776  -46.125  26.910  -11.253 0.0000000000
91775  -45.236  27.201  -11.074 0.0000000000
91774  -44.881  27.516  -10.896 0.0000000000
92454  -44.374  27.561  -10.461 0.0000000000
93145  -44.370  27.959  -10.212 0.0000000000
92444  -46.099  28.210  -9.371 0.0000000000
93138  -44.663  28.263  -9.546 0.0000000000
93137  -43.876  28.091  -9.428 0.0000000000
93128  -43.709  28.212  -8.326 0.0000000000
84019  -47.079  17.001  12.798 0.0000000000
84876  -47.533  17.358  12.542 0.0000000000
137801  -47.412  17.333  13.152 0.0000000000
85752  -47.979  17.858  12.219 0.0000000000
85761  -48.381  18.376  12.010 0.0000000000
86583  -48.854  18.794  12.174 0.0000000000
86589  -49.216  19.389  11.787 0.0000000000
86575  -46.846  19.487  14.965 0.0000000000
86557  -47.991  20.183  15.319 0.0000000000
86577  -48.464  19.574  14.587 0.0000000000
86584  -49.383  19.332  12.375 0.0000000000
87308  -49.803  19.861  11.934 0.0000000000
87313  -49.961  20.574  11.584 0.0000000000
87314  -50.570  21.238  11.644 0.0000000000
88069  -50.946  21.258  13.191 0.0000000000
88082  -51.163  21.622  11.973 0.0000000000
88832  -51.126  21.979  11.377 0.0000000000
88839  -51.731  22.588  11.099 0.0000000000
89511  -52.419  23.244  10.851 0.0000000000
90211  -52.857  23.924  10.280 0.0000000000
88033  -51.212  21.718  16.767 0.0000000000
88042  -52.173  21.928  15.402 0.0000000000
88056  -52.269  22.089  14.426 0.0000000000
88788  -53.465  22.741  15.787 0.0000000000
137093  -52.865  22.544  14.242 0.0000000000
88816  -53.182  22.961  13.570 0.0000000000
88828  -53.117  23.146  12.744 0.0000000000
89512  -53.298  23.729  10.993 0.0000000000
129673  -53.162  24.395  9.715 0.0000000000
90212  -53.874  24.330  10.342 0.0000000000
90219  -53.930  24.825  9.382 0.0000000000
90948  -55.272  25.097  9.393 0.0000000000
117705  -55.341  25.355  8.487 0.0000000000
133961  -55.546  25.500  7.688 0.0000000000
140586  -56.523  25.520  7.625 0.0000000000
90958  -57.886  25.656  8.804 0.0000000000
84902  -55.138  17.816  8.774 0.0000000000
84915  -54.860  17.609  8.024 0.0000000000
83125  -52.905  15.714  7.844 0.0000000000
83083  -53.573  15.361  10.236 0.0000000000
83091  -53.418  15.557  9.425 0.0000000000
83090  -52.886  15.174  9.094 0.0000000000
83107  -52.424  15.139  8.447 0.0000000000
83106  -51.594  14.878  8.134 0.0000000000
83105  -50.634  14.702  8.098 0.0000000000
82269  -49.972  14.267  8.516 0.0000000000
81438  -50.220  13.856  9.022 0.0000000000
82268  -49.047  14.270  8.570 0.0000000000
81424  -48.243  13.784  8.994 0.0000000000
82256  -47.323  13.956  8.862 0.0000000000
80577  -50.043  12.687  11.558 0.0000000000
80576  -49.276  12.489  11.339 0.0000000000
122786  -48.915  12.252  12.011 0.0000000000
80584  -48.883  12.664  10.551 0.0000000000
81423  -46.778  13.586  9.465 0.0000000000
81422  -45.979  13.877  9.714 0.0000000000
82246  -45.453  14.372  10.082 0.0000000000
82238  -45.273  14.215  10.887 0.0000000000
83068  -45.413  15.573  12.326 0.0000000000
122747  -51.201  14.313  18.552 0.0000000000
84770  -48.326  17.658  22.537 0.0000000000
84795  -48.189  17.780  21.882 0.0000000000
83920  -44.337  17.062  21.481 0.0000000000
84780  -44.822  17.296  21.270 0.0000000000
84781  -45.507  17.337  21.297 0.0000000000
128075  -45.793  17.131  20.058 0.0000000000
83929  -45.991  17.353  20.643 0.0000000000
84793  -46.183  17.406  21.319 0.0000000000
141636  -48.228  17.528  21.194 0.0000000000
83932  -48.703  17.063  20.648 0.0000000000
83953  -49.259  16.395  20.173 0.0000000000
139740  -49.783  15.767  19.882 0.0000000000
82157  -49.954  15.047  19.429 0.0000000000
82177  -50.277  14.329  18.747 0.0000000000
131801  -49.345  13.454  17.195 0.0000000000
81347  -47.671  13.345  17.299 0.0000000000
81361  -48.059  12.916  16.594 0.0000000000
80524  -47.525  12.376  16.073 0.0000000000
80534  -46.994  11.927  15.484 0.0000000000
126219  -46.524  11.734  14.741 0.0000000000
131321  -44.639  14.325  17.910 0.0000000000
81357  -44.393  13.113  16.701 0.0000000000
81370  -44.083  12.861  15.758 0.0000000000
80521  -44.882  12.549  16.066 0.0000000000
80532  -45.288  12.138  15.408 0.0000000000
80545  -45.665  11.865  14.690 0.0000000000
129380  -45.284  12.073  14.022 0.0000000000
85732  -44.804  18.854  14.222 0.0000000000
84861  -42.057  17.132  13.887 0.0000000000
125474  -43.939  21.077  15.258 0.0000000000
126087  -43.581  21.389  14.838 0.0000000000
88052  -42.823  21.343  14.555 0.0000000000
88068  -43.197  21.754  14.132 0.0000000000
88793  -44.006  21.771  14.450 0.0000000000
84128  -57.254  16.725  0.880 0.0000000000
84996  -57.093  17.360  0.536 0.0000000000
84127  -56.867  16.871  0.107 0.0000000000
84144  -56.683  17.294  -0.291 0.0000000000
84143  -56.534  16.986  -0.851 0.0000000000
84152  -56.185  16.982  -1.835 0.0000000000
84949  -51.180  17.768  5.504 0.0000000000
139929  -49.459  19.357  4.251 0.0000000000
86631  -49.992  19.187  3.712 0.0000000000
85860  -49.894  18.723  2.191 0.0000000000
118110  -51.800  18.545  3.146 0.0000000000
85006  -54.046  17.845  0.040 0.0000000000
85005  -53.026  17.805  0.129 0.0000000000
85022  -55.783  17.614  -1.115 0.0000000000
120217  -56.019  17.294  -1.786 0.0000000000
84167  -55.138  17.050  -4.057 0.0000000000
84177  -54.620  17.130  -4.607 0.0000000000
130037  -53.869  17.630  -3.802 0.0000000000
85068  -54.413  17.403  -4.441 0.0000000000
84176  -54.215  17.056  -5.220 0.0000000000
84175  -53.426  16.872  -5.502 0.0000000000
84174  -52.321  16.836  -5.816 0.0000000000
85065  -51.017  17.595  -4.725 0.0000000000
118971  -50.064  17.613  -4.502 0.0000000000
127263  -51.541  17.438  -5.571 0.0000000000
85100  -51.912  17.229  -5.985 0.0000000000
84186  -51.987  17.056  -6.093 0.0000000000
84185  -51.421  16.720  -6.141 0.0000000000
84184  -50.540  16.584  -6.570 0.0000000000
126814  -50.114  16.010  -6.270 0.0000000000
117930  -48.509  15.533  -6.930 0.0000000000
83273  -48.951  16.569  -8.174 0.0000000000
83272  -48.575  15.941  -8.149 0.0000000000
83259  -47.310  15.276  -6.564 0.0000000000
85767  -45.504  17.897  10.799 0.0000000000
85768  -46.041  18.745  10.915 0.0000000000
86592  -45.172  18.773  10.415 0.0000000000
87316  -44.824  19.574  9.983 0.0000000000
88095  -44.361  21.224  8.680 0.0000000000
129500  -48.350  21.330  10.537 0.0000000000
88086  -47.601  21.754  10.150 0.0000000000
88093  -46.693  21.839  9.813 0.0000000000
89514  -46.971  23.313  8.792 0.0000000000
88842  -46.532  22.585  9.275 0.0000000000
88092  -45.812  21.907  9.490 0.0000000000
88096  -44.912  21.840  9.022 0.0000000000
88846  -44.371  21.976  8.250 0.0000000000
88098  -44.046  21.272  7.927 0.0000000000
126797  -43.929  21.310  7.119 0.0000000000
88100  -43.853  21.943  6.628 0.0000000000
122935  -43.687  21.758  4.944 0.0000000000
130620  -44.093  23.086  5.520 0.0000000000
88864  -43.734  22.320  4.486 0.0000000000
88113  -43.666  21.453  4.289 0.0000000000
88120  -43.646  21.202  3.520 0.0000000000
88127  -43.637  20.997  2.649 0.0000000000
128700  -43.670  20.427  2.020 0.0000000000
90952  -51.675  25.219  7.990 0.0000000000
90960  -51.387  25.328  7.104 0.0000000000
90959  -50.545  25.137  6.787 0.0000000000
90996  -51.139  25.404  4.503 0.0000000000
90257  -50.060  25.126  5.400 0.0000000000
90268  -48.607  24.769  4.971 0.0000000000
90279  -47.878  24.655  3.659 0.0000000000
90329  -48.914  24.528  -0.569 0.0000000000
90317  -48.515  24.568  0.229 0.0000000000
118769  -48.240  24.605  1.026 0.0000000000
90316  -47.605  24.341  0.384 0.0000000000
134455  -48.080  24.608  1.724 0.0000000000
120631  -47.558  24.548  2.250 0.0000000000
120539  -47.407  24.587  3.001 0.0000000000
90278  -46.787  24.516  3.558 0.0000000000
135685  -46.138  24.365  3.031 0.0000000000
89566  -45.112  23.846  2.442 0.0000000000
89571  -44.694  23.330  1.749 0.0000000000
134043  -44.971  23.102  0.274 0.0000000000
121500  -44.585  22.934  0.871 0.0000000000
88883  -44.141  22.606  1.520 0.0000000000
132591  -43.836  21.929  1.399 0.0000000000
87361  -43.660  20.392  1.157 0.0000000000
87367  -43.704  19.692  0.342 0.0000000000
85916  -43.954  18.815  -0.972 0.0000000000
135633  -43.470  19.776  -1.604 0.0000000000
85078  -45.483  17.554  -4.657 0.0000000000
87391  -43.459  20.021  -3.779 0.0000000000
86700  -43.402  19.278  -4.115 0.0000000000
122263  -43.589  18.536  -4.496 0.0000000000
119735  -45.904  17.340  -5.629 0.0000000000
85095  -46.185  16.976  -6.821 0.0000000000
85109  -44.661  16.426  -7.661 0.0000000000
84194  -45.350  16.128  -8.417 0.0000000000
85953  -41.830  18.839  -7.278 0.0000000000
85105  -41.515  17.636  -6.664 0.0000000000
135421  -47.598  22.051  -11.018 0.0000000000
88231  -47.513  21.876  -11.855 0.0000000000
88979  -46.435  22.208  -11.975 0.0000000000
88972  -45.815  22.772  -11.074 0.0000000000
88216  -45.258  21.935  -11.678 0.0000000000
134736  -43.280  22.212  -8.538 0.0000000000
90404  -45.637  24.635  -7.630 0.0000000000
89662  -45.426  23.992  -7.486 0.0000000000
89661  -44.783  23.441  -7.723 0.0000000000
88957  -43.191  22.482  -7.655 0.0000000000
88193  -41.996  21.716  -6.457 0.0000000000
88183  -41.524  21.457  -5.766 0.0000000000
88936  -41.865  22.164  -5.092 0.0000000000
88174  -40.726  20.957  -4.660 0.0000000000
87390  -40.338  20.628  -4.137 0.0000000000
88910  -40.712  22.211  -2.253 0.0000000000
90355  -42.862  24.448  -2.471 0.0000000000
89596  -42.402  24.241  -1.758 0.0000000000
91040  -40.453  25.334  0.400 0.0000000000
92407  -49.549  27.652  -5.791 0.0000000000
121168  -46.745  27.538  -6.278 0.0000000000
92419  -45.798  27.793  -6.489 0.0000000000
93105  -44.829  28.117  -6.183 0.0000000000
93103  -43.251  28.435  -6.184 0.0000000000
93092  -43.701  28.228  -5.120 0.0000000000
141014  -42.429  28.249  -6.445 0.0000000000
93102  -41.693  28.047  -6.322 0.0000000000
93101  -40.713  27.641  -6.324 0.0000000000
92388  -39.786  27.078  -6.309 0.0000000000
93073  -40.643  28.176  -4.547 0.0000000000
92387  -39.057  26.751  -5.977 0.0000000000
131278  -38.390  26.745  -5.230 0.0000000000
80558  -50.275  12.764  13.573 0.0000000000
81425  -49.764  13.590  9.321 0.0000000000
81437  -49.632  13.900  8.905 0.0000000000
83282  -47.108  15.590  -8.969 0.0000000000
83288  -47.044  15.872  -9.301 0.0000000000
83289  -48.038  16.414  -9.297 0.0000000000
84160  -55.378  16.802  -3.576 0.0000000000
84188  -53.621  17.168  -5.451 0.0000000000
84202  -48.084  16.717  -9.185 0.0000000000
84203  -48.411  16.733  -8.885 0.0000000000
85016  -47.530  17.709  -1.090 0.0000000000
85017  -48.284  17.629  -1.415 0.0000000000
85049  -48.545  17.529  -2.824 0.0000000000
85055  -55.490  17.073  -3.457 0.0000000000
85117  -47.556  16.848  -8.850 0.0000000000
85906  -44.520  18.538  -0.474 0.0000000000
86687  -43.569  19.160  -1.818 0.0000000000
86739  -43.951  19.341  -11.390 0.0000000000
87431  -43.135  19.797  -10.364 0.0000000000
87434  -45.771  19.862  -11.246 0.0000000000
87435  -46.463  20.622  -10.969 0.0000000000
87440  -44.291  19.958  -12.008 0.0000000000
87441  -45.690  19.997  -11.795 0.0000000000
88032  -50.402  21.735  16.992 0.0000000000
88152  -43.737  21.118  -1.425 0.0000000000
88201  -42.097  21.262  -7.753 0.0000000000
88222  -45.777  21.303  -12.040 0.0000000000
88223  -46.990  21.545  -11.744 0.0000000000
88224  -47.551  21.871  -11.657 0.0000000000
88230  -45.162  20.467  -12.120 0.0000000000
88768  -51.499  22.696  17.759 0.0000000000
88769  -52.867  23.083  17.813 0.0000000000
88779  -52.483  22.388  17.109 0.0000000000
88787  -52.733  22.269  16.111 0.0000000000
88799  -53.611  22.974  14.619 0.0000000000
88827  -52.529  22.806  12.245 0.0000000000
88837  -49.927  21.823  10.636 0.0000000000
88847  -46.172  23.078  8.752 0.0000000000
88898  -45.023  22.909  -0.399 0.0000000000
88980  -47.411  22.151  -11.875 0.0000000000
88981  -47.563  21.984  -11.636 0.0000000000
88988  -46.851  21.667  -11.972 0.0000000000
89438  -53.682  23.715  17.840 0.0000000000
89456  -54.236  23.299  15.514 0.0000000000
89481  -55.210  24.039  13.817 0.0000000000
89496  -53.139  23.287  12.145 0.0000000000
89506  -53.587  23.659  11.742 0.0000000000
89522  -46.318  23.468  8.335 0.0000000000
89523  -47.686  23.825  8.457 0.0000000000
89524  -48.491  23.818  8.785 0.0000000000
89528  -44.718  23.278  6.971 0.0000000000
89541  -44.560  23.685  5.242 0.0000000000
89572  -45.408  23.799  1.720 0.0000000000
89655  -50.606  24.362  -6.631 0.0000000000
89673  -47.537  23.965  -9.506 0.0000000000
90141  -52.830  24.218  18.181 0.0000000000
90177  -56.121  24.509  13.411 0.0000000000
90199  -56.695  24.899  12.995 0.0000000000
90214  -56.240  24.900  11.202 0.0000000000
90215  -56.944  25.310  11.519 0.0000000000
90242  -49.845  24.994  6.226 0.0000000000
90251  -44.930  24.061  4.705 0.0000000000
90253  -46.494  24.468  5.773 0.0000000000
90289  -45.533  24.172  2.952 0.0000000000
90300  -45.934  24.219  2.255 0.0000000000
90303  -48.785  24.713  1.656 0.0000000000
90306  -51.070  25.040  1.432 0.0000000000
90315  -46.825  24.201  0.913 0.0000000000
90330  -49.644  24.617  -0.395 0.0000000000
90334  -54.899  24.710  -0.539 0.0000000000
90360  -52.832  24.471  -2.837 0.0000000000
90362  -55.567  24.909  -3.051 0.0000000000
90368  -51.008  24.332  -3.804 0.0000000000
90372  -55.471  25.321  -3.588 0.0000000000
90391  -53.766  25.258  -5.441 0.0000000000
90413  -50.084  24.723  -8.948 0.0000000000
90968  -50.544  25.228  5.947 0.0000000000
90971  -53.330  25.571  6.951 0.0000000000
90983  -50.854  25.339  5.286 0.0000000000
90986  -53.156  25.504  5.406 0.0000000000
91012  -53.205  25.460  3.278 0.0000000000
91013  -54.103  25.480  3.337 0.0000000000
91035  -57.376  25.708  1.474 0.0000000000
91042  -56.620  25.454  0.074 0.0000000000
91084  -54.364  25.780  -5.162 0.0000000000
91117  -49.934  25.282  -9.436 0.0000000000
91125  -49.588  25.700  -10.800 0.0000000000
91130  -48.666  25.965  -11.524 0.0000000000
91732  -53.685  26.756  -5.488 0.0000000000
91733  -54.218  26.438  -5.294 0.0000000000
91742  -52.323  26.598  -5.938 0.0000000000
91770  -49.958  25.431  -8.619 0.0000000000
91779  -49.717  25.693  -10.200 0.0000000000
91786  -46.467  27.103  -11.269 0.0000000000
91788  -48.369  26.242  -11.442 0.0000000000
92395  -53.714  27.500  -5.074 0.0000000000
92425  -52.279  27.044  -5.889 0.0000000000
92442  -43.705  27.647  -9.855 0.0000000000
92465  -47.017  27.109  -11.128 0.0000000000
92473  -48.016  26.684  -11.199 0.0000000000
117051  -50.938  13.223  14.607 0.0000000000
117436  -52.841  25.489  7.402 0.0000000000
117461  -53.986  25.529  6.402 0.0000000000
117467  -52.047  24.623  -0.806 0.0000000000
117468  -48.058  24.671  4.449 0.0000000000
118063  -49.738  24.844  7.058 0.0000000000
118179  -49.062  24.688  0.909 0.0000000000
118184  -48.834  24.796  3.195 0.0000000000
118527  -49.852  15.505  -4.357 0.0000000000
119950  -51.380  24.539  -2.138 0.0000000000
120538  -49.335  24.668  0.174 0.0000000000
120627  -52.682  25.497  3.840 0.0000000000
120628  -50.637  24.485  -2.150 0.0000000000
120632  -50.537  25.083  1.957 0.0000000000
120665  -44.025  23.078  4.783 0.0000000000
120746  -50.572  24.052  -5.167 0.0000000000
121680  -50.122  24.934  -9.064 0.0000000000
124624  -55.807  25.184  0.667 0.0000000000
125427  -53.136  14.088  12.358 0.0000000000
127009  -44.119  22.896  2.215 0.0000000000
128205  -54.927  23.759  15.353 0.0000000000
128506  -55.189  17.521  -2.926 0.0000000000
128672  -44.455  20.642  9.046 0.0000000000
129173  -49.376  20.106  11.473 0.0000000000
130130  -43.801  22.440  5.256 0.0000000000
130729  -53.146  24.930  0.586 0.0000000000
132320  -48.786  17.702  -1.043 0.0000000000
133053  -55.954  25.493  2.482 0.0000000000
133846  -50.278  22.275  10.486 0.0000000000
134354  -47.891  15.775  -8.895 0.0000000000
134640  -54.546  25.514  4.825 0.0000000000
134740  -56.236  24.790  14.438 0.0000000000
134847  -46.948  26.634  -11.346 0.0000000000
134880  -44.223  19.296  1.546 0.0000000000
135595  -54.774  26.792  -4.137 0.0000000000
138090  -48.600  26.746  -10.874 0.0000000000
138425  -47.464  24.341  7.275 0.0000000000
138588  -46.872  19.411  6.054 0.0000000000
139830  -43.714  19.383  -0.457 0.0000000000
141378  -50.625  25.881  -6.720 0.0000000000
