#!ascii label  , from subject sub-v1s20x0050370_ses-1 vox2ras=TkReg
450
58831  -27.693  -8.559  -33.667 0.0000000000
132896  -26.163  -5.350  -30.521 0.0000000000
75699  -24.339  6.848  -33.093 0.0000000000
71715  -27.361  2.880  -30.779 0.0000000000
66275  -29.953  -2.221  -32.161 0.0000000000
61039  -31.821  -7.716  -35.936 0.0000000000
76626  -23.232  7.786  -34.023 0.0000000000
69615  -28.632  0.258  -30.704 0.0000000000
117725  -26.939  -1.951  -30.549 0.0000000000
130953  -24.564  -7.473  -35.064 0.0000000000
62023  -28.088  -6.780  -34.306 0.0000000000
58855  -29.175  -9.436  -36.334 0.0000000000
57579  -22.794  -10.260  -27.000 0.0000000000
60999  -25.185  -7.947  -30.601 0.0000000000
123847  -21.396  13.325  -37.607 0.0000000000
80140  -23.309  11.852  -36.381 0.0000000000
79315  -25.491  10.810  -35.185 0.0000000000
77517  -27.445  8.537  -34.494 0.0000000000
74778  -28.398  5.660  -34.235 0.0000000000
73743  -25.685  4.851  -31.732 0.0000000000
72762  -27.863  3.354  -34.577 0.0000000000
119078  -28.437  0.925  -34.511 0.0000000000
67441  -29.511  -1.239  -34.696 0.0000000000
66303  -31.641  -2.639  -36.980 0.0000000000
63962  -28.517  -4.646  -31.080 0.0000000000
126192  -30.545  -5.183  -34.290 0.0000000000
68508  -25.607  -0.649  -30.611 0.0000000000
67403  -23.092  -1.145  -31.274 0.0000000000
59981  -26.137  -8.496  -34.771 0.0000000000
59995  -26.835  -8.257  -36.191 0.0000000000
58839  -27.455  -9.590  -34.824 0.0000000000
56522  -22.519  -11.828  -23.633 0.0000000000
56542  -22.961  -11.222  -24.246 0.0000000000
126162  -23.163  -10.848  -25.088 0.0000000000
61982  -24.097  -6.563  -29.578 0.0000000000
60987  -23.447  -7.415  -28.937 0.0000000000
80132  -24.907  11.447  -35.534 0.0000000000
76612  -23.503  7.140  -33.541 0.0000000000
77502  -25.034  8.324  -33.769 0.0000000000
76615  -26.312  7.394  -33.264 0.0000000000
76629  -28.328  7.192  -34.677 0.0000000000
129607  -26.282  6.688  -32.889 0.0000000000
72718  -26.683  3.541  -30.985 0.0000000000
73746  -28.172  4.406  -32.590 0.0000000000
127770  -28.242  3.143  -32.115 0.0000000000
71746  -28.275  2.313  -33.721 0.0000000000
71730  -28.449  2.316  -32.019 0.0000000000
68531  -29.542  -0.768  -31.566 0.0000000000
68549  -29.604  -0.585  -32.605 0.0000000000
67431  -29.737  -1.277  -33.399 0.0000000000
67442  -29.963  -1.950  -35.433 0.0000000000
66284  -30.395  -2.623  -33.774 0.0000000000
116311  -25.015  -3.798  -30.187 0.0000000000
65038  -26.589  -3.691  -30.431 0.0000000000
62960  -27.363  -5.430  -31.583 0.0000000000
61031  -29.332  -7.586  -34.615 0.0000000000
62981  -29.696  -5.928  -34.296 0.0000000000
62034  -30.810  -6.441  -35.559 0.0000000000
125371  -31.544  -5.164  -36.941 0.0000000000
62046  -32.520  -6.293  -36.862 0.0000000000
125802  -24.215  -9.279  -27.476 0.0000000000
58804  -23.556  -9.289  -27.855 0.0000000000
59919  -24.349  -8.898  -28.216 0.0000000000
59931  -25.000  -8.839  -29.668 0.0000000000
70742  -25.768  1.854  -30.351 0.0000000000
69636  -28.355  1.096  -30.752 0.0000000000
69613  -26.881  0.389  -30.387 0.0000000000
67386  -28.426  -0.867  -30.557 0.0000000000
66265  -29.068  -2.033  -30.877 0.0000000000
119061  -26.222  -6.893  -34.070 0.0000000000
62012  -27.204  -6.567  -33.869 0.0000000000
62033  -26.537  -6.807  -36.090 0.0000000000
61048  -28.713  -8.255  -35.790 0.0000000000
58841  -29.972  -8.955  -34.700 0.0000000000
57571  -23.882  -9.929  -26.150 0.0000000000
116522  -25.143  -5.555  -29.845 0.0000000000
61983  -24.838  -6.545  -30.063 0.0000000000
61017  -26.494  -7.362  -32.338 0.0000000000
137109  -26.368  -7.810  -31.588 0.0000000000
82627  -22.351  14.285  -38.199 0.0000000000
80954  -20.707  12.365  -37.365 0.0000000000
80955  -22.778  12.494  -36.880 0.0000000000
80957  -25.849  12.722  -36.303 0.0000000000
132618  -26.769  11.520  -35.797 0.0000000000
79317  -27.477  10.299  -35.653 0.0000000000
78429  -24.499  9.537  -34.535 0.0000000000
78431  -26.256  9.447  -34.472 0.0000000000
77534  -28.121  8.963  -36.179 0.0000000000
75735  -28.286  7.115  -36.140 0.0000000000
75725  -28.008  6.087  -36.098 0.0000000000
73801  -27.143  4.361  -36.544 0.0000000000
74747  -25.257  5.482  -32.248 0.0000000000
74749  -27.234  5.443  -32.337 0.0000000000
73779  -28.306  4.873  -33.955 0.0000000000
118800  -27.274  3.767  -36.003 0.0000000000
71770  -27.014  2.177  -35.954 0.0000000000
69703  -27.901  0.022  -36.059 0.0000000000
69656  -29.116  0.853  -32.250 0.0000000000
68578  -28.849  0.258  -34.506 0.0000000000
129825  -25.215  -2.061  -30.661 0.0000000000
65040  -28.161  -3.237  -30.593 0.0000000000
65053  -29.757  -3.577  -31.733 0.0000000000
62970  -28.530  -5.561  -32.476 0.0000000000
63972  -30.101  -4.740  -32.945 0.0000000000
63980  -30.460  -4.116  -33.329 0.0000000000
63992  -31.068  -3.807  -35.133 0.0000000000
65097  -31.923  -3.526  -37.262 0.0000000000
141039  -24.380  -8.557  -29.568 0.0000000000
59942  -25.331  -8.502  -30.313 0.0000000000
59955  -27.320  -8.202  -31.435 0.0000000000
59977  -26.950  -8.157  -34.019 0.0000000000
58844  -26.662  -9.032  -35.230 0.0000000000
58832  -27.893  -9.280  -34.085 0.0000000000
58840  -28.139  -10.107  -34.495 0.0000000000
59978  -28.310  -8.812  -33.507 0.0000000000
56523  -23.229  -11.345  -23.383 0.0000000000
76614  -25.240  7.575  -33.338 0.0000000000
75700  -25.477  6.821  -32.919 0.0000000000
71714  -26.264  2.805  -30.453 0.0000000000
72717  -25.569  3.440  -30.919 0.0000000000
72719  -27.642  3.534  -31.485 0.0000000000
137723  -28.011  2.824  -31.395 0.0000000000
71731  -28.370  2.757  -32.896 0.0000000000
67405  -29.561  -1.673  -31.443 0.0000000000
67419  -29.817  -1.387  -32.337 0.0000000000
67420  -30.026  -2.040  -33.086 0.0000000000
67432  -29.979  -1.995  -34.204 0.0000000000
116786  -25.130  -4.512  -29.925 0.0000000000
62950  -26.948  -5.065  -30.836 0.0000000000
116648  -26.876  -5.722  -31.578 0.0000000000
61033  -30.827  -8.003  -34.933 0.0000000000
61032  -30.290  -7.261  -35.035 0.0000000000
61038  -31.240  -7.041  -35.792 0.0000000000
62035  -31.508  -6.359  -36.241 0.0000000000
61049  -32.487  -6.952  -36.335 0.0000000000
70741  -24.206  1.100  -30.871 0.0000000000
70724  -26.353  1.096  -30.365 0.0000000000
69634  -24.382  0.337  -30.938 0.0000000000
67384  -26.373  -1.192  -30.523 0.0000000000
68509  -26.470  -0.383  -30.465 0.0000000000
67385  -27.520  -1.111  -30.462 0.0000000000
119025  -28.408  -1.556  -30.619 0.0000000000
138576  -27.732  -1.934  -30.568 0.0000000000
116983  -24.358  -5.780  -35.428 0.0000000000
62032  -25.630  -6.016  -36.048 0.0000000000
62044  -25.658  -6.548  -36.169 0.0000000000
58854  -28.360  -9.349  -36.231 0.0000000000
60000  -27.954  -8.070  -36.403 0.0000000000
59998  -29.147  -8.820  -36.335 0.0000000000
59989  -29.476  -8.780  -35.589 0.0000000000
59999  -29.947  -9.417  -36.034 0.0000000000
58856  -30.750  -9.851  -35.146 0.0000000000
57636  -29.877  -10.096  -36.212 0.0000000000
55316  -22.426  -12.249  -22.838 0.0000000000
55315  -21.643  -12.781  -22.722 0.0000000000
57559  -23.324  -10.473  -25.750 0.0000000000
116868  -25.920  -6.527  -31.035 0.0000000000
60998  -24.519  -7.472  -30.124 0.0000000000
61008  -25.363  -7.257  -30.786 0.0000000000
61009  -25.918  -7.584  -31.254 0.0000000000
82626  -21.480  14.328  -38.255 0.0000000000
81795  -21.903  13.770  -37.865 0.0000000000
81796  -23.152  13.695  -37.380 0.0000000000
80139  -22.296  11.824  -36.794 0.0000000000
127474  -23.779  12.541  -36.519 0.0000000000
131885  -23.256  13.051  -36.909 0.0000000000
81785  -25.208  13.315  -36.664 0.0000000000
80956  -24.782  12.666  -36.308 0.0000000000
80133  -25.968  11.500  -35.560 0.0000000000
79316  -26.619  10.788  -35.375 0.0000000000
80134  -27.347  11.126  -35.988 0.0000000000
129754  -24.075  9.013  -34.352 0.0000000000
77516  -26.565  8.773  -34.132 0.0000000000
77515  -25.688  8.910  -34.057 0.0000000000
78432  -26.981  9.231  -34.650 0.0000000000
124409  -27.641  9.351  -35.302 0.0000000000
77526  -28.082  8.431  -35.291 0.0000000000
76647  -28.237  8.031  -36.074 0.0000000000
75715  -28.380  6.491  -34.461 0.0000000000
75726  -28.376  6.727  -35.310 0.0000000000
74790  -28.282  5.865  -35.127 0.0000000000
74804  -27.541  5.177  -36.411 0.0000000000
74789  -27.911  5.323  -35.691 0.0000000000
73727  -25.020  4.131  -31.389 0.0000000000
73742  -24.613  4.822  -31.939 0.0000000000
74748  -26.300  5.501  -32.175 0.0000000000
73765  -28.220  4.041  -33.612 0.0000000000
129720  -28.333  4.836  -33.220 0.0000000000
73778  -28.000  4.231  -34.465 0.0000000000
73790  -27.666  4.001  -35.223 0.0000000000
72772  -27.409  3.125  -35.508 0.0000000000
72782  -27.074  3.021  -36.168 0.0000000000
71757  -27.602  2.404  -35.089 0.0000000000
70797  -28.032  1.737  -34.629 0.0000000000
70807  -27.929  0.825  -35.346 0.0000000000
70745  -28.691  1.474  -31.498 0.0000000000
69637  -29.011  0.652  -31.207 0.0000000000
68566  -29.424  -0.527  -33.660 0.0000000000
69675  -29.150  0.082  -33.843 0.0000000000
68579  -29.169  -0.413  -34.588 0.0000000000
134763  -28.830  -0.254  -35.193 0.0000000000
130518  -29.077  -0.828  -35.520 0.0000000000
66302  -30.846  -2.542  -36.346 0.0000000000
117240  -32.083  -2.424  -37.074 0.0000000000
66263  -22.881  -1.742  -30.940 0.0000000000
63953  -27.958  -4.096  -30.686 0.0000000000
65039  -27.330  -3.471  -30.514 0.0000000000
65052  -28.755  -3.818  -30.808 0.0000000000
63963  -29.266  -4.251  -31.325 0.0000000000
130792  -27.147  -6.776  -34.519 0.0000000000
62979  -27.888  -6.006  -33.168 0.0000000000
62013  -28.004  -6.392  -33.827 0.0000000000
62989  -30.490  -5.764  -35.207 0.0000000000
127289  -29.966  -5.324  -33.474 0.0000000000
62972  -30.431  -4.772  -33.592 0.0000000000
141493  -30.182  -4.244  -32.728 0.0000000000
63991  -30.780  -4.417  -34.222 0.0000000000
124126  -30.769  -3.732  -34.039 0.0000000000
64004  -31.093  -4.903  -35.435 0.0000000000
64017  -32.637  -4.651  -37.708 0.0000000000
64016  -31.984  -4.431  -37.559 0.0000000000
65098  -32.530  -3.773  -37.467 0.0000000000
120747  -25.739  -8.683  -29.914 0.0000000000
131529  -25.904  -8.413  -30.410 0.0000000000
118896  -26.498  -8.210  -30.818 0.0000000000
59944  -27.174  -8.135  -30.576 0.0000000000
69611  -24.959  -0.115  -30.741 0.0000000000
68507  -24.746  -0.850  -30.846 0.0000000000
67383  -25.386  -1.386  -30.661 0.0000000000
116289  -25.201  -7.973  -34.872 0.0000000000
59994  -26.130  -7.985  -36.124 0.0000000000
59988  -25.997  -8.415  -35.506 0.0000000000
58845  -27.375  -9.411  -35.562 0.0000000000
58846  -28.087  -9.829  -35.992 0.0000000000
57631  -29.531  -10.568  -35.939 0.0000000000
57623  -28.741  -10.566  -34.811 0.0000000000
57613  -28.912  -10.369  -34.094 0.0000000000
57541  -23.594  -10.587  -24.354 0.0000000000
61976  -23.534  -6.680  -29.177 0.0000000000
60997  -23.971  -7.232  -29.481 0.0000000000
126251  -20.927  12.939  -37.551 0.0000000000
80130  -22.745  11.114  -36.111 0.0000000000
80141  -24.335  12.000  -36.034 0.0000000000
80131  -23.844  11.315  -35.718 0.0000000000
129329  -24.437  10.731  -35.239 0.0000000000
79306  -24.973  10.174  -34.784 0.0000000000
77501  -24.126  8.397  -34.083 0.0000000000
76613  -24.250  7.683  -33.628 0.0000000000
77503  -25.993  8.242  -33.614 0.0000000000
76627  -26.916  8.085  -33.740 0.0000000000
76628  -28.068  7.845  -34.551 0.0000000000
76616  -27.278  7.341  -33.491 0.0000000000
75702  -27.617  6.528  -33.215 0.0000000000
73728  -26.125  4.169  -31.312 0.0000000000
73744  -26.828  4.788  -31.765 0.0000000000
73729  -27.008  4.093  -31.417 0.0000000000
136165  -28.126  3.809  -32.120 0.0000000000
72736  -28.303  3.548  -32.830 0.0000000000
71758  -27.998  2.581  -34.351 0.0000000000
136297  -28.505  2.120  -33.009 0.0000000000
70785  -28.499  1.594  -33.693 0.0000000000
68530  -29.193  -0.163  -31.016 0.0000000000
69638  -29.395  0.068  -31.872 0.0000000000
66294  -30.553  -2.537  -35.032 0.0000000000
65088  -30.954  -3.073  -35.429 0.0000000000
65037  -25.404  -3.468  -30.328 0.0000000000
124763  -26.034  -3.824  -30.316 0.0000000000
63952  -27.173  -4.311  -30.578 0.0000000000
118887  -28.108  -5.247  -31.674 0.0000000000
61030  -28.388  -7.392  -34.616 0.0000000000
62024  -29.030  -6.692  -34.414 0.0000000000
62025  -29.931  -6.559  -34.847 0.0000000000
62995  -31.303  -5.804  -36.076 0.0000000000
62996  -31.751  -5.907  -37.000 0.0000000000
137079  -32.643  -5.294  -37.527 0.0000000000
64018  -33.236  -4.977  -37.213 0.0000000000
63002  -32.917  -5.785  -37.140 0.0000000000
58783  -23.515  -9.842  -27.071 0.0000000000
58795  -22.809  -9.865  -27.505 0.0000000000
128825  -23.926  -8.841  -28.461 0.0000000000
59930  -24.473  -8.735  -28.967 0.0000000000
59920  -25.085  -8.829  -28.739 0.0000000000
119951  -25.595  -8.766  -29.312 0.0000000000
71713  -25.119  2.541  -30.609 0.0000000000
70743  -26.952  2.045  -30.396 0.0000000000
70744  -28.047  2.067  -30.830 0.0000000000
70725  -27.462  1.231  -30.472 0.0000000000
69614  -27.829  0.435  -30.463 0.0000000000
69612  -25.893  0.184  -30.500 0.0000000000
122513  -27.276  -0.281  -30.403 0.0000000000
68511  -28.758  -0.380  -30.680 0.0000000000
67387  -29.112  -1.029  -30.846 0.0000000000
66266  -29.577  -2.687  -31.407 0.0000000000
116294  -26.631  -6.281  -31.959 0.0000000000
116300  -26.955  -6.203  -32.698 0.0000000000
116660  -26.729  -6.724  -34.038 0.0000000000
121083  -26.506  -6.543  -35.468 0.0000000000
61029  -27.406  -7.103  -35.145 0.0000000000
61046  -27.332  -7.626  -36.310 0.0000000000
61036  -27.499  -7.385  -36.015 0.0000000000
61037  -28.154  -7.675  -35.411 0.0000000000
59982  -28.888  -8.148  -34.850 0.0000000000
59983  -29.779  -8.465  -34.655 0.0000000000
59984  -30.466  -8.762  -34.563 0.0000000000
59990  -32.387  -8.651  -35.785 0.0000000000
58848  -31.431  -9.117  -35.028 0.0000000000
123797  -30.678  -10.541  -35.796 0.0000000000
54083  -21.668  -13.156  -21.683 0.0000000000
57558  -22.568  -10.935  -25.820 0.0000000000
57570  -23.079  -10.396  -26.440 0.0000000000
58784  -24.220  -9.518  -26.796 0.0000000000
116813  -26.503  -6.889  -32.916 0.0000000000
116303  -25.508  -6.863  -34.341 0.0000000000
116610  -26.211  -7.092  -31.962 0.0000000000
116647  -24.947  -7.081  -34.317 0.0000000000
59966  -26.552  -7.224  -33.553 0.0000000000
141532  -26.888  -7.662  -33.538 0.0000000000
59967  -27.442  -8.018  -33.097 0.0000000000
83520  -21.112  14.576  -37.762 0.0000000000
132446  -21.637  12.533  -37.343 0.0000000000
81783  -22.336  13.155  -37.329 0.0000000000
81797  -24.450  13.863  -37.174 0.0000000000
80949  -25.399  12.121  -35.870 0.0000000000
80950  -26.402  12.124  -35.974 0.0000000000
80142  -27.169  11.916  -36.290 0.0000000000
80143  -27.550  11.413  -36.759 0.0000000000
79322  -27.715  10.552  -36.418 0.0000000000
78454  -27.895  9.755  -36.991 0.0000000000
78438  -24.034  10.037  -34.960 0.0000000000
77514  -24.811  8.975  -34.168 0.0000000000
78430  -25.381  9.552  -34.434 0.0000000000
79307  -25.962  10.167  -34.778 0.0000000000
78439  -26.875  9.918  -34.980 0.0000000000
78445  -27.949  9.837  -36.053 0.0000000000
77539  -27.982  8.641  -37.284 0.0000000000
138590  -28.167  8.334  -36.616 0.0000000000
75734  -27.790  6.647  -36.909 0.0000000000
76637  -28.344  7.589  -35.321 0.0000000000
74763  -23.373  5.457  -32.866 0.0000000000
75688  -24.855  6.130  -32.666 0.0000000000
75689  -25.848  6.158  -32.544 0.0000000000
75690  -26.862  6.181  -32.667 0.0000000000
74764  -28.113  5.966  -33.030 0.0000000000
126575  -27.606  4.860  -32.208 0.0000000000
74750  -28.022  5.310  -32.716 0.0000000000
74777  -28.063  4.923  -34.940 0.0000000000
70806  -27.473  1.468  -35.573 0.0000000000
69715  -27.333  0.270  -36.619 0.0000000000
70765  -28.747  1.567  -32.662 0.0000000000
69674  -28.920  0.818  -33.505 0.0000000000
69657  -29.307  0.150  -32.949 0.0000000000
120767  -28.418  0.217  -35.272 0.0000000000
67450  -30.254  -1.871  -36.367 0.0000000000
66264  -23.718  -1.598  -30.877 0.0000000000
120329  -26.024  -1.995  -30.595 0.0000000000
66251  -25.203  -2.736  -30.515 0.0000000000
120484  -26.575  -2.781  -30.510 0.0000000000
121359  -27.507  -2.630  -30.536 0.0000000000
66252  -28.331  -2.390  -30.634 0.0000000000
65041  -28.939  -2.947  -30.802 0.0000000000
65054  -30.049  -2.950  -32.094 0.0000000000
62968  -27.180  -5.830  -32.257 0.0000000000
62969  -27.655  -5.691  -32.378 0.0000000000
62980  -28.990  -5.888  -33.380 0.0000000000
62971  -29.458  -5.248  -32.649 0.0000000000
62961  -29.027  -5.056  -31.768 0.0000000000
63971  -29.778  -4.451  -32.180 0.0000000000
65062  -30.229  -3.617  -32.578 0.0000000000
65070  -30.536  -3.303  -33.448 0.0000000000
65079  -30.797  -3.147  -34.394 0.0000000000
65089  -31.340  -3.284  -36.419 0.0000000000
64005  -31.486  -4.189  -36.515 0.0000000000
134766  -32.200  -3.075  -37.199 0.0000000000
60988  -24.089  -7.967  -29.654 0.0000000000
59941  -24.643  -8.350  -30.141 0.0000000000
59953  -25.904  -8.132  -30.896 0.0000000000
59954  -26.677  -8.105  -31.511 0.0000000000
126580  -27.328  -8.208  -32.209 0.0000000000
56627  -30.252  -11.132  -35.711 0.0000000000
57622  -28.016  -10.096  -35.240 0.0000000000
57630  -28.778  -10.361  -35.606 0.0000000000
57635  -28.982  -9.981  -36.297 0.0000000000
58838  -27.003  -9.041  -34.422 0.0000000000
58842  -30.770  -8.825  -34.642 0.0000000000
58847  -30.482  -9.517  -35.092 0.0000000000
58852  -26.630  -8.771  -35.986 0.0000000000
58853  -27.506  -9.043  -36.201 0.0000000000
58859  -28.533  -8.913  -36.450 0.0000000000
59968  -27.897  -8.353  -32.874 0.0000000000
59976  -25.739  -7.675  -34.379 0.0000000000
59985  -31.164  -8.682  -34.899 0.0000000000
59996  -27.605  -8.430  -36.296 0.0000000000
59997  -27.945  -8.930  -36.395 0.0000000000
60001  -28.088  -8.545  -36.434 0.0000000000
61010  -26.893  -7.754  -32.474 0.0000000000
61045  -26.322  -7.346  -36.180 0.0000000000
61047  -28.062  -7.805  -36.162 0.0000000000
61053  -28.443  -8.366  -36.336 0.0000000000
62002  -27.251  -6.182  -33.052 0.0000000000
62014  -28.805  -6.337  -34.018 0.0000000000
62045  -31.948  -6.566  -36.607 0.0000000000
63001  -32.280  -5.820  -37.217 0.0000000000
63951  -26.448  -4.459  -30.402 0.0000000000
63961  -27.685  -4.853  -30.981 0.0000000000
66250  -24.444  -2.194  -30.671 0.0000000000
66276  -30.274  -2.758  -32.818 0.0000000000
67382  -24.543  -1.510  -30.785 0.0000000000
67404  -23.948  -1.020  -31.196 0.0000000000
68510  -28.102  -0.309  -30.463 0.0000000000
69635  -25.156  0.853  -30.493 0.0000000000
69702  -27.484  0.678  -36.015 0.0000000000
72751  -28.190  3.097  -33.678 0.0000000000
73745  -27.629  4.283  -31.854 0.0000000000
74746  -24.270  5.452  -32.460 0.0000000000
74765  -28.328  5.507  -33.416 0.0000000000
75691  -27.638  5.911  -32.743 0.0000000000
75701  -26.886  6.841  -33.094 0.0000000000
75703  -28.245  6.251  -33.648 0.0000000000
75714  -28.053  7.138  -33.914 0.0000000000
116288  -23.927  -7.065  -34.678 0.0000000000
116290  -24.586  -7.487  -34.657 0.0000000000
116291  -23.876  -7.003  -35.065 0.0000000000
116292  -24.191  -6.452  -35.163 0.0000000000
116293  -24.497  -6.835  -35.267 0.0000000000
116295  -25.013  -7.158  -35.869 0.0000000000
116296  -24.478  -6.245  -36.012 0.0000000000
116297  -25.654  -7.132  -36.146 0.0000000000
116298  -24.947  -5.836  -36.075 0.0000000000
116299  -26.508  -7.011  -33.327 0.0000000000
116302  -25.257  -6.149  -36.050 0.0000000000
116304  -26.715  -6.629  -33.201 0.0000000000
116537  -26.294  -6.551  -34.940 0.0000000000
116601  -25.543  -7.570  -35.444 0.0000000000
116656  -25.731  -4.249  -30.169 0.0000000000
116667  -24.340  -6.397  -34.708 0.0000000000
120548  -27.602  4.586  -35.818 0.0000000000
120688  -25.933  -3.174  -30.432 0.0000000000
128315  -25.084  -6.501  -36.157 0.0000000000
130209  -32.097  -5.247  -37.537 0.0000000000
130406  -23.483  -10.867  -23.770 0.0000000000
130929  -30.068  -8.136  -34.640 0.0000000000
133977  -24.846  1.679  -30.548 0.0000000000
134269  -25.242  -6.159  -35.094 0.0000000000
135445  -33.080  -4.194  -37.422 0.0000000000
137684  -25.781  -2.544  -30.540 0.0000000000
138886  -27.609  7.836  -33.982 0.0000000000
139336  -30.352  -2.274  -35.898 0.0000000000
139795  -26.893  -0.742  -30.438 0.0000000000
139826  -30.073  -10.630  -36.086 0.0000000000
140191  -29.309  -3.476  -31.133 0.0000000000
