#!ascii label  , from subject sub-v1s20x0050328_ses-1 vox2ras=TkReg
980
48272  12.743  -23.974  87.011 0.0000000000
43124  4.127  -30.055  77.716 0.0000000000
45990  5.175  -26.284  91.360 0.0000000000
46035  2.081  -25.488  84.511 0.0000000000
52821  1.484  -21.181  78.413 0.0000000000
48251  8.715  -24.482  89.579 0.0000000000
49395  5.411  -23.187  86.441 0.0000000000
48227  16.434  -24.657  89.561 0.0000000000
45994  13.577  -26.201  91.046 0.0000000000
43981  9.456  -28.591  91.838 0.0000000000
142252  -0.152  -19.373  85.867 0.0000000000
139412  0.576  -23.953  81.659 0.0000000000
57037  1.916  -16.377  81.827 0.0000000000
144215  5.063  -30.522  89.539 0.0000000000
43003  5.869  -28.572  87.664 0.0000000000
47052  2.788  -25.268  88.272 0.0000000000
51633  2.263  -21.688  85.568 0.0000000000
45082  6.380  -26.814  82.567 0.0000000000
47186  5.069  -24.532  77.816 0.0000000000
49510  2.702  -22.945  75.293 0.0000000000
57083  0.177  -16.950  75.856 0.0000000000
48274  10.713  -24.511  87.850 0.0000000000
48301  9.017  -23.842  85.860 0.0000000000
49361  14.907  -23.797  89.154 0.0000000000
47041  14.822  -25.705  90.083 0.0000000000
128360  13.232  -24.718  90.067 0.0000000000
48215  11.317  -25.019  91.429 0.0000000000
131723  0.710  -17.213  83.344 0.0000000000
144834  5.199  -28.011  90.880 0.0000000000
44983  4.760  -27.003  90.275 0.0000000000
46000  4.225  -25.591  90.118 0.0000000000
50544  3.868  -22.121  83.849 0.0000000000
49415  3.349  -22.995  85.789 0.0000000000
44964  7.859  -26.897  92.467 0.0000000000
42960  7.975  -29.722  92.213 0.0000000000
42967  6.005  -29.240  91.856 0.0000000000
41901  5.942  -30.387  90.424 0.0000000000
45029  3.632  -27.004  85.956 0.0000000000
44056  6.315  -27.851  85.150 0.0000000000
45065  2.748  -26.330  83.721 0.0000000000
50580  1.903  -22.418  80.745 0.0000000000
47154  2.550  -25.076  80.489 0.0000000000
48386  1.278  -23.938  78.803 0.0000000000
48399  3.842  -23.810  76.577 0.0000000000
50636  -0.182  -23.006  76.224 0.0000000000
126397  6.810  -25.133  91.772 0.0000000000
48254  4.834  -24.121  90.042 0.0000000000
48266  7.030  -23.916  88.510 0.0000000000
49426  6.851  -23.115  84.795 0.0000000000
47051  17.014  -25.481  87.773 0.0000000000
45011  15.824  -26.494  87.053 0.0000000000
44985  15.406  -26.787  88.458 0.0000000000
44003  14.110  -27.964  89.113 0.0000000000
44973  11.757  -27.302  91.180 0.0000000000
48199  9.193  -25.736  92.353 0.0000000000
50516  -0.088  -22.676  85.444 0.0000000000
47094  0.248  -25.187  83.315 0.0000000000
134378  -0.112  -21.398  83.558 0.0000000000
53857  0.048  -20.215  81.852 0.0000000000
52794  2.737  -19.613  80.162 0.0000000000
50504  14.851  -22.610  85.910 0.0000000000
48281  19.912  -23.446  86.994 0.0000000000
137175  21.470  -22.828  88.554 0.0000000000
49350  17.770  -22.990  88.886 0.0000000000
50495  16.599  -22.763  88.915 0.0000000000
41926  2.888  -31.264  89.022 0.0000000000
41932  4.179  -30.416  87.493 0.0000000000
42985  4.848  -29.132  89.133 0.0000000000
44994  4.567  -26.880  88.510 0.0000000000
129114  2.770  -25.737  86.460 0.0000000000
49374  3.560  -23.992  87.792 0.0000000000
48289  3.210  -24.413  86.118 0.0000000000
49400  0.963  -23.264  85.532 0.0000000000
51627  0.890  -20.791  85.695 0.0000000000
41957  5.473  -30.306  85.195 0.0000000000
148959  6.551  -29.406  82.624 0.0000000000
44103  6.679  -28.868  80.009 0.0000000000
131641  3.182  -25.843  82.008 0.0000000000
46094  5.741  -25.961  80.394 0.0000000000
45136  7.179  -27.060  77.504 0.0000000000
46167  5.554  -26.720  74.919 0.0000000000
47229  3.909  -25.072  73.518 0.0000000000
58139  3.190  -15.195  81.042 0.0000000000
56010  4.200  -17.753  78.455 0.0000000000
137463  3.532  -16.359  76.023 0.0000000000
54910  0.800  -18.981  77.046 0.0000000000
52869  -0.144  -21.074  74.650 0.0000000000
48283  11.934  -24.109  86.825 0.0000000000
48299  10.810  -23.957  85.877 0.0000000000
49406  12.260  -23.691  85.338 0.0000000000
49370  13.856  -23.715  87.979 0.0000000000
147344  14.141  -23.999  89.099 0.0000000000
48271  13.004  -23.990  87.848 0.0000000000
127308  11.880  -24.562  89.078 0.0000000000
42067  3.544  -30.575  77.279 0.0000000000
43130  4.156  -30.176  76.717 0.0000000000
45991  4.956  -26.809  91.178 0.0000000000
45995  4.749  -26.320  90.707 0.0000000000
47033  4.861  -26.031  91.040 0.0000000000
46040  17.174  -25.290  85.615 0.0000000000
45986  6.564  -26.794  92.125 0.0000000000
43984  7.139  -28.124  92.410 0.0000000000
44975  5.822  -27.607  91.788 0.0000000000
43990  5.664  -28.549  91.339 0.0000000000
127619  2.646  -26.014  85.213 0.0000000000
45046  3.872  -27.045  85.045 0.0000000000
45048  2.351  -25.906  84.519 0.0000000000
51735  2.324  -21.933  79.637 0.0000000000
49476  1.742  -22.874  79.299 0.0000000000
49486  0.857  -22.963  78.713 0.0000000000
49484  0.776  -24.089  77.689 0.0000000000
50625  -0.360  -22.305  77.481 0.0000000000
48236  7.507  -24.483  90.601 0.0000000000
127485  6.860  -24.315  90.004 0.0000000000
48265  7.854  -24.113  88.481 0.0000000000
49410  7.398  -23.447  85.590 0.0000000000
51666  5.533  -21.608  83.037 0.0000000000
147951  17.007  -25.011  89.027 0.0000000000
46001  16.333  -26.012  88.162 0.0000000000
47047  16.259  -25.656  89.003 0.0000000000
45992  14.212  -26.160  90.589 0.0000000000
44981  14.570  -27.075  89.497 0.0000000000
44977  13.680  -27.264  90.289 0.0000000000
44972  12.555  -26.877  91.111 0.0000000000
126064  9.966  -24.765  90.293 0.0000000000
48205  10.593  -25.355  91.763 0.0000000000
128361  9.043  -24.953  91.864 0.0000000000
48201  8.071  -25.586  92.362 0.0000000000
52717  -0.109  -20.886  85.868 0.0000000000
50527  -0.144  -21.920  84.583 0.0000000000
52729  -0.213  -20.356  84.986 0.0000000000
57029  1.217  -16.658  82.608 0.0000000000
54870  0.024  -18.557  82.320 0.0000000000
54875  0.850  -18.451  81.504 0.0000000000
54884  1.180  -19.273  81.161 0.0000000000
125880  1.924  -17.871  81.008 0.0000000000
48224  18.775  -23.763  88.855 0.0000000000
41917  3.394  -31.149  89.453 0.0000000000
41925  3.657  -30.782  89.103 0.0000000000
42986  4.754  -30.133  89.377 0.0000000000
46005  4.234  -25.922  89.669 0.0000000000
46004  4.656  -26.748  89.412 0.0000000000
46010  3.886  -26.073  88.680 0.0000000000
45002  3.479  -26.445  87.578 0.0000000000
47053  3.087  -25.389  87.164 0.0000000000
49372  5.018  -23.556  88.568 0.0000000000
49363  4.154  -23.770  89.380 0.0000000000
49383  4.171  -23.456  87.409 0.0000000000
50505  2.791  -22.434  85.537 0.0000000000
49397  3.527  -23.447  86.232 0.0000000000
50506  2.189  -22.576  85.523 0.0000000000
49399  2.123  -23.627  85.434 0.0000000000
50507  1.349  -22.579  85.623 0.0000000000
51635  0.961  -21.787  85.850 0.0000000000
145301  1.445  -21.013  85.500 0.0000000000
44018  15.448  -26.803  87.421 0.0000000000
128926  15.804  -26.404  86.431 0.0000000000
42965  9.909  -29.224  90.979 0.0000000000
41903  9.851  -29.819  90.693 0.0000000000
42966  9.338  -29.502  91.372 0.0000000000
41895  6.882  -30.474  91.827 0.0000000000
40860  7.812  -30.502  91.668 0.0000000000
41905  5.540  -30.452  89.882 0.0000000000
41909  4.330  -31.258  89.645 0.0000000000
134439  5.347  -29.807  87.355 0.0000000000
41943  4.568  -30.418  86.607 0.0000000000
148990  6.360  -29.397  86.440 0.0000000000
45043  6.743  -27.785  83.977 0.0000000000
44067  7.090  -28.375  83.561 0.0000000000
44079  7.321  -27.982  82.681 0.0000000000
43094  6.850  -28.938  81.037 0.0000000000
44102  7.366  -27.392  81.152 0.0000000000
48334  0.182  -24.475  82.169 0.0000000000
46065  1.488  -25.892  82.774 0.0000000000
46083  1.802  -25.216  81.911 0.0000000000
47170  3.377  -25.069  79.144 0.0000000000
46112  3.559  -25.640  80.240 0.0000000000
47151  5.213  -25.275  79.192 0.0000000000
130341  7.120  -26.243  79.055 0.0000000000
47167  6.721  -25.385  77.869 0.0000000000
45146  6.962  -26.656  76.495 0.0000000000
47203  6.510  -25.252  76.465 0.0000000000
49490  2.989  -23.599  75.990 0.0000000000
48407  4.742  -23.873  75.002 0.0000000000
49499  4.076  -23.322  74.730 0.0000000000
136392  4.285  -14.729  79.063 0.0000000000
137533  3.971  -16.973  79.791 0.0000000000
57067  4.942  -16.298  78.400 0.0000000000
57090  0.651  -16.091  75.574 0.0000000000
57081  1.431  -16.704  75.843 0.0000000000
56018  2.069  -18.226  76.712 0.0000000000
54918  0.363  -18.493  76.440 0.0000000000
149719  -0.534  -20.591  76.052 0.0000000000
138668  -0.414  -19.101  74.938 0.0000000000
147923  9.926  -24.617  88.887 0.0000000000
48275  9.305  -24.296  87.668 0.0000000000
132435  10.097  -24.348  87.367 0.0000000000
49353  15.979  -24.200  89.667 0.0000000000
47040  15.630  -25.282  89.787 0.0000000000
48245  14.893  -24.432  89.819 0.0000000000
126820  14.431  -24.942  90.437 0.0000000000
48213  13.340  -25.474  91.133 0.0000000000
47036  12.700  -25.560  91.443 0.0000000000
48231  12.548  -24.850  90.568 0.0000000000
142134  11.112  -24.682  89.864 0.0000000000
55961  0.535  -17.506  85.897 0.0000000000
54856  -0.181  -18.372  84.509 0.0000000000
57006  1.267  -16.318  84.508 0.0000000000
58081  1.619  -15.527  84.007 0.0000000000
58127  0.897  -14.647  82.280 0.0000000000
43996  5.473  -28.711  90.513 0.0000000000
44001  5.406  -28.896  90.169 0.0000000000
44984  5.021  -27.824  90.627 0.0000000000
45999  4.529  -26.118  90.243 0.0000000000
46006  3.304  -25.657  90.072 0.0000000000
49428  5.005  -22.695  85.083 0.0000000000
131698  4.682  -22.944  86.047 0.0000000000
50526  3.554  -22.205  84.708 0.0000000000
51642  3.062  -21.963  85.352 0.0000000000
52707  2.296  -20.858  85.558 0.0000000000
52708  2.326  -20.246  85.491 0.0000000000
43976  8.556  -28.138  92.381 0.0000000000
134861  8.646  -29.560  92.080 0.0000000000
43977  7.832  -28.392  92.464 0.0000000000
42961  7.120  -29.844  92.340 0.0000000000
137950  6.555  -30.027  92.097 0.0000000000
41900  6.249  -30.386  90.878 0.0000000000
42968  6.055  -29.637  91.269 0.0000000000
42969  5.930  -29.389  90.969 0.0000000000
45014  4.742  -27.271  86.750 0.0000000000
44043  6.356  -28.193  86.070 0.0000000000
45028  4.853  -27.346  85.869 0.0000000000
45045  4.662  -27.178  84.450 0.0000000000
45083  5.004  -26.710  82.891 0.0000000000
133283  1.382  -22.721  81.485 0.0000000000
48355  1.489  -24.289  80.998 0.0000000000
48363  1.707  -23.817  80.342 0.0000000000
138382  1.813  -24.070  79.857 0.0000000000
48370  2.442  -24.640  78.794 0.0000000000
48383  4.457  -24.173  77.219 0.0000000000
133449  2.349  -24.296  77.784 0.0000000000
49491  2.104  -23.924  76.774 0.0000000000
49502  0.787  -23.110  75.862 0.0000000000
57098  -0.149  -16.171  74.699 0.0000000000
54942  0.017  -18.812  74.446 0.0000000000
56064  0.385  -17.339  73.724 0.0000000000
48210  5.825  -25.344  91.577 0.0000000000
48222  5.079  -25.279  91.044 0.0000000000
48237  5.515  -24.534  90.654 0.0000000000
49371  6.026  -23.705  88.735 0.0000000000
131922  5.748  -23.432  87.119 0.0000000000
48288  8.006  -24.037  87.003 0.0000000000
144228  6.825  -23.396  86.176 0.0000000000
49412  5.629  -22.983  85.766 0.0000000000
50524  5.333  -22.530  84.182 0.0000000000
46014  17.121  -25.462  87.090 0.0000000000
136406  16.791  -25.660  86.594 0.0000000000
46015  16.537  -25.828  87.371 0.0000000000
45996  15.409  -26.106  89.429 0.0000000000
44986  14.949  -27.108  88.875 0.0000000000
44012  14.310  -28.014  88.529 0.0000000000
42964  10.661  -28.804  90.594 0.0000000000
43980  10.105  -28.220  91.488 0.0000000000
47021  11.946  -26.005  91.804 0.0000000000
45984  10.406  -26.151  92.127 0.0000000000
44961  9.350  -27.157  92.292 0.0000000000
47017  8.578  -26.273  92.510 0.0000000000
48202  6.905  -25.846  92.191 0.0000000000
49417  0.189  -23.859  85.296 0.0000000000
47080  1.237  -25.370  84.044 0.0000000000
49440  -0.064  -23.893  84.268 0.0000000000
146466  -0.073  -23.298  83.660 0.0000000000
132151  0.469  -22.798  82.341 0.0000000000
53830  -0.286  -19.145  83.153 0.0000000000
52770  -0.181  -20.327  82.405 0.0000000000
134278  0.780  -21.637  82.021 0.0000000000
51719  1.418  -21.753  81.165 0.0000000000
51717  2.176  -21.267  80.183 0.0000000000
52810  2.793  -21.046  79.338 0.0000000000
49388  14.163  -23.200  86.149 0.0000000000
47058  18.546  -24.356  86.844 0.0000000000
51622  22.983  -21.079  87.337 0.0000000000
50482  22.095  -21.518  88.657 0.0000000000
50496  22.202  -22.267  87.526 0.0000000000
49376  21.131  -23.207  87.387 0.0000000000
48270  19.485  -23.823  87.464 0.0000000000
47054  18.653  -24.372  87.086 0.0000000000
48243  17.692  -24.694  88.689 0.0000000000
48226  17.218  -24.063  89.394 0.0000000000
50492  17.459  -22.870  89.016 0.0000000000
49358  16.840  -23.444  89.375 0.0000000000
50499  15.769  -22.840  88.336 0.0000000000
49387  14.782  -22.917  86.918 0.0000000000
43004  4.831  -29.841  88.196 0.0000000000
42993  5.404  -28.678  88.313 0.0000000000
44005  4.998  -28.387  89.726 0.0000000000
44013  5.062  -28.512  88.983 0.0000000000
134413  5.214  -27.875  88.268 0.0000000000
45015  3.506  -26.857  86.739 0.0000000000
45016  2.792  -26.343  86.511 0.0000000000
47060  2.645  -25.658  85.497 0.0000000000
48239  3.654  -24.650  90.278 0.0000000000
48255  2.859  -24.832  90.254 0.0000000000
48268  2.581  -24.943  88.489 0.0000000000
49384  3.608  -23.862  86.889 0.0000000000
48278  3.191  -24.737  87.111 0.0000000000
48269  2.649  -25.041  87.548 0.0000000000
48280  3.183  -25.241  86.576 0.0000000000
48291  2.748  -24.814  85.486 0.0000000000
48292  1.726  -24.057  85.011 0.0000000000
49401  0.180  -23.278  85.747 0.0000000000
51636  0.353  -21.350  86.103 0.0000000000
132684  0.390  -19.827  85.996 0.0000000000
53750  1.589  -18.770  85.909 0.0000000000
53751  0.648  -19.217  85.935 0.0000000000
134891  0.198  -18.232  86.141 0.0000000000
40873  8.904  -30.983  90.431 0.0000000000
41899  8.620  -30.127  91.618 0.0000000000
145955  6.795  -29.084  85.247 0.0000000000
43051  6.258  -29.871  83.855 0.0000000000
43119  5.553  -29.366  78.653 0.0000000000
45066  1.964  -26.063  83.402 0.0000000000
45085  2.638  -26.118  83.001 0.0000000000
45098  4.967  -26.390  81.965 0.0000000000
46098  2.712  -25.027  81.245 0.0000000000
46096  3.382  -25.873  81.059 0.0000000000
46078  5.417  -26.103  81.192 0.0000000000
45108  7.414  -27.219  80.262 0.0000000000
44124  7.095  -27.967  78.613 0.0000000000
44132  5.690  -29.016  77.496 0.0000000000
44133  5.331  -28.968  76.572 0.0000000000
47217  5.464  -24.563  75.412 0.0000000000
46174  5.045  -25.957  74.432 0.0000000000
59227  2.184  -14.416  82.751 0.0000000000
59240  3.088  -14.684  81.804 0.0000000000
58140  2.515  -15.432  81.689 0.0000000000
55998  2.694  -17.298  80.864 0.0000000000
130147  3.420  -18.855  79.621 0.0000000000
135321  2.635  -20.283  78.409 0.0000000000
56016  4.165  -17.678  77.503 0.0000000000
54909  2.786  -18.722  77.482 0.0000000000
53891  0.523  -20.310  78.068 0.0000000000
127072  -0.563  -20.930  76.818 0.0000000000
50653  -0.239  -22.231  75.595 0.0000000000
50668  0.607  -22.046  74.662 0.0000000000
51798  1.706  -21.445  74.264 0.0000000000
49390  12.497  -23.841  86.189 0.0000000000
49380  13.403  -23.770  87.232 0.0000000000
132523  12.169  -24.239  87.669 0.0000000000
42053  3.663  -30.435  78.492 0.0000000000
44976  5.347  -27.122  91.475 0.0000000000
47032  5.130  -25.703  91.261 0.0000000000
47059  17.851  -24.829  86.580 0.0000000000
47069  17.732  -24.755  85.948 0.0000000000
46031  17.230  -25.313  86.306 0.0000000000
45989  5.688  -26.551  91.644 0.0000000000
46034  2.479  -25.861  84.970 0.0000000000
46044  1.943  -25.757  84.261 0.0000000000
51747  1.623  -21.782  78.552 0.0000000000
50613  1.546  -22.450  78.731 0.0000000000
51748  0.204  -22.094  78.149 0.0000000000
141559  0.045  -22.739  78.173 0.0000000000
48235  8.354  -24.491  90.360 0.0000000000
48252  7.883  -24.316  89.767 0.0000000000
132969  8.243  -24.283  89.025 0.0000000000
45993  13.788  -26.697  90.615 0.0000000000
44978  13.365  -27.520  90.308 0.0000000000
44971  13.301  -26.898  90.758 0.0000000000
44979  12.903  -27.533  90.535 0.0000000000
45987  12.981  -26.251  91.340 0.0000000000
48234  9.143  -24.639  90.288 0.0000000000
48217  9.532  -24.811  91.130 0.0000000000
125646  8.729  -24.659  91.090 0.0000000000
53785  -0.060  -20.084  86.032 0.0000000000
149074  -0.197  -19.804  85.483 0.0000000000
57038  1.740  -16.065  82.233 0.0000000000
127025  0.728  -17.928  81.845 0.0000000000
55992  1.424  -17.536  81.485 0.0000000000
55999  2.098  -16.798  81.423 0.0000000000
136144  4.160  -30.965  89.463 0.0000000000
129344  4.125  -30.782  89.374 0.0000000000
42978  5.120  -30.073  89.504 0.0000000000
130243  3.065  -25.691  89.116 0.0000000000
46011  3.093  -25.966  87.776 0.0000000000
49382  4.930  -23.416  87.716 0.0000000000
137076  4.825  -23.253  86.910 0.0000000000
49398  2.947  -23.357  85.669 0.0000000000
51634  1.822  -21.635  85.554 0.0000000000
42958  9.661  -28.904  91.441 0.0000000000
41897  9.562  -29.576  91.097 0.0000000000
40861  7.140  -31.235  91.267 0.0000000000
43016  6.265  -29.214  87.126 0.0000000000
45062  7.048  -27.540  83.165 0.0000000000
45081  7.137  -27.338  82.474 0.0000000000
44091  7.348  -27.684  81.931 0.0000000000
45096  6.966  -26.909  81.861 0.0000000000
47123  0.739  -24.718  81.758 0.0000000000
48344  1.236  -24.634  81.440 0.0000000000
47169  4.456  -24.924  78.756 0.0000000000
47152  3.965  -25.329  79.517 0.0000000000
46125  6.433  -25.511  78.766 0.0000000000
47168  5.718  -24.939  78.362 0.0000000000
47184  6.811  -25.427  77.099 0.0000000000
47185  6.169  -24.860  77.397 0.0000000000
49500  3.523  -23.146  75.227 0.0000000000
59268  4.153  -14.189  79.405 0.0000000000
125117  4.549  -14.284  78.488 0.0000000000
58151  4.388  -15.497  79.150 0.0000000000
58159  4.861  -15.222  78.241 0.0000000000
57091  0.244  -16.186  75.656 0.0000000000
57082  0.585  -16.782  75.760 0.0000000000
56029  0.519  -17.687  75.981 0.0000000000
56030  0.139  -17.842  76.086 0.0000000000
125242  -0.344  -18.881  75.703 0.0000000000
143466  -0.146  -18.213  75.792 0.0000000000
48262  10.619  -24.626  88.644 0.0000000000
133531  9.961  -24.469  88.178 0.0000000000
49407  11.375  -23.766  85.107 0.0000000000
49360  15.569  -23.880  89.435 0.0000000000
48244  15.555  -24.534  89.804 0.0000000000
126144  13.304  -24.369  89.333 0.0000000000
48246  13.995  -24.579  89.982 0.0000000000
48212  14.140  -25.369  90.753 0.0000000000
48230  13.616  -24.986  90.842 0.0000000000
48214  12.836  -25.231  91.269 0.0000000000
48261  11.485  -24.516  88.338 0.0000000000
48248  11.199  -24.654  89.174 0.0000000000
48249  10.433  -24.689  89.505 0.0000000000
56997  1.173  -16.496  85.587 0.0000000000
58082  1.845  -15.080  84.538 0.0000000000
59205  2.003  -14.755  84.118 0.0000000000
58113  0.824  -15.041  83.042 0.0000000000
59215  0.943  -14.195  83.018 0.0000000000
133953  4.781  -26.924  90.626 0.0000000000
47043  2.988  -25.460  90.378 0.0000000000
50525  4.290  -22.461  84.281 0.0000000000
49413  4.080  -22.714  85.240 0.0000000000
52715  3.076  -21.053  85.119 0.0000000000
51643  2.518  -21.472  85.584 0.0000000000
52716  2.643  -20.298  85.686 0.0000000000
129767  2.510  -19.946  85.664 0.0000000000
44963  8.232  -27.279  92.453 0.0000000000
43988  6.273  -28.636  92.167 0.0000000000
43983  7.030  -29.071  92.466 0.0000000000
42962  6.450  -29.509  92.205 0.0000000000
42963  6.230  -29.841  91.754 0.0000000000
43995  5.517  -28.577  90.948 0.0000000000
42973  5.847  -29.281  90.598 0.0000000000
45013  5.782  -27.712  86.537 0.0000000000
132599  2.936  -26.390  84.519 0.0000000000
45064  3.680  -26.799  84.094 0.0000000000
137192  4.810  -26.997  83.734 0.0000000000
45084  3.611  -26.600  83.137 0.0000000000
129833  1.648  -22.981  80.866 0.0000000000
49466  1.820  -23.070  80.227 0.0000000000
49475  1.486  -23.523  79.349 0.0000000000
130872  1.759  -23.759  79.823 0.0000000000
48372  1.666  -23.759  79.444 0.0000000000
149746  2.010  -24.552  79.668 0.0000000000
48371  1.673  -24.271  79.092 0.0000000000
48384  3.309  -24.276  77.776 0.0000000000
49493  0.164  -23.711  76.997 0.0000000000
49492  1.101  -23.840  76.748 0.0000000000
49501  1.926  -23.270  75.968 0.0000000000
58186  0.052  -15.451  74.977 0.0000000000
148205  0.156  -17.263  74.170 0.0000000000
148044  -0.276  -17.133  72.993 0.0000000000
146123  6.060  -25.062  91.659 0.0000000000
48221  5.472  -25.000  91.368 0.0000000000
48220  6.406  -24.692  91.135 0.0000000000
141436  6.673  -24.005  89.237 0.0000000000
125503  5.676  -23.504  87.966 0.0000000000
48277  6.575  -23.637  87.728 0.0000000000
48276  8.770  -24.181  87.164 0.0000000000
48264  8.424  -24.167  87.899 0.0000000000
48287  8.674  -24.041  86.565 0.0000000000
49411  6.479  -23.170  85.613 0.0000000000
49427  5.968  -22.776  84.961 0.0000000000
50523  6.328  -22.669  84.104 0.0000000000
46007  17.081  -25.417  87.496 0.0000000000
46009  15.850  -26.442  88.105 0.0000000000
44990  15.966  -26.315  87.686 0.0000000000
44991  15.553  -26.693  88.017 0.0000000000
44987  14.350  -27.503  89.296 0.0000000000
44002  14.660  -27.443  88.747 0.0000000000
42983  13.416  -28.467  89.222 0.0000000000
43985  12.160  -27.733  90.695 0.0000000000
43986  11.277  -28.128  90.739 0.0000000000
43987  10.404  -28.629  90.968 0.0000000000
43979  10.892  -27.770  91.242 0.0000000000
48203  12.074  -25.392  91.566 0.0000000000
142153  12.232  -25.665  91.601 0.0000000000
132646  11.585  -25.614  91.665 0.0000000000
48198  9.744  -25.612  92.034 0.0000000000
47029  10.584  -25.586  91.786 0.0000000000
47023  10.113  -25.841  92.063 0.0000000000
44960  9.919  -26.721  92.240 0.0000000000
45985  9.714  -26.101  92.369 0.0000000000
45979  9.146  -26.521  92.429 0.0000000000
47024  9.139  -26.015  92.486 0.0000000000
48208  7.694  -25.214  92.107 0.0000000000
134340  7.263  -25.519  92.170 0.0000000000
48209  6.490  -25.457  91.839 0.0000000000
49429  -0.057  -23.635  85.184 0.0000000000
48303  0.142  -24.339  84.657 0.0000000000
50545  -0.026  -22.400  83.245 0.0000000000
129977  -0.020  -23.237  82.940 0.0000000000
125525  -0.015  -21.655  82.505 0.0000000000
55970  0.341  -17.609  84.232 0.0000000000
140191  -0.306  -18.914  83.960 0.0000000000
146598  0.019  -18.169  83.405 0.0000000000
53845  -0.164  -19.574  82.378 0.0000000000
51688  -0.014  -21.062  81.959 0.0000000000
52783  0.507  -20.842  81.648 0.0000000000
51703  0.949  -21.310  81.695 0.0000000000
53867  1.983  -19.727  80.670 0.0000000000
53868  1.645  -20.390  80.853 0.0000000000
52795  2.496  -20.506  80.117 0.0000000000
50513  14.275  -22.793  85.251 0.0000000000
146021  14.916  -22.311  85.220 0.0000000000
48297  19.713  -23.253  86.364 0.0000000000
49403  19.506  -22.995  85.652 0.0000000000
48282  19.087  -23.706  86.630 0.0000000000
50489  21.655  -21.874  89.097 0.0000000000
50483  21.644  -20.980  89.133 0.0000000000
49354  21.881  -22.406  88.686 0.0000000000
50493  22.257  -22.103  88.172 0.0000000000
49375  21.703  -22.770  87.970 0.0000000000
49365  21.035  -23.241  88.018 0.0000000000
131844  18.774  -24.374  87.509 0.0000000000
48225  18.007  -23.717  88.799 0.0000000000
48242  18.482  -24.422  88.444 0.0000000000
143493  17.418  -22.303  88.821 0.0000000000
49367  15.882  -23.265  89.028 0.0000000000
50503  15.496  -22.276  86.403 0.0000000000
132641  15.568  -22.513  87.387 0.0000000000
139594  2.492  -31.597  88.323 0.0000000000
41934  2.929  -31.007  88.374 0.0000000000
42995  4.543  -29.969  88.972 0.0000000000
42994  5.094  -29.221  88.672 0.0000000000
44000  4.995  -28.165  90.315 0.0000000000
44988  4.833  -27.579  89.896 0.0000000000
44993  4.873  -27.642  89.193 0.0000000000
45001  4.624  -27.158  87.619 0.0000000000
46016  2.727  -26.163  87.024 0.0000000000
46025  2.599  -26.111  86.284 0.0000000000
45017  2.515  -26.117  85.782 0.0000000000
48238  4.708  -24.767  90.564 0.0000000000
148640  3.924  -24.262  90.100 0.0000000000
49364  3.335  -23.959  88.916 0.0000000000
126468  3.192  -24.174  89.913 0.0000000000
125906  2.788  -24.600  89.375 0.0000000000
48267  3.001  -24.668  88.183 0.0000000000
49414  3.858  -22.875  86.017 0.0000000000
49396  4.063  -23.175  86.652 0.0000000000
48279  3.215  -25.038  86.833 0.0000000000
131276  2.489  -24.929  87.866 0.0000000000
48290  2.837  -24.699  85.739 0.0000000000
126254  1.852  -23.879  85.265 0.0000000000
49416  0.662  -23.662  85.324 0.0000000000
52709  0.412  -20.489  86.014 0.0000000000
52702  0.729  -20.049  85.760 0.0000000000
53749  2.088  -19.509  85.643 0.0000000000
45010  16.294  -26.050  86.639 0.0000000000
41904  9.311  -30.018  91.124 0.0000000000
40869  9.435  -30.246  90.742 0.0000000000
41892  8.808  -29.750  91.798 0.0000000000
41893  8.341  -29.978  91.916 0.0000000000
40883  2.913  -31.583  89.561 0.0000000000
40891  2.504  -31.861  88.926 0.0000000000
41958  4.795  -30.513  85.799 0.0000000000
132391  4.223  -30.780  85.036 0.0000000000
41973  4.670  -30.551  84.286 0.0000000000
43029  6.684  -28.503  85.490 0.0000000000
43050  6.813  -29.253  83.361 0.0000000000
140170  6.865  -29.116  84.283 0.0000000000
150657  6.007  -29.953  82.958 0.0000000000
141587  5.103  -30.303  83.458 0.0000000000
43080  5.741  -29.729  82.125 0.0000000000
43110  5.803  -29.380  79.516 0.0000000000
47093  0.854  -25.584  83.610 0.0000000000
46045  1.429  -25.773  83.846 0.0000000000
46054  1.310  -25.985  83.416 0.0000000000
46082  1.900  -25.524  82.347 0.0000000000
45086  2.128  -25.791  82.746 0.0000000000
45100  2.709  -25.776  82.545 0.0000000000
149786  3.970  -26.489  82.385 0.0000000000
46080  3.663  -26.191  81.762 0.0000000000
47156  1.881  -24.584  80.687 0.0000000000
47138  2.280  -24.881  81.147 0.0000000000
46111  4.782  -25.611  79.930 0.0000000000
46095  4.445  -25.893  80.641 0.0000000000
46077  6.686  -26.471  80.978 0.0000000000
46109  6.943  -26.310  79.971 0.0000000000
45125  7.395  -27.029  78.435 0.0000000000
45116  7.450  -27.124  79.314 0.0000000000
149837  7.129  -27.541  78.061 0.0000000000
44125  6.200  -28.798  78.259 0.0000000000
44131  6.566  -28.104  77.654 0.0000000000
143350  6.003  -28.450  76.918 0.0000000000
46152  6.551  -26.056  75.715 0.0000000000
48397  5.640  -24.494  76.590 0.0000000000
48398  4.828  -23.914  76.071 0.0000000000
47228  4.851  -24.943  74.396 0.0000000000
139303  3.400  -26.040  73.204 0.0000000000
60382  3.605  -14.231  81.043 0.0000000000
59258  3.393  -14.691  81.040 0.0000000000
59259  2.741  -15.002  81.815 0.0000000000
135676  3.068  -15.835  81.042 0.0000000000
57049  2.584  -16.210  81.293 0.0000000000
57048  3.311  -16.665  80.638 0.0000000000
56004  3.971  -17.772  79.266 0.0000000000
147482  3.667  -18.275  79.456 0.0000000000
54899  3.743  -18.574  78.857 0.0000000000
53879  3.447  -19.493  78.949 0.0000000000
54900  3.344  -19.160  78.278 0.0000000000
58174  2.794  -15.712  75.797 0.0000000000
58173  4.024  -15.660  75.930 0.0000000000
57079  4.482  -16.462  76.445 0.0000000000
57073  4.663  -17.082  77.119 0.0000000000
56026  3.644  -17.187  76.534 0.0000000000
53899  1.661  -18.889  77.239 0.0000000000
144952  1.275  -19.300  77.677 0.0000000000
53900  0.599  -19.450  77.603 0.0000000000
52834  -0.316  -20.551  77.594 0.0000000000
53901  -0.138  -19.673  77.382 0.0000000000
52855  -0.462  -20.838  75.259 0.0000000000
51784  -0.251  -21.583  75.079 0.0000000000
148982  -0.062  -22.090  74.883 0.0000000000
51800  0.245  -21.532  74.527 0.0000000000
148477  0.207  -19.376  74.271 0.0000000000
48273  11.365  -24.371  87.414 0.0000000000
142553  10.739  -24.370  87.175 0.0000000000
48284  11.148  -24.190  86.651 0.0000000000
49391  11.673  -23.917  85.998 0.0000000000
49369  14.604  -23.513  88.432 0.0000000000
48259  13.364  -24.046  88.595 0.0000000000
48247  12.544  -24.599  89.569 0.0000000000
48260  12.521  -24.329  88.624 0.0000000000
43129  4.640  -29.563  76.130 0.0000000000
44980  5.258  -27.750  91.181 0.0000000000
133984  4.904  -27.313  90.972 0.0000000000
47038  4.553  -25.622  90.466 0.0000000000
44970  7.225  -27.175  92.381 0.0000000000
44974  6.565  -27.636  92.207 0.0000000000
43989  5.810  -28.550  91.691 0.0000000000
132773  5.541  -27.847  91.477 0.0000000000
45030  2.883  -26.399  85.881 0.0000000000
45047  3.008  -26.387  85.244 0.0000000000
147086  2.582  -26.042  84.741 0.0000000000
131502  2.306  -26.104  84.151 0.0000000000
50597  2.328  -22.036  79.507 0.0000000000
50598  2.225  -22.497  79.940 0.0000000000
49485  0.499  -23.650  78.320 0.0000000000
139790  -0.152  -23.134  77.414 0.0000000000
48219  7.433  -24.824  91.471 0.0000000000
138719  7.446  -24.152  89.155 0.0000000000
49392  8.128  -23.824  86.123 0.0000000000
49425  7.764  -23.221  84.667 0.0000000000
50522  7.241  -22.841  83.959 0.0000000000
50541  6.725  -22.424  83.322 0.0000000000
47046  17.008  -25.402  88.276 0.0000000000
46002  15.740  -26.430  88.659 0.0000000000
47042  14.359  -25.550  90.562 0.0000000000
45997  14.715  -26.464  89.809 0.0000000000
45998  14.146  -26.891  90.134 0.0000000000
44982  13.967  -27.444  89.813 0.0000000000
148978  11.005  -24.803  90.952 0.0000000000
48204  11.282  -25.446  91.690 0.0000000000
48216  10.447  -24.907  91.189 0.0000000000
127997  9.846  -25.181  91.865 0.0000000000
48206  9.332  -25.427  92.189 0.0000000000
48200  8.751  -25.598  92.376 0.0000000000
48207  8.534  -25.275  92.245 0.0000000000
125641  8.064  -24.573  91.070 0.0000000000
51644  -0.089  -21.753  85.694 0.0000000000
51654  -0.163  -21.216  85.158 0.0000000000
142613  -0.148  -21.094  84.390 0.0000000000
125015  -0.195  -20.575  83.789 0.0000000000
55986  0.630  -17.572  82.496 0.0000000000
147519  0.398  -18.531  81.810 0.0000000000
53844  0.338  -19.234  81.732 0.0000000000
53856  0.779  -20.198  81.442 0.0000000000
150111  1.350  -18.353  81.160 0.0000000000
54874  1.962  -18.887  80.803 0.0000000000
49386  20.455  -23.164  86.637 0.0000000000
49355  21.429  -22.570  89.031 0.0000000000
48241  19.229  -24.032  88.402 0.0000000000
49349  18.598  -22.982  89.028 0.0000000000
50498  16.295  -22.203  87.877 0.0000000000
46017  2.711  -25.971  86.908 0.0000000000
49373  4.187  -23.610  88.308 0.0000000000
144410  0.699  -22.691  85.972 0.0000000000
45012  15.373  -26.846  86.797 0.0000000000
42972  10.165  -29.303  90.724 0.0000000000
41898  9.113  -29.828  91.460 0.0000000000
41894  7.587  -30.247  91.982 0.0000000000
40871  5.158  -31.440  90.127 0.0000000000
40882  3.506  -31.473  89.697 0.0000000000
43017  5.765  -29.930  86.397 0.0000000000
43030  6.337  -29.585  85.751 0.0000000000
149329  6.549  -27.844  84.535 0.0000000000
44055  6.842  -28.409  84.619 0.0000000000
43063  7.194  -28.744  82.742 0.0000000000
43079  6.667  -29.199  81.950 0.0000000000
43078  7.300  -28.464  81.961 0.0000000000
149584  7.404  -28.182  81.313 0.0000000000
145988  7.340  -28.196  80.532 0.0000000000
48322  -0.095  -24.596  82.931 0.0000000000
47107  0.770  -25.706  82.809 0.0000000000
140582  0.826  -25.332  82.149 0.0000000000
46066  1.303  -25.576  82.217 0.0000000000
128582  2.410  -25.212  81.928 0.0000000000
47153  2.978  -25.375  79.910 0.0000000000
46110  6.072  -25.733  79.589 0.0000000000
144568  7.280  -26.155  78.153 0.0000000000
45137  6.511  -27.653  76.736 0.0000000000
46136  7.260  -26.057  77.217 0.0000000000
46151  7.015  -25.880  76.496 0.0000000000
48408  4.117  -23.465  75.599 0.0000000000
48417  4.268  -24.055  74.031 0.0000000000
59257  3.885  -14.215  80.299 0.0000000000
147303  3.843  -14.922  80.026 0.0000000000
57060  3.685  -15.918  80.268 0.0000000000
57059  4.315  -16.295  79.373 0.0000000000
56003  4.545  -17.119  78.895 0.0000000000
58175  1.654  -15.968  75.629 0.0000000000
57080  2.499  -16.571  75.980 0.0000000000
56027  2.356  -17.407  76.321 0.0000000000
56028  1.309  -17.560  76.082 0.0000000000
56019  1.062  -18.413  76.477 0.0000000000
54911  0.104  -18.969  77.036 0.0000000000
52845  -0.478  -20.095  76.683 0.0000000000
53908  -0.310  -19.282  76.494 0.0000000000
53918  -0.479  -19.827  75.508 0.0000000000
53932  -0.211  -20.362  74.588 0.0000000000
48250  9.542  -24.628  89.511 0.0000000000
48263  9.070  -24.418  88.656 0.0000000000
48286  9.454  -24.149  86.726 0.0000000000
48285  10.362  -24.176  86.613 0.0000000000
48228  15.851  -24.651  89.750 0.0000000000
48229  15.014  -25.097  90.206 0.0000000000
47034  13.801  -25.694  90.979 0.0000000000
47035  13.175  -25.771  91.328 0.0000000000
148121  11.929  -25.001  91.084 0.0000000000
126896  11.777  -24.678  89.792 0.0000000000
48232  11.516  -24.787  90.650 0.0000000000
48233  10.734  -24.736  90.382 0.0000000000
55958  -0.087  -18.144  86.171 0.0000000000
54846  -0.201  -18.623  85.503 0.0000000000
55962  0.004  -17.848  85.214 0.0000000000
55969  0.773  -17.154  84.910 0.0000000000
125659  0.851  -16.924  84.074 0.0000000000
58063  1.551  -15.459  84.994 0.0000000000
57019  1.248  -16.269  83.448 0.0000000000
146377  1.457  -16.049  82.835 0.0000000000
58112  1.674  -15.192  82.535 0.0000000000
58126  1.779  -15.208  82.340 0.0000000000
42974  5.887  -29.734  90.177 0.0000000000
47048  2.748  -25.222  89.605 0.0000000000
50515  3.396  -22.591  85.515 0.0000000000
51653  3.245  -21.504  84.914 0.0000000000
132608  1.905  -21.099  85.732 0.0000000000
43975  9.149  -27.946  92.214 0.0000000000
42959  9.027  -29.251  91.953 0.0000000000
43982  8.928  -28.879  92.199 0.0000000000
42956  8.306  -29.091  92.359 0.0000000000
42957  7.662  -29.313  92.424 0.0000000000
41896  6.476  -30.487  91.356 0.0000000000
137120  5.846  -29.055  91.492 0.0000000000
45000  5.635  -27.779  87.382 0.0000000000
44031  6.353  -28.434  86.977 0.0000000000
150018  5.790  -27.654  85.751 0.0000000000
45027  5.236  -27.430  85.091 0.0000000000
45044  5.826  -27.454  84.347 0.0000000000
45063  6.091  -27.188  83.471 0.0000000000
49458  1.153  -23.433  81.411 0.0000000000
48345  1.040  -24.137  81.305 0.0000000000
48356  1.408  -23.625  80.873 0.0000000000
47173  1.900  -24.302  80.257 0.0000000000
49465  1.651  -23.459  79.883 0.0000000000
47172  2.110  -24.720  80.165 0.0000000000
47171  2.466  -25.034  79.620 0.0000000000
47188  3.102  -24.766  78.735 0.0000000000
47187  3.904  -24.585  78.295 0.0000000000
48400  2.908  -24.017  76.905 0.0000000000
48385  1.519  -24.224  77.723 0.0000000000
50651  1.726  -22.687  75.201 0.0000000000
130869  0.106  -15.847  75.494 0.0000000000
57092  0.034  -16.484  75.555 0.0000000000
56038  -0.074  -17.488  75.478 0.0000000000
132774  -0.087  -16.984  74.772 0.0000000000
56079  0.082  -17.149  72.734 0.0000000000
43120  4.574  -29.830  78.543 0.0000000000
47031  5.598  -25.813  91.532 0.0000000000
48211  5.460  -25.391  91.409 0.0000000000
147540  6.152  -24.344  90.445 0.0000000000
48253  5.876  -24.027  89.836 0.0000000000
49362  5.185  -23.755  89.318 0.0000000000
150280  8.403  -24.253  88.517 0.0000000000
138044  7.528  -23.924  87.793 0.0000000000
49393  7.387  -23.651  86.478 0.0000000000
49381  7.241  -23.732  87.163 0.0000000000
133443  6.661  -23.519  86.829 0.0000000000
49394  6.135  -23.284  86.330 0.0000000000
50542  5.805  -22.264  83.431 0.0000000000
46013  17.946  -24.913  87.032 0.0000000000
46023  17.257  -25.331  86.840 0.0000000000
46024  16.701  -25.764  86.994 0.0000000000
44998  16.135  -26.199  87.219 0.0000000000
46008  16.398  -25.937  87.757 0.0000000000
44999  15.690  -26.568  87.576 0.0000000000
44019  15.060  -27.137  87.749 0.0000000000
46003  15.178  -26.752  89.097 0.0000000000
44992  15.197  -26.970  88.369 0.0000000000
44011  14.874  -27.298  88.219 0.0000000000
44020  14.497  -27.931  87.802 0.0000000000
44004  13.714  -28.193  89.336 0.0000000000
42971  10.935  -28.879  90.377 0.0000000000
47028  12.734  -26.058  91.633 0.0000000000
45988  12.447  -26.181  91.589 0.0000000000
44966  11.940  -26.488  91.591 0.0000000000
45983  11.215  -26.258  91.877 0.0000000000
44967  11.197  -26.940  91.651 0.0000000000
44968  10.435  -27.308  91.805 0.0000000000
44969  9.733  -27.650  91.987 0.0000000000
45980  8.562  -26.689  92.462 0.0000000000
45981  8.177  -26.540  92.491 0.0000000000
47025  8.511  -25.915  92.509 0.0000000000
47018  8.042  -26.172  92.511 0.0000000000
45982  7.845  -26.349  92.496 0.0000000000
47020  7.007  -26.227  92.326 0.0000000000
47027  6.321  -26.151  91.881 0.0000000000
47070  1.446  -24.888  84.284 0.0000000000
47071  0.664  -24.692  84.232 0.0000000000
47081  0.476  -24.951  83.974 0.0000000000
48310  -0.017  -24.608  83.837 0.0000000000
130381  -0.127  -22.958  84.440 0.0000000000
137941  -0.116  -23.965  83.364 0.0000000000
49448  0.054  -23.756  82.366 0.0000000000
49454  0.854  -23.156  81.861 0.0000000000
53806  -0.268  -19.294  84.870 0.0000000000
52749  -0.288  -19.714  83.957 0.0000000000
140770  -0.264  -20.031  83.077 0.0000000000
131928  -0.187  -20.828  82.871 0.0000000000
142851  0.509  -22.137  82.332 0.0000000000
50567  1.089  -22.368  81.996 0.0000000000
133243  1.387  -21.959  81.457 0.0000000000
50579  1.990  -22.068  80.549 0.0000000000
130452  1.314  -21.195  81.140 0.0000000000
51734  2.326  -21.691  79.140 0.0000000000
52820  2.291  -20.881  78.594 0.0000000000
49389  13.353  -23.649  86.375 0.0000000000
130245  12.945  -23.622  85.633 0.0000000000
49404  13.561  -23.318  85.515 0.0000000000
126899  14.001  -22.527  84.492 0.0000000000
50488  22.516  -21.480  88.183 0.0000000000
49377  20.693  -23.360  87.045 0.0000000000
133688  19.095  -23.875  87.105 0.0000000000
47055  18.001  -24.957  87.387 0.0000000000
47044  18.733  -24.478  88.080 0.0000000000
47045  18.060  -24.972  88.070 0.0000000000
142842  16.791  -24.090  89.586 0.0000000000
50491  18.218  -22.330  88.792 0.0000000000
49351  17.098  -23.651  89.363 0.0000000000
49352  16.529  -24.096  89.579 0.0000000000
49359  16.258  -23.636  89.379 0.0000000000
49368  15.285  -23.356  88.754 0.0000000000
49378  15.049  -23.044  87.919 0.0000000000
147431  14.448  -23.327  87.644 0.0000000000
49379  14.011  -23.467  87.030 0.0000000000
41933  3.825  -30.543  88.344 0.0000000000
146150  5.545  -29.171  87.894 0.0000000000
44006  5.231  -29.159  89.687 0.0000000000
47037  4.859  -25.570  90.891 0.0000000000
48223  4.546  -25.197  90.502 0.0000000000
47039  3.926  -25.204  90.262 0.0000000000
47061  2.106  -24.780  84.725 0.0000000000
48302  0.907  -24.148  84.688 0.0000000000
50508  0.224  -22.318  86.057 0.0000000000
53768  0.144  -19.356  86.284 0.0000000000
51626  1.975  -20.681  85.456 0.0000000000
52701  1.347  -19.977  85.498 0.0000000000
54841  -0.084  -18.775  86.343 0.0000000000
49405  12.948  -23.345  84.865 0.0000000000
46032  16.693  -25.677  86.099 0.0000000000
46041  16.650  -25.608  85.345 0.0000000000
40865  8.786  -30.316  91.291 0.0000000000
41959  3.754  -30.826  85.829 0.0000000000
43015  6.633  -28.964  86.267 0.0000000000
43039  6.340  -29.746  84.782 0.0000000000
41972  5.633  -30.268  84.305 0.0000000000
127899  5.754  -29.543  81.273 0.0000000000
45067  1.851  -25.935  83.932 0.0000000000
47139  1.775  -24.829  81.374 0.0000000000
46099  2.155  -24.901  81.558 0.0000000000
46097  2.983  -25.375  81.603 0.0000000000
46113  2.996  -25.329  80.783 0.0000000000
46079  4.279  -26.153  81.255 0.0000000000
45097  6.182  -26.442  81.748 0.0000000000
44112  7.259  -28.093  79.605 0.0000000000
44113  6.514  -28.824  79.088 0.0000000000
139113  5.036  -29.498  77.941 0.0000000000
133943  4.836  -29.574  77.107 0.0000000000
44137  5.000  -28.774  75.591 0.0000000000
127023  6.138  -25.149  75.759 0.0000000000
47216  5.679  -25.567  75.072 0.0000000000
46175  4.634  -26.734  74.073 0.0000000000
60339  1.807  -14.441  83.194 0.0000000000
59243  1.124  -14.850  81.993 0.0000000000
58125  1.917  -15.198  82.208 0.0000000000
60366  2.886  -14.392  82.413 0.0000000000
58124  2.232  -15.145  82.110 0.0000000000
57050  2.186  -15.783  81.793 0.0000000000
54883  2.819  -18.540  80.408 0.0000000000
54882  3.490  -17.808  80.067 0.0000000000
147518  3.130  -19.219  79.979 0.0000000000
52809  3.078  -20.381  79.423 0.0000000000
52819  3.080  -20.593  78.820 0.0000000000
56015  4.867  -17.165  77.977 0.0000000000
54908  3.677  -18.367  77.932 0.0000000000
56017  3.172  -17.995  77.030 0.0000000000
54901  2.397  -19.481  77.949 0.0000000000
53890  1.510  -19.963  78.154 0.0000000000
147618  1.448  -20.603  78.297 0.0000000000
52822  0.310  -21.257  78.115 0.0000000000
51761  -0.329  -21.470  77.578 0.0000000000
50637  -0.428  -22.361  76.542 0.0000000000
51773  -0.466  -21.468  75.994 0.0000000000
50652  0.203  -22.578  75.261 0.0000000000
146506  0.933  -22.506  75.027 0.0000000000
126542  -0.318  -18.400  75.071 0.0000000000
124922  -0.169  -19.581  74.534 0.0000000000
51799  1.008  -21.394  74.193 0.0000000000
50666  2.539  -22.341  74.853 0.0000000000
43978  7.735  -27.535  92.454 0.0000000000
44962  8.822  -27.228  92.389 0.0000000000
44965  7.427  -26.449  92.422 0.0000000000
45099  3.180  -26.158  82.449 0.0000000000
46081  2.553  -25.497  82.277 0.0000000000
47019  7.514  -26.099  92.458 0.0000000000
47022  10.960  -25.905  91.920 0.0000000000
47026  7.677  -25.804  92.391 0.0000000000
47030  6.195  -25.697  91.740 0.0000000000
47108  0.329  -25.079  82.496 0.0000000000
47122  1.270  -25.095  81.793 0.0000000000
47155  2.287  -24.882  80.668 0.0000000000
48218  8.235  -24.866  91.740 0.0000000000
49409  8.330  -23.536  85.320 0.0000000000
50514  13.635  -23.012  84.883 0.0000000000
51718  1.994  -21.831  80.356 0.0000000000
52808  3.288  -20.137  78.997 0.0000000000
53880  3.244  -19.681  79.512 0.0000000000
53889  3.175  -19.976  78.571 0.0000000000
54919  -0.067  -18.531  76.402 0.0000000000
55993  1.350  -16.999  81.971 0.0000000000
56048  0.042  -17.815  74.503 0.0000000000
56063  0.762  -17.308  73.670 0.0000000000
57109  -0.091  -16.906  73.953 0.0000000000
58097  1.635  -15.360  83.126 0.0000000000
58098  1.826  -15.126  83.569 0.0000000000
59195  1.105  -14.551  85.277 0.0000000000
59216  1.139  -14.378  82.948 0.0000000000
59228  1.431  -14.769  81.998 0.0000000000
59229  0.907  -14.594  82.344 0.0000000000
59230  0.942  -14.572  82.417 0.0000000000
59241  2.357  -14.748  82.377 0.0000000000
59242  2.241  -14.577  82.449 0.0000000000
60327  2.038  -14.739  84.332 0.0000000000
60338  2.098  -14.229  83.542 0.0000000000
127005  2.083  -14.458  84.041 0.0000000000
129945  9.561  -25.828  92.269 0.0000000000
132091  1.979  -15.518  82.108 0.0000000000
132117  1.658  -14.441  83.403 0.0000000000
132520  -0.477  -21.687  76.862 0.0000000000
136646  1.260  -14.566  84.868 0.0000000000
137865  10.636  -26.606  91.964 0.0000000000
143276  5.616  -29.200  78.091 0.0000000000
147454  4.005  -15.636  79.695 0.0000000000
149692  9.984  -25.472  91.945 0.0000000000
