#Insight Transform File V1.0
#Transform 0
Transform: AffineTransform_float_3_3
Parameters: 0.999999 -0.00089096 -0.000970877 0.000893041 0.999998 0.00210314 0.000969124 -0.00210387 0.999998 0.035286 0.00884101 0.094009
FixedParameters: 0 0 0

#Transform 1
Transform: AffineTransform_float_3_3
Parameters: 0.999999 -0.00120209 0.000349703 0.00120191 0.999999 0.000247421 -0.000350297 -0.000246579 1 0.058957 -0.00883914 -0.0942554
FixedParameters: 0 0 0

#Transform 2
Transform: AffineTransform_float_3_3
Parameters: 0.999999 -0.000757559 0.00170775 0.000756441 0.999999 0.000328292 -0.00170725 -0.000326707 0.999998 0.10022 0.0142481 -0.147343
FixedParameters: 0 0 0

#Transform 3
Transform: AffineTransform_float_3_3
Parameters: 1 -0.000914144 0.000728568 0.000912857 0.999999 0.00156767 -0.000730432 -0.00156733 0.999998 0.0588821 0.0297112 -0.0642561
FixedParameters: 0 0 0

#Transform 4
Transform: AffineTransform_float_3_3
Parameters: 0.999999 -0.000593942 0.000729233 0.000593056 0.999999 0.00129243 -0.000730766 -0.00129157 0.999999 0.00162594 -0.000319269 -0.101405
FixedParameters: 0 0 0

#Transform 5
Transform: AffineTransform_float_3_3
Parameters: 1 -0.000490472 0.000181729 0.000490526 0.999996 0.00259209 -0.000183272 -0.00259191 0.999996 0.028607 0.0159327 0.00823883
FixedParameters: 0 0 0

#Transform 6
Transform: AffineTransform_float_3_3
Parameters: 0.999999 -0.000722078 3.33523e-05 0.00072192 0.999997 0.00228203 -3.56475e-05 -0.00228198 0.999998 0.0232434 0.00903408 0.00966537
FixedParameters: 0 0 0

#Transform 7
Transform: AffineTransform_float_3_3
Parameters: 1 -0.000778789 -0.000679391 0.000780211 0.999998 0.00178447 0.000677609 -0.00178453 0.999998 0.00204207 0.00832167 -0.0190308
FixedParameters: 0 0 0

#Transform 8
Transform: AffineTransform_float_3_3
Parameters: 1 -0.000785056 -0.000598242 0.000785947 0.999999 0.00158053 0.000597758 -0.00158147 0.999998 0.0070407 0.00878519 -0.0247151
FixedParameters: 0 0 0

#Transform 9
Transform: AffineTransform_float_3_3
Parameters: 0.999999 -0.00120866 -0.000328266 0.00120934 0.999998 0.0010466 0.000326734 -0.0010474 1 0.0266756 0.0067089 -0.0760291
FixedParameters: 0 0 0

#Transform 10
Transform: AffineTransform_float_3_3
Parameters: 0.999999 -0.000650076 -0.0007508 0.000650924 0.999999 0.00123051 0.000750199 -0.00123149 0.999999 0.0388708 0.00984138 -0.0681791
FixedParameters: 0 0 0

#Transform 11
Transform: AffineTransform_float_3_3
Parameters: 0.999999 -0.000473076 -0.000750583 0.000473923 0.999999 0.00123064 0.000749417 -0.00123136 0.999999 0.000867797 -0.00698661 -0.0188971
FixedParameters: 0 0 0

#Transform 12
Transform: AffineTransform_float_3_3
Parameters: 0.999999 -0.000729157 -0.000596032 0.000729842 0.999998 0.00141456 0.000594967 -0.00141543 0.999999 0.015316 0.00503737 -0.00992892
FixedParameters: 0 0 0

#Transform 13
Transform: AffineTransform_float_3_3
Parameters: 0.999999 -0.000333447 -0.000750691 0.000335554 0.999998 0.00206975 0.000750306 -0.00207025 0.999997 0.0225517 0.00561668 0.00616673
FixedParameters: 0 0 0

#Transform 14
Transform: AffineTransform_float_3_3
Parameters: 1 -0.000219711 -0.00101528 0.000220291 0.999999 0.00127078 0.00101572 -0.00127022 0.999998 0.0127398 0.00568078 0.0284572
FixedParameters: 0 0 0

#Transform 15
Transform: AffineTransform_float_3_3
Parameters: 0.999999 -0.000281085 -0.000750343 0.000281915 0.999999 0.00121979 0.000749656 -0.00122021 0.999999 0.0326644 0.00351328 0.00520378
FixedParameters: 0 0 0

#Transform 16
Transform: AffineTransform_float_3_3
Parameters: 0.999999 -0.000311863 -0.00121029 0.000313138 0.999999 0.000939621 0.00121071 -0.000939378 0.999999 0.0133493 0.00156968 0.0103879
FixedParameters: 0 0 0

#Transform 17
Transform: AffineTransform_float_3_3
Parameters: 1 -0.000307412 -0.00115516 0.000308589 1 0.000509644 0.00115484 -0.000509355 0.999999 0.000823853 -0.00624396 -0.0506694
FixedParameters: 0 0 0

#Transform 18
Transform: AffineTransform_float_3_3
Parameters: 0.999999 -0.000902021 -8.67762e-05 0.000901978 0.999999 -0.000248078 8.72236e-05 0.000247921 1 0.0269758 0.000839454 -0.0501367
FixedParameters: 0 0 0

#Transform 19
Transform: AffineTransform_float_3_3
Parameters: 1 -0.000350996 0.000154008 0.000351004 1 -2.39459e-05 -0.000153992 2.40541e-05 1 0.0391767 0.0131776 -0.0479748
FixedParameters: 0 0 0

#Transform 20
Transform: AffineTransform_float_3_3
Parameters: 1 -0.000351001 -0.000206999 0.000350999 1 -3.07266e-06 0.000207001 2.92734e-06 1 0.0160724 -0.00212705 -0.0308903
FixedParameters: 0 0 0

#Transform 21
Transform: AffineTransform_float_3_3
Parameters: 0.999999 -3.02722e-05 -0.000802989 3.07278e-05 1 -0.000339025 0.00080301 0.000338976 0.999999 0.0133056 -0.00584175 -0.0018368
FixedParameters: 0 0 0

#Transform 22
Transform: AffineTransform_float_3_3
Parameters: 1 -0.000467135 -0.000262759 0.000466864 1 -0.000516123 0.000263241 0.000515877 1 0.00526133 -0.000767749 0.0185078
FixedParameters: 0 0 0

#Transform 23
Transform: AffineTransform_float_3_3
Parameters: 0.999999 -0.000514632 -0.000517372 0.000514368 0.999999 -0.00122127 0.000517628 0.00122073 0.999999 0.0128022 -0.00344873 -0.0267101
FixedParameters: 0 0 0

#Transform 24
Transform: AffineTransform_float_3_3
Parameters: 0.999999 -0.00071237 -0.000408355 0.00071263 1 -0.000905291 0.000409645 0.000905708 0.999999 0.0011573 0.000557294 -0.0438878
FixedParameters: 0 0 0

#Transform 25
Transform: AffineTransform_float_3_3
Parameters: 1 -0.000303152 -0.000350868 0.000302848 1 -0.000434106 0.000351131 0.000433893 1 0.000791717 0.00519411 -0.0130258
FixedParameters: 0 0 0

#Transform 26
Transform: AffineTransform_float_3_3
Parameters: 1 -0.000166643 -0.000420141 0.000167356 0.999999 0.000848929 0.000419858 -0.000849069 0.999999 0.000594456 0.00942954 0.121281
FixedParameters: 0 0 0

#Transform 27
Transform: AffineTransform_float_3_3
Parameters: 1 -0.000325859 -0.000263175 0.000326141 1 0.000535914 0.000262825 -0.000536085 1 0.000715251 0.0157828 0.128485
FixedParameters: 0 0 0

#Transform 28
Transform: AffineTransform_float_3_3
Parameters: 0.999998 -0.0013061 0.00105618 0.0013029 0.999995 0.00293038 -0.00105982 -0.00292862 0.999995 0.0544734 0.0305654 0.0862699
FixedParameters: 0 0 0

#Transform 29
Transform: AffineTransform_float_3_3
Parameters: 0.999999 -0.000913911 0.000385848 0.00091209 0.999997 0.00235635 -0.00038715 -0.00235565 0.999997 0.0382648 0.0239855 0.0796118
FixedParameters: 0 0 0

#Transform 30
Transform: AffineTransform_float_3_3
Parameters: 1 -0.00112638 0.000307617 0.00112662 0.999998 0.00122835 -0.000309384 -0.00122765 0.999999 0.0384342 0.0159913 0.0767779
FixedParameters: 0 0 0

#Transform 31
Transform: AffineTransform_float_3_3
Parameters: 1 -0.00109941 0.000446004 0.0010986 0.999999 0.000906491 -0.000446997 -0.00090651 1 0.0250235 0.00999089 0.124241
FixedParameters: 0 0 0

#Transform 32
Transform: AffineTransform_float_3_3
Parameters: 0.999999 -0.000584716 0.00044737 0.000585283 0.999999 -0.000633738 -0.000446629 0.000634261 0.999999 0.0560807 0.0020926 0.0153632
FixedParameters: 0 0 0

#Transform 33
Transform: AffineTransform_float_3_3
Parameters: 1 -6.20607e-05 -0.000103964 6.19392e-05 1 -0.000584006 0.000104036 0.000583993 1 0.0533362 2.9647e-05 0.0309886
FixedParameters: 0 0 0

#Transform 34
Transform: AffineTransform_float_3_3
Parameters: 1 -0.000198005 1.19133e-05 0.000197995 1 0.000438002 -1.20867e-05 -0.000437998 1 0.00292222 0.0345719 0.0312026
FixedParameters: 0 0 0

#Transform 35
Transform: AffineTransform_float_3_3
Parameters: 1 -0.000500017 0.000122929 0.000499982 1 0.000142061 -0.000123071 -0.000141938 1 0.0380654 0.00490278 0.071313
FixedParameters: 0 0 0

#Transform 36
Transform: AffineTransform_float_3_3
Parameters: 0.999999 -0.000855966 -0.000181159 0.000856033 0.999999 0.000185845 0.000180841 -0.000186155 1 0.0103852 0.0340351 0.0936988
FixedParameters: 0 0 0

#Transform 37
Transform: AffineTransform_float_3_3
Parameters: 0.999999 -0.00084392 -0.00048014 0.000844079 0.999999 0.000165595 0.000479859 -0.000166405 1 0.000856949 0.0313172 0.127072
FixedParameters: 0 0 0

#Transform 38
Transform: AffineTransform_float_3_3
Parameters: 0.999999 -0.00138406 -9.91653e-05 0.00138394 0.999999 -0.000603138 0.000100834 0.000602861 1 0.0161537 0.0218207 0.0964403
FixedParameters: 0 0 0

#Transform 39
Transform: AffineTransform_float_3_3
Parameters: 1 -0.0011033 -0.000503334 0.0011027 0.999999 -0.000603555 0.000504666 0.000603444 0.999999 -0.0075247 0.00962816 0.16582
FixedParameters: 0 0 0

#Transform 40
Transform: AffineTransform_float_3_3
Parameters: 0.999999 -0.000891872 0.000116978 0.000891127 0.999999 -0.0010969 -0.000116023 0.0010961 1 0.0218449 0.0179414 0.0946995
FixedParameters: 0 0 0

#Transform 41
Transform: AffineTransform_float_3_3
Parameters: 0.999999 -0.000895961 7.24784e-05 0.000896038 1 -0.000533935 -7.15215e-05 0.000534064 1 -0.00172042 0.0180537 0.107723
FixedParameters: 0 0 0

#Transform 42
Transform: AffineTransform_float_3_3
Parameters: 0.999999 -0.000881952 5.97187e-05 0.000882049 1 -0.000814948 -5.92811e-05 0.000815053 0.999999 -0.0166269 0.00495622 0.150184
FixedParameters: 0 0 0

#Transform 43
Transform: AffineTransform_float_3_3
Parameters: 0.999999 -0.00084183 0.000193742 0.00084217 1 -0.000880837 -0.000193258 0.000881163 0.999999 -0.0166247 0.00792864 0.216122
FixedParameters: 0 0 0

#Transform 44
Transform: AffineTransform_float_3_3
Parameters: 0.999999 -0.000468726 0.00116251 0.000469275 1 -0.00109646 -0.00116249 0.00109655 0.999998 0.0240778 0.00913293 0.190693
FixedParameters: 0 0 0

#Transform 45
Transform: AffineTransform_float_3_3
Parameters: 0.999998 -0.000416425 0.0015337 0.000418576 0.999999 -0.00167936 -0.0015333 0.00167964 0.999998 0.0543301 0.0164978 0.216806
FixedParameters: 0 0 0

#Transform 46
Transform: AffineTransform_float_3_3
Parameters: 1 -0.000208623 0.000992291 0.000209377 0.999999 -0.00138779 -0.00099171 0.00138821 0.999998 0.0349137 0.0156378 0.232465
FixedParameters: 0 0 0

#Transform 47
Transform: AffineTransform_float_3_3
Parameters: 0.999999 -0.000458118 0.000726557 0.000458883 0.999999 -0.00121467 -0.000726443 0.00121433 0.999999 0.0185762 0.00602361 0.243565
FixedParameters: 0 0 0

#Transform 48
Transform: AffineTransform_float_3_3
Parameters: 1 -0.000836381 0.000662783 0.000836621 0.999999 -0.000935447 -0.000662218 0.000935555 1 0.0155575 0.0235918 0.198753
FixedParameters: 0 0 0

#Transform 49
Transform: AffineTransform_float_3_3
Parameters: 1 -0.000662224 0.000941548 0.000662777 1 -0.000825377 -0.000940454 0.000825624 0.999999 0.0197055 0.0210282 0.0905367
FixedParameters: 0 0 0

#Transform 50
Transform: AffineTransform_float_3_3
Parameters: 0.999998 -0.00126702 0.00100398 0.00126698 0.999999 2.02721e-05 -0.00100402 -1.87279e-05 1 -0.00219407 0.042426 0.1146
FixedParameters: 0 0 0

#Transform 51
Transform: AffineTransform_float_3_3
Parameters: 1 -0.000880132 0.000846863 0.000879868 0.999999 0.000155745 -0.000846137 -0.000155255 0.999999 -0.00938243 0.027913 0.130882
FixedParameters: 0 0 0

#Transform 52
Transform: AffineTransform_float_3_3
Parameters: 0.999999 -0.00142516 0.000663658 0.00142484 0.999999 0.000239946 -0.000664341 -0.000239053 1 -0.0021691 0.0327582 0.13933
FixedParameters: 0 0 0

#Transform 53
Transform: AffineTransform_float_3_3
Parameters: 0.999999 -0.00140026 0.000693465 0.00139973 0.999999 0.000381971 -0.000694534 -0.000381028 0.999999 -0.00889391 0.0355612 0.16693
FixedParameters: 0 0 0

#Transform 54
Transform: AffineTransform_float_3_3
Parameters: 0.999998 -0.00189731 0.00122707 0.00189769 0.999998 -0.000562673 -0.00122593 0.000565327 0.999999 -0.00300034 0.0472296 0.0853624
FixedParameters: 0 0 0

#Transform 55
Transform: AffineTransform_float_3_3
Parameters: 0.999998 -0.00137874 0.00150016 0.00138026 0.999998 -0.00084193 -0.00149884 0.000844068 0.999998 -0.0108945 0.0400476 0.081765
FixedParameters: 0 0 0

#Transform 56
Transform: AffineTransform_float_3_3
Parameters: 0.999999 -0.00133791 0.00074816 0.00133709 0.999999 -0.000119 -0.00074884 0.000120002 0.999999 -0.0268874 0.027833 0.148802
FixedParameters: 0 0 0

#Transform 57
Transform: AffineTransform_float_3_3
Parameters: 0.999998 -0.00152593 0.000694142 0.00152606 0.999999 -9.29408e-05 -0.000693857 9.40589e-05 1 -0.0147364 0.0303797 0.167891
FixedParameters: 0 0 0

#Transform 58
Transform: AffineTransform_float_3_3
Parameters: 0.999999 -0.00141501 2.54099e-05 0.00141499 0.999999 0.000417036 -2.559e-05 -0.000416964 1 -0.0383489 0.0215327 0.167173
FixedParameters: 0 0 0

#Transform 59
Transform: AffineTransform_float_3_3
Parameters: 0.999998 -0.00187401 0.000190951 0.001874 0.999998 2.63579e-05 -0.00019105 -2.6642e-05 1 -0.0525843 0.0327352 0.162489
FixedParameters: 0 0 0

#Transform 60
Transform: AffineTransform_float_3_3
Parameters: 0.999998 -0.00168286 -0.000235982 0.00168314 0.999999 0.000583604 0.000235017 -0.000584396 1 -0.0533925 0.0287264 0.184001
FixedParameters: 0 0 0

#Transform 61
Transform: AffineTransform_float_3_3
Parameters: 0.999997 -0.00245576 -0.000579027 0.00245624 0.999997 0.000417579 0.000577974 -0.000418421 0.999999 -0.0863506 0.0469295 0.205269
FixedParameters: 0 0 0

#Transform 62
Transform: AffineTransform_float_3_3
Parameters: 0.999998 -0.00218657 -0.000675402 0.00218643 0.999998 0.000640525 0.000673599 -0.000641475 0.999999 -0.0865738 0.0370044 0.186233
FixedParameters: 0 0 0

#Transform 63
Transform: AffineTransform_float_3_3
Parameters: 0.999997 -0.00210669 -0.000595662 0.00210731 0.999996 0.00221175 0.000591339 -0.00221325 0.999998 -0.0404261 0.0649272 0.198199
FixedParameters: 0 0 0

#Transform 64
Transform: AffineTransform_float_3_3
Parameters: 0.999998 -0.00199045 -0.00065871 0.00199155 0.999995 0.00236469 0.00065429 -0.00236631 0.999997 -0.0658573 0.0467383 0.213811
FixedParameters: 0 0 0

#Transform 65
Transform: AffineTransform_float_3_3
Parameters: 0.999998 -0.00187734 -0.000414998 0.00187766 0.999997 0.00159622 0.000412001 -0.00159778 0.999998 -0.0706926 0.0356452 0.194899
FixedParameters: 0 0 0

#Transform 66
Transform: AffineTransform_float_3_3
Parameters: 0.999998 -0.00193206 -0.000522485 0.00193294 0.999997 0.001803 0.000518515 -0.00180401 0.999998 -0.0632743 0.031529 0.190642
FixedParameters: 0 0 0

#Transform 67
Transform: AffineTransform_float_3_3
Parameters: 0.999998 -0.0018656 0.000857699 0.0018654 0.999998 0.000698602 -0.000859301 -0.000696399 1 -0.00187884 0.0367114 0.0303155
FixedParameters: 0 0 0

#Transform 68
Transform: AffineTransform_float_3_3
Parameters: 0.999998 -0.00101992 0.00121004 0.00101408 0.999987 0.00488223 -0.00121496 -0.00488077 0.999988 0.0142409 0.0877584 0.104452
FixedParameters: 0 0 0

#Transform 69
Transform: AffineTransform_float_3_3
Parameters: 0.999999 -0.000935447 8.94351e-05 0.000935554 0.999987 0.00488108 -9.35675e-05 -0.00488091 0.999988 -0.00585084 0.065138 0.0648101
FixedParameters: 0 0 0

#Transform 70
Transform: AffineTransform_float_3_3
Parameters: 1 -0.00114245 8.84248e-05 0.00114256 0.999988 0.00488111 -9.35779e-05 -0.0048809 0.999988 -0.0315583 0.0560636 0.0886262
FixedParameters: 0 0 0

#Transform 71
Transform: AffineTransform_float_3_3
Parameters: 0.999998 -0.00136178 -0.000943665 0.00136422 0.999993 0.00342172 0.000938336 -0.00342328 0.999993 -0.0403198 0.0463715 0.0992405
FixedParameters: 0 0 0

#Transform 72
Transform: AffineTransform_float_3_3
Parameters: 0.999999 -0.00137423 -0.00107684 0.00137778 0.999993 0.00351352 0.00107217 -0.00351448 0.999993 -0.0313132 0.0469427 0.0621312
FixedParameters: 0 0 0

#Transform 73
Transform: AffineTransform_float_3_3
Parameters: 0.999998 -0.00156341 -0.00126071 0.00156859 0.999992 0.00364903 0.00125528 -0.00365097 0.999992 -0.0440331 0.0488887 0.0370008
FixedParameters: 0 0 0

#Transform 74
Transform: AffineTransform_float_3_3
Parameters: 0.999998 -0.00184917 -0.00126211 0.00185384 0.999991 0.00383767 0.00125589 -0.00384033 0.999992 -0.0664588 0.0519114 0.0805551
FixedParameters: 0 0 0

#Transform 75
Transform: AffineTransform_float_3_3
Parameters: 0.999997 -0.00238852 -0.00126351 0.00239248 0.999991 0.00355799 0.00125549 -0.00356101 0.999993 -0.0706992 0.0525186 0.0851831
FixedParameters: 0 0 0

#Transform 76
Transform: AffineTransform_float_3_3
Parameters: 0.999995 -0.00227259 -0.00194451 0.00227941 0.999992 0.00329858 0.00193748 -0.00330342 0.999992 -0.0274738 0.0473706 -0.0096494
FixedParameters: 0 0 0

#Transform 77
Transform: AffineTransform_float_3_3
Parameters: 0.999995 -0.00274753 -0.00194758 0.00275447 0.999989 0.00384366 0.00193742 -0.00384934 0.99999 -0.0691259 0.0464924 -0.0379962
FixedParameters: 0 0 0

#Transform 78
Transform: AffineTransform_float_3_3
Parameters: 0.999997 -0.00240097 -0.00113471 0.00240603 0.999987 0.00445329 0.00112329 -0.00445572 0.99999 -0.0968099 0.0643809 -0.00496568
FixedParameters: 0 0 0

#Transform 79
Transform: AffineTransform_float_3_3
Parameters: 0.999995 -0.00282641 -0.0007703 0.00283059 0.999985 0.00470184 0.000757698 -0.00470316 0.999988 -0.115288 0.049636 0.0228105
FixedParameters: 0 0 0

#Transform 80
Transform: AffineTransform_float_3_3
Parameters: 0.999994 -0.00322703 -0.00115794 0.00323197 0.999986 0.00431429 0.00114406 -0.00431772 0.99999 -0.114455 0.0528913 0.0309036
FixedParameters: 0 0 0

#Transform 81
Transform: AffineTransform_float_3_3
Parameters: 0.999994 -0.00321431 -0.00128928 0.00321969 0.999985 0.00443688 0.00127472 -0.00444113 0.99999 -0.136229 0.0378167 -0.0342718
FixedParameters: 0 0 0

#Transform 82
Transform: AffineTransform_float_3_3
Parameters: 0.999994 -0.00301759 -0.00173917 0.00302341 0.999988 0.00369576 0.00172783 -0.00370123 0.999991 -0.140329 0.0390841 -0.0621184
FixedParameters: 0 0 0

#Transform 83
Transform: AffineTransform_float_3_3
Parameters: 0.999996 -0.00282857 -0.00117868 0.00283342 0.999989 0.00377068 0.00116732 -0.00377432 0.999992 -0.147094 0.0415127 -0.132016
FixedParameters: 0 0 0

#Transform 84
Transform: AffineTransform_float_3_3
Parameters: 0.999996 -0.00299668 -0.000647814 0.00299932 0.999989 0.00360607 0.000637186 -0.00360793 0.999994 -0.132104 0.0230098 -0.138403
FixedParameters: 0 0 0

#Transform 85
Transform: AffineTransform_float_3_3
Parameters: 0.999997 -0.00253824 -0.000159637 0.00253977 0.999985 0.00497761 0.000147358 -0.00497839 0.999987 -0.128621 0.0521564 0.0828738
FixedParameters: 0 0 0

#Transform 86
Transform: AffineTransform_float_3_3
Parameters: 0.999997 -0.00236346 0.000259044 0.00236255 0.999982 0.00548363 -0.000271957 -0.00548237 0.999985 -0.148516 0.0495868 0.144575
FixedParameters: 0 0 0

#Transform 87
Transform: AffineTransform_float_3_3
Parameters: 0.999998 -0.00214138 0.000788898 0.00213862 0.999988 0.0042547 -0.000798105 -0.0042533 0.99999 -0.143578 0.0385472 0.0791223
FixedParameters: 0 0 0

#Transform 88
Transform: AffineTransform_float_3_3
Parameters: 0.999998 -0.00200838 0.0010416 0.00200363 0.999989 0.0041881 -0.0010494 -0.0041859 0.99999 -0.129324 0.0583892 0.134871
FixedParameters: 0 0 0

#Transform 89
Transform: AffineTransform_float_3_3
Parameters: 0.999997 -0.00197605 0.000909251 0.00197195 0.999988 0.0044328 -0.000918748 -0.00443119 0.99999 -0.134123 0.0529958 0.163911
FixedParameters: 0 0 0

#Transform 90
Transform: AffineTransform_float_3_3
Parameters: 0.999998 -0.00198361 0.00107957 0.00197839 0.999989 0.00425515 -0.00108843 -0.00425285 0.999991 -0.141032 0.0465663 0.163737
FixedParameters: 0 0 0

#Transform 91
Transform: AffineTransform_float_3_3
Parameters: 0.999996 -0.00233501 0.00165213 0.00232799 0.999989 0.00423286 -0.00166186 -0.00422914 0.999989 -0.11777 0.0638253 0.113657
FixedParameters: 0 0 0

#Transform 92
Transform: AffineTransform_float_3_3
Parameters: 0.999996 -0.00238245 0.00139171 0.00237755 0.999989 0.00390632 -0.0014003 -0.00390368 0.999992 -0.120541 0.0635608 0.153356
FixedParameters: 0 0 0

#Transform 93
Transform: AffineTransform_float_3_3
Parameters: 0.999999 -0.00168652 0.000753387 0.00168348 0.999993 0.00333127 -0.000759613 -0.00333073 0.999994 -0.0994659 0.0540942 0.181475
FixedParameters: 0 0 0

#Transform 94
Transform: AffineTransform_float_3_3
Parameters: 0.999996 -0.00211422 0.00153758 0.00211078 0.999995 0.00209325 -0.00154142 -0.00208975 0.999996 -0.0784048 0.0611544 0.141356
FixedParameters: 0 0 0

#Transform 95
Transform: AffineTransform_float_3_3
Parameters: 0.999998 -0.00178047 0.00144551 0.00177553 0.999993 0.00308957 -0.00145149 -0.00308742 0.999994 -0.0859498 0.0610094 0.160534
FixedParameters: 0 0 0

#Transform 96
Transform: AffineTransform_float_3_3
Parameters: 0.999995 -0.00263841 0.00138273 0.00263259 0.999989 0.00389866 -0.00139327 -0.00389534 0.999991 -0.108549 0.062205 0.167486
FixedParameters: 0 0 0

#Transform 97
Transform: AffineTransform_float_3_3
Parameters: 0.999994 -0.00192943 0.00310208 0.00191458 0.999988 0.00464597 -0.00311093 -0.00464003 0.999985 -0.0417529 0.112353 0.190456
FixedParameters: 0 0 0

#Transform 98
Transform: AffineTransform_float_3_3
Parameters: 0.999992 -0.00157059 0.00366709 0.00155141 0.999986 0.00506773 -0.00367491 -0.00506227 0.999981 -0.0562385 0.113758 0.121437
FixedParameters: 0 0 0

#Transform 99
Transform: AffineTransform_float_3_3
Parameters: 0.999994 -0.00206439 0.00275576 0.00205161 0.999988 0.00449068 -0.00276523 -0.00448432 0.999986 -0.0685564 0.08167 0.0666399
FixedParameters: 0 0 0

#Transform 100
Transform: AffineTransform_float_3_3
Parameters: 0.999994 -0.00203329 0.00275671 0.0020217 0.999989 0.00409359 -0.00276529 -0.0040874 0.999988 -0.0883825 0.077696 0.0662862
FixedParameters: 0 0 0

#Transform 101
Transform: AffineTransform_float_3_3
Parameters: 0.999994 -0.00257229 0.00257182 0.00255571 0.999975 0.00670562 -0.00258919 -0.00669839 0.999974 -0.087836 0.084972 0.0879179
FixedParameters: 0 0 0

#Transform 102
Transform: AffineTransform_float_3_3
Parameters: 0.999994 -0.0024717 0.00236772 0.0024563 0.999975 0.00661086 -0.00238428 -0.00660515 0.999976 -0.0957994 0.0806388 0.0905229
FixedParameters: 0 0 0

#Transform 103
Transform: AffineTransform_float_3_3
Parameters: 0.999994 -0.00241238 0.00274985 0.00239562 0.999977 0.00630563 -0.00276516 -0.00629938 0.999977 -0.082921 0.0921009 0.124813
FixedParameters: 0 0 0

#Transform 104
Transform: AffineTransform_float_3_3
Parameters: 0.999993 -0.00226823 0.00275252 0.00225276 0.999982 0.00552524 -0.00276548 -0.00551876 0.999981 -0.0934709 0.0829591 0.106954
FixedParameters: 0 0 0

#Transform 105
Transform: AffineTransform_float_3_3
Parameters: 0.999994 -0.00202915 0.00288108 0.00201484 0.999986 0.00490683 -0.00289191 -0.00490116 0.999984 -0.101883 0.0685857 0.10492
FixedParameters: 0 0 0

#Transform 106
Transform: AffineTransform_float_3_3
Parameters: 0.999991 -0.00226142 0.00343023 0.00224558 0.999986 0.00478174 -0.00344177 -0.00477426 0.999982 -0.0866774 0.061879 0.1177
FixedParameters: 0 0 0

#Transform 107
Transform: AffineTransform_float_3_3
Parameters: 0.999993 -0.00191989 0.00316161 0.00190611 0.999988 0.00439006 -0.00316939 -0.00438394 0.999986 -0.112583 0.0636367 0.140804
FixedParameters: 0 0 0

#Transform 108
Transform: AffineTransform_float_3_3
Parameters: 0.999993 -0.00177514 0.00327337 0.00176186 0.999989 0.0043168 -0.00328163 -0.00431121 0.999986 -0.0846013 0.0573749 0.134904
FixedParameters: 0 0 0

#Transform 109
Transform: AffineTransform_float_3_3
Parameters: 0.999992 -0.00193276 0.00356404 0.00191824 0.999989 0.00413987 -0.00357197 -0.00413313 0.999985 -0.0778802 0.0632527 0.192895
FixedParameters: 0 0 0

#Transform 110
Transform: AffineTransform_float_3_3
Parameters: 0.999995 -0.00160063 0.00252191 0.00159137 0.999992 0.00381603 -0.00252809 -0.00381197 0.99999 -0.0918807 0.0583493 0.257894
FixedParameters: 0 0 0

#Transform 111
Transform: AffineTransform_float_3_3
Parameters: 0.999995 -0.00174557 0.00258791 0.00173843 0.999994 0.00292451 -0.00259309 -0.00291949 0.999993 -0.0782581 0.0460521 0.154492
FixedParameters: 0 0 0

#Transform 112
Transform: AffineTransform_float_3_3
Parameters: 0.999995 -0.00153449 0.00253047 0.00152751 0.999995 0.00296088 -0.00253453 -0.00295713 0.999993 -0.0759273 0.0555469 0.201075
FixedParameters: 0 0 0

#Transform 113
Transform: AffineTransform_float_3_3
Parameters: 0.999997 -0.00139802 0.00206927 0.00139098 0.999994 0.00339289 -0.00207373 -0.00338911 0.999992 -0.093715 0.0469113 0.225876
FixedParameters: 0 0 0

#Transform 114
Transform: AffineTransform_float_3_3
Parameters: 0.999997 -0.00134609 0.00195883 0.00133991 0.999995 0.00310564 -0.00196317 -0.00310337 0.999994 -0.0868424 0.0523644 0.201623
FixedParameters: 0 0 0

#Transform 115
Transform: AffineTransform_float_3_3
Parameters: 0.999995 -0.00172684 0.00258211 0.00172117 0.999996 0.00226046 -0.0025859 -0.00225655 0.999994 -0.066105 0.0513507 0.14629
FixedParameters: 0 0 0

#Transform 116
Transform: AffineTransform_float_3_3
Parameters: 0.999996 -0.00149537 0.00208044 0.00148863 0.999994 0.00305811 -0.00208556 -0.00305489 0.999993 -0.0820471 0.0554247 0.208423
FixedParameters: 0 0 0

#Transform 117
Transform: AffineTransform_float_3_3
Parameters: 0.999997 -0.00155062 0.00154738 0.00154638 0.999995 0.0029844 -0.00155162 -0.0029816 0.999995 -0.0942233 0.0549407 0.171026
FixedParameters: 0 0 0

#Transform 118
Transform: AffineTransform_float_3_3
Parameters: 0.999998 -0.00146646 0.00167725 0.00146154 0.999993 0.00325046 -0.00168176 -0.00324754 0.999994 -0.078972 0.0678577 0.189419
FixedParameters: 0 0 0

#Transform 119
Transform: AffineTransform_float_3_3
Parameters: 0.999998 -0.00149141 0.00167632 0.00148459 0.999991 0.0038175 -0.00168168 -0.0038155 0.999992 -0.0760784 0.0699159 0.239111
FixedParameters: 0 0 0

#Transform 120
Transform: AffineTransform_float_3_3
Parameters: 0.999997 -0.00141673 0.00167718 0.00141127 0.999993 0.00341138 -0.00168182 -0.00340863 0.999993 -0.0726165 0.0631106 0.229092
FixedParameters: 0 0 0

#Transform 121
Transform: AffineTransform_float_3_3
Parameters: 0.999995 -0.00174133 0.00257205 0.00173467 0.999995 0.00284948 -0.00257695 -0.00284453 0.999992 -0.0646265 0.0834733 0.181605
FixedParameters: 0 0 0

#Transform 122
Transform: AffineTransform_float_3_3
Parameters: 0.999997 -0.00108155 0.00217876 0.00107545 0.999995 0.00300335 -0.00218224 -0.00300165 0.999993 -0.0750267 0.0598496 0.259255
FixedParameters: 0 0 0

#Transform 123
Transform: AffineTransform_float_3_3
Parameters: 0.999998 -0.00101956 0.00209279 0.00101544 0.999997 0.00217913 -0.00209522 -0.00217687 0.999996 -0.0652097 0.0626982 0.214966
FixedParameters: 0 0 0

#Transform 124
Transform: AffineTransform_float_3_3
Parameters: 0.999998 -0.0010597 0.00167842 0.0010543 0.999993 0.00339277 -0.00168158 -0.00339022 0.999993 -0.0580674 0.0616579 0.289339
FixedParameters: 0 0 0

#Transform 125
Transform: AffineTransform_float_3_3
Parameters: 0.999998 -0.00101443 0.00167933 0.00100957 0.999996 0.0026357 -0.00168167 -0.0026343 0.999995 -0.0754237 0.0532828 0.21261
FixedParameters: 0 0 0

#Transform 126
Transform: AffineTransform_float_3_3
Parameters: 0.999998 -0.000999586 0.00124814 0.000995416 0.999996 0.00286925 -0.00125086 -0.00286875 0.999995 -0.0811983 0.0504044 0.203879
FixedParameters: 0 0 0

#Transform 127
Transform: AffineTransform_float_3_3
Parameters: 0.999999 -0.00111828 0.00107359 0.00111472 0.999994 0.0030512 -0.0010774 -0.0030498 0.999995 -0.0924217 0.0484541 0.23678
FixedParameters: 0 0 0

#Transform 128
Transform: AffineTransform_float_3_3
Parameters: 0.999998 -0.00153121 0.00167817 0.00152779 0.999995 0.00250457 -0.00168183 -0.00250243 0.999996 -0.085895 0.0682726 0.171934
FixedParameters: 0 0 0

#Transform 129
Transform: AffineTransform_float_3_3
Parameters: 0.999998 -0.00147626 0.0012028 0.00147175 0.999992 0.00353178 -0.0012072 -0.00353022 0.999993 -0.106022 0.0679695 0.26015
FixedParameters: 0 0 0

#Transform 130
Transform: AffineTransform_float_3_3
Parameters: 0.999997 -0.00174767 0.00167819 0.00174433 0.999996 0.00218493 -0.00168181 -0.00218107 0.999996 -0.10053 0.056398 0.165434
FixedParameters: 0 0 0

#Transform 131
Transform: AffineTransform_float_3_3
Parameters: 0.999998 -0.0016857 0.00161009 0.0016813 0.999995 0.00291772 -0.00161491 -0.00291529 0.999995 -0.109255 0.0538653 0.228182
FixedParameters: 0 0 0

#Transform 132
Transform: AffineTransform_float_3_3
Parameters: 0.999997 -0.00143458 0.00167809 0.00142942 0.999996 0.00272941 -0.0016819 -0.00272659 0.999995 -0.115123 0.0588398 0.22704
FixedParameters: 0 0 0

#Transform 133
Transform: AffineTransform_float_3_3
Parameters: 0.999999 -0.00148168 0.000960882 0.00147932 0.999995 0.00278242 -0.000964118 -0.00278057 0.999995 -0.097226 0.0610116 0.261591
FixedParameters: 0 0 0

#Transform 134
Transform: AffineTransform_float_3_3
Parameters: 0.999997 -0.00206179 0.0011922 0.00205821 0.999995 0.00233246 -0.0011978 -0.00232954 0.999996 -0.10735 0.0594161 0.181904
FixedParameters: 0 0 0

#Transform 135
Transform: AffineTransform_float_3_3
Parameters: 0.999998 -0.00159179 0.00119196 0.00158721 0.999993 0.0031729 -0.00119704 -0.0031711 0.999995 -0.117027 0.056899 0.25246
FixedParameters: 0 0 0

#Transform 136
Transform: AffineTransform_float_3_3
Parameters: 0.999998 -0.00173639 0.00119208 0.00173261 0.999994 0.00283907 -0.00119792 -0.00283693 0.999996 -0.112162 0.0554133 0.240518
FixedParameters: 0 0 0

#Transform 137
Transform: AffineTransform_float_3_3
Parameters: 0.999996 -0.00256727 0.00168601 0.00256273 0.999992 0.00311933 -0.001694 -0.00311566 0.999993 -0.103187 0.0660675 0.123087
FixedParameters: 0 0 0

#Transform 138
Transform: AffineTransform_float_3_3
Parameters: 0.999994 -0.00213406 0.00275624 0.00212395 0.999991 0.00364587 -0.00276375 -0.00364012 0.999989 -0.0564573 0.112694 0.125667
FixedParameters: 0 0 0

#Transform 139
Transform: AffineTransform_float_3_3
Parameters: 0.999996 -0.00275023 0.00125982 0.00274577 0.99999 0.00334347 -0.00126918 -0.00334052 0.999993 -0.0623021 0.0896307 0.137208
FixedParameters: 0 0 0

#Transform 140
Transform: AffineTransform_float_3_3
Parameters: 0.999995 -0.00256158 0.00188544 0.00255542 0.999993 0.00295683 -0.00189256 -0.00295217 0.999994 -0.0495796 0.0646922 0.0967692
FixedParameters: 0 0 0

#Transform 141
Transform: AffineTransform_float_3_3
Parameters: 0.999995 -0.00252497 0.00186561 0.00251803 0.99999 0.00372672 -0.00187539 -0.00372228 0.999992 -0.0417704 0.0749897 0.145901
FixedParameters: 0 0 0

#Transform 142
Transform: AffineTransform_float_3_3
Parameters: 0.999996 -0.00237116 0.00188728 0.00236484 0.999992 0.00326048 -0.00189471 -0.00325552 0.999993 -0.0455132 0.068347 0.169162
FixedParameters: 0 0 0

#Transform 143
Transform: AffineTransform_float_3_3
Parameters: 0.999996 -0.00276251 0.000905348 0.00275849 0.999988 0.00385951 -0.000915648 -0.00385649 0.999992 -0.06737 0.0913665 0.16835
FixedParameters: 0 0 0

#Transform 144
Transform: AffineTransform_float_3_3
Parameters: 0.999996 -0.00305034 0.0003763 0.00304966 0.999989 0.00350916 -0.000386702 -0.00350784 0.999994 -0.0881373 0.0741527 0.162135
FixedParameters: 0 0 0

#Transform 145
Transform: AffineTransform_float_3_3
Parameters: 0.999994 -0.00344214 0.000693439 0.00343986 0.99999 0.00307041 -0.000703559 -0.0030676 0.999995 -0.101188 0.0864125 0.176938
FixedParameters: 0 0 0

#Transform 146
Transform: AffineTransform_float_3_3
Parameters: 0.999991 -0.00372111 0.00225605 0.0037119 0.999985 0.00402741 -0.00227095 -0.00401859 0.99999 -0.0694654 0.101654 0.142369
FixedParameters: 0 0 0

#Transform 147
Transform: AffineTransform_float_3_3
Parameters: 0.999993 -0.00322591 0.00225405 0.00321409 0.999981 0.00526728 -0.00227095 -0.00526071 0.999983 -0.0581376 0.0959568 0.182989
FixedParameters: 0 0 0

#Transform 148
Transform: AffineTransform_float_3_3
Parameters: 0.999993 -0.00329665 0.00182567 0.00328635 0.99998 0.00526603 -0.00184232 -0.00525996 0.999984 -0.062891 0.0911824 0.172114
FixedParameters: 0 0 0

#Transform 149
Transform: AffineTransform_float_3_3
Parameters: 0.999995 -0.00278656 0.00141618 0.00277945 0.999986 0.00460996 -0.00142882 -0.00460605 0.999989 -0.0828712 0.0753769 0.192422
FixedParameters: 0 0 0

#Transform 150
Transform: AffineTransform_float_3_3
Parameters: 0.999996 -0.00270651 0.00107269 0.00270249 0.999987 0.00418391 -0.00108431 -0.00418108 0.99999 -0.0787596 0.0790759 0.23552
FixedParameters: 0 0 0

#Transform 151
Transform: AffineTransform_float_3_3
Parameters: 0.999995 -0.00262729 0.00134975 0.00262271 0.999989 0.00390556 -0.00136025 -0.00390244 0.999992 -0.0445066 0.0810091 0.169445
FixedParameters: 0 0 0

#Transform 152
Transform: AffineTransform_float_3_3
Parameters: 0.999995 -0.00282622 0.000891722 0.00282177 0.999985 0.00470253 -0.000905276 -0.00470046 0.999988 -0.0415315 0.0829715 0.192772
FixedParameters: 0 0 0

#Transform 153
Transform: AffineTransform_float_3_3
Parameters: 0.999996 -0.0026728 0.00081869 0.0026692 0.999986 0.0046102 -0.000830311 -0.0046078 0.999989 -0.047499 0.0723102 0.193648
FixedParameters: 0 0 0

#Transform 154
Transform: AffineTransform_float_3_3
Parameters: 0.999994 -0.00306487 0.00174297 0.00305813 0.999987 0.00393335 -0.00175404 -0.00392865 0.99999 -0.00935767 0.0901527 0.22497
FixedParameters: 0 0 0

#Transform 155
Transform: AffineTransform_float_3_3
Parameters: 0.999995 -0.00284913 0.000891919 0.00284487 0.999986 0.00459556 -0.000905078 -0.00459244 0.999989 -0.0442591 0.0819186 0.282158
FixedParameters: 0 0 0

#Transform 156
Transform: AffineTransform_float_3_3
Parameters: 0.999996 -0.00277111 0.000895435 0.00276789 0.99999 0.00345449 -0.000904564 -0.00345251 0.999993 -0.0579892 0.0873366 0.201867
FixedParameters: 0 0 0

#Transform 157
Transform: AffineTransform_float_3_3
Parameters: 0.999995 -0.00293051 0.000474757 0.00292948 0.99999 0.0031554 -0.000484246 -0.00315459 0.999995 -0.0706266 0.0777442 0.207581
FixedParameters: 0 0 0

#Transform 158
Transform: AffineTransform_float_3_3
Parameters: 0.999997 -0.00266665 -0.000135024 0.00266735 0.999993 0.00263365 0.000127974 -0.00263435 0.999996 -0.0694 0.0731078 0.281031
FixedParameters: 0 0 0

#Transform 159
Transform: AffineTransform_float_3_3
Parameters: 0.999995 -0.00291047 0.000220899 0.00290953 0.999993 0.00209665 -0.000227101 -0.00209635 0.999998 -0.0735651 0.0786635 0.286412
FixedParameters: 0 0 0

#Transform 160
Transform: AffineTransform_float_3_3
Parameters: 0.999996 -0.00300413 5.99255e-05 0.00300388 0.999994 0.00202219 -6.60737e-05 -0.00202181 0.999998 -0.0788539 0.0738804 0.305078
FixedParameters: 0 0 0

#Transform 161
Transform: AffineTransform_float_3_3
Parameters: 0.999997 -0.00271274 -0.000159446 0.00271326 0.999995 0.00163857 0.000154555 -0.00163842 0.999998 -0.111755 0.0570621 0.212852
FixedParameters: 0 0 0

#Transform 162
Transform: AffineTransform_float_3_3
Parameters: 0.999995 -0.00283842 0.00128367 0.00283559 0.999994 0.00188065 -0.00128833 -0.00187735 0.999998 -0.0955313 0.0718036 0.204223
FixedParameters: 0 0 0

#Transform 163
Transform: AffineTransform_float_3_3
Parameters: 0.999996 -0.00258701 0.000356764 0.00258599 0.999992 0.00279793 -0.000364236 -0.00279707 0.999996 -0.100193 0.0736119 0.263313
FixedParameters: 0 0 0

#Transform 164
Transform: AffineTransform_float_3_3
Parameters: 0.999997 -0.00240032 0.000134345 0.00240068 0.999995 0.00235633 -0.000139656 -0.00235567 0.999997 -0.101907 0.0671659 0.265544
FixedParameters: 0 0 0

#Transform 165
Transform: AffineTransform_float_3_3
Parameters: 0.999998 -0.00228218 0.000468281 0.00228182 0.999995 0.00250708 -0.000473721 -0.00250593 0.999996 -0.0953572 0.0670174 0.311363
FixedParameters: 0 0 0

#Transform 166
Transform: AffineTransform_float_3_3
Parameters: 0.999997 -0.00250093 0.000449855 0.00250007 0.999995 0.00205813 -0.000455144 -0.00205687 0.999998 -0.101874 0.0754273 0.267457
FixedParameters: 0 0 0

#Transform 167
Transform: AffineTransform_float_3_3
Parameters: 0.999997 -0.00248161 0.000250017 0.00248139 0.999994 0.00241163 -0.000255985 -0.00241137 0.999997 -0.103447 0.0670476 0.284989
FixedParameters: 0 0 0

#Transform 168
Transform: AffineTransform_float_3_3
Parameters: 0.999996 -0.00281102 0.000756539 0.00280898 0.999992 0.00265614 -0.00076446 -0.00265386 0.999996 -0.106079 0.0827657 0.236499
FixedParameters: 0 0 0

#Transform 169
Transform: AffineTransform_float_3_3
Parameters: 0.999997 -0.00263694 0.000336757 0.00263606 0.999993 0.0027479 -0.000344244 -0.0027471 0.999996 -0.10789 0.0880108 0.272103
FixedParameters: 0 0 0

#Transform 170
Transform: AffineTransform_float_3_3
Parameters: 0.999997 -0.00213563 -0.000160004 0.00213637 0.999995 0.00234266 0.000154997 -0.00234234 0.999997 -0.11047 0.0727454 0.306531
FixedParameters: 0 0 0

#Transform 171
Transform: AffineTransform_float_3_3
Parameters: 0.999998 -0.00181388 -0.000546731 0.00181512 0.999996 0.00205601 0.000543268 -0.00205699 0.999997 -0.116912 0.0632683 0.315787
FixedParameters: 0 0 0

#Transform 172
Transform: AffineTransform_float_3_3
Parameters: 0.999998 -0.0020932 0.0001309 0.0020928 0.999996 0.00148128 -0.000134099 -0.00148072 0.999999 -0.073032 0.0905889 0.197937
FixedParameters: 0 0 0

#Transform 173
Transform: AffineTransform_float_3_3
Parameters: 0.999996 -0.00278682 -0.000720403 0.00279018 0.999986 0.00444701 0.000707596 -0.00444899 0.99999 -0.0892433 0.108895 0.289479
FixedParameters: 0 0 0

#Transform 174
Transform: AffineTransform_float_3_3
Parameters: 0.999995 -0.00294016 -0.00115004 0.00294584 0.999982 0.00510764 0.00113497 -0.00511036 0.999987 -0.124981 0.117489 0.295247
FixedParameters: 0 0 0

#Transform 175
Transform: AffineTransform_float_3_3
Parameters: 0.999996 -0.0026007 -0.00097525 0.0026063 0.999981 0.00547247 0.000960749 -0.00547452 0.999984 -0.117567 0.0967174 0.356793
FixedParameters: 0 0 0

#Transform 176
Transform: AffineTransform_float_3_3
Parameters: 0.999996 -0.00285451 -0.000311944 0.00285649 0.999984 0.00488313 0.000298054 -0.00488387 0.999988 -0.102816 0.11302 0.369443
FixedParameters: 0 0 0

#Transform 177
Transform: AffineTransform_float_3_3
Parameters: 0.999995 -0.00289617 -0.000591028 0.00289883 0.999984 0.00484031 0.000576974 -0.00484169 0.999988 -0.103912 0.100921 0.32697
FixedParameters: 0 0 0

#Transform 178
Transform: AffineTransform_float_3_3
Parameters: 0.999997 -0.00264134 -0.00058907 0.00264466 0.999986 0.00456646 0.000576926 -0.00456854 0.99999 -0.111914 0.0941279 0.348333
FixedParameters: 0 0 0

#Transform 179
Transform: AffineTransform_float_3_3
Parameters: 0.999997 -0.00250396 -1.46829e-05 0.00250404 0.99999 0.00386698 4.31688e-06 -0.00386702 0.999992 -0.111336 0.0955374 0.321563
FixedParameters: 0 0 0

#Transform 180
Transform: AffineTransform_float_3_3
Parameters: 0.999996 -0.00271332 0.00059351 0.00271069 0.999989 0.00386862 -0.000603488 -0.00386638 0.999993 -0.113037 0.106976 0.333575
FixedParameters: 0 0 0

#Transform 181
Transform: AffineTransform_float_3_3
Parameters: 0.999996 -0.00253658 0.000502054 0.00253441 0.999992 0.00313428 -0.000509946 -0.00313372 0.999995 -0.117155 0.0899507 0.337232
FixedParameters: 0 0 0

#Transform 182
Transform: AffineTransform_float_3_3
Parameters: 0.999997 -0.00241904 1.18928e-05 0.00241895 0.999993 0.00293804 -1.91069e-05 -0.00293796 0.999995 -0.145128 0.0852009 0.339675
FixedParameters: 0 0 0

#Transform 183
Transform: AffineTransform_float_3_3
Parameters: 0.999997 -0.00237787 -0.000727988 0.00238013 0.999993 0.00293628 0.000721013 -0.00293772 0.999996 -0.152326 0.083985 0.348455
FixedParameters: 0 0 0

#Transform 184
Transform: AffineTransform_float_3_3
Parameters: 0.999998 -0.00161531 0.000595772 0.00161269 0.999992 0.00385897 -0.000602227 -0.00385804 0.999993 -0.109022 0.0962664 0.302718
FixedParameters: 0 0 0

#Transform 185
Transform: AffineTransform_float_3_3
Parameters: 0.999999 -0.00169687 0.000250166 0.00169513 0.999992 0.00343943 -0.000255833 -0.00343957 0.999994 -0.131203 0.0877443 0.351465
FixedParameters: 0 0 0

#Transform 186
Transform: AffineTransform_float_3_3
Parameters: 0.999999 -0.00156263 -0.000144047 0.00156337 0.999996 0.00258978 0.000140951 -0.00259022 0.999996 -0.111137 0.0820816 0.360886
FixedParameters: 0 0 0

#Transform 187
Transform: AffineTransform_float_3_3
Parameters: 0.999998 -0.00153315 -0.000387362 0.00153385 0.999997 0.00219241 0.000383638 -0.00219259 0.999997 -0.128671 0.0617954 0.429928
FixedParameters: 0 0 0

#Transform 188
Transform: AffineTransform_float_3_3
Parameters: 0.999998 -0.0018622 -0.000977443 0.0018638 0.999996 0.00184718 0.000973557 -0.00184882 0.999998 -0.160407 0.0872867 0.476873
FixedParameters: 0 0 0

#Transform 189
Transform: AffineTransform_float_3_3
Parameters: 1 -0.000840516 -0.000548743 0.000841485 1 0.000882539 0.000548258 -0.000883462 1 -0.0882341 0.093516 0.657269
FixedParameters: 0 0 0

#Transform 190
Transform: AffineTransform_float_3_3
Parameters: 1 -0.000105939 -0.000452014 0.000106061 1 0.000134952 0.000451986 -0.000135048 1 -0.0801292 0.0780526 0.627693
FixedParameters: 0 0 0

#Transform 191
Transform: AffineTransform_float_3_3
Parameters: 0.999999 3.86008e-05 -0.000851017 -3.83991e-05 1 -0.000468967 0.000850981 0.000469033 0.999999 -0.104932 0.0842333 0.580971
FixedParameters: 0 0 0

#Transform 192
Transform: AffineTransform_float_3_3
Parameters: 1 -9.49059e-05 -0.00029403 9.50941e-05 1 0.000319972 0.00029397 -0.000320028 1 -0.128257 0.0700944 0.534025
FixedParameters: 0 0 0

#Transform 193
Transform: AffineTransform_float_3_3
Parameters: 0.999999 -0.000541329 -0.00128086 0.000540672 1 -0.000256693 0.00128114 0.000256307 0.999999 -0.12447 0.0581934 0.571773
FixedParameters: 0 0 0

#Transform 194
Transform: AffineTransform_float_3_3
Parameters: 0.999999 -0.000741282 -0.00132784 0.000740717 0.999999 -0.000212984 0.00132816 0.000212016 0.999999 -0.123729 0.0936872 0.587519
FixedParameters: 0 0 0

#Transform 195
Transform: AffineTransform_float_3_3
Parameters: 0.999997 -0.00110037 -0.00193393 0.00110263 0.999999 0.00084387 0.00193307 -0.000846129 0.999998 -0.145812 0.0937579 0.617023
FixedParameters: 0 0 0

#Transform 196
Transform: AffineTransform_float_3_3
Parameters: 0.999999 -0.00039829 -0.00142192 0.000397709 1 -0.000204566 0.00142208 0.000203434 0.999999 -0.123285 0.0827913 0.536925
FixedParameters: 0 0 0

#Transform 197
Transform: AffineTransform_float_3_3
Parameters: 0.999998 -0.000721208 -0.0018773 0.000722792 0.999999 0.000421644 0.0018767 -0.000422354 0.999998 -0.148108 0.0725229 0.577415
FixedParameters: 0 0 0

#Transform 198
Transform: AffineTransform_float_3_3
Parameters: 0.999998 -0.000978936 -0.00201403 0.000979064 0.999999 3.10282e-05 0.00201397 -3.29716e-05 0.999998 -0.158953 0.0748273 0.577216
FixedParameters: 0 0 0

#Transform 199
Transform: AffineTransform_float_3_3
Parameters: 0.999997 -0.00155562 -0.00184048 0.00155438 0.999998 -0.000336862 0.00184052 0.000334138 0.999998 -0.147271 0.0827405 0.525785
FixedParameters: 0 0 0

#Transform 200
Transform: AffineTransform_float_3_3
Parameters: 0.999998 -0.00133289 -0.00180909 0.00133312 0.999999 6.25885e-05 0.00180892 -6.44113e-05 0.999999 -0.15495 0.0671675 0.551607
FixedParameters: 0 0 0

#Transform 201
Transform: AffineTransform_float_3_3
Parameters: 0.999998 -0.00193119 -0.00126224 0.00193181 0.999998 0.000640563 0.00126076 -0.000642436 0.999999 -0.144061 0.0950644 0.393958
FixedParameters: 0 0 0

#Transform 202
Transform: AffineTransform_float_3_3
Parameters: 0.999999 -0.00177205 9.38853e-06 0.00177195 0.999992 0.00373102 -1.66113e-05 -0.00373098 0.999993 -0.102623 0.141355 0.258906
FixedParameters: 0 0 0

#Transform 203
Transform: AffineTransform_float_3_3
Parameters: 0.999999 -0.000711829 0.000109751 0.000711169 0.999972 0.00737807 -0.00011525 -0.00737791 0.999973 -0.0756701 0.157369 0.289498
FixedParameters: 0 0 0

#Transform 204
Transform: AffineTransform_float_3_3
Parameters: 0.999999 -0.0011413 -0.000751192 0.0011457 0.999979 0.00628814 0.00074381 -0.00628885 0.99998 -0.0845652 0.119609 0.285779
FixedParameters: 0 0 0

#Transform 205
Transform: AffineTransform_float_3_3
Parameters: 0.999999 -0.000969919 -0.00106863 0.000975083 0.999988 0.00476496 0.00106437 -0.00476604 0.999988 -0.124909 0.115151 0.322004
FixedParameters: 0 0 0

#Transform 206
Transform: AffineTransform_float_3_3
Parameters: 0.999999 -0.00137254 -0.00126206 0.00137846 0.999986 0.00512927 0.00125495 -0.00513073 0.999986 -0.120927 0.119377 0.358025
FixedParameters: 0 0 0

#Transform 207
Transform: AffineTransform_float_3_3
Parameters: 0.999998 -0.00152607 -0.00130795 0.00153193 0.999988 0.004542 0.00130105 -0.00454399 0.999989 -0.120143 0.115172 0.3523
FixedParameters: 0 0 0

#Transform 208
Transform: AffineTransform_float_3_3
Parameters: 0.999999 -0.000952083 -0.00110937 0.00095592 0.999994 0.00353594 0.00110663 -0.00353706 0.999993 -0.124283 0.0973135 0.361286
FixedParameters: 0 0 0

#Transform 209
Transform: AffineTransform_float_3_3
Parameters: 0.999998 -0.000950713 -0.00163949 0.000954288 0.999996 0.00261544 0.00163751 -0.00261756 0.999995 -0.135907 0.0891729 0.384442
FixedParameters: 0 0 0

#Transform 210
Transform: AffineTransform_float_3_3
Parameters: 0.999999 -0.00057027 -0.00161532 0.000574731 0.999997 0.00230908 0.00161468 -0.00231092 0.999996 -0.138927 0.0886894 0.400311
FixedParameters: 0 0 0

#Transform 211
Transform: AffineTransform_float_3_3
Parameters: 0.999999 -0.000498842 -0.00166865 0.000501158 0.999999 0.00129317 0.00166735 -0.00129383 0.999998 -0.135519 0.0743907 0.386549
FixedParameters: 0 0 0

#Transform 212
Transform: AffineTransform_float_3_3
Parameters: 0.999999 -0.000589632 -0.000768282 0.000590368 0.999999 0.000478546 0.000768717 -0.000478453 0.999999 -0.12366 0.0932058 0.428591
FixedParameters: 0 0 0

#Transform 213
Transform: AffineTransform_float_3_3
Parameters: 0.999999 -2.76015e-05 -0.00137401 2.83984e-05 1 0.000289961 0.00137399 -0.000290038 0.999999 -0.145725 0.0575578 0.458651
FixedParameters: 0 0 0

#Transform 214
Transform: AffineTransform_float_3_3
Parameters: 0.999998 -0.000455643 -0.00188385 0.000454357 1 -0.000341857 0.00188416 0.000341142 0.999998 -0.162686 0.0725023 0.431654
FixedParameters: 0 0 0

#Transform 215
Transform: AffineTransform_float_3_3
Parameters: 0.999998 -0.000564249 -0.00221919 0.000565751 1 0.000337745 0.00221881 -0.000339253 0.999998 -0.172213 0.0711278 0.482754
FixedParameters: 0 0 0

#Transform 216
Transform: AffineTransform_float_3_3
Parameters: 0.999999 -0.000541799 -0.00124409 0.000542201 1 0.000161326 0.00124391 -0.000161674 0.999999 -0.133478 0.0857541 0.413866
FixedParameters: 0 0 0

#Transform 217
Transform: AffineTransform_float_3_3
Parameters: 0.999999 -0.000810779 -0.00113387 0.000812222 0.999999 0.00107708 0.00113313 -0.00107792 0.999999 -0.138308 0.0784908 0.449023
FixedParameters: 0 0 0

#Transform 218
Transform: AffineTransform_float_3_3
Parameters: 0.999999 -0.000600734 -0.00167346 0.000602265 0.999999 0.000755993 0.00167255 -0.000757006 0.999999 -0.143718 0.0710048 0.472395
FixedParameters: 0 0 0

#Transform 219
Transform: AffineTransform_float_3_3
Parameters: 0.999999 -0.000934643 -0.00152722 0.000934358 0.999999 0.000233573 0.00152678 -0.000234427 0.999999 -0.148015 0.0748354 0.470031
FixedParameters: 0 0 0

#Transform 220
Transform: AffineTransform_float_3_3
Parameters: 0.999998 -0.00059897 -0.00157339 0.000600029 0.999999 0.000654056 0.00157261 -0.000654942 0.999998 -0.143759 0.0614624 0.504579
FixedParameters: 0 0 0

#Transform 221
Transform: AffineTransform_float_3_3
Parameters: 0.999998 -0.000819438 -0.00151285 0.000820561 0.999999 0.00103176 0.00151215 -0.00103324 0.999999 -0.119763 0.0784934 0.47907
FixedParameters: 0 0 0

#Transform 222
Transform: AffineTransform_float_3_3
Parameters: 0.999998 -0.000433879 -0.00165156 0.00043612 0.999999 0.00128428 0.00165044 -0.00128472 0.999998 -0.129716 0.0760574 0.493619
FixedParameters: 0 0 0

#Transform 223
Transform: AffineTransform_float_3_3
Parameters: 0.999998 -0.000464957 -0.00185551 0.000467044 1 0.00110114 0.00185549 -0.00110186 0.999997 -0.14223 0.0770309 0.471366
FixedParameters: 0 0 0

#Transform 224
Transform: AffineTransform_float_3_3
Parameters: 0.999998 -0.000539765 -0.00154443 0.000541235 0.999999 0.000799164 0.00154457 -0.000799834 0.999998 -0.128892 0.0650969 0.474553
FixedParameters: 0 0 0

#Transform 225
Transform: AffineTransform_float_3_3
Parameters: 0.999999 -0.000539217 -0.00172756 0.000540784 1 0.00103207 0.00172744 -0.00103293 0.999998 -0.154907 0.0880786 0.514207
FixedParameters: 0 0 0

#Transform 226
Transform: AffineTransform_float_3_3
Parameters: 0.999999 -0.000703439 -0.00118893 0.000705561 0.999999 0.00131316 0.00118807 -0.00131384 0.999999 -0.131082 0.0883674 0.489986
FixedParameters: 0 0 0

#Transform 227
Transform: AffineTransform_float_3_3
Parameters: 0.999998 -0.000441762 -0.00160961 0.000444238 0.999999 0.00139029 0.00160938 -0.00139071 0.999997 -0.138968 0.0872469 0.521701
FixedParameters: 0 0 0

#Transform 228
Transform: AffineTransform_float_3_3
Parameters: 0.999998 -2.58827e-05 -0.00167503 2.81171e-05 0.999999 0.00126395 0.00167496 -0.00126405 0.999998 -0.135953 0.0669148 0.526332
FixedParameters: 0 0 0

#Transform 229
Transform: AffineTransform_float_3_3
Parameters: 0.999998 -0.000464397 -0.00155148 0.000466601 1 0.00103228 0.00155052 -0.00103372 0.999999 -0.147727 0.0848823 0.508092
FixedParameters: 0 0 0

#Transform 230
Transform: AffineTransform_float_3_3
Parameters: 0.999998 -0.000346502 -0.00188265 0.000349498 0.999998 0.00185834 0.00188135 -0.00185865 0.999996 -0.160874 0.0879647 0.516894
FixedParameters: 0 0 0

#Transform 231
Transform: AffineTransform_float_3_3
Parameters: 0.999998 -0.000428415 -0.00165041 0.000429585 1 0.000960293 0.00164959 -0.000960709 0.999998 -0.155018 0.0875653 0.519192
FixedParameters: 0 0 0

#Transform 232
Transform: AffineTransform_float_3_3
Parameters: 0.999997 -0.000470159 -0.0021614 0.00047184 0.999999 0.000850982 0.0021616 -0.000852018 0.999998 -0.156244 0.0941486 0.532675
FixedParameters: 0 0 0

#Transform 233
Transform: AffineTransform_float_3_3
Parameters: 0.999999 -0.000649876 -0.00132106 0.000650124 1 9.31412e-05 0.00132194 -9.38592e-05 0.999999 -0.132686 0.0975094 0.477271
FixedParameters: 0 0 0

#Transform 234
Transform: AffineTransform_float_3_3
Parameters: 0.999998 -0.000531343 -0.00164853 0.000532658 1 0.00100512 0.00164846 -0.00100588 0.999998 -0.151308 0.0949987 0.533676
FixedParameters: 0 0 0

#Transform 235
Transform: AffineTransform_float_3_3
Parameters: 0.999999 -0.00045454 -0.00173438 0.00045646 1 0.00084121 0.00173362 -0.00084279 0.999998 -0.13994 0.0910495 0.527797
FixedParameters: 0 0 0

#Transform 236
Transform: AffineTransform_float_3_3
Parameters: 0.999999 -0.000457134 -0.0017185 0.000458865 1 0.00108521 0.0017175 -0.00108679 0.999998 -0.141451 0.0832596 0.554259
FixedParameters: 0 0 0

#Transform 237
Transform: AffineTransform_float_3_3
Parameters: 0.999999 -0.000449096 -0.00177374 0.000452904 0.999998 0.0016372 0.00177326 -0.0016378 0.999997 -0.144864 0.096187 0.555467
FixedParameters: 0 0 0

#Transform 238
Transform: AffineTransform_float_3_3
Parameters: 0.999997 -0.000534198 -0.00207498 0.0005378 0.999998 0.00183189 0.00207302 -0.00183311 0.999996 -0.145798 0.0804665 0.559241
FixedParameters: 0 0 0

#Transform 239
Transform: AffineTransform_float_3_3
Parameters: 0.999998 -0.000555419 -0.00191875 0.000558582 0.999999 0.00134593 0.00191725 -0.00134607 0.999998 -0.14161 0.0915898 0.51956
FixedParameters: 0 0 0

#Transform 240
Transform: AffineTransform_float_3_3
Parameters: 0.999998 -0.000959172 -0.00130435 0.000960827 0.999998 0.00140075 0.00130365 -0.00140225 0.999998 -0.108387 0.113926 0.52413
FixedParameters: 0 0 0

#Transform 241
Transform: AffineTransform_float_3_3
Parameters: 0.999998 -0.000648909 -0.00155387 0.00065109 0.999999 0.00134499 0.00155312 -0.00134601 0.999998 -0.123351 0.0986141 0.557061
FixedParameters: 0 0 0

#Transform 242
Transform: AffineTransform_float_3_3
Parameters: 0.999998 -0.000575985 -0.00199929 0.000577014 0.999999 0.000506847 0.00199871 -0.000508152 0.999998 -0.134367 0.0900189 0.516339
FixedParameters: 0 0 0

#Transform 243
Transform: AffineTransform_float_3_3
Parameters: 0.999999 -0.000527809 -0.00171967 0.000529192 0.999999 0.00127409 0.00171933 -0.00127491 0.999997 -0.13604 0.0997625 0.562088
FixedParameters: 0 0 0

#Transform 244
Transform: AffineTransform_float_3_3
Parameters: 0.999999 -0.000498979 -0.00166361 0.000501023 0.999999 0.00121517 0.00166339 -0.00121583 0.999998 -0.131778 0.0810774 0.529649
FixedParameters: 0 0 0

#Transform 245
Transform: AffineTransform_float_3_3
Parameters: 0.999998 -0.00063241 -0.00155365 0.00063459 1 0.00102302 0.00155335 -0.00102398 0.999999 -0.119815 0.0890166 0.519126
FixedParameters: 0 0 0

#Transform 246
Transform: AffineTransform_float_3_3
Parameters: 0.999997 -0.000984937 -0.00195404 0.000987063 0.999999 0.00105507 0.00195296 -0.00105693 0.999997 -0.135276 0.0954711 0.513732
FixedParameters: 0 0 0

#Transform 247
Transform: AffineTransform_float_3_3
Parameters: 0.999997 -0.0011421 -0.00214055 0.0011449 0.999999 0.00135355 0.00213945 -0.00135645 0.999997 -0.137401 0.0930597 0.528581
FixedParameters: 0 0 0

#Transform 248
Transform: AffineTransform_float_3_3
Parameters: 0.999997 -0.00108098 -0.00214352 0.00108402 0.999999 0.00140768 0.00214247 -0.00141032 0.999996 -0.142696 0.0906375 0.550425
FixedParameters: 0 0 0

#Transform 249
Transform: AffineTransform_float_3_3
Parameters: 0.999998 -0.0010956 -0.00155399 0.0010974 0.999999 0.000900297 0.00155301 -0.000901703 0.999999 -0.145689 0.102697 0.539931
FixedParameters: 0 0 0

#Transform 250
Transform: AffineTransform_float_3_3
Parameters: 0.999998 -0.000579702 -0.00215962 0.000581298 1 0.00106375 0.00215838 -0.00106525 0.999997 -0.146058 0.0881283 0.541564
FixedParameters: 0 0 0

#Transform 251
Transform: AffineTransform_float_3_3
Parameters: 0.999997 -0.000806978 -0.00200841 0.000808023 1 0.000508379 0.00200859 -0.000509622 0.999998 -0.117541 0.0840147 0.495599
FixedParameters: 0 0 0

#Transform 252
Transform: AffineTransform_float_3_3
Parameters: 0.999996 -0.000585827 -0.00271968 0.000589175 0.999999 0.0011664 0.00271931 -0.0011676 0.999995 -0.126262 0.088324 0.56026
FixedParameters: 0 0 0

#Transform 253
Transform: AffineTransform_float_3_3
Parameters: 0.999996 -0.00085631 -0.00267022 0.000856688 0.999999 0.000256713 0.00266978 -0.000259287 0.999997 -0.152146 0.0913025 0.480543
FixedParameters: 0 0 0

#Transform 254
Transform: AffineTransform_float_3_3
Parameters: 0.999994 -0.000787133 -0.00336191 0.000790868 0.999999 0.00114935 0.00336109 -0.00115165 0.999993 -0.165127 0.0950605 0.558379
FixedParameters: 0 0 0

#Transform 255
Transform: AffineTransform_float_3_3
Parameters: 0.999996 -0.000953492 -0.00273188 0.000955509 0.999999 0.000917393 0.00273112 -0.000919608 0.999996 -0.145759 0.0904927 0.524774
FixedParameters: 0 0 0

#Transform 256
Transform: AffineTransform_float_3_3
Parameters: 0.999996 -0.000587562 -0.00267798 0.000592438 0.999999 0.00165642 0.00267702 -0.00165858 0.999995 -0.160696 0.0979891 0.613117
FixedParameters: 0 0 0

#Transform 257
Transform: AffineTransform_float_3_3
Parameters: 0.999996 -0.000575943 -0.00267888 0.000580059 0.999998 0.00151445 0.00267813 -0.00151555 0.999996 -0.153509 0.105831 0.60011
FixedParameters: 0 0 0

#Transform 258
Transform: AffineTransform_float_3_3
Parameters: 0.999998 -0.000508812 -0.0022485 0.000511189 1 0.000972854 0.0022485 -0.000974147 0.999997 -0.151428 0.107743 0.561459
FixedParameters: 0 0 0

#Transform 259
Transform: AffineTransform_float_3_3
Parameters: 0.999997 -0.000423707 -0.00250873 0.000428294 0.999999 0.00171093 0.00250827 -0.00171207 0.999996 -0.151437 0.0845287 0.5847
FixedParameters: 0 0 0

#Transform 260
Transform: AffineTransform_float_3_3
Parameters: 0.999998 -0.000931421 -0.001472 0.000932579 0.999999 0.00107263 0.001471 -0.00107337 0.999999 -0.127971 0.0970227 0.415432
FixedParameters: 0 0 0

#Transform 261
Transform: AffineTransform_float_3_3
Parameters: 0.999996 -0.002196 -0.00174752 0.00219801 0.999997 0.00114616 0.00174548 -0.00114984 0.999998 -0.089628 0.133073 0.529514
FixedParameters: 0 0 0

#Transform 262
Transform: AffineTransform_float_3_3
Parameters: 0.999997 -0.00149919 -0.00158566 0.00150281 0.999998 0.00177062 0.00158334 -0.00177338 0.999997 -0.109108 0.115139 0.360041
FixedParameters: 0 0 0

#Transform 263
Transform: AffineTransform_float_3_3
Parameters: 0.999998 -0.00122451 -0.00172606 0.00122649 0.999999 0.000863885 0.00172494 -0.000866114 0.999998 -0.117082 0.106957 0.330532
FixedParameters: 0 0 0

#Transform 264
Transform: AffineTransform_float_3_3
Parameters: 0.999998 -0.00110628 -0.00160319 0.00110772 0.999999 0.00107223 0.00160281 -0.00107378 0.999998 -0.119936 0.0992038 0.394391
FixedParameters: 0 0 0

#Transform 265
Transform: AffineTransform_float_3_3
Parameters: 0.999998 -0.000882435 -0.00205111 0.000885566 0.999999 0.00125019 0.0020499 -0.00125181 0.999997 -0.127691 0.0935765 0.417842
FixedParameters: 0 0 0

#Transform 266
Transform: AffineTransform_float_3_3
Parameters: 0.999996 -0.00117605 -0.00228752 0.00117895 0.999999 0.00128931 0.00228648 -0.00129269 0.999996 -0.157742 0.103032 0.401057
FixedParameters: 0 0 0

#Transform 267
Transform: AffineTransform_float_3_3
Parameters: 0.999998 -0.000813418 -0.00191581 0.000820581 0.999994 0.00343644 0.00191319 -0.00343856 0.999993 -0.145577 0.110833 0.458824
FixedParameters: 0 0 0

#Transform 268
Transform: AffineTransform_float_3_3
Parameters: 0.999999 -0.000104789 -0.00144516 0.000107211 0.999999 0.00152985 0.00144484 -0.00153015 0.999998 -0.136101 0.0854396 0.444782
FixedParameters: 0 0 0

#Transform 269
Transform: AffineTransform_float_3_3
Parameters: 0.999999 -0.000160664 -0.00144526 0.000162335 0.999998 0.00161577 0.00144474 -0.00161623 0.999997 -0.129566 0.0978213 0.41781
FixedParameters: 0 0 0

#Transform 270
Transform: AffineTransform_float_3_3
Parameters: 1 -0.000164202 -0.00117625 0.000165799 0.999999 0.00152881 0.00117675 -0.00152919 0.999998 -0.104434 0.084487 0.360184
FixedParameters: 0 0 0

#Transform 271
Transform: AffineTransform_float_3_3
Parameters: 0.999999 -1.65767e-05 -0.00144504 1.94231e-05 0.999997 0.00236898 0.00144496 -0.00236903 0.999996 -0.122923 0.0968317 0.430242
FixedParameters: 0 0 0

#Transform 272
Transform: AffineTransform_float_3_3
Parameters: 0.999999 3.9137e-05 -0.00144492 -3.58628e-05 0.999997 0.00217105 0.00144508 -0.00217094 0.999996 -0.107874 0.0863295 0.447318
FixedParameters: 0 0 0

#Transform 273
Transform: AffineTransform_float_3_3
Parameters: 1 2.17692e-05 -0.00111197 -2.02308e-05 0.999998 0.00159102 0.00111203 -0.00159098 0.999998 -0.0483951 0.0878918 0.442853
FixedParameters: 0 0 0

#Transform 274
Transform: AffineTransform_float_3_3
Parameters: 0.999998 3.56237e-05 -0.00159494 -3.23761e-05 0.999998 0.00164505 0.00159506 -0.00164495 0.999998 -0.083688 0.101168 0.469428
FixedParameters: 0 0 0

#Transform 275
Transform: AffineTransform_float_3_3
Parameters: 0.999999 0.000165211 -0.00186272 -0.000161791 0.999998 0.0017233 0.00186228 -0.00172369 0.999997 -0.0954572 0.0920604 0.476323
FixedParameters: 0 0 0

#Transform 276
Transform: AffineTransform_float_3_3
Parameters: 0.999998 -0.000423575 -0.00189677 0.000426427 0.999999 0.00180619 0.00189623 -0.00180681 0.999996 -0.0975177 0.108305 0.493628
FixedParameters: 0 0 0

#Transform 277
Transform: AffineTransform_float_3_3
Parameters: 0.999997 -0.000328193 -0.0021076 0.000331808 0.999999 0.00180631 0.0021074 -0.0018067 0.999996 -0.105387 0.0955964 0.527731
FixedParameters: 0 0 0

#Transform 278
Transform: AffineTransform_float_3_3
Parameters: 0.999998 -0.000347543 -0.00205542 0.000349457 0.999999 0.00119528 0.00205458 -0.00119572 0.999997 -0.0939472 0.0917645 0.474649
FixedParameters: 0 0 0

#Transform 279
Transform: AffineTransform_float_3_3
Parameters: 0.999997 -0.00049485 -0.00214996 0.000499147 0.999998 0.00192993 0.00214804 -0.00193107 0.999996 -0.110619 0.101351 0.485661
FixedParameters: 0 0 0

#Transform 280
Transform: AffineTransform_float_3_3
Parameters: 0.999997 -9.13551e-05 -0.0027112 9.66459e-05 0.999998 0.00208175 0.00271181 -0.00208226 0.999994 -0.114569 0.0835048 0.480299
FixedParameters: 0 0 0

#Transform 281
Transform: AffineTransform_float_3_3
Parameters: 0.999997 -0.000216227 -0.00217038 0.000219772 0.999998 0.00173753 0.00217062 -0.00173847 0.999996 -0.0975611 0.0972682 0.477385
FixedParameters: 0 0 0

#Transform 282
Transform: AffineTransform_float_3_3
Parameters: 0.999998 0.000384688 -0.00193249 -0.000377315 0.999992 0.00397674 0.00193352 -0.00397626 0.99999 -0.11336 0.166776 0.547964
FixedParameters: 0 0 0

#Transform 283
Transform: AffineTransform_float_3_3
Parameters: 0.999999 -0.000135125 -0.00181945 0.000140876 0.999995 0.00322875 0.00181956 -0.00322925 0.999993 -0.0796757 0.121724 0.533291
FixedParameters: 0 0 0

#Transform 284
Transform: AffineTransform_float_3_3
Parameters: 0.999997 0.00012398 -0.00216967 -0.000118019 0.999996 0.00275626 0.00217033 -0.00275574 0.999994 -0.0949282 0.103051 0.551861
FixedParameters: 0 0 0

#Transform 285
Transform: AffineTransform_float_3_3
Parameters: 0.999997 -0.000859976 -0.00199374 0.000864022 0.999997 0.00201728 0.00199226 -0.00201972 0.999996 -0.108312 0.124638 0.447864
FixedParameters: 0 0 0

#Transform 286
Transform: AffineTransform_float_3_3
Parameters: 0.999997 -0.000290994 -0.00237674 0.000296005 0.999997 0.0025263 0.00237626 -0.0025277 0.999994 -0.111733 0.104643 0.525207
FixedParameters: 0 0 0

#Transform 287
Transform: AffineTransform_float_3_3
Parameters: 0.999997 -0.00096656 -0.00234484 0.000971437 0.999997 0.00189273 0.00234216 -0.00189527 0.999996 -0.102216 0.104593 0.509672
FixedParameters: 0 0 0

#Transform 288
Transform: AffineTransform_float_3_3
Parameters: 0.999996 -0.000298384 -0.0028577 0.000305615 0.999998 0.00231514 0.0028563 -0.00231586 0.999993 -0.126817 0.0963713 0.577577
FixedParameters: 0 0 0

#Transform 289
Transform: AffineTransform_float_3_3
Parameters: 0.999996 -0.000758286 -0.00266178 0.000760717 0.999999 0.00101998 0.00266023 -0.00102102 0.999996 -0.117392 0.0963193 0.524704
FixedParameters: 0 0 0

#Transform 290
Transform: AffineTransform_float_3_3
Parameters: 0.999995 -0.000331692 -0.00309457 0.000337307 0.999999 0.00171496 0.00309343 -0.00171603 0.999993 -0.130922 0.0842524 0.557641
FixedParameters: 0 0 0

#Transform 291
Transform: AffineTransform_float_3_3
Parameters: 0.999995 -0.000503371 -0.00288681 0.000508628 0.999998 0.00160254 0.00288619 -0.00160446 0.999994 -0.108772 0.0947462 0.524616
FixedParameters: 0 0 0

#Transform 292
Transform: AffineTransform_float_3_3
Parameters: 0.999996 -0.000494108 -0.00259493 0.000498891 0.999998 0.00188471 0.00259406 -0.00188629 0.999995 -0.11811 0.0988974 0.551013
FixedParameters: 0 0 0

#Transform 293
Transform: AffineTransform_float_3_3
Parameters: 0.999999 -0.000557626 -0.00125905 0.000559373 0.999998 0.0018853 0.00125795 -0.0018867 0.999998 -0.0900588 0.115971 0.48297
FixedParameters: 0 0 0

#Transform 294
Transform: AffineTransform_float_3_3
Parameters: 0.999999 -0.0006048 -0.0017691 0.0006082 0.999998 0.00180893 0.0017679 -0.00181007 0.999997 -0.112442 0.135209 0.52922
FixedParameters: 0 0 0

#Transform 295
Transform: AffineTransform_float_3_3
Parameters: 0.999998 -0.000207131 -0.00202661 0.000213866 0.999996 0.00289557 0.00202539 -0.00289642 0.999994 -0.11985 0.106061 0.539668
FixedParameters: 0 0 0

#Transform 296
Transform: AffineTransform_float_3_3
Parameters: 0.999998 -0.000598693 -0.00202198 0.000601306 0.999998 0.00163479 0.00202102 -0.00163621 0.999996 -0.120259 0.0994011 0.554415
FixedParameters: 0 0 0

#Transform 297
Transform: AffineTransform_float_3_3
Parameters: 0.999997 -0.00110905 -0.00245679 0.00111396 0.999998 0.00160927 0.00245521 -0.00161173 0.999995 -0.1192 0.109934 0.538535
FixedParameters: 0 0 0

#Transform 298
Transform: AffineTransform_float_3_3
Parameters: 0.999997 -0.000737753 -0.00223144 0.000753252 0.999973 0.00728934 0.00222657 -0.00729066 0.999971 -0.125499 0.178111 0.631231
FixedParameters: 0 0 0

#Transform 299
Transform: AffineTransform_float_3_3
Parameters: 0.999999 -0.00043352 -0.00127488 0.000439481 0.99999 0.00430144 0.00127312 -0.00430155 0.99999 -0.091715 0.130933 0.542533
FixedParameters: 0 0 0
