#!ascii label  , from subject sub-v1s20x0050272_ses-1 vox2ras=TkReg
1053
93502  -47.697  11.295  27.496 0.0000000000
78548  -39.607  28.769  26.578 0.0000000000
73997  -39.119  20.141  32.350 0.0000000000
74029  -47.590  21.538  29.185 0.0000000000
79099  -45.209  29.495  28.102 0.0000000000
76781  -44.068  26.304  34.671 0.0000000000
76232  -43.634  24.137  30.579 0.0000000000
72836  -41.902  18.601  28.485 0.0000000000
65865  -41.669  6.861  37.126 0.0000000000
68614  -46.565  11.382  35.830 0.0000000000
83202  -38.188  37.071  24.942 0.0000000000
81209  -41.262  33.617  21.152 0.0000000000
81197  -46.908  33.881  24.139 0.0000000000
70453  -45.411  14.880  30.711 0.0000000000
76218  -39.175  25.186  32.174 0.0000000000
73402  -45.382  19.612  33.876 0.0000000000
71597  -47.826  16.732  26.008 0.0000000000
109156  -42.848  18.903  20.870 0.0000000000
113138  -36.473  18.207  21.890 0.0000000000
69968  -46.911  12.822  24.145 0.0000000000
78539  -46.649  28.740  27.277 0.0000000000
77409  -46.580  27.510  30.461 0.0000000000
100746  -44.683  25.793  28.097 0.0000000000
75689  -41.893  22.718  28.990 0.0000000000
67184  -44.357  9.163  36.983 0.0000000000
69282  -42.796  12.402  36.327 0.0000000000
106264  -39.310  36.501  28.094 0.0000000000
81211  -44.144  33.428  21.891 0.0000000000
70434  -42.842  14.026  31.271 0.0000000000
72178  -42.674  17.547  31.178 0.0000000000
79111  -37.058  29.438  26.300 0.0000000000
76850  -39.289  25.592  28.886 0.0000000000
75100  -46.753  23.268  33.004 0.0000000000
75637  -44.720  23.542  35.291 0.0000000000
74000  -47.969  20.776  31.392 0.0000000000
72820  -48.242  18.061  30.278 0.0000000000
72865  -48.656  20.180  26.517 0.0000000000
72260  -47.084  18.126  22.075 0.0000000000
95562  -45.536  18.683  25.145 0.0000000000
72227  -39.787  17.500  26.271 0.0000000000
78537  -42.671  28.879  27.444 0.0000000000
115932  -42.222  26.352  30.395 0.0000000000
77962  -44.509  28.102  31.094 0.0000000000
99550  -45.695  25.844  33.214 0.0000000000
75112  -44.276  22.487  30.987 0.0000000000
73463  -44.324  19.296  28.629 0.0000000000
74555  -42.985  21.991  29.941 0.0000000000
74594  -41.055  20.860  28.884 0.0000000000
107064  -42.739  8.461  34.536 0.0000000000
67218  -46.308  9.265  34.162 0.0000000000
67930  -47.849  10.358  32.295 0.0000000000
82212  -34.846  35.149  27.992 0.0000000000
82223  -35.003  35.172  25.295 0.0000000000
81195  -36.832  33.624  23.362 0.0000000000
80241  -40.383  31.675  23.524 0.0000000000
102465  -42.927  31.493  24.342 0.0000000000
80221  -46.284  31.491  25.560 0.0000000000
79135  -46.778  29.794  25.162 0.0000000000
80245  -47.672  31.410  23.739 0.0000000000
69893  -43.365  13.621  34.647 0.0000000000
114738  -46.210  12.649  32.560 0.0000000000
69344  -47.836  12.540  29.923 0.0000000000
75093  -39.169  22.836  33.701 0.0000000000
76797  -41.211  25.620  33.333 0.0000000000
75095  -41.426  22.732  34.231 0.0000000000
73410  -41.940  19.740  32.328 0.0000000000
72164  -45.941  17.521  31.793 0.0000000000
70989  -47.636  14.856  28.692 0.0000000000
93511  -49.256  13.601  24.646 0.0000000000
71037  -47.446  14.537  22.110 0.0000000000
93607  -43.708  16.489  22.393 0.0000000000
95744  -40.699  17.071  21.003 0.0000000000
72231  -42.973  17.899  25.926 0.0000000000
108232  -40.343  18.678  21.788 0.0000000000
71633  -37.610  16.668  20.335 0.0000000000
67970  -47.279  10.739  28.833 0.0000000000
68006  -47.423  10.697  26.599 0.0000000000
68730  -48.195  10.712  25.265 0.0000000000
77460  -46.463  27.371  26.606 0.0000000000
77444  -46.085  26.888  27.769 0.0000000000
77443  -45.269  26.251  27.447 0.0000000000
76279  -43.331  25.011  27.429 0.0000000000
72790  -40.652  18.786  31.331 0.0000000000
78547  -38.680  28.787  26.533 0.0000000000
74549  -46.798  22.504  31.421 0.0000000000
74545  -47.260  21.853  32.708 0.0000000000
74560  -47.781  21.746  30.873 0.0000000000
73429  -48.482  20.729  29.881 0.0000000000
113283  -48.017  21.357  27.632 0.0000000000
73479  -47.575  20.400  26.172 0.0000000000
73464  -46.484  20.240  27.638 0.0000000000
79104  -43.327  29.389  27.281 0.0000000000
77980  -43.487  28.193  29.067 0.0000000000
78517  -44.557  28.692  29.607 0.0000000000
76823  -45.202  25.824  31.212 0.0000000000
76814  -46.207  26.885  32.459 0.0000000000
76233  -44.493  24.847  31.451 0.0000000000
75674  -44.687  23.884  32.069 0.0000000000
75673  -44.008  23.235  31.225 0.0000000000
74556  -43.751  21.849  30.371 0.0000000000
75676  -43.419  23.368  30.617 0.0000000000
75126  -41.670  22.135  29.127 0.0000000000
67898  -45.721  9.991  36.963 0.0000000000
66529  -45.842  8.622  36.055 0.0000000000
67194  -47.038  9.757  35.246 0.0000000000
67913  -47.338  9.758  33.238 0.0000000000
68620  -47.621  10.601  34.246 0.0000000000
83184  -38.652  36.952  26.721 0.0000000000
82705  -36.639  36.497  26.659 0.0000000000
82714  -36.593  36.387  24.898 0.0000000000
80714  -36.001  33.157  24.058 0.0000000000
82231  -36.824  35.364  23.393 0.0000000000
81722  -39.792  34.575  21.560 0.0000000000
81202  -39.031  33.273  22.124 0.0000000000
80727  -40.671  32.476  22.320 0.0000000000
99116  -41.965  31.284  24.112 0.0000000000
80719  -41.997  31.891  22.950 0.0000000000
81205  -45.673  33.773  23.288 0.0000000000
80709  -45.465  32.387  24.546 0.0000000000
80710  -46.283  32.492  24.790 0.0000000000
79674  -46.794  30.739  25.682 0.0000000000
80236  -47.272  31.235  24.716 0.0000000000
97974  -47.431  30.921  24.228 0.0000000000
99484  -47.859  32.121  23.955 0.0000000000
70423  -38.607  14.573  32.681 0.0000000000
96731  -39.061  14.298  34.351 0.0000000000
69896  -40.042  14.219  33.392 0.0000000000
69883  -41.987  14.137  35.038 0.0000000000
69898  -41.301  13.801  32.692 0.0000000000
70452  -44.247  14.756  30.743 0.0000000000
69911  -44.551  13.351  31.601 0.0000000000
69912  -46.755  13.483  31.193 0.0000000000
69325  -47.470  12.644  31.602 0.0000000000
112200  -47.341  13.998  30.490 0.0000000000
113502  -37.982  25.200  32.411 0.0000000000
75652  -37.762  23.613  33.503 0.0000000000
75666  -38.933  24.641  33.466 0.0000000000
77392  -43.421  26.659  32.031 0.0000000000
77404  -41.602  25.816  30.517 0.0000000000
76780  -42.718  26.147  34.380 0.0000000000
74536  -44.622  20.880  34.623 0.0000000000
75071  -43.041  23.026  34.784 0.0000000000
74535  -43.767  21.117  34.497 0.0000000000
74544  -42.157  20.987  33.523 0.0000000000
73993  -43.608  19.905  33.486 0.0000000000
72793  -44.427  18.365  32.311 0.0000000000
72782  -45.182  18.687  33.039 0.0000000000
72203  -47.999  17.333  27.657 0.0000000000
71576  -47.762  16.311  29.600 0.0000000000
97529  -47.592  15.481  26.644 0.0000000000
70475  -47.580  14.192  27.436 0.0000000000
99788  -47.949  14.898  25.412 0.0000000000
70514  -49.159  13.657  22.666 0.0000000000
71038  -47.981  15.264  22.644 0.0000000000
94528  -45.069  18.622  21.013 0.0000000000
71650  -45.777  17.690  20.974 0.0000000000
107221  -43.223  18.209  20.373 0.0000000000
95581  -42.186  16.662  22.345 0.0000000000
93858  -41.816  18.104  19.990 0.0000000000
72837  -42.810  18.684  28.320 0.0000000000
102904  -44.125  18.416  27.460 0.0000000000
72217  -41.842  17.887  27.030 0.0000000000
72241  -37.751  17.629  24.235 0.0000000000
95767  -39.338  17.871  24.131 0.0000000000
95487  -38.008  18.448  21.204 0.0000000000
71649  -38.508  17.891  19.802 0.0000000000
71640  -36.511  17.505  20.727 0.0000000000
71041  -36.017  16.205  21.656 0.0000000000
67945  -44.826  10.658  31.206 0.0000000000
70505  -45.918  14.271  24.705 0.0000000000
79101  -46.432  28.989  28.308 0.0000000000
78519  -46.122  28.734  30.152 0.0000000000
77981  -46.774  27.989  29.053 0.0000000000
77417  -45.829  26.559  29.184 0.0000000000
76834  -44.010  25.156  29.150 0.0000000000
76231  -42.973  23.593  29.907 0.0000000000
76264  -43.265  24.565  28.679 0.0000000000
66520  -42.749  7.869  36.621 0.0000000000
67182  -42.251  8.512  36.692 0.0000000000
68606  -44.435  11.491  36.636 0.0000000000
83195  -42.143  38.253  26.952 0.0000000000
81203  -43.137  33.020  21.786 0.0000000000
82238  -46.615  35.781  22.235 0.0000000000
82233  -47.139  35.189  23.102 0.0000000000
69908  -41.114  14.116  31.838 0.0000000000
70970  -42.651  15.378  30.740 0.0000000000
70972  -44.656  15.639  30.680 0.0000000000
76246  -39.290  24.970  30.288 0.0000000000
76189  -46.016  25.625  34.837 0.0000000000
76173  -45.166  25.270  35.501 0.0000000000
75639  -46.269  23.423  34.447 0.0000000000
74517  -45.905  21.757  34.335 0.0000000000
73404  -46.650  19.702  32.883 0.0000000000
72796  -47.085  18.492  32.128 0.0000000000
72812  -48.377  19.254  30.434 0.0000000000
72841  -48.597  19.208  28.251 0.0000000000
72233  -47.899  18.048  25.506 0.0000000000
104590  -48.032  17.102  24.069 0.0000000000
72881  -47.396  18.567  24.152 0.0000000000
72879  -46.106  18.890  22.857 0.0000000000
93606  -44.271  18.635  22.864 0.0000000000
72215  -40.242  17.566  27.180 0.0000000000
73980  -37.927  20.766  33.245 0.0000000000
78550  -41.280  28.922  26.821 0.0000000000
77990  -40.936  27.384  27.723 0.0000000000
77979  -42.492  27.709  28.490 0.0000000000
77961  -43.412  27.499  30.471 0.0000000000
112359  -44.565  27.322  32.313 0.0000000000
78501  -45.921  28.472  31.718 0.0000000000
77394  -45.623  27.696  32.813 0.0000000000
76800  -45.573  26.417  33.578 0.0000000000
75667  -45.511  24.493  33.155 0.0000000000
75105  -46.192  22.976  32.129 0.0000000000
74558  -46.124  22.113  30.626 0.0000000000
74028  -45.487  20.975  29.462 0.0000000000
74027  -44.546  20.550  29.653 0.0000000000
74026  -43.586  20.487  29.637 0.0000000000
73442  -42.070  19.926  29.267 0.0000000000
106763  -42.238  22.505  29.373 0.0000000000
74575  -41.683  21.444  29.202 0.0000000000
66527  -44.187  8.260  36.378 0.0000000000
67199  -44.513  8.783  34.596 0.0000000000
67228  -44.590  9.833  32.915 0.0000000000
96559  -46.649  9.918  32.504 0.0000000000
98111  -48.195  10.133  31.156 0.0000000000
93498  -49.323  9.729  29.688 0.0000000000
81182  -33.520  33.252  26.669 0.0000000000
81696  -34.323  34.599  26.594 0.0000000000
80699  -34.404  32.498  25.599 0.0000000000
80225  -35.684  32.156  24.896 0.0000000000
80218  -37.084  31.267  25.124 0.0000000000
79681  -38.666  31.071  24.832 0.0000000000
82719  -38.097  36.654  23.431 0.0000000000
81714  -37.926  34.571  22.603 0.0000000000
80239  -38.727  31.966  23.833 0.0000000000
79668  -40.221  30.491  25.110 0.0000000000
79133  -41.330  29.990  25.816 0.0000000000
79670  -42.753  30.707  25.509 0.0000000000
79657  -44.128  30.480  26.372 0.0000000000
80721  -44.117  32.383  23.447 0.0000000000
80220  -44.385  31.375  25.204 0.0000000000
79658  -45.207  30.528  26.648 0.0000000000
79651  -46.444  29.917  26.898 0.0000000000
78552  -46.630  28.926  26.250 0.0000000000
78584  -46.837  28.877  24.281 0.0000000000
113220  -47.173  30.101  23.898 0.0000000000
81206  -47.991  33.851  23.114 0.0000000000
69871  -43.666  13.838  35.971 0.0000000000
69299  -45.072  12.897  35.310 0.0000000000
102000  -42.980  13.203  32.353 0.0000000000
69306  -44.890  12.534  34.006 0.0000000000
97686  -46.790  11.783  34.696 0.0000000000
68625  -47.609  11.688  32.742 0.0000000000
68650  -48.062  11.051  30.823 0.0000000000
95986  -47.685  11.457  28.173 0.0000000000
73989  -39.696  20.728  32.796 0.0000000000
76852  -40.898  26.095  28.906 0.0000000000
76819  -40.804  25.331  30.758 0.0000000000
76219  -40.006  25.308  32.344 0.0000000000
76171  -42.519  25.244  34.943 0.0000000000
75633  -41.592  25.084  34.504 0.0000000000
75655  -40.209  23.986  34.121 0.0000000000
75094  -39.965  22.967  33.932 0.0000000000
74542  -40.228  21.327  33.252 0.0000000000
73999  -40.960  19.933  32.280 0.0000000000
73418  -42.258  18.865  31.802 0.0000000000
72179  -44.307  17.148  31.160 0.0000000000
70973  -45.771  15.797  30.736 0.0000000000
72181  -47.259  17.406  30.889 0.0000000000
71567  -46.950  16.611  30.445 0.0000000000
99200  -47.292  14.685  30.380 0.0000000000
96823  -47.631  13.944  29.179 0.0000000000
69946  -47.679  13.286  27.399 0.0000000000
69378  -49.500  11.974  25.389 0.0000000000
93513  -49.080  12.216  22.445 0.0000000000
70513  -48.031  13.671  22.492 0.0000000000
71022  -45.567  14.909  24.209 0.0000000000
71054  -47.323  16.323  21.856 0.0000000000
71044  -45.458  15.606  22.461 0.0000000000
71034  -43.836  15.887  23.985 0.0000000000
71611  -42.240  16.233  24.019 0.0000000000
93599  -41.508  16.425  23.239 0.0000000000
72851  -45.033  18.811  27.284 0.0000000000
72232  -44.557  18.176  25.948 0.0000000000
108691  -42.456  18.485  23.720 0.0000000000
72229  -41.397  17.762  26.217 0.0000000000
93603  -41.617  18.273  24.049 0.0000000000
109206  -41.499  18.807  20.757 0.0000000000
107222  -40.257  18.282  20.096 0.0000000000
93600  -38.820  16.721  20.641 0.0000000000
93505  -47.626  10.957  28.795 0.0000000000
93504  -47.051  10.675  28.078 0.0000000000
93503  -48.010  10.715  26.217 0.0000000000
68014  -48.047  10.538  25.905 0.0000000000
68015  -48.767  10.613  25.467 0.0000000000
77473  -46.212  26.785  25.788 0.0000000000
77459  -45.942  26.724  26.773 0.0000000000
76883  -44.993  26.130  26.563 0.0000000000
104248  -39.937  19.012  31.249 0.0000000000
73416  -40.388  19.454  31.714 0.0000000000
79113  -39.265  29.358  26.157 0.0000000000
78005  -39.172  28.152  26.940 0.0000000000
78534  -40.020  28.148  26.963 0.0000000000
74559  -47.271  22.184  30.650 0.0000000000
74550  -47.371  22.138  31.584 0.0000000000
74009  -47.882  22.019  29.974 0.0000000000
74030  -48.165  21.475  29.427 0.0000000000
74048  -47.505  20.937  27.275 0.0000000000
74043  -47.167  20.859  28.276 0.0000000000
79098  -44.248  29.577  27.521 0.0000000000
78525  -44.045  28.815  28.684 0.0000000000
78526  -45.206  29.169  29.016 0.0000000000
76822  -44.156  24.919  30.298 0.0000000000
76220  -44.056  24.009  31.414 0.0000000000
104264  -42.091  7.257  36.598 0.0000000000
68608  -46.078  11.186  36.423 0.0000000000
67899  -46.431  10.225  36.307 0.0000000000
67902  -46.940  10.312  35.551 0.0000000000
67904  -47.378  10.407  35.040 0.0000000000
68615  -47.056  10.960  35.428 0.0000000000
83193  -38.427  37.093  25.837 0.0000000000
82706  -37.504  36.733  26.247 0.0000000000
82711  -37.388  36.753  25.355 0.0000000000
82227  -36.725  36.080  23.987 0.0000000000
82715  -37.361  36.648  24.505 0.0000000000
81723  -40.611  35.009  21.222 0.0000000000
82240  -40.080  35.530  21.663 0.0000000000
81208  -40.466  34.046  21.261 0.0000000000
81207  -39.693  33.608  21.627 0.0000000000
80733  -40.511  33.127  21.622 0.0000000000
80728  -41.487  32.280  22.470 0.0000000000
80734  -41.408  32.774  21.743 0.0000000000
81196  -46.204  33.545  23.971 0.0000000000
80723  -45.852  32.966  24.342 0.0000000000
81190  -46.632  33.082  24.481 0.0000000000
80711  -46.939  32.351  24.799 0.0000000000
81191  -47.385  32.985  24.337 0.0000000000
80712  -47.455  31.984  24.613 0.0000000000
70431  -38.186  15.007  31.954 0.0000000000
70424  -39.631  14.404  32.410 0.0000000000
70417  -39.253  14.313  33.397 0.0000000000
69890  -40.838  14.150  33.574 0.0000000000
70436  -44.992  14.079  30.987 0.0000000000
70437  -46.135  14.172  30.854 0.0000000000
70438  -47.034  14.120  30.707 0.0000000000
76217  -38.501  25.182  32.061 0.0000000000
76206  -38.505  25.158  32.880 0.0000000000
75665  -38.117  24.568  33.372 0.0000000000
76799  -43.466  26.396  33.364 0.0000000000
76812  -42.315  26.091  32.293 0.0000000000
73983  -44.995  20.180  34.364 0.0000000000
73982  -44.198  20.378  34.259 0.0000000000
73981  -43.196  20.697  33.827 0.0000000000
73401  -44.607  19.706  33.841 0.0000000000
72781  -44.167  19.117  33.026 0.0000000000
73412  -45.080  19.198  33.535 0.0000000000
71588  -47.690  16.406  27.229 0.0000000000
98921  -48.160  15.871  25.230 0.0000000000
71023  -48.666  15.144  23.828 0.0000000000
113815  -48.374  16.012  24.474 0.0000000000
93996  -43.688  18.934  21.149 0.0000000000
107466  -44.198  18.659  20.724 0.0000000000
93975  -43.320  18.534  20.538 0.0000000000
107850  -42.484  18.173  20.261 0.0000000000
107465  -42.138  18.970  20.756 0.0000000000
72848  -41.461  18.027  27.911 0.0000000000
97914  -37.308  18.189  22.362 0.0000000000
72252  -38.398  18.034  23.224 0.0000000000
72259  -36.964  18.246  20.844 0.0000000000
72258  -36.255  18.059  21.373 0.0000000000
71639  -36.127  17.576  21.243 0.0000000000
67946  -45.921  10.382  31.594 0.0000000000
69961  -46.480  12.652  25.749 0.0000000000
70492  -46.177  13.579  25.287 0.0000000000
99277  -46.672  28.316  28.262 0.0000000000
77428  -45.579  26.390  28.344 0.0000000000
76835  -44.897  25.909  29.026 0.0000000000
115503  -44.314  25.497  28.572 0.0000000000
76853  -43.821  25.190  28.151 0.0000000000
76278  -42.647  24.517  27.603 0.0000000000
69283  -43.675  12.456  36.408 0.0000000000
83186  -41.609  37.704  27.477 0.0000000000
81727  -45.696  35.386  21.513 0.0000000000
82242  -46.448  36.465  21.252 0.0000000000
72177  -41.854  17.378  30.822 0.0000000000
71562  -41.541  16.442  30.709 0.0000000000
103839  -42.431  16.767  30.772 0.0000000000
70971  -43.595  15.482  30.681 0.0000000000
98426  -43.317  16.996  31.021 0.0000000000
104147  -36.381  29.648  26.259 0.0000000000
97443  -39.544  25.252  29.553 0.0000000000
75656  -46.198  24.123  34.500 0.0000000000
76190  -46.096  25.035  35.116 0.0000000000
75669  -46.609  23.378  33.839 0.0000000000
74546  -47.572  21.313  31.872 0.0000000000
74538  -46.707  21.811  33.721 0.0000000000
73994  -47.087  20.674  32.652 0.0000000000
110291  -46.465  20.599  33.458 0.0000000000
73414  -47.388  20.149  32.220 0.0000000000
73420  -47.198  19.155  32.347 0.0000000000
73421  -47.852  19.703  31.870 0.0000000000
73473  -48.780  20.290  27.416 0.0000000000
73465  -48.650  20.203  28.468 0.0000000000
72854  -48.775  19.419  27.297 0.0000000000
72853  -48.450  18.807  26.869 0.0000000000
72864  -47.971  19.251  26.192 0.0000000000
72873  -47.669  18.988  25.234 0.0000000000
73483  -48.088  20.142  25.973 0.0000000000
72862  -46.619  19.590  25.543 0.0000000000
72872  -46.641  19.163  24.330 0.0000000000
107051  -45.416  18.753  23.782 0.0000000000
78551  -42.012  29.061  26.926 0.0000000000
78536  -41.804  28.512  27.331 0.0000000000
77992  -42.340  28.247  27.827 0.0000000000
77971  -43.955  28.151  30.066 0.0000000000
77970  -42.996  27.525  29.476 0.0000000000
77406  -43.952  27.396  31.458 0.0000000000
77952  -45.191  28.010  32.083 0.0000000000
78512  -46.506  28.330  30.018 0.0000000000
78511  -46.135  28.499  30.988 0.0000000000
77396  -46.482  27.691  31.193 0.0000000000
76813  -45.654  25.956  32.620 0.0000000000
77380  -46.016  27.616  32.800 0.0000000000
76801  -46.037  26.991  33.218 0.0000000000
77379  -45.705  27.061  33.241 0.0000000000
76210  -45.764  25.624  33.865 0.0000000000
75104  -44.894  23.124  31.718 0.0000000000
74548  -45.414  22.475  31.315 0.0000000000
74008  -45.238  21.369  30.056 0.0000000000
74557  -44.748  21.834  30.647 0.0000000000
74577  -43.252  21.242  29.815 0.0000000000
73443  -42.990  19.880  29.274 0.0000000000
76247  -42.769  23.854  29.015 0.0000000000
75690  -42.402  23.118  29.313 0.0000000000
75145  -40.902  21.674  28.747 0.0000000000
66521  -43.779  8.488  36.583 0.0000000000
66526  -42.967  7.782  36.528 0.0000000000
66522  -44.668  8.603  36.835 0.0000000000
67201  -46.515  9.173  35.098 0.0000000000
66540  -44.954  8.360  35.822 0.0000000000
67200  -45.581  8.826  34.961 0.0000000000
67217  -45.083  9.364  33.880 0.0000000000
67229  -45.762  9.713  33.202 0.0000000000
67230  -46.862  9.518  33.511 0.0000000000
67929  -47.495  10.119  32.661 0.0000000000
67947  -47.695  10.131  32.169 0.0000000000
67948  -48.685  9.868  31.663 0.0000000000
96907  -49.085  9.297  30.734 0.0000000000
68651  -49.199  9.669  30.449 0.0000000000
81690  -35.315  34.639  28.806 0.0000000000
114442  -34.316  33.686  28.654 0.0000000000
81179  -33.905  33.853  27.862 0.0000000000
81178  -33.314  33.142  27.467 0.0000000000
81692  -33.737  33.947  27.017 0.0000000000
82693  -41.079  36.887  28.654 0.0000000000
96317  -38.224  36.349  27.781 0.0000000000
82224  -35.341  35.743  25.808 0.0000000000
82221  -35.228  35.849  26.657 0.0000000000
81700  -34.550  34.539  25.680 0.0000000000
81183  -34.049  33.825  26.127 0.0000000000
81188  -34.546  33.773  25.285 0.0000000000
80216  -35.019  31.634  25.321 0.0000000000
81189  -34.957  33.565  24.718 0.0000000000
116340  -36.424  33.331  23.766 0.0000000000
80226  -36.566  32.015  24.756 0.0000000000
80227  -37.465  31.859  24.540 0.0000000000
111747  -37.902  31.275  24.944 0.0000000000
80228  -38.323  31.661  24.418 0.0000000000
82232  -37.593  35.348  22.917 0.0000000000
82235  -38.361  35.292  22.515 0.0000000000
80717  -39.928  32.162  22.891 0.0000000000
80716  -39.045  32.327  23.233 0.0000000000
80240  -39.539  31.783  23.639 0.0000000000
80229  -39.143  31.440  24.268 0.0000000000
80230  -40.016  31.307  24.108 0.0000000000
79669  -40.958  30.492  25.203 0.0000000000
79683  -40.530  30.887  24.600 0.0000000000
80232  -42.379  30.992  24.776 0.0000000000
79656  -43.135  30.339  26.237 0.0000000000
79671  -43.744  30.877  25.687 0.0000000000
80730  -43.619  32.670  22.589 0.0000000000
80235  -45.888  32.029  25.123 0.0000000000
80234  -44.992  31.843  24.807 0.0000000000
99141  -45.392  31.523  25.452 0.0000000000
79672  -44.770  31.039  25.919 0.0000000000
79673  -45.795  31.105  26.075 0.0000000000
79659  -46.183  30.538  26.511 0.0000000000
80214  -46.557  30.920  25.927 0.0000000000
79675  -46.745  30.278  25.661 0.0000000000
78559  -46.643  29.102  25.424 0.0000000000
78558  -46.601  28.288  25.604 0.0000000000
78569  -46.673  28.505  24.830 0.0000000000
78570  -46.754  29.234  24.787 0.0000000000
79693  -47.230  30.224  24.182 0.0000000000
79692  -47.402  30.739  23.803 0.0000000000
79691  -46.685  30.561  23.319 0.0000000000
80248  -47.394  31.313  23.198 0.0000000000
81712  -47.479  34.522  23.345 0.0000000000
69868  -40.941  13.824  35.576 0.0000000000
69884  -42.848  14.030  35.217 0.0000000000
69870  -42.815  14.049  35.744 0.0000000000
69885  -43.498  13.876  35.623 0.0000000000
69872  -44.248  13.444  35.810 0.0000000000
69298  -44.181  13.366  35.062 0.0000000000
103697  -41.964  14.055  31.511 0.0000000000
106302  -41.772  13.658  32.062 0.0000000000
69909  -42.485  13.541  31.867 0.0000000000
106964  -45.524  12.923  32.030 0.0000000000
69324  -44.631  12.808  32.334 0.0000000000
112401  -45.235  12.525  32.859 0.0000000000
69307  -45.972  12.277  34.457 0.0000000000
69313  -46.097  12.303  33.366 0.0000000000
69309  -47.390  11.810  33.183 0.0000000000
69314  -47.019  12.412  32.678 0.0000000000
69914  -47.547  12.954  30.935 0.0000000000
69326  -47.749  12.188  31.443 0.0000000000
95391  -48.007  11.691  30.173 0.0000000000
69345  -48.151  11.618  29.668 0.0000000000
93506  -47.848  12.485  29.178 0.0000000000
75653  -38.599  23.708  33.632 0.0000000000
74530  -38.540  21.488  33.401 0.0000000000
113252  -41.459  26.614  28.780 0.0000000000
77977  -40.854  26.713  28.237 0.0000000000
77415  -41.712  26.295  29.586 0.0000000000
76811  -41.564  25.720  32.563 0.0000000000
76820  -41.441  25.627  31.590 0.0000000000
76209  -40.855  25.456  32.442 0.0000000000
76230  -40.600  25.304  31.622 0.0000000000
75629  -44.593  24.478  35.433 0.0000000000
76172  -43.794  25.122  35.309 0.0000000000
75636  -43.771  23.816  35.204 0.0000000000
75096  -42.362  22.318  34.451 0.0000000000
75634  -41.991  24.384  34.699 0.0000000000
110974  -41.187  23.955  34.386 0.0000000000
76186  -40.688  25.005  34.104 0.0000000000
103598  -40.689  23.131  34.086 0.0000000000
73992  -42.564  20.222  33.082 0.0000000000
74543  -41.154  21.193  33.328 0.0000000000
73991  -41.558  20.464  32.854 0.0000000000
73990  -40.603  20.627  32.769 0.0000000000
73417  -41.269  19.216  31.801 0.0000000000
72163  -44.810  17.659  31.782 0.0000000000
72162  -43.645  17.831  31.574 0.0000000000
71549  -45.225  17.110  31.350 0.0000000000
71565  -44.997  16.497  30.929 0.0000000000
71566  -46.046  16.671  31.070 0.0000000000
72810  -47.753  17.922  31.562 0.0000000000
72182  -48.071  17.358  30.957 0.0000000000
70983  -47.669  15.416  29.292 0.0000000000
71568  -47.601  15.902  30.127 0.0000000000
70974  -47.155  15.566  30.328 0.0000000000
70975  -47.552  15.061  30.023 0.0000000000
70460  -47.628  14.527  29.474 0.0000000000
70493  -47.938  14.111  25.968 0.0000000000
98239  -47.625  13.743  27.114 0.0000000000
69962  -48.039  13.448  26.270 0.0000000000
96299  -48.582  12.291  26.480 0.0000000000
99925  -49.502  12.776  24.566 0.0000000000
93515  -49.260  11.630  23.631 0.0000000000
98318  -49.337  12.702  23.015 0.0000000000
110723  -48.561  14.284  22.514 0.0000000000
70512  -46.664  14.138  22.788 0.0000000000
71036  -46.130  14.898  22.654 0.0000000000
72261  -47.623  17.574  22.578 0.0000000000
71634  -47.655  16.713  22.232 0.0000000000
71644  -47.256  17.270  21.791 0.0000000000
71052  -44.830  16.467  21.617 0.0000000000
71642  -45.859  16.773  21.247 0.0000000000
114510  -44.521  15.961  22.967 0.0000000000
71623  -42.924  16.347  23.224 0.0000000000
93601  -41.590  17.037  21.196 0.0000000000
109521  -40.700  16.442  22.919 0.0000000000
95435  -39.883  16.156  23.998 0.0000000000
104767  -39.881  16.550  21.966 0.0000000000
73445  -45.084  20.108  28.989 0.0000000000
101284  -45.350  19.523  28.018 0.0000000000
72839  -44.491  18.899  27.948 0.0000000000
72850  -43.689  18.068  26.644 0.0000000000
115021  -43.742  18.019  25.675 0.0000000000
108093  -43.164  18.191  24.849 0.0000000000
95405  -42.341  18.061  25.101 0.0000000000
72228  -40.612  17.654  26.206 0.0000000000
94350  -40.098  18.220  23.423 0.0000000000
95731  -40.787  18.169  23.922 0.0000000000
108713  -40.614  18.466  22.913 0.0000000000
95254  -41.124  18.736  22.114 0.0000000000
93610  -40.734  18.621  20.672 0.0000000000
96047  -39.836  18.591  20.514 0.0000000000
71648  -37.458  17.527  20.116 0.0000000000
71641  -38.282  17.219  19.747 0.0000000000
71621  -38.155  16.304  22.129 0.0000000000
106821  -47.226  10.409  30.374 0.0000000000
67969  -47.325  10.627  29.322 0.0000000000
68708  -46.835  10.569  26.816 0.0000000000
77993  -46.689  27.907  27.403 0.0000000000
111223  -46.662  27.664  28.153 0.0000000000
77445  -46.439  27.328  27.449 0.0000000000
76869  -44.206  25.661  27.254 0.0000000000
72808  -40.807  18.108  31.021 0.0000000000
110156  -41.423  17.907  31.010 0.0000000000
79112  -37.837  29.149  26.378 0.0000000000
78004  -38.467  28.151  26.955 0.0000000000
104138  -39.943  26.235  28.340 0.0000000000
75106  -47.113  22.682  32.350 0.0000000000
75101  -47.045  22.748  33.277 0.0000000000
74010  -48.232  21.349  30.352 0.0000000000
74050  -48.343  21.111  27.681 0.0000000000
73472  -48.483  20.986  26.800 0.0000000000
73480  -48.226  21.051  26.278 0.0000000000
74053  -47.849  21.140  26.510 0.0000000000
73471  -47.118  20.455  26.873 0.0000000000
72852  -46.235  19.639  26.843 0.0000000000
78524  -43.096  28.442  28.214 0.0000000000
78538  -43.633  29.003  27.864 0.0000000000
77972  -45.100  28.648  30.672 0.0000000000
77407  -45.604  26.374  30.180 0.0000000000
76824  -46.099  26.710  31.407 0.0000000000
76221  -44.965  24.885  32.580 0.0000000000
75111  -43.474  22.603  30.535 0.0000000000
66538  -43.371  8.037  35.565 0.0000000000
67185  -45.338  8.942  37.119 0.0000000000
66528  -45.215  8.465  36.682 0.0000000000
67192  -45.827  8.709  36.652 0.0000000000
67193  -46.470  9.174  35.824 0.0000000000
67219  -47.195  9.485  34.253 0.0000000000
67203  -47.369  9.814  34.613 0.0000000000
67914  -47.426  9.918  33.758 0.0000000000
67915  -47.618  10.521  33.275 0.0000000000
82214  -36.690  35.456  28.573 0.0000000000
82700  -38.918  36.738  27.462 0.0000000000
82699  -37.631  36.547  27.167 0.0000000000
82710  -36.611  36.493  25.793 0.0000000000
110492  -35.524  35.608  25.113 0.0000000000
81193  -35.446  33.739  24.243 0.0000000000
81707  -35.648  34.532  24.024 0.0000000000
81708  -36.371  34.553  23.503 0.0000000000
82237  -39.691  36.079  22.122 0.0000000000
81715  -38.558  34.615  22.259 0.0000000000
81721  -39.030  34.172  21.873 0.0000000000
80726  -39.792  32.765  22.094 0.0000000000
80231  -40.968  31.346  24.004 0.0000000000
80718  -40.983  31.951  23.047 0.0000000000
80243  -42.492  31.680  23.638 0.0000000000
81716  -45.117  33.804  22.500 0.0000000000
81204  -44.744  33.110  23.096 0.0000000000
112787  -45.498  33.225  23.771 0.0000000000
80701  -46.618  31.865  25.137 0.0000000000
80222  -46.789  31.217  25.418 0.0000000000
80223  -46.961  30.948  25.276 0.0000000000
79685  -47.057  30.475  24.807 0.0000000000
79142  -46.953  29.703  24.450 0.0000000000
98933  -47.599  31.526  24.264 0.0000000000
70430  -37.314  15.234  32.020 0.0000000000
70422  -37.622  14.735  32.578 0.0000000000
70416  -37.914  14.455  33.466 0.0000000000
112505  -38.604  14.360  33.670 0.0000000000
69882  -41.148  14.256  35.156 0.0000000000
110734  -41.195  14.236  34.512 0.0000000000
69891  -41.616  13.855  33.799 0.0000000000
69892  -42.509  13.685  34.159 0.0000000000
70435  -43.862  14.000  31.087 0.0000000000
69910  -43.388  13.467  31.660 0.0000000000
106934  -45.781  13.499  31.372 0.0000000000
69901  -46.570  12.958  31.889 0.0000000000
69902  -47.251  12.808  31.734 0.0000000000
69913  -47.296  13.352  30.968 0.0000000000
69926  -47.680  13.180  30.261 0.0000000000
76205  -37.659  25.107  32.978 0.0000000000
76821  -42.296  26.181  31.244 0.0000000000
76798  -42.099  25.990  33.326 0.0000000000
74516  -45.137  21.675  34.759 0.0000000000
75072  -44.000  22.700  35.048 0.0000000000
74515  -44.310  21.724  34.837 0.0000000000
74514  -43.370  22.001  34.612 0.0000000000
74533  -41.731  21.754  33.956 0.0000000000
74534  -42.770  21.469  34.144 0.0000000000
73411  -42.959  19.407  32.646 0.0000000000
72794  -45.488  18.112  32.473 0.0000000000
72190  -47.857  17.155  28.824 0.0000000000
116015  -48.014  17.136  29.966 0.0000000000
71581  -47.727  16.225  28.491 0.0000000000
97667  -47.601  15.446  28.061 0.0000000000
97037  -47.561  14.775  27.727 0.0000000000
97752  -47.601  14.655  26.683 0.0000000000
70507  -49.073  14.433  24.240 0.0000000000
93609  -45.855  18.599  21.768 0.0000000000
72268  -46.574  17.816  21.363 0.0000000000
107430  -44.844  18.299  20.694 0.0000000000
93611  -44.769  17.603  20.819 0.0000000000
95745  -43.601  17.499  20.736 0.0000000000
93608  -42.774  17.024  21.342 0.0000000000
107482  -42.136  17.275  20.892 0.0000000000
109234  -41.854  17.825  20.297 0.0000000000
73462  -43.354  19.229  28.837 0.0000000000
72838  -43.700  18.722  28.174 0.0000000000
101473  -43.211  18.290  27.575 0.0000000000
72218  -42.686  18.020  26.871 0.0000000000
72242  -38.633  17.603  24.931 0.0000000000
72243  -39.362  17.590  25.410 0.0000000000
94876  -39.271  18.458  21.992 0.0000000000
93605  -38.787  18.454  20.306 0.0000000000
104136  -37.897  18.308  20.213 0.0000000000
71632  -36.677  16.698  20.588 0.0000000000
71042  -36.262  16.119  21.462 0.0000000000
71631  -36.138  16.791  20.985 0.0000000000
71630  -35.715  17.188  22.088 0.0000000000
67927  -44.153  10.268  32.071 0.0000000000
79100  -45.907  29.300  28.572 0.0000000000
78527  -46.065  29.018  29.301 0.0000000000
78528  -46.468  28.599  29.218 0.0000000000
77419  -46.697  27.689  29.805 0.0000000000
100274  -46.458  27.174  28.747 0.0000000000
77418  -46.411  27.029  29.840 0.0000000000
100404  -44.709  25.586  29.930 0.0000000000
76248  -43.402  24.349  29.615 0.0000000000
111244  -43.151  24.660  28.003 0.0000000000
76263  -42.650  24.184  28.250 0.0000000000
65866  -42.106  7.347  36.762 0.0000000000
66519  -41.788  7.341  37.041 0.0000000000
67183  -43.317  8.822  36.813 0.0000000000
67896  -42.448  9.810  36.464 0.0000000000
106441  -43.408  10.023  36.692 0.0000000000
67897  -44.926  10.002  37.168 0.0000000000
68607  -45.281  10.953  36.748 0.0000000000
69284  -45.282  12.087  36.332 0.0000000000
83177  -40.427  37.111  27.877 0.0000000000
83194  -40.069  37.579  26.483 0.0000000000
83203  -39.304  37.586  25.398 0.0000000000
100408  -42.247  33.308  21.223 0.0000000000
81717  -45.959  34.722  22.649 0.0000000000
81710  -46.501  34.320  23.511 0.0000000000
81711  -47.042  34.593  23.594 0.0000000000
81718  -46.821  35.226  23.052 0.0000000000
82239  -46.961  35.815  22.487 0.0000000000
70969  -41.691  15.428  30.818 0.0000000000
70451  -43.217  14.674  30.871 0.0000000000
76245  -38.437  24.946  30.353 0.0000000000
76228  -38.892  24.968  31.196 0.0000000000
76782  -45.372  26.139  34.657 0.0000000000
76772  -44.643  25.947  35.264 0.0000000000
76773  -45.653  25.600  35.267 0.0000000000
76168  -45.436  24.411  35.438 0.0000000000
101151  -45.456  23.494  35.171 0.0000000000
75075  -46.560  22.687  34.107 0.0000000000
75074  -45.796  22.807  34.722 0.0000000000
75073  -44.923  22.586  35.062 0.0000000000
73984  -45.621  20.188  34.057 0.0000000000
73403  -46.013  19.544  33.557 0.0000000000
73413  -45.741  19.024  33.437 0.0000000000
99131  -46.401  18.850  32.936 0.0000000000
72797  -47.952  18.805  31.705 0.0000000000
72811  -48.156  18.128  31.163 0.0000000000
73428  -48.254  20.096  30.996 0.0000000000
72821  -48.424  19.120  29.317 0.0000000000
106116  -48.098  18.095  29.111 0.0000000000
72840  -48.240  18.271  27.996 0.0000000000
72219  -47.909  17.757  26.489 0.0000000000
71612  -48.178  16.880  24.838 0.0000000000
72244  -47.898  17.933  24.616 0.0000000000
72885  -47.433  18.533  22.995 0.0000000000
72863  -47.368  19.670  25.328 0.0000000000
72880  -47.011  19.003  23.504 0.0000000000
72884  -46.728  18.705  22.465 0.0000000000
115308  -45.225  18.764  22.817 0.0000000000
108362  -43.239  18.959  21.985 0.0000000000
72202  -40.643  17.856  27.960 0.0000000000
72214  -39.424  17.412  27.253 0.0000000000
72226  -38.842  17.325  26.291 0.0000000000
71608  -37.959  17.324  25.629 0.0000000000
71607  -37.234  17.338  25.036 0.0000000000
71620  -36.718  17.845  23.607 0.0000000000
78549  -40.447  28.809  26.690 0.0000000000
78535  -40.917  28.184  27.244 0.0000000000
77978  -41.591  27.191  28.328 0.0000000000
77427  -42.169  26.961  29.041 0.0000000000
77416  -42.546  26.895  29.947 0.0000000000
77405  -42.929  26.812  30.885 0.0000000000
77393  -44.739  26.877  32.998 0.0000000000
78518  -45.596  28.876  30.041 0.0000000000
78510  -45.810  28.686  30.991 0.0000000000
77963  -45.584  28.466  31.617 0.0000000000
114865  -46.094  28.015  32.418 0.0000000000
77953  -45.927  28.200  32.378 0.0000000000
77369  -44.985  26.439  33.835 0.0000000000
76211  -46.055  24.876  34.329 0.0000000000
75668  -46.106  23.897  33.699 0.0000000000
75099  -45.637  23.630  32.682 0.0000000000
74578  -46.688  21.735  29.833 0.0000000000
96947  -46.312  20.986  28.992 0.0000000000
74007  -44.139  21.135  30.110 0.0000000000
73444  -43.988  19.776  29.333 0.0000000000
73461  -42.401  19.225  28.970 0.0000000000
73460  -41.520  19.331  28.829 0.0000000000
75110  -42.781  22.739  29.940 0.0000000000
75127  -42.294  22.029  29.523 0.0000000000
74576  -42.434  21.351  29.531 0.0000000000
66539  -44.102  8.313  35.395 0.0000000000
67198  -43.456  8.800  34.305 0.0000000000
67928  -45.267  10.162  32.245 0.0000000000
97954  -46.975  10.143  31.392 0.0000000000
110937  -48.352  10.282  30.238 0.0000000000
93500  -48.553  9.973  29.833 0.0000000000
93507  -48.237  10.902  29.528 0.0000000000
82698  -36.672  36.320  27.332 0.0000000000
82690  -36.212  35.946  27.806 0.0000000000
82218  -34.685  35.302  27.095 0.0000000000
80695  -33.700  32.524  26.299 0.0000000000
79654  -34.184  30.957  26.359 0.0000000000
79663  -34.781  31.023  25.859 0.0000000000
79664  -35.536  30.836  25.676 0.0000000000
79665  -36.474  30.721  25.584 0.0000000000
80705  -35.379  32.929  24.585 0.0000000000
80217  -36.072  31.432  25.239 0.0000000000
79128  -36.841  30.077  25.913 0.0000000000
79129  -37.737  29.932  25.857 0.0000000000
79130  -38.473  30.113  25.641 0.0000000000
104001  -39.082  29.908  25.697 0.0000000000
83212  -38.124  36.953  24.131 0.0000000000
111795  -37.482  36.503  23.839 0.0000000000
81709  -37.150  34.539  23.015 0.0000000000
80715  -37.654  32.915  23.340 0.0000000000
81201  -38.392  33.863  22.338 0.0000000000
101525  -38.354  32.486  23.445 0.0000000000
80707  -37.923  32.280  23.968 0.0000000000
79667  -39.648  30.246  25.383 0.0000000000
79131  -39.684  29.753  25.818 0.0000000000
79132  -40.389  29.962  25.687 0.0000000000
79116  -41.718  29.501  26.420 0.0000000000
79684  -41.448  30.891  24.625 0.0000000000
113105  -41.864  30.458  25.256 0.0000000000
98746  -42.648  29.589  26.729 0.0000000000
79117  -43.628  29.887  26.827 0.0000000000
79118  -44.447  30.102  26.953 0.0000000000
80729  -42.411  32.488  22.241 0.0000000000
80720  -43.006  32.198  23.175 0.0000000000
80244  -43.540  31.886  23.870 0.0000000000
80708  -44.553  32.137  24.185 0.0000000000
80233  -43.988  31.643  24.534 0.0000000000
79105  -45.192  29.958  27.385 0.0000000000
79106  -46.067  29.600  27.724 0.0000000000
79107  -46.541  29.331  27.352 0.0000000000
79660  -46.658  30.322  26.173 0.0000000000
79119  -46.578  29.591  26.511 0.0000000000
78006  -46.646  28.103  26.513 0.0000000000
78016  -46.513  27.469  25.699 0.0000000000
79152  -47.070  29.460  24.069 0.0000000000
81198  -47.491  33.900  23.823 0.0000000000
80724  -47.982  32.977  23.552 0.0000000000
80249  -47.964  32.024  23.054 0.0000000000
69290  -42.166  13.465  36.000 0.0000000000
69869  -41.811  13.999  35.535 0.0000000000
69291  -43.286  13.466  36.166 0.0000000000
69292  -44.309  13.050  36.202 0.0000000000
69293  -45.159  12.784  35.895 0.0000000000
69294  -46.008  12.004  35.943 0.0000000000
69899  -42.193  13.362  32.829 0.0000000000
69304  -43.235  13.120  33.298 0.0000000000
69900  -43.781  12.962  32.318 0.0000000000
106931  -44.204  12.621  33.084 0.0000000000
69305  -43.940  12.970  33.984 0.0000000000
69300  -45.976  12.271  35.376 0.0000000000
69301  -46.704  11.573  35.383 0.0000000000
68623  -47.408  11.450  34.104 0.0000000000
68624  -47.663  11.235  33.492 0.0000000000
110026  -47.718  11.050  32.855 0.0000000000
69315  -47.463  12.272  32.345 0.0000000000
68635  -47.843  11.230  32.002 0.0000000000
67949  -48.845  9.776  31.453 0.0000000000
95713  -49.014  10.701  29.949 0.0000000000
93501  -48.438  11.185  29.105 0.0000000000
96339  -47.674  11.394  28.352 0.0000000000
74529  -37.701  21.712  33.437 0.0000000000
73988  -38.828  20.752  33.014 0.0000000000
113373  -40.325  27.650  27.388 0.0000000000
76851  -40.164  25.589  29.187 0.0000000000
76833  -40.943  25.624  29.786 0.0000000000
76832  -40.136  25.212  30.089 0.0000000000
76229  -39.863  25.052  31.174 0.0000000000
76207  -39.398  25.189  33.069 0.0000000000
76771  -43.249  26.017  35.065 0.0000000000
76188  -42.180  25.722  34.538 0.0000000000
75635  -42.794  24.182  35.015 0.0000000000
76778  -41.042  25.473  33.847 0.0000000000
76185  -39.767  24.764  33.728 0.0000000000
75654  -39.391  23.849  33.860 0.0000000000
74531  -39.752  22.070  33.602 0.0000000000
74532  -40.717  22.148  33.713 0.0000000000
73998  -40.033  20.104  32.209 0.0000000000
72791  -41.421  18.515  31.350 0.0000000000
72809  -42.074  18.103  31.220 0.0000000000
73419  -43.347  18.627  32.166 0.0000000000
72792  -42.775  18.181  31.615 0.0000000000
71564  -43.958  16.364  30.767 0.0000000000
72783  -45.918  18.543  32.994 0.0000000000
72795  -46.326  18.212  32.456 0.0000000000
72180  -46.594  17.253  31.132 0.0000000000
71575  -47.714  16.673  30.450 0.0000000000
111180  -46.510  15.954  30.566 0.0000000000
70454  -46.561  15.037  30.609 0.0000000000
102724  -47.506  14.296  30.157 0.0000000000
69930  -47.646  13.847  29.887 0.0000000000
69936  -47.736  13.302  29.368 0.0000000000
70466  -47.598  14.317  28.535 0.0000000000
69935  -47.619  13.698  28.266 0.0000000000
96163  -47.692  13.015  28.386 0.0000000000
104874  -47.697  12.247  28.269 0.0000000000
94531  -47.792  11.770  27.145 0.0000000000
95120  -48.978  10.733  26.075 0.0000000000
68746  -49.173  11.016  24.714 0.0000000000
68745  -48.942  11.434  23.616 0.0000000000
69391  -47.927  12.341  23.338 0.0000000000
95440  -48.719  12.709  22.470 0.0000000000
69971  -47.701  12.964  22.851 0.0000000000
70506  -46.746  13.483  23.476 0.0000000000
99025  -48.219  16.140  23.869 0.0000000000
71047  -47.727  15.957  22.240 0.0000000000
71046  -47.383  15.397  21.959 0.0000000000
71643  -46.673  16.998  21.381 0.0000000000
71053  -46.699  16.032  21.676 0.0000000000
71045  -46.598  15.252  21.894 0.0000000000
71035  -44.992  15.486  23.695 0.0000000000
71021  -44.500  15.365  24.921 0.0000000000
71020  -43.374  15.511  25.230 0.0000000000
71033  -42.915  15.937  24.456 0.0000000000
110334  -45.967  20.351  28.363 0.0000000000
72861  -45.426  18.723  26.314 0.0000000000
72860  -44.565  18.340  26.782 0.0000000000
95173  -44.280  18.321  24.642 0.0000000000
94846  -43.289  18.568  23.456 0.0000000000
107347  -42.574  18.942  22.040 0.0000000000
72216  -41.026  17.774  27.102 0.0000000000
93602  -40.152  17.784  25.036 0.0000000000
95374  -41.041  17.894  25.228 0.0000000000
109205  -41.889  18.852  22.108 0.0000000000
107429  -41.800  18.357  20.230 0.0000000000
94005  -41.199  18.091  20.072 0.0000000000
108227  -40.086  17.752  19.923 0.0000000000
94799  -39.432  18.134  19.916 0.0000000000
95422  -39.117  17.482  19.763 0.0000000000
93604  -39.738  17.058  20.383 0.0000000000
67186  -46.133  9.289  36.637 0.0000000000
67187  -46.656  9.705  35.875 0.0000000000
67202  -47.022  9.498  35.007 0.0000000000
68016  -49.195  10.761  25.368 0.0000000000
68609  -46.685  10.867  35.923 0.0000000000
68619  -47.329  11.144  34.899 0.0000000000
68731  -48.745  10.945  24.623 0.0000000000
68732  -49.416  10.991  25.411 0.0000000000
69308  -46.868  12.014  33.758 0.0000000000
69338  -47.797  12.383  30.651 0.0000000000
69377  -47.937  12.930  26.624 0.0000000000
69388  -49.435  11.468  24.608 0.0000000000
69392  -48.825  11.985  22.797 0.0000000000
69925  -47.454  13.613  30.456 0.0000000000
71563  -43.015  16.161  30.730 0.0000000000
71624  -47.892  16.610  23.047 0.0000000000
72165  -46.828  17.855  31.639 0.0000000000
72230  -42.154  17.841  26.130 0.0000000000
72253  -47.690  17.748  23.636 0.0000000000
72267  -45.738  18.254  21.172 0.0000000000
72849  -42.333  18.170  27.763 0.0000000000
72889  -46.434  18.337  21.714 0.0000000000
73446  -48.559  20.112  29.379 0.0000000000
74044  -48.102  21.438  28.484 0.0000000000
74045  -48.377  20.993  28.845 0.0000000000
74049  -48.137  21.398  26.832 0.0000000000
74537  -45.300  20.843  34.416 0.0000000000
75070  -42.085  23.384  34.644 0.0000000000
75638  -46.005  24.139  35.120 0.0000000000
76174  -45.809  25.031  35.392 0.0000000000
76187  -41.422  25.477  34.190 0.0000000000
76208  -40.347  25.340  33.345 0.0000000000
76779  -41.705  25.811  34.053 0.0000000000
77395  -46.325  27.521  31.978 0.0000000000
77408  -46.395  27.092  30.846 0.0000000000
77442  -40.161  27.032  27.741 0.0000000000
77954  -46.159  28.182  31.790 0.0000000000
77964  -46.514  28.069  30.745 0.0000000000
77991  -41.688  27.827  27.778 0.0000000000
78041  -46.667  27.913  24.195 0.0000000000
78545  -36.347  29.049  26.610 0.0000000000
79114  -40.040  29.361  26.222 0.0000000000
79115  -40.857  29.443  26.298 0.0000000000
79120  -46.655  29.595  25.846 0.0000000000
79127  -35.983  30.163  26.010 0.0000000000
79134  -42.227  30.076  25.986 0.0000000000
79650  -45.920  30.163  27.099 0.0000000000
79655  -34.988  30.223  26.150 0.0000000000
79666  -38.924  30.473  25.260 0.0000000000
79682  -39.587  30.825  24.756 0.0000000000
80213  -34.253  31.724  26.004 0.0000000000
80219  -43.342  31.229  25.021 0.0000000000
80242  -41.563  31.595  23.524 0.0000000000
80698  -33.907  33.104  26.037 0.0000000000
80700  -34.998  32.401  25.014 0.0000000000
80702  -47.056  31.583  25.022 0.0000000000
80704  -34.743  33.039  25.087 0.0000000000
80706  -36.848  32.684  23.979 0.0000000000
80722  -45.063  32.669  23.896 0.0000000000
81194  -36.063  33.827  23.749 0.0000000000
81200  -37.674  33.710  22.811 0.0000000000
81689  -34.556  34.359  28.350 0.0000000000
81693  -34.319  34.562  27.472 0.0000000000
81704  -34.990  34.385  24.745 0.0000000000
82213  -35.714  35.352  28.325 0.0000000000
82219  -35.353  35.725  27.503 0.0000000000
82220  -34.763  35.271  26.182 0.0000000000
82226  -35.983  35.818  24.583 0.0000000000
82230  -36.045  35.310  23.881 0.0000000000
82704  -35.886  36.281  27.082 0.0000000000
82709  -35.877  36.246  26.248 0.0000000000
82713  -35.943  36.095  25.394 0.0000000000
82718  -37.408  36.048  23.345 0.0000000000
83185  -39.865  37.179  27.203 0.0000000000
93496  -49.263  10.099  29.511 0.0000000000
93497  -49.395  9.905  29.600 0.0000000000
93499  -49.015  10.848  29.424 0.0000000000
93508  -47.966  11.275  26.747 0.0000000000
93509  -47.916  11.522  29.098 0.0000000000
93510  -49.114  13.010  25.868 0.0000000000
93512  -49.555  12.136  23.904 0.0000000000
93514  -49.261  12.124  22.943 0.0000000000
95316  -49.118  11.236  26.278 0.0000000000
95593  -44.917  18.702  21.725 0.0000000000
95606  -49.351  9.783  29.714 0.0000000000
95912  -47.255  10.648  27.304 0.0000000000
95959  -49.198  9.400  29.998 0.0000000000
96106  -49.083  11.862  22.804 0.0000000000
96722  -39.238  32.669  22.611 0.0000000000
100111  -36.087  32.570  24.442 0.0000000000
100254  -42.244  16.026  30.636 0.0000000000
103357  -45.929  20.983  34.029 0.0000000000
104203  -34.296  33.245  25.599 0.0000000000
104670  -35.450  35.167  24.532 0.0000000000
105858  -47.214  19.182  24.517 0.0000000000
107062  -38.510  29.543  26.043 0.0000000000
109204  -43.891  18.257  20.449 0.0000000000
110017  -45.939  15.937  21.699 0.0000000000
110371  -47.664  12.127  32.120 0.0000000000
110531  -37.322  30.603  25.511 0.0000000000
111133  -49.090  9.835  29.553 0.0000000000
111604  -38.102  30.661  25.352 0.0000000000
113293  -47.711  12.641  27.401 0.0000000000
113316  -38.441  32.975  22.782 0.0000000000
113806  -49.357  9.109  30.317 0.0000000000
113910  -49.082  14.404  23.052 0.0000000000
114553  -46.475  27.294  28.012 0.0000000000
114608  -37.621  30.960  25.231 0.0000000000
114975  -40.956  31.641  23.525 0.0000000000
115496  -49.325  10.140  29.593 0.0000000000
115574  -44.465  29.228  28.247 0.0000000000
115587  -46.461  10.778  27.391 0.0000000000
116057  -41.175  16.648  22.065 0.0000000000
