#!ascii label  , from subject sub-v1s20x0050355_ses-1 vox2ras=TkReg
1022
49194  13.296  -20.615  52.994 0.0000000000
40970  7.585  -29.848  36.244 0.0000000000
41741  8.658  -28.320  49.962 0.0000000000
115930  8.695  -20.971  47.220 0.0000000000
51817  9.368  -17.559  40.132 0.0000000000
45511  10.589  -24.225  54.303 0.0000000000
49198  7.995  -20.569  53.158 0.0000000000
46495  17.090  -22.758  51.194 0.0000000000
43594  13.880  -26.876  52.538 0.0000000000
39005  10.117  -29.416  50.396 0.0000000000
54428  8.259  -14.450  48.761 0.0000000000
50913  9.798  -18.451  44.531 0.0000000000
124716  9.507  -12.824  43.833 0.0000000000
39073  6.251  -31.548  46.717 0.0000000000
41801  8.023  -28.724  44.159 0.0000000000
46520  7.410  -23.963  49.238 0.0000000000
52564  8.915  -16.833  52.253 0.0000000000
45643  8.914  -25.807  41.861 0.0000000000
46624  11.895  -23.574  38.898 0.0000000000
48470  11.291  -20.688  34.742 0.0000000000
55456  8.681  -14.028  35.984 0.0000000000
48325  12.242  -21.778  53.582 0.0000000000
48315  10.203  -21.367  54.259 0.0000000000
48321  15.162  -20.963  52.247 0.0000000000
44537  15.068  -25.494  51.703 0.0000000000
46499  14.083  -23.523  52.402 0.0000000000
44534  12.441  -26.090  53.900 0.0000000000
127408  8.713  -13.722  46.095 0.0000000000
39931  7.793  -29.996  48.275 0.0000000000
41769  8.196  -28.690  47.142 0.0000000000
44566  7.273  -26.207  50.041 0.0000000000
107576  5.653  -15.906  57.062 0.0000000000
51664  8.399  -17.558  53.689 0.0000000000
40830  9.029  -28.780  50.318 0.0000000000
37384  7.933  -32.166  48.328 0.0000000000
39025  6.816  -31.374  48.737 0.0000000000
37420  4.961  -33.370  47.979 0.0000000000
125893  8.429  -24.945  45.180 0.0000000000
43702  8.294  -27.015  42.908 0.0000000000
46568  9.106  -23.893  44.218 0.0000000000
51797  9.713  -17.690  42.154 0.0000000000
48401  12.486  -21.091  41.835 0.0000000000
118699  11.570  -19.557  39.758 0.0000000000
47585  12.255  -22.291  35.892 0.0000000000
50116  10.447  -18.597  37.862 0.0000000000
126064  8.609  -26.256  52.728 0.0000000000
45517  6.753  -24.761  51.634 0.0000000000
48328  8.728  -21.962  53.786 0.0000000000
49162  7.814  -19.324  56.633 0.0000000000
46510  18.097  -23.503  50.970 0.0000000000
44574  17.101  -25.186  48.844 0.0000000000
44547  16.062  -25.515  50.618 0.0000000000
42664  14.833  -27.606  50.830 0.0000000000
40821  12.318  -28.167  52.450 0.0000000000
42655  9.752  -27.346  53.198 0.0000000000
51725  8.786  -17.609  47.933 0.0000000000
49227  9.650  -20.131  45.927 0.0000000000
52637  9.177  -16.280  46.189 0.0000000000
52661  9.530  -16.360  44.116 0.0000000000
54488  9.423  -14.809  41.844 0.0000000000
49981  14.323  -19.461  55.518 0.0000000000
48339  21.557  -21.613  49.877 0.0000000000
48330  22.341  -21.436  52.617 0.0000000000
47415  19.026  -21.629  52.597 0.0000000000
49190  16.600  -20.326  53.402 0.0000000000
37463  5.022  -33.655  44.271 0.0000000000
39117  6.293  -31.814  42.863 0.0000000000
40883  7.312  -30.248  45.622 0.0000000000
110122  8.368  -26.301  46.040 0.0000000000
109820  7.807  -22.999  47.742 0.0000000000
47438  6.309  -22.662  50.366 0.0000000000
49209  7.679  -20.531  50.147 0.0000000000
50008  8.465  -19.275  49.399 0.0000000000
121260  8.474  -16.158  49.742 0.0000000000
110655  6.824  -30.412  41.688 0.0000000000
42773  7.885  -28.203  40.866 0.0000000000
43746  8.243  -27.306  39.328 0.0000000000
47493  10.289  -22.721  43.677 0.0000000000
46614  10.336  -24.846  40.431 0.0000000000
44727  9.245  -26.372  37.781 0.0000000000
45711  9.453  -25.195  35.406 0.0000000000
46676  9.631  -23.239  34.090 0.0000000000
56295  10.687  -12.728  42.172 0.0000000000
55417  10.017  -13.997  40.307 0.0000000000
55440  11.248  -13.308  38.124 0.0000000000
53613  8.533  -15.967  37.911 0.0000000000
51863  9.302  -17.661  35.838 0.0000000000
48313  12.549  -20.920  53.418 0.0000000000
49184  11.859  -20.397  54.244 0.0000000000
49173  12.161  -19.822  54.841 0.0000000000
49193  14.129  -20.376  52.971 0.0000000000
120800  14.290  -23.107  51.917 0.0000000000
47421  13.871  -22.585  52.300 0.0000000000
120130  13.596  -22.743  52.870 0.0000000000
39193  7.781  -30.853  34.937 0.0000000000
41894  7.652  -28.786  35.181 0.0000000000
40846  8.123  -29.281  48.881 0.0000000000
124861  8.374  -27.761  49.516 0.0000000000
42666  8.482  -27.695  49.968 0.0000000000
45577  18.792  -23.874  47.209 0.0000000000
40835  8.854  -28.537  50.129 0.0000000000
39017  8.352  -30.133  49.124 0.0000000000
40842  8.263  -29.786  49.089 0.0000000000
39032  6.086  -31.356  49.142 0.0000000000
46543  8.638  -23.692  45.715 0.0000000000
45591  8.544  -24.651  44.877 0.0000000000
47468  8.983  -23.138  45.466 0.0000000000
51807  9.467  -17.540  40.911 0.0000000000
50087  10.435  -18.999  40.747 0.0000000000
50966  10.045  -18.392  40.068 0.0000000000
50106  10.987  -18.927  38.513 0.0000000000
50974  9.576  -17.922  38.938 0.0000000000
44542  9.105  -25.123  53.642 0.0000000000
45513  8.434  -24.411  53.345 0.0000000000
46503  10.021  -23.494  54.149 0.0000000000
49990  9.240  -19.656  54.881 0.0000000000
52517  6.736  -16.363  56.441 0.0000000000
45504  17.246  -23.364  51.068 0.0000000000
45516  17.357  -24.135  50.771 0.0000000000
44535  16.509  -24.360  50.951 0.0000000000
44538  14.503  -25.785  52.272 0.0000000000
43599  15.036  -26.585  51.403 0.0000000000
42658  14.558  -27.659  51.926 0.0000000000
42653  12.972  -27.794  52.720 0.0000000000
112642  11.083  -25.014  54.371 0.0000000000
121764  11.355  -26.561  54.055 0.0000000000
44541  10.503  -25.903  54.135 0.0000000000
43597  9.073  -26.802  53.048 0.0000000000
53527  8.540  -15.581  48.329 0.0000000000
51738  8.986  -17.498  47.085 0.0000000000
53541  8.907  -15.620  46.816 0.0000000000
112634  9.206  -12.890  45.030 0.0000000000
119458  9.333  -14.601  44.942 0.0000000000
54463  9.292  -14.071  44.388 0.0000000000
54478  9.350  -14.856  42.733 0.0000000000
55386  9.426  -13.835  43.128 0.0000000000
46492  20.084  -22.241  52.706 0.0000000000
38246  5.684  -32.529  45.329 0.0000000000
39103  6.130  -32.004  44.806 0.0000000000
114724  6.448  -31.343  45.828 0.0000000000
44590  8.163  -26.257  48.148 0.0000000000
42708  8.338  -27.814  46.427 0.0000000000
115982  7.953  -25.389  47.428 0.0000000000
45563  8.049  -24.807  46.591 0.0000000000
46526  7.620  -23.853  48.067 0.0000000000
47434  7.264  -22.567  52.575 0.0000000000
46511  6.869  -23.150  51.983 0.0000000000
49203  7.453  -20.934  52.489 0.0000000000
51672  8.711  -17.580  52.658 0.0000000000
50002  8.266  -19.852  51.082 0.0000000000
50001  8.721  -19.429  50.533 0.0000000000
49208  8.248  -19.950  49.758 0.0000000000
51693  9.009  -17.910  50.586 0.0000000000
51704  8.726  -18.008  49.694 0.0000000000
52575  8.656  -16.224  51.685 0.0000000000
44575  16.361  -25.532  49.127 0.0000000000
112839  16.446  -24.884  47.273 0.0000000000
39023  10.620  -29.703  49.246 0.0000000000
38207  9.647  -30.979  47.679 0.0000000000
38208  9.283  -31.348  47.940 0.0000000000
37401  7.166  -32.903  47.964 0.0000000000
36486  7.577  -33.685  47.247 0.0000000000
38224  5.111  -32.768  47.641 0.0000000000
37447  5.192  -33.222  45.936 0.0000000000
40900  7.354  -30.092  43.156 0.0000000000
39996  6.425  -31.307  42.279 0.0000000000
41814  7.477  -29.671  42.507 0.0000000000
44657  8.605  -26.092  42.502 0.0000000000
121165  8.049  -27.945  41.388 0.0000000000
117612  8.433  -26.949  41.048 0.0000000000
42801  7.895  -27.882  39.800 0.0000000000
114413  8.520  -26.855  40.335 0.0000000000
124042  9.612  -19.060  45.136 0.0000000000
48373  10.487  -21.356  44.842 0.0000000000
49235  10.954  -20.510  44.499 0.0000000000
47533  12.786  -22.166  40.367 0.0000000000
47519  11.671  -22.679  41.700 0.0000000000
46626  10.699  -24.561  39.689 0.0000000000
45674  9.670  -25.536  39.039 0.0000000000
121635  10.173  -25.264  38.474 0.0000000000
114425  9.366  -25.846  37.067 0.0000000000
45687  10.903  -24.576  37.427 0.0000000000
48463  11.991  -21.093  35.292 0.0000000000
46667  10.699  -22.958  34.575 0.0000000000
47609  10.841  -22.110  34.443 0.0000000000
56312  11.718  -12.703  40.870 0.0000000000
56335  10.672  -13.161  41.208 0.0000000000
121392  11.437  -12.929  39.810 0.0000000000
56407  9.606  -13.083  36.012 0.0000000000
55454  10.169  -13.453  36.676 0.0000000000
54513  9.431  -14.719  37.867 0.0000000000
54524  8.767  -15.194  37.379 0.0000000000
122005  8.713  -17.354  36.973 0.0000000000
109151  8.623  -16.134  36.149 0.0000000000
46502  11.220  -23.409  54.229 0.0000000000
47424  10.580  -22.741  54.144 0.0000000000
48314  11.516  -21.249  54.041 0.0000000000
47418  15.663  -22.935  51.310 0.0000000000
46496  16.036  -23.610  51.159 0.0000000000
118195  14.818  -23.083  51.582 0.0000000000
45507  14.411  -25.047  52.380 0.0000000000
110155  14.116  -25.478  52.598 0.0000000000
44533  13.354  -26.108  53.274 0.0000000000
45509  13.564  -24.720  53.269 0.0000000000
46501  12.641  -23.291  53.800 0.0000000000
55339  8.185  -12.983  48.145 0.0000000000
122918  8.473  -14.132  47.355 0.0000000000
56225  8.444  -12.542  47.360 0.0000000000
57283  8.858  -11.995  45.966 0.0000000000
130134  9.618  -12.157  45.049 0.0000000000
39057  6.500  -31.274  47.893 0.0000000000
126597  6.945  -30.780  47.256 0.0000000000
113345  7.862  -29.604  47.829 0.0000000000
43630  8.298  -27.189  48.864 0.0000000000
112096  7.224  -25.466  49.701 0.0000000000
107111  6.949  -18.394  55.532 0.0000000000
115268  8.032  -19.771  52.822 0.0000000000
51660  7.657  -17.460  54.704 0.0000000000
108627  8.228  -16.753  54.021 0.0000000000
53468  7.499  -15.375  54.343 0.0000000000
53491  8.491  -15.335  52.817 0.0000000000
39006  9.443  -29.590  50.188 0.0000000000
38185  9.303  -30.521  49.270 0.0000000000
121240  8.405  -30.431  49.109 0.0000000000
117103  6.295  -32.185  49.602 0.0000000000
37386  5.929  -32.451  49.479 0.0000000000
36488  5.450  -33.508  48.036 0.0000000000
38212  5.635  -32.172  49.413 0.0000000000
39043  5.885  -31.391  48.830 0.0000000000
108679  8.370  -25.894  44.940 0.0000000000
109260  8.352  -27.173  43.544 0.0000000000
44633  8.407  -25.952  44.290 0.0000000000
45617  8.828  -25.061  43.631 0.0000000000
45616  9.175  -24.945  43.074 0.0000000000
122818  10.049  -18.020  43.017 0.0000000000
50052  11.329  -19.650  43.489 0.0000000000
50063  10.986  -19.478  42.213 0.0000000000
123871  12.760  -20.656  40.410 0.0000000000
119928  13.021  -22.058  39.315 0.0000000000
47558  12.779  -22.618  37.680 0.0000000000
49302  12.749  -20.568  37.837 0.0000000000
49313  11.756  -19.910  37.220 0.0000000000
118575  11.033  -19.652  35.872 0.0000000000
109640  8.500  -13.724  35.349 0.0000000000
53625  8.476  -15.199  35.096 0.0000000000
54547  8.798  -14.360  34.205 0.0000000000
43601  8.726  -26.651  51.207 0.0000000000
43604  7.478  -26.328  51.154 0.0000000000
44548  7.345  -25.492  51.931 0.0000000000
46507  7.644  -23.537  52.881 0.0000000000
115216  8.609  -21.162  53.801 0.0000000000
48327  9.903  -22.129  54.119 0.0000000000
48316  9.216  -20.962  54.249 0.0000000000
49991  8.720  -19.761  54.415 0.0000000000
112662  6.358  -18.111  56.073 0.0000000000
45522  18.688  -23.538  50.669 0.0000000000
45547  18.346  -24.364  48.651 0.0000000000
44553  17.665  -24.691  50.034 0.0000000000
44536  15.716  -25.011  51.180 0.0000000000
43610  15.399  -26.783  50.544 0.0000000000
43621  15.138  -26.749  49.932 0.0000000000
39897  11.328  -29.137  50.089 0.0000000000
39885  11.201  -28.573  50.699 0.0000000000
43590  12.231  -27.190  53.747 0.0000000000
41726  11.566  -28.049  52.812 0.0000000000
39876  10.516  -28.051  51.268 0.0000000000
40825  10.181  -27.413  51.461 0.0000000000
42659  9.488  -26.971  51.288 0.0000000000
118664  8.712  -19.455  47.469 0.0000000000
49222  9.386  -20.346  46.308 0.0000000000
50019  9.014  -18.982  46.878 0.0000000000
50025  9.363  -18.674  45.964 0.0000000000
51767  9.628  -18.047  44.974 0.0000000000
53548  9.116  -15.344  46.049 0.0000000000
129993  9.599  -16.375  44.917 0.0000000000
117004  9.825  -17.725  44.133 0.0000000000
121841  9.544  -16.859  42.868 0.0000000000
51798  9.559  -17.078  42.085 0.0000000000
116198  9.195  -15.735  41.189 0.0000000000
49182  13.706  -19.676  53.867 0.0000000000
47440  20.478  -22.574  49.314 0.0000000000
49205  24.009  -19.876  51.568 0.0000000000
49197  23.391  -20.315  52.529 0.0000000000
49202  22.871  -20.889  51.606 0.0000000000
48335  22.339  -21.383  51.276 0.0000000000
47436  21.180  -22.324  51.288 0.0000000000
47437  20.331  -22.717  50.802 0.0000000000
45503  18.584  -22.614  51.728 0.0000000000
47416  18.148  -21.603  51.994 0.0000000000
48319  18.054  -20.798  52.863 0.0000000000
48320  17.117  -20.910  52.369 0.0000000000
110507  16.058  -20.911  52.268 0.0000000000
49192  14.919  -20.265  53.078 0.0000000000
39983  6.909  -30.970  44.268 0.0000000000
40882  7.754  -29.545  44.908 0.0000000000
40863  7.764  -29.468  46.863 0.0000000000
41780  8.102  -28.637  46.178 0.0000000000
128310  8.353  -27.135  45.159 0.0000000000
126323  8.389  -25.853  45.539 0.0000000000
46544  8.355  -24.225  46.130 0.0000000000
48348  8.232  -21.931  47.592 0.0000000000
44549  6.561  -25.531  51.073 0.0000000000
45525  6.441  -24.691  49.842 0.0000000000
46514  6.103  -23.664  49.974 0.0000000000
122863  7.426  -20.419  51.410 0.0000000000
49204  7.069  -20.839  50.728 0.0000000000
123599  7.524  -22.383  49.274 0.0000000000
48341  7.770  -21.588  49.351 0.0000000000
109618  8.187  -20.847  48.989 0.0000000000
111503  8.448  -19.461  48.234 0.0000000000
50870  8.628  -18.320  48.332 0.0000000000
119493  8.571  -17.000  49.305 0.0000000000
53518  8.346  -15.417  49.247 0.0000000000
119394  8.181  -14.657  52.243 0.0000000000
54425  7.870  -14.052  50.288 0.0000000000
54429  7.907  -13.720  49.483 0.0000000000
37418  9.209  -32.288  46.276 0.0000000000
37383  8.733  -32.116  47.715 0.0000000000
41826  8.108  -28.382  41.963 0.0000000000
40920  7.372  -29.663  41.373 0.0000000000
41876  7.912  -28.274  38.370 0.0000000000
47467  9.461  -22.346  45.405 0.0000000000
47494  9.601  -23.277  43.977 0.0000000000
46592  9.484  -24.438  42.920 0.0000000000
48390  11.838  -21.714  43.016 0.0000000000
47520  10.691  -23.277  42.058 0.0000000000
45653  9.568  -25.713  40.786 0.0000000000
44701  8.737  -26.532  39.532 0.0000000000
43761  8.452  -27.189  38.496 0.0000000000
118913  8.222  -27.496  36.929 0.0000000000
43795  8.379  -26.930  36.265 0.0000000000
124336  10.714  -24.205  35.869 0.0000000000
45723  9.450  -24.339  34.471 0.0000000000
57313  10.533  -11.955  44.389 0.0000000000
129511  11.713  -12.111  43.009 0.0000000000
56279  9.924  -12.643  43.102 0.0000000000
123777  9.921  -13.205  42.208 0.0000000000
54487  9.612  -14.115  41.632 0.0000000000
118051  9.164  -15.522  40.448 0.0000000000
119766  11.156  -13.240  39.252 0.0000000000
126945  9.705  -14.668  39.193 0.0000000000
52745  8.867  -16.739  39.293 0.0000000000
51843  8.761  -17.386  37.858 0.0000000000
50994  9.448  -18.236  36.850 0.0000000000
51004  10.252  -18.687  35.710 0.0000000000
51013  10.637  -18.451  35.039 0.0000000000
49183  12.746  -19.996  53.858 0.0000000000
48323  13.885  -21.401  52.426 0.0000000000
48324  13.222  -21.750  52.823 0.0000000000
117082  7.723  -30.520  35.706 0.0000000000
40981  7.611  -29.498  35.302 0.0000000000
109827  7.635  -28.996  36.234 0.0000000000
41742  8.227  -28.986  49.133 0.0000000000
128335  8.494  -28.484  49.677 0.0000000000
46525  19.515  -23.604  48.507 0.0000000000
46530  19.463  -23.587  47.611 0.0000000000
45560  18.910  -23.977  48.108 0.0000000000
40841  8.449  -28.945  49.477 0.0000000000
40847  8.091  -29.808  48.839 0.0000000000
47449  8.779  -22.022  46.638 0.0000000000
127026  8.837  -22.862  46.042 0.0000000000
48364  9.189  -22.126  45.986 0.0000000000
51818  9.134  -17.186  40.485 0.0000000000
50957  9.674  -17.912  40.582 0.0000000000
50973  9.911  -18.239  39.142 0.0000000000
51825  9.336  -17.594  39.275 0.0000000000
119128  10.057  -25.003  54.173 0.0000000000
45512  9.520  -24.275  53.963 0.0000000000
111172  16.355  -24.043  51.050 0.0000000000
43593  14.281  -26.615  52.260 0.0000000000
42651  14.100  -27.345  52.347 0.0000000000
41734  14.314  -28.333  51.815 0.0000000000
41730  14.086  -28.166  52.381 0.0000000000
41724  13.511  -27.924  52.613 0.0000000000
42652  13.556  -27.329  52.681 0.0000000000
127593  9.632  -25.694  53.860 0.0000000000
122632  8.769  -16.171  47.566 0.0000000000
53533  8.694  -15.354  47.514 0.0000000000
56263  9.330  -13.024  44.214 0.0000000000
55376  9.255  -13.433  44.685 0.0000000000
55380  9.341  -13.593  43.889 0.0000000000
55385  9.456  -13.261  43.480 0.0000000000
39090  6.007  -31.937  45.864 0.0000000000
44576  7.868  -25.471  48.733 0.0000000000
45548  7.685  -24.695  48.358 0.0000000000
48331  7.693  -21.851  53.091 0.0000000000
48334  6.929  -21.719  52.069 0.0000000000
51683  8.905  -17.740  51.580 0.0000000000
50852  8.974  -18.669  50.946 0.0000000000
126796  8.954  -18.822  50.141 0.0000000000
52574  8.839  -16.944  51.157 0.0000000000
39015  10.029  -30.043  49.768 0.0000000000
128822  10.113  -30.231  49.163 0.0000000000
39024  9.957  -30.396  49.019 0.0000000000
36487  6.502  -33.661  47.717 0.0000000000
39074  5.750  -32.167  47.096 0.0000000000
38234  5.424  -32.654  46.482 0.0000000000
40899  7.784  -29.283  43.218 0.0000000000
43723  8.498  -26.563  41.690 0.0000000000
44672  8.851  -26.451  41.065 0.0000000000
50038  9.916  -19.211  44.688 0.0000000000
49236  10.296  -20.175  44.990 0.0000000000
50037  10.634  -19.526  44.164 0.0000000000
47547  12.266  -23.118  39.725 0.0000000000
46637  11.091  -24.262  38.979 0.0000000000
45673  10.347  -24.927  39.049 0.0000000000
45672  10.853  -24.645  38.261 0.0000000000
45688  10.342  -25.210  37.745 0.0000000000
46651  11.590  -24.027  37.680 0.0000000000
47596  11.505  -21.583  34.770 0.0000000000
48471  10.327  -21.239  34.138 0.0000000000
57355  12.463  -12.299  41.280 0.0000000000
57372  12.540  -12.306  40.329 0.0000000000
56334  11.245  -12.953  40.657 0.0000000000
56333  11.910  -12.637  40.031 0.0000000000
55455  9.270  -13.725  36.307 0.0000000000
54523  9.068  -14.460  36.804 0.0000000000
54527  8.667  -14.965  36.346 0.0000000000
129878  8.609  -15.570  36.253 0.0000000000
53618  8.572  -15.426  35.751 0.0000000000
47423  11.753  -22.573  53.971 0.0000000000
49174  11.181  -20.003  55.063 0.0000000000
47419  15.358  -21.953  51.650 0.0000000000
46498  14.473  -24.108  52.044 0.0000000000
45508  14.038  -24.615  52.685 0.0000000000
44539  13.701  -25.443  52.989 0.0000000000
47422  12.801  -22.369  53.398 0.0000000000
45510  11.760  -24.228  54.284 0.0000000000
117313  9.033  -11.470  46.511 0.0000000000
113814  9.144  -11.666  45.901 0.0000000000
57298  9.276  -12.087  45.412 0.0000000000
111905  9.521  -11.698  45.568 0.0000000000
39946  7.192  -30.675  47.830 0.0000000000
42686  8.271  -28.247  48.897 0.0000000000
43622  8.272  -26.860  49.828 0.0000000000
117781  8.056  -26.176  49.315 0.0000000000
50841  7.957  -18.318  54.504 0.0000000000
52525  6.838  -17.298  55.516 0.0000000000
53457  6.133  -15.470  55.468 0.0000000000
111101  7.902  -15.978  54.242 0.0000000000
53469  6.810  -15.081  54.772 0.0000000000
39887  9.314  -29.082  50.443 0.0000000000
39007  9.071  -29.856  49.810 0.0000000000
39018  7.861  -30.559  48.636 0.0000000000
38187  7.434  -31.179  48.577 0.0000000000
117956  6.532  -31.924  49.372 0.0000000000
38211  5.998  -32.172  49.883 0.0000000000
37403  5.453  -32.807  48.765 0.0000000000
38200  5.923  -31.732  49.632 0.0000000000
39932  6.720  -31.174  48.540 0.0000000000
39058  5.965  -31.697  47.858 0.0000000000
45604  8.448  -25.275  44.738 0.0000000000
46569  8.766  -24.265  44.598 0.0000000000
45603  8.630  -24.873  44.363 0.0000000000
46581  8.855  -24.537  44.108 0.0000000000
46580  9.121  -24.508  43.604 0.0000000000
50934  9.832  -18.046  42.310 0.0000000000
50064  10.339  -18.935  42.432 0.0000000000
50945  9.821  -18.493  41.937 0.0000000000
117795  10.732  -19.026  39.920 0.0000000000
50086  11.319  -19.503  40.569 0.0000000000
50085  12.216  -20.036  40.456 0.0000000000
121996  13.028  -21.261  39.932 0.0000000000
49282  12.474  -20.286  39.571 0.0000000000
48429  13.195  -21.746  38.233 0.0000000000
49291  12.422  -20.191  38.677 0.0000000000
50115  11.165  -19.047  37.586 0.0000000000
49321  11.580  -20.145  36.348 0.0000000000
114517  10.581  -18.828  37.150 0.0000000000
56424  8.405  -12.121  35.264 0.0000000000
55471  8.306  -12.974  35.042 0.0000000000
54538  8.379  -14.174  34.899 0.0000000000
55480  8.564  -13.445  34.434 0.0000000000
43600  8.141  -26.213  52.079 0.0000000000
44545  8.231  -25.431  52.877 0.0000000000
46504  8.862  -23.526  53.697 0.0000000000
47430  8.229  -22.710  53.455 0.0000000000
49187  9.119  -20.305  54.399 0.0000000000
49987  8.166  -19.494  55.576 0.0000000000
107109  6.490  -19.079  55.861 0.0000000000
49977  6.533  -19.076  56.296 0.0000000000
124651  18.254  -24.175  50.188 0.0000000000
45523  17.861  -24.132  50.538 0.0000000000
44546  16.774  -24.993  50.513 0.0000000000
44554  16.922  -25.170  50.161 0.0000000000
44555  16.195  -25.645  50.265 0.0000000000
45505  15.480  -24.624  51.368 0.0000000000
42660  14.906  -27.218  51.391 0.0000000000
43603  15.270  -26.799  50.950 0.0000000000
42663  15.127  -27.230  50.948 0.0000000000
42673  15.253  -27.075  50.501 0.0000000000
42674  14.693  -27.246  50.216 0.0000000000
41745  13.005  -27.838  49.964 0.0000000000
40826  12.795  -28.798  52.234 0.0000000000
39884  12.155  -28.483  51.209 0.0000000000
39898  11.136  -29.238  50.257 0.0000000000
128391  11.912  -27.980  51.510 0.0000000000
43589  13.035  -26.712  53.460 0.0000000000
43595  10.400  -27.103  53.693 0.0000000000
42650  11.156  -27.479  53.694 0.0000000000
41727  10.612  -27.924  53.086 0.0000000000
40823  11.119  -27.532  52.138 0.0000000000
112988  10.628  -27.311  52.186 0.0000000000
40824  10.552  -27.546  51.550 0.0000000000
41728  10.121  -27.329  52.589 0.0000000000
42656  9.583  -26.932  52.494 0.0000000000
110304  8.976  -26.618  52.137 0.0000000000
50015  8.664  -18.880  47.835 0.0000000000
50879  8.887  -18.246  47.420 0.0000000000
119762  9.197  -17.222  46.303 0.0000000000
50892  9.171  -18.096  46.533 0.0000000000
122746  9.499  -18.316  45.473 0.0000000000
113482  9.438  -16.826  45.552 0.0000000000
113903  8.614  -14.036  46.630 0.0000000000
118169  8.881  -14.801  46.482 0.0000000000
121441  8.999  -14.350  45.798 0.0000000000
53562  9.448  -15.519  44.672 0.0000000000
53556  9.302  -15.134  45.415 0.0000000000
124171  9.660  -17.092  43.589 0.0000000000
52675  9.455  -16.408  43.333 0.0000000000
52692  9.383  -16.137  42.601 0.0000000000
53578  9.380  -15.599  41.994 0.0000000000
52709  9.332  -16.445  41.622 0.0000000000
127246  13.796  -19.353  54.815 0.0000000000
49982  13.471  -19.533  55.599 0.0000000000
49972  13.936  -19.300  56.225 0.0000000000
48343  21.478  -21.320  48.830 0.0000000000
48340  20.925  -22.032  49.174 0.0000000000
47439  20.944  -22.311  50.187 0.0000000000
49189  22.609  -20.637  53.342 0.0000000000
114718  23.277  -20.206  53.077 0.0000000000
48317  22.791  -20.843  52.843 0.0000000000
49201  23.453  -20.395  51.917 0.0000000000
48329  22.862  -20.902  52.267 0.0000000000
48332  22.390  -21.459  52.000 0.0000000000
47433  20.550  -22.561  51.712 0.0000000000
46493  19.254  -22.228  52.287 0.0000000000
46494  18.173  -22.410  51.616 0.0000000000
49178  17.812  -19.934  54.857 0.0000000000
48312  17.500  -20.370  53.763 0.0000000000
49170  15.221  -19.421  55.333 0.0000000000
49181  15.367  -19.660  54.201 0.0000000000
49171  14.511  -19.436  54.588 0.0000000000
123163  14.548  -19.784  53.736 0.0000000000
119703  4.729  -34.364  43.658 0.0000000000
37475  5.376  -32.980  43.913 0.0000000000
39089  6.498  -31.489  44.957 0.0000000000
39102  6.454  -31.600  43.804 0.0000000000
40892  7.314  -30.353  44.617 0.0000000000
128531  7.415  -30.185  47.330 0.0000000000
40873  7.323  -30.190  46.582 0.0000000000
43654  8.409  -27.016  46.673 0.0000000000
113520  8.347  -27.034  45.823 0.0000000000
42718  8.263  -27.808  45.566 0.0000000000
43669  8.378  -26.448  45.305 0.0000000000
46531  7.840  -23.927  47.048 0.0000000000
47455  8.334  -23.123  46.658 0.0000000000
47435  6.625  -22.500  51.439 0.0000000000
46512  6.298  -23.372  50.978 0.0000000000
49997  8.160  -19.046  52.395 0.0000000000
49199  7.909  -20.026  52.098 0.0000000000
49998  8.240  -19.495  51.757 0.0000000000
128159  7.621  -20.366  50.642 0.0000000000
48342  7.069  -21.143  50.084 0.0000000000
47442  6.818  -22.017  49.865 0.0000000000
129948  7.813  -20.846  49.704 0.0000000000
49213  8.185  -20.271  49.495 0.0000000000
110050  8.358  -19.614  49.103 0.0000000000
49216  8.338  -20.129  48.605 0.0000000000
50012  8.425  -18.963  48.718 0.0000000000
50863  8.498  -18.523  49.147 0.0000000000
115116  8.757  -16.996  50.188 0.0000000000
121014  8.443  -16.210  48.999 0.0000000000
52585  8.312  -15.406  49.960 0.0000000000
44563  17.732  -24.753  49.203 0.0000000000
44573  17.727  -24.635  48.233 0.0000000000
37382  9.313  -31.726  47.178 0.0000000000
38217  9.563  -31.380  47.056 0.0000000000
38198  8.407  -31.277  48.638 0.0000000000
38209  8.852  -31.639  48.198 0.0000000000
40007  6.677  -30.665  42.155 0.0000000000
40023  6.467  -31.066  41.766 0.0000000000
39141  6.540  -31.131  41.268 0.0000000000
42745  8.241  -27.861  42.859 0.0000000000
41837  7.918  -28.751  41.334 0.0000000000
41848  7.790  -28.978  40.801 0.0000000000
40930  7.347  -29.736  40.701 0.0000000000
41857  7.656  -29.057  40.253 0.0000000000
41867  7.817  -28.375  39.295 0.0000000000
42813  8.107  -27.743  38.925 0.0000000000
48354  9.542  -21.157  45.974 0.0000000000
47478  10.061  -22.415  44.439 0.0000000000
46579  9.798  -23.581  43.243 0.0000000000
49262  12.184  -20.563  42.570 0.0000000000
49248  11.977  -20.458  43.487 0.0000000000
48389  12.298  -21.125  42.919 0.0000000000
46601  11.079  -23.639  41.291 0.0000000000
121908  10.551  -24.425  41.025 0.0000000000
46602  10.191  -24.165  41.676 0.0000000000
45642  9.929  -25.033  41.181 0.0000000000
45664  9.553  -25.743  39.942 0.0000000000
44714  9.362  -26.039  38.490 0.0000000000
44715  8.941  -26.415  38.727 0.0000000000
43777  8.883  -26.806  38.151 0.0000000000
43778  8.609  -27.002  37.435 0.0000000000
43794  8.719  -26.458  36.584 0.0000000000
116123  9.650  -25.308  36.409 0.0000000000
44756  8.878  -25.085  34.504 0.0000000000
47571  12.508  -22.420  36.734 0.0000000000
46650  12.173  -23.310  37.186 0.0000000000
46658  11.980  -23.050  36.171 0.0000000000
46660  10.427  -23.910  34.925 0.0000000000
125985  8.901  -23.572  33.407 0.0000000000
57342  12.203  -12.068  42.639 0.0000000000
57343  11.306  -12.346  42.535 0.0000000000
57344  10.463  -12.461  42.895 0.0000000000
123186  10.159  -12.782  42.556 0.0000000000
56296  9.874  -12.953  42.635 0.0000000000
56314  10.296  -13.024  41.986 0.0000000000
55416  10.476  -13.423  40.769 0.0000000000
55407  9.932  -13.709  41.281 0.0000000000
124032  9.666  -14.195  40.986 0.0000000000
54497  9.412  -14.806  41.108 0.0000000000
54496  9.524  -14.736  40.325 0.0000000000
55453  11.026  -13.165  37.055 0.0000000000
56387  11.770  -12.868  37.548 0.0000000000
56370  11.732  -12.907  38.674 0.0000000000
54514  9.048  -15.384  38.454 0.0000000000
53606  8.827  -16.080  38.896 0.0000000000
52754  8.658  -16.730  38.373 0.0000000000
51835  9.006  -17.283  38.801 0.0000000000
51851  9.122  -17.802  36.535 0.0000000000
51005  9.586  -18.227  36.138 0.0000000000
114077  9.864  -18.538  36.442 0.0000000000
52772  9.128  -16.685  34.954 0.0000000000
49984  11.619  -19.837  55.963 0.0000000000
48322  14.497  -20.952  52.364 0.0000000000
47420  14.502  -22.033  51.913 0.0000000000
127842  13.841  -23.093  52.554 0.0000000000
46500  13.710  -23.687  53.083 0.0000000000
40995  7.837  -29.435  34.301 0.0000000000
42848  7.834  -27.973  35.093 0.0000000000
41747  8.339  -28.613  49.399 0.0000000000
39899  8.904  -29.467  49.896 0.0000000000
127643  8.724  -29.177  49.821 0.0000000000
39900  8.403  -29.853  49.255 0.0000000000
39920  7.288  -30.949  48.488 0.0000000000
46559  8.501  -24.449  45.391 0.0000000000
46558  8.682  -23.977  45.092 0.0000000000
47480  9.017  -23.473  44.888 0.0000000000
50946  9.699  -17.934  41.507 0.0000000000
50956  9.889  -18.415  41.074 0.0000000000
126484  11.014  -19.147  39.270 0.0000000000
49292  11.705  -19.613  38.986 0.0000000000
50096  10.426  -18.676  39.246 0.0000000000
50107  10.263  -18.502  38.598 0.0000000000
50983  9.790  -18.234  38.220 0.0000000000
117478  8.985  -26.002  53.334 0.0000000000
47425  9.398  -22.779  53.950 0.0000000000
49186  9.801  -20.477  54.497 0.0000000000
108019  8.008  -19.546  56.504 0.0000000000
50833  7.260  -19.464  56.643 0.0000000000
113765  6.887  -18.520  56.468 0.0000000000
126128  17.900  -22.966  51.337 0.0000000000
128941  17.740  -23.541  50.989 0.0000000000
45514  17.327  -23.653  51.000 0.0000000000
44543  16.626  -24.648  50.801 0.0000000000
43592  14.786  -26.270  51.861 0.0000000000
42657  14.599  -26.965  51.858 0.0000000000
42661  14.729  -27.716  51.402 0.0000000000
41725  12.813  -28.261  52.352 0.0000000000
109409  12.183  -25.149  54.177 0.0000000000
127442  11.531  -25.728  54.216 0.0000000000
43596  9.660  -26.519  53.599 0.0000000000
52610  8.637  -16.775  48.359 0.0000000000
122718  8.841  -16.968  47.558 0.0000000000
52625  8.975  -16.650  46.896 0.0000000000
55368  8.935  -13.420  45.548 0.0000000000
54455  9.211  -13.937  45.084 0.0000000000
123474  9.322  -14.787  44.222 0.0000000000
53569  9.348  -15.490  43.593 0.0000000000
54470  9.325  -14.390  43.636 0.0000000000
54477  9.521  -14.015  42.357 0.0000000000
48338  22.200  -21.228  50.434 0.0000000000
48318  22.186  -21.341  53.179 0.0000000000
130648  20.223  -22.413  52.476 0.0000000000
47414  19.887  -21.775  53.145 0.0000000000
48310  19.407  -21.144  53.596 0.0000000000
49180  16.197  -19.835  54.148 0.0000000000
37462  5.371  -33.066  44.826 0.0000000000
38259  5.869  -32.401  44.179 0.0000000000
39970  6.877  -30.911  45.272 0.0000000000
123760  8.353  -27.827  48.224 0.0000000000
42698  8.408  -27.848  47.361 0.0000000000
43640  8.363  -27.059  47.693 0.0000000000
109356  8.265  -26.234  46.983 0.0000000000
44602  8.270  -25.535  46.187 0.0000000000
124406  7.737  -24.550  47.446 0.0000000000
119555  6.789  -23.926  51.799 0.0000000000
50848  8.507  -18.371  51.965 0.0000000000
50849  8.611  -19.184  51.307 0.0000000000
50005  8.109  -20.049  50.269 0.0000000000
50004  8.528  -19.517  49.888 0.0000000000
129266  8.685  -18.890  49.640 0.0000000000
53509  8.467  -15.837  50.755 0.0000000000
44588  16.425  -25.252  48.246 0.0000000000
44587  17.117  -24.820  47.796 0.0000000000
119341  10.415  -29.988  48.935 0.0000000000
38196  9.875  -30.612  48.264 0.0000000000
37421  4.729  -33.987  47.314 0.0000000000
37435  4.848  -33.350  47.095 0.0000000000
37448  4.891  -33.792  45.387 0.0000000000
111988  6.937  -30.785  43.340 0.0000000000
128305  6.262  -31.755  42.335 0.0000000000
109740  7.004  -30.391  42.589 0.0000000000
40911  7.060  -29.995  42.005 0.0000000000
44646  8.467  -26.351  43.079 0.0000000000
42759  8.195  -27.526  42.093 0.0000000000
43712  8.302  -26.796  42.273 0.0000000000
107885  8.192  -27.293  41.441 0.0000000000
42772  7.992  -27.727  40.971 0.0000000000
41847  7.801  -28.343  40.369 0.0000000000
42787  7.909  -27.806  40.479 0.0000000000
43735  8.151  -27.376  40.060 0.0000000000
43745  8.399  -26.955  39.628 0.0000000000
50024  9.508  -19.280  45.687 0.0000000000
48363  9.932  -21.003  45.500 0.0000000000
49237  9.812  -19.763  45.404 0.0000000000
48381  10.880  -21.862  44.125 0.0000000000
47518  12.486  -22.001  41.320 0.0000000000
47534  12.084  -23.030  40.841 0.0000000000
46613  11.215  -23.971  40.374 0.0000000000
45663  10.024  -25.225  39.767 0.0000000000
44726  9.557  -26.005  37.768 0.0000000000
121723  9.835  -25.559  37.318 0.0000000000
45698  10.369  -24.824  36.726 0.0000000000
48450  12.418  -21.516  36.164 0.0000000000
119053  12.111  -21.819  35.351 0.0000000000
111361  9.711  -22.178  33.763 0.0000000000
57356  11.453  -12.601  41.684 0.0000000000
56313  10.954  -12.917  41.424 0.0000000000
56354  10.956  -13.132  40.562 0.0000000000
123536  10.942  -13.212  40.103 0.0000000000
55441  10.558  -13.663  37.650 0.0000000000
55442  9.793  -14.076  37.235 0.0000000000
52761  8.529  -16.694  37.439 0.0000000000
113651  8.588  -15.860  36.878 0.0000000000
126090  8.591  -16.655  36.686 0.0000000000
51852  8.844  -17.042  36.132 0.0000000000
48326  11.045  -22.013  54.029 0.0000000000
49185  10.757  -20.595  54.524 0.0000000000
118297  16.490  -22.655  51.228 0.0000000000
46497  15.158  -23.989  51.499 0.0000000000
45506  14.839  -24.930  51.940 0.0000000000
44532  13.917  -26.209  52.668 0.0000000000
42648  13.555  -26.806  52.918 0.0000000000
44540  13.110  -25.344  53.642 0.0000000000
115590  12.951  -24.407  53.845 0.0000000000
54434  8.291  -13.826  48.018 0.0000000000
112886  8.504  -14.670  47.833 0.0000000000
55348  8.376  -13.438  47.302 0.0000000000
55358  8.543  -13.161  46.412 0.0000000000
57272  8.734  -11.886  46.908 0.0000000000
56235  8.636  -12.422  46.445 0.0000000000
108602  8.827  -12.670  45.755 0.0000000000
56248  9.159  -12.421  45.356 0.0000000000
56247  9.479  -12.543  44.632 0.0000000000
111729  8.260  -28.608  48.093 0.0000000000
41757  8.130  -29.077  48.629 0.0000000000
45535  7.507  -24.852  49.213 0.0000000000
49994  8.253  -19.438  53.556 0.0000000000
50845  8.274  -18.438  53.264 0.0000000000
52526  6.601  -16.371  55.529 0.0000000000
52537  7.395  -16.610  54.827 0.0000000000
52550  8.814  -16.853  53.166 0.0000000000
128487  8.896  -16.438  52.843 0.0000000000
52565  8.722  -16.030  52.471 0.0000000000
53481  8.157  -15.321  53.698 0.0000000000
39886  9.917  -28.954  50.718 0.0000000000
39016  9.148  -30.181  49.633 0.0000000000
38186  8.654  -30.765  49.038 0.0000000000
38199  7.733  -31.221  48.656 0.0000000000
38210  7.125  -31.885  48.999 0.0000000000
37385  6.672  -32.384  48.924 0.0000000000
37402  6.067  -32.917  48.541 0.0000000000
38218  5.289  -32.570  48.543 0.0000000000
39033  5.652  -31.611  49.340 0.0000000000
39044  5.449  -31.859  48.800 0.0000000000
128299  5.449  -32.237  48.043 0.0000000000
43685  8.393  -26.805  44.444 0.0000000000
115420  8.286  -27.775  43.841 0.0000000000
110321  8.408  -26.531  43.681 0.0000000000
44632  8.540  -25.455  44.042 0.0000000000
44645  8.662  -25.723  43.317 0.0000000000
45630  8.953  -25.457  42.801 0.0000000000
45629  9.252  -25.106  42.367 0.0000000000
123357  10.178  -18.510  43.758 0.0000000000
50053  10.583  -18.965  43.292 0.0000000000
119443  11.074  -19.306  42.900 0.0000000000
50062  11.683  -20.036  42.013 0.0000000000
50075  10.228  -19.057  41.620 0.0000000000
50073  11.967  -19.956  41.217 0.0000000000
49273  12.565  -20.551  41.114 0.0000000000
120202  12.856  -21.285  40.866 0.0000000000
47546  12.675  -22.790  38.660 0.0000000000
46635  12.269  -23.474  38.079 0.0000000000
48440  12.831  -21.586  37.223 0.0000000000
49303  11.922  -19.563  38.106 0.0000000000
49312  12.307  -20.720  36.784 0.0000000000
49320  12.033  -20.744  35.972 0.0000000000
49333  11.640  -20.309  35.409 0.0000000000
55465  8.742  -13.093  35.614 0.0000000000
54533  8.517  -14.556  35.523 0.0000000000
55479  9.081  -13.679  33.709 0.0000000000
109317  7.573  -29.905  37.402 0.0000000000
42662  8.550  -27.080  50.464 0.0000000000
45515  7.515  -24.545  52.452 0.0000000000
124941  8.068  -21.297  53.342 0.0000000000
128586  9.327  -21.591  54.116 0.0000000000
49195  8.554  -20.324  53.807 0.0000000000
107110  7.464  -18.999  55.331 0.0000000000
107112  6.325  -18.052  55.950 0.0000000000
127330  6.344  -17.021  56.037 0.0000000000
125683  6.432  -16.972  56.168 0.0000000000
45533  18.867  -23.880  49.914 0.0000000000
45546  18.971  -24.049  49.054 0.0000000000
45534  18.311  -24.355  49.584 0.0000000000
45524  17.328  -24.663  50.428 0.0000000000
44564  17.101  -25.214  49.725 0.0000000000
113066  16.567  -25.548  49.601 0.0000000000
118082  15.365  -26.261  49.444 0.0000000000
44544  15.890  -25.272  50.937 0.0000000000
43591  15.299  -25.851  51.373 0.0000000000
43598  15.526  -26.085  51.031 0.0000000000
43602  15.644  -26.261  50.554 0.0000000000
116666  15.516  -26.653  50.181 0.0000000000
127719  15.565  -26.514  49.956 0.0000000000
43629  14.583  -26.413  49.041 0.0000000000
42665  14.009  -27.784  50.501 0.0000000000
39909  11.253  -29.239  49.481 0.0000000000
39013  10.762  -29.498  49.806 0.0000000000
39014  10.795  -29.350  49.912 0.0000000000
118938  10.526  -28.561  50.869 0.0000000000
42649  13.118  -27.344  53.133 0.0000000000
119035  12.572  -27.815  53.180 0.0000000000
109494  12.253  -28.138  52.741 0.0000000000
42654  11.670  -28.013  53.349 0.0000000000
39875  11.211  -27.903  51.440 0.0000000000
40828  9.934  -28.229  51.017 0.0000000000
40829  9.548  -28.196  50.790 0.0000000000
41729  9.999  -26.972  51.719 0.0000000000
41732  9.746  -27.450  51.123 0.0000000000
41733  9.277  -27.856  50.621 0.0000000000
124031  9.023  -27.575  50.553 0.0000000000
48355  9.201  -21.092  46.516 0.0000000000
49223  8.981  -20.028  46.871 0.0000000000
50018  9.310  -19.549  46.255 0.0000000000
50903  9.538  -18.652  45.299 0.0000000000
118170  8.704  -14.752  47.096 0.0000000000
52651  9.403  -15.919  45.489 0.0000000000
51768  9.679  -17.195  44.715 0.0000000000
124667  9.840  -17.577  43.355 0.0000000000
109773  9.907  -17.756  42.815 0.0000000000
126361  9.576  -17.502  41.554 0.0000000000
51808  9.320  -17.122  41.221 0.0000000000
52724  9.079  -16.654  40.823 0.0000000000
49172  13.055  -19.518  54.697 0.0000000000
49973  13.027  -19.254  56.301 0.0000000000
46524  20.003  -23.065  48.908 0.0000000000
49200  24.014  -19.832  52.233 0.0000000000
48336  21.721  -21.812  50.844 0.0000000000
48333  21.864  -21.931  51.697 0.0000000000
46518  20.136  -22.922  49.838 0.0000000000
116557  19.506  -23.267  50.332 0.0000000000
46505  19.363  -22.554  52.018 0.0000000000
46506  18.247  -23.039  51.371 0.0000000000
109492  18.981  -20.623  54.258 0.0000000000
127541  18.727  -20.541  54.273 0.0000000000
125207  18.314  -20.473  54.121 0.0000000000
48311  18.787  -20.940  53.417 0.0000000000
47429  17.726  -21.243  52.076 0.0000000000
47417  17.211  -21.813  51.564 0.0000000000
124665  16.331  -21.815  51.535 0.0000000000
49191  15.729  -20.272  53.217 0.0000000000
112371  7.232  -30.429  43.810 0.0000000000
40891  7.596  -29.761  43.934 0.0000000000
39956  6.766  -30.886  46.374 0.0000000000
40872  7.727  -29.450  45.909 0.0000000000
41790  8.102  -28.647  45.237 0.0000000000
108064  8.271  -27.783  44.730 0.0000000000
44617  8.386  -25.374  45.357 0.0000000000
45580  8.350  -24.916  45.746 0.0000000000
43611  7.903  -26.571  50.372 0.0000000000
44556  6.858  -26.084  50.652 0.0000000000
45518  6.144  -24.515  50.729 0.0000000000
116853  6.405  -25.479  50.327 0.0000000000
125571  6.927  -21.056  51.528 0.0000000000
48337  6.662  -21.674  50.823 0.0000000000
109036  6.829  -22.934  49.625 0.0000000000
111253  7.676  -23.068  48.820 0.0000000000
47441  7.871  -22.228  48.545 0.0000000000
48345  8.092  -21.474  48.487 0.0000000000
108232  8.265  -20.862  48.040 0.0000000000
49219  8.539  -20.100  47.701 0.0000000000
51713  8.556  -17.714  48.818 0.0000000000
53499  8.393  -15.440  51.846 0.0000000000
110246  8.065  -14.591  51.184 0.0000000000
116656  8.171  -14.910  50.369 0.0000000000
53519  8.146  -14.656  49.680 0.0000000000
55340  7.984  -13.391  48.775 0.0000000000
49983  12.567  -19.752  55.868 0.0000000000
45561  18.275  -24.247  47.696 0.0000000000
45579  17.442  -24.367  46.517 0.0000000000
114521  17.064  -24.558  47.039 0.0000000000
38197  9.360  -30.963  48.508 0.0000000000
37399  8.671  -32.608  46.940 0.0000000000
39129  6.198  -31.783  41.946 0.0000000000
107963  8.117  -28.473  43.311 0.0000000000
41813  7.999  -28.850  42.569 0.0000000000
41827  7.718  -29.255  41.906 0.0000000000
40022  6.913  -30.440  41.150 0.0000000000
39166  6.716  -31.266  40.315 0.0000000000
41856  7.728  -28.489  39.907 0.0000000000
108547  7.658  -29.037  37.500 0.0000000000
48374  9.850  -22.070  45.054 0.0000000000
47479  9.441  -22.957  44.678 0.0000000000
129267  9.377  -23.988  43.600 0.0000000000
49249  11.383  -20.167  44.022 0.0000000000
48380  11.736  -21.311  43.713 0.0000000000
47492  11.194  -22.186  43.383 0.0000000000
47506  11.362  -22.437  42.546 0.0000000000
47507  10.484  -23.014  42.881 0.0000000000
46591  9.938  -23.877  42.445 0.0000000000
46603  9.584  -24.643  42.014 0.0000000000
44671  9.401  -25.383  41.572 0.0000000000
125533  9.234  -25.967  41.137 0.0000000000
44686  9.114  -26.227  40.303 0.0000000000
44700  9.151  -26.048  39.334 0.0000000000
43760  8.528  -26.805  38.978 0.0000000000
125455  7.932  -28.128  37.387 0.0000000000
127693  7.736  -28.562  36.874 0.0000000000
41885  7.802  -28.165  36.258 0.0000000000
42837  8.070  -27.460  35.941 0.0000000000
43813  8.233  -27.201  34.968 0.0000000000
45697  11.330  -23.967  36.655 0.0000000000
46659  11.270  -23.508  35.483 0.0000000000
45710  10.028  -24.678  35.617 0.0000000000
116050  10.027  -11.828  45.090 0.0000000000
57314  9.870  -12.259  44.415 0.0000000000
57331  9.724  -12.572  43.779 0.0000000000
57329  11.184  -12.061  43.537 0.0000000000
57330  10.233  -12.289  43.664 0.0000000000
56280  9.652  -12.892  43.241 0.0000000000
122070  9.653  -13.339  42.731 0.0000000000
55396  10.172  -13.331  41.623 0.0000000000
55397  9.799  -13.569  42.008 0.0000000000
118811  9.005  -16.236  40.485 0.0000000000
52735  8.912  -16.776  40.119 0.0000000000
119611  10.614  -13.556  39.801 0.0000000000
55427  10.115  -14.161  38.313 0.0000000000
129976  10.254  -13.993  39.304 0.0000000000
54505  9.192  -15.435  39.557 0.0000000000
53597  8.921  -16.165  39.822 0.0000000000
51826  9.064  -17.227  39.703 0.0000000000
51834  9.233  -17.818  38.275 0.0000000000
50984  9.446  -18.153  37.553 0.0000000000
51842  9.049  -17.880  37.324 0.0000000000
50993  9.970  -18.481  37.198 0.0000000000
50126  10.407  -18.976  36.378 0.0000000000
125417  10.751  -19.235  35.543 0.0000000000
50146  11.130  -19.791  34.840 0.0000000000
116791  8.753  -16.208  35.422 0.0000000000
51862  9.883  -18.091  35.494 0.0000000000
50135  10.942  -19.105  34.919 0.0000000000
49343  10.477  -20.394  34.252 0.0000000000
39022  10.954  -29.371  49.191 0.0000000000
39910  7.982  -30.415  48.735 0.0000000000
39995  6.633  -31.086  42.786 0.0000000000
40039  7.010  -30.478  40.512 0.0000000000
40096  7.711  -30.167  34.890 0.0000000000
40822  11.836  -27.859  52.279 0.0000000000
40938  7.602  -29.044  39.622 0.0000000000
41731  13.406  -28.685  52.475 0.0000000000
42822  8.271  -27.614  37.975 0.0000000000
43724  8.154  -27.376  40.728 0.0000000000
44735  9.020  -26.116  36.845 0.0000000000
45652  9.877  -25.402  40.438 0.0000000000
45689  9.844  -25.714  38.158 0.0000000000
46625  11.435  -23.913  39.527 0.0000000000
46636  11.579  -23.997  38.375 0.0000000000
47505  12.052  -21.753  42.199 0.0000000000
47586  11.709  -22.530  35.099 0.0000000000
48372  11.568  -20.742  44.079 0.0000000000
48420  13.011  -20.977  38.921 0.0000000000
49163  7.433  -18.844  56.519 0.0000000000
49176  8.230  -19.639  56.149 0.0000000000
49978  6.214  -19.176  55.869 0.0000000000
49979  6.519  -19.111  55.688 0.0000000000
50051  11.745  -19.820  42.863 0.0000000000
50074  11.064  -19.520  41.388 0.0000000000
50125  11.021  -19.389  36.766 0.0000000000
50834  6.391  -19.158  56.238 0.0000000000
50835  6.323  -19.114  55.994 0.0000000000
50840  8.225  -19.138  54.407 0.0000000000
50925  10.116  -18.359  42.749 0.0000000000
50967  9.634  -17.904  39.714 0.0000000000
51654  6.782  -17.269  56.413 0.0000000000
51753  9.450  -17.798  45.647 0.0000000000
51785  9.969  -17.955  43.602 0.0000000000
52551  8.618  -16.067  53.362 0.0000000000
55426  10.708  -13.661  38.751 0.0000000000
108256  11.222  -21.161  44.314 0.0000000000
112918  9.731  -17.376  42.780 0.0000000000
120019  8.520  -19.423  55.827 0.0000000000
120570  12.220  -20.495  41.748 0.0000000000
124290  12.482  -28.289  51.983 0.0000000000
124509  8.466  -25.976  43.711 0.0000000000
127882  6.142  -32.111  43.487 0.0000000000
128318  8.924  -26.566  37.376 0.0000000000
128605  9.669  -30.007  49.854 0.0000000000
128641  6.675  -30.734  41.509 0.0000000000
128805  6.471  -31.247  47.260 0.0000000000
