#!ascii label  , from subject sub-v1s20x0050280_ses-1 vox2ras=TkReg
2009
57198  -35.086  -19.162  41.875 0.0000000000
139532  -49.906  1.373  20.314 0.0000000000
71308  -39.379  -5.081  32.234 0.0000000000
46867  -2.004  -29.151  38.336 0.0000000000
128018  -19.728  -22.311  42.297 0.0000000000
57238  -6.849  -18.821  37.958 0.0000000000
60326  -1.982  -17.076  46.979 0.0000000000
123126  -45.157  -0.547  26.923 0.0000000000
60506  -0.087  -16.068  28.741 0.0000000000
44728  -0.794  -32.166  47.783 0.0000000000
59443  -34.522  -17.423  35.155 0.0000000000
55194  -30.593  -19.554  40.085 0.0000000000
132274  -28.265  -17.026  43.066 0.0000000000
118367  -52.358  3.195  17.282 0.0000000000
73172  -42.278  -3.316  29.871 0.0000000000
55202  -14.386  -20.939  39.470 0.0000000000
62454  -3.432  -14.486  35.644 0.0000000000
54241  -1.722  -22.965  37.469 0.0000000000
54328  -2.433  -22.514  33.148 0.0000000000
47951  -3.758  -28.009  33.013 0.0000000000
143019  -5.181  -23.636  49.597 0.0000000000
52025  -1.758  -25.038  51.559 0.0000000000
70282  -34.984  -6.190  35.612 0.0000000000
56108  -23.664  -18.827  46.286 0.0000000000
56170  -22.492  -19.471  39.158 0.0000000000
59373  -4.628  -17.940  42.710 0.0000000000
54172  -0.209  -22.188  41.582 0.0000000000
75163  -48.227  -0.976  23.366 0.0000000000
53053  -7.327  -22.325  48.321 0.0000000000
55125  -10.641  -20.673  43.884 0.0000000000
59451  -5.918  -17.621  31.717 0.0000000000
55347  -0.966  -21.324  28.078 0.0000000000
60283  -4.174  -16.104  51.216 0.0000000000
53072  0.518  -24.036  46.856 0.0000000000
130267  -1.691  -30.238  42.746 0.0000000000
123288  -37.293  -17.391  41.007 0.0000000000
56173  -34.533  -20.615  39.178 0.0000000000
58305  -35.312  -18.010  38.463 0.0000000000
54166  -32.620  -20.658  41.705 0.0000000000
53182  -32.564  -21.686  38.005 0.0000000000
55133  -31.046  -18.920  43.118 0.0000000000
128236  -51.149  2.384  18.009 0.0000000000
76144  -46.752  0.091  19.850 0.0000000000
77075  -48.194  1.223  16.987 0.0000000000
77090  -49.715  1.386  15.897 0.0000000000
71321  -40.766  -4.820  30.935 0.0000000000
69438  -35.460  -6.965  30.503 0.0000000000
69451  -37.458  -6.584  29.537 0.0000000000
131560  -39.226  -5.599  28.924 0.0000000000
51139  -0.673  -26.066  36.996 0.0000000000
51162  -2.428  -25.934  35.325 0.0000000000
47929  -3.162  -28.333  35.680 0.0000000000
139157  -4.838  -30.355  33.622 0.0000000000
44795  -4.532  -31.183  36.103 0.0000000000
49859  -4.642  -25.741  47.413 0.0000000000
47796  -3.956  -27.020  48.896 0.0000000000
122643  -35.772  -8.387  37.175 0.0000000000
63504  -35.476  -13.644  37.912 0.0000000000
62499  -33.857  -15.778  34.783 0.0000000000
64579  -34.017  -12.080  36.782 0.0000000000
66545  -34.127  -9.615  34.306 0.0000000000
58210  -25.365  -17.297  47.474 0.0000000000
58293  -27.444  -18.090  39.740 0.0000000000
57200  -25.002  -18.162  41.435 0.0000000000
79022  -49.860  3.709  13.411 0.0000000000
81035  -51.546  5.468  11.167 0.0000000000
59341  -2.689  -17.466  44.701 0.0000000000
57199  -1.704  -19.844  42.024 0.0000000000
57176  -0.686  -20.387  44.008 0.0000000000
75157  -47.393  -0.861  24.860 0.0000000000
74140  -41.349  -2.226  25.414 0.0000000000
73212  -43.396  -2.646  23.507 0.0000000000
73221  -45.669  -2.623  22.724 0.0000000000
53031  -8.464  -20.921  50.837 0.0000000000
53055  -9.367  -20.757  49.092 0.0000000000
60425  -8.406  -16.107  37.868 0.0000000000
61429  -7.583  -15.640  35.342 0.0000000000
58340  -7.427  -18.382  34.710 0.0000000000
52231  -2.553  -25.320  31.107 0.0000000000
55313  -2.041  -21.677  30.726 0.0000000000
52257  -1.671  -24.593  28.615 0.0000000000
60275  -3.816  -16.631  53.697 0.0000000000
118312  -1.190  -28.496  49.690 0.0000000000
52028  0.500  -24.333  49.458 0.0000000000
47824  -0.422  -28.118  47.156 0.0000000000
126436  -0.957  -26.837  45.293 0.0000000000
44739  -0.597  -31.159  44.885 0.0000000000
125884  -35.909  -15.759  37.941 0.0000000000
131407  -27.826  -17.354  46.758 0.0000000000
57161  -29.940  -18.245  45.584 0.0000000000
57203  -30.011  -18.633  41.831 0.0000000000
80000  -51.596  4.154  16.504 0.0000000000
78060  -50.288  1.997  15.122 0.0000000000
75100  -43.598  -1.437  28.287 0.0000000000
73188  -40.482  -3.263  27.566 0.0000000000
54231  -19.233  -22.731  38.181 0.0000000000
54194  -17.013  -21.308  40.923 0.0000000000
61492  -2.607  -14.187  31.104 0.0000000000
118725  -4.071  -20.190  37.717 0.0000000000
56209  -4.210  -20.556  35.491 0.0000000000
54277  -2.386  -23.072  35.619 0.0000000000
52194  -2.567  -25.337  33.664 0.0000000000
47972  -2.670  -28.093  31.010 0.0000000000
55071  -6.338  -20.840  52.164 0.0000000000
55082  -5.169  -20.777  50.393 0.0000000000
51003  -4.020  -25.088  50.752 0.0000000000
47778  -3.831  -28.484  51.316 0.0000000000
141033  -37.341  -4.500  33.447 0.0000000000
120137  -34.418  -8.666  32.897 0.0000000000
54144  -21.945  -20.640  44.126 0.0000000000
57178  -25.281  -17.872  44.704 0.0000000000
55158  -23.524  -19.232  42.888 0.0000000000
54197  -21.205  -21.029  40.447 0.0000000000
129661  -7.598  -15.900  40.571 0.0000000000
127185  -6.699  -15.898  42.751 0.0000000000
58275  -5.846  -18.639  40.255 0.0000000000
120873  -2.724  -20.498  39.850 0.0000000000
53159  -0.894  -22.785  39.337 0.0000000000
51103  0.226  -26.082  39.932 0.0000000000
76134  -49.575  0.340  21.658 0.0000000000
121575  -46.304  -1.916  21.472 0.0000000000
53014  -7.157  -21.073  51.548 0.0000000000
52030  -6.481  -23.084  48.923 0.0000000000
51043  -5.388  -24.512  45.838 0.0000000000
136530  -15.391  -20.894  43.377 0.0000000000
55118  -13.686  -20.601  45.784 0.0000000000
54109  -10.920  -20.514  47.468 0.0000000000
54117  -8.596  -21.172  46.080 0.0000000000
52066  -6.335  -23.781  43.288 0.0000000000
63493  -5.748  -13.632  36.456 0.0000000000
61457  -5.131  -15.091  33.427 0.0000000000
60490  -2.859  -16.321  29.868 0.0000000000
57318  -3.422  -20.108  32.130 0.0000000000
57348  -2.002  -19.624  30.529 0.0000000000
136920  -0.082  -19.117  28.730 0.0000000000
59267  -2.432  -17.207  48.573 0.0000000000
124299  -2.884  -21.220  49.725 0.0000000000
56093  -0.429  -21.416  49.096 0.0000000000
140970  -0.504  -20.691  46.513 0.0000000000
52056  -0.007  -23.781  44.418 0.0000000000
49960  -0.552  -26.315  42.210 0.0000000000
128238  -1.668  -29.081  39.699 0.0000000000
125106  -1.775  -35.191  45.190 0.0000000000
42147  -1.638  -34.226  43.200 0.0000000000
43953  -2.832  -32.082  38.431 0.0000000000
125982  -36.309  -18.207  41.815 0.0000000000
58241  -35.216  -17.707  42.159 0.0000000000
56164  -34.820  -19.965  40.641 0.0000000000
57218  -35.552  -18.662  40.719 0.0000000000
56143  -34.348  -20.536  41.923 0.0000000000
55196  -34.168  -21.277  40.529 0.0000000000
57175  -34.053  -18.458  42.435 0.0000000000
56136  -33.392  -19.819  42.722 0.0000000000
78017  -50.535  1.724  19.748 0.0000000000
77054  -47.950  1.105  20.052 0.0000000000
137971  -47.672  1.265  19.006 0.0000000000
78015  -48.487  1.496  19.187 0.0000000000
78026  -49.205  1.753  18.269 0.0000000000
70310  -39.915  -5.164  31.672 0.0000000000
71300  -41.787  -4.255  32.622 0.0000000000
71299  -40.737  -4.604  32.972 0.0000000000
69439  -36.454  -6.752  30.096 0.0000000000
70321  -38.293  -5.728  31.022 0.0000000000
70331  -39.447  -5.632  30.599 0.0000000000
48951  -1.111  -27.503  37.030 0.0000000000
48963  -1.473  -27.413  36.337 0.0000000000
47920  -2.206  -28.565  37.036 0.0000000000
45795  -3.480  -29.181  36.410 0.0000000000
45776  -3.110  -29.742  37.435 0.0000000000
48870  -5.194  -27.350  45.217 0.0000000000
131253  -4.996  -27.775  46.809 0.0000000000
132736  -35.387  -12.470  38.169 0.0000000000
63503  -34.803  -13.041  37.499 0.0000000000
65588  -35.220  -10.923  38.125 0.0000000000
66532  -34.940  -9.326  36.592 0.0000000000
81016  -51.234  5.562  12.875 0.0000000000
80024  -50.789  4.925  11.663 0.0000000000
132647  -53.011  6.422  11.426 0.0000000000
59328  -1.970  -17.578  45.271 0.0000000000
136658  -1.372  -18.444  44.333 0.0000000000
58227  -1.301  -18.388  45.303 0.0000000000
75145  -46.758  -0.734  25.553 0.0000000000
125280  -48.246  -0.789  26.416 0.0000000000
75134  -43.169  -1.235  26.153 0.0000000000
74141  -42.128  -2.097  24.872 0.0000000000
74131  -44.687  -1.462  24.862 0.0000000000
140646  -45.338  -1.597  24.483 0.0000000000
54072  -10.541  -20.585  51.219 0.0000000000
54073  -11.288  -20.597  50.888 0.0000000000
53099  -20.250  -21.739  44.041 0.0000000000
141593  -18.834  -22.132  43.669 0.0000000000
61508  -0.637  -14.792  29.371 0.0000000000
140617  -7.944  -17.075  38.191 0.0000000000
59437  -8.244  -17.149  36.286 0.0000000000
58319  -6.984  -18.909  36.697 0.0000000000
129799  -2.427  -26.673  30.180 0.0000000000
51243  -1.954  -25.153  29.318 0.0000000000
50224  -2.374  -25.827  28.776 0.0000000000
63311  -2.337  -13.845  57.567 0.0000000000
133396  -4.113  -16.320  55.760 0.0000000000
45592  -1.435  -30.456  48.643 0.0000000000
48845  -0.756  -27.969  48.938 0.0000000000
46696  -0.312  -29.694  47.349 0.0000000000
46695  0.110  -29.690  46.527 0.0000000000
44735  -0.640  -31.900  46.635 0.0000000000
59415  -36.790  -17.138  39.138 0.0000000000
59429  -36.062  -17.004  38.011 0.0000000000
61401  -37.367  -15.135  38.703 0.0000000000
62430  -36.384  -14.468  38.694 0.0000000000
55159  -31.089  -19.364  41.731 0.0000000000
56134  -30.405  -18.445  42.893 0.0000000000
121708  -30.386  -19.041  40.789 0.0000000000
56161  -29.559  -19.011  40.089 0.0000000000
79993  -51.997  3.719  17.055 0.0000000000
78044  -50.992  2.230  16.456 0.0000000000
78051  -50.492  1.821  15.466 0.0000000000
79006  -51.098  2.516  15.910 0.0000000000
79013  -50.806  2.969  15.546 0.0000000000
73183  -42.630  -2.762  29.605 0.0000000000
74078  -44.159  -1.789  30.227 0.0000000000
73174  -43.566  -2.418  30.590 0.0000000000
71339  -40.611  -4.417  29.492 0.0000000000
71350  -39.480  -4.724  28.068 0.0000000000
73181  -41.360  -3.188  28.785 0.0000000000
73190  -41.680  -2.610  28.180 0.0000000000
62453  -2.548  -14.485  35.541 0.0000000000
62506  -2.097  -13.841  31.787 0.0000000000
62488  -3.373  -14.474  33.295 0.0000000000
55230  -2.734  -21.393  37.585 0.0000000000
55245  -3.078  -21.238  36.729 0.0000000000
54258  -2.112  -22.989  36.565 0.0000000000
118177  -3.145  -26.885  34.299 0.0000000000
124685  -2.605  -25.917  34.508 0.0000000000
128455  -3.239  -26.982  33.336 0.0000000000
120000  -2.704  -26.615  32.021 0.0000000000
47964  -3.313  -28.217  32.096 0.0000000000
46961  -3.836  -28.783  32.047 0.0000000000
52014  -5.056  -22.548  49.968 0.0000000000
53018  -4.820  -22.496  50.208 0.0000000000
51004  -4.486  -24.358  50.209 0.0000000000
46662  -4.632  -28.761  49.027 0.0000000000
47779  -4.530  -28.133  50.649 0.0000000000
45586  -4.579  -30.013  49.809 0.0000000000
46660  -3.326  -29.901  50.500 0.0000000000
71273  -35.560  -4.537  34.870 0.0000000000
68479  -34.935  -8.301  35.039 0.0000000000
68505  -34.513  -8.723  33.743 0.0000000000
131451  -34.826  -7.393  34.542 0.0000000000
70305  -34.842  -6.175  32.794 0.0000000000
119244  -22.620  -19.344  47.190 0.0000000000
120574  -21.885  -20.402  45.959 0.0000000000
143017  -22.994  -19.548  45.028 0.0000000000
128593  -28.046  -17.500  44.954 0.0000000000
58228  -26.655  -17.465  45.765 0.0000000000
120475  -26.656  -17.284  43.997 0.0000000000
56160  -24.281  -18.696  40.951 0.0000000000
56141  -24.392  -18.622  42.488 0.0000000000
55193  -23.118  -19.425  40.728 0.0000000000
55173  -22.427  -20.217  41.993 0.0000000000
126158  -21.916  -19.960  39.671 0.0000000000
54232  -21.154  -22.055  37.495 0.0000000000
60364  -5.614  -16.887  43.929 0.0000000000
59374  -5.879  -17.113  43.138 0.0000000000
142988  -6.475  -17.178  41.738 0.0000000000
58262  -4.860  -18.575  41.332 0.0000000000
119517  -4.116  -19.336  39.972 0.0000000000
121959  -2.897  -19.147  41.299 0.0000000000
56145  -1.119  -20.552  41.961 0.0000000000
56158  -1.626  -20.825  40.965 0.0000000000
54189  -0.388  -22.328  40.693 0.0000000000
52117  0.250  -24.162  39.340 0.0000000000
52105  0.151  -24.095  40.691 0.0000000000
75169  -48.712  -0.667  22.850 0.0000000000
137488  -50.199  0.225  23.146 0.0000000000
76125  -50.051  0.067  23.862 0.0000000000
74155  -47.087  -1.684  23.238 0.0000000000
73229  -45.711  -2.528  21.622 0.0000000000
75167  -47.603  -1.222  22.228 0.0000000000
75176  -47.577  -0.880  21.567 0.0000000000
54036  -7.941  -21.000  53.021 0.0000000000
53047  -7.634  -22.112  49.057 0.0000000000
52027  -7.121  -22.127  49.887 0.0000000000
52034  -7.062  -22.697  48.834 0.0000000000
127061  -5.804  -23.877  47.859 0.0000000000
135601  -6.147  -23.460  46.244 0.0000000000
55190  -15.365  -20.885  40.670 0.0000000000
55156  -16.105  -21.065  42.249 0.0000000000
121307  -14.520  -20.771  41.117 0.0000000000
55151  -11.407  -20.769  42.299 0.0000000000
55138  -12.832  -20.480  43.951 0.0000000000
55126  -11.428  -20.514  44.414 0.0000000000
54119  -11.958  -20.528  46.967 0.0000000000
54129  -10.596  -20.542  45.866 0.0000000000
118527  -10.135  -20.536  46.762 0.0000000000
54128  -9.655  -20.713  45.173 0.0000000000
52067  -7.095  -23.284  42.862 0.0000000000
63475  -7.102  -13.058  36.793 0.0000000000
60462  -6.874  -16.846  33.276 0.0000000000
61444  -6.606  -15.662  34.200 0.0000000000
60468  -5.835  -16.546  31.919 0.0000000000
60467  -4.985  -15.858  31.315 0.0000000000
59462  -4.506  -17.446  30.543 0.0000000000
119403  -2.898  -21.123  34.192 0.0000000000
56233  -4.032  -20.395  33.810 0.0000000000
56231  -2.709  -21.121  33.257 0.0000000000
54368  -1.477  -22.015  29.204 0.0000000000
56266  -1.876  -20.848  30.654 0.0000000000
56275  -1.131  -20.379  29.304 0.0000000000
58394  -1.403  -18.752  29.661 0.0000000000
56295  -0.632  -20.610  28.383 0.0000000000
126655  0.134  -20.410  26.823 0.0000000000
60288  -3.296  -16.714  49.532 0.0000000000
53028  -3.206  -22.939  51.707 0.0000000000
57137  -4.784  -19.885  50.067 0.0000000000
53027  -1.985  -22.977  51.808 0.0000000000
52032  0.879  -24.273  48.482 0.0000000000
122097  0.833  -22.969  49.306 0.0000000000
140991  0.762  -22.635  48.660 0.0000000000
56102  -0.418  -20.837  47.736 0.0000000000
54116  0.170  -22.521  46.718 0.0000000000
55124  0.211  -21.829  45.093 0.0000000000
119679  0.188  -23.943  45.931 0.0000000000
46723  -1.066  -28.777  44.199 0.0000000000
125858  -0.965  -26.542  43.703 0.0000000000
48891  -1.286  -27.770  42.643 0.0000000000
47886  -1.535  -28.119  41.252 0.0000000000
45673  -1.894  -29.802  41.387 0.0000000000
41224  -2.008  -36.111  43.762 0.0000000000
42140  -1.575  -34.262  44.112 0.0000000000
132924  -37.782  -16.506  40.229 0.0000000000
55239  -34.544  -21.497  37.890 0.0000000000
55240  -34.905  -20.746  37.255 0.0000000000
126203  -34.811  -19.733  38.622 0.0000000000
58295  -36.380  -17.621  39.704 0.0000000000
121055  -31.482  -20.086  40.317 0.0000000000
54202  -32.427  -21.111  40.144 0.0000000000
54220  -33.465  -22.071  39.328 0.0000000000
135974  -31.949  -19.687  42.318 0.0000000000
78988  -51.740  2.678  17.368 0.0000000000
76165  -47.554  0.918  17.127 0.0000000000
76177  -48.191  1.005  16.233 0.0000000000
76188  -48.996  1.246  15.510 0.0000000000
77077  -49.343  1.452  16.334 0.0000000000
78034  -50.016  1.989  16.566 0.0000000000
72269  -41.845  -4.137  30.369 0.0000000000
72262  -42.678  -3.566  30.950 0.0000000000
72249  -42.350  -4.015  31.808 0.0000000000
72228  -42.691  -3.290  33.185 0.0000000000
68533  -34.257  -8.261  31.154 0.0000000000
68563  -35.200  -7.652  29.360 0.0000000000
129945  -36.028  -7.422  29.120 0.0000000000
68576  -36.866  -7.289  28.077 0.0000000000
69468  -37.801  -6.500  27.928 0.0000000000
69456  -38.409  -6.276  29.179 0.0000000000
70344  -40.288  -5.115  30.109 0.0000000000
53188  -0.970  -23.691  37.577 0.0000000000
53189  -1.710  -24.022  36.768 0.0000000000
52153  -1.608  -25.563  36.474 0.0000000000
48973  -2.488  -27.585  35.600 0.0000000000
47939  -3.543  -28.070  34.482 0.0000000000
46946  -4.209  -28.758  33.054 0.0000000000
46923  -4.079  -28.683  34.470 0.0000000000
134300  -5.079  -31.066  34.836 0.0000000000
49843  -4.716  -25.249  48.353 0.0000000000
49827  -4.195  -25.412  49.403 0.0000000000
49858  -4.238  -26.009  48.024 0.0000000000
69376  -35.297  -7.075  36.253 0.0000000000
135539  -34.961  -16.153  36.080 0.0000000000
61466  -34.379  -16.788  34.978 0.0000000000
62465  -34.635  -14.916  36.520 0.0000000000
63531  -33.854  -14.326  35.850 0.0000000000
64591  -32.916  -11.938  34.893 0.0000000000
125964  -34.294  -9.695  35.185 0.0000000000
68480  -35.157  -8.502  35.848 0.0000000000
57155  -24.668  -18.011  47.276 0.0000000000
58264  -27.741  -17.481  41.615 0.0000000000
58252  -26.739  -17.356  42.165 0.0000000000
57214  -25.977  -17.811  40.953 0.0000000000
57228  -24.708  -18.357  39.735 0.0000000000
79042  -49.846  3.510  11.652 0.0000000000
80043  -50.312  4.137  10.942 0.0000000000
80044  -51.034  4.643  10.271 0.0000000000
80054  -51.529  4.680  9.391 0.0000000000
59359  -3.916  -17.710  43.522 0.0000000000
58260  -2.267  -18.848  41.818 0.0000000000
59371  -1.908  -18.279  42.827 0.0000000000
57193  -1.160  -19.746  42.916 0.0000000000
129243  -0.510  -21.013  42.784 0.0000000000
74147  -47.537  -1.187  23.988 0.0000000000
75148  -48.757  -0.748  25.875 0.0000000000
73218  -41.871  -2.931  23.391 0.0000000000
73219  -43.213  -3.336  22.755 0.0000000000
72336  -43.887  -3.932  21.888 0.0000000000
74152  -44.488  -2.560  23.447 0.0000000000
74154  -46.266  -2.115  23.322 0.0000000000
55074  -8.766  -20.780  53.106 0.0000000000
54059  -9.058  -20.647  51.735 0.0000000000
53040  -9.376  -20.682  50.623 0.0000000000
136492  -8.690  -21.076  48.716 0.0000000000
54192  -11.062  -21.366  40.690 0.0000000000
54156  -9.143  -21.723  42.814 0.0000000000
62423  -8.451  -14.472  37.752 0.0000000000
62440  -7.936  -14.742  36.523 0.0000000000
142827  -8.251  -15.901  36.216 0.0000000000
60455  -7.829  -16.951  34.570 0.0000000000
58349  -6.640  -18.308  33.009 0.0000000000
136598  -2.687  -23.931  31.870 0.0000000000
55303  -2.303  -21.905  31.707 0.0000000000
126460  -2.252  -23.305  31.085 0.0000000000
53331  -1.507  -23.648  29.286 0.0000000000
53354  -1.527  -23.486  28.546 0.0000000000
64387  -1.979  -12.211  57.855 0.0000000000
140832  -1.724  -13.616  56.462 0.0000000000
61290  -3.612  -15.939  53.138 0.0000000000
48825  -1.378  -27.198  50.642 0.0000000000
127135  -0.989  -25.263  50.747 0.0000000000
49841  -0.794  -26.649  49.788 0.0000000000
48844  -0.485  -26.674  48.232 0.0000000000
49875  -0.485  -26.121  47.693 0.0000000000
51042  -0.710  -25.062  46.178 0.0000000000
48869  -0.794  -27.496  45.868 0.0000000000
46709  -0.532  -29.437  44.839 0.0000000000
44745  -0.930  -31.078  44.007 0.0000000000
58334  -34.686  -18.642  35.677 0.0000000000
57256  -34.851  -19.390  36.936 0.0000000000
58325  -35.111  -17.884  36.995 0.0000000000
60450  -35.230  -16.638  36.364 0.0000000000
135326  -35.698  -14.780  38.059 0.0000000000
63486  -35.950  -13.164  38.701 0.0000000000
58239  -28.838  -17.536  44.415 0.0000000000
57181  -30.262  -18.451  44.225 0.0000000000
57189  -30.122  -18.231  43.437 0.0000000000
58254  -29.125  -17.483  42.554 0.0000000000
58278  -28.626  -17.917  41.011 0.0000000000
77121  -49.173  1.691  14.739 0.0000000000
139546  -49.755  3.073  14.344 0.0000000000
123943  -50.764  4.783  14.253 0.0000000000
75118  -44.317  -0.773  27.631 0.0000000000
75120  -46.445  -0.554  28.375 0.0000000000
75102  -45.639  -0.738  29.061 0.0000000000
70365  -37.831  -6.289  27.258 0.0000000000
73194  -40.855  -2.722  27.041 0.0000000000
74121  -42.086  -2.026  27.439 0.0000000000
53148  -19.228  -22.407  40.849 0.0000000000
54161  -18.253  -22.168  42.194 0.0000000000
54212  -17.804  -22.101  39.552 0.0000000000
55203  -16.409  -21.288  38.941 0.0000000000
62535  -1.363  -14.334  30.041 0.0000000000
61500  -1.652  -14.749  29.675 0.0000000000
121066  -5.295  -19.686  38.028 0.0000000000
57262  -5.841  -19.920  36.188 0.0000000000
56199  -4.246  -20.467  36.371 0.0000000000
56207  -3.147  -21.290  35.627 0.0000000000
118417  -2.429  -22.431  33.982 0.0000000000
53220  -2.388  -24.133  35.287 0.0000000000
53238  -2.440  -24.136  34.439 0.0000000000
119848  -2.631  -24.635  32.790 0.0000000000
119965  -2.537  -25.839  32.069 0.0000000000
58181  -4.851  -19.032  52.935 0.0000000000
55070  -5.874  -20.364  51.550 0.0000000000
53017  -4.682  -22.368  50.493 0.0000000000
137543  -3.600  -24.887  51.824 0.0000000000
49826  -3.741  -25.903  49.797 0.0000000000
49811  -3.721  -26.137  51.189 0.0000000000
48813  -3.289  -26.896  51.704 0.0000000000
47777  -2.541  -28.466  51.250 0.0000000000
46659  -2.242  -29.809  50.072 0.0000000000
44722  -1.982  -31.866  49.104 0.0000000000
120307  -37.817  -4.761  32.747 0.0000000000
72226  -39.318  -4.429  33.639 0.0000000000
72207  -38.641  -4.053  34.326 0.0000000000
60463  -33.957  -17.098  34.269 0.0000000000
67561  -33.956  -9.111  32.043 0.0000000000
70306  -35.942  -5.493  32.164 0.0000000000
54142  -21.005  -21.396  44.434 0.0000000000
53111  -20.690  -21.639  43.459 0.0000000000
58211  -26.164  -17.208  47.255 0.0000000000
57160  -25.796  -17.641  46.160 0.0000000000
56116  -24.449  -18.460  45.213 0.0000000000
57188  -25.794  -17.541  43.307 0.0000000000
56133  -24.370  -18.631  43.315 0.0000000000
56115  -23.625  -19.042  44.845 0.0000000000
55142  -22.406  -20.230  43.298 0.0000000000
139245  -21.479  -21.141  42.603 0.0000000000
53138  -20.865  -21.664  41.812 0.0000000000
53163  -20.422  -22.221  38.500 0.0000000000
80061  -51.943  4.653  8.405 0.0000000000
81071  -53.577  5.300  7.507 0.0000000000
81075  -53.917  5.272  6.746 0.0000000000
60400  -7.972  -16.197  39.226 0.0000000000
59409  -7.218  -17.722  39.274 0.0000000000
61368  -7.061  -15.587  41.960 0.0000000000
59398  -7.018  -17.462  40.234 0.0000000000
58288  -6.142  -18.793  39.425 0.0000000000
57226  -4.668  -19.338  39.282 0.0000000000
128817  -3.148  -20.352  38.976 0.0000000000
56179  -2.434  -21.151  39.073 0.0000000000
143223  -2.306  -19.895  41.196 0.0000000000
56168  -2.041  -21.160  40.306 0.0000000000
54224  -1.470  -22.221  39.019 0.0000000000
52129  -0.195  -23.766  37.994 0.0000000000
51127  0.045  -26.088  37.878 0.0000000000
48937  -1.072  -27.455  38.067 0.0000000000
140598  -49.487  0.864  20.917 0.0000000000
72337  -44.500  -3.532  21.744 0.0000000000
73228  -45.107  -2.891  21.160 0.0000000000
74175  -45.501  -1.423  20.336 0.0000000000
75174  -46.426  -0.762  20.519 0.0000000000
76137  -48.050  0.320  20.755 0.0000000000
54042  -7.008  -21.045  52.146 0.0000000000
52021  -6.299  -22.096  49.981 0.0000000000
53022  -7.499  -21.061  51.306 0.0000000000
52022  -6.939  -22.059  50.018 0.0000000000
51010  -5.707  -23.194  49.426 0.0000000000
51034  -5.147  -24.902  46.494 0.0000000000
54160  -17.519  -21.711  42.589 0.0000000000
54149  -15.959  -21.263  44.131 0.0000000000
55120  -15.356  -21.118  45.198 0.0000000000
55153  -13.355  -20.576  42.255 0.0000000000
55129  -14.608  -20.701  44.608 0.0000000000
137252  -14.507  -20.842  46.034 0.0000000000
54120  -14.210  -20.780  47.196 0.0000000000
118351  -12.996  -20.566  48.110 0.0000000000
54091  -12.358  -20.585  50.121 0.0000000000
119998  -10.335  -20.576  48.777 0.0000000000
54097  -9.354  -20.719  48.310 0.0000000000
53074  -8.201  -21.376  46.867 0.0000000000
53095  -8.262  -21.716  43.986 0.0000000000
53094  -7.614  -22.057  44.620 0.0000000000
52046  -6.959  -22.553  46.344 0.0000000000
51051  -5.661  -24.061  44.910 0.0000000000
62421  -4.254  -14.059  36.741 0.0000000000
62456  -6.562  -14.624  35.608 0.0000000000
62455  -5.554  -14.418  35.615 0.0000000000
62471  -4.052  -14.611  35.011 0.0000000000
61473  -3.847  -14.705  32.512 0.0000000000
61501  -2.852  -15.195  30.025 0.0000000000
60499  -1.403  -16.456  29.228 0.0000000000
57274  -5.821  -19.929  35.259 0.0000000000
57299  -5.435  -19.656  33.270 0.0000000000
57320  -5.224  -19.344  32.292 0.0000000000
56257  -2.444  -20.593  31.584 0.0000000000
57334  -3.197  -19.650  31.347 0.0000000000
58377  -4.335  -18.528  30.735 0.0000000000
123933  -2.731  -18.397  30.047 0.0000000000
58395  -1.561  -18.013  29.500 0.0000000000
122571  0.186  -17.844  28.829 0.0000000000
58414  1.116  -18.813  27.375 0.0000000000
58180  -4.627  -17.870  52.546 0.0000000000
127402  -4.579  -17.557  51.810 0.0000000000
58192  -4.186  -18.246  50.107 0.0000000000
54080  -0.753  -22.647  51.065 0.0000000000
55092  -0.888  -21.520  49.991 0.0000000000
139428  -2.388  -19.469  48.511 0.0000000000
57144  -2.103  -19.026  48.256 0.0000000000
57148  -1.273  -19.277  47.652 0.0000000000
58218  -1.088  -18.986  46.578 0.0000000000
57166  -0.657  -20.436  45.032 0.0000000000
55123  0.057  -21.217  44.403 0.0000000000
53119  -0.144  -23.606  42.828 0.0000000000
51050  -0.705  -25.191  45.125 0.0000000000
51072  -0.443  -25.299  43.361 0.0000000000
52094  0.148  -24.993  42.007 0.0000000000
124347  0.065  -25.986  40.796 0.0000000000
48912  -0.763  -27.287  39.939 0.0000000000
46828  -1.576  -29.173  39.258 0.0000000000
42990  -2.175  -33.669  48.313 0.0000000000
42126  -1.979  -34.925  47.103 0.0000000000
43002  -1.459  -33.369  46.680 0.0000000000
43014  -1.376  -33.395  45.595 0.0000000000
133644  -1.365  -32.474  44.080 0.0000000000
44756  -1.542  -31.689  42.906 0.0000000000
43048  -1.956  -33.758  41.521 0.0000000000
44760  -1.962  -31.433  41.529 0.0000000000
129477  -2.044  -31.239  39.762 0.0000000000
44773  -2.195  -30.903  39.065 0.0000000000
44779  -2.354  -30.613  38.714 0.0000000000
43960  -3.884  -31.653  37.165 0.0000000000
43088  -4.963  -33.411  35.563 0.0000000000
136998  -35.741  -18.501  41.735 0.0000000000
58256  -36.168  -18.211  42.063 0.0000000000
58248  -35.713  -17.929  42.107 0.0000000000
57205  -35.667  -18.652  41.514 0.0000000000
56144  -34.513  -19.818  42.389 0.0000000000
56152  -34.761  -19.939  41.565 0.0000000000
57183  -34.411  -18.806  42.239 0.0000000000
56131  -34.199  -19.278  42.431 0.0000000000
57184  -34.831  -18.239  42.050 0.0000000000
78018  -51.544  1.998  20.099 0.0000000000
78003  -50.854  1.501  20.689 0.0000000000
77055  -48.918  1.279  20.127 0.0000000000
78016  -49.499  1.588  19.440 0.0000000000
71309  -40.724  -4.816  32.189 0.0000000000
121510  -40.153  -4.922  32.398 0.0000000000
70308  -37.921  -5.518  31.507 0.0000000000
70309  -38.902  -5.446  31.583 0.0000000000
70322  -39.243  -5.597  31.087 0.0000000000
125569  -1.496  -28.172  37.673 0.0000000000
48952  -1.694  -28.075  36.782 0.0000000000
143135  -2.155  -28.903  37.903 0.0000000000
46885  -2.852  -29.092  37.125 0.0000000000
45775  -2.590  -29.613  37.931 0.0000000000
47837  -5.710  -28.293  45.573 0.0000000000
59313  -2.015  -17.358  46.130 0.0000000000
132553  -1.520  -17.970  44.986 0.0000000000
59327  -1.501  -17.839  45.692 0.0000000000
75136  -46.002  -0.600  26.214 0.0000000000
75137  -47.089  -0.629  26.802 0.0000000000
119105  -46.250  -0.532  27.378 0.0000000000
75135  -44.104  -0.828  26.516 0.0000000000
75143  -44.077  -1.154  25.625 0.0000000000
119555  -44.940  -0.859  25.798 0.0000000000
54074  -12.030  -20.725  51.564 0.0000000000
54083  -12.187  -20.681  50.906 0.0000000000
53109  -19.801  -22.160  43.028 0.0000000000
53098  -19.442  -21.975  44.095 0.0000000000
53123  -18.996  -22.344  42.710 0.0000000000
119438  -0.773  -15.624  29.123 0.0000000000
61517  0.465  -15.417  28.421 0.0000000000
58300  -7.377  -18.158  37.821 0.0000000000
139384  -7.609  -18.058  37.166 0.0000000000
58309  -7.191  -18.608  37.238 0.0000000000
50211  -2.507  -26.542  29.634 0.0000000000
60263  -4.689  -16.498  56.354 0.0000000000
44721  -1.198  -31.363  48.354 0.0000000000
46681  -1.096  -29.687  48.116 0.0000000000
45598  -0.831  -30.432  47.825 0.0000000000
45609  -0.004  -30.475  47.091 0.0000000000
121527  -0.462  -31.294  47.430 0.0000000000
61393  -37.904  -15.575  39.159 0.0000000000
135697  -37.327  -15.891  38.673 0.0000000000
61402  -38.007  -14.925  39.090 0.0000000000
62416  -37.632  -14.520  38.982 0.0000000000
141490  -30.761  -19.360  40.718 0.0000000000
55175  -30.646  -19.030  41.469 0.0000000000
78998  -52.181  3.257  17.205 0.0000000000
78997  -51.628  2.754  16.516 0.0000000000
78052  -51.001  2.100  15.805 0.0000000000
140980  -51.607  2.887  16.543 0.0000000000
74077  -43.315  -2.316  29.835 0.0000000000
73173  -42.830  -2.911  30.224 0.0000000000
71340  -41.417  -4.116  30.008 0.0000000000
72278  -41.024  -3.784  29.240 0.0000000000
72279  -41.732  -3.549  29.599 0.0000000000
73182  -42.060  -2.831  29.107 0.0000000000
141512  -3.046  -14.453  36.927 0.0000000000
139755  -3.009  -14.471  36.057 0.0000000000
137910  -3.019  -14.428  34.018 0.0000000000
121773  -3.171  -14.539  34.837 0.0000000000
55244  -2.292  -22.080  37.316 0.0000000000
48987  -3.429  -27.470  34.014 0.0000000000
48997  -3.353  -27.642  32.699 0.0000000000
127006  -3.549  -28.508  32.016 0.0000000000
140310  -3.911  -28.432  32.662 0.0000000000
119492  -5.317  -22.712  49.777 0.0000000000
52020  -4.682  -23.471  50.121 0.0000000000
51005  -4.916  -23.605  49.837 0.0000000000
140569  -34.966  -5.369  34.970 0.0000000000
130974  -35.769  -4.060  35.789 0.0000000000
136133  -35.094  -5.012  35.743 0.0000000000
58354  -34.248  -18.324  34.641 0.0000000000
70290  -34.797  -6.294  34.719 0.0000000000
56104  -24.160  -18.397  46.847 0.0000000000
56107  -23.014  -19.298  46.355 0.0000000000
56114  -22.745  -19.717  45.594 0.0000000000
118159  -23.309  -19.228  45.634 0.0000000000
58238  -27.770  -17.293  44.331 0.0000000000
58245  -27.591  -17.109  43.647 0.0000000000
56171  -23.277  -19.157  39.681 0.0000000000
56159  -23.569  -19.115  40.396 0.0000000000
55205  -22.700  -19.507  39.836 0.0000000000
55192  -22.376  -19.966  40.729 0.0000000000
55204  -21.863  -19.868  38.914 0.0000000000
55220  -21.297  -20.657  38.157 0.0000000000
55221  -21.766  -20.014  38.542 0.0000000000
59360  -5.071  -17.488  43.436 0.0000000000
137755  -5.435  -17.603  42.712 0.0000000000
59385  -4.359  -18.382  41.988 0.0000000000
58261  -3.830  -18.795  41.373 0.0000000000
142675  -3.718  -18.524  41.932 0.0000000000
55185  -0.648  -21.458  41.031 0.0000000000
53145  -0.161  -23.231  40.321 0.0000000000
53132  0.015  -23.203  41.098 0.0000000000
76128  -49.496  -0.255  23.216 0.0000000000
75164  -48.873  -0.656  23.590 0.0000000000
74162  -47.629  -1.354  22.897 0.0000000000
74161  -47.032  -1.758  22.470 0.0000000000
75168  -48.096  -0.991  22.664 0.0000000000
52039  -6.007  -23.550  47.279 0.0000000000
53062  -6.859  -22.632  47.315 0.0000000000
122668  -14.481  -20.837  40.232 0.0000000000
132433  -10.938  -20.751  43.051 0.0000000000
55137  -11.411  -20.588  43.715 0.0000000000
55116  -11.558  -20.497  45.269 0.0000000000
55115  -10.578  -20.556  44.816 0.0000000000
54138  -9.723  -20.842  44.188 0.0000000000
63476  -7.995  -13.194  37.282 0.0000000000
59452  -6.483  -17.344  32.565 0.0000000000
60461  -6.289  -16.302  32.807 0.0000000000
59463  -5.331  -16.887  31.028 0.0000000000
55282  -2.521  -21.810  33.284 0.0000000000
55325  -1.135  -21.270  28.824 0.0000000000
55326  -1.579  -21.159  29.849 0.0000000000
56309  -0.482  -20.714  27.543 0.0000000000
61289  -3.928  -15.199  52.584 0.0000000000
128825  -3.868  -16.853  50.313 0.0000000000
52017  -2.812  -23.867  52.128 0.0000000000
54069  -3.062  -22.162  51.254 0.0000000000
52016  -1.652  -24.064  51.897 0.0000000000
52038  0.592  -24.470  47.698 0.0000000000
127703  0.984  -23.363  48.522 0.0000000000
53061  0.906  -23.809  47.705 0.0000000000
54106  0.531  -22.839  47.796 0.0000000000
119342  0.519  -23.361  47.056 0.0000000000
119316  0.372  -23.422  46.246 0.0000000000
46743  -1.624  -29.524  43.173 0.0000000000
47869  -1.319  -28.246  43.529 0.0000000000
135298  -1.609  -28.712  42.859 0.0000000000
47878  -1.509  -28.459  42.013 0.0000000000
136734  -1.802  -30.215  41.934 0.0000000000
39482  -2.422  -37.485  43.144 0.0000000000
40329  -2.221  -36.629  44.319 0.0000000000
40341  -2.203  -36.967  43.611 0.0000000000
60385  -37.736  -16.860  40.898 0.0000000000
55223  -34.325  -21.395  38.773 0.0000000000
55224  -34.671  -20.660  38.237 0.0000000000
58280  -36.761  -17.762  40.665 0.0000000000
58279  -36.032  -18.159  40.204 0.0000000000
126971  -37.224  -17.135  40.114 0.0000000000
54182  -32.206  -20.456  41.032 0.0000000000
54201  -31.888  -20.741  39.721 0.0000000000
54183  -32.849  -21.287  41.000 0.0000000000
55208  -34.239  -21.348  39.666 0.0000000000
55207  -33.838  -21.761  40.000 0.0000000000
54221  -33.958  -21.938  39.194 0.0000000000
54237  -34.133  -22.116  38.376 0.0000000000
55161  -33.025  -20.714  42.192 0.0000000000
55148  -32.807  -19.876  42.580 0.0000000000
55160  -32.433  -20.123  42.109 0.0000000000
54180  -31.598  -19.871  41.198 0.0000000000
78989  -52.858  3.111  18.242 0.0000000000
78980  -52.063  2.638  18.490 0.0000000000
75179  -45.889  -0.366  19.640 0.0000000000
75184  -45.566  -0.261  18.623 0.0000000000
76154  -46.470  0.310  18.625 0.0000000000
77065  -47.586  1.070  17.972 0.0000000000
76155  -47.124  0.718  18.009 0.0000000000
76176  -47.323  0.653  16.539 0.0000000000
77088  -48.845  1.244  16.252 0.0000000000
77076  -48.851  1.538  17.058 0.0000000000
128110  -50.199  2.125  17.891 0.0000000000
78033  -49.429  1.896  17.127 0.0000000000
138081  -50.780  2.296  17.268 0.0000000000
129341  -41.373  -4.543  30.804 0.0000000000
71331  -41.884  -4.242  30.667 0.0000000000
71322  -41.870  -4.346  31.236 0.0000000000
72227  -42.139  -3.777  33.151 0.0000000000
71301  -42.263  -3.914  32.566 0.0000000000
135130  -42.388  -3.351  33.690 0.0000000000
130827  -34.872  -7.534  30.313 0.0000000000
69440  -37.223  -6.503  30.033 0.0000000000
69450  -36.650  -6.964  29.453 0.0000000000
125305  -36.460  -7.386  28.629 0.0000000000
68564  -37.092  -6.926  28.843 0.0000000000
69452  -37.774  -6.593  29.007 0.0000000000
138457  -38.097  -6.370  29.585 0.0000000000
70332  -40.198  -5.178  30.589 0.0000000000
70343  -39.611  -5.597  30.062 0.0000000000
70333  -40.842  -4.746  30.529 0.0000000000
70345  -40.850  -4.625  30.102 0.0000000000
52140  -0.872  -25.372  36.845 0.0000000000
127675  -1.133  -24.722  36.860 0.0000000000
51150  -1.432  -26.134  36.460 0.0000000000
137835  -2.167  -28.053  36.293 0.0000000000
48964  -1.948  -27.536  36.077 0.0000000000
47928  -2.633  -28.211  36.124 0.0000000000
47938  -3.045  -27.836  35.191 0.0000000000
46922  -3.623  -28.463  35.052 0.0000000000
46904  -3.671  -28.762  35.511 0.0000000000
45777  -4.018  -30.063  36.554 0.0000000000
125508  -4.762  -30.064  35.179 0.0000000000
133460  -5.026  -32.140  35.241 0.0000000000
48846  -4.411  -26.524  47.489 0.0000000000
69377  -35.623  -7.768  36.945 0.0000000000
61437  -35.013  -15.597  36.658 0.0000000000
62480  -34.743  -15.847  35.911 0.0000000000
63517  -34.253  -13.670  36.716 0.0000000000
63516  -33.307  -12.920  36.030 0.0000000000
64578  -33.407  -11.679  35.770 0.0000000000
65608  -33.500  -10.954  34.974 0.0000000000
65598  -33.888  -10.585  35.828 0.0000000000
68471  -35.423  -8.546  36.665 0.0000000000
67509  -34.965  -8.909  35.975 0.0000000000
58209  -24.699  -17.507  47.722 0.0000000000
57152  -25.053  -17.609  47.428 0.0000000000
58277  -27.396  -17.742  40.725 0.0000000000
58263  -26.699  -17.564  41.500 0.0000000000
132554  -26.639  -17.838  40.166 0.0000000000
79032  -49.779  3.632  12.500 0.0000000000
78082  -49.443  2.931  12.538 0.0000000000
80035  -50.264  4.224  11.657 0.0000000000
80036  -50.881  4.814  11.009 0.0000000000
136353  -50.393  3.955  10.383 0.0000000000
81042  -51.716  5.365  10.588 0.0000000000
59358  -3.005  -17.592  43.903 0.0000000000
59372  -2.781  -18.025  43.143 0.0000000000
59357  -2.203  -17.849  43.728 0.0000000000
58236  -1.144  -19.102  43.904 0.0000000000
58242  -1.145  -19.125  43.149 0.0000000000
57185  -0.989  -20.138  43.247 0.0000000000
57192  -1.061  -20.199  42.841 0.0000000000
56132  -0.640  -20.585  43.260 0.0000000000
75158  -48.096  -0.867  24.571 0.0000000000
75147  -48.184  -0.757  25.489 0.0000000000
74142  -43.052  -2.082  24.477 0.0000000000
73211  -42.398  -2.490  23.909 0.0000000000
123890  -42.617  -2.961  23.180 0.0000000000
122451  -44.050  -3.139  22.834 0.0000000000
75156  -46.541  -1.134  24.640 0.0000000000
74145  -45.907  -1.764  24.107 0.0000000000
74146  -46.821  -1.483  23.967 0.0000000000
54046  -10.250  -20.561  52.366 0.0000000000
54081  -10.348  -20.560  50.400 0.0000000000
53049  -9.318  -20.746  49.838 0.0000000000
53048  -8.392  -21.286  49.307 0.0000000000
54173  -9.915  -21.711  41.482 0.0000000000
61406  -8.477  -15.404  37.642 0.0000000000
62441  -8.397  -14.865  37.143 0.0000000000
60437  -8.423  -16.196  37.209 0.0000000000
120055  -8.043  -17.747  35.907 0.0000000000
133041  -8.222  -16.935  35.529 0.0000000000
59442  -7.894  -17.733  35.063 0.0000000000
139399  -7.601  -17.759  34.370 0.0000000000
58350  -7.144  -18.253  33.846 0.0000000000
140047  -2.301  -24.319  30.890 0.0000000000
52258  -1.611  -24.447  29.309 0.0000000000
140218  -1.471  -24.077  28.722 0.0000000000
52268  -1.619  -24.029  28.291 0.0000000000
52285  -1.988  -24.520  28.064 0.0000000000
61272  -2.745  -15.354  56.928 0.0000000000
62271  -2.192  -14.272  56.735 0.0000000000
61275  -3.086  -15.345  56.082 0.0000000000
61279  -3.244  -15.229  54.943 0.0000000000
61285  -3.515  -15.882  54.347 0.0000000000
48836  -1.498  -28.123  50.619 0.0000000000
49824  -1.295  -26.436  50.616 0.0000000000
121045  -0.936  -27.633  49.817 0.0000000000
48849  -0.635  -28.093  48.016 0.0000000000
137082  -0.606  -27.419  48.326 0.0000000000
119183  -0.562  -27.203  47.559 0.0000000000
49893  -0.818  -26.488  46.965 0.0000000000
48859  -0.667  -27.378  46.673 0.0000000000
45608  0.023  -30.481  46.167 0.0000000000
47847  -0.373  -28.927  45.814 0.0000000000
45618  -0.271  -30.408  45.249 0.0000000000
45629  -0.704  -30.310  44.365 0.0000000000
57293  -34.407  -19.419  35.298 0.0000000000
57281  -34.665  -19.407  35.941 0.0000000000
57243  -34.881  -19.339  37.698 0.0000000000
56195  -34.964  -19.955  37.000 0.0000000000
126212  -34.929  -18.652  37.711 0.0000000000
60434  -36.045  -16.356  37.914 0.0000000000
128245  -35.641  -17.041  37.372 0.0000000000
59434  -35.269  -17.200  36.616 0.0000000000
60442  -35.628  -16.451  37.207 0.0000000000
119885  -35.507  -15.916  37.221 0.0000000000
61423  -35.785  -15.228  38.047 0.0000000000
63487  -36.411  -13.691  39.002 0.0000000000
122346  -32.244  -21.582  37.418 0.0000000000
58231  -29.379  -17.992  45.178 0.0000000000
141301  -28.884  -17.736  44.910 0.0000000000
58240  -29.574  -18.018  44.509 0.0000000000
56118  -31.296  -18.746  44.182 0.0000000000
56126  -30.571  -18.605  43.805 0.0000000000
57197  -30.187  -18.466  42.587 0.0000000000
58255  -29.922  -17.966  42.955 0.0000000000
57196  -29.671  -18.214  42.206 0.0000000000
58265  -28.867  -17.732  41.855 0.0000000000
57202  -29.470  -18.345  41.407 0.0000000000
57230  -28.969  -18.876  39.675 0.0000000000
81005  -51.182  5.010  15.415 0.0000000000
77104  -49.402  1.229  15.676 0.0000000000
132371  -49.981  1.819  14.951 0.0000000000
78059  -49.471  2.049  14.610 0.0000000000
78069  -49.647  2.454  14.540 0.0000000000
78068  -49.178  2.369  13.553 0.0000000000
80007  -50.875  3.937  15.521 0.0000000000
75101  -44.616  -1.021  28.709 0.0000000000
74079  -45.057  -1.430  30.478 0.0000000000
123486  -43.363  -3.017  32.082 0.0000000000
73151  -43.208  -3.028  31.418 0.0000000000
69455  -38.559  -6.056  28.581 0.0000000000
70355  -38.357  -5.989  27.939 0.0000000000
72282  -40.067  -3.878  27.930 0.0000000000
72288  -39.967  -3.594  27.237 0.0000000000
74094  -42.272  -2.332  28.300 0.0000000000
131964  -42.768  -1.822  27.855 0.0000000000
75117  -43.367  -1.225  27.221 0.0000000000
123730  -18.460  -22.345  40.258 0.0000000000
54213  -18.748  -22.541  39.254 0.0000000000
123217  -17.095  -21.624  38.485 0.0000000000
62486  -1.732  -13.756  32.775 0.0000000000
62524  -1.922  -13.962  30.742 0.0000000000
61491  -2.354  -14.404  30.260 0.0000000000
142327  -4.553  -19.880  38.046 0.0000000000
56189  -4.329  -20.277  37.075 0.0000000000
56188  -3.602  -20.634  37.129 0.0000000000
55258  -2.844  -21.726  35.894 0.0000000000
55267  -2.620  -22.267  35.032 0.0000000000
55268  -2.903  -21.591  34.943 0.0000000000
52154  -2.134  -25.535  35.995 0.0000000000
53205  -2.175  -24.672  36.030 0.0000000000
52166  -2.437  -25.181  35.301 0.0000000000
51181  -2.633  -26.029  33.684 0.0000000000
52180  -2.545  -25.110  34.476 0.0000000000
53253  -2.531  -24.347  33.660 0.0000000000
130036  -2.542  -25.571  32.874 0.0000000000
49000  -2.716  -27.430  31.448 0.0000000000
45838  -4.397  -29.465  32.831 0.0000000000
45855  -4.218  -29.606  32.107 0.0000000000
132510  -4.491  -30.113  32.523 0.0000000000
57128  -5.316  -19.754  52.643 0.0000000000
55084  -6.021  -20.801  51.123 0.0000000000
52019  -4.413  -24.151  50.722 0.0000000000
52012  -4.332  -23.629  50.978 0.0000000000
52018  -3.738  -24.292  51.885 0.0000000000
124418  -3.996  -24.628  51.334 0.0000000000
48828  -3.887  -26.313  49.210 0.0000000000
48815  -4.171  -26.462  50.747 0.0000000000
48827  -4.300  -27.517  51.222 0.0000000000
48814  -4.030  -26.934  51.501 0.0000000000
47768  -3.525  -27.704  51.641 0.0000000000
48826  -2.300  -27.539  51.347 0.0000000000
47795  -2.958  -29.270  50.921 0.0000000000
44715  -3.456  -31.432  50.077 0.0000000000
45585  -2.906  -30.645  50.193 0.0000000000
44714  -2.501  -31.331  49.713 0.0000000000
72225  -38.311  -4.455  33.509 0.0000000000
72206  -37.568  -4.145  34.176 0.0000000000
61451  -34.386  -16.189  35.234 0.0000000000
61465  -33.979  -16.505  34.551 0.0000000000
125939  -34.311  -9.174  33.424 0.0000000000
67548  -34.143  -9.243  32.773 0.0000000000
67562  -34.260  -8.491  32.059 0.0000000000
71295  -35.211  -5.441  33.062 0.0000000000
71296  -36.392  -4.831  32.964 0.0000000000
71306  -37.293  -5.187  32.093 0.0000000000
54135  -21.845  -20.698  45.000 0.0000000000
122153  -21.355  -20.911  45.634 0.0000000000
54143  -21.470  -21.071  44.242 0.0000000000
53100  -20.739  -21.554  44.016 0.0000000000
53101  -21.163  -21.364  43.657 0.0000000000
57169  -26.005  -17.478  45.387 0.0000000000
58220  -26.331  -17.494  46.430 0.0000000000
57168  -25.178  -18.029  45.711 0.0000000000
57201  -25.781  -17.705  41.848 0.0000000000
57195  -25.780  -17.596  42.559 0.0000000000
57194  -25.014  -18.091  42.184 0.0000000000
56140  -23.707  -19.122  42.032 0.0000000000
56124  -24.396  -18.507  44.246 0.0000000000
56123  -23.617  -19.112  43.834 0.0000000000
55143  -22.888  -19.708  43.508 0.0000000000
55157  -22.680  -19.899  42.807 0.0000000000
54179  -21.797  -20.656  41.267 0.0000000000
127582  -21.799  -20.797  42.275 0.0000000000
54178  -21.429  -21.158  41.747 0.0000000000
53126  -21.161  -21.455  42.213 0.0000000000
53139  -21.068  -21.421  41.233 0.0000000000
130929  -20.711  -21.657  40.656 0.0000000000
131640  -20.842  -21.377  40.137 0.0000000000
54249  -21.260  -22.592  37.260 0.0000000000
53178  -21.003  -22.741  37.530 0.0000000000
81062  -52.533  5.265  9.104 0.0000000000
81072  -54.582  5.535  7.507 0.0000000000
134623  -7.874  -15.261  40.553 0.0000000000
61378  -7.935  -15.628  39.931 0.0000000000
136070  -7.674  -16.262  39.983 0.0000000000
61352  -6.522  -15.354  43.654 0.0000000000
59387  -6.178  -17.675  41.515 0.0000000000
60387  -6.801  -17.134  41.162 0.0000000000
59397  -6.427  -17.967  40.740 0.0000000000
138597  -6.618  -18.213  39.886 0.0000000000
58299  -5.573  -19.274  38.809 0.0000000000
130005  -5.458  -19.022  39.573 0.0000000000
140512  -3.442  -19.647  40.061 0.0000000000
57225  -3.746  -19.724  39.302 0.0000000000
56180  -2.702  -20.805  39.087 0.0000000000
58259  -2.070  -18.998  41.824 0.0000000000
58272  -2.430  -19.401  41.403 0.0000000000
136343  -1.942  -19.765  41.788 0.0000000000
55199  -1.529  -21.405  40.359 0.0000000000
55213  -1.820  -21.567  39.750 0.0000000000
53173  -0.843  -23.104  38.496 0.0000000000
53172  -0.210  -23.548  38.817 0.0000000000
51115  0.460  -25.223  39.373 0.0000000000
51126  0.392  -25.421  38.419 0.0000000000
51116  0.249  -26.084  38.965 0.0000000000
50041  -0.381  -26.736  38.527 0.0000000000
50022  -0.218  -26.711  39.512 0.0000000000
77042  -50.428  1.013  21.360 0.0000000000
72209  -40.725  -3.818  34.302 0.0000000000
73224  -44.379  -3.417  22.272 0.0000000000
73225  -45.050  -3.049  22.208 0.0000000000
74169  -45.646  -2.223  21.020 0.0000000000
73233  -44.903  -2.529  20.537 0.0000000000
131221  -46.171  -1.551  20.935 0.0000000000
74170  -46.839  -1.188  21.207 0.0000000000
76133  -48.826  -0.130  21.637 0.0000000000
76132  -48.193  -0.249  21.338 0.0000000000
76138  -48.803  0.261  21.200 0.0000000000
55059  -6.911  -21.570  53.715 0.0000000000
53020  -6.448  -21.179  50.841 0.0000000000
53021  -6.805  -21.413  50.688 0.0000000000
53023  -8.103  -20.915  51.315 0.0000000000
54058  -8.241  -20.754  51.992 0.0000000000
52031  -7.107  -22.509  49.338 0.0000000000
52026  -6.445  -22.893  49.260 0.0000000000
125142  -6.366  -22.538  49.648 0.0000000000
51014  -5.794  -23.520  49.066 0.0000000000
51020  -5.826  -23.744  48.498 0.0000000000
51035  -5.549  -24.112  46.638 0.0000000000
51028  -5.412  -24.339  47.237 0.0000000000
130576  -5.093  -25.509  45.718 0.0000000000
49910  -5.168  -26.010  45.069 0.0000000000
54176  -17.591  -21.761  41.582 0.0000000000
54175  -16.850  -21.405  41.929 0.0000000000
55155  -15.374  -20.839  42.522 0.0000000000
55141  -16.065  -21.129  43.188 0.0000000000
54139  -16.079  -21.407  45.033 0.0000000000
55130  -15.385  -21.019  44.466 0.0000000000
55169  -13.689  -20.668  41.492 0.0000000000
55128  -13.524  -20.540  44.847 0.0000000000
126811  -13.838  -20.514  43.863 0.0000000000
55119  -14.533  -20.779  45.401 0.0000000000
55110  -13.932  -20.654  46.539 0.0000000000
54110  -12.081  -20.533  47.800 0.0000000000
119472  -12.620  -20.545  49.378 0.0000000000
54098  -11.232  -20.529  48.336 0.0000000000
54090  -11.492  -20.534  49.266 0.0000000000
118886  -9.093  -20.742  46.840 0.0000000000
54108  -9.737  -20.579  47.537 0.0000000000
54107  -8.746  -20.974  47.608 0.0000000000
53120  -8.762  -22.351  42.120 0.0000000000
53107  -8.483  -22.088  43.084 0.0000000000
52058  -6.838  -22.905  43.912 0.0000000000
136216  -6.677  -22.874  45.189 0.0000000000
52057  -6.150  -23.535  44.199 0.0000000000
63474  -6.060  -13.108  36.730 0.0000000000
64549  -5.498  -12.642  37.237 0.0000000000
63492  -5.044  -13.454  36.985 0.0000000000
62437  -5.129  -14.009  36.312 0.0000000000
62457  -7.384  -14.978  35.809 0.0000000000
62439  -7.089  -14.287  36.123 0.0000000000
123053  -6.938  -15.118  35.303 0.0000000000
61458  -5.998  -15.600  33.415 0.0000000000
61428  -6.194  -14.989  34.965 0.0000000000
61443  -5.639  -15.093  34.215 0.0000000000
61427  -5.063  -14.680  35.007 0.0000000000
61442  -4.664  -14.762  34.244 0.0000000000
61456  -4.253  -14.739  33.430 0.0000000000
131944  -4.654  -14.999  32.747 0.0000000000
61502  -3.499  -15.979  30.332 0.0000000000
61493  -3.837  -15.292  30.788 0.0000000000
60489  -2.222  -15.811  29.611 0.0000000000
141373  -1.831  -16.328  29.382 0.0000000000
57261  -5.058  -20.245  35.817 0.0000000000
57273  -4.992  -20.259  34.908 0.0000000000
57297  -3.903  -20.178  32.900 0.0000000000
57298  -4.603  -20.030  33.360 0.0000000000
120502  -4.702  -19.776  32.759 0.0000000000
57319  -4.210  -19.653  31.980 0.0000000000
128680  -2.375  -21.143  31.846 0.0000000000
129914  -2.131  -21.139  31.219 0.0000000000
57333  -2.417  -19.962  31.172 0.0000000000
58375  -2.561  -19.268  30.563 0.0000000000
57335  -4.043  -19.243  31.115 0.0000000000
58376  -3.410  -18.922  30.583 0.0000000000
58386  -1.998  -18.769  29.958 0.0000000000
136752  -0.794  -18.881  29.317 0.0000000000
131511  -0.962  -18.129  29.381 0.0000000000
59480  -0.482  -17.533  29.077 0.0000000000
58393  -0.281  -18.310  29.114 0.0000000000
59487  0.891  -17.873  28.196 0.0000000000
58415  0.562  -19.302  27.986 0.0000000000
60305  -2.181  -16.608  48.572 0.0000000000
57127  -5.278  -19.275  52.022 0.0000000000
122072  -4.892  -18.663  52.318 0.0000000000
137591  -5.246  -19.002  51.573 0.0000000000
56086  -3.949  -20.776  49.791 0.0000000000
126434  -4.218  -19.860  49.603 0.0000000000
58185  -4.537  -18.099  50.947 0.0000000000
56085  -3.268  -20.397  49.190 0.0000000000
52029  -0.287  -25.005  49.958 0.0000000000
52024  -0.750  -24.431  50.944 0.0000000000
52023  0.075  -24.213  50.243 0.0000000000
125286  0.394  -22.100  49.188 0.0000000000
55094  -0.006  -21.833  49.956 0.0000000000
56094  -1.318  -21.044  48.998 0.0000000000
56089  -2.326  -20.351  48.764 0.0000000000
58196  -2.894  -18.413  48.660 0.0000000000
56098  -1.033  -20.670  48.464 0.0000000000
131328  -0.653  -20.430  47.328 0.0000000000
120543  -0.809  -20.200  47.780 0.0000000000
57153  -0.937  -19.740  47.126 0.0000000000
133120  -1.181  -18.911  47.147 0.0000000000
57157  -0.963  -19.804  46.324 0.0000000000
56105  -0.641  -20.484  45.987 0.0000000000
54136  0.118  -22.776  44.881 0.0000000000
118267  -0.133  -22.721  44.079 0.0000000000
54145  -0.081  -21.732  43.800 0.0000000000
139807  -0.179  -23.397  43.607 0.0000000000
126540  -0.975  -25.955  45.612 0.0000000000
126539  -0.920  -26.087  44.596 0.0000000000
126134  -0.994  -26.839  42.836 0.0000000000
126538  -0.786  -25.829  43.777 0.0000000000
49946  -0.768  -26.018  43.029 0.0000000000
52080  -0.118  -24.677  42.904 0.0000000000
126628  -0.263  -25.520  42.515 0.0000000000
51088  -0.056  -25.783  41.658 0.0000000000
49979  -0.491  -26.610  41.285 0.0000000000
47892  -1.744  -28.671  40.506 0.0000000000
123074  -1.316  -27.817  40.449 0.0000000000
141767  -1.582  -28.423  40.011 0.0000000000
47898  -1.404  -28.191  39.470 0.0000000000
45717  -1.720  -29.899  39.389 0.0000000000
42118  -2.433  -34.672  48.106 0.0000000000
41210  -2.151  -35.769  45.513 0.0000000000
42134  -1.724  -35.052  46.025 0.0000000000
43003  -1.752  -34.082  47.437 0.0000000000
43015  -1.495  -34.188  46.353 0.0000000000
43911  -1.109  -32.661  46.059 0.0000000000
43024  -1.498  -33.346  44.442 0.0000000000
43920  -1.644  -32.915  43.536 0.0000000000
140368  -1.462  -32.271  43.367 0.0000000000
131702  -1.698  -33.378  42.921 0.0000000000
43931  -2.039  -32.253  41.819 0.0000000000
131573  -2.061  -31.952  41.061 0.0000000000
44764  -2.019  -31.268  40.589 0.0000000000
43935  -2.094  -32.046  40.343 0.0000000000
43947  -2.306  -31.699  38.988 0.0000000000
44774  -2.458  -31.450  38.733 0.0000000000
44780  -2.864  -31.245  38.262 0.0000000000
44781  -3.360  -31.452  37.765 0.0000000000
58267  -37.029  -17.947  41.654 0.0000000000
59384  -37.692  -17.161  42.676 0.0000000000
58257  -36.787  -18.090  42.270 0.0000000000
59368  -36.088  -17.311  42.442 0.0000000000
56163  -34.512  -20.658  40.129 0.0000000000
56174  -34.814  -19.899  39.685 0.0000000000
57217  -35.143  -19.267  40.220 0.0000000000
58266  -36.236  -18.193  41.159 0.0000000000
55162  -33.803  -20.906  42.205 0.0000000000
55178  -34.076  -21.148  41.387 0.0000000000
56151  -34.456  -20.623  41.021 0.0000000000
56121  -33.063  -19.045  42.934 0.0000000000
57182  -33.775  -18.869  42.520 0.0000000000
139083  -33.972  -19.771  42.687 0.0000000000
58234  -34.111  -18.024  42.640 0.0000000000
78027  -51.112  2.202  18.983 0.0000000000
76145  -47.394  0.496  20.087 0.0000000000
77064  -47.104  0.767  19.035 0.0000000000
141414  -47.427  0.922  19.597 0.0000000000
77066  -48.275  1.399  18.062 0.0000000000
139343  -50.130  1.835  18.878 0.0000000000
71320  -40.706  -4.861  31.479 0.0000000000
127411  -41.320  -4.623  31.369 0.0000000000
136346  -41.274  -4.512  32.623 0.0000000000
71288  -41.542  -4.129  33.255 0.0000000000
69433  -36.204  -6.319  30.639 0.0000000000
70320  -37.219  -5.845  30.906 0.0000000000
69434  -37.740  -6.071  30.512 0.0000000000
69441  -37.995  -6.271  30.088 0.0000000000
70330  -38.595  -5.899  30.588 0.0000000000
70323  -40.078  -5.226  31.032 0.0000000000
50060  -0.678  -26.775  37.491 0.0000000000
50080  -1.125  -26.771  36.558 0.0000000000
46902  -2.727  -28.652  36.687 0.0000000000
46903  -3.249  -28.682  36.139 0.0000000000
140040  -3.986  -30.909  36.914 0.0000000000
48860  -4.976  -26.879  45.993 0.0000000000
48851  -4.707  -26.863  46.769 0.0000000000
130966  -5.208  -27.623  46.135 0.0000000000
63518  -34.927  -14.094  37.262 0.0000000000
64569  -34.763  -11.853  37.619 0.0000000000
65587  -34.438  -10.758  37.090 0.0000000000
66531  -34.552  -9.850  36.211 0.0000000000
135349  -34.822  -9.931  37.216 0.0000000000
67498  -35.364  -9.011  37.014 0.0000000000
125702  -25.621  -17.086  47.551 0.0000000000
58292  -26.552  -17.959  39.364 0.0000000000
80014  -50.437  4.499  13.241 0.0000000000
80023  -50.276  4.310  12.423 0.0000000000
119978  -50.771  4.988  12.323 0.0000000000
81024  -51.447  5.576  11.817 0.0000000000
81980  -53.227  6.710  12.101 0.0000000000
59340  -1.783  -17.866  44.409 0.0000000000
57177  -1.052  -19.845  44.470 0.0000000000
75146  -47.642  -0.711  26.016 0.0000000000
141138  -47.837  -0.740  26.876 0.0000000000
74128  -41.883  -1.863  25.898 0.0000000000
74129  -42.664  -1.677  25.465 0.0000000000
74130  -43.607  -1.581  25.092 0.0000000000
74143  -44.059  -2.083  24.227 0.0000000000
75144  -45.730  -1.068  25.017 0.0000000000
54060  -10.099  -20.566  51.714 0.0000000000
54061  -11.224  -20.662  51.938 0.0000000000
119972  -19.605  -21.811  44.826 0.0000000000
62547  0.286  -14.464  28.871 0.0000000000
59428  -8.218  -16.710  37.696 0.0000000000
59433  -8.244  -16.932  36.971 0.0000000000
59432  -7.946  -17.618  36.720 0.0000000000
58320  -7.530  -18.346  36.464 0.0000000000
58330  -7.560  -18.384  35.531 0.0000000000
51234  -2.425  -25.824  30.326 0.0000000000
52247  -2.121  -24.874  30.129 0.0000000000
50210  -2.310  -25.853  29.421 0.0000000000
51253  -1.992  -25.217  28.618 0.0000000000
61276  -3.347  -16.169  56.755 0.0000000000
60268  -3.982  -16.274  54.903 0.0000000000
46669  -1.524  -29.815  49.092 0.0000000000
47812  -1.028  -28.914  48.687 0.0000000000
47825  -0.627  -28.903  47.658 0.0000000000
47836  -0.183  -28.904  46.826 0.0000000000
131840  -0.224  -31.098  46.644 0.0000000000
45619  -0.360  -31.197  45.833 0.0000000000
58306  -36.007  -17.583  38.897 0.0000000000
58315  -35.728  -17.536  38.250 0.0000000000
59423  -36.299  -17.156  38.542 0.0000000000
127528  -36.716  -15.736  38.305 0.0000000000
61412  -36.586  -15.104  38.465 0.0000000000
62415  -37.089  -14.525  38.908 0.0000000000
53183  -32.976  -22.360  38.136 0.0000000000
55145  -30.828  -18.823  42.768 0.0000000000
56135  -30.552  -18.510  43.311 0.0000000000
55144  -30.687  -18.905  42.219 0.0000000000
56142  -30.331  -18.696  42.119 0.0000000000
56149  -29.904  -18.756  40.903 0.0000000000
57216  -29.200  -18.561  40.543 0.0000000000
78043  -50.425  1.738  15.826 0.0000000000
77105  -49.895  1.495  15.561 0.0000000000
127162  -50.817  2.050  15.409 0.0000000000
79012  -50.411  2.511  15.175 0.0000000000
79007  -51.519  3.181  16.412 0.0000000000
74095  -42.883  -2.165  28.919 0.0000000000
74096  -43.875  -1.632  29.325 0.0000000000
74061  -44.390  -1.970  30.908 0.0000000000
70356  -38.995  -5.505  28.336 0.0000000000
71343  -40.261  -4.181  28.695 0.0000000000
72283  -40.685  -3.515  28.372 0.0000000000
73189  -41.033  -2.910  27.934 0.0000000000
54248  -19.260  -22.975  37.221 0.0000000000
62487  -2.425  -14.181  33.222 0.0000000000
62507  -2.952  -14.286  32.216 0.0000000000
56187  -3.072  -20.957  37.767 0.0000000000
139158  -2.701  -21.699  36.770 0.0000000000
55257  -2.498  -22.243  36.187 0.0000000000
124371  -2.566  -26.475  35.060 0.0000000000
124674  -2.875  -26.604  34.513 0.0000000000
50144  -2.924  -26.493  33.733 0.0000000000
51199  -2.630  -26.234  32.920 0.0000000000
50168  -2.895  -26.677  32.892 0.0000000000
48996  -3.014  -27.223  32.335 0.0000000000
47963  -2.946  -28.051  31.717 0.0000000000
47973  -3.207  -28.570  31.499 0.0000000000
46980  -3.493  -28.895  31.455 0.0000000000
53019  -5.747  -21.678  50.262 0.0000000000
54056  -5.920  -21.119  50.750 0.0000000000
52013  -4.494  -23.324  50.412 0.0000000000
47813  -4.206  -27.592  48.270 0.0000000000
142130  -4.162  -27.145  49.491 0.0000000000
135071  -4.361  -27.854  49.300 0.0000000000
46661  -4.533  -29.045  50.144 0.0000000000
46655  -4.040  -29.197  50.840 0.0000000000
142717  -4.106  -29.789  50.393 0.0000000000
121655  -4.265  -30.929  49.938 0.0000000000
71285  -36.431  -4.440  34.017 0.0000000000
72188  -36.598  -3.926  34.912 0.0000000000
62478  -33.499  -14.818  35.008 0.0000000000
67522  -34.746  -8.813  35.108 0.0000000000
68491  -34.640  -8.707  34.483 0.0000000000
124257  -34.685  -8.144  34.103 0.0000000000
69415  -34.672  -7.197  33.491 0.0000000000
70297  -34.726  -6.254  33.759 0.0000000000
71284  -35.174  -5.129  33.972 0.0000000000
56106  -22.427  -19.844  46.257 0.0000000000
56113  -22.290  -20.193  45.512 0.0000000000
55122  -22.470  -20.130  44.769 0.0000000000
58230  -28.330  -17.640  45.503 0.0000000000
58221  -27.275  -17.495  45.993 0.0000000000
58229  -27.449  -17.490  45.451 0.0000000000
58237  -26.971  -17.372  44.981 0.0000000000
139213  -26.141  -17.426  44.645 0.0000000000
56148  -24.389  -18.593  41.738 0.0000000000
56147  -23.716  -19.065  41.229 0.0000000000
55174  -23.063  -19.545  41.516 0.0000000000
133690  -23.046  -19.584  42.269 0.0000000000
54198  -21.567  -20.465  40.066 0.0000000000
53152  -20.799  -21.258  39.146 0.0000000000
54215  -20.975  -21.197  38.153 0.0000000000
54233  -21.275  -21.610  37.841 0.0000000000
79052  -50.156  3.384  10.103 0.0000000000
60372  -6.389  -16.659  42.718 0.0000000000
60379  -6.699  -16.571  41.981 0.0000000000
59375  -6.122  -17.298  42.272 0.0000000000
59396  -5.704  -18.326  41.128 0.0000000000
58287  -4.967  -19.025  40.073 0.0000000000
58274  -4.429  -18.976  40.676 0.0000000000
58273  -3.574  -19.294  40.660 0.0000000000
58286  -2.948  -19.648  40.657 0.0000000000
56146  -1.489  -20.365  41.698 0.0000000000
57210  -1.790  -20.304  41.497 0.0000000000
55166  -1.108  -20.850  41.353 0.0000000000
54190  -0.986  -21.771  40.427 0.0000000000
54207  -0.757  -22.561  40.031 0.0000000000
53158  -0.297  -23.345  39.618 0.0000000000
135048  0.107  -23.904  39.994 0.0000000000
131875  0.330  -24.696  40.138 0.0000000000
135011  0.331  -25.468  40.294 0.0000000000
120890  -49.166  -0.230  22.270 0.0000000000
76129  -49.935  0.195  22.464 0.0000000000
74160  -46.397  -2.237  22.648 0.0000000000
73226  -45.733  -2.652  22.167 0.0000000000
74165  -46.392  -2.191  22.042 0.0000000000
74166  -46.985  -1.575  21.826 0.0000000000
75172  -48.316  -0.632  22.042 0.0000000000
53015  -7.755  -20.886  52.206 0.0000000000
121081  -7.806  -21.507  50.230 0.0000000000
53038  -7.718  -21.822  49.687 0.0000000000
52033  -6.454  -23.088  48.187 0.0000000000
55191  -16.390  -21.147  40.095 0.0000000000
55172  -16.184  -21.048  41.259 0.0000000000
55171  -15.342  -20.841  41.637 0.0000000000
55170  -14.633  -20.704  41.948 0.0000000000
55152  -12.413  -20.611  42.328 0.0000000000
121836  -12.026  -20.569  43.188 0.0000000000
140708  -12.022  -20.504  44.000 0.0000000000
55117  -12.646  -20.551  45.529 0.0000000000
55109  -12.831  -20.563  46.378 0.0000000000
55108  -11.770  -20.531  46.135 0.0000000000
54118  -11.070  -20.516  46.664 0.0000000000
121484  -9.480  -20.707  46.048 0.0000000000
54127  -8.940  -20.986  45.440 0.0000000000
52068  -7.925  -22.857  42.460 0.0000000000
51061  -6.672  -24.283  42.387 0.0000000000
51060  -6.050  -24.666  42.904 0.0000000000
61445  -7.428  -16.061  34.629 0.0000000000
118220  -6.956  -15.467  34.872 0.0000000000
61459  -6.639  -16.147  33.495 0.0000000000
61475  -5.404  -15.590  32.459 0.0000000000
61474  -4.405  -15.155  31.836 0.0000000000
60480  -4.396  -16.312  30.622 0.0000000000
59473  -3.641  -16.888  30.183 0.0000000000
56218  -3.437  -20.791  34.372 0.0000000000
56219  -4.141  -20.512  34.629 0.0000000000
56232  -3.278  -20.689  33.544 0.0000000000
56248  -3.086  -20.577  32.645 0.0000000000
138448  -1.857  -22.026  29.924 0.0000000000
57347  -1.637  -20.120  30.201 0.0000000000
58385  -1.684  -19.325  29.999 0.0000000000
57359  -1.235  -19.485  29.616 0.0000000000
57358  -0.589  -19.736  28.938 0.0000000000
57369  0.035  -20.007  27.900 0.0000000000
53016  -4.016  -22.414  50.970 0.0000000000
55089  -4.293  -21.227  50.291 0.0000000000
54070  -3.918  -21.726  50.702 0.0000000000
55088  -3.146  -21.591  50.353 0.0000000000
54068  -1.906  -22.024  51.114 0.0000000000
51011  0.294  -25.057  48.896 0.0000000000
53046  0.539  -23.577  49.891 0.0000000000
53052  0.914  -23.702  49.159 0.0000000000
56097  -0.608  -20.857  48.258 0.0000000000
55097  -0.114  -21.456  48.371 0.0000000000
55101  -0.101  -21.368  47.686 0.0000000000
55107  -0.069  -21.532  46.855 0.0000000000
55106  -0.205  -20.955  46.160 0.0000000000
55114  0.105  -21.700  45.925 0.0000000000
54125  0.238  -22.636  45.704 0.0000000000
135785  0.035  -24.062  45.192 0.0000000000
47858  -1.040  -27.943  44.305 0.0000000000
48878  -1.017  -27.076  44.429 0.0000000000
48884  -1.140  -27.393  43.569 0.0000000000
126322  -0.897  -27.122  42.001 0.0000000000
128565  -1.224  -27.755  41.843 0.0000000000
46786  -1.833  -29.010  41.297 0.0000000000
46806  -1.844  -29.715  40.415 0.0000000000
41217  -1.958  -35.779  44.596 0.0000000000
42133  -1.486  -34.342  45.180 0.0000000000
42141  -1.703  -34.945  44.556 0.0000000000
42148  -1.777  -35.142  43.693 0.0000000000
42154  -1.764  -34.958  42.557 0.0000000000
43063  -2.438  -32.911  39.536 0.0000000000
54254  -34.323  -22.192  37.547 0.0000000000
55251  -34.731  -21.634  37.003 0.0000000000
140996  -34.854  -20.022  37.724 0.0000000000
57244  -35.050  -18.711  38.683 0.0000000000
57231  -35.053  -19.208  39.360 0.0000000000
58294  -35.661  -18.059  39.269 0.0000000000
60407  -37.455  -16.397  39.371 0.0000000000
55176  -31.051  -19.862  40.174 0.0000000000
54200  -31.454  -20.444  39.511 0.0000000000
136029  -32.011  -21.220  38.851 0.0000000000
53167  -32.778  -21.810  38.620 0.0000000000
54203  -33.209  -21.748  40.161 0.0000000000
54219  -32.919  -21.833  39.371 0.0000000000
53168  -33.245  -22.291  38.571 0.0000000000
54253  -33.956  -22.736  38.111 0.0000000000
56128  -31.856  -18.970  43.635 0.0000000000
119361  -32.439  -19.019  43.268 0.0000000000
55135  -32.385  -19.218  43.037 0.0000000000
55146  -31.483  -19.244  42.658 0.0000000000
54164  -31.526  -19.583  42.026 0.0000000000
138706  -31.200  -19.574  41.044 0.0000000000
78999  -52.998  3.574  17.648 0.0000000000
76164  -46.874  0.547  17.450 0.0000000000
76175  -46.498  0.308  16.797 0.0000000000
76187  -48.443  1.022  15.671 0.0000000000
76178  -48.946  1.163  15.819 0.0000000000
77089  -49.144  1.088  16.135 0.0000000000
131220  -42.009  -3.837  30.183 0.0000000000
72270  -42.501  -3.518  30.421 0.0000000000
121118  -42.212  -3.945  30.555 0.0000000000
72250  -42.799  -3.555  31.603 0.0000000000
72239  -42.815  -3.472  32.389 0.0000000000
71311  -41.854  -4.389  31.973 0.0000000000
68548  -35.827  -7.218  29.779 0.0000000000
68575  -36.297  -7.761  27.827 0.0000000000
68580  -36.598  -7.534  27.383 0.0000000000
69454  -37.445  -6.799  28.323 0.0000000000
142608  -38.009  -6.454  28.579 0.0000000000
69453  -38.784  -6.069  29.968 0.0000000000
70348  -39.714  -5.377  29.515 0.0000000000
140441  -40.273  -4.930  29.657 0.0000000000
138419  -3.463  -14.228  37.157 0.0000000000
51151  -2.073  -26.278  35.928 0.0000000000
50081  -1.704  -26.855  36.075 0.0000000000
50102  -2.214  -26.982  35.606 0.0000000000
50122  -2.728  -26.964  35.022 0.0000000000
48979  -2.998  -27.312  34.886 0.0000000000
46945  -3.967  -28.326  33.761 0.0000000000
45818  -4.486  -29.314  34.054 0.0000000000
45796  -4.137  -29.224  35.397 0.0000000000
43969  -5.236  -31.860  33.787 0.0000000000
51009  -5.239  -24.051  49.320 0.0000000000
51008  -4.714  -24.493  49.690 0.0000000000
49828  -4.814  -24.943  49.120 0.0000000000
49842  -4.229  -25.705  48.752 0.0000000000
48837  -4.032  -26.509  48.482 0.0000000000
48850  -4.516  -27.395  47.428 0.0000000000
125079  -4.686  -28.636  48.094 0.0000000000
70271  -35.115  -5.946  36.487 0.0000000000
125290  -35.387  -4.788  36.688 0.0000000000
71262  -35.337  -5.819  37.362 0.0000000000
61453  -34.935  -16.569  35.903 0.0000000000
60457  -34.631  -16.945  35.346 0.0000000000
61452  -34.689  -16.463  35.589 0.0000000000
62479  -34.244  -15.402  35.553 0.0000000000
63530  -33.064  -13.519  35.091 0.0000000000
63529  -32.566  -12.701  34.202 0.0000000000
65609  -33.833  -10.118  34.560 0.0000000000
135346  -34.671  -9.313  35.702 0.0000000000
67508  -34.527  -9.228  35.038 0.0000000000
58253  -27.949  -17.188  42.349 0.0000000000
58244  -26.870  -17.085  42.989 0.0000000000
58276  -25.698  -17.967  40.008 0.0000000000
57213  -24.912  -18.312  40.602 0.0000000000
57212  -24.050  -18.788  40.169 0.0000000000
57227  -23.784  -18.753  39.478 0.0000000000
56182  -23.050  -19.110  39.193 0.0000000000
79053  -49.959  3.429  10.893 0.0000000000
80053  -50.755  4.043  9.729 0.0000000000
81053  -52.076  5.291  9.916 0.0000000000
81036  -52.280  5.889  10.848 0.0000000000
60363  -4.718  -17.237  44.251 0.0000000000
130006  -3.534  -18.236  42.501 0.0000000000
118741  -1.804  -18.639  42.189 0.0000000000
132368  -1.665  -18.866  42.175 0.0000000000
59356  -1.640  -18.294  43.498 0.0000000000
119462  -1.491  -18.663  42.642 0.0000000000
123161  -1.498  -19.502  42.328 0.0000000000
56139  -1.245  -20.220  42.400 0.0000000000
55150  -0.606  -21.089  41.876 0.0000000000
54154  -0.306  -21.741  42.437 0.0000000000
126681  -48.026  -1.016  23.919 0.0000000000
123755  -48.558  -0.784  24.142 0.0000000000
123037  -41.551  -2.501  24.340 0.0000000000
73217  -40.966  -2.998  23.796 0.0000000000
73223  -43.753  -3.630  22.363 0.0000000000
73220  -44.879  -2.904  22.760 0.0000000000
74144  -45.002  -2.022  24.070 0.0000000000
74153  -45.408  -2.389  23.377 0.0000000000
131322  -9.349  -20.684  53.661 0.0000000000
54045  -9.022  -20.644  52.510 0.0000000000
54071  -9.468  -20.618  51.256 0.0000000000
53039  -8.435  -21.146  50.089 0.0000000000
53054  -8.057  -21.639  48.579 0.0000000000
55216  -13.760  -21.060  38.892 0.0000000000
55200  -12.691  -20.981  39.957 0.0000000000
55187  -11.802  -20.979  41.068 0.0000000000
54174  -10.923  -21.180  41.429 0.0000000000
54158  -10.421  -21.181  42.248 0.0000000000
54148  -9.887  -21.119  43.121 0.0000000000
54157  -9.562  -21.700  42.212 0.0000000000
63477  -8.383  -13.735  37.715 0.0000000000
62422  -8.196  -14.138  37.186 0.0000000000
61417  -7.994  -15.495  36.051 0.0000000000
60446  -8.314  -16.418  36.383 0.0000000000
61430  -8.134  -16.119  35.750 0.0000000000
60445  -7.938  -16.329  35.121 0.0000000000
59447  -7.337  -17.308  33.826 0.0000000000
59446  -6.934  -17.606  33.274 0.0000000000
58364  -6.226  -18.221  32.334 0.0000000000
53278  -2.563  -23.440  32.796 0.0000000000
135566  -2.444  -22.485  32.436 0.0000000000
54339  -2.420  -22.914  31.861 0.0000000000
135012  -2.216  -22.465  31.179 0.0000000000
54351  -2.055  -22.618  30.437 0.0000000000
137550  -1.698  -24.195  29.996 0.0000000000
53314  -1.873  -23.513  30.210 0.0000000000
53332  -1.734  -22.780  29.606 0.0000000000
54367  -1.473  -22.808  28.835 0.0000000000
54388  -1.618  -22.718  28.349 0.0000000000
130148  -1.494  -21.922  28.059 0.0000000000
64392  -1.426  -12.743  57.144 0.0000000000
141822  -1.232  -13.070  56.239 0.0000000000
116706  -2.861  -14.487  55.492 0.0000000000
61284  -3.218  -15.243  53.649 0.0000000000
60278  -4.235  -15.891  52.224 0.0000000000
51007  -1.604  -25.837  50.985 0.0000000000
51006  -0.835  -25.845  50.234 0.0000000000
51012  -0.391  -25.776  49.288 0.0000000000
118315  -0.705  -27.113  48.967 0.0000000000
49857  -0.521  -26.385  48.872 0.0000000000
51018  -0.070  -25.740  48.339 0.0000000000
131128  0.075  -25.225  47.730 0.0000000000
52045  -0.068  -24.702  47.041 0.0000000000
51033  -0.685  -25.499  47.112 0.0000000000
123507  -0.929  -26.699  46.140 0.0000000000
129079  -0.494  -28.170  46.325 0.0000000000
141761  -0.675  -28.158  45.621 0.0000000000
137556  -0.755  -28.487  44.979 0.0000000000
125421  -1.118  -29.543  43.936 0.0000000000
45640  -1.264  -30.281  43.572 0.0000000000
141724  -34.196  -19.228  34.629 0.0000000000
58345  -34.661  -17.941  35.510 0.0000000000
139283  -35.023  -20.455  36.551 0.0000000000
57269  -34.752  -19.521  36.447 0.0000000000
58314  -35.163  -18.014  37.704 0.0000000000
132435  -34.885  -18.693  37.001 0.0000000000
58324  -34.823  -18.697  36.367 0.0000000000
58335  -34.896  -17.925  36.159 0.0000000000
59438  -34.951  -17.339  35.891 0.0000000000
60458  -34.839  -17.050  35.643 0.0000000000
61438  -35.193  -16.065  36.541 0.0000000000
62449  -35.351  -15.415  37.362 0.0000000000
62448  -35.281  -14.708  37.498 0.0000000000
63505  -35.956  -14.060  38.369 0.0000000000
58222  -28.052  -17.529  46.206 0.0000000000
58246  -28.610  -17.273  43.773 0.0000000000
57170  -30.014  -18.348  44.712 0.0000000000
56125  -30.283  -18.392  43.696 0.0000000000
57180  -29.988  -18.345  43.970 0.0000000000
58247  -29.660  -17.871  43.788 0.0000000000
139284  -29.261  -17.410  43.223 0.0000000000
57215  -28.338  -18.291  40.138 0.0000000000
57229  -28.155  -18.584  39.291 0.0000000000
77120  -49.330  1.399  15.249 0.0000000000
76197  -48.972  1.541  14.823 0.0000000000
76203  -48.799  1.727  14.254 0.0000000000
130767  -49.491  3.018  13.482 0.0000000000
79023  -50.232  3.653  14.523 0.0000000000
81972  -51.449  5.792  14.058 0.0000000000
75119  -45.421  -0.563  28.052 0.0000000000
75087  -44.853  -1.221  29.683 0.0000000000
73162  -43.019  -2.989  30.842 0.0000000000
73163  -43.743  -2.500  31.212 0.0000000000
74120  -41.300  -2.234  26.421 0.0000000000
73195  -41.448  -2.417  27.308 0.0000000000
142232  -41.783  -1.975  26.739 0.0000000000
74122  -42.324  -1.656  26.472 0.0000000000
53136  -20.016  -22.249  41.471 0.0000000000
53135  -19.099  -22.431  41.816 0.0000000000
54177  -18.338  -22.220  41.239 0.0000000000
54195  -17.699  -21.823  40.610 0.0000000000
123407  -17.206  -21.518  40.079 0.0000000000
121148  -17.646  -22.071  38.619 0.0000000000
54211  -17.107  -21.554  39.271 0.0000000000
126304  -15.355  -20.991  39.538 0.0000000000
55217  -14.692  -21.081  38.774 0.0000000000
62505  -1.524  -13.714  31.212 0.0000000000
135814  -0.932  -14.372  29.904 0.0000000000
61509  -1.235  -14.995  29.467 0.0000000000
142584  -1.196  -15.854  29.244 0.0000000000
57237  -6.146  -19.378  38.025 0.0000000000
57250  -6.607  -19.201  37.280 0.0000000000
57249  -5.814  -19.785  37.190 0.0000000000
118306  -5.052  -20.140  36.676 0.0000000000
56198  -3.557  -20.862  36.093 0.0000000000
56208  -3.554  -20.901  35.170 0.0000000000
56217  -3.164  -21.190  34.843 0.0000000000
55283  -2.662  -21.708  34.103 0.0000000000
136590  -2.204  -23.797  36.077 0.0000000000
141049  -2.544  -25.644  34.924 0.0000000000
141749  -2.493  -24.684  34.877 0.0000000000
54293  -2.420  -23.197  34.657 0.0000000000
118987  -2.362  -23.294  33.769 0.0000000000
52213  -2.622  -24.972  31.935 0.0000000000
119001  -2.562  -26.082  31.328 0.0000000000
56076  -5.654  -19.892  51.758 0.0000000000
56082  -5.628  -20.213  50.942 0.0000000000
54055  -5.165  -20.979  50.628 0.0000000000
54054  -4.885  -21.540  50.335 0.0000000000
53029  -3.903  -23.343  51.484 0.0000000000
125454  -2.937  -24.905  52.106 0.0000000000
49813  -4.054  -25.171  49.961 0.0000000000
49812  -3.871  -25.706  50.293 0.0000000000
47780  -4.158  -26.826  50.088 0.0000000000
49810  -3.215  -26.254  51.711 0.0000000000
51001  -2.607  -25.757  51.669 0.0000000000
49825  -2.239  -26.589  51.295 0.0000000000
47794  -1.857  -28.965  50.407 0.0000000000
46658  -1.508  -29.241  49.592 0.0000000000
45593  -2.052  -30.544  49.545 0.0000000000
122678  -1.796  -31.121  49.122 0.0000000000
44729  -1.432  -32.250  48.446 0.0000000000
71307  -38.413  -5.156  32.118 0.0000000000
71298  -39.820  -4.757  32.972 0.0000000000
72189  -37.766  -3.681  35.026 0.0000000000
60464  -34.305  -17.339  34.764 0.0000000000
59454  -33.888  -17.876  34.036 0.0000000000
61481  -33.592  -16.786  33.817 0.0000000000
68534  -34.613  -7.549  31.225 0.0000000000
69432  -35.079  -6.665  31.376 0.0000000000
69426  -34.724  -6.985  32.491 0.0000000000
70318  -35.225  -6.166  31.975 0.0000000000
70319  -36.070  -5.888  31.319 0.0000000000
70307  -36.955  -5.552  31.532 0.0000000000
55111  -21.347  -20.585  46.509 0.0000000000
135432  -20.876  -21.041  46.147 0.0000000000
54134  -20.746  -21.346  45.337 0.0000000000
53089  -20.409  -21.596  44.664 0.0000000000
53110  -20.307  -21.855  43.331 0.0000000000
53124  -20.435  -21.908  42.719 0.0000000000
58214  -26.924  -17.393  46.697 0.0000000000
58213  -25.874  -17.458  47.046 0.0000000000
57156  -25.480  -17.680  46.855 0.0000000000
57159  -24.983  -18.067  46.536 0.0000000000
56109  -24.408  -18.487  46.070 0.0000000000
57179  -25.768  -17.576  44.039 0.0000000000
123916  -25.121  -18.192  42.887 0.0000000000
57187  -25.110  -18.057  43.704 0.0000000000
132898  -23.859  -18.807  45.625 0.0000000000
55131  -22.446  -20.212  43.898 0.0000000000
54153  -22.001  -20.596  43.433 0.0000000000
54163  -22.142  -20.486  42.817 0.0000000000
54162  -21.741  -20.831  42.945 0.0000000000
53112  -21.132  -21.436  42.959 0.0000000000
53125  -20.789  -21.679  42.683 0.0000000000
52084  -20.592  -21.864  42.219 0.0000000000
141296  -20.433  -21.962  40.789 0.0000000000
53149  -20.019  -22.282  40.341 0.0000000000
53162  -20.092  -22.378  39.241 0.0000000000
53165  -20.732  -21.742  38.103 0.0000000000
142507  -20.621  -22.651  37.774 0.0000000000
121489  -53.042  5.309  8.277 0.0000000000
81070  -52.596  4.801  7.563 0.0000000000
61387  -8.255  -15.287  39.236 0.0000000000
61398  -8.344  -15.724  38.459 0.0000000000
60412  -8.136  -16.477  38.382 0.0000000000
59418  -7.556  -17.628  38.390 0.0000000000
58290  -7.056  -18.289  38.563 0.0000000000
61374  -7.558  -15.373  41.227 0.0000000000
60380  -7.183  -16.213  41.247 0.0000000000
60388  -7.310  -16.665  40.495 0.0000000000
118904  -6.437  -18.879  38.684 0.0000000000
57236  -4.691  -19.590  38.568 0.0000000000
57235  -3.924  -19.945  38.477 0.0000000000
140467  -4.208  -19.626  38.870 0.0000000000
57248  -3.419  -20.504  38.099 0.0000000000
134326  -2.966  -20.760  38.459 0.0000000000
55229  -2.381  -21.494  38.299 0.0000000000
54225  -1.888  -22.138  38.245 0.0000000000
137646  -3.017  -18.673  41.855 0.0000000000
58285  -2.664  -20.024  40.571 0.0000000000
57222  -2.111  -20.638  40.815 0.0000000000
56169  -2.437  -20.907  39.955 0.0000000000
128502  -2.212  -21.273  39.660 0.0000000000
55214  -2.043  -21.558  39.025 0.0000000000
134983  -1.372  -22.812  38.188 0.0000000000
137284  -0.246  -24.473  37.333 0.0000000000
51138  0.121  -25.270  37.419 0.0000000000
52128  0.325  -24.474  38.309 0.0000000000
47911  -1.735  -28.681  38.257 0.0000000000
78002  -50.176  1.194  20.846 0.0000000000
118573  -47.027  -0.621  27.756 0.0000000000
71286  -40.263  -4.346  33.663 0.0000000000
71287  -40.980  -4.161  33.617 0.0000000000
72342  -43.997  -4.096  21.209 0.0000000000
72351  -44.230  -3.749  20.639 0.0000000000
132568  -45.099  -3.038  21.702 0.0000000000
72343  -44.596  -3.457  21.213 0.0000000000
72352  -44.637  -3.212  20.787 0.0000000000
73232  -44.359  -3.184  20.287 0.0000000000
73241  -44.454  -2.580  19.991 0.0000000000
74174  -44.711  -1.843  19.857 0.0000000000
75175  -47.348  -0.312  20.803 0.0000000000
77041  -48.618  0.751  20.675 0.0000000000
54041  -6.514  -20.890  51.700 0.0000000000
54057  -6.677  -21.153  51.069 0.0000000000
52015  -6.095  -21.979  50.066 0.0000000000
138362  -5.614  -22.886  49.638 0.0000000000
54044  -8.307  -20.772  52.621 0.0000000000
122138  -7.523  -21.401  50.589 0.0000000000
53030  -7.039  -21.563  50.515 0.0000000000
51013  -5.292  -24.381  48.772 0.0000000000
51019  -5.226  -24.630  47.918 0.0000000000
51027  -4.991  -25.090  47.097 0.0000000000
49894  -4.887  -25.934  46.416 0.0000000000
126115  -5.022  -26.438  45.518 0.0000000000
53122  -18.191  -21.954  43.187 0.0000000000
54151  -17.468  -21.666  43.601 0.0000000000
54159  -16.796  -21.400  42.924 0.0000000000
54150  -16.745  -21.486  43.919 0.0000000000
54141  -17.401  -21.658  44.605 0.0000000000
54131  -16.079  -21.458  45.679 0.0000000000
55189  -13.633  -20.792  40.594 0.0000000000
119035  -14.104  -20.612  42.256 0.0000000000
55154  -14.737  -20.687  42.775 0.0000000000
55139  -13.107  -20.506  43.071 0.0000000000
120552  -14.010  -20.567  42.966 0.0000000000
55140  -14.784  -20.688  43.718 0.0000000000
54130  -15.264  -21.184  45.867 0.0000000000
54122  -15.951  -21.456  46.296 0.0000000000
54121  -14.966  -21.116  46.635 0.0000000000
54112  -14.878  -21.132  47.589 0.0000000000
55102  -13.153  -20.560  47.276 0.0000000000
54092  -13.370  -20.682  49.972 0.0000000000
54082  -11.330  -20.548  50.205 0.0000000000
54089  -10.341  -20.573  49.576 0.0000000000
137137  -10.303  -20.527  48.098 0.0000000000
54096  -8.514  -21.214  48.210 0.0000000000
53063  -7.846  -21.709  47.713 0.0000000000
54147  -9.023  -21.396  43.614 0.0000000000
54137  -8.834  -21.178  44.602 0.0000000000
54126  -8.299  -21.466  45.231 0.0000000000
53106  -7.680  -22.441  43.471 0.0000000000
53073  -7.492  -22.017  46.866 0.0000000000
125131  -5.802  -24.413  43.780 0.0000000000
134658  -5.525  -25.070  44.252 0.0000000000
49911  -5.275  -25.198  45.005 0.0000000000
63495  -7.567  -13.835  36.701 0.0000000000
63494  -6.634  -13.649  36.423 0.0000000000
62438  -6.101  -14.081  36.043 0.0000000000
130960  -4.380  -14.336  35.850 0.0000000000
62470  -3.764  -14.574  34.167 0.0000000000
118014  -3.441  -14.646  31.450 0.0000000000
135973  -3.016  -14.636  30.625 0.0000000000
121099  -2.089  -14.904  29.701 0.0000000000
61510  -1.666  -15.551  29.428 0.0000000000
60498  -0.733  -16.566  29.028 0.0000000000
57263  -6.485  -19.414  36.505 0.0000000000
57275  -6.489  -19.469  35.634 0.0000000000
57287  -6.485  -19.430  34.718 0.0000000000
57285  -4.846  -20.143  34.037 0.0000000000
57286  -5.729  -19.813  34.298 0.0000000000
57300  -6.472  -19.161  33.686 0.0000000000
58348  -6.069  -18.997  32.672 0.0000000000
58363  -5.663  -18.612  31.875 0.0000000000
56246  -2.558  -21.353  32.644 0.0000000000
56247  -2.593  -20.872  32.291 0.0000000000
57317  -2.818  -20.347  31.826 0.0000000000
57332  -2.106  -20.459  31.033 0.0000000000
58362  -4.863  -19.011  31.418 0.0000000000
58378  -5.238  -18.070  31.075 0.0000000000
58387  -3.589  -17.962  30.247 0.0000000000
59472  -2.865  -17.362  29.788 0.0000000000
59471  -2.157  -17.777  29.607 0.0000000000
59482  -1.732  -17.119  29.307 0.0000000000
59481  -1.167  -17.316  29.202 0.0000000000
59488  0.281  -17.040  28.688 0.0000000000
59496  1.266  -17.855  27.040 0.0000000000
58432  1.237  -18.551  26.224 0.0000000000
57385  0.737  -19.768  26.998 0.0000000000
57399  0.417  -19.949  26.000 0.0000000000
60269  -4.393  -16.479  55.415 0.0000000000
59238  -4.272  -17.467  53.583 0.0000000000
57132  -5.221  -19.225  50.761 0.0000000000
58186  -4.897  -18.476  51.520 0.0000000000
59243  -4.377  -17.046  52.653 0.0000000000
60279  -4.145  -16.430  52.657 0.0000000000
135865  -4.410  -16.671  51.833 0.0000000000
139614  -4.241  -16.723  51.049 0.0000000000
53037  -0.940  -23.567  51.386 0.0000000000
55087  -1.938  -21.634  50.227 0.0000000000
54088  0.225  -22.646  50.152 0.0000000000
55091  -0.395  -22.085  50.453 0.0000000000
123341  -2.126  -21.137  49.392 0.0000000000
58191  -3.668  -18.363  49.258 0.0000000000
59250  -3.450  -17.518  49.359 0.0000000000
59258  -2.916  -17.346  48.852 0.0000000000
58201  -2.439  -18.038  48.451 0.0000000000
142075  -0.886  -20.371  48.167 0.0000000000
118438  -1.950  -18.478  48.093 0.0000000000
58212  -1.571  -18.350  47.524 0.0000000000
59297  -1.707  -17.596  47.287 0.0000000000
59312  -1.508  -17.699  46.488 0.0000000000
58226  -1.111  -19.042  45.791 0.0000000000
57167  -1.028  -19.871  45.453 0.0000000000
55113  0.053  -21.131  45.259 0.0000000000
129676  -0.233  -20.804  44.690 0.0000000000
56122  -0.269  -20.806  43.976 0.0000000000
55136  -0.230  -21.036  43.571 0.0000000000
136014  -0.317  -21.515  43.134 0.0000000000
54155  -0.173  -22.642  42.381 0.0000000000
138411  -0.068  -24.334  46.323 0.0000000000
123264  -0.291  -24.433  45.543 0.0000000000
123263  -0.260  -24.549  44.713 0.0000000000
51059  -0.574  -25.245  44.242 0.0000000000
52065  -0.222  -24.629  43.859 0.0000000000
135360  0.027  -24.232  42.261 0.0000000000
53118  -0.015  -23.369  41.950 0.0000000000
51102  0.240  -25.096  41.046 0.0000000000
50000  -0.246  -26.651  40.383 0.0000000000
48899  -1.024  -27.393  41.267 0.0000000000
137485  -0.749  -27.121  40.679 0.0000000000
48925  -0.913  -27.398  39.039 0.0000000000
47904  -1.496  -28.393  38.548 0.0000000000
46847  -1.807  -29.283  38.700 0.0000000000
43893  -2.305  -32.764  48.862 0.0000000000
43900  -1.319  -32.902  48.130 0.0000000000
41205  -2.401  -35.529  46.503 0.0000000000
41198  -2.866  -35.528  47.632 0.0000000000
43907  -1.512  -33.388  47.614 0.0000000000
43906  -1.197  -32.731  47.135 0.0000000000
44740  -0.766  -31.926  45.474 0.0000000000
43915  -1.218  -32.610  45.009 0.0000000000
44746  -0.964  -31.860  44.499 0.0000000000
44751  -1.215  -31.743  43.662 0.0000000000
44750  -1.377  -30.999  43.190 0.0000000000
43038  -1.708  -34.000  42.335 0.0000000000
127461  -1.971  -33.115  42.092 0.0000000000
125446  -1.859  -31.752  42.258 0.0000000000
45656  -1.696  -30.973  42.246 0.0000000000
45674  -1.944  -30.565  41.132 0.0000000000
45695  -1.866  -30.533  39.976 0.0000000000
43940  -2.201  -32.072  39.529 0.0000000000
44769  -2.150  -31.231  39.290 0.0000000000
45718  -1.926  -30.466  39.309 0.0000000000
46829  -1.793  -29.798  39.026 0.0000000000
45739  -2.003  -30.147  38.983 0.0000000000
45754  -2.224  -29.853  38.583 0.0000000000
45755  -2.674  -30.255  38.177 0.0000000000
44787  -3.389  -30.748  37.555 0.0000000000
43032  -1.593  -33.605  43.638 0.0000000000
43047  -2.112  -32.821  41.114 0.0000000000
43926  -1.761  -32.482  42.704 0.0000000000
46766  -1.758  -29.424  42.202 0.0000000000
46848  -1.943  -29.608  38.719 0.0000000000
46884  -2.406  -28.990  37.619 0.0000000000
46962  -4.120  -29.099  32.198 0.0000000000
47912  -1.912  -28.630  37.677 0.0000000000
50225  -2.751  -26.457  29.171 0.0000000000
51002  -3.537  -25.448  51.613 0.0000000000
51172  -2.773  -26.302  34.306 0.0000000000
52079  0.109  -24.212  41.527 0.0000000000
52083  -20.289  -22.086  42.264 0.0000000000
53036  -0.180  -23.543  50.658 0.0000000000
53083  0.178  -23.479  45.419 0.0000000000
53105  -0.102  -24.085  43.529 0.0000000000
53137  -20.566  -21.890  41.591 0.0000000000
53150  -20.441  -21.989  39.725 0.0000000000
53151  -20.574  -21.725  39.100 0.0000000000
53153  -32.382  -21.358  39.300 0.0000000000
53164  -20.715  -22.201  37.858 0.0000000000
54062  -12.475  -20.829  52.186 0.0000000000
54099  -12.310  -20.528  48.620 0.0000000000
54146  -0.270  -22.455  43.161 0.0000000000
54152  -21.581  -20.974  43.564 0.0000000000
54165  -32.050  -20.032  41.780 0.0000000000
54181  -31.873  -20.368  40.449 0.0000000000
54208  -1.301  -21.996  39.842 0.0000000000
54214  -19.576  -22.590  38.908 0.0000000000
54216  -21.265  -20.625  39.175 0.0000000000
54404  -1.768  -22.685  28.079 0.0000000000
55083  -5.628  -20.746  50.735 0.0000000000
55100  -0.368  -20.842  47.040 0.0000000000
55121  -21.313  -21.150  44.898 0.0000000000
55127  -12.333  -20.495  44.690 0.0000000000
55132  -22.975  -19.632  44.309 0.0000000000
55134  -31.715  -19.087  43.199 0.0000000000
55147  -32.029  -19.520  42.640 0.0000000000
55149  -33.445  -20.376  42.587 0.0000000000
55167  -11.837  -20.786  41.719 0.0000000000
55177  -33.387  -21.209  41.633 0.0000000000
55186  -1.099  -21.287  40.808 0.0000000000
55195  -33.619  -21.579  40.836 0.0000000000
55252  -34.920  -21.084  36.463 0.0000000000
55292  -2.456  -21.841  32.532 0.0000000000
56081  -5.273  -19.958  50.519 0.0000000000
56087  -4.775  -20.575  50.083 0.0000000000
56101  -0.692  -20.378  46.759 0.0000000000
56112  -0.327  -20.796  45.443 0.0000000000
56117  -30.639  -18.575  44.261 0.0000000000
56120  -32.496  -18.913  43.382 0.0000000000
56127  -31.162  -18.888  43.791 0.0000000000
56129  -32.864  -19.383  42.856 0.0000000000
56130  -33.489  -19.406  42.678 0.0000000000
56137  -33.985  -20.307  42.637 0.0000000000
56138  -0.899  -20.556  42.517 0.0000000000
56150  -30.235  -18.757  41.491 0.0000000000
56186  -2.716  -21.073  38.390 0.0000000000
57131  -4.692  -18.931  50.216 0.0000000000
57133  -5.498  -19.516  51.222 0.0000000000
57136  -3.978  -19.190  49.361 0.0000000000
57140  -3.119  -19.401  48.798 0.0000000000
57149  -1.300  -19.742  48.140 0.0000000000
57186  -1.091  -19.720  43.533 0.0000000000
57190  -34.644  -19.215  42.129 0.0000000000
57191  -35.268  -18.636  41.867 0.0000000000
57204  -35.126  -19.267  41.138 0.0000000000
57211  -2.115  -20.077  41.320 0.0000000000
57223  -2.459  -20.321  40.636 0.0000000000
57224  -3.050  -20.023  39.873 0.0000000000
57232  -35.368  -18.586  39.737 0.0000000000
57384  1.084  -19.355  26.345 0.0000000000
58176  -4.610  -18.242  53.336 0.0000000000
58219  -1.241  -18.237  46.847 0.0000000000
58243  -1.334  -18.681  43.411 0.0000000000
58249  -36.675  -17.924  42.542 0.0000000000
58250  -1.422  -19.088  42.407 0.0000000000
58251  -2.379  -18.410  42.306 0.0000000000
58258  -1.772  -19.291  42.065 0.0000000000
58271  -2.088  -19.542  41.698 0.0000000000
58289  -6.702  -18.388  39.179 0.0000000000
58329  -7.032  -18.920  35.993 0.0000000000
58339  -7.087  -18.991  35.148 0.0000000000
58344  -34.488  -17.954  35.112 0.0000000000
58403  0.500  -18.551  28.530 0.0000000000
58433  0.703  -19.062  25.575 0.0000000000
59245  -4.296  -17.375  50.873 0.0000000000
59311  -1.233  -18.303  46.112 0.0000000000
59383  -37.247  -17.745  42.448 0.0000000000
59386  -5.365  -18.014  41.974 0.0000000000
59394  -37.687  -17.286  41.792 0.0000000000
59427  -7.863  -17.458  37.568 0.0000000000
59444  -34.665  -17.500  35.433 0.0000000000
60262  -3.912  -16.507  56.595 0.0000000000
60276  -4.310  -16.846  54.625 0.0000000000
60289  -3.652  -16.019  50.324 0.0000000000
60399  -7.514  -16.905  39.689 0.0000000000
60411  -7.768  -17.025  38.871 0.0000000000
60420  -36.761  -16.523  38.492 0.0000000000
60454  -7.189  -16.467  33.950 0.0000000000
61280  -3.641  -15.948  55.648 0.0000000000
61418  -8.365  -15.574  36.717 0.0000000000
61518  -0.261  -15.297  28.895 0.0000000000
62264  -2.609  -14.599  57.411 0.0000000000
62276  -2.567  -14.675  56.344 0.0000000000
62436  -3.457  -14.387  36.450 0.0000000000
62469  -2.381  -14.392  34.467 0.0000000000
62536  -1.792  -14.306  30.083 0.0000000000
63315  -1.669  -13.547  56.982 0.0000000000
65439  -1.764  -11.481  57.602 0.0000000000
71297  -38.880  -4.772  32.833 0.0000000000
71310  -41.323  -4.635  32.051 0.0000000000
71330  -41.435  -4.418  30.422 0.0000000000
72261  -42.333  -3.998  31.063 0.0000000000
74156  -47.696  -1.247  23.475 0.0000000000
117646  -1.989  -13.777  56.091 0.0000000000
120262  -34.440  -18.575  34.995 0.0000000000
120734  0.098  -22.045  47.498 0.0000000000
120833  -1.050  -21.877  50.759 0.0000000000
120866  -1.704  -20.111  48.432 0.0000000000
121485  -1.419  -21.981  28.499 0.0000000000
121676  -3.812  -30.506  50.325 0.0000000000
121780  -5.302  -21.645  50.263 0.0000000000
123876  -21.062  -20.857  39.282 0.0000000000
124406  0.316  -22.053  48.260 0.0000000000
124572  -2.707  -35.947  45.923 0.0000000000
124715  -1.175  -19.118  44.885 0.0000000000
125247  -31.099  -19.199  42.287 0.0000000000
126155  -3.883  -17.655  49.994 0.0000000000
127877  -33.018  -19.225  42.911 0.0000000000
128193  -4.853  -20.012  37.466 0.0000000000
128437  -2.310  -29.405  38.079 0.0000000000
128625  -2.104  -17.521  48.029 0.0000000000
131349  -2.262  -16.778  29.499 0.0000000000
131907  -34.583  -7.965  33.160 0.0000000000
132254  -34.447  -19.841  35.779 0.0000000000
132916  -0.886  -27.669  45.089 0.0000000000
133327  -42.657  -1.557  27.025 0.0000000000
135564  -35.520  -17.478  37.691 0.0000000000
137836  -37.017  -6.303  30.386 0.0000000000
139338  -0.970  -25.930  46.414 0.0000000000
139462  0.103  -22.003  44.468 0.0000000000
139646  -15.387  -20.950  43.938 0.0000000000
139969  -1.763  -24.990  36.471 0.0000000000
140100  -34.562  -18.037  42.235 0.0000000000
140208  -5.204  -18.728  40.710 0.0000000000
140420  -4.198  -16.826  57.068 0.0000000000
140748  -6.988  -18.912  34.400 0.0000000000
140769  -8.236  -21.583  44.621 0.0000000000
140885  -1.442  -28.958  43.553 0.0000000000
140979  -35.114  -7.888  35.200 0.0000000000
141022  -4.192  -26.751  47.900 0.0000000000
141736  -1.560  -13.589  31.876 0.0000000000
141883  0.539  -24.971  48.188 0.0000000000
142034  -0.065  -29.763  45.676 0.0000000000
142155  -2.219  -24.516  52.062 0.0000000000
142405  -21.401  -21.189  43.137 0.0000000000
