#Insight Transform File V1.0
#Transform 0
Transform: AffineTransform_float_3_3
Parameters: 0.999999 -0.0010621 0.00140791 0.0010589 0.999995 0.0029125 -0.00141109 -0.00291051 0.999995 -0.00832844 -0.036569 0.117123
FixedParameters: 0 0 0

#Transform 1
Transform: AffineTransform_float_3_3
Parameters: 0.999999 -0.00117799 0.000697329 0.00117701 0.999999 0.00141982 -0.00069967 -0.00141818 0.999998 -0.00310732 0.00136303 0.261054
FixedParameters: 0 0 0

#Transform 2
Transform: AffineTransform_float_3_3
Parameters: 0.999998 -0.00122633 0.00197117 0.00122567 0.999999 0.000676418 -0.00197183 -0.000674584 0.999998 0.0142864 -0.0104022 0.202453
FixedParameters: 0 0 0

#Transform 3
Transform: AffineTransform_float_3_3
Parameters: 0.999998 -0.0013202 0.00150795 0.0013188 0.999999 0.00079399 -0.00150905 -0.000792009 0.999998 0.0216509 -0.0095031 0.206265
FixedParameters: 0 0 0

#Transform 4
Transform: AffineTransform_float_3_3
Parameters: 0.999998 -0.0011016 0.00179163 0.0011004 1 0.000334972 -0.00179237 -0.000333026 0.999999 0.022255 -0.0118171 0.172815
FixedParameters: 0 0 0

#Transform 5
Transform: AffineTransform_float_3_3
Parameters: 0.999998 -0.00111763 0.00197108 0.00111637 0.999999 0.000828202 -0.00197192 -0.000825798 0.999997 -0.006037 -0.0136664 0.133392
FixedParameters: 0 0 0

#Transform 6
Transform: AffineTransform_float_3_3
Parameters: 0.999997 -0.0015123 0.00157475 0.0015107 0.999998 0.000828381 -0.00157625 -0.000825618 0.999999 -0.0138162 0.00225003 0.121003
FixedParameters: 0 0 0

#Transform 7
Transform: AffineTransform_float_3_3
Parameters: 0.999999 -0.00114328 0.00148001 0.00114272 0.999999 0.000866692 -0.00148099 -0.000864308 0.999998 -0.00713975 -0.00655757 0.147552
FixedParameters: 0 0 0

#Transform 8
Transform: AffineTransform_float_3_3
Parameters: 0.999998 -0.000726076 0.00197087 0.000722924 0.999998 0.00156043 -0.00197213 -0.00155957 0.999997 -0.011639 0.0232136 0.240295
FixedParameters: 0 0 0

#Transform 9
Transform: AffineTransform_float_3_3
Parameters: 0.999998 -0.000592044 0.00155798 0.000591955 1 2.89223e-05 -0.00155802 -2.80776e-05 0.999999 0.0241052 -0.0153422 0.0373994
FixedParameters: 0 0 0

#Transform 10
Transform: AffineTransform_float_3_3
Parameters: 1 -0.000519243 0.000945867 0.000518757 1 0.000257491 -0.000946134 -0.000256509 1 -0.0175369 -0.0158222 0.0250514
FixedParameters: 0 0 0

#Transform 11
Transform: AffineTransform_float_3_3
Parameters: 0.999999 0.000627672 0.000732281 -0.000628327 0.999999 0.00044754 -0.000731718 -0.000447459 0.999999 0.0218668 -0.0244335 -0.000275241
FixedParameters: 0 0 0

#Transform 12
Transform: AffineTransform_float_3_3
Parameters: 1 0.000670666 0.000746301 -0.000671334 0.999999 0.000447499 -0.000745701 -0.0004475 1 0.0182582 -0.00880686 -0.0153683
FixedParameters: 0 0 0

#Transform 13
Transform: AffineTransform_float_3_3
Parameters: 1 -2.11786e-05 0.000686994 2.08214e-05 1 0.000260014 -0.000687005 -0.000259985 0.999999 0.00869659 -0.0191224 -0.0017681
FixedParameters: 0 0 0

#Transform 14
Transform: AffineTransform_float_3_3
Parameters: 1 -0.0001881 0.000644971 0.0001879 1 0.000155121 -0.000644029 -0.000154879 1 0.00697471 -0.0230687 -0.0155064
FixedParameters: 0 0 0

#Transform 15
Transform: AffineTransform_float_3_3
Parameters: 0.999999 0.000311914 0.000696039 -0.000312087 1 0.000124783 -0.000695961 -0.000124217 1 0.00488685 -0.0216369 -0.0167386
FixedParameters: 0 0 0

#Transform 16
Transform: AffineTransform_float_3_3
Parameters: 0.999999 0.000477898 0.000626078 -0.000478102 1 0.000162701 -0.000625922 -0.000163299 1 0.00793063 -0.00100201 -0.026284
FixedParameters: 0 0 0

#Transform 17
Transform: AffineTransform_float_3_3
Parameters: 1 0.000414998 0.000266003 -0.000415002 1 7.88961e-06 -0.000265997 -8.11039e-06 1 -0.0248131 -0.0284529 -0.0549067
FixedParameters: 0 0 0

#Transform 18
Transform: AffineTransform_float_3_3
Parameters: 0.999999 0.00052476 0.000479263 -0.00052524 0.999999 0.000500748 -0.000478737 -0.000501251 1 -0.0140801 0.00329627 -0.0578217
FixedParameters: 0 0 0

#Transform 19
Transform: AffineTransform_float_3_3
Parameters: 0.999999 0.000694931 0.000425112 -0.000695068 0.999999 0.000160705 -0.000424888 -0.000161295 1 -0.00299641 -0.020714 -0.0565856
FixedParameters: 0 0 0

#Transform 20
Transform: AffineTransform_float_3_3
Parameters: 1 0.000603007 0.000198978 -0.000602992 1 -3.712e-05 -0.000199022 3.688e-05 1 0.00661063 -0.0341386 -0.013523
FixedParameters: 0 0 0

#Transform 21
Transform: AffineTransform_float_3_3
Parameters: 1 0.000593028 0.00015289 -0.000592971 1 -0.000185091 -0.00015311 0.000185909 1 0.0100559 -0.0275709 -0.029103
FixedParameters: 0 0 0

#Transform 22
Transform: AffineTransform_float_3_3
Parameters: 0.999999 0.000652946 0.000300117 -0.000653053 1 0.000178804 -0.000299883 -0.000179196 1 0.00107198 -0.00446888 -0.0448296
FixedParameters: 0 0 0

#Transform 23
Transform: AffineTransform_float_3_3
Parameters: 0.999999 0.000896022 0.000155871 -0.000895977 0.999999 -0.00014414 -0.000156129 0.00014386 1 -0.00144498 -0.00979005 -0.0461906
FixedParameters: 0 0 0

#Transform 24
Transform: AffineTransform_float_3_3
Parameters: 1 0.000386999 0.000294001 -0.000387001 1 2.88622e-06 -0.000293999 -3.11378e-06 1 -0.00759712 -0.0057935 -0.0307316
FixedParameters: 0 0 0

#Transform 25
Transform: AffineTransform_float_3_3
Parameters: 0.999999 0.000368778 0.000743109 -0.000369221 1 0.000297726 -0.000742889 -0.000298274 0.999999 0.00617309 -0.0142666 0.0116235
FixedParameters: 0 0 0

#Transform 26
Transform: AffineTransform_float_3_3
Parameters: 1 0.00017887 0.000588039 -0.00017913 1 0.000220895 -0.00058796 -0.000221105 1 -0.00122848 -0.00230314 0.015771
FixedParameters: 0 0 0

#Transform 27
Transform: AffineTransform_float_3_3
Parameters: 1 -3.6938e-05 -0.000125018 3.7062e-05 1 0.000495995 0.000124982 -0.000496004 1 -0.0106915 -0.0104457 0.0065665
FixedParameters: 0 0 0

#Transform 28
Transform: AffineTransform_float_3_3
Parameters: 1 0.000535834 -0.000324274 -0.000536166 0.999999 -0.000511826 0.000323726 0.000511173 1 0.00307268 -0.0139136 0.000335292
FixedParameters: 0 0 0

#Transform 29
Transform: AffineTransform_float_3_3
Parameters: 0.999999 0.000154837 -0.000748418 -0.000152165 0.999993 0.00378811 0.000748581 -0.00378888 0.999992 -0.023274 0.102607 0.0351476
FixedParameters: 0 0 0

#Transform 30
Transform: AffineTransform_float_3_3
Parameters: 1 -4.41365e-05 -0.000533072 4.48634e-05 0.999998 0.00161998 0.000532928 -0.00162002 0.999998 -0.0188953 0.0526119 0.0565308
FixedParameters: 0 0 0

#Transform 31
Transform: AffineTransform_float_3_3
Parameters: 1 0.000111317 -0.000395911 -0.000110683 0.999999 0.000800043 0.000396088 -0.000799955 0.999999 -0.0254523 0.0507736 0.0599797
FixedParameters: 0 0 0

#Transform 32
Transform: AffineTransform_float_3_3
Parameters: 1 -0.000140362 -0.000621145 0.000140639 1 0.00102791 0.000621856 -0.00102809 1 -0.00489453 0.0530125 0.0905141
FixedParameters: 0 0 0

#Transform 33
Transform: AffineTransform_float_3_3
Parameters: 1 3.10017e-05 -0.000106 -3.09983e-05 1 1.60033e-05 0.000106 -1.59967e-05 1 0.0152574 0.0263525 0.0446435
FixedParameters: 0 0 0

#Transform 34
Transform: AffineTransform_float_3_3
Parameters: 1 -0.000128967 -0.000101042 0.000129033 1 0.000326987 0.000100958 -0.000327013 1 0.00418304 0.0280212 0.0210556
FixedParameters: 0 0 0

#Transform 35
Transform: AffineTransform_float_3_3
Parameters: 1 5.4056e-05 -0.000470993 -5.39439e-05 1 0.000119025 0.000471006 -0.000118975 1 -0.00177822 0.0261844 0.042339
FixedParameters: 0 0 0

#Transform 36
Transform: AffineTransform_float_3_3
Parameters: 1 0.000401091 -0.000349896 -0.000400909 1 0.00026014 0.000350105 -0.00026086 1 0.000223686 0.0370068 0.0410643
FixedParameters: 0 0 0

#Transform 37
Transform: AffineTransform_float_3_3
Parameters: 1 0.000554229 -0.000889857 -0.000554771 1 0.000257494 0.000890142 -0.000256507 0.999999 -0.00681115 0.0282708 0.00255927
FixedParameters: 0 0 0

#Transform 38
Transform: AffineTransform_float_3_3
Parameters: 1 0.000862227 -0.000461576 -0.000861773 0.999999 0.000492398 0.000462424 -0.000491601 1 0.0296255 0.0292235 0.0293976
FixedParameters: 0 0 0

#Transform 39
Transform: AffineTransform_float_3_3
Parameters: 1 -0.000257298 0.000329768 0.000256702 0.999999 0.000903085 -0.000330232 -0.000902915 1 0.00758575 0.0295909 0.0699075
FixedParameters: 0 0 0

#Transform 40
Transform: AffineTransform_float_3_3
Parameters: 1 -0.000259073 0.000159881 0.000258927 1 0.000458041 -0.000160119 -0.000457958 1 -0.0146504 0.0142815 -0.00983338
FixedParameters: 0 0 0

#Transform 41
Transform: AffineTransform_float_3_3
Parameters: 1 0.000282795 0.000353164 -0.000283206 1 0.0005809 -0.000353835 -0.0005811 1 0.00769396 0.0291502 0.0249462
FixedParameters: 0 0 0

#Transform 42
Transform: AffineTransform_float_3_3
Parameters: 1 0.000145962 0.000408014 -0.000146038 1 9.39404e-05 -0.000407986 -9.30595e-05 1 0.0032513 0.0211688 0.00311011
FixedParameters: 0 0 0

#Transform 43
Transform: AffineTransform_float_3_3
Parameters: 1 5.19599e-05 0.00021701 -5.20401e-05 1 0.000184989 -0.00021699 -0.000185011 1 0.00770106 0.0220925 0.0324152
FixedParameters: 0 0 0

#Transform 44
Transform: AffineTransform_float_3_3
Parameters: 1 0.000108998 2.0012e-05 -0.000109002 1 0.000109998 -1.9988e-05 -0.000110002 1 0.00731674 0.0360111 0.0234262
FixedParameters: 0 0 0

#Transform 45
Transform: AffineTransform_float_3_3
Parameters: 1 0.000122011 0.000211993 -0.000121989 1 -5.40259e-05 -0.000212007 5.39741e-05 1 0.00346936 0.0152843 0.0368503
FixedParameters: 0 0 0

#Transform 46
Transform: AffineTransform_float_3_3
Parameters: 1 9.29083e-05 -0.000228037 -9.30916e-05 1 -0.000401979 0.000227963 0.000402021 1 0.00805794 0.00969139 0.0166678
FixedParameters: 0 0 0

#Transform 47
Transform: AffineTransform_float_3_3
Parameters: 1 0.000228902 -0.000273082 -0.000229097 1 -0.000356937 0.000272918 0.000357062 1 0.0119674 0.0141065 0.0584167
FixedParameters: 0 0 0

#Transform 48
Transform: AffineTransform_float_3_3
Parameters: 0.999999 0.000875064 -0.00103179 -0.000875936 0.999999 -0.000907097 0.00103121 0.000907903 0.999999 0.0221997 0.00902867 0.0413478
FixedParameters: 0 0 0

#Transform 49
Transform: AffineTransform_float_3_3
Parameters: 1 0.000531558 -0.00100424 -0.000531443 1 -0.000440467 0.00100377 0.000440534 1 0.0138662 0.0172963 0.0375067
FixedParameters: 0 0 0

#Transform 50
Transform: AffineTransform_float_3_3
Parameters: 1 0.000896221 -0.000646083 -0.00089678 0.999999 -0.00120742 0.000644918 0.00120758 0.999999 0.0247631 0.00537408 0.0856443
FixedParameters: 0 0 0

#Transform 51
Transform: AffineTransform_float_3_3
Parameters: 0.999999 0.000433373 -0.00119423 -0.000433626 1 -0.000524483 0.00119377 0.000525518 0.999999 0.00815447 0.0253889 0.189088
FixedParameters: 0 0 0

#Transform 52
Transform: AffineTransform_float_3_3
Parameters: 0.999999 0.000692851 -0.00131261 -0.00069415 1 -0.00087509 0.00131239 0.00087591 0.999999 0.0238123 -0.00357222 0.208366
FixedParameters: 0 0 0

#Transform 53
Transform: AffineTransform_float_3_3
Parameters: 0.999999 0.000564014 -0.00132128 -0.000566989 0.999998 -0.00226125 0.00132072 0.00226175 0.999996 0.0125761 -0.00309074 0.163647
FixedParameters: 0 0 0

#Transform 54
Transform: AffineTransform_float_3_3
Parameters: 0.999999 -0.000366669 -0.00143232 0.000364331 0.999998 -0.00186252 0.00143368 0.00186248 0.999997 0.0197753 -0.0071864 0.104351
FixedParameters: 0 0 0

#Transform 55
Transform: AffineTransform_float_3_3
Parameters: 0.999999 0.000596933 -0.00121102 -0.000599067 0.999999 -0.00170728 0.00120998 0.00170772 0.999998 0.0243286 0.0135864 0.135025
FixedParameters: 0 0 0

#Transform 56
Transform: AffineTransform_float_3_3
Parameters: 0.999999 0.00125996 -0.000921416 -0.00126103 0.999998 -0.00112284 0.000919583 0.00112416 0.999999 0.0295511 0.00325274 0.140903
FixedParameters: 0 0 0

#Transform 57
Transform: AffineTransform_float_3_3
Parameters: 0.999998 0.000714766 -0.00153657 -0.000716232 0.999999 -0.0008019 0.00153642 0.000803098 0.999998 0.00821368 0.00698803 0.182444
FixedParameters: 0 0 0

#Transform 58
Transform: AffineTransform_float_3_3
Parameters: 1 0.000798906 -0.000764145 -0.000800093 0.999998 -0.00143139 0.000762855 0.00143261 0.999998 0.0300964 -0.00274694 0.143083
FixedParameters: 0 0 0

#Transform 59
Transform: AffineTransform_float_3_3
Parameters: 0.999998 0.000159618 -0.00162223 -0.000162382 0.999999 -0.00146774 0.00162276 0.00146826 0.999997 0.00475609 0.00280807 0.196109
FixedParameters: 0 0 0

#Transform 60
Transform: AffineTransform_float_3_3
Parameters: 0.999998 0.000300938 -0.00190033 -0.000303063 1 -0.00108543 0.00189967 0.00108557 0.999997 0.0363783 0.00166643 0.219784
FixedParameters: 0 0 0

#Transform 61
Transform: AffineTransform_float_3_3
Parameters: 0.999998 -0.000180736 -0.00194002 0.000181264 1 0.000135649 0.00193998 -0.000136351 0.999998 0.0364849 0.0431904 0.219486
FixedParameters: 0 0 0

#Transform 62
Transform: AffineTransform_float_3_3
Parameters: 0.999997 -0.000172987 -0.00222077 0.000170012 0.999999 -0.00134538 0.00222123 0.00134462 0.999996 -0.000245903 0.0153581 0.277878
FixedParameters: 0 0 0

#Transform 63
Transform: AffineTransform_float_3_3
Parameters: 0.999997 -8.74894e-05 -0.00248405 8.951e-05 1 0.000607779 0.00248395 -0.000608219 0.999996 0.0336522 0.0461544 0.359764
FixedParameters: 0 0 0

#Transform 64
Transform: AffineTransform_float_3_3
Parameters: 0.999997 -0.000159921 -0.00221908 0.000161078 1 0.000485644 0.00221992 -0.000486356 0.999998 0.0264561 0.0901009 0.386108
FixedParameters: 0 0 0

#Transform 65
Transform: AffineTransform_float_3_3
Parameters: 0.999996 -0.000137566 -0.00255102 0.000138433 1 0.000169647 0.00255098 -0.000170351 0.999996 0.022034 0.0897146 0.404504
FixedParameters: 0 0 0

#Transform 66
Transform: AffineTransform_float_3_3
Parameters: 0.999993 -0.000433257 -0.00388097 0.000432745 1 -6.668e-05 0.00388103 6.5319e-05 0.999993 -0.0108142 0.0632349 0.39558
FixedParameters: 0 0 0

#Transform 67
Transform: AffineTransform_float_3_3
Parameters: 0.999994 -0.000395067 -0.00342588 0.000394936 1 -0.000311355 0.00342612 0.000310648 0.999994 0.0251259 0.0735692 0.432513
FixedParameters: 0 0 0

#Transform 68
Transform: AffineTransform_float_3_3
Parameters: 0.999995 -0.00160601 -0.00289222 0.00160099 0.999997 -0.00173464 0.00289478 0.00172936 0.999995 0.0119811 0.0652654 0.355437
FixedParameters: 0 0 0

#Transform 69
Transform: AffineTransform_float_3_3
Parameters: 0.999996 -0.00154139 -0.00236935 0.00154561 0.999997 0.00152234 0.00236665 -0.00152665 0.999996 0.0148874 0.114256 0.389224
FixedParameters: 0 0 0

#Transform 70
Transform: AffineTransform_float_3_3
Parameters: 0.999996 -0.000689039 -0.00277199 0.000688961 1 -1.49099e-05 0.00277201 1.309e-05 0.999996 -0.00329874 0.0796537 0.404673
FixedParameters: 0 0 0

#Transform 71
Transform: AffineTransform_float_3_3
Parameters: 0.999997 -0.000880399 -0.00198416 0.0008836 0.999999 0.00131025 0.00198284 -0.00131175 0.999997 0.0944043 0.0970547 0.3155
FixedParameters: 0 0 0

#Transform 72
Transform: AffineTransform_float_3_3
Parameters: 0.999998 -0.00109203 -0.00168987 0.00109797 0.999993 0.00353415 0.00168613 -0.00353685 0.999993 0.0591396 0.176143 0.429131
FixedParameters: 0 0 0

#Transform 73
Transform: AffineTransform_float_3_3
Parameters: 0.999996 -0.000693924 -0.00265107 0.000698077 0.999998 0.00153715 0.00264993 -0.00153884 0.999996 0.0376586 0.065291 0.405053
FixedParameters: 0 0 0

#Transform 74
Transform: AffineTransform_float_3_3
Parameters: 0.999998 -0.00119475 -0.00200634 0.00120225 0.999992 0.0036176 0.00200166 -0.0036194 0.999992 0.0363066 0.329444 0.335395
FixedParameters: 0 0 0

#Transform 75
Transform: AffineTransform_float_3_3
Parameters: 0.999974 -0.00668881 -0.00243551 0.00673919 0.999752 0.0212161 0.00229348 -0.0212319 0.999772 0.0917438 0.559115 0.45814
FixedParameters: 0 0 0

#Transform 76
Transform: AffineTransform_float_3_3
Parameters: 0.999994 -0.00316484 -0.000902555 0.00316516 0.999995 0.000174144 0.000901444 -0.000176854 0.999999 0.085946 0.0967806 0.434281
FixedParameters: 0 0 0

#Transform 77
Transform: AffineTransform_float_3_3
Parameters: 0.999996 -0.00201587 -0.00161166 0.00201413 0.999998 -0.00116125 0.00161434 0.00115875 0.999998 0.106364 0.0631144 0.413984
FixedParameters: 0 0 0

#Transform 78
Transform: AffineTransform_float_3_3
Parameters: 0.999993 -0.00211874 -0.00284396 0.00211626 0.999998 -0.000967025 0.00284604 0.000960977 0.999996 0.0484592 0.0534874 0.391342
FixedParameters: 0 0 0

#Transform 79
Transform: AffineTransform_float_3_3
Parameters: 0.999992 -0.00235564 -0.00305766 0.00235035 0.999995 -0.0018482 0.00306234 0.0018408 0.999993 0.0397631 0.0676796 0.351092
FixedParameters: 0 0 0

#Transform 80
Transform: AffineTransform_float_3_3
Parameters: 0.999992 -0.00231882 -0.00329061 0.00231418 0.999996 -0.00146663 0.00329439 0.00145937 0.999993 0.0391683 0.0844478 0.3824
FixedParameters: 0 0 0

#Transform 81
Transform: AffineTransform_float_3_3
Parameters: 0.999992 -0.002211 -0.00346792 0.00220301 0.999995 -0.00230766 0.00347309 0.00230034 0.999992 0.035787 0.0723741 0.338181
FixedParameters: 0 0 0

#Transform 82
Transform: AffineTransform_float_3_3
Parameters: 0.99999 -0.0015111 -0.00416535 0.0015009 0.999996 -0.00242628 0.00416865 0.00241973 0.999989 0.0347754 0.0507691 0.30805
FixedParameters: 0 0 0

#Transform 83
Transform: AffineTransform_float_3_3
Parameters: 0.99999 -0.000886436 -0.00440411 0.000877565 0.999998 -0.00214389 0.00440589 0.00214012 0.999988 0.021009 0.0215751 0.271619
FixedParameters: 0 0 0

#Transform 84
Transform: AffineTransform_float_3_3
Parameters: 0.999988 -0.000702286 -0.00485281 0.000693712 0.999999 -0.00170939 0.00485419 0.00170561 0.999987 0.0137378 0.0468069 0.241342
FixedParameters: 0 0 0

#Transform 85
Transform: AffineTransform_float_3_3
Parameters: 0.999991 -0.000912509 -0.00431621 0.000903491 0.999997 -0.00197292 0.00431779 0.00196908 0.999988 -0.00849511 0.0491761 0.129836
FixedParameters: 0 0 0

#Transform 86
Transform: AffineTransform_float_3_3
Parameters: 0.999992 -0.000874627 -0.0039431 0.000866376 0.999997 -0.00218843 0.0039449 0.00218557 0.99999 0.0137313 0.0354698 0.119493
FixedParameters: 0 0 0

#Transform 87
Transform: AffineTransform_float_3_3
Parameters: 0.999992 -0.0011863 -0.00383113 0.0011777 0.999997 -0.00242853 0.00383387 0.00242347 0.999989 0.000208294 0.0388483 0.0457132
FixedParameters: 0 0 0

#Transform 88
Transform: AffineTransform_float_3_3
Parameters: 0.999987 -0.00318003 -0.00393594 0.00317497 0.999994 -0.00128451 0.00394006 0.00127149 0.999992 0.0388066 0.0848704 0.301275
FixedParameters: 0 0 0

#Transform 89
Transform: AffineTransform_float_3_3
Parameters: 0.99999 -0.00057404 -0.0044312 0.000559963 0.999995 -0.00316851 0.0044328 0.00316649 0.999985 0.00270695 0.0410472 0.167584
FixedParameters: 0 0 0

#Transform 90
Transform: AffineTransform_float_3_3
Parameters: 0.999992 -0.000875805 -0.00388658 0.000865195 0.999996 -0.00278139 0.00388842 0.00277762 0.999989 0.0111332 0.0364757 0.159251
FixedParameters: 0 0 0

#Transform 91
Transform: AffineTransform_float_3_3
Parameters: 0.999994 -0.00029688 -0.00346509 0.00028612 0.999995 -0.00314001 0.00346592 0.00313899 0.999989 -0.00346879 0.0339052 0.115176
FixedParameters: 0 0 0

#Transform 92
Transform: AffineTransform_float_3_3
Parameters: 0.999992 -0.000257282 -0.0039951 0.000243718 0.999993 -0.003575 0.0039959 0.003574 0.999985 0.00173383 0.0431826 0.116937
FixedParameters: 0 0 0

#Transform 93
Transform: AffineTransform_float_3_3
Parameters: 0.999989 -0.000521516 -0.00467429 0.000505483 0.999995 -0.0033204 0.0046757 0.0033176 0.999983 -0.0178385 0.0191557 0.0979416
FixedParameters: 0 0 0

#Transform 94
Transform: AffineTransform_float_3_3
Parameters: 0.99999 9.30875e-05 -0.00448238 -0.000109909 0.999993 -0.00377254 0.00448162 0.00377345 0.999983 -0.00647041 0.00150722 0.139086
FixedParameters: 0 0 0

#Transform 95
Transform: AffineTransform_float_3_3
Parameters: 0.999991 0.000168444 -0.00412453 -0.000180558 0.999996 -0.00304428 0.00412447 0.00304472 0.999987 0.0239492 0.0298703 0.201195
FixedParameters: 0 0 0

#Transform 96
Transform: AffineTransform_float_3_3
Parameters: 0.99999 -3.43577e-05 -0.00461191 1.96415e-05 0.999995 -0.00333013 0.00461209 0.00332988 0.999984 -0.00547205 0.0338204 0.205937
FixedParameters: 0 0 0

#Transform 97
Transform: AffineTransform_float_3_3
Parameters: 0.999989 0.000194676 -0.00483473 -0.000212322 0.999994 -0.00358302 0.00483327 0.00358398 0.999982 -0.00634182 0.0304178 0.226508
FixedParameters: 0 0 0

#Transform 98
Transform: AffineTransform_float_3_3
Parameters: 0.999988 4.58821e-05 -0.00477222 -6.51157e-05 0.999992 -0.00400573 0.00477177 0.00400626 0.99998 0.011238 0.0264155 0.238405
FixedParameters: 0 0 0

#Transform 99
Transform: AffineTransform_float_3_3
Parameters: 0.999985 -0.00162928 -0.00526129 0.00161372 0.999994 -0.00290653 0.00526571 0.00289846 0.999982 -0.0597709 0.0148122 0.16469
FixedParameters: 0 0 0

#Transform 100
Transform: AffineTransform_float_3_3
Parameters: 0.999988 -0.000885178 -0.00483807 0.000868821 0.999994 -0.00334524 0.00484093 0.00334075 0.999982 -0.0533147 0.0501447 0.161067
FixedParameters: 0 0 0

#Transform 101
Transform: AffineTransform_float_3_3
Parameters: 0.999989 -0.000484808 -0.00453254 0.000471194 0.999995 -0.00304617 0.00453445 0.00304483 0.999985 -0.00971176 0.0542838 0.180278
FixedParameters: 0 0 0

#Transform 102
Transform: AffineTransform_float_3_3
Parameters: 0.999989 -0.000340014 -0.00468287 0.000323983 0.999994 -0.00342056 0.00468414 0.00341845 0.999983 0.00316822 0.0365814 0.149269
FixedParameters: 0 0 0

#Transform 103
Transform: AffineTransform_float_3_3
Parameters: 0.999987 -0.000279562 -0.00505706 0.000262437 0.999994 -0.00347337 0.00505794 0.00347163 0.999981 -0.0125819 0.0267038 0.158963
FixedParameters: 0 0 0

#Transform 104
Transform: AffineTransform_float_3_3
Parameters: 0.999986 -0.000289582 -0.00541804 0.000271421 0.999994 -0.00342952 0.00541897 0.00342848 0.99998 -0.0180005 0.0129461 0.106966
FixedParameters: 0 0 0

#Transform 105
Transform: AffineTransform_float_3_3
Parameters: 0.999986 -0.000226355 -0.00530117 0.000205645 0.999992 -0.00384014 0.00530183 0.00383885 0.999978 0.00859748 0.00165268 0.0982974
FixedParameters: 0 0 0

#Transform 106
Transform: AffineTransform_float_3_3
Parameters: 0.999986 1.27616e-05 -0.00539108 -3.12375e-05 0.999995 -0.00338288 0.00539093 0.00338312 0.999979 -0.0218846 0.0101892 0.126617
FixedParameters: 0 0 0

#Transform 107
Transform: AffineTransform_float_3_3
Parameters: 0.999985 0.00041959 -0.00548036 -0.00043741 0.999995 -0.00317565 0.00547964 0.00317835 0.99998 -0.000342094 0.0337592 0.138648
FixedParameters: 0 0 0

#Transform 108
Transform: AffineTransform_float_3_3
Parameters: 0.999985 0.000184612 -0.00557771 -0.000205389 0.999994 -0.00365491 0.00557729 0.00365609 0.999978 -0.0253008 0.0387159 0.140334
FixedParameters: 0 0 0

#Transform 109
Transform: AffineTransform_float_3_3
Parameters: 0.999985 0.000336291 -0.00535627 -0.000356708 0.999993 -0.00367914 0.00535472 0.00368085 0.999979 -0.0220429 0.0248732 0.138322
FixedParameters: 0 0 0

#Transform 110
Transform: AffineTransform_float_3_3
Parameters: 0.999983 0.000746725 -0.0058109 -0.000768273 0.999993 -0.0038316 0.00580809 0.0038364 0.999976 -0.0253891 0.00347201 0.12067
FixedParameters: 0 0 0

#Transform 111
Transform: AffineTransform_float_3_3
Parameters: 0.999981 0.00101153 -0.00608712 -0.00103547 0.999992 -0.00401878 0.00608289 0.00402423 0.999974 -0.0181853 0.000974953 0.11629
FixedParameters: 0 0 0

#Transform 112
Transform: AffineTransform_float_3_3
Parameters: 0.999983 0.00113927 -0.00560767 -0.00116274 0.999991 -0.00405255 0.00560333 0.00405845 0.999976 -0.015072 0.00441274 0.14137
FixedParameters: 0 0 0

#Transform 113
Transform: AffineTransform_float_3_3
Parameters: 0.999983 0.00145635 -0.0055143 -0.00148065 0.999989 -0.0042869 0.00550769 0.00429509 0.999975 -0.00793946 -0.00320685 0.118344
FixedParameters: 0 0 0

#Transform 114
Transform: AffineTransform_float_3_3
Parameters: 0.999982 0.00118074 -0.00576119 -0.00120126 0.999993 -0.00351414 0.00575681 0.00352086 0.999977 -0.0215293 -6.76327e-05 0.0867462
FixedParameters: 0 0 0

#Transform 115
Transform: AffineTransform_float_3_3
Parameters: 0.999978 0.0016655 -0.00642388 -0.00168749 0.999992 -0.00349824 0.00641713 0.00350876 0.999974 -0.0264599 -0.00417967 0.0869039
FixedParameters: 0 0 0

#Transform 116
Transform: AffineTransform_float_3_3
Parameters: 0.99998 0.00155891 -0.00622133 -0.00158009 0.999993 -0.00338724 0.00621568 0.00339676 0.999975 -0.0194576 0.0179388 0.100877
FixedParameters: 0 0 0

#Transform 117
Transform: AffineTransform_float_3_3
Parameters: 0.99998 0.00169874 -0.00621058 -0.00171926 0.999993 -0.00325839 0.00620443 0.00326961 0.999976 -0.0263254 0.0169703 0.100394
FixedParameters: 0 0 0

#Transform 118
Transform: AffineTransform_float_3_3
Parameters: 0.999975 0.00214642 -0.00664963 -0.00217257 0.999989 -0.00399165 0.00664036 0.00400635 0.99997 -0.0325496 0.00323547 0.0861304
FixedParameters: 0 0 0

#Transform 119
Transform: AffineTransform_float_3_3
Parameters: 0.999979 0.00183431 -0.00619137 -0.00185869 0.999991 -0.00398458 0.00618363 0.00399643 0.999973 -0.0496173 -0.0131378 0.0543179
FixedParameters: 0 0 0

#Transform 120
Transform: AffineTransform_float_3_3
Parameters: 0.999975 0.00141504 -0.00695554 -0.00144196 0.999992 -0.00387307 0.00694946 0.00388293 0.999969 -0.065082 -0.0162217 0.0120027
FixedParameters: 0 0 0

#Transform 121
Transform: AffineTransform_float_3_3
Parameters: 0.999967 0.00203476 -0.00792809 -0.00206524 0.99999 -0.00393376 0.00791992 0.00395025 0.999961 -0.0691424 -0.0289328 0.00817515
FixedParameters: 0 0 0

#Transform 122
Transform: AffineTransform_float_3_3
Parameters: 0.999962 0.00304964 -0.00824255 -0.00307737 0.99999 -0.00343077 0.00823246 0.00345624 0.99996 -0.068424 -0.0227278 0.0224353
FixedParameters: 0 0 0

#Transform 123
Transform: AffineTransform_float_3_3
Parameters: 0.99996 0.00309533 -0.00830686 -0.00311967 0.999991 -0.0028382 0.00829814 0.0028638 0.999962 -0.0644924 0.00455836 0.0317981
FixedParameters: 0 0 0

#Transform 124
Transform: AffineTransform_float_3_3
Parameters: 0.999962 0.00258761 -0.00833386 -0.00261639 0.999991 -0.00339732 0.00832512 0.00341967 0.999959 -0.0818696 -0.00114335 0.0553693
FixedParameters: 0 0 0

#Transform 125
Transform: AffineTransform_float_3_3
Parameters: 0.999962 0.00237538 -0.00833136 -0.00240862 0.99999 -0.00390708 0.00832262 0.00392692 0.999957 -0.0858558 0.000174323 0.073804
FixedParameters: 0 0 0

#Transform 126
Transform: AffineTransform_float_3_3
Parameters: 0.999968 0.00144994 -0.00780326 -0.00147806 0.999992 -0.00359158 0.00779873 0.00360242 0.999963 -0.102233 0.00517916 0.0510211
FixedParameters: 0 0 0

#Transform 127
Transform: AffineTransform_float_3_3
Parameters: 0.999972 0.00156738 -0.00741754 -0.00159763 0.99999 -0.00412427 0.00741147 0.00413574 0.999964 -0.0919435 -0.0272429 0.0508069
FixedParameters: 0 0 0

#Transform 128
Transform: AffineTransform_float_3_3
Parameters: 0.999971 0.00218087 -0.00722385 -0.00221013 0.99999 -0.00402715 0.00721414 0.00404285 0.999966 -0.0893195 -0.020135 0.0642158
FixedParameters: 0 0 0

#Transform 129
Transform: AffineTransform_float_3_3
Parameters: 0.999973 0.00241294 -0.00696079 -0.00244106 0.999989 -0.00402612 0.0069512 0.00404288 0.999967 -0.0907656 -0.023006 0.0443904
FixedParameters: 0 0 0

#Transform 130
Transform: AffineTransform_float_3_3
Parameters: 0.999971 0.00203721 -0.00726 -0.00206278 0.999992 -0.00340812 0.00725299 0.00342287 0.999968 -0.104141 -0.0124661 0.0456723
FixedParameters: 0 0 0

#Transform 131
Transform: AffineTransform_float_3_3
Parameters: 0.999968 0.0021612 -0.00768672 -0.0021918 0.999989 -0.00400128 0.00767727 0.00401772 0.999962 -0.0862699 0.00409956 0.0894275
FixedParameters: 0 0 0

#Transform 132
Transform: AffineTransform_float_3_3
Parameters: 0.999972 0.0020143 -0.00713787 -0.00204271 0.999991 -0.00387653 0.00713012 0.00389047 0.999967 -0.083044 -0.00256944 0.0929623
FixedParameters: 0 0 0

#Transform 133
Transform: AffineTransform_float_3_3
Parameters: 0.999973 0.00202011 -0.00716678 -0.00205188 0.999988 -0.00430441 0.00715822 0.00431958 0.999965 -0.076485 -0.000581888 0.108928
FixedParameters: 0 0 0

#Transform 134
Transform: AffineTransform_float_3_3
Parameters: 0.999974 0.00209966 -0.00698811 -0.00213335 0.999987 -0.00476722 0.0069789 0.00478178 0.999964 -0.0830537 -0.0181263 0.114996
FixedParameters: 0 0 0

#Transform 135
Transform: AffineTransform_float_3_3
Parameters: 0.999973 0.0031296 -0.00666337 -0.0031604 0.999984 -0.00455706 0.00664864 0.00457793 0.999968 -0.072502 -0.0192445 0.135137
FixedParameters: 0 0 0

#Transform 136
Transform: AffineTransform_float_3_3
Parameters: 0.999972 0.0031926 -0.00673454 -0.00322141 0.999986 -0.00421142 0.00672146 0.00423258 0.999969 -0.0596977 -0.0118003 0.10898
FixedParameters: 0 0 0

#Transform 137
Transform: AffineTransform_float_3_3
Parameters: 0.999974 0.00242914 -0.0068988 -0.00245386 0.999991 -0.00359717 0.0068902 0.00361383 0.999969 -0.0634467 0.00285752 0.123866
FixedParameters: 0 0 0

#Transform 138
Transform: AffineTransform_float_3_3
Parameters: 0.999971 0.00250589 -0.00709998 -0.00253411 0.999989 -0.00395312 0.00709001 0.00397088 0.999967 -0.0741059 -0.00764903 0.11137
FixedParameters: 0 0 0

#Transform 139
Transform: AffineTransform_float_3_3
Parameters: 0.99997 0.00216168 -0.00745556 -0.00219031 0.99999 -0.00392579 0.00744644 0.00394222 0.999965 -0.087972 0.00149928 0.128424
FixedParameters: 0 0 0

#Transform 140
Transform: AffineTransform_float_3_3
Parameters: 0.999965 0.00321875 -0.00780097 -0.00325025 0.999986 -0.00399678 0.00778803 0.00402221 0.999961 -0.0628696 0.00168333 0.153423
FixedParameters: 0 0 0

#Transform 141
Transform: AffineTransform_float_3_3
Parameters: 0.999968 0.00307547 -0.00739451 -0.00310353 0.999989 -0.00371417 0.00738348 0.00373783 0.999966 -0.0613783 0.0101995 0.0996614
FixedParameters: 0 0 0

#Transform 142
Transform: AffineTransform_float_3_3
Parameters: 0.999967 0.00290801 -0.0075722 -0.002937 0.999989 -0.00382089 0.0075608 0.00384311 0.999964 -0.0613546 0.00259974 0.119949
FixedParameters: 0 0 0

#Transform 143
Transform: AffineTransform_float_3_3
Parameters: 0.999966 0.00286476 -0.00775424 -0.00289524 0.999988 -0.00389168 0.00774276 0.00391332 0.999963 -0.0611644 -0.00496121 0.148757
FixedParameters: 0 0 0

#Transform 144
Transform: AffineTransform_float_3_3
Parameters: 0.999969 0.0032599 -0.00718112 -0.0032931 0.999984 -0.00460249 0.00716588 0.0046255 0.999963 -0.0425916 0.0055703 0.186179
FixedParameters: 0 0 0

#Transform 145
Transform: AffineTransform_float_3_3
Parameters: 0.999968 0.00265682 -0.00744919 -0.00268816 0.999987 -0.00417711 0.00743781 0.00419789 0.999964 -0.0642268 -0.00316912 0.152864
FixedParameters: 0 0 0

#Transform 146
Transform: AffineTransform_float_3_3
Parameters: 0.999966 0.00302803 -0.00774438 -0.00306198 0.999985 -0.00437944 0.00773064 0.00440256 0.999961 -0.0680406 -0.00954456 0.155891
FixedParameters: 0 0 0

#Transform 147
Transform: AffineTransform_float_3_3
Parameters: 0.999963 0.00353876 -0.00774727 -0.00357124 0.999985 -0.00428149 0.00773173 0.00430852 0.999961 -0.045116 0.0039316 0.204461
FixedParameters: 0 0 0

#Transform 148
Transform: AffineTransform_float_3_3
Parameters: 0.999959 0.0038439 -0.00826895 -0.0038781 0.999984 -0.0041121 0.00825307 0.0041439 0.999958 -0.0494908 -0.00659907 0.154822
FixedParameters: 0 0 0

#Transform 149
Transform: AffineTransform_float_3_3
Parameters: 0.999973 0.00278773 -0.00687748 -0.00281027 0.999991 -0.00337577 0.00686853 0.00339524 0.99997 -0.0731189 0.0303817 0.206829
FixedParameters: 0 0 0

#Transform 150
Transform: AffineTransform_float_3_3
Parameters: 0.999973 0.00259394 -0.00686981 -0.00262506 0.999987 -0.00451609 0.00685819 0.00453391 0.999966 -0.0684643 0.0111202 0.182404
FixedParameters: 0 0 0

#Transform 151
Transform: AffineTransform_float_3_3
Parameters: 0.999969 0.00265541 -0.00732164 -0.00268959 0.999985 -0.00471845 0.00730936 0.00473855 0.999962 -0.0517065 0.00211857 0.256395
FixedParameters: 0 0 0

#Transform 152
Transform: AffineTransform_float_3_3
Parameters: 0.999976 0.00165736 -0.00665073 -0.00169164 0.999985 -0.00520587 0.00664227 0.00521713 0.999965 0.00298966 0.00573854 0.251838
FixedParameters: 0 0 0

#Transform 153
Transform: AffineTransform_float_3_3
Parameters: 0.999972 0.00157971 -0.00730728 -0.0016123 0.999989 -0.00455235 0.00730073 0.00456366 0.999963 -0.0294695 -0.00433166 0.244231
FixedParameters: 0 0 0

#Transform 154
Transform: AffineTransform_float_3_3
Parameters: 0.999973 0.00133261 -0.00723517 -0.00137039 0.999985 -0.00530323 0.00722783 0.00531277 0.99996 -0.0361165 -0.0026933 0.232265
FixedParameters: 0 0 0

#Transform 155
Transform: AffineTransform_float_3_3
Parameters: 0.999973 0.00204104 -0.00704752 -0.00207696 0.999985 -0.0050995 0.00703649 0.0051135 0.999962 -0.00500138 0.0190539 0.257604
FixedParameters: 0 0 0

#Transform 156
Transform: AffineTransform_float_3_3
Parameters: 0.999971 0.00244401 -0.00723221 -0.00247399 0.999989 -0.00414123 0.0072218 0.00415877 0.999966 -0.0161192 0.0195792 0.292654
FixedParameters: 0 0 0

#Transform 157
Transform: AffineTransform_float_3_3
Parameters: 0.999969 0.00235451 -0.00750591 -0.00238849 0.999986 -0.00458921 0.0074951 0.00460679 0.999962 -0.0220184 0.0331637 0.32545
FixedParameters: 0 0 0

#Transform 158
Transform: AffineTransform_float_3_3
Parameters: 0.999975 0.0026589 -0.00665052 -0.0026891 0.999986 -0.00467224 0.00663749 0.00468977 0.999967 -0.0332696 0.0134568 0.337101
FixedParameters: 0 0 0

#Transform 159
Transform: AffineTransform_float_3_3
Parameters: 0.999977 0.00141947 -0.00672188 -0.00144653 0.99999 -0.00409237 0.00671613 0.00410163 0.999969 -0.047504 0.0255263 0.319772
FixedParameters: 0 0 0

#Transform 160
Transform: AffineTransform_float_3_3
Parameters: 0.999962 0.00180954 -0.00854853 -0.00185346 0.999985 -0.00519635 0.00853847 0.00521165 0.99995 -0.0566609 0.0194284 0.413926
FixedParameters: 0 0 0

#Transform 161
Transform: AffineTransform_float_3_3
Parameters: 0.999965 0.00226893 -0.00812201 -0.00231407 0.999982 -0.00566741 0.008109 0.0056866 0.999951 -0.0435635 0.00535308 0.383505
FixedParameters: 0 0 0

#Transform 162
Transform: AffineTransform_float_3_3
Parameters: 0.999969 0.00238205 -0.00759932 -0.00242094 0.999984 -0.00511976 0.00758668 0.00513823 0.999958 -0.0577242 0.0103823 0.414535
FixedParameters: 0 0 0

#Transform 163
Transform: AffineTransform_float_3_3
Parameters: 0.999973 0.00249359 -0.00701777 -0.00253241 0.999982 -0.00546938 0.00700424 0.00548762 0.999961 -0.0306938 0.0252706 0.374593
FixedParameters: 0 0 0

#Transform 164
Transform: AffineTransform_float_3_3
Parameters: 0.999965 0.00286796 -0.00783378 -0.00290804 0.999982 -0.0051044 0.00781923 0.0051276 0.999957 -0.0373042 0.0323563 0.419417
FixedParameters: 0 0 0

#Transform 165
Transform: AffineTransform_float_3_3
Parameters: 0.999958 0.00273623 -0.00881933 -0.00278178 0.999982 -0.00518268 0.00880467 0.00520631 0.999947 -0.0245114 0.0292088 0.530243
FixedParameters: 0 0 0

#Transform 166
Transform: AffineTransform_float_3_3
Parameters: 0.999963 0.00228172 -0.00826748 -0.00232929 0.999981 -0.00583496 0.00825453 0.00585405 0.999949 -0.037279 0.0148808 0.449158
FixedParameters: 0 0 0

#Transform 167
Transform: AffineTransform_float_3_3
Parameters: 0.999962 0.00193855 -0.00849427 -0.00198345 0.999985 -0.00522735 0.00848473 0.00524465 0.999951 -0.0796716 0.0319146 0.396375
FixedParameters: 0 0 0

#Transform 168
Transform: AffineTransform_float_3_3
Parameters: 0.999965 0.00175743 -0.00826508 -0.00179458 0.999988 -0.00454133 0.00825692 0.00455567 0.999955 -0.0634188 0.0243646 0.357031
FixedParameters: 0 0 0

#Transform 169
Transform: AffineTransform_float_3_3
Parameters: 0.999969 0.001822 -0.00756351 -0.001857 0.999987 -0.00462309 0.00755448 0.0046369 0.99996 -0.0453032 0.0226914 0.351109
FixedParameters: 0 0 0

#Transform 170
Transform: AffineTransform_float_3_3
Parameters: 0.999971 0.00270836 -0.00721149 -0.00274364 0.999984 -0.00493636 0.00719852 0.00495664 0.999962 0.00356275 0.0159625 0.400923
FixedParameters: 0 0 0

#Transform 171
Transform: AffineTransform_float_3_3
Parameters: 0.999967 0.0027004 -0.007736 -0.0027426 0.999981 -0.00550097 0.007721 0.00552204 0.999955 -0.019831 0.0236324 0.406526
FixedParameters: 0 0 0

#Transform 172
Transform: AffineTransform_float_3_3
Parameters: 0.999959 0.00236513 -0.0087326 -0.00242186 0.999976 -0.00650711 0.0087164 0.00652788 0.99994 -0.0347746 -0.0125295 0.35501
FixedParameters: 0 0 0

#Transform 173
Transform: AffineTransform_float_3_3
Parameters: 0.999964 0.0021518 -0.0082713 -0.00220521 0.999976 -0.00655 0.00825672 0.00656801 0.999945 -0.0403362 -0.00714583 0.329583
FixedParameters: 0 0 0

#Transform 174
Transform: AffineTransform_float_3_3
Parameters: 0.999958 0.00174444 -0.00892703 -0.00179456 0.999983 -0.00565922 0.00891697 0.00567479 0.999944 -0.0545351 -0.000218036 0.257106
FixedParameters: 0 0 0

#Transform 175
Transform: AffineTransform_float_3_3
Parameters: 0.999961 0.00130501 -0.00871017 -0.00135198 0.999984 -0.00539043 0.00870283 0.00540256 0.999947 -0.0608933 0.0232474 0.306399
FixedParameters: 0 0 0

#Transform 176
Transform: AffineTransform_float_3_3
Parameters: 0.999961 0.00134862 -0.00875391 -0.00139938 0.999983 -0.00575198 0.00874609 0.00576402 0.999945 -0.0692568 0.0260675 0.311917
FixedParameters: 0 0 0

#Transform 177
Transform: AffineTransform_float_3_3
Parameters: 0.999956 0.0013845 -0.00927009 -0.0014435 0.999979 -0.00641491 0.00926093 0.00642811 0.999937 -0.066966 0.0205194 0.381974
FixedParameters: 0 0 0

#Transform 178
Transform: AffineTransform_float_3_3
Parameters: 0.999953 0.00162753 -0.00948076 -0.00168947 0.999977 -0.00647928 0.00947024 0.00649471 0.999934 -0.0658662 0.0157658 0.437451
FixedParameters: 0 0 0

#Transform 179
Transform: AffineTransform_float_3_3
Parameters: 0.999958 0.00196136 -0.00887248 -0.00201664 0.999979 -0.00626737 0.00885952 0.00628464 0.999941 -0.0498203 0.011918 0.407285
FixedParameters: 0 0 0

#Transform 180
Transform: AffineTransform_float_3_3
Parameters: 0.999958 0.00230517 -0.00884341 -0.00235583 0.99998 -0.00574141 0.0088306 0.0057626 0.999945 -0.0573617 0.010511 0.385762
FixedParameters: 0 0 0

#Transform 181
Transform: AffineTransform_float_3_3
Parameters: 0.999962 0.00109292 -0.00862989 -0.00114507 0.999981 -0.00614735 0.00862312 0.00615766 0.999944 -0.0856948 -0.000250484 0.447427
FixedParameters: 0 0 0

#Transform 182
Transform: AffineTransform_float_3_3
Parameters: 0.999954 0.00224412 -0.00926246 -0.00230789 0.999975 -0.00678393 0.00924753 0.00680506 0.999934 -0.0975043 0.00366319 0.400526
FixedParameters: 0 0 0

#Transform 183
Transform: AffineTransform_float_3_3
Parameters: 0.999943 0.00210852 -0.0104076 -0.00220248 0.999957 -0.00907559 0.0103874 0.00909742 0.999904 -0.0704572 -0.0408375 0.584079
FixedParameters: 0 0 0

#Transform 184
Transform: AffineTransform_float_3_3
Parameters: 0.999952 0.002004 -0.00958868 -0.002073 0.999972 -0.00719147 0.00957432 0.00721053 0.999928 -0.0438688 0.0119861 0.504387
FixedParameters: 0 0 0

#Transform 185
Transform: AffineTransform_float_3_3
Parameters: 0.999966 0.00184811 -0.00805526 -0.00190489 0.999974 -0.0070599 0.00804273 0.0070751 0.999942 -0.0327662 0.0137973 0.349931
FixedParameters: 0 0 0

#Transform 186
Transform: AffineTransform_float_3_3
Parameters: 0.999947 0.00204792 -0.0100678 -0.00212408 0.999969 -0.00755201 0.0100522 0.00757299 0.999921 -0.0429908 0.00880988 0.445559
FixedParameters: 0 0 0

#Transform 187
Transform: AffineTransform_float_3_3
Parameters: 0.999952 0.00188556 -0.00963527 -0.00196144 0.999966 -0.00793048 0.00961973 0.00794852 0.999922 -0.0401141 0.00639481 0.456796
FixedParameters: 0 0 0

#Transform 188
Transform: AffineTransform_float_3_3
Parameters: 0.999934 0.00132679 -0.0114026 -0.00143122 0.999957 -0.00913629 0.0113904 0.00915172 0.999893 -0.0493789 -0.0128208 0.508904
FixedParameters: 0 0 0

#Transform 189
Transform: AffineTransform_float_3_3
Parameters: 0.999947 0.00100741 -0.0102662 -0.00111559 0.999944 -0.0105771 0.0102548 0.0105879 0.999892 -0.069228 -0.0335151 0.484099
FixedParameters: 0 0 0

#Transform 190
Transform: AffineTransform_float_3_3
Parameters: 0.999955 0.000718067 -0.00947106 -0.00079494 0.999967 -0.00801683 0.00946493 0.00802315 0.999923 -0.0403222 0.00607268 0.469627
FixedParameters: 0 0 0

#Transform 191
Transform: AffineTransform_float_3_3
Parameters: 0.999955 0.000119834 -0.00941723 -0.000194159 0.999969 -0.00787452 0.00941576 0.00787647 0.999924 -0.021692 0.0317323 0.610561
FixedParameters: 0 0 0

#Transform 192
Transform: AffineTransform_float_3_3
Parameters: 0.99994 0.000409888 -0.0109533 -0.000511118 0.999958 -0.00922996 0.0109498 0.00923505 0.999898 -0.0871536 -0.0123952 0.504767
FixedParameters: 0 0 0

#Transform 193
Transform: AffineTransform_float_3_3
Parameters: 0.999949 0.00113276 -0.0101097 -0.00121524 0.999966 -0.00823114 0.0101003 0.00824287 0.999915 -0.075482 -0.0379942 0.401137
FixedParameters: 0 0 0

#Transform 194
Transform: AffineTransform_float_3_3
Parameters: 0.999954 0.00136559 -0.00956657 -0.00143142 0.999975 -0.00683462 0.00955743 0.00684737 0.999931 -0.0735476 -0.0109699 0.393715
FixedParameters: 0 0 0

#Transform 195
Transform: AffineTransform_float_3_3
Parameters: 0.99995 0.00126744 -0.00991881 -0.00134255 0.999971 -0.00751305 0.00990918 0.00752693 0.999922 -0.068125 0.00312392 0.407092
FixedParameters: 0 0 0

#Transform 196
Transform: AffineTransform_float_3_3
Parameters: 0.999946 0.00153156 -0.0103226 -0.00161444 0.999967 -0.00798277 0.0103104 0.00799922 0.999915 -0.078314 0.00352816 0.462843
FixedParameters: 0 0 0

#Transform 197
Transform: AffineTransform_float_3_3
Parameters: 0.99994 0.00157177 -0.0108605 -0.00165624 0.999968 -0.00775148 0.0108485 0.00776852 0.999911 -0.0730705 0.011636 0.480227
FixedParameters: 0 0 0

#Transform 198
Transform: AffineTransform_float_3_3
Parameters: 0.999939 0.00103208 -0.0109755 -0.00111992 0.999968 -0.00791619 0.0109665 0.0079278 0.999909 -0.0696453 0.00754849 0.438719
FixedParameters: 0 0 0

#Transform 199
Transform: AffineTransform_float_3_3
Parameters: 0.999943 0.00100941 -0.0106422 -0.00109159 0.99997 -0.00775783 0.0106338 0.00776918 0.999914 -0.084146 0.00565989 0.433542
FixedParameters: 0 0 0

#Transform 200
Transform: AffineTransform_float_3_3
Parameters: 0.999946 0.00180258 -0.0102175 -0.00187142 0.999975 -0.00678924 0.0102045 0.00680776 0.999925 -0.0854194 0.00603776 0.418254
FixedParameters: 0 0 0

#Transform 201
Transform: AffineTransform_float_3_3
Parameters: 0.999939 0.00203364 -0.010837 -0.00210635 0.999975 -0.00676159 0.010823 0.00678442 0.999919 -0.0599496 0.00934181 0.45585
FixedParameters: 0 0 0

#Transform 202
Transform: AffineTransform_float_3_3
Parameters: 0.999936 0.00173858 -0.0112372 -0.00182142 0.999971 -0.00741801 0.0112238 0.007438 0.99991 -0.0725173 -0.0124845 0.460499
FixedParameters: 0 0 0

#Transform 203
Transform: AffineTransform_float_3_3
Parameters: 0.999935 0.00165485 -0.0112964 -0.00174417 0.999968 -0.00788781 0.0112836 0.00790619 0.999905 -0.0955493 -0.0270036 0.461692
FixedParameters: 0 0 0

#Transform 204
Transform: AffineTransform_float_3_3
Parameters: 0.999938 0.00209894 -0.0109389 -0.00218006 0.99997 -0.00740361 0.0109231 0.00742739 0.999913 -0.112535 -0.0161507 0.45727
FixedParameters: 0 0 0

#Transform 205
Transform: AffineTransform_float_3_3
Parameters: 0.999929 0.00209723 -0.0117847 -0.00218877 0.999968 -0.00777977 0.0117683 0.00780524 0.999901 -0.130374 0.00576471 0.452827
FixedParameters: 0 0 0

#Transform 206
Transform: AffineTransform_float_3_3
Parameters: 0.999928 0.00234036 -0.0117124 -0.00242564 0.999971 -0.00730311 0.0116946 0.00733089 0.999904 -0.139053 0.00352181 0.451592
FixedParameters: 0 0 0

#Transform 207
Transform: AffineTransform_float_3_3
Parameters: 0.999912 0.00232434 -0.0130778 -0.00242866 0.999965 -0.00791594 0.0130591 0.00794705 0.999883 -0.1523 0.0028592 0.466343
FixedParameters: 0 0 0

#Transform 208
Transform: AffineTransform_float_3_3
Parameters: 0.999909 0.00257402 -0.0132973 -0.00267198 0.99997 -0.00735614 0.0132777 0.00739085 0.999884 -0.153232 0.00179437 0.487749
FixedParameters: 0 0 0

#Transform 209
Transform: AffineTransform_float_3_3
Parameters: 0.999906 0.0028374 -0.0134049 -0.0029386 0.999967 -0.00756532 0.0133831 0.00760468 0.999881 -0.147189 -0.0204531 0.503007
FixedParameters: 0 0 0

#Transform 210
Transform: AffineTransform_float_3_3
Parameters: 0.999901 0.00311873 -0.0137708 -0.00320828 0.999973 -0.00653847 0.0137503 0.00658153 0.999884 -0.163218 0.0202667 0.536688
FixedParameters: 0 0 0

#Transform 211
Transform: AffineTransform_float_3_3
Parameters: 0.999893 0.00313958 -0.0143248 -0.00323341 0.999973 -0.00650238 0.0143042 0.00654861 0.999876 -0.198486 0.0155936 0.567907
FixedParameters: 0 0 0

#Transform 212
Transform: AffineTransform_float_3_3
Parameters: 0.999911 0.00298049 -0.0129878 -0.00307351 0.99997 -0.00718572 0.0129662 0.00722529 0.99989 -0.164078 0.0148216 0.522551
FixedParameters: 0 0 0

#Transform 213
Transform: AffineTransform_float_3_3
Parameters: 0.999914 0.0024251 -0.0128545 -0.0025159 0.999972 -0.00706027 0.0128365 0.00709174 0.999893 -0.189316 0.00486019 0.520746
FixedParameters: 0 0 0

#Transform 214
Transform: AffineTransform_float_3_3
Parameters: 0.999907 0.00276715 -0.0133659 -0.00285686 0.999974 -0.00670844 0.0133471 0.00674557 0.999888 -0.189136 0.0189005 0.50542
FixedParameters: 0 0 0

#Transform 215
Transform: AffineTransform_float_3_3
Parameters: 0.999909 0.00269217 -0.0132022 -0.00277983 0.999974 -0.0066389 0.0131838 0.0066751 0.999891 -0.186056 0.0155781 0.496667
FixedParameters: 0 0 0

#Transform 216
Transform: AffineTransform_float_3_3
Parameters: 0.999895 0.00305347 -0.0141517 -0.00315653 0.999969 -0.0072991 0.0141293 0.00734292 0.999873 -0.190694 0.0120898 0.576684
FixedParameters: 0 0 0

#Transform 217
Transform: AffineTransform_float_3_3
Parameters: 0.999885 0.00328816 -0.014854 -0.00340784 0.999962 -0.00804931 0.014828 0.00809969 0.999858 -0.203177 0.00140952 0.551011
FixedParameters: 0 0 0

#Transform 218
Transform: AffineTransform_float_3_3
Parameters: 0.999897 0.00334098 -0.0139603 -0.00344902 0.999964 -0.00772065 0.0139337 0.00776835 0.999872 -0.197249 0.0146899 0.510666
FixedParameters: 0 0 0

#Transform 219
Transform: AffineTransform_float_3_3
Parameters: 0.999895 0.00359651 -0.0140363 -0.0036945 0.999969 -0.00692687 0.0140106 0.00697712 0.999877 -0.182096 0.00848893 0.510025
FixedParameters: 0 0 0

#Transform 220
Transform: AffineTransform_float_3_3
Parameters: 0.99989 0.00396222 -0.0143447 -0.00406079 0.999968 -0.00686451 0.0143163 0.00692149 0.999873 -0.212963 -0.00927396 0.463033
FixedParameters: 0 0 0

#Transform 221
Transform: AffineTransform_float_3_3
Parameters: 0.999887 0.00366143 -0.0146219 -0.00377157 0.999965 -0.0074727 0.0145941 0.00752729 0.999865 -0.21373 -0.0049769 0.549903
FixedParameters: 0 0 0

#Transform 222
Transform: AffineTransform_float_3_3
Parameters: 0.999881 0.00376586 -0.0149622 -0.00388415 0.999962 -0.00787483 0.0149328 0.00793218 0.999857 -0.200162 0.00473761 0.498264
FixedParameters: 0 0 0

#Transform 223
Transform: AffineTransform_float_3_3
Parameters: 0.999877 0.00348921 -0.0152827 -0.00361679 0.999958 -0.00834175 0.0152533 0.00839625 0.999849 -0.196078 -0.0268715 0.524738
FixedParameters: 0 0 0

#Transform 224
Transform: AffineTransform_float_3_3
Parameters: 0.999889 0.00361704 -0.0144665 -0.00373296 0.999961 -0.00799689 0.0144375 0.00805012 0.999864 -0.187891 -0.0277897 0.534286
FixedParameters: 0 0 0

#Transform 225
Transform: AffineTransform_float_3_3
Parameters: 0.999882 0.00398826 -0.0148851 -0.00409875 0.999964 -0.00741687 0.0148549 0.00747713 0.999861 -0.21956 -0.00970094 0.504206
FixedParameters: 0 0 0

#Transform 226
Transform: AffineTransform_float_3_3
Parameters: 0.999881 0.00430931 -0.0148292 -0.00441168 0.999967 -0.00689841 0.0147988 0.00696361 0.999866 -0.190959 -0.00220411 0.482824
FixedParameters: 0 0 0

#Transform 227
Transform: AffineTransform_float_3_3
Parameters: 0.999877 0.0043021 -0.0151197 -0.00441189 0.999964 -0.00724219 0.0150883 0.00730882 0.99986 -0.192036 0.00852768 0.520484
FixedParameters: 0 0 0

#Transform 228
Transform: AffineTransform_float_3_3
Parameters: 0.999865 0.004287 -0.0158244 -0.004412 0.99996 -0.00787224 0.0157906 0.00794176 0.999844 -0.213436 -0.00604584 0.542859
FixedParameters: 0 0 0

#Transform 229
Transform: AffineTransform_float_3_3
Parameters: 0.999874 0.00367631 -0.0154579 -0.0037957 0.999963 -0.0077213 0.015429 0.0077787 0.99985 -0.216472 0.00434954 0.616994
FixedParameters: 0 0 0

#Transform 230
Transform: AffineTransform_float_3_3
Parameters: 0.999881 0.003939 -0.0149629 -0.004051 0.999964 -0.00746228 0.0149331 0.00752172 0.99986 -0.212025 -0.00964279 0.554061
FixedParameters: 0 0 0

#Transform 231
Transform: AffineTransform_float_3_3
Parameters: 0.999873 0.00399382 -0.0154182 -0.00410517 0.999966 -0.00718562 0.0153888 0.00724838 0.999856 -0.231187 -0.0120616 0.579705
FixedParameters: 0 0 0

#Transform 232
Transform: AffineTransform_float_3_3
Parameters: 0.999884 0.00460788 -0.0145238 -0.00471012 0.999965 -0.00700441 0.0144912 0.0070726 0.99987 -0.198151 -0.03521 0.467154
FixedParameters: 0 0 0

#Transform 233
Transform: AffineTransform_float_3_3
Parameters: 0.999882 0.00417573 -0.0147846 -0.00427927 0.999966 -0.00696056 0.0147544 0.00702244 0.999867 -0.212731 -0.0317327 0.537916
FixedParameters: 0 0 0

#Transform 234
Transform: AffineTransform_float_3_3
Parameters: 0.999878 0.00372157 -0.0152154 -0.00383244 0.999967 -0.00723558 0.0151876 0.00729242 0.999858 -0.229657 -0.0106937 0.541373
FixedParameters: 0 0 0

#Transform 235
Transform: AffineTransform_float_3_3
Parameters: 0.999878 0.00410279 -0.0150664 -0.00422022 0.999961 -0.00775637 0.0150346 0.00781864 0.999857 -0.210905 -0.0318877 0.537584
FixedParameters: 0 0 0

#Transform 236
Transform: AffineTransform_float_3_3
Parameters: 0.999879 0.00382136 -0.0150708 -0.00393265 0.999965 -0.00738563 0.0150423 0.00744338 0.999859 -0.22449 -0.0263564 0.568478
FixedParameters: 0 0 0

#Transform 237
Transform: AffineTransform_float_3_3
Parameters: 0.999879 0.00394308 -0.0150866 -0.00405093 0.999967 -0.00712975 0.0150584 0.00719025 0.999861 -0.229207 -0.0109019 0.52333
FixedParameters: 0 0 0

#Transform 238
Transform: AffineTransform_float_3_3
Parameters: 0.99987 0.00433825 -0.0155699 -0.00444377 0.999967 -0.0067647 0.0155402 0.00683231 0.999856 -0.222935 -0.00176646 0.552708
FixedParameters: 0 0 0

#Transform 239
Transform: AffineTransform_float_3_3
Parameters: 0.999882 0.00402921 -0.0148344 -0.00413578 0.999965 -0.0071745 0.0148046 0.00723551 0.999864 -0.232732 -0.0160696 0.521005
FixedParameters: 0 0 0

#Transform 240
Transform: AffineTransform_float_3_3
Parameters: 0.999875 0.00439915 -0.0152268 -0.00451784 0.999959 -0.00777918 0.0151922 0.00784781 0.999854 -0.220201 -0.0205306 0.525862
FixedParameters: 0 0 0

#Transform 241
Transform: AffineTransform_float_3_3
Parameters: 0.999869 0.00422677 -0.0156572 -0.00434723 0.999961 -0.00771694 0.0156238 0.00778406 0.999847 -0.224499 -0.0376844 0.542796
FixedParameters: 0 0 0

#Transform 242
Transform: AffineTransform_float_3_3
Parameters: 0.999869 0.00434087 -0.0155812 -0.00445513 0.999964 -0.00729754 0.0155488 0.00736646 0.999852 -0.229148 -0.0336658 0.55498
FixedParameters: 0 0 0

#Transform 243
Transform: AffineTransform_float_3_3
Parameters: 0.999853 0.00485563 -0.0164484 -0.00497337 0.999962 -0.00716325 0.0164136 0.00724376 0.999839 -0.23236 -0.0268049 0.592884
FixedParameters: 0 0 0

#Transform 244
Transform: AffineTransform_float_3_3
Parameters: 0.999854 0.00493286 -0.0163641 -0.00504812 0.999962 -0.00700141 0.0163288 0.00708358 0.999841 -0.237685 -0.00513621 0.609093
FixedParameters: 0 0 0

#Transform 245
Transform: AffineTransform_float_3_3
Parameters: 0.999848 0.00525304 -0.0166549 -0.00537795 0.999957 -0.00746657 0.0166151 0.00755543 0.999834 -0.228744 0.00200789 0.640115
FixedParameters: 0 0 0

#Transform 246
Transform: AffineTransform_float_3_3
Parameters: 0.999869 0.00441218 -0.0156117 -0.00453984 0.999957 -0.0081622 0.0155753 0.00823181 0.999845 -0.23778 -0.0352142 0.577565
FixedParameters: 0 0 0

#Transform 247
Transform: AffineTransform_float_3_3
Parameters: 0.999861 0.00426874 -0.0161152 -0.00439225 0.999962 -0.00762028 0.0160818 0.00769072 0.999841 -0.240745 -0.0332054 0.558552
FixedParameters: 0 0 0

#Transform 248
Transform: AffineTransform_float_3_3
Parameters: 0.999856 0.00439176 -0.0164061 -0.00452124 0.999959 -0.00784895 0.0163708 0.00792204 0.999834 -0.236683 -0.0165004 0.578318
FixedParameters: 0 0 0

#Transform 249
Transform: AffineTransform_float_3_3
Parameters: 0.999862 0.00425141 -0.0160511 -0.00436658 0.999964 -0.00717289 0.0160199 0.0072421 0.999845 -0.247985 0.00889589 0.550423
FixedParameters: 0 0 0

#Transform 250
Transform: AffineTransform_float_3_3
Parameters: 0.999862 0.00455709 -0.0159877 -0.00467692 0.999961 -0.00747126 0.0159533 0.00754475 0.999845 -0.250942 -0.00765482 0.588858
FixedParameters: 0 0 0

#Transform 251
Transform: AffineTransform_float_3_3
Parameters: 0.999861 0.00444607 -0.0161049 -0.00456694 0.999961 -0.00748049 0.0160711 0.00755251 0.999843 -0.214629 0.0206465 0.634173
FixedParameters: 0 0 0

#Transform 252
Transform: AffineTransform_float_3_3
Parameters: 0.999861 0.00420644 -0.0160892 -0.00433556 0.999959 -0.00796434 0.0160548 0.00803264 0.999839 -0.223626 0.00157065 0.663507
FixedParameters: 0 0 0

#Transform 253
Transform: AffineTransform_float_3_3
Parameters: 0.999869 0.00434515 -0.0155957 -0.00446184 0.999962 -0.00740038 0.0155633 0.0074696 0.999851 -0.189844 -0.0078286 0.659681
FixedParameters: 0 0 0

#Transform 254
Transform: AffineTransform_float_3_3
Parameters: 0.999868 0.00435494 -0.0156997 -0.00447106 0.999963 -0.00736478 0.0156673 0.00743421 0.999849 -0.206791 0.00535471 0.641487
FixedParameters: 0 0 0

#Transform 255
Transform: AffineTransform_float_3_3
Parameters: 0.999853 0.00491048 -0.0164651 -0.00502053 0.999965 -0.00661731 0.0164319 0.00669867 0.999842 -0.210426 0.0452378 0.696355
FixedParameters: 0 0 0

#Transform 256
Transform: AffineTransform_float_3_3
Parameters: 0.999862 0.00458691 -0.0160051 -0.00469409 0.999967 -0.00665979 0.0159739 0.0067342 0.999849 -0.204621 0.0510147 0.749356
FixedParameters: 0 0 0

#Transform 257
Transform: AffineTransform_float_3_3
Parameters: 0.999869 0.00408983 -0.0156961 -0.00421118 0.999962 -0.00769492 0.0156639 0.00776009 0.999847 -0.229054 0.016382 0.703372
FixedParameters: 0 0 0

#Transform 258
Transform: AffineTransform_float_3_3
Parameters: 0.999855 0.00431764 -0.016508 -0.00444236 0.999962 -0.00750375 0.016475 0.00757623 0.999835 -0.236891 0.00180634 0.660045
FixedParameters: 0 0 0

#Transform 259
Transform: AffineTransform_float_3_3
Parameters: 0.999852 0.00438912 -0.0166226 -0.00451789 0.99996 -0.00772404 0.0165884 0.00779796 0.999832 -0.23167 -0.00228179 0.638605
FixedParameters: 0 0 0

#Transform 260
Transform: AffineTransform_float_3_3
Parameters: 0.999853 0.00436093 -0.0165453 -0.00447806 0.999965 -0.00704494 0.0165137 0.00711806 0.999839 -0.235475 -0.00357806 0.605853
FixedParameters: 0 0 0

#Transform 261
Transform: AffineTransform_float_3_3
Parameters: 0.999848 0.00482007 -0.0167875 -0.00494193 0.999961 -0.00722914 0.0167525 0.00731086 0.999833 -0.218076 0.0112115 0.585721
FixedParameters: 0 0 0

#Transform 262
Transform: AffineTransform_float_3_3
Parameters: 0.999847 0.00494614 -0.0168125 -0.00507187 0.99996 -0.00745188 0.0167755 0.00753613 0.999831 -0.232289 0.00975729 0.610591
FixedParameters: 0 0 0

#Transform 263
Transform: AffineTransform_float_3_3
Parameters: 0.999862 0.00406615 -0.0161014 -0.00417384 0.999969 -0.00660771 0.0160736 0.00667428 0.999849 -0.257402 0.02801 0.677022
FixedParameters: 0 0 0

#Transform 264
Transform: AffineTransform_float_3_3
Parameters: 0.999848 0.00423887 -0.0168779 -0.00436412 0.999963 -0.00738346 0.0168461 0.00745654 0.999831 -0.261499 0.0267187 0.626769
FixedParameters: 0 0 0

#Transform 265
Transform: AffineTransform_float_3_3
Parameters: 0.999846 0.00465617 -0.0168842 -0.00478284 0.999961 -0.00742038 0.0168498 0.00749961 0.99983 -0.262094 0.0125572 0.600015
FixedParameters: 0 0 0

#Transform 266
Transform: AffineTransform_float_3_3
Parameters: 0.999843 0.0047734 -0.0170954 -0.00490961 0.999957 -0.00789931 0.0170566 0.00798167 0.999822 -0.250662 -0.0219007 0.632249
FixedParameters: 0 0 0

#Transform 267
Transform: AffineTransform_float_3_3
Parameters: 0.999838 0.00480604 -0.0173807 -0.00494396 0.999956 -0.00790335 0.0173423 0.00798764 0.999817 -0.265423 -0.0122532 0.670075
FixedParameters: 0 0 0

#Transform 268
Transform: AffineTransform_float_3_3
Parameters: 0.999835 0.00465061 -0.0175182 -0.00477337 0.999964 -0.00700753 0.0174848 0.00709048 0.999822 -0.276568 0.00809609 0.64151
FixedParameters: 0 0 0

#Transform 269
Transform: AffineTransform_float_3_3
Parameters: 0.999822 0.0051421 -0.0181463 -0.00527189 0.999961 -0.0071176 0.0181087 0.0072124 0.99981 -0.285968 0.00114042 0.631575
FixedParameters: 0 0 0

#Transform 270
Transform: AffineTransform_float_3_3
Parameters: 0.99981 0.00556781 -0.0187184 -0.00569219 0.999962 -0.00658771 0.0186806 0.00669329 0.999803 -0.280135 0.00788585 0.586143
FixedParameters: 0 0 0

#Transform 271
Transform: AffineTransform_float_3_3
Parameters: 0.99983 0.00468995 -0.017804 -0.00480604 0.999968 -0.00648054 0.017773 0.00656547 0.999821 -0.281985 0.00260796 0.61322
FixedParameters: 0 0 0

#Transform 272
Transform: AffineTransform_float_3_3
Parameters: 0.999805 0.00480618 -0.0191818 -0.00493882 0.999964 -0.00688261 0.0191482 0.0069764 0.999793 -0.297542 0.00117802 0.621731
FixedParameters: 0 0 0

#Transform 273
Transform: AffineTransform_float_3_3
Parameters: 0.999797 0.00518764 -0.0194575 -0.00532937 0.99996 -0.00727178 0.0194195 0.00737424 0.999784 -0.297934 -0.00240045 0.603114
FixedParameters: 0 0 0

#Transform 274
Transform: AffineTransform_float_3_3
Parameters: 0.999794 0.00550176 -0.0195737 -0.00564725 0.999957 -0.007424 0.0195323 0.00753302 0.999781 -0.285981 -0.012037 0.577812
FixedParameters: 0 0 0

#Transform 275
Transform: AffineTransform_float_3_3
Parameters: 0.999794 0.00572954 -0.0194823 -0.00586746 0.999958 -0.00705715 0.0194418 0.00716987 0.999786 -0.292954 -0.0065158 0.538601
FixedParameters: 0 0 0

#Transform 276
Transform: AffineTransform_float_3_3
Parameters: 0.999787 0.00641852 -0.0196148 -0.00654748 0.999957 -0.00654397 0.0195722 0.00667105 0.999786 -0.302653 -0.0086585 0.592101
FixedParameters: 0 0 0

#Transform 277
Transform: AffineTransform_float_3_3
Parameters: 0.999797 0.00543092 -0.0193674 -0.00558709 0.999953 -0.00801442 0.0193236 0.00812059 0.999781 -0.314497 -0.0136425 0.501953
FixedParameters: 0 0 0

#Transform 278
Transform: AffineTransform_float_3_3
Parameters: 0.999784 0.00606016 -0.0198473 -0.00622884 0.999945 -0.0084562 0.0197957 0.00857781 0.999768 -0.298512 -0.00312211 0.543725
FixedParameters: 0 0 0

#Transform 279
Transform: AffineTransform_float_3_3
Parameters: 0.999797 0.00570071 -0.0192883 -0.00585128 0.999952 -0.00779571 0.0192436 0.00790729 0.999783 -0.298776 0.00669306 0.564239
FixedParameters: 0 0 0

#Transform 280
Transform: AffineTransform_float_3_3
Parameters: 0.999813 0.00580809 -0.0184483 -0.00594693 0.999955 -0.00748469 0.0184037 0.00759231 0.999802 -0.292453 -0.0125672 0.556073
FixedParameters: 0 0 0

#Transform 281
Transform: AffineTransform_float_3_3
Parameters: 0.99981 0.00576372 -0.0186241 -0.00589827 0.999957 -0.00716251 0.0185819 0.00727148 0.999801 -0.297923 0.00417868 0.59373
FixedParameters: 0 0 0

#Transform 282
Transform: AffineTransform_float_3_3
Parameters: 0.999805 0.00480137 -0.0191643 -0.00493963 0.999962 -0.00719274 0.0191297 0.00728627 0.999791 -0.302245 0.0314101 0.628902
FixedParameters: 0 0 0

#Transform 283
Transform: AffineTransform_float_3_3
Parameters: 0.999811 0.00503184 -0.018769 -0.00518515 0.999953 -0.00817323 0.018727 0.0082698 0.999791 -0.293741 -0.0103164 0.564641
FixedParameters: 0 0 0

#Transform 284
Transform: AffineTransform_float_3_3
Parameters: 0.999806 0.00519756 -0.0190292 -0.00534643 0.999955 -0.00775777 0.0189878 0.00785822 0.999789 -0.308938 -0.0115428 0.582947
FixedParameters: 0 0 0

#Transform 285
Transform: AffineTransform_float_3_3
Parameters: 0.9998 0.00572503 -0.019172 -0.00586697 0.999955 -0.00735699 0.019129 0.00746801 0.999789 -0.303424 -0.00309682 0.636349
FixedParameters: 0 0 0

#Transform 286
Transform: AffineTransform_float_3_3
Parameters: 0.999813 0.00582172 -0.0184459 -0.00596228 0.999953 -0.00755943 0.0184011 0.00766756 0.999802 -0.280916 0.00286922 0.665236
FixedParameters: 0 0 0

#Transform 287
Transform: AffineTransform_float_3_3
Parameters: 0.999799 0.00591612 -0.0191173 -0.00606989 0.999949 -0.00800156 0.0190697 0.00811544 0.999785 -0.298558 -0.0182708 0.605625
FixedParameters: 0 0 0

#Transform 288
Transform: AffineTransform_float_3_3
Parameters: 0.999776 0.00568669 -0.0204145 -0.00585032 0.999951 -0.00799836 0.0203675 0.00811564 0.999759 -0.296092 0.0146888 0.599502
FixedParameters: 0 0 0

#Transform 289
Transform: AffineTransform_float_3_3
Parameters: 0.999761 0.00622964 -0.0209848 -0.00640735 0.999944 -0.00844257 0.0209312 0.00857545 0.999744 -0.298702 -0.0181246 0.61388
FixedParameters: 0 0 0

#Transform 290
Transform: AffineTransform_float_3_3
Parameters: 0.999786 0.00594294 -0.0198179 -0.00611008 0.999946 -0.0083807 0.0197671 0.00849929 0.999768 -0.299991 -0.00783809 0.595983
FixedParameters: 0 0 0

#Transform 291
Transform: AffineTransform_float_3_3
Parameters: 0.999777 0.0062846 -0.0201671 -0.00643741 0.999951 -0.00750085 0.0201199 0.00762914 0.999768 -0.323654 -0.0143306 0.542947
FixedParameters: 0 0 0

#Transform 292
Transform: AffineTransform_float_3_3
Parameters: 0.999766 0.00692722 -0.0204957 -0.00708979 0.999944 -0.00788053 0.0204403 0.00802347 0.999759 -0.309056 -0.012991 0.573798
FixedParameters: 0 0 0

#Transform 293
Transform: AffineTransform_float_3_3
Parameters: 0.999786 0.00632042 -0.0197042 -0.00647859 0.999948 -0.00794405 0.0196528 0.00806995 0.999775 -0.302426 0.00312138 0.573201
FixedParameters: 0 0 0

#Transform 294
Transform: AffineTransform_float_3_3
Parameters: 0.999793 0.00601887 -0.0194049 -0.00619015 0.999943 -0.0087717 0.0193511 0.00888931 0.999773 -0.300024 0.00380186 0.605854
FixedParameters: 0 0 0

#Transform 295
Transform: AffineTransform_float_3_3
Parameters: 0.99978 0.00612639 -0.0200508 -0.0063026 0.999942 -0.00875655 0.0199952 0.00888145 0.99976 -0.308156 0.000325667 0.662804
FixedParameters: 0 0 0

#Transform 296
Transform: AffineTransform_float_3_3
Parameters: 0.999773 0.00593802 -0.0204343 -0.00612497 0.99994 -0.0090999 0.0203787 0.00922309 0.99975 -0.318045 0.00212973 0.689202
FixedParameters: 0 0 0

#Transform 297
Transform: AffineTransform_float_3_3
Parameters: 0.999758 0.00612596 -0.021123 -0.00631604 0.99994 -0.00894175 0.021067 0.00907325 0.999737 -0.344704 -0.00632902 0.720378
FixedParameters: 0 0 0

#Transform 298
Transform: AffineTransform_float_3_3
Parameters: 0.999791 0.0067221 -0.0193343 -0.0068959 0.999936 -0.00894155 0.0192727 0.00907346 0.999773 -0.331541 -0.0306694 0.63717
FixedParameters: 0 0 0

#Transform 299
Transform: AffineTransform_float_3_3
Parameters: 0.999798 0.00618119 -0.0191563 -0.00636181 0.999935 -0.00939203 0.0190967 0.00951197 0.999773 -0.312049 -0.0275748 0.653425
FixedParameters: 0 0 0
