#!ascii label  , from subject sub-v1s20x0050278_ses-1 vox2ras=TkReg
1103
63374  -9.822  -8.781  60.237 0.0000000000
73506  -30.193  -0.109  51.203 0.0000000000
61317  -36.413  -10.498  49.453 0.0000000000
70608  -39.980  -3.025  47.740 0.0000000000
68359  -27.199  -4.365  53.257 0.0000000000
63555  -39.352  -8.619  47.247 0.0000000000
78295  -44.805  4.508  38.438 0.0000000000
78326  -51.267  5.331  35.263 0.0000000000
67070  -34.789  -5.165  53.141 0.0000000000
59346  -37.354  -12.607  53.119 0.0000000000
148769  -35.292  -3.718  49.628 0.0000000000
69429  -9.560  -4.092  61.642 0.0000000000
66976  -14.966  -6.340  61.825 0.0000000000
154267  -17.917  -8.701  61.218 0.0000000000
64478  -21.776  -8.758  60.694 0.0000000000
66993  -24.148  -6.409  59.029 0.0000000000
69453  -26.872  -4.424  57.383 0.0000000000
72426  -30.691  -0.289  55.906 0.0000000000
59423  -41.437  -12.845  50.262 0.0000000000
80574  -53.173  6.759  33.214 0.0000000000
73474  -34.380  0.207  52.932 0.0000000000
70548  -36.226  -3.522  51.892 0.0000000000
70562  -32.746  -2.115  50.559 0.0000000000
67011  -9.800  -5.533  58.417 0.0000000000
68257  -12.567  -4.664  61.611 0.0000000000
65753  -24.635  -6.990  57.452 0.0000000000
68285  -24.931  -5.742  58.091 0.0000000000
67031  -26.179  -5.576  56.626 0.0000000000
71493  -28.076  -1.350  51.682 0.0000000000
72436  -28.000  -0.575  55.009 0.0000000000
75774  -30.814  1.460  54.089 0.0000000000
71469  -33.046  -1.228  54.118 0.0000000000
61290  -37.852  -9.970  52.284 0.0000000000
57332  -40.294  -13.620  51.598 0.0000000000
144739  -39.559  -12.378  50.533 0.0000000000
65862  -39.936  -6.476  47.561 0.0000000000
63522  -42.439  -8.598  49.327 0.0000000000
65864  -43.010  -6.510  48.321 0.0000000000
154969  -42.762  -3.620  47.664 0.0000000000
79364  -47.840  5.252  40.125 0.0000000000
77014  -44.584  3.458  42.484 0.0000000000
65776  -26.441  -6.396  54.361 0.0000000000
146118  -37.558  -3.836  44.359 0.0000000000
78313  -48.621  4.435  36.872 0.0000000000
79405  -51.410  5.655  38.533 0.0000000000
77139  -54.462  4.264  33.249 0.0000000000
62383  -34.534  -9.514  51.687 0.0000000000
63457  -35.777  -8.925  53.263 0.0000000000
64587  -37.409  -7.077  52.033 0.0000000000
64443  -10.747  -6.671  62.784 0.0000000000
156823  -15.837  -11.124  62.033 0.0000000000
65698  -16.455  -7.090  61.470 0.0000000000
60181  -17.405  -11.323  62.051 0.0000000000
60183  -19.644  -11.554  62.008 0.0000000000
61146  -21.603  -10.210  61.923 0.0000000000
63356  -23.062  -8.658  61.388 0.0000000000
65727  -23.085  -7.786  59.849 0.0000000000
65717  -25.723  -6.999  59.074 0.0000000000
69496  -26.837  -3.771  55.921 0.0000000000
71431  -28.951  -1.881  57.040 0.0000000000
69498  -29.761  -3.549  54.574 0.0000000000
69532  -30.794  -3.549  52.638 0.0000000000
65803  -32.742  -5.717  52.201 0.0000000000
61343  -41.264  -10.593  49.190 0.0000000000
74768  -42.073  0.789  43.333 0.0000000000
72515  -40.917  0.106  47.914 0.0000000000
64453  -9.306  -7.514  62.342 0.0000000000
73490  -32.346  0.238  52.054 0.0000000000
72473  -33.740  -0.802  51.960 0.0000000000
72483  -31.879  -0.965  51.134 0.0000000000
65763  -25.421  -6.997  56.806 0.0000000000
65754  -25.160  -6.425  57.119 0.0000000000
65770  -26.279  -6.886  56.031 0.0000000000
73503  -28.976  -0.693  51.376 0.0000000000
74669  -29.483  0.571  52.783 0.0000000000
73470  -30.273  0.618  52.381 0.0000000000
73452  -32.600  1.202  53.401 0.0000000000
59383  -38.668  -12.193  51.267 0.0000000000
60362  -37.717  -11.656  50.445 0.0000000000
68454  -40.139  -4.807  47.693 0.0000000000
65850  -41.261  -6.256  48.782 0.0000000000
68432  -41.145  -4.688  48.988 0.0000000000
68456  -42.417  -4.889  48.063 0.0000000000
70580  -41.178  -3.378  48.747 0.0000000000
78233  -49.199  4.117  40.669 0.0000000000
78212  -47.441  3.886  42.092 0.0000000000
74784  -48.570  2.427  42.307 0.0000000000
159728  -48.454  3.662  35.454 0.0000000000
78324  -49.782  4.583  35.939 0.0000000000
78300  -49.918  5.379  37.692 0.0000000000
79428  -51.421  5.903  36.924 0.0000000000
78302  -52.650  5.174  37.795 0.0000000000
80524  -53.151  6.277  36.317 0.0000000000
80576  -54.306  6.368  33.994 0.0000000000
159825  -34.605  -7.234  52.942 0.0000000000
63481  -35.145  -9.069  52.541 0.0000000000
64574  -35.515  -7.376  53.427 0.0000000000
70566  -36.062  -3.422  51.022 0.0000000000
142969  -37.148  -5.518  52.321 0.0000000000
146078  -37.023  -5.170  51.425 0.0000000000
64611  -36.859  -7.659  51.212 0.0000000000
67132  -35.933  -5.190  49.738 0.0000000000
64444  -11.738  -6.978  63.088 0.0000000000
68227  -11.651  -5.017  63.230 0.0000000000
68259  -13.675  -5.406  61.936 0.0000000000
64488  -17.378  -7.901  60.879 0.0000000000
154606  -17.401  -8.084  61.471 0.0000000000
63350  -17.163  -9.049  62.022 0.0000000000
134676  -17.859  -9.242  61.812 0.0000000000
133835  -18.210  -11.216  62.086 0.0000000000
62237  -18.629  -9.814  61.749 0.0000000000
63354  -21.750  -9.125  61.127 0.0000000000
62241  -22.182  -9.519  61.687 0.0000000000
64479  -22.222  -8.331  60.966 0.0000000000
65739  -23.723  -6.909  58.825 0.0000000000
64508  -23.277  -7.537  59.182 0.0000000000
65714  -23.768  -7.257  59.590 0.0000000000
65703  -23.907  -7.474  60.129 0.0000000000
65715  -24.462  -6.778  59.453 0.0000000000
161500  -25.008  -7.489  59.886 0.0000000000
66995  -25.270  -6.388  59.017 0.0000000000
68287  -26.520  -5.161  58.108 0.0000000000
68280  -26.402  -5.577  58.142 0.0000000000
136789  -27.074  -5.084  58.013 0.0000000000
69455  -27.987  -3.989  57.299 0.0000000000
67041  -26.657  -4.973  55.062 0.0000000000
68343  -26.979  -3.967  54.951 0.0000000000
74605  -29.462  0.930  55.760 0.0000000000
72425  -28.564  -0.469  56.400 0.0000000000
71443  -29.764  -1.382  56.622 0.0000000000
70496  -29.425  -2.183  56.415 0.0000000000
158555  -30.009  -2.122  54.998 0.0000000000
71477  -30.678  -1.695  53.983 0.0000000000
69508  -34.217  -2.722  53.861 0.0000000000
69518  -32.955  -3.280  52.888 0.0000000000
67069  -34.187  -5.026  52.806 0.0000000000
64586  -33.935  -7.380  52.249 0.0000000000
66988  -8.390  -4.923  60.094 0.0000000000
69428  -9.020  -3.842  62.299 0.0000000000
149086  -9.010  -4.330  63.260 0.0000000000
59365  -36.293  -12.375  52.356 0.0000000000
160772  -37.299  -14.386  51.708 0.0000000000
57342  -41.106  -13.427  50.674 0.0000000000
61364  -39.283  -10.040  47.977 0.0000000000
61342  -39.883  -10.611  48.744 0.0000000000
62438  -40.392  -9.822  48.539 0.0000000000
63537  -43.665  -9.011  48.724 0.0000000000
61321  -43.478  -10.086  49.141 0.0000000000
76993  -44.336  2.933  44.151 0.0000000000
75886  -43.525  2.502  42.860 0.0000000000
75860  -43.170  1.758  44.979 0.0000000000
155916  -41.560  0.267  45.159 0.0000000000
74723  -42.457  1.369  47.306 0.0000000000
72508  -42.803  -0.254  48.028 0.0000000000
78341  -51.387  4.841  33.581 0.0000000000
79457  -52.656  6.233  33.791 0.0000000000
79472  -51.882  5.579  32.201 0.0000000000
80596  -52.541  6.846  31.208 0.0000000000
70539  -35.082  -2.382  53.282 0.0000000000
137513  -35.594  -4.022  52.911 0.0000000000
72464  -35.039  -1.333  52.636 0.0000000000
71496  -34.817  -1.979  51.659 0.0000000000
70563  -34.252  -2.734  50.411 0.0000000000
68274  -9.654  -4.821  59.769 0.0000000000
69437  -10.672  -4.364  61.206 0.0000000000
66990  -13.710  -5.423  60.908 0.0000000000
65740  -23.993  -6.832  58.138 0.0000000000
67004  -24.545  -5.958  58.629 0.0000000000
67015  -24.524  -5.965  58.276 0.0000000000
68298  -25.853  -5.337  57.686 0.0000000000
69481  -26.581  -4.492  56.915 0.0000000000
70535  -27.922  -2.756  52.893 0.0000000000
70524  -27.866  -2.433  53.770 0.0000000000
72454  -28.214  -0.565  53.200 0.0000000000
73437  -28.938  0.832  53.989 0.0000000000
74622  -30.967  1.287  55.286 0.0000000000
72437  -31.656  -0.384  54.673 0.0000000000
74624  -32.636  1.125  54.492 0.0000000000
72440  -34.196  -0.456  54.198 0.0000000000
65735  -8.570  -6.349  58.465 0.0000000000
60333  -38.643  -11.186  52.772 0.0000000000
58354  -38.591  -13.202  53.083 0.0000000000
60334  -39.039  -11.887  52.955 0.0000000000
59402  -40.115  -12.662  51.248 0.0000000000
59422  -41.460  -12.822  50.335 0.0000000000
152851  -39.652  -7.875  47.386 0.0000000000
62460  -40.636  -8.965  48.468 0.0000000000
64629  -41.098  -7.029  48.833 0.0000000000
64630  -43.101  -7.125  48.839 0.0000000000
79401  -46.197  5.432  38.874 0.0000000000
133479  -44.650  4.723  40.250 0.0000000000
78230  -45.942  4.528  41.276 0.0000000000
78195  -45.747  3.517  43.186 0.0000000000
73521  -28.993  -1.231  50.576 0.0000000000
71503  -28.087  -1.516  50.736 0.0000000000
60376  -36.760  -10.983  48.878 0.0000000000
161376  -38.717  -7.615  46.187 0.0000000000
65877  -38.590  -6.314  45.877 0.0000000000
156050  -38.706  -4.741  46.069 0.0000000000
69609  -38.573  -3.578  45.910 0.0000000000
78297  -46.541  4.626  38.133 0.0000000000
78282  -47.971  5.071  38.489 0.0000000000
79386  -49.811  5.674  39.902 0.0000000000
77061  -50.621  3.983  39.724 0.0000000000
80545  -53.876  6.270  35.327 0.0000000000
78335  -54.583  4.916  34.696 0.0000000000
141056  -35.043  -10.794  51.613 0.0000000000
60331  -35.561  -10.915  52.272 0.0000000000
61260  -36.122  -10.412  53.128 0.0000000000
65791  -36.223  -6.592  53.279 0.0000000000
64567  -37.029  -7.932  53.379 0.0000000000
140455  -37.272  -10.453  53.319 0.0000000000
62385  -37.746  -8.944  52.312 0.0000000000
63506  -36.675  -8.649  50.979 0.0000000000
71521  -30.995  -2.101  50.059 0.0000000000
70576  -32.809  -2.784  49.850 0.0000000000
68431  -35.043  -4.462  48.600 0.0000000000
63363  -9.931  -8.131  61.030 0.0000000000
63364  -11.154  -8.174  61.315 0.0000000000
59283  -16.801  -12.715  59.609 0.0000000000
65723  -12.591  -6.278  59.049 0.0000000000
65710  -14.570  -6.376  60.212 0.0000000000
65687  -15.772  -6.803  61.787 0.0000000000
149083  -16.582  -11.266  62.037 0.0000000000
58210  -19.998  -13.173  61.094 0.0000000000
59230  -21.438  -12.537  61.666 0.0000000000
63381  -22.042  -8.672  59.948 0.0000000000
64507  -22.628  -8.223  59.632 0.0000000000
65700  -22.169  -8.294  60.699 0.0000000000
64480  -22.849  -8.102  61.103 0.0000000000
64465  -23.594  -8.379  60.968 0.0000000000
68269  -25.293  -5.948  58.657 0.0000000000
65771  -26.471  -6.036  55.318 0.0000000000
68311  -26.538  -4.564  56.540 0.0000000000
69482  -26.819  -3.553  56.672 0.0000000000
70514  -27.429  -2.544  55.380 0.0000000000
71441  -27.415  -2.344  56.615 0.0000000000
136998  -27.782  -3.196  57.114 0.0000000000
69471  -28.730  -3.783  56.602 0.0000000000
68313  -29.413  -4.410  55.596 0.0000000000
67087  -31.006  -5.077  52.170 0.0000000000
70547  -32.129  -2.782  52.795 0.0000000000
67088  -32.017  -4.972  52.257 0.0000000000
144445  -32.465  -6.342  51.801 0.0000000000
64597  -33.016  -7.099  51.696 0.0000000000
137459  -9.651  -6.747  62.690 0.0000000000
148938  -38.662  -11.687  49.357 0.0000000000
60395  -40.580  -11.349  49.354 0.0000000000
137995  -41.524  -12.171  49.376 0.0000000000
62439  -41.642  -9.406  49.136 0.0000000000
60381  -42.599  -11.364  49.061 0.0000000000
136816  -41.963  -11.803  49.101 0.0000000000
149304  -38.525  -2.578  44.552 0.0000000000
70625  -39.049  -2.182  45.792 0.0000000000
75914  -43.195  2.802  40.751 0.0000000000
74794  -42.236  1.441  41.268 0.0000000000
73613  -41.074  -0.102  43.579 0.0000000000
72526  -40.598  -0.624  45.186 0.0000000000
71546  -40.128  -1.120  47.800 0.0000000000
71536  -41.922  -1.337  48.440 0.0000000000
62261  -9.333  -9.418  60.329 0.0000000000
73489  -31.464  0.342  51.890 0.0000000000
72471  -31.926  -0.216  51.566 0.0000000000
72470  -31.098  -0.245  51.274 0.0000000000
63434  -25.630  -8.360  56.353 0.0000000000
154539  -25.954  -6.974  56.447 0.0000000000
64546  -25.872  -7.509  56.386 0.0000000000
73505  -29.757  -0.261  51.261 0.0000000000
73487  -29.747  0.052  52.006 0.0000000000
145272  -30.602  0.315  51.843 0.0000000000
141551  -31.822  0.732  52.434 0.0000000000
61304  -36.682  -10.472  50.278 0.0000000000
147620  -37.201  -11.008  50.646 0.0000000000
61318  -37.025  -11.160  49.738 0.0000000000
69599  -39.702  -3.830  47.259 0.0000000000
68455  -40.737  -4.655  48.582 0.0000000000
69600  -40.375  -3.908  48.109 0.0000000000
69580  -40.907  -4.014  48.829 0.0000000000
70591  -40.615  -3.129  48.396 0.0000000000
75903  -49.720  3.263  40.715 0.0000000000
77031  -49.331  3.218  41.368 0.0000000000
78333  -50.548  4.560  34.741 0.0000000000
78325  -50.498  4.895  35.617 0.0000000000
78315  -50.487  5.254  36.416 0.0000000000
157216  -51.634  5.899  36.082 0.0000000000
142248  -52.363  6.214  36.470 0.0000000000
79440  -52.170  5.984  35.487 0.0000000000
148914  -34.622  -5.861  53.112 0.0000000000
64573  -35.077  -7.616  53.146 0.0000000000
67071  -35.167  -5.750  53.317 0.0000000000
69564  -35.525  -3.432  50.556 0.0000000000
68410  -36.703  -4.406  51.033 0.0000000000
68409  -36.114  -4.414  50.255 0.0000000000
67120  -36.452  -5.339  50.656 0.0000000000
68419  -35.604  -4.282  49.334 0.0000000000
69415  -10.245  -4.256  62.851 0.0000000000
69422  -10.569  -4.233  62.275 0.0000000000
66983  -14.397  -5.817  61.643 0.0000000000
66968  -14.360  -6.407  62.306 0.0000000000
64474  -17.616  -8.141  61.246 0.0000000000
65699  -17.078  -7.534  61.329 0.0000000000
64459  -17.514  -8.547  61.502 0.0000000000
63351  -18.247  -9.291  61.383 0.0000000000
135660  -21.368  -9.135  60.408 0.0000000000
64462  -21.376  -9.400  61.145 0.0000000000
64463  -21.885  -8.747  60.973 0.0000000000
65728  -23.695  -6.994  59.141 0.0000000000
141894  -27.573  -4.797  57.706 0.0000000000
69454  -27.397  -4.137  57.366 0.0000000000
68358  -26.921  -4.616  54.161 0.0000000000
69514  -27.356  -3.784  53.942 0.0000000000
73420  -30.281  0.261  56.010 0.0000000000
73413  -29.423  0.065  56.345 0.0000000000
71450  -30.268  -1.052  56.078 0.0000000000
71456  -30.198  -1.624  55.706 0.0000000000
71466  -30.351  -1.532  54.676 0.0000000000
71451  -30.686  -0.775  55.203 0.0000000000
68361  -34.504  -4.281  53.156 0.0000000000
65805  -34.264  -6.584  52.785 0.0000000000
139967  -9.131  -4.507  60.454 0.0000000000
68263  -8.193  -4.596  60.896 0.0000000000
69414  -9.363  -4.049  62.936 0.0000000000
59345  -36.774  -12.513  52.878 0.0000000000
58364  -36.719  -13.161  52.303 0.0000000000
58352  -37.170  -13.258  52.736 0.0000000000
58396  -41.386  -13.153  50.535 0.0000000000
57350  -41.019  -13.756  50.331 0.0000000000
58413  -41.362  -13.241  50.011 0.0000000000
58431  -40.764  -13.254  49.111 0.0000000000
62458  -38.899  -9.482  47.244 0.0000000000
62459  -39.771  -9.223  47.845 0.0000000000
78277  -43.738  4.353  38.927 0.0000000000
76957  -43.934  2.536  45.107 0.0000000000
75861  -43.795  2.440  44.660 0.0000000000
74735  -42.545  1.431  46.537 0.0000000000
72449  -34.963  -0.773  53.526 0.0000000000
72455  -35.110  -1.314  52.830 0.0000000000
72463  -34.759  -0.684  52.720 0.0000000000
71494  -33.398  -1.327  51.464 0.0000000000
71495  -34.179  -1.623  51.574 0.0000000000
71507  -33.648  -2.014  50.924 0.0000000000
71508  -34.536  -2.358  51.067 0.0000000000
156911  -33.490  -2.526  50.310 0.0000000000
156530  -9.417  -5.094  59.128 0.0000000000
67002  -12.319  -5.735  59.575 0.0000000000
64524  -24.033  -7.372  58.040 0.0000000000
67025  -24.754  -6.189  57.669 0.0000000000
67026  -25.389  -6.024  56.898 0.0000000000
68310  -25.952  -5.381  57.001 0.0000000000
146237  -27.992  -1.970  52.368 0.0000000000
146220  -28.033  -2.009  53.120 0.0000000000
149981  -28.097  -1.276  52.734 0.0000000000
161045  -30.090  1.036  53.275 0.0000000000
74653  -29.530  0.918  53.367 0.0000000000
75773  -30.229  1.348  54.118 0.0000000000
75753  -30.242  1.358  55.009 0.0000000000
75764  -31.133  1.504  54.560 0.0000000000
74623  -32.110  1.075  55.021 0.0000000000
75775  -31.782  1.471  54.108 0.0000000000
141743  -33.916  0.679  53.133 0.0000000000
74640  -33.732  0.666  53.785 0.0000000000
73439  -34.559  -0.183  53.590 0.0000000000
71470  -34.799  -1.207  54.168 0.0000000000
137197  -9.002  -5.632  58.739 0.0000000000
143245  -38.512  -10.607  52.779 0.0000000000
60348  -38.849  -11.560  52.616 0.0000000000
59403  -41.115  -12.899  50.886 0.0000000000
60363  -40.700  -12.524  50.460 0.0000000000
64649  -39.502  -7.182  47.104 0.0000000000
64638  -40.298  -7.348  48.050 0.0000000000
65851  -42.244  -6.318  48.833 0.0000000000
65880  -43.183  -6.527  47.743 0.0000000000
157514  -47.349  5.403  39.650 0.0000000000
79362  -45.847  5.311  39.955 0.0000000000
79342  -47.114  4.923  40.729 0.0000000000
76977  -46.131  3.110  44.041 0.0000000000
72479  -27.935  -1.730  50.073 0.0000000000
64648  -38.925  -7.115  46.367 0.0000000000
68482  -37.672  -4.299  44.814 0.0000000000
68483  -38.184  -4.159  45.530 0.0000000000
68470  -38.757  -4.148  46.123 0.0000000000
69629  -37.861  -3.547  44.901 0.0000000000
77107  -48.499  3.890  36.055 0.0000000000
77106  -47.721  3.840  36.649 0.0000000000
138585  -46.894  3.690  37.008 0.0000000000
78312  -47.878  4.330  37.325 0.0000000000
78298  -47.460  4.606  37.975 0.0000000000
78299  -48.363  4.760  37.717 0.0000000000
79416  -50.952  5.696  37.992 0.0000000000
134123  -49.783  5.707  39.324 0.0000000000
79387  -50.356  5.696  39.648 0.0000000000
79367  -50.703  5.426  39.896 0.0000000000
155557  -51.122  5.174  39.532 0.0000000000
77078  -50.891  3.881  39.013 0.0000000000
78283  -51.580  5.184  38.870 0.0000000000
78316  -53.071  5.032  37.200 0.0000000000
80563  -53.302  6.573  34.202 0.0000000000
78342  -54.649  5.001  33.710 0.0000000000
79458  -54.572  5.686  34.299 0.0000000000
61288  -34.474  -10.248  51.298 0.0000000000
61303  -34.532  -11.028  50.887 0.0000000000
141106  -35.418  -8.994  52.935 0.0000000000
61275  -35.325  -10.196  52.209 0.0000000000
61276  -35.708  -10.314  52.724 0.0000000000
60317  -36.035  -11.011  52.783 0.0000000000
62338  -36.132  -9.462  53.438 0.0000000000
70541  -36.076  -3.516  52.277 0.0000000000
143391  -36.477  -5.068  53.000 0.0000000000
68364  -36.631  -4.648  52.459 0.0000000000
65821  -37.282  -6.271  51.802 0.0000000000
65793  -37.212  -6.495  52.564 0.0000000000
63472  -37.452  -7.817  53.008 0.0000000000
62354  -37.095  -9.105  53.570 0.0000000000
155821  -37.670  -8.369  52.913 0.0000000000
62371  -37.756  -8.658  52.641 0.0000000000
63493  -37.541  -8.056  52.154 0.0000000000
154315  -36.526  -7.113  50.796 0.0000000000
64454  -10.238  -7.241  62.376 0.0000000000
64473  -10.659  -7.725  61.902 0.0000000000
64456  -12.211  -7.557  62.918 0.0000000000
69424  -12.032  -4.403  61.847 0.0000000000
66965  -12.790  -5.523  62.749 0.0000000000
60180  -15.091  -10.940  61.950 0.0000000000
60198  -15.589  -11.512  61.501 0.0000000000
59269  -16.048  -12.277  60.174 0.0000000000
60212  -16.143  -12.059  61.033 0.0000000000
65738  -13.242  -6.780  58.877 0.0000000000
143980  -13.854  -6.579  59.585 0.0000000000
65688  -16.487  -7.386  61.752 0.0000000000
64458  -16.191  -8.079  62.149 0.0000000000
137750  -16.719  -10.741  62.062 0.0000000000
59242  -17.204  -11.756  61.767 0.0000000000
59259  -16.930  -12.162  61.223 0.0000000000
59271  -17.486  -12.641  60.693 0.0000000000
58239  -17.964  -13.082  60.174 0.0000000000
142106  -19.046  -11.008  62.109 0.0000000000
59244  -19.004  -12.382  61.598 0.0000000000
58209  -19.305  -12.918  61.208 0.0000000000
58229  -19.653  -13.328  60.805 0.0000000000
59245  -19.705  -12.719  61.421 0.0000000000
62239  -20.950  -10.086  61.402 0.0000000000
60185  -21.241  -11.077  62.054 0.0000000000
60169  -20.949  -11.900  61.954 0.0000000000
60186  -22.070  -10.997  61.997 0.0000000000
63355  -22.469  -8.898  61.529 0.0000000000
135781  -22.409  -10.225  61.849 0.0000000000
62242  -22.983  -9.527  61.615 0.0000000000
61148  -23.861  -10.937  61.353 0.0000000000
63357  -23.708  -9.121  61.181 0.0000000000
64493  -22.324  -8.358  60.128 0.0000000000
65713  -22.570  -8.084  60.481 0.0000000000
65701  -22.475  -8.129  60.783 0.0000000000
64481  -24.130  -7.944  60.482 0.0000000000
137974  -23.390  -7.994  60.703 0.0000000000
63366  -24.376  -8.735  60.656 0.0000000000
65716  -25.051  -7.072  59.513 0.0000000000
64495  -25.461  -7.753  59.438 0.0000000000
64509  -26.239  -7.641  58.925 0.0000000000
68278  -25.087  -5.806  58.450 0.0000000000
68328  -26.689  -4.490  55.694 0.0000000000
71465  -27.859  -1.219  54.632 0.0000000000
148327  -27.747  -2.054  54.612 0.0000000000
71455  -27.760  -1.566  55.474 0.0000000000
72409  -28.762  -1.020  56.761 0.0000000000
71449  -27.807  -1.629  56.326 0.0000000000
148919  -27.853  -1.788  56.640 0.0000000000
70495  -27.572  -2.465  56.777 0.0000000000
70485  -28.222  -2.347  56.963 0.0000000000
147061  -28.283  -3.016  57.033 0.0000000000
70486  -28.814  -2.778  56.789 0.0000000000
69484  -29.628  -3.575  55.329 0.0000000000
69483  -29.274  -3.616  55.865 0.0000000000
69516  -30.465  -2.981  53.171 0.0000000000
68379  -31.302  -4.206  52.343 0.0000000000
72447  -32.569  -0.531  54.348 0.0000000000
71468  -32.020  -0.961  53.926 0.0000000000
71479  -32.456  -1.661  53.517 0.0000000000
67089  -33.157  -4.990  52.505 0.0000000000
68380  -32.460  -4.163  52.486 0.0000000000
63491  -34.138  -8.203  52.003 0.0000000000
63490  -33.423  -8.036  51.446 0.0000000000
148572  -34.000  -8.867  51.592 0.0000000000
68225  -10.033  -4.973  63.409 0.0000000000
66952  -9.387  -5.543  63.361 0.0000000000
154416  -10.217  -6.231  62.893 0.0000000000
57331  -39.431  -13.908  52.101 0.0000000000
57330  -38.567  -14.360  52.205 0.0000000000
56202  -39.013  -14.937  51.727 0.0000000000
60392  -37.428  -11.237  48.765 0.0000000000
60394  -39.298  -11.294  48.985 0.0000000000
60380  -41.160  -12.132  49.740 0.0000000000
61319  -41.883  -11.538  49.325 0.0000000000
63534  -41.347  -7.998  49.017 0.0000000000
60382  -43.315  -10.658  49.113 0.0000000000
60397  -43.162  -11.040  48.920 0.0000000000
60396  -42.447  -11.467  48.759 0.0000000000
71561  -38.984  -2.136  44.929 0.0000000000
71568  -39.495  -1.576  44.234 0.0000000000
78228  -44.727  4.210  40.964 0.0000000000
77043  -44.262  4.097  40.519 0.0000000000
139320  -43.867  3.350  41.111 0.0000000000
74769  -42.584  1.329  43.440 0.0000000000
75885  -42.845  1.827  42.606 0.0000000000
143701  -42.397  1.204  42.077 0.0000000000
74793  -41.781  0.696  41.650 0.0000000000
73647  -41.510  0.335  42.386 0.0000000000
73632  -41.012  -0.028  42.726 0.0000000000
73614  -41.672  0.367  43.875 0.0000000000
151842  -41.617  0.684  46.893 0.0000000000
73574  -41.112  -0.102  45.544 0.0000000000
148758  -40.669  -0.521  46.306 0.0000000000
72520  -40.014  -1.067  46.896 0.0000000000
72514  -40.525  -0.497  47.479 0.0000000000
71535  -40.990  -1.261  48.523 0.0000000000
136274  -41.458  -0.317  48.404 0.0000000000
73473  -33.800  0.587  52.899 0.0000000000
72462  -34.164  -0.234  52.574 0.0000000000
72461  -33.278  0.029  52.304 0.0000000000
72472  -32.758  -0.639  51.642 0.0000000000
71506  -32.737  -1.474  51.099 0.0000000000
65764  -25.922  -6.407  56.613 0.0000000000
72469  -28.467  -0.899  51.453 0.0000000000
72460  -28.369  -0.647  52.271 0.0000000000
73486  -29.356  -0.037  52.127 0.0000000000
74679  -29.728  0.457  52.560 0.0000000000
144440  -30.783  1.212  53.103 0.0000000000
136885  -32.068  1.356  53.649 0.0000000000
74672  -31.710  1.124  53.082 0.0000000000
73472  -32.737  0.770  52.802 0.0000000000
61289  -37.124  -10.349  51.184 0.0000000000
60347  -37.864  -11.177  51.715 0.0000000000
60378  -38.587  -12.030  50.058 0.0000000000
67186  -39.678  -5.604  47.150 0.0000000000
67163  -40.463  -5.752  48.079 0.0000000000
159566  -40.611  -5.159  48.319 0.0000000000
67164  -40.968  -5.314  48.828 0.0000000000
67146  -41.517  -5.400  48.800 0.0000000000
67147  -42.327  -5.683  48.404 0.0000000000
68433  -41.589  -4.659  48.904 0.0000000000
68421  -41.942  -4.295  48.791 0.0000000000
70593  -42.350  -3.146  48.365 0.0000000000
79344  -49.141  4.905  40.308 0.0000000000
78231  -47.723  4.371  41.234 0.0000000000
78214  -48.874  3.578  41.445 0.0000000000
77016  -48.700  3.075  42.455 0.0000000000
77119  -49.084  3.920  35.460 0.0000000000
78323  -49.126  4.361  36.217 0.0000000000
154844  -49.119  4.972  37.447 0.0000000000
78314  -49.641  4.931  36.797 0.0000000000
79427  -50.494  5.496  37.154 0.0000000000
79417  -51.828  5.886  37.768 0.0000000000
78284  -52.143  5.548  38.240 0.0000000000
137997  -52.211  6.129  37.203 0.0000000000
79429  -52.861  6.170  37.009 0.0000000000
79430  -53.424  5.934  36.546 0.0000000000
80583  -53.662  7.130  32.772 0.0000000000
80575  -53.794  6.816  33.681 0.0000000000
134640  -54.368  6.729  33.122 0.0000000000
79464  -54.858  5.957  33.332 0.0000000000
77149  -54.570  4.064  32.396 0.0000000000
136889  -34.598  -7.929  52.574 0.0000000000
138005  -34.671  -8.789  52.180 0.0000000000
63470  -35.079  -8.432  52.769 0.0000000000
143717  -35.461  -8.236  53.154 0.0000000000
70555  -36.181  -3.423  51.530 0.0000000000
69535  -37.163  -4.618  51.854 0.0000000000
69553  -36.587  -3.798  51.350 0.0000000000
142878  -37.270  -5.246  51.825 0.0000000000
65820  -37.388  -6.410  51.789 0.0000000000
64598  -37.405  -7.308  51.807 0.0000000000
65831  -37.136  -6.638  51.428 0.0000000000
65830  -36.484  -6.345  50.730 0.0000000000
65840  -36.036  -6.942  50.130 0.0000000000
65676  -11.173  -6.366  63.044 0.0000000000
64455  -11.268  -7.276  62.607 0.0000000000
64434  -11.962  -6.798  63.169 0.0000000000
64445  -12.386  -7.220  63.087 0.0000000000
62234  -15.420  -9.329  62.095 0.0000000000
136598  -16.897  -8.354  62.010 0.0000000000
136660  -17.074  -7.893  61.764 0.0000000000
62236  -17.769  -9.765  61.993 0.0000000000
61142  -17.588  -10.630  62.058 0.0000000000
59243  -18.127  -11.907  61.780 0.0000000000
61143  -18.405  -10.402  62.058 0.0000000000
135614  -19.169  -10.304  62.001 0.0000000000
62240  -21.692  -9.592  61.425 0.0000000000
156830  -22.043  -9.093  61.478 0.0000000000
149222  -22.144  -8.688  61.234 0.0000000000
64464  -22.591  -8.384  61.274 0.0000000000
64523  -23.572  -7.524  58.664 0.0000000000
64522  -22.832  -8.128  59.058 0.0000000000
65702  -23.132  -7.937  60.385 0.0000000000
64494  -24.602  -7.403  60.002 0.0000000000
68286  -25.814  -5.356  58.251 0.0000000000
68279  -25.756  -5.721  58.230 0.0000000000
68288  -27.074  -5.440  58.056 0.0000000000
68289  -28.145  -4.791  57.604 0.0000000000
68290  -28.475  -4.397  57.211 0.0000000000
67053  -26.640  -5.530  54.325 0.0000000000
69497  -27.139  -3.261  55.369 0.0000000000
73426  -28.496  0.111  55.331 0.0000000000
72424  -28.246  -0.734  55.913 0.0000000000
73419  -28.747  0.106  56.032 0.0000000000
72410  -29.006  -0.524  56.766 0.0000000000
71432  -29.163  -1.211  56.835 0.0000000000
71442  -29.195  -1.930  56.932 0.0000000000
70497  -30.036  -1.763  56.207 0.0000000000
70506  -29.865  -2.599  55.810 0.0000000000
70515  -29.833  -2.835  54.813 0.0000000000
70525  -30.205  -2.272  54.170 0.0000000000
159760  -30.326  -2.629  53.638 0.0000000000
70536  -30.828  -2.271  53.446 0.0000000000
70526  -33.599  -2.056  53.943 0.0000000000
151867  -33.615  -2.785  53.506 0.0000000000
69519  -34.064  -3.442  53.421 0.0000000000
68381  -33.610  -4.188  52.884 0.0000000000
67090  -33.775  -5.791  52.571 0.0000000000
65804  -33.383  -6.508  52.216 0.0000000000
66998  -7.849  -5.566  59.804 0.0000000000
66987  -7.582  -5.192  60.492 0.0000000000
68253  -7.910  -4.279  61.809 0.0000000000
69407  -9.691  -4.473  63.190 0.0000000000
57341  -40.704  -13.714  51.083 0.0000000000
56223  -40.033  -14.668  50.985 0.0000000000
57349  -40.758  -14.044  50.724 0.0000000000
61363  -38.258  -10.279  47.487 0.0000000000
136051  -38.799  -10.752  48.294 0.0000000000
63523  -43.252  -8.673  49.306 0.0000000000
62418  -43.411  -9.458  49.245 0.0000000000
76994  -44.825  3.272  43.547 0.0000000000
77029  -43.922  3.246  42.194 0.0000000000
75873  -43.720  2.452  43.756 0.0000000000
75872  -43.089  1.952  43.512 0.0000000000
74758  -42.833  1.507  44.187 0.0000000000
73594  -41.762  0.435  44.576 0.0000000000
74745  -42.065  0.782  45.212 0.0000000000
74734  -42.025  1.021  46.257 0.0000000000
74708  -41.958  1.224  47.986 0.0000000000
72507  -42.051  0.329  48.389 0.0000000000
78334  -51.178  4.827  34.366 0.0000000000
79449  -51.949  5.509  34.385 0.0000000000
79462  -52.017  5.486  33.207 0.0000000000
79463  -52.500  6.284  32.692 0.0000000000
79473  -52.241  6.344  31.670 0.0000000000
80582  -52.922  7.028  32.106 0.0000000000
81576  -53.183  7.318  31.070 0.0000000000
68362  -34.880  -4.110  53.088 0.0000000000
69521  -35.124  -3.264  53.128 0.0000000000
70540  -35.736  -3.056  52.705 0.0000000000
71487  -35.452  -2.475  52.305 0.0000000000
72474  -34.507  -1.159  52.197 0.0000000000
72475  -34.844  -1.592  52.228 0.0000000000
139106  -35.196  -2.441  51.702 0.0000000000
71509  -34.852  -2.681  51.125 0.0000000000
70564  -34.752  -2.987  50.584 0.0000000000
70579  -34.955  -3.355  50.089 0.0000000000
69436  -10.023  -4.283  61.023 0.0000000000
69430  -10.199  -4.193  61.694 0.0000000000
68264  -9.846  -4.485  60.422 0.0000000000
68265  -10.411  -4.563  60.535 0.0000000000
68267  -12.349  -4.857  60.934 0.0000000000
68268  -13.178  -5.002  61.211 0.0000000000
66982  -13.809  -5.359  61.481 0.0000000000
67003  -24.062  -6.351  58.716 0.0000000000
150527  -25.196  -5.656  57.786 0.0000000000
69452  -26.445  -4.888  57.453 0.0000000000
69470  -26.841  -3.894  57.030 0.0000000000
69515  -27.597  -3.599  53.070 0.0000000000
140335  -27.717  -3.139  53.652 0.0000000000
71476  -27.959  -1.441  53.753 0.0000000000
72446  -28.007  -0.512  54.118 0.0000000000
73468  -28.623  -0.007  52.753 0.0000000000
73450  -28.425  0.197  53.582 0.0000000000
73436  -28.346  0.211  54.472 0.0000000000
153343  -29.321  1.001  55.611 0.0000000000
74621  -30.202  1.166  55.455 0.0000000000
73421  -31.086  0.393  55.614 0.0000000000
72427  -31.408  -0.028  55.380 0.0000000000
72428  -31.826  0.526  55.160 0.0000000000
72438  -32.227  0.053  54.833 0.0000000000
72448  -33.001  -0.154  54.382 0.0000000000
74639  -33.142  1.187  54.050 0.0000000000
143647  -33.488  0.135  54.228 0.0000000000
70516  -33.921  -1.501  54.348 0.0000000000
70527  -34.285  -2.063  54.208 0.0000000000
69509  -34.496  -2.613  53.768 0.0000000000
65722  -8.208  -5.944  59.133 0.0000000000
161023  -9.044  -4.867  59.745 0.0000000000
145242  -37.529  -12.018  53.204 0.0000000000
58353  -37.895  -13.255  53.092 0.0000000000
60320  -38.422  -11.674  53.084 0.0000000000
59348  -38.919  -12.474  53.031 0.0000000000
59366  -39.256  -12.729  52.129 0.0000000000
59384  -39.191  -12.452  51.913 0.0000000000
59367  -40.387  -12.897  51.396 0.0000000000
59385  -41.112  -12.963  50.866 0.0000000000
59404  -41.381  -12.946  50.663 0.0000000000
63545  -40.132  -8.335  48.008 0.0000000000
65863  -40.618  -6.566  48.280 0.0000000000
147634  -41.964  -7.067  49.076 0.0000000000
63535  -42.774  -7.842  49.250 0.0000000000
63536  -43.481  -8.123  48.899 0.0000000000
79400  -45.459  5.323  38.838 0.0000000000
79381  -44.785  5.174  39.050 0.0000000000
79361  -45.013  5.184  39.723 0.0000000000
78248  -45.373  4.931  40.515 0.0000000000
78229  -45.161  4.401  41.109 0.0000000000
155303  -46.816  4.434  41.407 0.0000000000
78210  -45.689  3.861  42.154 0.0000000000
77015  -45.226  3.524  42.817 0.0000000000
76995  -45.387  3.330  43.789 0.0000000000
76959  -44.908  2.845  44.984 0.0000000000
73522  -29.460  -0.921  50.694 0.0000000000
72481  -29.805  -0.685  50.703 0.0000000000
72491  -29.163  -1.500  49.982 0.0000000000
68377  -27.541  -4.148  52.408 0.0000000000
69531  -27.811  -3.391  52.234 0.0000000000
158988  -27.902  -1.947  51.727 0.0000000000
70553  -27.696  -2.114  50.943 0.0000000000
73504  -29.401  -0.517  51.355 0.0000000000
62437  -36.137  -10.382  48.676 0.0000000000
61340  -37.085  -10.835  48.185 0.0000000000
140267  -38.700  -8.880  46.547 0.0000000000
63554  -39.010  -7.907  46.689 0.0000000000
65878  -39.264  -6.377  46.705 0.0000000000
67204  -38.389  -5.238  45.686 0.0000000000
67185  -38.979  -5.501  46.349 0.0000000000
68471  -39.302  -4.628  46.702 0.0000000000
69610  -39.086  -3.659  46.482 0.0000000000
70607  -39.395  -2.924  46.929 0.0000000000
77092  -46.336  4.044  37.689 0.0000000000
78296  -45.663  4.657  38.256 0.0000000000
78280  -45.907  5.154  38.567 0.0000000000
79402  -47.366  5.428  39.050 0.0000000000
79384  -48.291  5.410  39.618 0.0000000000
79403  -49.145  5.313  38.328 0.0000000000
133620  -48.665  5.434  39.126 0.0000000000
79365  -49.043  5.302  39.959 0.0000000000
79366  -49.797  5.430  40.166 0.0000000000
77044  -50.201  4.077  40.129 0.0000000000
75916  -50.036  3.265  40.233 0.0000000000
78301  -52.208  4.861  38.329 0.0000000000
79450  -52.758  6.301  34.818 0.0000000000
157214  -53.413  6.335  35.728 0.0000000000
78318  -53.913  5.652  35.961 0.0000000000
79451  -54.487  5.582  35.027 0.0000000000
161284  -34.930  -10.040  51.775 0.0000000000
60346  -35.396  -11.550  51.741 0.0000000000
60332  -35.883  -11.637  52.349 0.0000000000
59344  -36.421  -11.750  52.878 0.0000000000
60318  -36.515  -11.125  53.250 0.0000000000
68363  -35.589  -4.884  53.048 0.0000000000
65790  -35.591  -6.605  53.600 0.0000000000
65779  -35.902  -7.352  53.501 0.0000000000
67074  -37.107  -5.877  52.706 0.0000000000
64575  -36.536  -7.301  53.167 0.0000000000
63458  -36.247  -8.797  53.510 0.0000000000
61247  -36.569  -9.832  53.726 0.0000000000
61261  -36.667  -10.404  53.623 0.0000000000
60319  -37.252  -11.222  53.289 0.0000000000
140966  -38.077  -10.863  53.149 0.0000000000
155950  -38.140  -9.683  52.817 0.0000000000
63492  -37.290  -8.308  51.707 0.0000000000
62384  -37.194  -9.330  51.544 0.0000000000
62399  -36.262  -9.792  49.927 0.0000000000
72482  -30.540  -0.783  50.707 0.0000000000
70561  -31.874  -2.213  50.302 0.0000000000
70577  -33.950  -3.093  49.788 0.0000000000
143556  -34.790  -3.653  49.236 0.0000000000
68418  -35.156  -3.895  48.983 0.0000000000
67145  -35.522  -5.190  48.937 0.0000000000
62416  -35.921  -9.821  49.213 0.0000000000
63375  -10.749  -8.597  60.438 0.0000000000
68245  -11.828  -4.667  62.844 0.0000000000
65667  -12.377  -6.283  63.130 0.0000000000
65724  -13.140  -6.113  59.616 0.0000000000
65709  -13.835  -5.878  60.288 0.0000000000
66991  -14.477  -5.830  61.021 0.0000000000
66992  -15.191  -6.255  61.400 0.0000000000
61141  -15.898  -10.190  62.164 0.0000000000
62235  -16.310  -9.465  62.071 0.0000000000
161456  -16.047  -10.775  62.129 0.0000000000
60199  -16.376  -11.668  61.695 0.0000000000
59261  -18.575  -12.604  61.304 0.0000000000
63352  -19.335  -9.848  61.155 0.0000000000
62238  -19.810  -10.226  61.622 0.0000000000
61144  -19.809  -10.723  61.996 0.0000000000
60168  -20.213  -12.046  61.833 0.0000000000
143332  -22.733  -11.430  61.757 0.0000000000
63380  -21.099  -9.232  60.142 0.0000000000
64492  -21.819  -8.606  60.543 0.0000000000
63396  -22.169  -8.827  59.454 0.0000000000
156165  -23.040  -8.189  61.133 0.0000000000
66994  -24.896  -6.008  58.993 0.0000000000
156327  -25.966  -6.431  58.775 0.0000000000
67005  -26.053  -6.072  58.658 0.0000000000
65729  -26.468  -6.814  58.768 0.0000000000
65765  -26.369  -6.075  56.144 0.0000000000
67032  -26.512  -5.283  55.927 0.0000000000
69506  -27.521  -3.040  54.535 0.0000000000
70505  -27.399  -2.301  55.914 0.0000000000
70513  -26.998  -3.052  55.995 0.0000000000
148595  -26.986  -2.962  56.375 0.0000000000
70494  -27.118  -3.015  56.776 0.0000000000
70483  -27.273  -3.338  56.995 0.0000000000
69456  -28.433  -3.591  56.986 0.0000000000
147395  -29.150  -2.907  56.231 0.0000000000
71467  -31.055  -1.086  54.288 0.0000000000
71478  -31.440  -1.599  53.625 0.0000000000
69517  -31.281  -2.834  52.861 0.0000000000
70538  -32.773  -2.419  53.190 0.0000000000
69533  -31.794  -3.432  52.554 0.0000000000
141990  -32.792  -8.262  50.562 0.0000000000
64472  -9.800  -7.742  61.845 0.0000000000
57310  -37.615  -13.823  52.668 0.0000000000
159751  -37.191  -11.323  49.175 0.0000000000
60377  -37.756  -11.605  49.415 0.0000000000
60379  -39.797  -11.952  49.720 0.0000000000
61320  -42.607  -10.507  49.308 0.0000000000
59438  -41.432  -12.480  49.425 0.0000000000
70633  -37.843  -3.093  44.097 0.0000000000
70617  -38.604  -2.696  45.297 0.0000000000
140278  -39.302  -2.201  46.652 0.0000000000
78247  -43.956  4.492  39.544 0.0000000000
77042  -43.611  3.665  40.030 0.0000000000
75923  -42.942  3.005  39.537 0.0000000000
75901  -43.295  2.725  41.885 0.0000000000
75900  -42.720  2.020  41.546 0.0000000000
75913  -42.539  2.131  40.504 0.0000000000
72548  -40.493  -0.545  43.132 0.0000000000
72547  -39.882  -0.977  43.466 0.0000000000
73593  -41.161  -0.040  44.557 0.0000000000
72535  -40.409  -0.710  44.135 0.0000000000
72534  -40.000  -1.109  44.917 0.0000000000
72525  -40.030  -1.096  45.817 0.0000000000
152800  -39.744  -1.648  47.233 0.0000000000
71545  -39.691  -2.234  47.484 0.0000000000
70592  -40.840  -2.304  48.549 0.0000000000
154512  -41.557  -2.005  48.522 0.0000000000
70594  -42.793  -2.548  48.062 0.0000000000
142287  -42.266  -0.602  48.363 0.0000000000
70609  -43.097  -1.956  47.696 0.0000000000
69602  -43.055  -2.877  47.497 0.0000000000
56201  -38.272  -15.090  51.676 0.0000000000
57311  -38.241  -13.891  52.955 0.0000000000
57312  -38.862  -13.787  52.924 0.0000000000
57329  -37.177  -13.861  52.193 0.0000000000
57340  -39.855  -14.391  51.479 0.0000000000
58198  -20.374  -12.938  61.334 0.0000000000
58199  -21.092  -13.020  61.324 0.0000000000
58212  -21.403  -13.281  61.030 0.0000000000
58230  -20.307  -13.466  60.701 0.0000000000
58365  -39.121  -13.208  52.531 0.0000000000
58366  -40.044  -13.207  51.952 0.0000000000
58381  -40.709  -13.191  51.187 0.0000000000
58382  -41.178  -13.107  50.759 0.0000000000
59227  -19.573  -12.200  61.718 0.0000000000
59228  -20.093  -12.530  61.570 0.0000000000
59347  -38.203  -12.503  53.092 0.0000000000
60182  -18.875  -11.758  61.946 0.0000000000
61130  -15.065  -10.037  62.278 0.0000000000
61140  -15.296  -10.508  62.252 0.0000000000
61246  -36.133  -9.982  53.336 0.0000000000
61262  -37.079  -9.732  53.679 0.0000000000
61263  -37.833  -10.075  53.113 0.0000000000
61344  -43.511  -10.422  48.999 0.0000000000
62339  -36.707  -9.304  53.836 0.0000000000
62353  -35.781  -9.698  53.089 0.0000000000
62355  -37.646  -9.163  53.068 0.0000000000
62369  -35.060  -9.524  52.155 0.0000000000
62370  -35.416  -9.638  52.636 0.0000000000
63362  -9.037  -8.204  61.688 0.0000000000
63459  -36.843  -8.638  53.757 0.0000000000
63471  -37.258  -8.516  53.219 0.0000000000
63482  -37.507  -7.891  52.523 0.0000000000
64435  -12.373  -6.798  63.142 0.0000000000
64565  -35.854  -8.144  53.343 0.0000000000
64566  -36.327  -8.078  53.476 0.0000000000
64576  -37.255  -7.169  53.020 0.0000000000
64577  -37.342  -7.153  52.478 0.0000000000
65665  -10.092  -5.928  63.012 0.0000000000
65666  -11.831  -6.221  63.200 0.0000000000
65678  -14.370  -6.919  62.676 0.0000000000
65697  -15.721  -6.599  61.547 0.0000000000
65789  -35.051  -6.706  53.399 0.0000000000
65792  -36.883  -6.541  52.981 0.0000000000
65806  -37.317  -6.562  52.185 0.0000000000
66953  -10.496  -5.466  63.250 0.0000000000
66955  -12.173  -5.627  63.150 0.0000000000
66975  -14.131  -5.871  62.055 0.0000000000
67072  -35.948  -5.804  53.353 0.0000000000
67073  -36.729  -5.777  53.071 0.0000000000
67091  -37.275  -6.020  52.242 0.0000000000
67106  -37.361  -5.830  51.717 0.0000000000
67107  -37.297  -5.647  51.910 0.0000000000
67121  -36.851  -5.924  51.166 0.0000000000
68224  -9.182  -4.840  63.481 0.0000000000
68244  -8.401  -3.929  62.286 0.0000000000
68246  -12.423  -4.662  62.255 0.0000000000
68254  -8.838  -4.139  61.473 0.0000000000
68255  -9.524  -4.296  60.976 0.0000000000
68256  -11.969  -4.522  61.386 0.0000000000
68365  -36.947  -5.178  52.574 0.0000000000
68382  -37.078  -5.073  52.227 0.0000000000
68397  -37.007  -4.556  51.693 0.0000000000
68398  -37.174  -5.000  51.972 0.0000000000
68420  -41.412  -4.150  48.960 0.0000000000
68434  -42.018  -4.863  48.674 0.0000000000
69416  -11.036  -4.414  62.686 0.0000000000
69421  -9.687  -4.003  62.369 0.0000000000
69423  -11.497  -4.356  62.220 0.0000000000
69431  -11.415  -4.382  61.541 0.0000000000
69520  -34.485  -3.368  53.436 0.0000000000
69522  -35.984  -3.649  52.509 0.0000000000
69523  -36.446  -4.172  52.318 0.0000000000
69524  -36.797  -4.629  52.300 0.0000000000
69534  -36.599  -4.075  52.134 0.0000000000
69543  -36.693  -3.951  51.798 0.0000000000
69552  -36.214  -3.756  50.739 0.0000000000
69565  -41.852  -3.664  48.686 0.0000000000
69581  -42.294  -3.871  48.435 0.0000000000
69582  -42.646  -3.383  48.042 0.0000000000
69621  -38.296  -3.273  45.431 0.0000000000
69630  -38.130  -3.042  44.910 0.0000000000
70484  -27.931  -2.589  57.165 0.0000000000
70517  -34.428  -1.479  54.329 0.0000000000
70528  -34.676  -1.900  54.090 0.0000000000
70537  -31.815  -2.207  53.126 0.0000000000
70554  -35.672  -3.123  51.365 0.0000000000
70565  -35.130  -3.117  50.917 0.0000000000
70578  -34.593  -3.280  49.826 0.0000000000
70618  -38.827  -2.874  46.070 0.0000000000
71429  -27.965  -1.993  56.787 0.0000000000
71430  -28.410  -1.658  56.811 0.0000000000
71457  -33.442  -0.854  54.311 0.0000000000
71458  -34.116  -1.034  54.406 0.0000000000
71459  -34.515  -0.996  54.329 0.0000000000
71480  -35.061  -1.593  53.407 0.0000000000
71481  -35.553  -2.198  52.836 0.0000000000
71482  -35.669  -2.865  52.367 0.0000000000
71488  -35.845  -3.108  52.190 0.0000000000
71497  -35.378  -2.471  52.166 0.0000000000
71498  -35.767  -3.123  51.646 0.0000000000
71502  -27.594  -2.018  50.076 0.0000000000
71510  -35.182  -2.920  51.195 0.0000000000
71534  -40.378  -1.465  48.280 0.0000000000
71537  -42.751  -1.476  48.160 0.0000000000
71553  -39.584  -1.658  46.304 0.0000000000
71562  -39.550  -1.672  45.314 0.0000000000
72408  -28.302  -1.316  56.615 0.0000000000
72411  -29.370  -0.630  56.594 0.0000000000
72415  -28.147  -1.142  56.299 0.0000000000
72416  -28.620  -0.650  56.575 0.0000000000
72417  -28.895  -0.389  56.668 0.0000000000
72418  -30.006  -0.530  56.324 0.0000000000
72439  -33.686  -0.519  54.282 0.0000000000
72441  -34.652  -0.612  54.079 0.0000000000
72456  -35.293  -1.892  52.581 0.0000000000
72465  -35.051  -1.987  52.147 0.0000000000
72480  -28.589  -1.325  50.692 0.0000000000
72490  -28.324  -1.650  50.085 0.0000000000
72505  -40.688  -0.528  48.224 0.0000000000
72506  -41.270  0.268  48.209 0.0000000000
73405  -29.074  -0.243  56.624 0.0000000000
73411  -28.904  -0.004  56.454 0.0000000000
73412  -29.087  0.010  56.499 0.0000000000
73427  -28.787  0.680  54.863 0.0000000000
73428  -32.673  0.582  54.651 0.0000000000
73429  -33.951  0.244  54.043 0.0000000000
73430  -34.381  -0.142  53.977 0.0000000000
73438  -34.198  0.216  53.745 0.0000000000
73451  -28.951  0.614  53.091 0.0000000000
73453  -33.331  1.007  53.305 0.0000000000
73454  -34.176  0.364  53.271 0.0000000000
73455  -34.784  -0.431  52.973 0.0000000000
73469  -28.934  0.104  52.509 0.0000000000
73471  -30.924  0.845  52.504 0.0000000000
73485  -28.824  -0.285  52.036 0.0000000000
73488  -30.046  0.212  51.880 0.0000000000
73539  -41.791  0.848  48.269 0.0000000000
73556  -41.074  0.137  47.021 0.0000000000
73557  -41.490  0.708  47.812 0.0000000000
73575  -41.568  0.336  46.029 0.0000000000
73633  -41.588  0.321  43.080 0.0000000000
74593  -29.192  0.451  56.171 0.0000000000
74604  -29.092  0.677  56.029 0.0000000000
74606  -29.814  0.792  55.983 0.0000000000
74607  -30.642  0.927  55.703 0.0000000000
74608  -31.413  0.979  55.393 0.0000000000
74620  -29.780  1.215  55.173 0.0000000000
74625  -33.295  0.768  54.201 0.0000000000
74636  -29.556  1.099  53.981 0.0000000000
74637  -29.846  1.252  54.386 0.0000000000
74638  -32.391  1.342  54.272 0.0000000000
74654  -29.943  1.128  53.614 0.0000000000
74655  -30.381  1.244  53.489 0.0000000000
74656  -31.219  1.389  53.586 0.0000000000
74657  -32.784  1.322  53.797 0.0000000000
74658  -33.520  0.915  53.510 0.0000000000
74670  -29.917  0.857  53.064 0.0000000000
74671  -30.264  0.954  52.956 0.0000000000
74680  -30.207  0.642  52.573 0.0000000000
74709  -42.349  1.240  47.886 0.0000000000
74710  -42.741  1.243  47.789 0.0000000000
74722  -41.943  1.146  47.202 0.0000000000
74746  -42.622  1.336  45.617 0.0000000000
74757  -42.228  0.908  44.192 0.0000000000
74780  -41.976  0.721  42.564 0.0000000000
74798  -49.122  2.497  41.950 0.0000000000
75752  -30.120  1.351  54.676 0.0000000000
75754  -30.708  1.439  55.005 0.0000000000
75755  -31.347  1.440  54.864 0.0000000000
75763  -30.501  1.441  54.596 0.0000000000
75765  -31.733  1.428  54.505 0.0000000000
75846  -43.090  1.922  45.966 0.0000000000
75888  -48.577  2.700  42.542 0.0000000000
75889  -49.148  2.768  42.035 0.0000000000
75902  -49.491  2.729  41.465 0.0000000000
76942  -44.087  2.396  45.682 0.0000000000
76958  -44.494  2.743  45.181 0.0000000000
76974  -44.350  2.872  44.839 0.0000000000
76975  -44.877  3.099  44.535 0.0000000000
76976  -45.389  3.100  44.310 0.0000000000
77013  -44.157  3.032  43.192 0.0000000000
77030  -44.457  3.723  41.455 0.0000000000
77062  -51.220  4.600  39.362 0.0000000000
77079  -51.615  4.402  38.673 0.0000000000
77093  -47.161  4.144  37.485 0.0000000000
78183  -45.953  3.350  43.737 0.0000000000
78196  -46.345  3.567  43.094 0.0000000000
78209  -44.979  3.846  41.757 0.0000000000
78213  -48.281  3.700  41.849 0.0000000000
78232  -48.580  4.281  40.945 0.0000000000
78234  -49.667  4.078  40.386 0.0000000000
78249  -46.192  5.034  40.655 0.0000000000
78250  -49.681  4.895  40.329 0.0000000000
78251  -50.261  5.063  40.223 0.0000000000
78264  -44.108  4.747  39.091 0.0000000000
78265  -50.839  4.776  39.946 0.0000000000
78278  -44.381  4.770  38.804 0.0000000000
78279  -45.108  5.053  38.656 0.0000000000
78281  -46.845  5.114  38.567 0.0000000000
78303  -53.015  5.615  37.174 0.0000000000
78328  -54.345  5.300  35.418 0.0000000000
79343  -48.254  4.902  40.485 0.0000000000
79363  -46.784  5.285  40.115 0.0000000000
79382  -45.550  5.416  39.208 0.0000000000
79383  -46.479  5.453  39.397 0.0000000000
79385  -49.233  5.555  39.675 0.0000000000
79388  -51.014  5.609  39.304 0.0000000000
79404  -50.666  5.719  38.979 0.0000000000
79418  -52.524  5.890  37.633 0.0000000000
79439  -51.053  5.531  36.075 0.0000000000
79441  -52.911  6.391  35.717 0.0000000000
79442  -53.727  6.096  35.961 0.0000000000
79443  -54.177  5.865  35.478 0.0000000000
80544  -53.371  6.445  35.079 0.0000000000
80564  -53.878  6.516  34.544 0.0000000000
80565  -54.276  6.107  34.843 0.0000000000
81563  -53.577  7.391  31.956 0.0000000000
133965  -16.910  -9.963  62.100 0.0000000000
134182  -36.848  -13.784  51.777 0.0000000000
135517  -50.167  5.631  38.556 0.0000000000
138800  -10.861  -4.281  61.772 0.0000000000
139302  -32.092  -1.677  50.746 0.0000000000
140109  -36.022  -4.283  53.001 0.0000000000
140286  -43.308  2.016  44.212 0.0000000000
142948  -49.706  2.754  40.875 0.0000000000
143239  -36.853  -11.912  53.298 0.0000000000
144862  -44.447  4.943  39.468 0.0000000000
147066  -36.070  -6.020  50.157 0.0000000000
147236  -34.923  -4.878  53.101 0.0000000000
147399  -42.348  -2.270  48.375 0.0000000000
147617  -35.759  -3.868  50.078 0.0000000000
148305  -31.979  1.305  54.690 0.0000000000
148425  -50.993  4.490  33.081 0.0000000000
148582  -35.449  -2.881  51.516 0.0000000000
149063  -27.902  -2.565  51.955 0.0000000000
149414  -42.247  -4.397  48.463 0.0000000000
149687  -11.060  -5.917  63.177 0.0000000000
150242  -28.950  0.764  55.579 0.0000000000
152652  -29.329  1.059  54.849 0.0000000000
152883  -42.380  1.151  42.813 0.0000000000
153833  -43.623  4.357  39.077 0.0000000000
153937  -12.232  -5.080  63.040 0.0000000000
154192  -37.747  -14.578  52.040 0.0000000000
154230  -28.673  -2.344  56.960 0.0000000000
154254  -38.492  -10.496  53.021 0.0000000000
154686  -40.185  -2.239  48.147 0.0000000000
155406  -42.630  1.201  44.824 0.0000000000
155600  -41.720  -2.814  48.557 0.0000000000
155724  -35.515  -3.244  50.950 0.0000000000
157203  -52.430  4.635  37.920 0.0000000000
157299  -8.657  -5.291  59.425 0.0000000000
157525  -31.581  1.275  55.067 0.0000000000
157709  -22.611  -10.809  61.844 0.0000000000
158025  -46.441  4.788  41.024 0.0000000000
158239  -38.892  -2.103  44.356 0.0000000000
158768  -31.228  -0.846  50.892 0.0000000000
160949  -50.210  5.615  40.056 0.0000000000
161122  -41.108  -0.055  46.211 0.0000000000
161215  -41.593  0.368  48.333 0.0000000000
161349  -39.947  -1.692  47.901 0.0000000000
