#!ascii label  , from subject sub-v1s20x0050278_ses-1 vox2ras=TkReg
1712
139423  -34.462  -40.891  -20.672 0.5000000000
30041  -34.595  -41.573  -20.590 0.5000000000
31030  -34.662  -40.348  -21.035 0.4000000060
31031  -35.131  -40.983  -20.873 0.5000000000
31038  -34.679  -39.845  -21.690 0.5000000000
32069  -34.550  -39.598  -22.615 0.5000000000
46317  -33.397  -24.755  -21.813 0.5000000000
48345  -34.364  -23.470  -20.342 0.4000000060
49349  -34.717  -23.071  -19.636 0.4000000060
49337  -34.588  -22.015  -19.610 0.4000000060
50371  -34.804  -21.713  -18.668 0.6000000238
50370  -34.587  -21.140  -19.337 0.5000000000
50346  -34.971  -21.278  -17.944 0.5000000000
51466  -34.577  -20.438  -19.059 0.5000000000
156885  -34.710  -21.032  -18.610 0.4000000060
52649  -34.608  -19.775  -18.561 0.5000000000
51458  -34.744  -20.533  -18.125 0.5000000000
51459  -35.380  -20.624  -17.572 0.4000000060
29031  -33.890  -42.682  -20.392 0.5000000000
29032  -34.684  -42.462  -20.564 0.4000000060
30042  -35.336  -41.817  -20.786 0.5000000000
142521  -35.918  -42.082  -21.167 0.5000000000
30057  -36.115  -41.023  -22.235 0.5000000000
31043  -35.609  -40.319  -22.786 0.5000000000
32081  -35.098  -39.821  -23.288 0.5000000000
32080  -34.372  -39.579  -23.927 0.5000000000
45215  -32.104  -26.084  -23.251 0.5000000000
148309  -32.727  -26.086  -22.692 0.5000000000
46316  -33.153  -25.617  -22.245 0.5000000000
47352  -33.989  -24.757  -21.130 0.5000000000
49338  -35.018  -22.699  -18.650 0.6000000238
52642  -38.097  -19.236  -17.737 0.3000000119
50347  -35.573  -21.510  -17.629 0.4000000060
52640  -36.504  -19.498  -17.140 0.4000000060
51460  -36.254  -20.367  -17.321 0.3000000119
52641  -37.320  -19.339  -17.263 0.4000000060
147345  -34.028  -42.043  -20.409 0.5000000000
32070  -35.140  -39.883  -22.325 0.5000000000
30049  -35.807  -41.331  -21.347 0.5000000000
32079  -33.438  -39.409  -24.718 0.5000000000
53754  -38.442  -18.442  -17.879 0.3000000119
11457  -45.775  -64.221  -14.291 0.3000000119
11471  -46.689  -63.906  -14.773 0.3000000119
12159  -46.676  -63.534  -15.529 0.4000000060
12174  -47.437  -62.660  -16.328 0.4000000060
12158  -45.548  -63.214  -15.783 0.4000000060
12905  -46.267  -62.139  -17.090 0.4000000060
141646  -45.120  -61.771  -16.659 0.4000000060
140458  -45.810  -61.770  -19.544 0.4000000060
13648  -45.498  -61.741  -20.228 0.4000000060
12124  -46.192  -63.286  -13.904 0.3000000119
12145  -47.059  -63.383  -14.440 0.3000000119
12872  -47.616  -62.839  -15.090 0.4000000060
143403  -47.236  -63.457  -15.335 0.4000000060
12889  -47.859  -62.322  -16.134 0.4000000060
12906  -47.471  -62.241  -17.596 0.4000000060
12917  -47.629  -62.040  -17.931 0.4000000060
12916  -46.707  -61.852  -18.530 0.4000000060
13637  -46.134  -61.853  -19.330 0.4000000060
15165  -44.895  -59.288  -21.361 0.4000000060
13590  -44.880  -59.914  -14.489 0.3000000119
14389  -45.659  -59.749  -15.272 0.3000000119
13610  -47.470  -61.111  -16.111 0.4000000060
14399  -46.706  -60.409  -16.228 0.4000000060
13627  -48.014  -62.072  -17.531 0.4000000060
14405  -46.574  -60.724  -17.684 0.4000000060
14409  -45.837  -60.708  -19.230 0.4000000060
14408  -45.784  -60.716  -20.366 0.4000000060
15158  -44.664  -58.765  -20.198 0.4000000060
159436  -45.605  -60.042  -21.043 0.4000000060
17334  -43.620  -55.695  -19.655 0.4000000060
145320  -43.751  -56.570  -19.579 0.4000000060
14377  -44.006  -59.195  -13.896 0.3000000119
159188  -44.016  -60.238  -13.793 0.3000000119
140089  -44.847  -58.993  -14.830 0.3000000119
14398  -45.783  -59.796  -16.359 0.3000000119
15153  -44.904  -59.297  -16.512 0.3000000119
14404  -45.692  -60.215  -17.828 0.4000000060
14403  -45.048  -59.721  -18.244 0.4000000060
16554  -42.731  -57.017  -18.046 0.4000000060
15860  -43.232  -58.078  -18.040 0.4000000060
153974  -44.500  -59.282  -18.980 0.4000000060
17333  -42.433  -55.235  -18.553 0.4000000060
18161  -42.202  -54.463  -18.872 0.4000000060
15133  -44.433  -58.424  -14.346 0.3000000119
15819  -44.604  -57.159  -14.093 0.3000000119
15142  -44.541  -58.136  -14.607 0.3000000119
15847  -44.396  -56.972  -14.557 0.3000000119
15148  -44.492  -58.223  -15.190 0.4000000060
15853  -43.108  -57.951  -16.609 0.4000000060
15152  -43.886  -58.708  -16.843 0.4000000060
18147  -40.819  -54.575  -17.191 0.3000000119
17324  -41.649  -55.682  -17.371 0.4000000060
158735  -43.461  -58.426  -17.465 0.4000000060
18989  -41.137  -54.104  -17.857 0.3000000119
17325  -42.602  -56.039  -18.280 0.4000000060
17262  -42.252  -54.745  -12.999 0.3000000119
17272  -42.940  -55.291  -13.371 0.3000000119
155111  -42.526  -52.879  -12.629 0.3000000119
152862  -44.083  -58.007  -13.882 0.3000000119
141639  -43.916  -55.346  -13.737 0.3000000119
144844  -44.640  -56.276  -13.936 0.3000000119
16496  -44.595  -55.787  -13.982 0.3000000119
17281  -42.801  -54.711  -14.282 0.3000000119
16514  -44.456  -56.016  -14.271 0.3000000119
16534  -43.636  -55.755  -14.621 0.3000000119
16533  -42.367  -56.416  -15.706 0.3000000119
15846  -43.417  -56.935  -15.314 0.3000000119
18136  -40.489  -54.674  -16.376 0.3000000119
17308  -40.977  -55.236  -16.746 0.3000000119
17309  -41.444  -55.907  -16.027 0.4000000060
18988  -40.651  -53.372  -17.790 0.3000000119
157829  -40.944  -52.921  -18.478 0.4000000060
19847  -40.883  -52.239  -18.765 0.4000000060
19848  -41.758  -53.022  -19.572 0.4000000060
18933  -42.502  -53.568  -13.089 0.3000000119
18101  -42.757  -54.337  -13.411 0.3000000119
18945  -42.437  -53.223  -13.104 0.3000000119
17274  -44.234  -55.321  -13.964 0.3000000119
18111  -42.641  -54.313  -13.615 0.3000000119
18966  -39.939  -53.968  -15.283 0.3000000119
18121  -41.457  -55.127  -14.918 0.3000000119
18119  -39.987  -54.062  -16.174 0.3000000119
17293  -40.903  -55.288  -15.747 0.3000000119
20737  -39.247  -51.748  -16.995 0.3000000119
18978  -40.413  -54.013  -17.094 0.3000000119
19843  -39.631  -52.361  -17.214 0.3000000119
20743  -39.787  -51.710  -17.643 0.3000000119
20744  -40.311  -51.618  -18.298 0.3000000119
21666  -40.346  -50.822  -18.557 0.3000000119
21675  -40.943  -50.612  -19.340 0.4000000060
19798  -41.734  -52.130  -12.645 0.3000000119
21611  -41.527  -50.967  -11.575 0.3000000119
18944  -41.431  -53.234  -13.461 0.3000000119
19812  -41.096  -52.539  -13.245 0.3000000119
21595  -40.429  -50.225  -11.405 0.3000000119
22511  -39.597  -49.311  -11.485 0.3000000119
19821  -40.207  -53.108  -13.935 0.3000000119
19811  -39.837  -52.390  -13.636 0.3000000119
23328  -40.307  -48.148  -10.786 0.3000000119
20728  -38.511  -51.554  -15.418 0.3000000119
19830  -39.007  -52.861  -15.384 0.3000000119
18955  -39.642  -53.419  -14.847 0.3000000119
20736  -38.724  -51.713  -16.260 0.3000000119
18965  -39.473  -53.431  -15.874 0.3000000119
149505  -38.930  -51.143  -16.764 0.3000000119
21659  -39.424  -50.931  -17.404 0.3000000119
21665  -39.760  -50.263  -18.051 0.3000000119
20746  -40.885  -51.422  -19.044 0.4000000060
21676  -41.685  -50.525  -20.536 0.5000000000
156087  -40.726  -51.955  -13.076 0.3000000119
21610  -40.049  -50.657  -12.106 0.3000000119
21623  -39.385  -50.938  -12.923 0.3000000119
146048  -39.455  -49.985  -11.944 0.3000000119
19820  -38.956  -52.002  -14.083 0.3000000119
20707  -38.627  -51.119  -13.826 0.3000000119
24202  -39.888  -47.610  -11.217 0.3000000119
24203  -40.622  -47.305  -10.870 0.3000000119
21641  -38.350  -50.707  -14.886 0.3000000119
20719  -38.555  -51.532  -14.618 0.3000000119
136742  -40.642  -46.634  -11.343 0.3000000119
21651  -38.540  -50.802  -16.046 0.3000000119
26049  -42.035  -45.964  -11.591 0.3000000119
23391  -38.738  -47.931  -16.895 0.3000000119
22565  -38.917  -49.672  -16.893 0.3000000119
26083  -43.167  -45.537  -13.682 0.3000000119
147237  -39.284  -50.140  -17.394 0.3000000119
22576  -39.322  -49.355  -17.660 0.3000000119
22584  -39.874  -49.463  -18.370 0.3000000119
22585  -40.364  -49.986  -18.806 0.3000000119
22593  -41.014  -49.766  -19.624 0.4000000060
23409  -41.150  -48.935  -19.969 0.5000000000
21622  -38.644  -50.400  -13.329 0.3000000119
22525  -38.803  -49.399  -12.293 0.3000000119
23341  -38.836  -48.516  -11.977 0.3000000119
145907  -38.031  -49.438  -13.994 0.3000000119
23353  -37.946  -48.740  -13.620 0.3000000119
23340  -38.272  -48.695  -12.764 0.3000000119
24219  -39.160  -47.497  -11.847 0.3000000119
22555  -38.299  -49.295  -15.274 0.3000000119
25130  -39.947  -46.944  -11.494 0.3000000119
22564  -38.534  -49.251  -16.083 0.3000000119
25153  -40.232  -46.245  -11.893 0.3000000119
26069  -40.733  -45.607  -12.394 0.3000000119
26081  -41.527  -45.267  -12.791 0.3000000119
27973  -42.759  -43.289  -14.118 0.3000000119
27046  -42.288  -44.011  -13.685 0.3000000119
24269  -39.091  -47.505  -17.534 0.3000000119
24282  -39.446  -47.922  -18.079 0.3000000119
24283  -40.025  -47.987  -18.654 0.3000000119
23401  -40.428  -48.970  -18.980 0.3000000119
24242  -37.798  -47.805  -14.016 0.3000000119
24229  -38.053  -47.347  -13.218 0.3000000119
23372  -38.321  -48.702  -15.459 0.3000000119
135988  -38.202  -47.837  -15.191 0.3000000119
23364  -38.067  -48.800  -14.595 0.3000000119
25164  -38.296  -46.533  -13.284 0.3000000119
26067  -38.899  -46.084  -12.765 0.3000000119
25151  -38.593  -46.923  -12.552 0.3000000119
23381  -38.834  -48.808  -16.881 0.3000000119
24259  -38.513  -47.435  -16.175 0.3000000119
137960  -38.337  -46.824  -15.453 0.3000000119
24252  -38.017  -46.958  -14.511 0.3000000119
27044  -38.613  -44.696  -14.479 0.3000000119
26078  -38.562  -45.729  -13.478 0.3000000119
26068  -39.739  -45.785  -12.497 0.3000000119
24268  -38.771  -47.184  -16.904 0.3000000119
27962  -40.547  -43.317  -13.633 0.3000000119
27033  -40.414  -44.182  -13.405 0.3000000119
28969  -40.517  -42.471  -14.002 0.3000000119
27963  -41.882  -42.954  -13.661 0.3000000119
152985  -41.295  -43.766  -13.410 0.3000000119
29972  -42.093  -41.464  -14.317 0.3000000119
28971  -42.407  -42.275  -14.065 0.3000000119
139607  -39.629  -47.122  -18.250 0.4000000060
29973  -42.955  -41.750  -14.628 0.3000000119
152683  -40.213  -47.309  -18.975 0.4000000060
158914  -45.896  -41.308  -16.815 0.3000000119
24293  -40.737  -47.974  -19.529 0.3000000119
30994  -46.196  -40.963  -17.234 0.3000000119
23421  -41.509  -48.276  -20.557 0.5000000000
23410  -41.747  -49.016  -20.948 0.5000000000
142574  -38.645  -46.496  -16.386 0.3000000119
136182  -38.465  -46.079  -15.594 0.3000000119
27056  -38.539  -44.520  -15.162 0.3000000119
27970  -38.750  -43.978  -14.754 0.3000000119
28968  -39.648  -42.812  -14.611 0.3000000119
138002  -39.258  -45.714  -17.519 0.4000000060
29971  -41.394  -41.366  -14.373 0.3000000119
29986  -42.588  -40.913  -14.848 0.3000000119
26131  -39.970  -45.619  -18.828 0.4000000060
25218  -40.089  -46.518  -18.904 0.5000000000
29987  -43.482  -41.268  -15.173 0.3000000119
30977  -43.994  -40.847  -15.788 0.4000000060
31999  -45.059  -39.925  -16.906 0.4000000060
25225  -40.564  -45.995  -19.639 0.5000000000
25232  -41.177  -46.581  -20.255 0.6000000238
31002  -45.757  -40.238  -17.343 0.3000000119
150042  -41.671  -46.985  -20.894 0.6000000238
24309  -41.986  -47.717  -21.278 0.6000000238
26121  -38.881  -45.749  -16.877 0.3000000119
27066  -38.863  -44.218  -16.510 0.3000000119
28997  -39.268  -42.531  -16.350 0.3000000119
25207  -39.081  -46.552  -17.402 0.3000000119
27992  -38.848  -43.258  -15.992 0.3000000119
29983  -39.625  -42.023  -15.736 0.3000000119
160074  -40.482  -41.496  -14.876 0.3000000119
30974  -41.366  -40.332  -15.269 0.4000000060
26130  -39.538  -45.105  -18.023 0.4000000060
30964  -41.755  -40.806  -14.725 0.4000000060
31980  -41.679  -39.785  -15.597 0.4000000060
26138  -40.276  -45.202  -19.411 0.5000000000
30975  -42.189  -40.092  -15.203 0.4000000060
31997  -43.371  -39.127  -16.255 0.4000000060
32994  -43.923  -38.708  -16.786 0.4000000060
26145  -40.811  -45.151  -20.150 0.6000000238
30976  -43.107  -40.393  -15.386 0.4000000060
31998  -44.231  -39.532  -16.547 0.4000000060
32011  -44.705  -39.102  -17.134 0.4000000060
33008  -45.117  -38.560  -17.770 0.4000000060
26146  -41.467  -45.518  -20.684 0.6000000238
32013  -46.057  -39.808  -17.975 0.3000000119
32023  -45.772  -39.111  -18.246 0.4000000060
25233  -41.731  -46.244  -20.976 0.6000000238
25249  -42.455  -46.234  -21.684 0.6000000238
26159  -42.885  -45.824  -22.163 0.6999999881
26122  -39.145  -45.022  -17.145 0.3000000119
28002  -39.163  -43.302  -16.960 0.3000000119
29999  -39.677  -41.761  -16.456 0.3000000119
27086  -39.608  -44.255  -18.247 0.3000000119
30973  -40.665  -40.602  -15.709 0.3000000119
30989  -40.621  -40.284  -16.378 0.4000000060
27087  -39.886  -44.755  -18.837 0.5000000000
30990  -41.100  -39.960  -15.931 0.4000000060
31996  -42.459  -38.888  -16.261 0.4000000060
143112  -39.967  -42.865  -18.975 0.5000000000
32993  -43.138  -38.385  -16.655 0.4000000060
28019  -40.361  -43.587  -19.661 0.5000000000
27101  -40.825  -44.203  -20.276 0.6000000238
33007  -44.385  -38.389  -17.288 0.4000000060
34018  -45.238  -37.757  -18.227 0.4000000060
27102  -41.548  -44.764  -20.858 0.6000000238
33018  -45.653  -38.427  -18.404 0.4000000060
34029  -45.944  -37.850  -18.851 0.4000000060
26170  -44.139  -46.529  -23.613 0.6999999881
25250  -43.290  -46.696  -22.656 0.6999999881
29017  -39.726  -42.425  -18.195 0.4000000060
29007  -39.515  -42.363  -17.321 0.4000000060
143132  -40.410  -40.281  -17.092 0.4000000060
32009  -40.653  -39.638  -17.508 0.4000000060
134831  -40.094  -41.945  -18.672 0.4000000060
32010  -41.180  -39.099  -17.146 0.4000000060
30033  -40.408  -41.385  -19.211 0.4000000060
31995  -41.590  -39.317  -16.264 0.4000000060
32991  -41.775  -38.579  -16.877 0.4000000060
32992  -42.456  -38.203  -16.928 0.4000000060
34015  -42.450  -37.589  -17.492 0.4000000060
33006  -43.662  -37.932  -17.179 0.4000000060
35084  -44.058  -36.910  -17.935 0.4000000060
29035  -41.308  -42.545  -20.750 0.6000000238
34028  -44.722  -37.134  -18.172 0.4000000060
35095  -45.329  -36.956  -18.641 0.4000000060
28031  -41.590  -43.321  -21.051 0.6000000238
28038  -42.243  -43.451  -21.705 0.6999999881
148448  -42.714  -44.325  -22.054 0.6999999881
35108  -46.326  -36.518  -19.501 0.4000000060
28044  -43.670  -44.606  -22.957 0.6999999881
25259  -44.330  -47.301  -24.117 0.6999999881
136019  -40.232  -41.116  -18.371 0.4000000060
141553  -40.469  -42.848  -19.711 0.4000000060
31023  -40.481  -40.388  -19.021 0.4000000060
33004  -41.386  -38.381  -17.733 0.4000000060
29034  -40.775  -42.369  -20.113 0.6000000238
30043  -40.633  -41.711  -19.851 0.5000000000
34027  -41.846  -37.615  -17.916 0.4000000060
153727  -41.525  -41.981  -21.142 0.6999999881
35082  -42.759  -37.078  -17.783 0.4000000060
29041  -41.827  -42.633  -21.449 0.6999999881
35093  -43.585  -36.411  -18.415 0.4000000060
29042  -42.602  -42.725  -22.295 0.6999999881
35107  -45.662  -36.438  -19.066 0.4000000060
36086  -44.970  -36.038  -18.916 0.4000000060
152949  -43.613  -43.695  -23.108 0.6999999881
36100  -46.352  -35.503  -19.821 0.4000000060
27130  -45.750  -46.237  -25.771 0.6999999881
36974  -47.358  -34.573  -20.638 0.4000000060
32046  -40.768  -39.910  -20.044 0.4000000060
32034  -40.707  -39.508  -19.169 0.4000000060
32022  -40.599  -39.575  -18.355 0.4000000060
30044  -41.052  -41.643  -20.541 0.6999999881
31033  -41.084  -40.671  -20.691 0.5000000000
33017  -41.471  -37.878  -18.538 0.4000000060
142984  -41.939  -41.864  -21.769 0.6999999881
148712  -42.071  -37.154  -18.649 0.4000000060
35106  -43.190  -36.056  -18.986 0.4000000060
30052  -42.404  -41.736  -22.373 0.6999999881
35105  -42.553  -36.469  -19.172 0.4000000060
153036  -43.518  -35.520  -19.438 0.4000000060
29047  -43.346  -42.780  -23.203 0.6999999881
145113  -44.025  -35.716  -18.938 0.4000000060
28039  -42.899  -43.733  -22.368 0.6999999881
36098  -44.805  -35.278  -19.357 0.4000000060
36963  -45.560  -34.923  -19.769 0.4000000060
36972  -45.447  -34.200  -20.251 0.4000000060
28045  -44.728  -44.882  -24.260 0.6999999881
36973  -46.382  -34.523  -20.235 0.4000000060
36984  -47.668  -33.907  -21.141 0.4000000060
32047  -41.234  -39.126  -20.576 0.4000000060
32035  -41.006  -38.929  -19.658 0.4000000060
33016  -40.972  -38.750  -18.639 0.4000000060
32058  -41.580  -39.483  -21.504 0.6000000238
153191  -41.230  -39.910  -20.853 0.5000000000
33036  -41.361  -38.113  -20.177 0.5000000000
137428  -41.619  -37.548  -19.358 0.4000000060
34095  -33.502  -38.386  -25.876 0.4000000060
32099  -34.157  -39.076  -26.262 0.5000000000
31045  -41.862  -40.113  -22.035 0.6000000238
34037  -42.087  -36.940  -19.457 0.4000000060
31046  -42.397  -40.190  -22.876 0.6000000238
36096  -42.944  -35.810  -19.666 0.4000000060
30060  -42.756  -41.207  -23.061 0.6000000238
36108  -43.487  -35.127  -20.066 0.4000000060
29053  -43.607  -42.050  -23.907 0.6999999881
36097  -44.070  -35.077  -19.586 0.4000000060
36962  -44.752  -34.658  -19.915 0.4000000060
155457  -45.377  -43.796  -25.828 0.6999999881
37774  -46.175  -33.081  -20.948 0.4000000060
38574  -46.687  -32.473  -21.533 0.4000000060
38575  -47.412  -32.564  -21.593 0.4000000060
33043  -41.560  -38.492  -21.217 0.5000000000
33054  -41.876  -38.829  -22.149 0.6000000238
34049  -41.792  -37.631  -20.963 0.5000000000
34085  -32.673  -38.207  -25.229 0.3000000119
34086  -33.266  -37.915  -25.473 0.4000000060
34087  -33.852  -37.972  -25.748 0.5000000000
32071  -41.959  -39.553  -22.311 0.6000000238
34042  -41.856  -37.217  -20.122 0.4000000060
31052  -42.989  -40.569  -23.778 0.6000000238
36107  -42.857  -35.680  -20.419 0.5000000000
31053  -43.824  -40.512  -24.935 0.6999999881
30066  -43.365  -41.121  -24.104 0.6000000238
36116  -43.294  -35.112  -20.906 0.4000000060
31060  -45.131  -40.697  -26.869 0.8000000119
30067  -44.310  -41.319  -25.282 0.6999999881
36970  -43.916  -34.531  -20.654 0.4000000060
36961  -44.152  -34.675  -20.131 0.4000000060
36971  -44.676  -34.111  -20.528 0.4000000060
37765  -45.405  -33.529  -20.664 0.4000000060
38581  -47.243  -31.916  -21.861 0.4000000060
32072  -42.349  -39.255  -23.032 0.6000000238
142348  -42.382  -38.386  -22.856 0.6000000238
33044  -41.984  -37.979  -21.887 0.5000000000
34050  -42.209  -37.278  -21.555 0.5000000000
34070  -32.896  -37.472  -24.517 0.4000000060
35160  -33.710  -37.404  -24.705 0.4000000060
32083  -43.077  -39.935  -24.104 0.6000000238
35125  -42.537  -36.531  -21.640 0.5000000000
145226  -34.456  -37.526  -24.929 0.5000000000
32097  -43.861  -40.578  -25.065 0.6999999881
35118  -42.485  -36.171  -20.803 0.5000000000
34088  -35.111  -37.759  -25.233 0.5000000000
32105  -43.770  -41.262  -25.974 0.6999999881
145227  -44.546  -40.296  -25.813 0.6999999881
36128  -42.894  -35.954  -21.998 0.5000000000
34071  -35.854  -37.355  -24.281 0.6999999881
35150  -35.169  -36.882  -24.113 0.6000000238
134050  -42.074  -40.641  -26.763 0.6999999881
32104  -42.809  -41.119  -26.640 0.6999999881
31068  -44.760  -41.324  -26.967 0.6999999881
145476  -43.256  -35.337  -21.830 0.5000000000
35151  -36.612  -36.926  -23.411 0.6999999881
31067  -43.104  -41.345  -26.371 0.6999999881
36982  -43.726  -34.594  -21.521 0.4000000060
31066  -42.131  -41.111  -27.050 0.6999999881
148986  -43.813  -42.328  -27.551 0.8000000119
36983  -44.347  -33.996  -21.157 0.4000000060
37764  -44.880  -33.531  -20.952 0.4000000060
37773  -45.393  -33.119  -21.248 0.4000000060
38573  -45.961  -32.539  -21.594 0.4000000060
38580  -46.484  -31.911  -21.946 0.4000000060
34076  -42.954  -38.063  -23.697 0.6000000238
34061  -42.554  -37.407  -22.540 0.6000000238
35147  -32.459  -36.711  -23.499 0.4000000060
35148  -33.470  -36.482  -23.626 0.4000000060
146984  -43.745  -39.991  -24.999 0.6999999881
33065  -42.966  -38.986  -23.907 0.6000000238
35154  -43.220  -37.229  -23.561 0.5000000000
35149  -34.374  -36.707  -23.952 0.6999999881
33085  -44.347  -41.270  -26.795 0.6999999881
33078  -44.289  -40.692  -26.052 0.6999999881
35137  -42.964  -36.547  -22.650 0.5000000000
154577  -35.012  -36.049  -23.582 0.6999999881
138588  -44.154  -40.598  -25.656 0.6999999881
36129  -43.320  -35.825  -22.710 0.5000000000
161078  -35.444  -36.288  -23.593 0.6999999881
147510  -42.002  -39.442  -26.778 0.6999999881
36994  -43.785  -34.974  -22.744 0.4000000060
139247  -35.891  -36.512  -23.562 0.6999999881
160961  -42.005  -40.289  -26.502 0.6999999881
34098  -41.452  -38.444  -25.627 0.6000000238
33083  -41.399  -39.282  -25.557 0.6999999881
36995  -44.229  -34.071  -22.122 0.4000000060
36123  -37.367  -35.556  -22.727 0.6999999881
34090  -40.878  -37.713  -24.516 0.6000000238
37772  -44.792  -33.469  -21.589 0.4000000060
37783  -44.763  -33.484  -22.591 0.4000000060
37784  -45.303  -32.889  -21.996 0.4000000060
140152  -45.818  -32.210  -22.275 0.4000000060
39482  -46.980  -31.394  -22.359 0.4000000060
36139  -32.741  -35.672  -23.210 0.6000000238
34101  -45.206  -40.939  -28.107 0.6000000238
34092  -44.643  -38.699  -26.023 0.6999999881
34077  -43.628  -38.882  -24.854 0.6000000238
33084  -43.232  -41.384  -28.341 0.6000000238
36141  -34.291  -35.667  -23.474 0.6999999881
33086  -42.467  -40.466  -28.653 0.6000000238
141738  -35.114  -35.060  -23.402 0.6999999881
34099  -42.016  -38.762  -27.224 0.6000000238
137867  -43.791  -35.722  -23.549 0.4000000060
155892  -36.569  -35.921  -23.018 0.6999999881
36142  -35.691  -35.814  -23.344 0.6999999881
141531  -36.094  -35.057  -23.224 0.6999999881
37012  -44.456  -34.301  -23.356 0.4000000060
35134  -38.475  -36.391  -22.591 0.6999999881
34060  -38.983  -37.065  -22.741 0.6999999881
34075  -40.347  -37.192  -23.557 0.6000000238
37800  -45.251  -32.784  -23.007 0.4000000060
38595  -45.700  -32.057  -22.989 0.4000000060
38596  -46.262  -31.618  -22.631 0.4000000060
39491  -46.650  -31.020  -23.085 0.3000000119
157486  -43.573  -37.919  -24.505 0.6000000238
140920  -31.885  -34.086  -23.226 0.5000000000
34102  -42.618  -39.279  -29.460 0.6000000238
34100  -43.816  -40.404  -29.398 0.6000000238
35155  -43.992  -37.222  -24.698 0.6000000238
37005  -32.722  -34.566  -23.169 0.6000000238
36140  -33.508  -35.168  -23.271 0.5000000000
35138  -43.533  -36.436  -23.597 0.5000000000
36144  -44.402  -36.251  -24.627 0.4000000060
142413  -34.220  -34.625  -23.347 0.8000000119
35165  -41.757  -37.900  -28.148 0.6000000238
36145  -44.468  -35.251  -24.138 0.4000000060
37007  -35.644  -34.232  -23.328 0.6999999881
34091  -41.481  -37.610  -25.787 0.6000000238
35161  -40.976  -36.703  -24.492 0.6000000238
136433  -45.036  -34.644  -24.664 0.4000000060
36990  -36.942  -34.979  -22.923 0.6999999881
37013  -44.894  -33.682  -23.731 0.4000000060
36124  -38.068  -35.602  -22.512 0.6999999881
35135  -39.236  -36.298  -22.608 0.6999999881
35153  -40.373  -36.300  -23.321 0.6999999881
149599  -45.100  -33.180  -23.937 0.4000000060
36992  -38.540  -34.809  -22.474 0.6999999881
37811  -45.008  -33.102  -24.509 0.4000000060
38613  -45.278  -32.118  -24.380 0.3000000119
39490  -45.859  -31.550  -23.534 0.4000000060
39505  -45.625  -31.357  -24.309 0.4000000060
35166  -44.029  -39.138  -30.293 0.6000000238
159217  -45.398  -39.903  -29.651 0.6000000238
34093  -45.873  -38.934  -28.412 0.6000000238
35162  -45.259  -37.250  -26.357 0.5000000000
37791  -32.645  -33.517  -23.568 0.6000000238
37006  -33.475  -34.086  -23.255 0.6000000238
36151  -45.364  -35.862  -25.953 0.5000000000
154936  -34.108  -33.829  -23.414 0.6999999881
158116  -41.462  -36.871  -25.939 0.6000000238
37794  -35.277  -33.402  -23.688 0.8000000119
140246  -34.798  -34.051  -23.388 0.8000000119
37022  -45.136  -35.087  -25.649 0.4000000060
36150  -41.220  -36.000  -25.171 0.6000000238
37008  -36.500  -34.285  -23.113 0.6999999881
36143  -40.885  -35.667  -23.825 0.6999999881
38637  -43.531  -32.212  -27.566 0.5000000000
37819  -43.798  -33.540  -26.715 0.5000000000
38624  -44.187  -32.979  -25.837 0.5000000000
37027  -44.883  -34.076  -25.278 0.4000000060
37023  -45.022  -33.978  -24.670 0.4000000060
37009  -37.308  -34.189  -22.813 0.6999999881
36991  -37.732  -34.843  -22.613 0.6999999881
36993  -39.372  -34.972  -22.558 0.6999999881
36127  -40.135  -35.395  -22.963 0.6999999881
40584  -44.350  -30.053  -27.107 0.4000000060
39526  -44.084  -31.782  -26.624 0.5000000000
39527  -44.640  -31.182  -25.987 0.4000000060
38633  -44.567  -32.033  -25.707 0.4000000060
133819  -45.199  -31.688  -24.942 0.4000000060
41634  -44.832  -29.663  -26.726 0.4000000060
40585  -44.667  -30.421  -26.407 0.4000000060
39517  -45.073  -31.216  -25.348 0.4000000060
35167  -45.422  -38.426  -29.387 0.6000000238
37809  -32.141  -32.944  -24.598 0.5000000000
35169  -42.561  -37.503  -29.703 0.6000000238
36153  -44.021  -37.220  -29.677 0.6000000238
35168  -45.756  -37.215  -27.999 0.5000000000
158046  -32.884  -32.889  -24.451 0.6000000238
37792  -33.590  -33.173  -23.843 0.6999999881
36152  -41.497  -36.467  -27.354 0.6000000238
36154  -45.262  -36.888  -29.010 0.5000000000
36155  -45.374  -36.137  -27.181 0.5000000000
38588  -34.129  -32.681  -24.586 0.8000000119
37030  -44.028  -34.592  -27.164 0.5000000000
36160  -44.590  -35.751  -28.111 0.5000000000
38589  -34.883  -32.779  -24.408 0.8000000119
38636  -43.137  -31.949  -29.469 0.5000000000
37822  -42.557  -32.968  -30.048 0.5000000000
37818  -43.406  -34.084  -27.962 0.5000000000
37026  -44.842  -35.057  -26.401 0.5000000000
37823  -43.244  -33.117  -28.168 0.5000000000
37815  -44.411  -33.889  -25.906 0.5000000000
157405  -36.874  -33.672  -23.135 0.8000000119
37798  -39.148  -33.974  -22.553 0.6999999881
161298  -39.906  -34.499  -22.794 0.6999999881
39533  -43.061  -31.072  -29.846 0.5000000000
39538  -43.271  -30.743  -28.479 0.4000000060
37782  -38.136  -34.011  -22.566 0.6999999881
139304  -43.923  -30.677  -27.290 0.4000000060
38604  -31.618  -32.620  -26.274 0.5000000000
36157  -41.731  -35.806  -29.346 0.6000000238
36159  -44.015  -35.961  -29.943 0.5000000000
38616  -30.815  -32.403  -27.443 0.5000000000
138267  -31.737  -32.268  -28.037 0.5000000000
38605  -32.605  -32.598  -25.742 0.5000000000
37021  -41.312  -35.485  -25.732 0.6000000238
37025  -41.291  -35.302  -27.073 0.6000000238
37028  -42.883  -34.984  -30.549 0.5000000000
37029  -43.679  -35.080  -29.248 0.5000000000
37024  -41.326  -34.699  -25.420 0.6000000238
37033  -42.119  -34.097  -30.528 0.5000000000
37817  -43.014  -34.072  -30.009 0.5000000000
155561  -33.921  -32.488  -25.776 0.6999999881
37011  -40.664  -34.607  -23.457 0.6000000238
38607  -34.554  -32.512  -25.497 0.6999999881
157316  -35.168  -32.544  -25.180 0.6999999881
40588  -43.140  -30.320  -28.502 0.4000000060
37795  -36.122  -33.535  -23.467 0.8000000119
161411  -43.467  -29.492  -28.027 0.5000000000
42776  -43.655  -28.951  -28.038 0.5000000000
38590  -35.767  -32.782  -24.326 0.6999999881
37796  -37.578  -33.405  -22.933 0.8000000119
41633  -44.135  -29.433  -27.406 0.4000000060
155056  -44.856  -29.168  -27.038 0.5000000000
45239  -44.221  -26.676  -24.388 0.4000000060
45227  -44.705  -26.238  -23.984 0.5000000000
152902  -44.923  -25.504  -23.635 0.5000000000
43982  -45.610  -27.039  -24.074 0.5000000000
45228  -45.317  -26.250  -23.777 0.5000000000
36158  -42.721  -35.674  -30.343 0.6000000238
39512  -31.105  -32.051  -28.124 0.5000000000
38617  -32.336  -32.433  -27.464 0.5000000000
36156  -41.186  -34.905  -28.837 0.6000000238
37020  -41.212  -35.116  -24.535 0.6000000238
38618  -33.278  -32.418  -27.102 0.6999999881
143257  -41.299  -33.842  -24.938 0.6000000238
38635  -42.478  -31.859  -30.014 0.5000000000
161540  -41.182  -34.377  -24.315 0.6000000238
39536  -42.736  -30.766  -28.987 0.6000000238
42774  -42.434  -28.998  -28.018 0.5000000000
37010  -40.054  -33.715  -22.971 0.6999999881
37797  -38.514  -33.077  -22.835 0.6999999881
42775  -43.086  -28.953  -27.996 0.5000000000
46342  -43.372  -25.644  -24.506 0.4000000060
47379  -43.882  -24.818  -24.065 0.4000000060
46343  -44.133  -25.809  -24.095 0.4000000060
38609  -36.483  -32.437  -24.812 0.6999999881
157997  -44.396  -25.142  -23.840 0.4000000060
38608  -35.714  -32.423  -25.679 0.6999999881
46334  -45.823  -25.601  -23.493 0.5000000000
47370  -45.604  -24.676  -23.563 0.5000000000
36161  -41.649  -35.140  -30.030 0.5000000000
36162  -41.984  -34.699  -30.719 0.5000000000
140545  -41.299  -34.213  -26.798 0.6000000238
39519  -31.128  -31.790  -28.037 0.6000000238
38626  -31.913  -31.929  -28.325 0.6000000238
37032  -41.354  -33.949  -30.338 0.5000000000
39520  -32.705  -31.737  -28.406 0.6000000238
37814  -41.353  -33.176  -25.672 0.5000000000
37821  -41.763  -32.761  -30.064 0.5000000000
135569  -41.736  -31.741  -29.508 0.5000000000
38627  -32.720  -32.090  -28.451 0.6999999881
37810  -40.796  -33.658  -23.719 0.6000000238
158158  -42.031  -31.845  -30.023 0.5000000000
39532  -42.060  -30.922  -28.809 0.6000000238
42773  -42.019  -29.102  -27.993 0.5000000000
38628  -33.810  -32.062  -28.671 0.6999999881
151924  -39.420  -33.132  -22.891 0.6999999881
45237  -42.276  -26.861  -24.987 0.5000000000
146575  -42.523  -25.674  -25.019 0.4000000060
38619  -34.262  -32.417  -27.204 0.6999999881
38610  -37.441  -32.169  -24.078 0.6999999881
42770  -42.627  -28.762  -27.287 0.5000000000
43990  -42.822  -27.519  -25.127 0.5000000000
47378  -42.940  -24.711  -24.370 0.4000000060
142922  -35.035  -32.413  -26.649 0.6999999881
134907  -37.736  -32.709  -23.279 0.6999999881
142365  -43.599  -23.930  -24.058 0.4000000060
143900  -44.226  -23.993  -23.953 0.4000000060
134140  -34.719  -32.044  -28.349 0.6999999881
38621  -36.219  -31.843  -26.717 0.6999999881
38620  -35.545  -32.081  -27.343 0.6999999881
48375  -44.701  -23.580  -23.767 0.4000000060
47369  -44.718  -24.467  -23.700 0.4000000060
37816  -41.317  -33.316  -27.483 0.5000000000
37031  -40.981  -34.052  -29.071 0.5000000000
160934  -41.386  -32.672  -28.051 0.5000000000
38634  -41.232  -32.411  -29.383 0.5000000000
40571  -31.953  -31.586  -28.111 0.6000000238
37820  -41.046  -33.207  -29.475 0.5000000000
40572  -32.858  -31.309  -28.368 0.6999999881
134029  -40.958  -32.921  -24.267 0.5000000000
39531  -41.649  -30.962  -27.825 0.6000000238
41635  -41.966  -29.372  -27.831 0.5000000000
38612  -40.504  -32.060  -23.935 0.6000000238
38594  -39.753  -31.823  -23.563 0.6999999881
44002  -42.010  -28.035  -26.858 0.5000000000
47376  -42.093  -24.940  -24.785 0.4000000060
39521  -33.412  -31.588  -28.770 0.6999999881
39489  -38.972  -31.633  -23.632 0.8000000119
43989  -41.972  -27.711  -25.219 0.5000000000
48384  -43.376  -23.010  -23.813 0.4000000060
39524  -37.241  -30.797  -26.755 0.6000000238
48385  -44.148  -23.259  -23.761 0.4000000060
38622  -36.847  -32.015  -25.426 0.6999999881
39514  -37.020  -31.456  -26.123 0.6000000238
40581  -37.510  -30.006  -27.413 0.6000000238
38629  -35.124  -31.583  -28.536 0.6999999881
39523  -35.170  -31.151  -28.643 0.6000000238
39528  -35.671  -31.205  -28.329 0.6999999881
40579  -36.020  -30.585  -28.127 0.6000000238
40580  -36.735  -30.345  -27.944 0.6000000238
39522  -34.270  -31.528  -28.883 0.6999999881
41622  -35.794  -29.691  -27.212 0.6000000238
41623  -36.697  -29.491  -27.162 0.6000000238
48376  -45.489  -23.564  -23.804 0.5000000000
41609  -36.225  -29.926  -24.944 0.6000000238
145602  -36.860  -29.455  -25.030 0.6000000238
141295  -46.351  -23.939  -23.908 0.5000000000
145619  -41.490  -31.901  -27.910 0.6000000238
40547  -31.358  -30.822  -25.476 0.5000000000
38631  -41.411  -32.336  -26.323 0.6000000238
40562  -31.936  -31.137  -26.918 0.6000000238
38623  -41.151  -32.256  -24.813 0.6000000238
40583  -41.894  -30.130  -27.337 0.5000000000
42768  -41.659  -28.653  -26.515 0.5000000000
42769  -41.983  -28.872  -27.254 0.5000000000
40548  -32.414  -30.881  -25.186 0.6000000238
136248  -40.718  -31.550  -24.412 0.6000000238
40554  -40.265  -30.986  -24.273 0.6000000238
150244  -41.391  -27.819  -25.276 0.5000000000
46340  -41.093  -26.044  -25.033 0.5000000000
47377  -42.314  -24.044  -24.333 0.4000000060
137622  -33.622  -30.964  -28.727 0.6999999881
40563  -32.940  -30.906  -27.046 0.6000000238
39503  -39.573  -31.218  -24.002 0.6999999881
40553  -39.635  -30.607  -24.501 0.6000000238
43997  -41.647  -27.929  -25.964 0.5000000000
45236  -41.363  -26.905  -25.117 0.5000000000
46341  -41.763  -25.900  -25.010 0.5000000000
136996  -42.930  -23.774  -24.098 0.4000000060
39501  -37.725  -31.577  -24.886 0.6999999881
39515  -37.958  -30.916  -25.683 0.6999999881
42762  -38.080  -28.900  -26.771 0.6999999881
43996  -41.149  -28.046  -25.649 0.5000000000
134838  -44.101  -22.409  -23.899 0.4000000060
40564  -34.049  -30.494  -26.999 0.6000000238
41624  -37.449  -29.336  -27.140 0.6000000238
42755  -38.039  -28.833  -25.878 0.6999999881
41615  -35.000  -29.951  -27.414 0.6000000238
137003  -35.403  -30.262  -28.125 0.6000000238
42761  -37.343  -28.906  -26.626 0.6000000238
148433  -38.067  -28.620  -24.963 0.6000000238
49395  -44.721  -21.707  -24.067 0.4000000060
41616  -35.588  -29.906  -26.051 0.6000000238
42746  -37.493  -29.247  -24.528 0.6000000238
42740  -38.567  -28.489  -23.359 0.6000000238
49384  -44.930  -22.692  -23.881 0.4000000060
41611  -37.573  -29.401  -23.708 0.6000000238
42739  -37.949  -29.026  -23.154 0.6000000238
49385  -45.865  -22.560  -24.051 0.5000000000
144207  -46.298  -23.141  -24.028 0.5000000000
49386  -46.771  -22.372  -24.069 0.5000000000
39525  -41.456  -31.226  -26.038 0.6000000238
39516  -40.958  -31.041  -24.804 0.6000000238
140895  -41.149  -30.557  -25.155 0.6000000238
40576  -41.567  -30.263  -25.958 0.6000000238
41631  -41.554  -29.110  -26.012 0.5000000000
41618  -40.787  -29.785  -24.979 0.6000000238
41627  -41.268  -29.496  -25.574 0.5000000000
46333  -41.407  -25.282  -24.150 0.5000000000
40549  -33.368  -30.869  -25.004 0.6000000238
40567  -39.841  -30.021  -24.825 0.6000000238
41625  -39.304  -29.227  -26.130 0.6000000238
43995  -40.214  -27.904  -25.510 0.5000000000
45226  -40.188  -26.555  -24.091 0.5000000000
46332  -40.718  -26.002  -24.175 0.5000000000
48383  -42.537  -23.159  -24.072 0.4000000060
40566  -38.950  -30.251  -25.403 0.6999999881
42763  -38.899  -28.917  -25.846 0.5000000000
136867  -40.025  -27.367  -25.083 0.5000000000
43988  -40.768  -27.522  -25.126 0.5000000000
142657  -43.953  -21.609  -24.036 0.4000000060
40550  -34.328  -30.718  -24.739 0.6000000238
45217  -39.290  -27.263  -22.790 0.6000000238
40537  -35.546  -30.492  -23.391 0.6000000238
40552  -36.137  -30.357  -23.995 0.6000000238
49396  -45.571  -21.782  -24.158 0.4000000060
41610  -36.896  -29.903  -24.034 0.6000000238
42728  -37.687  -28.907  -22.340 0.6000000238
49397  -46.248  -21.867  -24.239 0.5000000000
150390  -46.794  -21.582  -24.308 0.4000000060
41626  -40.328  -29.136  -25.450 0.5000000000
47367  -40.557  -25.033  -24.010 0.5000000000
160130  -41.049  -24.450  -24.080 0.5000000000
48382  -41.890  -23.327  -24.183 0.4000000060
40535  -33.490  -30.279  -23.351 0.6000000238
140891  -33.849  -30.731  -23.827 0.6000000238
46331  -40.191  -25.652  -23.803 0.5000000000
49394  -42.848  -22.334  -23.913 0.4000000060
145349  -43.198  -21.559  -23.945 0.4000000060
156901  -39.788  -26.951  -24.073 0.5000000000
159285  -43.517  -22.200  -23.919 0.4000000060
40536  -34.734  -30.628  -23.601 0.6000000238
40530  -35.710  -30.320  -22.726 0.6000000238
45210  -39.392  -26.524  -22.162 0.6000000238
50434  -45.359  -20.823  -24.247 0.4000000060
155482  -37.375  -28.576  -21.518 0.6000000238
45209  -38.901  -27.408  -22.007 0.6000000238
41599  -37.173  -29.652  -22.926 0.6000000238
146571  -38.238  -28.178  -21.899 0.6000000238
50435  -46.346  -21.047  -24.374 0.4000000060
50436  -47.209  -20.988  -24.550 0.3000000119
48374  -41.063  -23.514  -24.058 0.5000000000
49393  -42.068  -22.464  -24.127 0.5000000000
50431  -42.370  -21.626  -24.003 0.5000000000
47366  -40.263  -24.836  -23.613 0.5000000000
47363  -40.335  -24.088  -23.391 0.6000000238
41589  -34.718  -29.926  -22.351 0.6000000238
41583  -35.916  -29.525  -21.634 0.6000000238
46327  -39.912  -25.522  -23.278 0.6000000238
50432  -43.670  -20.809  -24.071 0.4000000060
41590  -35.399  -30.013  -22.180 0.6000000238
138819  -39.693  -25.837  -22.622 0.6999999881
153764  -44.849  -20.439  -24.253 0.3000000119
42711  -36.982  -28.188  -20.732 0.6000000238
46318  -39.591  -25.706  -22.060 0.6000000238
42727  -36.903  -29.351  -21.920 0.6000000238
43957  -37.755  -27.914  -21.035 0.6000000238
45203  -39.320  -26.004  -21.409 0.6000000238
43958  -38.434  -27.463  -21.241 0.6000000238
46307  -39.251  -25.407  -20.727 0.6000000238
51525  -46.287  -20.018  -24.682 0.3000000119
51534  -47.100  -19.774  -25.359 0.3000000119
48372  -40.614  -23.359  -23.605 0.6000000238
152349  -40.807  -22.583  -23.934 0.5000000000
50430  -41.560  -21.743  -24.088 0.5000000000
157899  -40.049  -24.671  -23.221 0.6000000238
142656  -42.755  -20.786  -24.042 0.4000000060
137593  -43.265  -19.839  -24.199 0.4000000060
41582  -34.870  -29.293  -21.775 0.6000000238
42710  -36.174  -28.262  -20.640 0.6000000238
150528  -44.315  -20.089  -24.247 0.3000000119
42719  -36.524  -28.802  -21.254 0.6000000238
43946  -36.697  -27.583  -20.062 0.6000000238
43947  -37.400  -27.647  -20.373 0.6000000238
45186  -37.865  -26.256  -19.357 0.6000000238
47353  -39.600  -25.131  -21.574 0.6000000238
43948  -38.022  -27.339  -20.483 0.6000000238
137584  -45.275  -19.840  -24.414 0.3000000119
154881  -38.554  -26.954  -20.742 0.6000000238
46312  -38.878  -26.293  -20.678 0.6000000238
52696  -45.978  -19.298  -24.838 0.3000000119
52701  -46.717  -19.125  -25.445 0.3000000119
52702  -47.312  -19.168  -25.891 0.3000000119
152087  -40.794  -21.949  -23.912 0.6000000238
50425  -40.974  -21.850  -24.096 0.5000000000
50429  -41.131  -21.037  -24.091 0.5000000000
51523  -41.842  -20.887  -24.087 0.4000000060
48371  -40.324  -23.332  -23.125 0.6000000238
49381  -40.560  -22.427  -23.458 0.6000000238
51524  -42.155  -20.001  -24.316 0.4000000060
48364  -40.057  -23.418  -22.511 0.6000000238
137592  -44.022  -19.263  -24.237 0.3000000119
140079  -39.839  -24.098  -21.899 0.6000000238
48356  -39.969  -23.035  -21.846 0.6000000238
52695  -45.403  -18.805  -24.617 0.3000000119
47345  -39.577  -24.446  -20.891 0.6000000238
154089  -38.599  -24.877  -19.429 0.6000000238
47344  -39.113  -24.695  -20.062 0.6000000238
52700  -46.145  -18.553  -25.231 0.3000000119
50423  -40.662  -21.520  -23.571 0.6000000238
50424  -40.895  -21.249  -23.946 0.5000000000
152291  -41.298  -20.132  -24.291 0.5000000000
50416  -40.461  -21.708  -22.975 0.6000000238
143390  -42.507  -19.045  -24.535 0.4000000060
142693  -43.435  -18.762  -24.386 0.4000000060
53800  -44.432  -18.278  -24.492 0.3000000119
45185  -37.159  -26.432  -19.090 0.6000000238
46295  -37.423  -25.781  -18.802 0.6000000238
46296  -38.089  -25.436  -19.090 0.6000000238
49363  -39.933  -22.654  -21.210 0.6000000238
53801  -45.565  -17.915  -24.916 0.3000000119
48347  -39.801  -23.432  -21.066 0.6000000238
48337  -38.889  -23.962  -19.300 0.6000000238
48338  -39.439  -23.719  -20.193 0.6000000238
148970  -40.732  -20.742  -23.688 0.6000000238
138072  -40.980  -19.560  -24.588 0.4000000060
145725  -41.488  -19.188  -24.774 0.4000000060
53797  -42.039  -18.285  -25.110 0.4000000060
155534  -40.432  -21.124  -22.665 0.5000000000
51510  -40.558  -20.985  -23.196 0.5000000000
53799  -43.515  -17.915  -24.688 0.4000000060
50408  -40.279  -21.633  -22.267 0.5000000000
143333  -43.851  -17.266  -24.796 0.3000000119
137077  -40.082  -22.197  -21.738 0.5000000000
153251  -44.159  -16.661  -24.933 0.3000000119
47325  -37.460  -24.431  -18.209 0.6000000238
136602  -40.030  -21.989  -20.956 0.5000000000
47326  -38.202  -24.607  -18.822 0.6000000238
49350  -39.714  -22.695  -20.416 0.6000000238
49339  -38.820  -23.023  -18.774 0.6000000238
49340  -39.320  -23.011  -19.526 0.6000000238
49329  -39.174  -22.290  -19.055 0.5000000000
52690  -40.665  -19.239  -24.063 0.4000000060
53791  -40.851  -18.574  -24.677 0.3000000119
151728  -40.840  -19.189  -24.563 0.4000000060
153062  -41.448  -18.396  -25.006 0.4000000060
52678  -40.494  -20.413  -22.780 0.5000000000
140472  -40.606  -20.394  -23.397 0.4000000060
54898  -42.346  -17.322  -25.359 0.3000000119
53798  -42.794  -18.108  -24.911 0.3000000119
50398  -40.192  -21.407  -21.520 0.5000000000
145364  -42.567  -16.576  -25.333 0.3000000119
54899  -43.013  -17.248  -25.141 0.3000000119
139188  -40.041  -21.135  -20.675 0.5000000000
54902  -45.038  -16.489  -25.132 0.3000000119
50383  -39.782  -21.827  -20.190 0.5000000000
134691  -39.505  -22.303  -19.680 0.5000000000
53786  -40.711  -18.353  -23.965 0.3000000119
54896  -41.131  -17.982  -25.031 0.3000000119
52679  -40.531  -19.547  -22.654 0.3000000119
52685  -40.589  -19.783  -23.373 0.4000000060
54897  -41.762  -17.545  -25.212 0.3000000119
146214  -42.023  -16.641  -25.452 0.3000000119
53780  -40.577  -18.709  -22.519 0.3000000119
51497  -40.258  -20.614  -21.353 0.4000000060
143033  -43.288  -16.582  -25.123 0.3000000119
56001  -43.801  -16.058  -25.027 0.3000000119
154496  -44.692  -15.879  -25.157 0.3000000119
145605  -39.725  -21.178  -19.912 0.5000000000
56002  -45.575  -16.044  -25.546 0.3000000119
50372  -39.453  -21.649  -19.419 0.4000000060
54895  -40.959  -17.679  -24.650 0.3000000119
55998  -41.530  -16.895  -25.038 0.3000000119
142607  -40.656  -18.147  -23.128 0.3000000119
52686  -40.592  -18.972  -23.317 0.3000000119
56000  -42.773  -16.031  -25.189 0.3000000119
52662  -40.346  -18.925  -21.191 0.3000000119
52674  -40.496  -19.235  -21.855 0.3000000119
152541  -40.105  -20.363  -20.688 0.4000000060
57074  -43.974  -15.437  -24.958 0.3000000119
51485  -39.834  -20.513  -20.026 0.4000000060
57078  -45.918  -14.926  -25.882 0.3000000119
51476  -39.399  -20.755  -19.195 0.4000000060
155954  -45.952  -15.618  -25.817 0.3000000119
57079  -46.524  -15.435  -26.363 0.3000000119
54891  -40.813  -17.445  -23.700 0.3000000119
55994  -41.112  -16.681  -24.341 0.3000000119
55995  -41.538  -15.864  -24.817 0.3000000119
152055  -41.896  -16.121  -25.215 0.3000000119
54888  -40.682  -17.399  -22.815 0.3000000119
57071  -41.917  -15.432  -25.167 0.3000000119
57072  -42.368  -15.490  -25.123 0.3000000119
53775  -40.474  -18.295  -21.701 0.3000000119
57073  -43.001  -15.503  -25.003 0.3000000119
58144  -44.268  -14.877  -25.023 0.3000000119
52657  -39.966  -19.761  -20.240 0.4000000060
58145  -45.061  -14.352  -25.444 0.3000000119
148527  -39.571  -19.842  -19.436 0.4000000060
58148  -45.968  -14.038  -26.120 0.3000000119
58149  -46.502  -14.585  -26.652 0.3000000119
58152  -46.683  -14.198  -27.556 0.3000000119
140199  -41.023  -15.838  -24.164 0.3000000119
58136  -41.770  -14.676  -25.028 0.3000000119
58141  -42.080  -14.889  -25.101 0.3000000119
54884  -40.569  -17.469  -22.001 0.3000000119
159991  -40.661  -16.847  -22.342 0.3000000119
137431  -42.509  -15.044  -24.977 0.3000000119
58143  -43.254  -14.797  -24.868 0.3000000119
54874  -40.354  -17.483  -21.152 0.3000000119
59170  -43.285  -13.788  -24.820 0.3000000119
143349  -40.092  -18.996  -20.483 0.4000000060
137636  -44.053  -14.300  -24.991 0.3000000119
149275  -39.741  -19.042  -19.687 0.4000000060
59171  -44.513  -13.521  -25.244 0.3000000119
59175  -46.354  -13.716  -26.916 0.3000000119
52651  -39.367  -19.116  -18.955 0.4000000060
57067  -41.295  -15.279  -24.575 0.3000000119
57068  -41.605  -15.117  -24.943 0.3000000119
157094  -40.912  -15.737  -23.530 0.3000000119
58137  -41.900  -14.351  -25.042 0.3000000119
58142  -42.305  -14.371  -24.962 0.3000000119
147207  -40.486  -16.760  -21.565 0.3000000119
60107  -44.986  -12.630  -25.735 0.3000000119
59172  -45.408  -13.415  -25.828 0.3000000119
59174  -45.913  -13.311  -26.501 0.3000000119
53755  -39.101  -18.405  -18.550 0.3000000119
59178  -46.288  -13.475  -27.778 0.3000000119
150411  -46.125  -13.338  -28.650 0.3000000119
58154  -46.484  -13.862  -29.105 0.3000000119
57062  -41.057  -15.114  -23.745 0.3000000119
58135  -41.361  -14.553  -24.607 0.3000000119
59165  -41.678  -13.948  -24.821 0.3000000119
59166  -41.948  -13.840  -24.884 0.3000000119
57057  -40.858  -15.549  -22.850 0.3000000119
135285  -42.960  -12.883  -24.699 0.3000000119
60106  -43.983  -12.703  -25.095 0.3000000119
61061  -44.476  -11.824  -25.841 0.3000000119
60110  -45.238  -12.026  -26.491 0.3000000119
156000  -45.630  -12.308  -27.008 0.3000000119
59177  -45.941  -12.926  -27.195 0.3000000119
60113  -45.703  -12.280  -27.643 0.3000000119
150290  -45.856  -12.850  -28.097 0.3000000119
60116  -45.724  -12.616  -28.974 0.3000000119
59182  -46.015  -13.259  -29.525 0.3000000119
58129  -40.979  -14.240  -23.665 0.3000000119
59164  -41.250  -13.735  -24.261 0.3000000119
58126  -40.775  -14.691  -22.779 0.3000000119
148726  -41.448  -13.262  -24.403 0.3000000119
60100  -41.775  -13.071  -24.595 0.3000000119
157545  -42.517  -12.274  -24.874 0.3000000119
55986  -40.334  -15.967  -21.235 0.3000000119
60111  -45.584  -12.722  -26.436 0.3000000119
61083  -45.480  -11.855  -28.796 0.3000000119
60120  -45.460  -12.003  -29.493 0.3000000119
60093  -40.938  -12.898  -23.933 0.3000000119
60086  -40.668  -12.939  -23.022 0.3000000119
59162  -40.880  -13.495  -23.567 0.3000000119
59159  -40.616  -13.752  -22.703 0.3000000119
58122  -40.221  -14.393  -21.326 0.3000000119
159512  -40.473  -14.328  -22.064 0.3000000119
42748  -38.882  -28.319  -24.272 0.6999999881
45234  -39.804  -27.072  -24.792 0.5000000000
43972  -39.162  -27.860  -23.449 0.6000000238
38591  -36.826  -32.880  -23.622 0.6999999881
10790  -42.949  -65.007  -14.011 0.3000000119
139969  -44.792  -64.419  -13.952 0.3000000119
157991  -44.861  -64.392  -14.462 0.3000000119
11470  -45.667  -64.007  -14.913 0.3000000119
12888  -43.949  -63.067  -15.578 0.4000000060
13625  -43.633  -60.915  -17.680 0.4000000060
13636  -44.895  -61.965  -19.905 0.4000000060
13647  -44.349  -62.367  -20.910 0.4000000060
14418  -45.070  -61.039  -21.151 0.4000000060
15865  -45.608  -57.968  -21.337 0.4000000060
16558  -45.478  -57.134  -20.914 0.4000000060
19859  -41.519  -52.105  -19.784 0.4000000060
22512  -40.631  -49.666  -10.853 0.3000000119
24186  -41.452  -47.390  -10.572 0.3000000119
20757  -41.565  -51.327  -20.144 0.5000000000
26050  -42.903  -45.716  -11.891 0.3000000119
26072  -43.019  -45.568  -12.802 0.3000000119
20758  -43.086  -51.377  -22.016 0.5000000000
22594  -41.712  -49.691  -20.755 0.5000000000
139744  -47.160  -40.551  -18.640 0.3000000119
31003  -46.313  -40.407  -17.738 0.3000000119
31014  -46.964  -40.019  -19.243 0.3000000119
24327  -42.532  -47.037  -21.827 0.6000000238
33019  -46.152  -38.774  -18.857 0.4000000060
141559  -43.126  -48.002  -22.619 0.6000000238
33028  -46.548  -38.372  -19.392 0.4000000060
35109  -46.958  -37.262  -19.973 0.4000000060
35119  -47.003  -36.297  -20.123 0.4000000060
36109  -47.112  -35.359  -20.320 0.4000000060
153936  -47.756  -35.350  -20.771 0.4000000060
32090  -33.474  -39.121  -25.812 0.4000000060
32091  -34.170  -39.453  -25.436 0.5000000000
144468  -34.812  -39.424  -26.158 0.5000000000
27137  -46.036  -45.979  -26.782 0.6999999881
37775  -47.950  -33.186  -21.554 0.4000000060
28061  -45.901  -45.018  -27.132 0.6999999881
159286  -34.454  -38.076  -25.834 0.5000000000
34097  -34.894  -38.463  -26.095 0.5000000000
33074  -35.741  -38.174  -25.445 0.6000000238
34089  -36.657  -37.866  -24.228 0.8000000119
30082  -45.976  -41.901  -27.941 0.8000000119
29058  -45.936  -42.961  -26.994 0.6999999881
28066  -45.668  -44.135  -27.402 0.6999999881
39483  -47.869  -31.560  -22.421 0.4000000060
30081  -45.235  -41.592  -28.255 0.8000000119
34072  -37.324  -37.304  -23.337 0.8000000119
35133  -37.498  -36.418  -22.820 0.6999999881
152576  -41.104  -40.590  -25.575 0.8000000119
34059  -38.129  -37.196  -22.965 0.6999999881
34073  -38.681  -37.828  -23.233 0.6999999881
32096  -40.584  -39.628  -24.700 0.8000000119
34074  -39.558  -37.565  -23.187 0.6999999881
33064  -40.168  -38.078  -23.711 0.6000000238
39507  -47.155  -30.374  -23.617 0.3000000119
39518  -45.643  -30.776  -24.704 0.4000000060
39506  -46.218  -30.815  -23.907 0.4000000060
40578  -45.216  -29.911  -25.656 0.4000000060
40569  -45.203  -30.552  -25.481 0.4000000060
41619  -45.269  -29.330  -25.229 0.4000000060
43993  -45.231  -27.750  -24.621 0.5000000000
44000  -44.017  -27.943  -25.694 0.5000000000
45240  -44.905  -26.887  -24.268 0.5000000000
161538  -45.869  -27.767  -24.203 0.4000000060
45229  -46.096  -26.318  -23.720 0.5000000000
43999  -43.254  -27.953  -25.813 0.5000000000
45238  -43.068  -26.462  -25.017 0.5000000000
148239  -43.677  -26.343  -24.595 0.4000000060
141979  -46.479  -24.910  -23.605 0.5000000000
48377  -47.033  -23.256  -23.987 0.5000000000
40546  -30.137  -30.652  -26.045 0.5000000000
41607  -30.922  -29.979  -24.575 0.6000000238
41608  -32.041  -30.437  -24.247 0.6000000238
40534  -32.994  -30.694  -24.002 0.6000000238
51526  -47.748  -20.247  -25.038 0.3000000119
41598  -32.762  -29.645  -23.341 0.6000000238
153637  -33.597  -29.656  -22.886 0.6000000238
146132  -34.124  -29.418  -22.390 0.6000000238
51535  -47.800  -19.475  -25.709 0.3000000119
43956  -35.394  -28.102  -20.874 0.6000000238
151787  -36.802  -26.917  -19.476 0.6000000238
45178  -36.851  -25.842  -18.721 0.6000000238
46286  -37.010  -25.248  -18.375 0.6000000238
48326  -37.527  -23.531  -17.874 0.6000000238
48327  -38.239  -23.746  -18.481 0.6000000238
47314  -36.880  -23.967  -17.790 0.6000000238
139148  -38.184  -22.888  -18.103 0.5000000000
50359  -39.035  -21.499  -18.728 0.5000000000
51468  -38.830  -20.692  -18.465 0.4000000060
149265  -39.125  -19.919  -18.737 0.4000000060
52650  -38.819  -19.180  -18.331 0.4000000060
61070  -45.086  -11.135  -27.806 0.3000000119
61076  -45.526  -11.710  -28.054 0.3000000119
60119  -45.280  -11.665  -30.245 0.3000000119
60125  -45.659  -12.419  -30.749 0.3000000119
141201  -40.475  -12.945  -22.121 0.3000000119
159570  -46.093  -61.845  -18.322 0.4000000060
12870  -45.531  -61.191  -14.344 0.3000000119
12871  -46.641  -62.180  -14.497 0.3000000119
13591  -46.510  -60.764  -15.109 0.3000000119
13638  -46.769  -61.702  -18.518 0.4000000060
139844  -45.027  -59.057  -15.339 0.3000000119
19002  -41.471  -53.609  -18.675 0.4000000060
16493  -42.203  -56.397  -13.362 0.3000000119
16548  -41.961  -56.519  -16.897 0.4000000060
18956  -40.683  -53.850  -14.355 0.3000000119
26071  -42.237  -45.550  -12.443 0.3000000119
25152  -39.374  -46.540  -12.120 0.3000000119
26080  -40.220  -45.078  -12.994 0.3000000119
28972  -43.263  -42.642  -14.518 0.3000000119
29988  -44.329  -41.685  -15.534 0.3000000119
25176  -38.064  -46.256  -13.991 0.3000000119
26102  -38.454  -45.309  -15.172 0.3000000119
27961  -39.822  -43.786  -13.786 0.3000000119
27972  -39.983  -43.159  -14.053 0.3000000119
30024  -47.732  -41.158  -18.453 0.3000000119
27065  -38.582  -44.767  -15.847 0.3000000119
27983  -38.926  -43.284  -15.090 0.3000000119
149066  -41.371  -43.927  -20.762 0.6000000238
32024  -46.363  -39.526  -18.699 0.4000000060
27112  -42.415  -44.947  -21.650 0.6000000238
27121  -43.380  -45.303  -22.639 0.6999999881
27077  -39.317  -44.209  -17.471 0.3000000119
34038  -46.455  -37.517  -19.434 0.4000000060
27122  -44.574  -45.826  -24.054 0.6999999881
30022  -39.886  -41.718  -17.879 0.4000000060
31032  -40.655  -40.948  -19.925 0.4000000060
35094  -44.438  -36.484  -18.477 0.4000000060
30051  -41.509  -41.247  -21.277 0.6000000238
142746  -42.885  -42.056  -22.872 0.6999999881
28055  -45.869  -45.143  -26.006 0.6999999881
30059  -42.039  -40.951  -22.088 0.6000000238
37766  -46.039  -33.725  -20.479 0.4000000060
28054  -44.513  -43.591  -24.381 0.6999999881
37767  -46.777  -33.739  -20.677 0.4000000060
149953  -47.087  -33.121  -21.233 0.4000000060
33073  -32.985  -38.737  -25.586 0.3000000119
29054  -44.810  -42.536  -25.432 0.6999999881
28062  -45.914  -44.303  -26.835 0.6999999881
36115  -42.814  -35.741  -21.239 0.5000000000
31061  -45.794  -41.126  -27.604 0.6999999881
30073  -45.750  -41.387  -27.019 0.8000000119
152234  -42.171  -40.452  -27.730 0.6000000238
32103  -41.408  -39.963  -25.644 0.6999999881
33077  -40.716  -38.639  -24.545 0.6999999881
33076  -39.896  -38.926  -23.890 0.8000000119
39492  -47.521  -30.949  -22.964 0.4000000060
35136  -39.825  -36.096  -22.823 0.6999999881
35152  -39.747  -36.770  -22.938 0.6999999881
33063  -39.326  -38.363  -23.476 0.8000000119
138296  -45.364  -32.432  -23.721 0.3000000119
39535  -44.204  -31.122  -26.725 0.4000000060
39534  -43.535  -31.399  -27.872 0.5000000000
38625  -44.791  -32.818  -25.120 0.4000000060
38606  -33.405  -32.605  -25.085 0.6999999881
42772  -44.101  -28.863  -27.266 0.5000000000
153802  -36.184  -32.216  -26.000 0.6999999881
40560  -30.103  -31.411  -27.423 0.5000000000
158661  -41.288  -34.601  -29.892 0.5000000000
44003  -42.868  -27.984  -26.868 0.5000000000
37799  -40.137  -32.730  -23.332 0.6999999881
43991  -43.660  -27.151  -25.048 0.4000000060
38592  -38.352  -32.213  -23.398 0.8000000119
40561  -30.988  -31.326  -27.149 0.5000000000
43998  -42.444  -27.977  -25.815 0.5000000000
39513  -36.348  -31.248  -27.386 0.6000000238
39504  -40.174  -31.472  -23.954 0.6000000238
39502  -38.721  -31.051  -24.449 0.6999999881
152892  -38.100  -30.265  -26.490 0.6999999881
40573  -34.594  -30.777  -28.371 0.6000000238
42754  -37.331  -28.991  -25.577 0.6000000238
40577  -41.674  -29.647  -26.181 0.6000000238
47368  -41.759  -24.312  -24.139 0.4000000060
40582  -38.621  -29.545  -26.553 0.6999999881
42756  -38.797  -28.560  -25.156 0.6999999881
41629  -38.841  -29.084  -26.796 0.6999999881
40565  -34.863  -30.411  -25.880 0.6000000238
42747  -38.164  -28.944  -23.963 0.6000000238
40551  -35.375  -30.488  -24.574 0.6000000238
43965  -38.758  -27.981  -22.694 0.6000000238
42757  -39.457  -28.628  -25.368 0.5000000000
43980  -39.516  -27.835  -25.081 0.5000000000
43981  -39.482  -27.577  -24.187 0.6000000238
50433  -44.473  -20.924  -24.139 0.4000000060
43973  -39.577  -27.124  -23.529 0.6999999881
40538  -36.330  -30.236  -23.210 0.6000000238
47364  -40.604  -24.209  -23.770 0.6000000238
45225  -39.859  -26.376  -23.661 0.6999999881
145886  -46.927  -20.429  -24.832 0.3000000119
49383  -41.393  -22.570  -24.063 0.5000000000
47356  -39.813  -25.001  -22.525 0.6000000238
158878  -44.682  -19.280  -24.351 0.3000000119
149482  -40.038  -24.085  -22.857 0.6000000238
46306  -38.602  -25.683  -19.902 0.6000000238
49376  -40.239  -22.530  -22.584 0.6000000238
51517  -40.910  -20.330  -24.126 0.5000000000
51522  -40.823  -19.661  -24.268 0.4000000060
140667  -40.719  -20.026  -23.840 0.4000000060
53796  -40.999  -18.859  -24.977 0.4000000060
51505  -40.349  -20.885  -22.103 0.5000000000
51498  -40.420  -20.093  -21.986 0.4000000060
55999  -42.229  -16.019  -25.267 0.3000000119
52673  -40.272  -19.733  -21.117 0.3000000119
57075  -45.085  -15.336  -25.348 0.3000000119
153975  -40.590  -18.003  -22.439 0.3000000119
53768  -40.223  -18.248  -20.788 0.3000000119
141286  -40.852  -16.450  -23.237 0.3000000119
59180  -46.558  -13.867  -28.315 0.3000000119
55989  -40.682  -16.117  -22.129 0.3000000119
59169  -42.394  -13.680  -24.776 0.3000000119
60105  -42.232  -13.058  -24.633 0.3000000119
57053  -40.490  -15.167  -21.879 0.3000000119
61071  -45.404  -11.756  -27.296 0.3000000119
153395  -45.687  -12.245  -28.296 0.3000000119
145337  -45.665  -12.537  -29.907 0.3000000119
59184  -45.970  -13.194  -30.376 0.3000000119
145230  -41.503  -12.270  -24.721 0.3000000119
57043  -40.037  -15.156  -20.910 0.3000000119
61082  -45.180  -11.351  -29.435 0.3000000119
59157  -40.369  -13.659  -21.712 0.3000000119
15164  -44.137  -60.578  -21.612 0.4000000060
42765  -44.326  -28.791  -26.241 0.4000000060
139828  -48.417  -25.317  -24.122 0.3000000119
139829  -47.312  -25.126  -23.873 0.4000000060
47373  -49.071  -24.485  -24.101 0.3000000119
46335  -46.656  -25.722  -23.583 0.4000000060
48379  -48.772  -23.618  -24.038 0.3000000119
47372  -48.094  -24.369  -24.098 0.3000000119
47371  -47.180  -24.182  -23.999 0.4000000060
49387  -47.673  -22.558  -24.034 0.3000000119
49399  -48.286  -21.886  -24.336 0.3000000119
48378  -47.879  -23.435  -23.983 0.3000000119
50437  -48.037  -21.045  -24.564 0.3000000119
49398  -47.450  -21.708  -24.307 0.3000000119
42736  -31.187  -28.992  -23.853 0.5000000000
147944  -32.219  -27.846  -23.166 0.5000000000
42737  -32.046  -28.744  -23.394 0.5000000000
43971  -32.771  -27.526  -22.796 0.5000000000
42725  -33.433  -28.901  -22.633 0.5000000000
43964  -33.937  -27.897  -21.879 0.5000000000
43944  -34.804  -27.380  -20.948 0.5000000000
46304  -34.248  -25.642  -20.976 0.5000000000
46305  -34.865  -25.810  -20.257 0.5000000000
45192  -34.516  -26.443  -20.887 0.5000000000
46294  -35.499  -25.535  -19.418 0.4000000060
47343  -34.822  -24.891  -19.890 0.5000000000
146189  -34.442  -25.071  -20.556 0.5000000000
46285  -36.206  -25.233  -18.666 0.5000000000
47333  -35.370  -24.618  -19.147 0.4000000060
47323  -35.814  -24.261  -18.373 0.5000000000
48336  -35.225  -23.686  -18.952 0.4000000060
48324  -35.544  -23.434  -18.076 0.4000000060
48316  -36.777  -23.283  -17.608 0.5000000000
50357  -35.171  -22.069  -17.955 0.4000000060
49315  -35.812  -22.277  -17.613 0.5000000000
49327  -35.436  -22.746  -17.869 0.4000000060
50348  -36.377  -21.695  -17.472 0.5000000000
49316  -36.625  -22.471  -17.516 0.4000000060
49318  -38.053  -22.097  -17.824 0.4000000060
49317  -37.330  -21.794  -17.552 0.3000000119
156324  -36.075  -21.056  -17.416 0.3000000119
145933  -36.832  -21.028  -17.425 0.3000000119
50349  -37.715  -20.970  -17.621 0.3000000119
152305  -37.915  -21.568  -17.726 0.3000000119
51461  -37.093  -20.223  -17.389 0.3000000119
51462  -37.837  -20.061  -17.713 0.3000000119
51467  -38.291  -20.617  -17.987 0.3000000119
43970  -32.206  -27.054  -23.114 0.5000000000
46337  -49.329  -25.843  -24.091 0.3000000119
45230  -46.888  -26.444  -23.814 0.4000000060
45207  -33.169  -26.567  -22.346 0.5000000000
46311  -33.722  -25.569  -21.547 0.4000000060
48346  -34.796  -23.999  -19.747 0.5000000000
43992  -44.550  -27.354  -25.019 0.4000000060
43945  -35.744  -27.598  -20.320 0.5000000000
144723  -46.370  -27.112  -24.054 0.4000000060
41597  -31.774  -29.587  -23.823 0.5000000000
42738  -32.795  -28.393  -22.934 0.5000000000
42726  -34.032  -28.611  -22.043 0.5000000000
43955  -34.661  -28.243  -21.438 0.5000000000
45194  -36.101  -26.986  -19.720 0.5000000000
47324  -36.539  -24.545  -18.110 0.5000000000
153388  -37.465  -22.688  -17.668 0.4000000060
49328  -38.642  -22.198  -18.412 0.3000000119
46336  -47.481  -25.909  -23.912 0.4000000060
43969  -31.470  -28.102  -23.519 0.5000000000
155959  -31.735  -27.398  -23.419 0.5000000000
139939  -33.131  -27.210  -22.475 0.5000000000
43963  -33.384  -27.941  -22.408 0.5000000000
45208  -33.621  -27.196  -22.000 0.5000000000
45201  -34.111  -26.844  -21.460 0.5000000000
45183  -35.604  -26.294  -19.712 0.5000000000
148027  -34.024  -26.183  -21.360 0.5000000000
45200  -33.617  -26.352  -21.831 0.5000000000
45193  -35.238  -26.773  -20.284 0.4000000060
48325  -36.189  -23.811  -17.826 0.5000000000
158697  -37.409  -39.604  -25.103 0.6999999881
32095  -39.453  -39.680  -24.157 0.6999999881
32094  -38.361  -39.509  -24.317 0.6999999881
32093  -37.644  -38.900  -24.523 0.6999999881
32082  -39.136  -39.077  -23.714 0.6999999881
33062  -38.521  -38.640  -23.710 0.6999999881
33061  -37.715  -38.058  -23.725 0.6999999881
152254  -37.039  -38.509  -24.693 0.6999999881
40570  -46.029  -30.047  -24.701 0.3000000119
41620  -45.981  -29.480  -24.775 0.3000000119
42760  -46.676  -28.809  -24.221 0.3000000119
43994  -46.506  -28.005  -24.054 0.3000000119
42759  -45.905  -28.559  -24.850 0.3000000119
42749  -47.323  -28.103  -23.995 0.3000000119
43984  -47.935  -27.448  -24.055 0.3000000119
43983  -47.138  -27.285  -24.012 0.3000000119
45231  -47.679  -26.661  -24.027 0.3000000119
42766  -45.045  -29.351  -26.197 0.3000000119
42758  -44.736  -28.607  -25.218 0.3000000119
30079  -42.577  -41.544  -27.706 0.6999999881
30080  -44.076  -41.880  -28.485 0.6999999881
30078  -41.417  -41.423  -26.305 0.6999999881
31064  -37.092  -40.822  -26.211 0.6999999881
30072  -40.203  -41.344  -25.241 0.6999999881
31059  -39.911  -40.497  -24.625 0.6999999881
32102  -36.782  -40.122  -26.023 0.6999999881
40555  -46.460  -30.273  -24.295 0.3000000119
41621  -46.879  -29.527  -24.175 0.3000000119
42750  -47.565  -28.856  -24.051 0.3000000119
142446  -48.170  -28.213  -23.962 0.3000000119
146239  -48.428  -26.929  -24.051 0.3000000119
151680  -48.440  -26.248  -24.109 0.3000000119
19869  -45.468  -53.979  -23.750 0.4000000060
143765  -45.306  -52.074  -24.379 0.4000000060
20767  -44.710  -52.808  -22.981 0.4000000060
19868  -44.435  -53.484  -22.163 0.4000000060
142616  -45.392  -51.903  -26.137 0.4000000060
23432  -42.506  -48.681  -21.917 0.5000000000
22607  -42.654  -49.603  -22.112 0.4000000060
140180  -42.909  -50.443  -22.238 0.4000000060
21685  -44.915  -51.200  -24.481 0.4000000060
136388  -44.672  -50.349  -24.607 0.5000000000
22615  -43.675  -49.434  -23.383 0.5000000000
21691  -43.145  -51.650  -25.914 0.5000000000
23433  -43.918  -48.827  -23.788 0.5000000000
21693  -45.063  -49.714  -25.459 0.5000000000
21695  -43.472  -50.615  -26.235 0.5000000000
21694  -41.501  -50.663  -24.820 0.5000000000
21690  -40.377  -51.394  -23.805 0.5000000000
22618  -45.071  -49.482  -26.929 0.5000000000
23437  -45.258  -49.042  -25.952 0.6000000238
23438  -43.825  -48.882  -26.875 0.5000000000
22616  -42.021  -49.841  -25.021 0.5000000000
23434  -40.964  -48.836  -23.353 0.6000000238
24326  -40.507  -47.345  -22.415 0.5000000000
23436  -45.059  -48.801  -27.217 0.6000000238
24334  -44.977  -47.873  -25.167 0.6000000238
23435  -42.390  -49.058  -25.344 0.5000000000
24331  -40.432  -48.078  -22.440 0.6000000238
25248  -40.235  -46.435  -22.111 0.5000000000
26166  -37.598  -45.850  -23.378 0.5000000000
26156  -38.620  -45.537  -22.164 0.5000000000
26157  -39.543  -45.859  -21.802 0.5000000000
27119  -38.654  -45.053  -22.955 0.5000000000
30065  -36.346  -42.047  -24.008 0.4000000060
146600  -43.986  -48.228  -26.994 0.6000000238
30070  -36.394  -41.760  -25.380 0.5000000000
25263  -44.770  -47.888  -26.463 0.6000000238
24336  -43.598  -47.912  -26.341 0.5000000000
146085  -36.492  -42.668  -24.813 0.5000000000
25262  -43.421  -47.549  -26.002 0.6000000238
24333  -42.274  -47.440  -24.562 0.6000000238
28056  -36.658  -43.490  -24.857 0.5000000000
155633  -41.829  -46.671  -23.815 0.6000000238
26168  -40.698  -45.823  -22.668 0.6000000238
25258  -41.072  -46.860  -23.007 0.5000000000
26176  -37.531  -45.356  -24.250 0.5000000000
27120  -40.086  -44.679  -22.864 0.5000000000
30058  -36.366  -41.666  -22.799 0.4000000060
31056  -35.822  -41.056  -25.272 0.5000000000
30069  -36.054  -40.896  -26.238 0.5000000000
26171  -45.229  -47.739  -25.535 0.6000000238
26178  -45.093  -47.849  -26.729 0.6000000238
29059  -36.965  -41.975  -25.765 0.5000000000
26169  -42.157  -46.217  -24.189 0.6000000238
152866  -42.227  -44.442  -24.503 0.6000000238
139110  -41.276  -45.227  -23.335 0.6000000238
27134  -38.781  -44.539  -23.888 0.5000000000
28051  -40.120  -44.028  -23.755 0.5000000000
28059  -38.963  -44.127  -24.774 0.5000000000
31044  -36.099  -41.002  -23.579 0.4000000060
31055  -35.478  -40.201  -25.947 0.5000000000
31062  -35.969  -40.297  -26.340 0.5000000000
31063  -36.335  -40.601  -26.370 0.5000000000
30074  -36.655  -41.221  -26.262 0.5000000000
30075  -37.345  -41.418  -25.942 0.5000000000
27136  -45.677  -45.670  -27.226 0.6000000238
156812  -37.563  -42.068  -25.701 0.5000000000
29055  -36.754  -42.713  -25.302 0.5000000000
27135  -44.358  -44.232  -26.733 0.6000000238
27133  -37.865  -44.571  -24.747 0.5000000000
28052  -41.158  -43.782  -24.222 0.5000000000
28058  -38.062  -43.878  -25.275 0.5000000000
31057  -37.689  -40.276  -25.219 0.6000000238
31065  -37.947  -41.039  -25.475 0.5000000000
30076  -38.186  -41.741  -25.503 0.5000000000
29060  -37.307  -42.709  -25.559 0.5000000000
28053  -42.418  -43.705  -25.250 0.6000000238
29061  -38.198  -42.570  -25.583 0.5000000000
28060  -40.951  -43.220  -25.074 0.5000000000
28064  -39.147  -43.464  -25.281 0.5000000000
28065  -40.161  -43.036  -25.456 0.5000000000
31051  -35.517  -40.262  -24.174 0.4000000060
32101  -36.091  -39.872  -26.349 0.4000000060
31058  -38.732  -40.407  -24.567 0.6000000238
29063  -42.504  -42.090  -27.637 0.6000000238
154163  -39.086  -42.870  -25.476 0.5000000000
134781  -41.293  -42.057  -26.459 0.6000000238
158586  -39.573  -43.063  -25.468 0.5000000000
33081  -35.659  -38.987  -26.251 0.4000000060
33075  -36.334  -38.560  -25.423 0.5000000000
32100  -35.512  -39.586  -26.150 0.4000000060
33080  -34.615  -38.948  -26.346 0.4000000060
30071  -39.039  -41.276  -24.825 0.6000000238
30077  -39.202  -42.094  -25.323 0.5000000000
135158  -40.417  -41.988  -25.807 0.5000000000
28057  -37.133  -43.574  -25.277 0.5000000000
27126  -37.057  -44.956  -24.808 0.5000000000
32092  -34.920  -39.811  -24.804 0.4000000060
154978  -42.414  -52.004  -20.970 0.4000000060
144563  -44.368  -48.256  -24.405 0.6000000238
133728  -45.473  -46.982  -25.642 0.6000000238
29065  -45.467  -42.475  -28.258 0.6000000238
29064  -44.201  -42.853  -27.510 0.6000000238
29057  -42.908  -42.984  -26.449 0.6000000238
33082  -36.650  -39.234  -25.652 0.5000000000
21696  -44.948  -50.371  -26.523 0.5000000000
22617  -43.787  -49.810  -26.621 0.5000000000
22614  -40.456  -49.464  -23.017 0.5000000000
138340  -41.351  -48.191  -23.501 0.6000000238
24335  -42.655  -48.148  -25.375 0.6000000238
26177  -43.718  -47.345  -26.388 0.6000000238
142797  -42.581  -45.605  -24.751 0.6000000238
27128  -44.271  -45.780  -26.444 0.6000000238
146198  -39.992  -43.582  -24.788 0.5000000000
29056  -41.432  -42.629  -26.020 0.6000000238
29062  -40.009  -42.527  -25.628 0.5000000000
148325  -47.063  -38.723  -19.904 0.3000000119
32036  -46.695  -39.203  -19.391 0.3000000119
33037  -47.556  -38.904  -20.335 0.3000000119
34044  -47.481  -38.051  -20.286 0.3000000119
32049  -48.040  -39.421  -20.670 0.3000000119
33038  -48.048  -38.571  -20.728 0.3000000119
33045  -48.593  -38.313  -21.290 0.3000000119
35120  -47.588  -37.056  -20.494 0.3000000119
34045  -48.148  -37.708  -20.845 0.3000000119
35126  -48.802  -36.563  -21.692 0.3000000119
144412  -47.688  -36.121  -20.630 0.3000000119
35121  -48.233  -36.809  -21.045 0.3000000119
38597  -48.949  -31.957  -22.707 0.3000000119
38582  -48.187  -32.371  -21.973 0.3000000119
39493  -48.485  -31.182  -23.058 0.3000000119
39508  -48.239  -30.529  -23.461 0.3000000119
32048  -47.351  -39.553  -20.008 0.3000000119
32059  -48.650  -39.645  -21.339 0.3000000119
33046  -49.015  -39.012  -21.681 0.3000000119
33055  -49.293  -38.174  -21.937 0.3000000119
36110  -48.284  -35.923  -21.198 0.3000000119
36117  -48.245  -34.909  -21.263 0.3000000119
147993  -48.833  -33.239  -21.931 0.3000000119
37785  -49.603  -33.302  -22.471 0.3000000119
38583  -49.054  -32.661  -22.332 0.3000000119
39494  -49.390  -31.407  -23.293 0.3000000119
39509  -49.009  -30.855  -23.528 0.3000000119
149021  -48.438  -39.000  -21.128 0.3000000119
34062  -49.446  -37.186  -22.261 0.3000000119
20751  -28.378  -51.295  -19.163 0.4000000060
21672  -28.754  -50.685  -19.517 0.3000000119
144747  -29.630  -50.635  -20.141 0.3000000119
22600  -30.445  -49.301  -20.996 0.3000000119
25230  -37.115  -46.914  -21.326 0.4000000060
25246  -37.600  -46.451  -21.797 0.4000000060
144763  -36.665  -47.944  -20.520 0.4000000060
23419  -37.405  -48.243  -20.474 0.4000000060
26175  -36.797  -46.032  -24.176 0.4000000060
159929  -37.885  -46.012  -22.291 0.4000000060
144040  -38.532  -46.184  -21.586 0.4000000060
24324  -38.920  -47.440  -21.334 0.4000000060
24325  -39.806  -47.597  -21.815 0.4000000060
24307  -38.125  -47.736  -20.757 0.4000000060
140259  -38.794  -48.297  -21.260 0.4000000060
146070  -35.497  -44.469  -21.773 0.3000000119
155710  -36.770  -45.500  -24.544 0.4000000060
25247  -39.461  -46.749  -21.653 0.4000000060
29040  -36.423  -42.923  -22.143 0.3000000119
29039  -36.078  -42.765  -21.467 0.3000000119
23431  -39.811  -48.419  -21.922 0.4000000060
158486  -38.719  -46.746  -21.339 0.4000000060
28050  -36.473  -44.180  -24.376 0.4000000060
23418  -36.648  -48.702  -20.274 0.4000000060
25245  -36.683  -46.779  -22.474 0.4000000060
24306  -37.352  -47.414  -20.712 0.4000000060
14417  -43.444  -61.934  -21.242 0.3000000119
15169  -44.618  -59.064  -21.581 0.3000000119
15869  -45.386  -57.826  -21.594 0.3000000119
16563  -45.706  -57.243  -22.270 0.3000000119
17343  -42.259  -55.268  -21.375 0.3000000119
18169  -40.730  -54.435  -20.463 0.3000000119
18179  -44.304  -55.001  -23.222 0.3000000119
18178  -42.145  -54.539  -22.710 0.3000000119
19028  -40.686  -54.079  -21.762 0.3000000119
19034  -45.574  -54.648  -23.562 0.3000000119
19033  -43.302  -54.492  -23.817 0.3000000119
19032  -41.391  -54.262  -23.707 0.3000000119
19875  -44.877  -54.220  -24.820 0.3000000119
19874  -42.077  -53.834  -25.118 0.3000000119
16560  -46.096  -57.242  -21.924 0.3000000119
20773  -43.717  -53.005  -25.934 0.3000000119
154174  -43.847  -53.972  -25.566 0.3000000119
150126  -43.827  -58.441  -21.453 0.3000000119
11456  -43.786  -64.695  -14.287 0.3000000119
11458  -46.629  -63.906  -14.215 0.3000000119
11459  -47.258  -63.549  -14.831 0.4000000060
11469  -44.453  -64.182  -14.960 0.3000000119
12160  -47.587  -62.865  -15.629 0.4000000060
12161  -47.863  -62.328  -16.584 0.4000000060
12173  -46.712  -62.711  -16.403 0.4000000060
12890  -48.063  -62.143  -17.058 0.4000000060
12907  -47.969  -62.119  -17.432 0.4000000060
13592  -47.539  -61.797  -15.557 0.4000000060
13611  -47.984  -61.813  -16.689 0.4000000060
13626  -47.531  -61.506  -17.427 0.4000000060
13649  -45.949  -61.374  -19.721 0.4000000060
14410  -46.283  -61.205  -19.028 0.4000000060
15818  -44.152  -56.873  -13.764 0.3000000119
15838  -44.663  -56.389  -13.989 0.3000000119
15848  -44.543  -57.207  -14.257 0.3000000119
15854  -43.805  -57.856  -15.562 0.4000000060
15864  -43.909  -57.606  -19.594 0.4000000060
15868  -44.513  -57.422  -21.799 0.3000000119
16495  -44.473  -55.833  -13.881 0.3000000119
16549  -42.568  -57.203  -16.701 0.4000000060
16562  -45.456  -56.785  -22.475 0.3000000119
17263  -42.809  -54.540  -13.390 0.3000000119
17273  -43.485  -54.822  -13.732 0.3000000119
17282  -43.605  -55.060  -14.283 0.3000000119
17283  -44.253  -55.352  -14.074 0.3000000119
17294  -42.281  -55.609  -14.939 0.3000000119
17342  -45.926  -56.636  -22.474 0.3000000119
18092  -42.519  -54.013  -13.047 0.3000000119
18102  -43.588  -54.822  -13.889 0.3000000119
18110  -41.683  -54.396  -14.284 0.3000000119
18120  -40.552  -54.605  -15.260 0.3000000119
18148  -41.493  -54.839  -17.743 0.4000000060
18162  -43.462  -55.057  -19.763 0.4000000060
18175  -42.239  -54.797  -21.914 0.3000000119
18932  -42.506  -53.305  -12.636 0.3000000119
18946  -42.553  -53.683  -13.142 0.3000000119
18957  -41.934  -53.822  -13.535 0.3000000119
18977  -39.815  -53.243  -16.984 0.3000000119
19036  -42.712  -54.270  -24.945 0.3000000119
19799  -42.191  -52.506  -12.345 0.3000000119
19800  -42.560  -53.128  -12.883 0.3000000119
19813  -42.300  -52.729  -12.891 0.3000000119
19829  -38.688  -52.213  -14.914 0.3000000119
19835  -38.698  -52.230  -15.702 0.3000000119
19836  -39.120  -52.560  -16.406 0.3000000119
20690  -40.850  -51.453  -12.461 0.3000000119
20708  -39.653  -51.646  -13.325 0.3000000119
20774  -45.499  -53.286  -25.281 0.4000000060
21609  -38.986  -50.193  -12.598 0.3000000119
21633  -38.260  -50.183  -13.985 0.3000000119
21652  -38.931  -50.449  -16.854 0.3000000119
21660  -39.895  -51.073  -17.999 0.3000000119
21692  -44.516  -50.975  -25.794 0.5000000000
22536  -38.348  -49.578  -13.221 0.3000000119
22547  -38.177  -49.750  -14.691 0.3000000119
23327  -39.595  -48.318  -11.344 0.3000000119
23380  -38.488  -48.325  -16.132 0.3000000119
23392  -39.127  -48.358  -17.575 0.3000000119
23400  -39.648  -48.672  -18.249 0.3000000119
23439  -45.001  -48.213  -25.990 0.6000000238
24218  -38.381  -47.828  -12.541 0.3000000119
24308  -41.276  -47.413  -20.293 0.5000000000
24328  -43.926  -47.581  -23.683 0.6000000238
24332  -41.500  -47.624  -23.524 0.6000000238
24337  -45.315  -48.093  -26.643 0.6000000238
25154  -41.100  -46.122  -11.727 0.3000000119
25155  -43.726  -45.744  -12.150 0.3000000119
25188  -38.285  -46.138  -14.807 0.3000000119
25217  -39.611  -46.105  -18.139 0.4000000060
25231  -38.079  -46.840  -21.005 0.4000000060
25257  -36.859  -46.445  -23.311 0.4000000060
25260  -45.144  -47.870  -25.518 0.6000000238
26070  -41.528  -45.680  -12.199 0.3000000119
26079  -39.265  -45.337  -13.124 0.3000000119
26082  -42.431  -45.273  -13.183 0.3000000119
26093  -38.391  -45.469  -14.229 0.3000000119
26111  -38.600  -45.586  -16.096 0.3000000119
26112  -38.805  -45.075  -16.505 0.3000000119
26158  -42.046  -45.562  -21.298 0.6000000238
26167  -39.513  -45.226  -22.238 0.5000000000
27031  -38.832  -44.935  -13.732 0.3000000119
27032  -39.578  -44.559  -13.489 0.3000000119
27045  -39.104  -44.203  -14.056 0.3000000119
27092  -40.296  -44.463  -19.570 0.5000000000
27127  -41.201  -44.432  -23.599 0.6000000238
27129  -45.450  -46.892  -26.769 0.6000000238
27132  -37.300  -44.309  -25.027 0.5000000000
27971  -39.342  -43.516  -14.383 0.3000000119
27982  -38.630  -43.967  -15.557 0.3000000119
28010  -39.521  -43.315  -18.029 0.3000000119
28011  -39.870  -43.869  -18.906 0.5000000000
28030  -40.945  -43.264  -20.350 0.6000000238
28037  -36.179  -43.657  -21.954 0.3000000119
28063  -38.450  -43.245  -25.483 0.5000000000
28067  -45.789  -43.638  -27.554 0.6999999881
28958  -41.154  -42.833  -13.604 0.3000000119
28970  -41.465  -42.038  -13.860 0.3000000119
28983  -39.298  -42.607  -15.443 0.3000000119
28984  -40.054  -42.034  -14.896 0.3000000119
29025  -40.383  -42.187  -19.420 0.4000000060
29033  -35.502  -42.614  -20.887 0.5000000000
29970  -40.791  -41.660  -14.363 0.3000000119
29984  -40.190  -41.383  -15.559 0.3000000119
29985  -40.896  -41.000  -14.861 0.4000000060
30000  -40.145  -40.938  -16.540 0.4000000060
30001  -44.850  -41.283  -16.136 0.3000000119
30010  -39.802  -41.528  -17.158 0.4000000060
30011  -40.095  -40.962  -17.504 0.4000000060
30023  -46.908  -40.880  -17.878 0.3000000119
30050  -36.363  -42.000  -21.893 0.4000000060
30991  -43.662  -39.981  -16.009 0.4000000060
30992  -44.555  -40.413  -16.356 0.4000000060
30993  -45.451  -40.836  -16.722 0.3000000119
31012  -40.323  -40.291  -17.974 0.4000000060
31013  -46.609  -40.195  -18.372 0.3000000119
31039  -35.394  -40.427  -21.678 0.5000000000
31040  -41.542  -40.398  -21.410 0.6000000238
31981  -42.131  -39.481  -15.723 0.4000000060
31982  -42.788  -39.600  -15.736 0.4000000060
31994  -40.868  -39.712  -16.685 0.4000000060
32012  -45.419  -39.465  -17.560 0.4000000060
32098  -33.810  -38.760  -26.205 0.5000000000
33003  -40.883  -39.044  -17.856 0.4000000060
33005  -41.935  -38.030  -17.358 0.4000000060
33027  -41.242  -38.218  -19.266 0.4000000060
34005  -42.952  -37.838  -17.064 0.4000000060
34016  -43.124  -37.382  -17.434 0.4000000060
34017  -44.448  -37.670  -17.669 0.4000000060
34039  -46.925  -38.004  -19.793 0.4000000060
34043  -42.207  -36.862  -20.822 0.5000000000
34051  -48.741  -37.451  -21.506 0.3000000119
34096  -34.144  -38.466  -26.197 0.5000000000
35083  -43.322  -36.890  -17.843 0.4000000060
35092  -42.775  -36.684  -18.359 0.4000000060
35096  -45.972  -37.058  -19.081 0.4000000060
35117  -42.365  -36.375  -20.035 0.4000000060
36099  -45.630  -35.720  -19.333 0.4000000060
36125  -38.856  -35.617  -22.460 0.6999999881
36126  -39.499  -35.675  -22.632 0.6999999881
37793  -34.462  -33.277  -23.773 0.8000000119
38593  -39.204  -32.370  -23.166 0.8000000119
38611  -38.252  -31.665  -23.948 0.8000000119
38630  -35.694  -31.609  -27.833 0.6999999881
38632  -43.829  -32.637  -26.572 0.5000000000
39529  -36.270  -30.842  -28.003 0.6000000238
39530  -36.813  -30.808  -27.243 0.6000000238
39537  -42.811  -31.572  -29.341 0.4000000060
40528  -34.213  -30.256  -22.934 0.6000000238
40529  -35.067  -30.385  -22.807 0.6000000238
40568  -40.464  -30.457  -24.654 0.6000000238
40574  -36.987  -29.912  -27.671 0.6000000238
40575  -39.623  -29.605  -25.479 0.6000000238
40586  -42.372  -30.309  -28.159 0.5000000000
40587  -42.809  -30.173  -28.357 0.5000000000
40589  -43.646  -30.162  -27.737 0.4000000060
41591  -36.256  -29.987  -22.344 0.6000000238
41617  -36.482  -29.309  -26.154 0.6000000238
41628  -38.008  -29.263  -27.107 0.6999999881
41630  -39.298  -28.965  -26.113 0.6000000238
41632  -41.815  -29.234  -26.892 0.5000000000
41636  -42.381  -29.501  -28.045 0.5000000000
41637  -43.064  -29.423  -28.068 0.5000000000
42718  -35.577  -28.773  -21.207 0.6000000238
42729  -38.269  -28.541  -22.684 0.6000000238
42764  -39.942  -28.628  -25.593 0.6000000238
42767  -38.573  -28.927  -26.719 0.6999999881
42771  -43.378  -28.760  -27.327 0.5000000000
43938  -37.480  -27.051  -19.746 0.6000000238
44001  -41.658  -28.321  -26.405 0.5000000000
44004  -43.732  -28.153  -26.748 0.5000000000
45184  -36.361  -26.227  -19.183 0.5000000000
45195  -38.270  -26.662  -20.094 0.6000000238
45202  -38.965  -26.810  -21.353 0.6000000238
45216  -32.688  -26.779  -22.745 0.5000000000
45218  -39.661  -26.454  -23.010 0.6999999881
45224  -31.557  -26.674  -23.649 0.4000000060
45235  -40.593  -26.806  -24.667 0.5000000000
46287  -37.634  -25.121  -18.634 0.6000000238
47342  -34.388  -24.325  -20.443 0.5000000000
48315  -35.994  -23.051  -17.621 0.4000000060
50358  -38.401  -21.384  -18.062 0.3000000119
135000  -41.825  -40.419  -26.364 0.8000000119
136448  -37.884  -46.966  -13.808 0.3000000119
138445  -41.232  -31.663  -25.142 0.6000000238
140316  -40.631  -46.966  -19.601 0.5000000000
140539  -48.356  -40.015  -20.945 0.3000000119
141356  -41.168  -45.901  -20.313 0.6000000238
142752  -37.973  -48.081  -13.211 0.3000000119
143718  -42.319  -37.171  -18.012 0.4000000060
146441  -38.382  -49.971  -15.555 0.3000000119
146987  -38.638  -50.024  -16.293 0.3000000119
148438  -41.942  -44.107  -21.333 0.6000000238
148602  -39.302  -52.715  -14.446 0.3000000119
148810  -28.052  -51.991  -19.065 0.4000000060
148821  -34.201  -27.501  -21.567 0.5000000000
148982  -43.722  -37.319  -17.572 0.4000000060
149462  -38.506  -19.951  -18.186 0.3000000119
151691  -37.785  -43.228  -25.526 0.5000000000
152119  -40.149  -48.872  -10.931 0.3000000119
152785  -44.267  -46.964  -26.735 0.6000000238
153353  -46.211  -61.889  -19.307 0.4000000060
153465  -41.121  -28.640  -25.714 0.5000000000
154094  -35.962  -29.866  -27.787 0.6000000238
157154  -40.277  -52.481  -17.852 0.3000000119
157551  -42.789  -46.050  -11.214 0.3000000119
158279  -42.544  -31.256  -30.029 0.5000000000
158327  -40.864  -45.176  -12.804 0.3000000119
159041  -40.662  -42.519  -25.811 0.6000000238
160102  -44.885  -57.943  -21.729 0.3000000119
161143  -41.408  -55.533  -15.412 0.3000000119
161208  -36.112  -41.510  -24.625 0.5000000000
161414  -45.252  -61.463  -18.371 0.4000000060
