#!ascii label  , from subject sub-v1s20x0050278_ses-1 vox2ras=TkReg
2191
67927  55.581  -0.492  25.667 0.0000000000
61126  44.072  -6.274  45.749 0.0000000000
140368  35.749  -12.532  49.571 0.0000000000
53487  29.220  -13.632  51.810 0.0000000000
55435  43.262  -10.815  52.848 0.0000000000
49186  43.688  -18.623  45.896 0.0000000000
62385  50.598  -4.273  25.400 0.0000000000
133099  63.002  6.997  21.074 0.0000000000
69933  50.584  1.574  36.727 0.0000000000
59048  45.336  -8.465  35.205 0.0000000000
54558  35.412  -12.379  38.715 0.0000000000
154013  35.459  -13.954  55.323 0.0000000000
52485  32.160  -14.268  50.725 0.0000000000
54409  31.674  -12.706  56.539 0.0000000000
53483  39.907  -12.871  51.814 0.0000000000
68846  54.982  -0.088  37.741 0.0000000000
64411  48.394  -3.053  47.899 0.0000000000
60085  50.922  -7.000  42.898 0.0000000000
62237  49.810  -6.055  38.416 0.0000000000
132139  44.709  -7.726  40.863 0.0000000000
59023  39.892  -8.413  37.612 0.0000000000
58942  39.604  -8.916  42.615 0.0000000000
48007  39.190  -19.218  44.988 0.0000000000
133608  39.032  -20.103  40.164 0.0000000000
72226  59.082  4.006  24.106 0.0000000000
68010  58.735  0.381  19.731 0.0000000000
52540  36.417  -14.576  45.031 0.0000000000
52529  32.759  -14.642  46.818 0.0000000000
55488  46.191  -10.026  48.951 0.0000000000
54523  41.853  -12.312  45.435 0.0000000000
52503  42.421  -14.475  49.129 0.0000000000
52526  40.264  -13.953  46.376 0.0000000000
146018  54.832  -4.714  26.071 0.0000000000
58694  27.813  -7.846  59.911 0.0000000000
56537  25.496  -10.218  54.235 0.0000000000
130869  62.220  3.716  28.732 0.0000000000
67805  58.634  -1.041  30.873 0.0000000000
131024  55.163  -2.524  31.968 0.0000000000
65688  50.667  -2.619  31.683 0.0000000000
65710  44.627  -2.487  31.013 0.0000000000
70943  47.746  3.454  39.768 0.0000000000
64567  45.722  -3.508  35.761 0.0000000000
59111  44.392  -9.135  31.154 0.0000000000
155948  39.600  -8.486  32.483 0.0000000000
52567  38.266  -15.014  42.887 0.0000000000
54389  35.816  -12.289  59.028 0.0000000000
52395  33.640  -15.009  56.565 0.0000000000
56469  33.684  -10.394  58.067 0.0000000000
53405  38.100  -13.515  57.607 0.0000000000
62140  47.082  -5.038  46.544 0.0000000000
61124  47.575  -6.141  44.636 0.0000000000
58935  48.319  -8.001  41.923 0.0000000000
145648  44.492  -7.131  43.158 0.0000000000
60134  42.045  -7.533  41.743 0.0000000000
60070  41.580  -7.403  44.574 0.0000000000
47990  38.019  -18.913  45.987 0.0000000000
45853  37.411  -20.442  44.231 0.0000000000
70108  57.267  1.857  25.127 0.0000000000
144107  57.813  1.285  23.332 0.0000000000
66844  56.265  -0.813  23.441 0.0000000000
149227  36.081  -13.109  47.324 0.0000000000
51417  34.722  -14.266  45.793 0.0000000000
131284  34.461  -13.235  48.379 0.0000000000
51346  30.041  -15.532  51.653 0.0000000000
51359  30.836  -15.352  49.057 0.0000000000
131375  28.767  -15.281  49.499 0.0000000000
52497  27.556  -14.433  49.335 0.0000000000
61080  45.353  -6.712  49.907 0.0000000000
55448  45.631  -10.939  51.195 0.0000000000
54505  43.328  -12.340  48.973 0.0000000000
53493  43.348  -13.918  50.677 0.0000000000
54485  37.687  -12.464  50.511 0.0000000000
53521  39.729  -13.137  48.560 0.0000000000
53523  37.877  -12.879  47.885 0.0000000000
53548  38.344  -13.796  45.715 0.0000000000
63514  52.626  -4.578  26.506 0.0000000000
61332  52.990  -6.184  22.953 0.0000000000
61334  51.693  -6.734  23.849 0.0000000000
57622  23.936  -10.034  56.083 0.0000000000
65701  57.677  -2.672  30.678 0.0000000000
66706  57.991  -1.865  33.879 0.0000000000
130516  52.655  1.275  37.550 0.0000000000
66682  52.942  -1.628  35.240 0.0000000000
66696  50.683  -1.112  34.290 0.0000000000
65690  48.248  -2.441  31.183 0.0000000000
67780  48.204  -1.076  33.847 0.0000000000
59045  48.193  -8.300  35.727 0.0000000000
63390  46.974  -4.161  37.556 0.0000000000
61236  46.985  -7.234  34.189 0.0000000000
62308  44.833  -5.980  33.187 0.0000000000
144368  45.062  -9.292  32.850 0.0000000000
57886  43.354  -9.896  31.722 0.0000000000
59064  42.653  -8.216  33.995 0.0000000000
57852  36.983  -8.915  35.704 0.0000000000
51434  42.225  -15.622  45.204 0.0000000000
53554  40.264  -13.923  44.158 0.0000000000
143119  40.466  -16.679  43.241 0.0000000000
46973  38.099  -19.711  38.520 0.0000000000
140857  61.379  8.208  17.808 0.0000000000
75429  61.461  6.318  19.232 0.0000000000
54448  35.770  -12.640  52.472 0.0000000000
131542  34.242  -12.955  50.252 0.0000000000
53475  33.489  -13.603  52.486 0.0000000000
51329  30.922  -15.792  53.645 0.0000000000
52436  29.819  -14.400  54.341 0.0000000000
56518  41.145  -10.554  54.740 0.0000000000
131852  42.042  -14.102  52.953 0.0000000000
52407  40.133  -13.544  54.915 0.0000000000
53454  38.112  -12.909  53.670 0.0000000000
66641  57.545  -1.263  38.204 0.0000000000
73102  51.556  4.408  39.992 0.0000000000
60156  51.622  -7.140  39.567 0.0000000000
58999  47.682  -8.440  38.419 0.0000000000
132244  44.890  -7.821  38.238 0.0000000000
59035  42.572  -7.519  36.549 0.0000000000
153258  42.139  -7.668  39.341 0.0000000000
58991  39.600  -8.372  39.879 0.0000000000
56706  37.636  -10.548  40.575 0.0000000000
46872  41.647  -20.529  45.779 0.0000000000
48023  41.273  -19.737  42.810 0.0000000000
45851  39.151  -21.372  43.862 0.0000000000
156765  61.071  4.512  22.677 0.0000000000
146634  59.872  3.682  20.653 0.0000000000
140992  58.627  2.289  21.999 0.0000000000
52507  32.261  -14.391  48.873 0.0000000000
60029  46.982  -6.892  49.087 0.0000000000
58878  45.518  -8.221  47.595 0.0000000000
57768  42.640  -9.589  46.333 0.0000000000
55495  43.204  -10.713  47.552 0.0000000000
53536  42.699  -13.399  47.192 0.0000000000
51375  44.037  -16.845  48.645 0.0000000000
53506  41.452  -13.667  50.056 0.0000000000
52516  41.836  -14.643  48.283 0.0000000000
141396  42.457  -17.552  47.929 0.0000000000
50283  39.998  -16.483  45.343 0.0000000000
51437  37.878  -16.079  44.596 0.0000000000
65755  55.806  -3.090  26.328 0.0000000000
64722  55.646  -2.663  23.208 0.0000000000
63587  54.793  -4.662  22.664 0.0000000000
56486  29.802  -10.082  57.679 0.0000000000
56533  29.086  -10.953  54.797 0.0000000000
131736  27.041  -9.106  56.976 0.0000000000
55451  27.465  -11.282  52.593 0.0000000000
74388  63.192  5.237  24.424 0.0000000000
72205  60.360  3.985  26.645 0.0000000000
70067  58.171  1.773  27.693 0.0000000000
68999  57.220  0.289  28.472 0.0000000000
65733  56.783  -3.275  28.559 0.0000000000
64626  55.059  -3.676  28.778 0.0000000000
64628  52.498  -2.808  28.981 0.0000000000
65628  55.177  -2.802  35.232 0.0000000000
65686  52.697  -2.633  32.029 0.0000000000
64649  50.800  -3.219  28.592 0.0000000000
133645  48.071  -3.552  28.208 0.0000000000
64670  45.020  -3.697  27.858 0.0000000000
73138  48.302  4.160  38.103 0.0000000000
67698  48.671  -0.860  38.965 0.0000000000
68832  46.913  0.417  37.628 0.0000000000
68886  46.742  1.001  35.377 0.0000000000
64584  44.633  -3.001  33.424 0.0000000000
62328  43.526  -5.364  31.264 0.0000000000
59050  40.039  -8.199  35.043 0.0000000000
153879  40.988  -10.676  44.507 0.0000000000
54532  39.302  -12.046  42.795 0.0000000000
53566  36.243  -14.063  40.965 0.0000000000
48033  38.625  -18.763  41.655 0.0000000000
49236  35.134  -17.034  40.821 0.0000000000
55377  34.683  -11.542  58.625 0.0000000000
57558  34.061  -9.961  58.341 0.0000000000
61111  45.618  -6.011  46.667 0.0000000000
62165  47.540  -5.537  45.439 0.0000000000
61146  45.729  -6.132  44.933 0.0000000000
61163  46.548  -6.834  43.660 0.0000000000
61147  44.391  -6.322  44.871 0.0000000000
60069  43.202  -6.810  44.139 0.0000000000
61149  42.807  -6.870  45.075 0.0000000000
69057  56.375  0.742  25.459 0.0000000000
69075  56.536  0.777  24.568 0.0000000000
69058  55.819  0.166  24.967 0.0000000000
54510  35.786  -12.736  48.739 0.0000000000
53532  35.039  -13.269  47.432 0.0000000000
54501  35.058  -12.786  49.058 0.0000000000
52477  29.359  -14.746  51.637 0.0000000000
51354  29.459  -15.061  50.588 0.0000000000
51362  28.969  -15.029  50.130 0.0000000000
51370  28.070  -15.069  49.082 0.0000000000
53499  28.390  -13.964  50.434 0.0000000000
58764  42.503  -8.796  54.578 0.0000000000
58798  43.716  -8.758  52.833 0.0000000000
58812  44.376  -8.726  52.031 0.0000000000
55440  44.390  -11.003  52.110 0.0000000000
54462  44.207  -12.568  51.516 0.0000000000
53467  43.956  -12.873  52.282 0.0000000000
54486  36.602  -12.429  50.157 0.0000000000
54507  38.128  -12.658  48.826 0.0000000000
54508  37.251  -12.651  48.539 0.0000000000
54516  36.989  -12.920  47.659 0.0000000000
63515  51.908  -4.239  26.405 0.0000000000
62403  51.788  -5.628  24.502 0.0000000000
62404  50.890  -5.573  24.302 0.0000000000
67765  60.308  -0.998  34.419 0.0000000000
145820  59.017  -1.700  33.453 0.0000000000
145641  59.467  -1.362  34.832 0.0000000000
69925  51.226  1.678  37.175 0.0000000000
67736  51.913  0.417  36.300 0.0000000000
68882  50.535  0.128  35.564 0.0000000000
66698  49.052  -1.165  33.984 0.0000000000
67753  49.140  0.235  35.069 0.0000000000
144942  46.384  -8.709  35.491 0.0000000000
61229  47.766  -7.152  35.424 0.0000000000
59060  46.922  -8.823  34.603 0.0000000000
59075  46.038  -8.786  33.592 0.0000000000
154162  45.043  -8.746  34.308 0.0000000000
59076  43.498  -8.851  33.257 0.0000000000
59049  43.194  -7.923  34.659 0.0000000000
50280  43.853  -17.472  46.262 0.0000000000
142833  41.696  -16.159  44.422 0.0000000000
50299  42.247  -17.460  44.197 0.0000000000
77330  62.377  8.140  19.492 0.0000000000
75420  61.622  6.272  20.241 0.0000000000
53457  35.462  -13.496  53.841 0.0000000000
53474  34.372  -13.314  52.874 0.0000000000
53442  34.740  -13.951  54.217 0.0000000000
52380  32.408  -14.437  56.346 0.0000000000
51315  32.219  -15.590  54.499 0.0000000000
51304  31.564  -15.412  55.036 0.0000000000
151898  30.568  -15.633  54.017 0.0000000000
53432  30.675  -13.751  55.622 0.0000000000
56506  39.968  -10.739  55.794 0.0000000000
54416  40.611  -12.090  55.238 0.0000000000
55417  39.207  -12.211  56.230 0.0000000000
51275  37.020  -14.340  57.071 0.0000000000
52410  38.249  -13.712  55.627 0.0000000000
53431  36.994  -13.466  54.833 0.0000000000
54434  36.682  -12.629  52.882 0.0000000000
61121  50.205  -6.073  44.444 0.0000000000
133766  52.155  -6.018  43.288 0.0000000000
61179  52.751  -6.089  42.053 0.0000000000
61200  52.220  -6.232  40.370 0.0000000000
60129  51.573  -7.152  41.282 0.0000000000
58951  45.636  -7.767  41.498 0.0000000000
58968  48.087  -8.326  40.229 0.0000000000
131044  45.641  -8.053  40.182 0.0000000000
132245  45.860  -8.153  38.123 0.0000000000
131043  44.814  -7.724  39.159 0.0000000000
131042  43.497  -7.568  39.139 0.0000000000
58987  43.585  -7.575  40.040 0.0000000000
58940  40.983  -7.758  41.883 0.0000000000
133878  40.806  -7.872  41.079 0.0000000000
58957  39.313  -8.581  41.320 0.0000000000
57817  38.344  -9.158  40.517 0.0000000000
57806  38.682  -9.733  41.894 0.0000000000
48006  39.963  -20.017  45.002 0.0000000000
45838  40.272  -21.539  44.921 0.0000000000
46887  39.811  -21.374  44.934 0.0000000000
73321  59.720  4.291  23.661 0.0000000000
72249  59.602  3.834  22.336 0.0000000000
72236  58.490  3.053  23.187 0.0000000000
67984  58.370  0.159  22.759 0.0000000000
51416  36.015  -15.326  45.266 0.0000000000
51393  35.268  -15.231  45.602 0.0000000000
53486  32.839  -13.769  51.124 0.0000000000
53511  32.912  -13.809  49.311 0.0000000000
52494  32.213  -14.301  49.818 0.0000000000
51380  30.399  -15.546  47.655 0.0000000000
51367  30.953  -15.379  48.144 0.0000000000
57703  46.783  -9.079  50.005 0.0000000000
61088  46.430  -6.870  49.616 0.0000000000
58857  47.005  -8.929  49.110 0.0000000000
58876  46.710  -8.309  48.462 0.0000000000
146245  45.523  -9.295  47.929 0.0000000000
57757  43.941  -9.554  47.289 0.0000000000
56599  44.955  -10.036  48.553 0.0000000000
53518  42.984  -13.955  48.806 0.0000000000
54515  42.821  -12.580  47.620 0.0000000000
157144  42.847  -13.948  47.746 0.0000000000
51390  43.327  -15.611  47.943 0.0000000000
143301  42.807  -15.058  48.221 0.0000000000
52464  41.219  -13.966  52.766 0.0000000000
52473  41.960  -14.130  51.535 0.0000000000
53494  40.845  -13.180  50.629 0.0000000000
53538  40.134  -13.593  47.081 0.0000000000
152361  40.510  -13.469  48.594 0.0000000000
52517  40.904  -14.097  47.502 0.0000000000
51391  41.861  -15.683  47.850 0.0000000000
51392  40.934  -15.543  46.582 0.0000000000
50282  40.748  -16.430  46.051 0.0000000000
51413  40.196  -15.369  45.616 0.0000000000
156260  36.906  -14.127  45.034 0.0000000000
52550  37.697  -15.075  44.845 0.0000000000
52551  36.994  -14.801  44.745 0.0000000000
64679  56.127  -3.991  26.692 0.0000000000
63552  55.172  -4.132  24.271 0.0000000000
63553  54.604  -4.777  24.755 0.0000000000
61344  53.471  -6.466  22.204 0.0000000000
56473  29.125  -9.466  58.195 0.0000000000
56496  29.712  -10.626  56.918 0.0000000000
57577  28.364  -9.463  57.935 0.0000000000
58756  25.496  -8.861  56.424 0.0000000000
57619  26.551  -9.362  55.362 0.0000000000
56535  27.668  -9.989  54.520 0.0000000000
56550  26.526  -10.554  53.326 0.0000000000
54471  26.649  -12.056  51.464 0.0000000000
55453  25.930  -11.698  52.119 0.0000000000
75378  64.228  6.251  23.647 0.0000000000
73278  62.012  4.543  26.418 0.0000000000
72191  60.571  3.760  27.539 0.0000000000
72192  58.936  2.881  27.102 0.0000000000
72174  59.943  3.238  28.071 0.0000000000
68979  58.941  0.890  30.073 0.0000000000
70034  58.548  1.239  29.292 0.0000000000
67823  57.778  -0.495  29.634 0.0000000000
66754  57.123  -1.592  28.822 0.0000000000
66753  57.582  -1.296  29.444 0.0000000000
65682  56.494  -2.681  30.992 0.0000000000
64607  56.425  -3.281  29.603 0.0000000000
65703  55.611  -2.981  29.974 0.0000000000
132526  54.169  -3.582  28.497 0.0000000000
65721  53.744  -2.556  29.966 0.0000000000
67711  56.355  -0.866  38.217 0.0000000000
65617  56.086  -2.005  36.487 0.0000000000
66657  55.382  -1.511  36.934 0.0000000000
133285  51.527  -2.220  33.378 0.0000000000
155779  52.624  -2.541  33.906 0.0000000000
65687  51.449  -2.637  31.820 0.0000000000
65706  51.687  -2.626  31.026 0.0000000000
150911  50.421  -2.853  30.316 0.0000000000
64651  48.980  -3.460  28.736 0.0000000000
155427  48.815  -3.244  29.591 0.0000000000
65692  46.295  -2.107  31.272 0.0000000000
64633  46.995  -3.129  29.654 0.0000000000
64634  45.473  -2.962  29.420 0.0000000000
64636  43.618  -3.408  29.657 0.0000000000
72054  47.622  3.878  38.477 0.0000000000
63350  49.967  -4.329  39.409 0.0000000000
66618  50.212  -0.909  39.746 0.0000000000
64541  48.503  -3.240  38.938 0.0000000000
63407  46.438  -4.212  36.946 0.0000000000
66658  47.410  -1.932  37.729 0.0000000000
66670  46.151  -1.238  36.736 0.0000000000
68866  46.544  1.069  36.113 0.0000000000
66671  45.755  -1.062  35.859 0.0000000000
66699  45.844  -1.058  34.408 0.0000000000
65641  45.270  -2.368  34.538 0.0000000000
60213  44.930  -7.905  32.071 0.0000000000
62327  44.035  -5.691  31.916 0.0000000000
61253  43.912  -6.357  31.296 0.0000000000
138477  43.181  -7.227  29.959 0.0000000000
59118  43.519  -8.913  29.953 0.0000000000
57904  44.024  -10.358  30.571 0.0000000000
59091  41.406  -8.875  32.136 0.0000000000
130166  41.199  -9.427  30.838 0.0000000000
138852  40.943  -7.891  37.161 0.0000000000
138850  41.278  -7.786  35.768 0.0000000000
148423  39.669  -8.405  36.416 0.0000000000
59052  37.429  -8.678  35.063 0.0000000000
55518  42.125  -10.982  45.515 0.0000000000
56666  41.655  -10.194  45.362 0.0000000000
55531  41.316  -11.511  44.633 0.0000000000
51464  39.042  -15.049  43.273 0.0000000000
53557  39.841  -13.236  43.665 0.0000000000
53560  38.694  -13.502  42.801 0.0000000000
54534  38.045  -12.793  42.043 0.0000000000
52569  36.855  -14.696  42.083 0.0000000000
46942  39.826  -20.109  41.698 0.0000000000
48032  39.945  -19.376  42.104 0.0000000000
48053  38.771  -19.508  40.833 0.0000000000
48068  35.866  -18.223  39.927 0.0000000000
50359  34.647  -16.633  40.153 0.0000000000
71210  59.020  2.542  19.816 0.0000000000
72284  59.386  3.199  19.302 0.0000000000
132845  56.962  -3.425  21.892 0.0000000000
136841  35.704  -14.295  57.756 0.0000000000
51301  34.273  -15.297  55.687 0.0000000000
53398  34.623  -13.479  57.793 0.0000000000
54391  33.758  -12.512  57.426 0.0000000000
54399  32.792  -12.419  57.035 0.0000000000
54398  37.024  -13.002  58.506 0.0000000000
62120  47.184  -4.471  47.541 0.0000000000
63258  49.212  -4.241  46.191 0.0000000000
62139  47.819  -4.577  46.557 0.0000000000
61122  49.144  -5.712  44.868 0.0000000000
60068  49.709  -6.777  43.950 0.0000000000
60109  49.151  -7.764  42.327 0.0000000000
60088  47.570  -7.389  43.126 0.0000000000
60112  46.106  -7.539  42.585 0.0000000000
58939  44.730  -7.563  41.942 0.0000000000
58953  43.479  -7.593  41.127 0.0000000000
60115  43.399  -7.417  42.357 0.0000000000
60117  41.340  -7.617  42.809 0.0000000000
60094  40.636  -8.059  43.596 0.0000000000
48008  38.510  -19.120  45.239 0.0000000000
45840  38.090  -20.548  44.619 0.0000000000
46889  37.872  -19.887  45.256 0.0000000000
71129  58.091  2.792  25.109 0.0000000000
71141  58.158  2.701  24.090 0.0000000000
70123  57.156  1.112  23.960 0.0000000000
67970  57.033  -0.042  23.609 0.0000000000
53542  36.171  -13.404  46.325 0.0000000000
52527  35.488  -13.736  45.864 0.0000000000
131861  35.489  -13.407  46.584 0.0000000000
157476  34.375  -13.617  46.908 0.0000000000
53534  33.778  -13.782  47.052 0.0000000000
51345  30.588  -15.183  51.003 0.0000000000
52486  31.416  -14.750  50.356 0.0000000000
51352  30.673  -15.152  49.985 0.0000000000
134589  29.423  -15.514  49.120 0.0000000000
137892  27.678  -15.026  47.060 0.0000000000
58828  45.967  -9.053  50.595 0.0000000000
55468  46.390  -10.516  49.886 0.0000000000
55490  44.614  -10.705  49.150 0.0000000000
55470  44.997  -11.463  50.365 0.0000000000
146334  43.318  -13.297  50.053 0.0000000000
53504  43.094  -13.922  49.965 0.0000000000
54464  38.383  -12.518  51.248 0.0000000000
53495  39.966  -12.909  50.334 0.0000000000
54483  39.170  -12.682  50.039 0.0000000000
53522  38.796  -12.947  48.173 0.0000000000
53539  39.456  -13.473  46.650 0.0000000000
53547  39.359  -13.802  45.935 0.0000000000
53540  37.941  -13.422  46.238 0.0000000000
53541  37.028  -13.427  46.212 0.0000000000
63513  53.851  -4.749  26.908 0.0000000000
62382  53.888  -5.334  25.237 0.0000000000
62383  53.111  -5.521  25.349 0.0000000000
61333  52.248  -6.727  23.430 0.0000000000
58738  24.337  -8.396  57.458 0.0000000000
57638  25.098  -9.914  54.887 0.0000000000
55445  25.237  -11.309  53.183 0.0000000000
55438  24.477  -11.223  54.443 0.0000000000
67796  59.039  -1.520  31.642 0.0000000000
66741  58.637  -2.040  30.962 0.0000000000
66735  58.878  -2.108  31.688 0.0000000000
65660  57.312  -2.382  32.332 0.0000000000
140927  56.465  -2.351  33.022 0.0000000000
68829  53.941  0.995  38.056 0.0000000000
142096  54.095  -0.881  36.374 0.0000000000
67735  52.560  0.032  36.313 0.0000000000
66695  51.677  -1.452  34.393 0.0000000000
66708  50.574  -1.693  33.486 0.0000000000
134583  49.057  -2.690  31.074 0.0000000000
66721  49.113  -1.775  32.825 0.0000000000
66722  48.262  -1.692  32.775 0.0000000000
65671  45.796  -1.812  32.079 0.0000000000
61220  49.184  -6.895  36.946 0.0000000000
63388  48.303  -5.000  37.935 0.0000000000
62263  48.405  -6.484  36.735 0.0000000000
62265  46.684  -5.715  36.323 0.0000000000
62279  45.741  -5.605  35.141 0.0000000000
131277  45.221  -5.065  34.743 0.0000000000
61237  46.337  -6.723  33.739 0.0000000000
60212  45.449  -7.654  32.678 0.0000000000
57894  44.454  -9.723  31.607 0.0000000000
150088  43.878  -10.498  31.090 0.0000000000
57885  44.008  -9.652  32.369 0.0000000000
59089  43.147  -9.211  32.583 0.0000000000
59078  41.226  -8.367  33.628 0.0000000000
57831  38.209  -8.886  38.390 0.0000000000
59025  38.532  -8.754  37.111 0.0000000000
57840  37.657  -9.099  37.182 0.0000000000
57846  36.094  -9.682  36.357 0.0000000000
56750  34.559  -10.329  35.203 0.0000000000
52535  41.867  -13.826  45.681 0.0000000000
53553  40.771  -13.531  44.678 0.0000000000
51435  41.196  -15.176  44.645 0.0000000000
51453  40.291  -15.785  43.552 0.0000000000
154993  39.166  -16.175  43.002 0.0000000000
45912  38.702  -20.188  38.821 0.0000000000
45928  38.355  -20.302  38.488 0.0000000000
78316  61.933  9.857  18.697 0.0000000000
150416  61.823  8.208  18.654 0.0000000000
74455  60.725  5.037  18.514 0.0000000000
54487  35.626  -12.441  50.475 0.0000000000
54488  34.937  -12.600  49.910 0.0000000000
54468  34.704  -12.640  51.522 0.0000000000
53485  33.499  -13.358  51.552 0.0000000000
53476  32.810  -13.831  51.998 0.0000000000
52433  33.693  -14.954  54.482 0.0000000000
52454  32.462  -15.225  53.738 0.0000000000
52467  31.455  -15.233  52.276 0.0000000000
136007  30.722  -15.812  52.849 0.0000000000
152318  29.765  -15.713  52.772 0.0000000000
53477  29.364  -14.457  52.394 0.0000000000
55427  42.262  -10.584  53.662 0.0000000000
54427  42.660  -11.956  53.548 0.0000000000
54422  41.750  -12.340  54.379 0.0000000000
131110  40.998  -13.899  53.938 0.0000000000
53452  40.533  -13.779  53.640 0.0000000000
53413  39.057  -13.355  56.813 0.0000000000
52428  38.869  -13.557  55.038 0.0000000000
53470  38.665  -12.711  52.842 0.0000000000
54446  38.109  -12.497  52.115 0.0000000000
145072  36.537  -12.410  51.814 0.0000000000
63537  49.134  -4.083  24.950 0.0000000000
62405  49.821  -5.669  24.096 0.0000000000
62406  48.807  -5.431  24.255 0.0000000000
66666  59.333  -1.022  37.043 0.0000000000
145992  54.857  1.602  39.390 0.0000000000
70955  53.265  2.168  38.726 0.0000000000
70956  52.531  2.512  38.715 0.0000000000
70958  51.096  2.765  38.109 0.0000000000
63348  51.821  -5.032  40.004 0.0000000000
62236  50.640  -6.431  38.650 0.0000000000
58948  49.852  -8.207  40.835 0.0000000000
58982  50.020  -8.354  39.230 0.0000000000
60181  49.784  -7.722  37.334 0.0000000000
132604  48.166  -8.555  37.358 0.0000000000
59016  46.548  -8.381  36.995 0.0000000000
59033  44.766  -7.902  36.214 0.0000000000
139460  43.379  -7.648  35.670 0.0000000000
59019  43.720  -7.556  37.431 0.0000000000
132241  42.190  -7.598  38.170 0.0000000000
59004  40.940  -8.093  38.793 0.0000000000
138280  42.222  -7.650  40.574 0.0000000000
58990  40.652  -8.127  39.631 0.0000000000
59005  40.076  -8.348  38.918 0.0000000000
57824  38.108  -8.953  39.213 0.0000000000
56715  37.364  -10.368  39.768 0.0000000000
55591  36.594  -11.587  39.560 0.0000000000
46871  42.512  -19.867  46.408 0.0000000000
48004  42.643  -19.665  44.483 0.0000000000
45836  41.296  -21.082  44.634 0.0000000000
45867  40.468  -20.902  43.022 0.0000000000
45885  39.393  -20.418  41.521 0.0000000000
45852  38.313  -21.010  44.015 0.0000000000
149556  37.635  -20.583  42.063 0.0000000000
74425  62.442  5.628  22.159 0.0000000000
73346  61.080  4.828  21.179 0.0000000000
73347  60.751  4.276  21.577 0.0000000000
72262  59.487  3.295  21.009 0.0000000000
70154  58.479  1.182  20.851 0.0000000000
70133  58.326  1.585  22.596 0.0000000000
70146  58.468  1.368  21.728 0.0000000000
53509  34.319  -13.027  49.374 0.0000000000
134433  33.642  -13.456  48.856 0.0000000000
52519  32.330  -14.540  47.760 0.0000000000
52508  31.570  -14.944  48.498 0.0000000000
52520  31.626  -15.061  47.693 0.0000000000
63223  47.418  -4.341  48.599 0.0000000000
61100  46.993  -6.113  48.712 0.0000000000
61106  45.991  -6.160  47.430 0.0000000000
150916  44.536  -6.680  46.877 0.0000000000
60051  42.599  -7.654  46.540 0.0000000000
58880  43.573  -9.080  47.030 0.0000000000
56649  42.811  -10.196  46.458 0.0000000000
55504  42.470  -11.493  46.227 0.0000000000
54514  43.123  -11.694  48.227 0.0000000000
54519  42.585  -12.402  46.748 0.0000000000
53537  42.414  -13.012  46.464 0.0000000000
136327  42.829  -14.858  46.813 0.0000000000
50263  44.093  -16.694  47.708 0.0000000000
156740  44.626  -18.679  48.549 0.0000000000
52472  42.971  -14.571  51.622 0.0000000000
52483  42.826  -14.398  50.764 0.0000000000
52493  42.000  -14.258  49.652 0.0000000000
53507  40.583  -13.225  49.799 0.0000000000
53519  41.137  -13.785  49.241 0.0000000000
51366  42.472  -14.876  48.597 0.0000000000
135992  42.794  -16.099  48.588 0.0000000000
49142  43.498  -17.935  48.768 0.0000000000
46863  43.508  -19.179  47.452 0.0000000000
49173  41.921  -19.036  46.762 0.0000000000
49174  40.824  -18.590  45.810 0.0000000000
49175  39.857  -17.547  45.186 0.0000000000
153655  39.397  -14.987  45.414 0.0000000000
51436  38.586  -16.223  44.826 0.0000000000
49190  38.628  -17.981  45.003 0.0000000000
141858  37.952  -17.323  44.804 0.0000000000
66777  55.686  -1.268  26.586 0.0000000000
140579  55.326  -1.696  24.622 0.0000000000
65777  55.348  -2.533  24.095 0.0000000000
62420  54.113  -5.137  23.105 0.0000000000
61355  54.859  -6.381  21.631 0.0000000000
61317  50.551  -6.388  23.977 0.0000000000
58704  32.757  -9.008  58.308 0.0000000000
140963  32.166  -9.778  57.694 0.0000000000
55380  31.536  -10.797  57.379 0.0000000000
57562  30.487  -9.626  57.992 0.0000000000
55396  30.869  -10.991  57.107 0.0000000000
54418  30.376  -11.976  56.245 0.0000000000
54424  29.729  -12.510  55.053 0.0000000000
134350  29.196  -11.830  53.523 0.0000000000
155102  27.559  -8.724  59.038 0.0000000000
57617  27.954  -9.762  56.070 0.0000000000
55437  28.773  -10.997  53.989 0.0000000000
55460  28.442  -12.125  51.947 0.0000000000
53500  27.503  -13.484  50.248 0.0000000000
76361  63.890  7.732  21.660 0.0000000000
154808  63.224  5.867  22.825 0.0000000000
73318  62.165  4.905  23.968 0.0000000000
73305  60.624  4.596  24.642 0.0000000000
74372  64.294  5.473  25.696 0.0000000000
73292  61.759  4.694  25.603 0.0000000000
72217  59.245  3.911  25.020 0.0000000000
71118  58.204  2.630  26.077 0.0000000000
70081  57.983  2.107  26.854 0.0000000000
69039  56.965  0.953  26.817 0.0000000000
70049  59.029  1.889  28.856 0.0000000000
70051  57.712  1.089  28.076 0.0000000000
69023  56.507  0.230  27.159 0.0000000000
66764  56.303  -1.845  27.496 0.0000000000
65743  56.538  -3.172  27.669 0.0000000000
64662  56.386  -4.028  27.389 0.0000000000
143895  57.514  -2.722  30.064 0.0000000000
64624  56.443  -3.649  28.808 0.0000000000
63486  55.177  -4.402  27.951 0.0000000000
63498  53.739  -4.413  27.543 0.0000000000
150131  53.064  -4.001  27.521 0.0000000000
64680  51.505  -3.718  26.966 0.0000000000
66678  57.649  -1.734  35.855 0.0000000000
65637  56.020  -2.726  34.932 0.0000000000
65648  54.962  -2.758  33.900 0.0000000000
65630  53.786  -2.633  35.104 0.0000000000
65649  54.128  -2.789  33.871 0.0000000000
65685  53.468  -2.651  32.397 0.0000000000
65705  52.614  -2.558  30.896 0.0000000000
64648  51.766  -3.143  28.386 0.0000000000
139710  50.443  -3.620  26.922 0.0000000000
64666  49.380  -3.567  27.331 0.0000000000
64683  47.771  -3.713  26.579 0.0000000000
64632  47.865  -3.231  29.551 0.0000000000
64653  46.400  -3.480  28.356 0.0000000000
73121  50.203  4.262  38.904 0.0000000000
151584  49.537  3.217  37.661 0.0000000000
69899  47.883  1.529  39.587 0.0000000000
65601  48.181  -2.467  38.569 0.0000000000
67699  48.026  -0.294  38.776 0.0000000000
69914  47.425  1.365  38.622 0.0000000000
72055  47.216  3.043  37.989 0.0000000000
70987  47.360  2.644  36.486 0.0000000000
69934  48.485  1.859  35.962 0.0000000000
68898  47.448  0.199  34.642 0.0000000000
66713  45.746  -1.490  33.361 0.0000000000
65672  44.994  -2.028  32.372 0.0000000000
137863  44.536  -4.050  33.330 0.0000000000
64600  43.850  -3.800  32.121 0.0000000000
64615  43.617  -3.478  30.666 0.0000000000
62336  42.776  -5.075  30.021 0.0000000000
57896  43.162  -10.456  30.957 0.0000000000
56805  41.402  -10.044  30.262 0.0000000000
138851  42.303  -7.629  35.647 0.0000000000
132239  40.952  -7.933  35.032 0.0000000000
131318  39.667  -8.326  34.195 0.0000000000
131773  38.781  -8.522  35.452 0.0000000000
59066  38.755  -8.442  34.569 0.0000000000
134607  42.063  -7.867  45.903 0.0000000000
58899  40.553  -8.850  44.956 0.0000000000
148336  39.973  -9.984  43.532 0.0000000000
54528  40.385  -12.469  43.938 0.0000000000
55545  39.819  -11.397  43.115 0.0000000000
56684  39.554  -10.466  42.962 0.0000000000
55567  38.512  -11.221  41.956 0.0000000000
54540  37.281  -12.184  40.926 0.0000000000
54542  36.064  -13.072  40.047 0.0000000000
135688  41.409  -18.747  42.977 0.0000000000
50337  39.330  -17.310  42.809 0.0000000000
50339  37.488  -16.934  42.600 0.0000000000
154413  37.467  -18.984  40.147 0.0000000000
49234  36.806  -18.010  41.384 0.0000000000
51467  36.359  -16.097  42.189 0.0000000000
137356  35.934  -15.117  41.356 0.0000000000
52593  35.129  -14.231  39.728 0.0000000000
140036  60.337  4.573  19.829 0.0000000000
72283  59.831  3.784  18.797 0.0000000000
71224  60.933  2.835  17.580 0.0000000000
65807  55.943  -2.053  22.984 0.0000000000
131851  44.814  -6.208  46.340 0.0000000000
61125  45.768  -5.856  45.907 0.0000000000
132998  44.944  -6.115  45.475 0.0000000000
156157  45.105  -6.290  44.660 0.0000000000
61148  43.584  -6.515  45.006 0.0000000000
61127  43.257  -6.699  45.860 0.0000000000
69041  55.934  0.182  25.796 0.0000000000
52487  29.251  -14.851  50.757 0.0000000000
52478  28.985  -14.431  50.749 0.0000000000
52488  28.681  -14.630  50.237 0.0000000000
53488  28.865  -13.772  51.055 0.0000000000
153800  42.847  -9.677  53.376 0.0000000000
58778  43.286  -8.522  53.404 0.0000000000
56531  43.168  -9.611  53.094 0.0000000000
56546  44.070  -9.999  52.254 0.0000000000
134617  43.786  -10.658  52.504 0.0000000000
55450  44.269  -11.742  52.346 0.0000000000
55441  43.726  -11.486  52.671 0.0000000000
54499  37.444  -12.491  49.475 0.0000000000
54500  36.551  -12.534  49.120 0.0000000000
63536  51.460  -4.443  25.807 0.0000000000
62384  51.421  -4.944  25.015 0.0000000000
63554  50.347  -4.867  24.603 0.0000000000
66690  60.041  -1.122  34.916 0.0000000000
135151  59.520  -1.265  35.541 0.0000000000
68864  50.565  0.878  36.078 0.0000000000
68883  49.806  0.596  35.604 0.0000000000
68865  49.640  1.480  36.180 0.0000000000
59047  46.432  -8.932  34.692 0.0000000000
59062  45.787  -8.964  34.185 0.0000000000
135835  44.233  -8.163  34.917 0.0000000000
50298  43.315  -17.927  45.065 0.0000000000
49187  43.063  -18.748  44.708 0.0000000000
76368  63.322  7.721  20.888 0.0000000000
76369  62.695  7.294  20.426 0.0000000000
137590  62.313  6.671  20.690 0.0000000000
52431  35.267  -13.869  54.737 0.0000000000
53415  31.914  -13.657  56.391 0.0000000000
52414  31.753  -14.918  55.624 0.0000000000
52398  31.361  -14.215  55.801 0.0000000000
52415  30.938  -14.820  55.212 0.0000000000
53423  31.215  -13.580  56.037 0.0000000000
57602  39.367  -9.700  56.090 0.0000000000
55416  39.962  -11.715  55.703 0.0000000000
56507  39.302  -11.172  56.076 0.0000000000
157202  35.971  -14.353  56.642 0.0000000000
52411  36.693  -13.552  55.746 0.0000000000
52430  36.011  -13.636  55.154 0.0000000000
53441  36.146  -13.475  54.348 0.0000000000
60067  50.737  -6.703  43.727 0.0000000000
62186  51.679  -5.952  43.970 0.0000000000
61140  51.924  -6.350  43.183 0.0000000000
61139  52.330  -6.162  42.781 0.0000000000
60106  52.146  -6.458  42.649 0.0000000000
60128  52.210  -6.573  41.842 0.0000000000
60107  51.667  -6.853  42.355 0.0000000000
149577  45.143  -7.793  41.103 0.0000000000
132116  45.701  -7.991  40.895 0.0000000000
58970  45.146  -7.858  40.654 0.0000000000
59001  45.593  -7.955  39.236 0.0000000000
58985  44.854  -7.787  40.071 0.0000000000
58986  44.183  -7.621  39.669 0.0000000000
130768  44.206  -7.625  40.458 0.0000000000
58941  40.189  -8.265  42.333 0.0000000000
152762  40.347  -8.073  41.678 0.0000000000
132527  39.714  -8.455  41.892 0.0000000000
57811  39.084  -8.996  42.008 0.0000000000
57805  39.184  -9.679  42.521 0.0000000000
146667  39.607  -20.905  45.101 0.0000000000
72235  59.157  3.819  23.146 0.0000000000
140573  58.625  3.462  23.834 0.0000000000
52541  35.658  -14.358  45.428 0.0000000000
53498  32.897  -13.797  50.227 0.0000000000
56596  46.608  -9.689  49.279 0.0000000000
57725  46.822  -9.064  49.526 0.0000000000
57746  46.476  -9.478  48.693 0.0000000000
57754  46.337  -9.340  48.339 0.0000000000
56623  45.789  -9.484  48.205 0.0000000000
56624  45.289  -9.535  48.169 0.0000000000
52515  42.742  -14.442  48.316 0.0000000000
53468  40.312  -13.363  52.641 0.0000000000
52474  41.039  -13.388  51.689 0.0000000000
154663  40.215  -12.920  51.087 0.0000000000
52525  41.011  -14.754  47.052 0.0000000000
52536  40.491  -14.657  46.070 0.0000000000
51439  36.620  -15.538  44.819 0.0000000000
63511  55.519  -4.365  26.450 0.0000000000
63533  55.147  -4.384  25.439 0.0000000000
63534  54.546  -4.904  25.552 0.0000000000
58693  28.508  -7.923  59.671 0.0000000000
57564  28.285  -8.805  58.808 0.0000000000
56474  28.602  -9.223  58.364 0.0000000000
152407  28.011  -8.938  58.639 0.0000000000
57620  25.522  -9.310  55.549 0.0000000000
57637  25.960  -9.647  54.703 0.0000000000
57636  26.825  -9.680  54.539 0.0000000000
56536  26.291  -10.040  53.992 0.0000000000
56561  25.948  -11.144  52.819 0.0000000000
56551  25.739  -10.631  53.549 0.0000000000
148667  65.438  7.245  24.115 0.0000000000
76316  65.532  7.696  24.703 0.0000000000
73247  62.767  4.241  28.099 0.0000000000
72190  61.654  4.027  27.857 0.0000000000
72173  60.983  3.517  28.446 0.0000000000
68959  58.686  0.036  30.561 0.0000000000
68980  58.167  0.381  29.707 0.0000000000
67822  58.247  -0.507  30.194 0.0000000000
66747  58.124  -1.567  30.166 0.0000000000
131405  55.972  -2.516  31.727 0.0000000000
65683  55.504  -2.520  31.013 0.0000000000
65704  54.581  -2.554  30.526 0.0000000000
144894  55.630  -0.029  38.402 0.0000000000
66656  56.098  -1.380  37.405 0.0000000000
67722  55.567  -0.756  37.596 0.0000000000
65666  51.219  -2.563  32.383 0.0000000000
156448  51.606  -2.493  32.931 0.0000000000
65707  50.915  -2.689  31.027 0.0000000000
132469  49.711  -3.047  29.990 0.0000000000
64599  49.945  -2.763  30.868 0.0000000000
65709  45.695  -2.386  30.664 0.0000000000
65723  46.076  -2.794  29.860 0.0000000000
65724  45.020  -2.589  30.104 0.0000000000
64635  44.574  -2.974  29.513 0.0000000000
64614  44.089  -2.839  30.392 0.0000000000
72034  47.743  4.228  39.410 0.0000000000
63366  49.435  -5.055  38.758 0.0000000000
64527  49.339  -3.216  39.545 0.0000000000
142813  49.010  -4.070  38.979 0.0000000000
64566  46.175  -3.397  36.503 0.0000000000
65619  46.365  -2.383  36.782 0.0000000000
65620  45.805  -2.611  36.011 0.0000000000
153156  46.058  -0.589  36.308 0.0000000000
144482  45.796  -1.798  36.187 0.0000000000
65631  45.498  -1.774  35.330 0.0000000000
151294  45.501  -2.743  35.313 0.0000000000
59101  44.875  -8.844  31.849 0.0000000000
60217  44.331  -7.702  31.346 0.0000000000
60220  43.698  -8.178  30.497 0.0000000000
59112  44.060  -9.583  30.489 0.0000000000
57903  44.347  -10.183  30.966 0.0000000000
59092  40.336  -8.573  32.417 0.0000000000
59102  40.906  -8.921  31.553 0.0000000000
146301  39.527  -8.550  31.962 0.0000000000
59022  40.500  -8.165  37.578 0.0000000000
138972  40.198  -8.244  36.910 0.0000000000
138216  39.366  -8.552  37.033 0.0000000000
55505  42.130  -11.719  45.623 0.0000000000
55519  41.752  -11.574  45.108 0.0000000000
52559  38.837  -14.289  43.051 0.0000000000
138341  38.096  -14.179  42.701 0.0000000000
52568  37.489  -14.887  42.583 0.0000000000
46943  39.257  -20.065  40.874 0.0000000000
70164  58.608  1.035  19.978 0.0000000000
69137  58.819  0.812  19.132 0.0000000000
53396  35.895  -13.220  58.789 0.0000000000
52350  35.188  -14.010  57.822 0.0000000000
143481  35.403  -12.817  58.753 0.0000000000
130431  34.150  -11.005  58.105 0.0000000000
54382  34.526  -12.306  58.050 0.0000000000
55378  33.965  -11.681  57.671 0.0000000000
55393  33.038  -11.747  57.294 0.0000000000
55379  33.190  -10.963  57.551 0.0000000000
55375  35.997  -11.412  59.060 0.0000000000
54388  36.502  -12.201  58.827 0.0000000000
140884  36.366  -12.898  58.822 0.0000000000
52362  36.285  -14.314  57.960 0.0000000000
157394  47.144  -4.646  47.061 0.0000000000
61123  48.353  -5.845  44.813 0.0000000000
150107  48.363  -6.465  44.310 0.0000000000
61142  49.100  -6.346  44.373 0.0000000000
61143  48.820  -6.882  43.962 0.0000000000
60087  48.513  -7.231  43.457 0.0000000000
141060  47.919  -6.863  43.884 0.0000000000
60091  45.200  -7.135  43.161 0.0000000000
60090  45.956  -7.213  43.122 0.0000000000
60113  45.384  -7.497  42.531 0.0000000000
58938  45.483  -7.609  42.021 0.0000000000
153543  44.837  -7.453  42.568 0.0000000000
60132  43.910  -7.573  41.712 0.0000000000
60114  44.229  -7.464  42.401 0.0000000000
150575  42.384  -7.070  44.307 0.0000000000
60093  42.847  -7.148  43.268 0.0000000000
144810  41.909  -7.307  43.569 0.0000000000
144351  41.171  -7.611  43.920 0.0000000000
71130  57.655  2.245  25.474 0.0000000000
71142  57.620  2.192  24.709 0.0000000000
70109  57.155  1.548  24.580 0.0000000000
148902  56.284  -0.248  23.719 0.0000000000
69092  56.683  0.398  23.886 0.0000000000
53533  34.259  -13.485  47.545 0.0000000000
132700  33.675  -13.602  47.912 0.0000000000
51353  29.938  -15.290  50.615 0.0000000000
51361  29.407  -15.247  49.932 0.0000000000
136590  29.513  -15.532  48.133 0.0000000000
51369  28.723  -15.411  48.725 0.0000000000
132338  28.785  -15.407  47.977 0.0000000000
51371  27.979  -15.025  48.112 0.0000000000
51383  26.780  -14.592  47.634 0.0000000000
52509  27.207  -14.508  48.609 0.0000000000
59984  44.340  -7.122  52.320 0.0000000000
57661  45.166  -9.844  51.389 0.0000000000
58811  45.066  -9.156  51.304 0.0000000000
57681  46.034  -9.825  51.010 0.0000000000
145259  46.536  -9.965  50.691 0.0000000000
133207  46.162  -10.635  50.783 0.0000000000
55469  45.927  -11.007  50.245 0.0000000000
54460  45.261  -11.435  50.896 0.0000000000
53492  43.692  -13.176  51.250 0.0000000000
54482  43.670  -12.770  50.559 0.0000000000
54484  38.596  -12.546  50.504 0.0000000000
53530  38.559  -13.182  47.085 0.0000000000
53531  37.526  -13.146  46.991 0.0000000000
150998  36.757  -13.184  46.902 0.0000000000
62365  53.151  -5.053  26.145 0.0000000000
156119  53.544  -5.287  25.746 0.0000000000
61315  52.049  -6.085  24.026 0.0000000000
60302  51.625  -7.572  23.668 0.0000000000
58758  23.879  -8.983  56.823 0.0000000000
58757  24.706  -8.757  56.651 0.0000000000
57621  24.550  -9.783  55.618 0.0000000000
56522  24.439  -10.502  55.024 0.0000000000
66734  59.284  -1.597  32.447 0.0000000000
65645  58.210  -2.098  32.848 0.0000000000
65646  57.151  -2.204  33.393 0.0000000000
68830  53.309  0.695  37.417 0.0000000000
68861  53.060  0.210  36.787 0.0000000000
68881  51.207  -0.339  35.413 0.0000000000
67750  51.946  -0.181  35.791 0.0000000000
66684  51.229  -0.816  34.809 0.0000000000
66707  51.364  -1.697  33.838 0.0000000000
65652  50.001  -1.945  32.826 0.0000000000
66697  49.856  -1.248  34.002 0.0000000000
66710  48.654  -1.455  33.432 0.0000000000
66711  47.751  -1.367  33.310 0.0000000000
66723  47.321  -1.584  32.647 0.0000000000
60187  48.921  -8.016  36.154 0.0000000000
60190  48.520  -7.869  35.820 0.0000000000
61235  47.504  -7.681  34.895 0.0000000000
62277  47.284  -6.455  35.789 0.0000000000
61230  47.167  -6.785  34.956 0.0000000000
62278  46.505  -6.083  35.467 0.0000000000
62293  46.444  -6.385  34.516 0.0000000000
57873  45.522  -9.066  33.203 0.0000000000
60208  46.062  -7.987  33.377 0.0000000000
59087  45.639  -8.700  32.993 0.0000000000
59088  45.260  -8.579  32.446 0.0000000000
57893  45.106  -9.210  32.496 0.0000000000
57884  44.591  -9.587  32.264 0.0000000000
57875  44.523  -9.309  32.985 0.0000000000
148250  43.379  -8.418  33.943 0.0000000000
59077  42.241  -8.553  33.228 0.0000000000
57839  38.187  -8.887  37.687 0.0000000000
137750  37.617  -9.337  37.967 0.0000000000
56739  35.547  -10.302  36.612 0.0000000000
56749  35.363  -9.894  35.698 0.0000000000
56740  34.817  -10.632  36.124 0.0000000000
52547  41.707  -14.616  45.349 0.0000000000
50300  41.144  -16.505  43.736 0.0000000000
155834  40.913  -15.660  44.026 0.0000000000
51454  39.476  -15.777  43.234 0.0000000000
155853  40.003  -16.167  43.201 0.0000000000
151322  61.910  7.311  19.108 0.0000000000
74454  61.166  5.867  18.356 0.0000000000
146804  60.959  5.591  19.031 0.0000000000
54467  35.495  -12.442  51.488 0.0000000000
54449  34.908  -12.695  52.246 0.0000000000
53484  34.152  -12.949  51.987 0.0000000000
155013  32.918  -14.062  52.539 0.0000000000
132332  33.924  -15.510  56.017 0.0000000000
51314  33.606  -15.358  55.106 0.0000000000
51302  33.556  -15.497  55.660 0.0000000000
51328  31.650  -15.629  53.956 0.0000000000
52455  31.559  -15.502  53.222 0.0000000000
52466  32.340  -14.660  52.638 0.0000000000
52456  29.878  -15.396  53.824 0.0000000000
154094  29.688  -15.527  53.151 0.0000000000
52468  29.510  -15.228  52.617 0.0000000000
52457  29.489  -14.509  53.275 0.0000000000
56505  40.630  -10.214  55.508 0.0000000000
57600  40.772  -9.197  56.026 0.0000000000
57616  41.350  -9.784  55.106 0.0000000000
56517  41.868  -10.015  54.258 0.0000000000
141849  41.598  -10.963  54.184 0.0000000000
54428  42.094  -11.608  53.895 0.0000000000
139708  41.543  -11.734  54.400 0.0000000000
53421  40.746  -12.983  55.214 0.0000000000
53430  41.152  -13.273  54.633 0.0000000000
52406  40.909  -13.615  54.458 0.0000000000
141304  40.802  -13.905  54.039 0.0000000000
52451  40.297  -13.738  54.363 0.0000000000
154976  38.529  -12.583  57.349 0.0000000000
54408  38.961  -12.909  57.085 0.0000000000
53404  38.649  -13.364  57.272 0.0000000000
52429  37.981  -13.484  54.936 0.0000000000
53439  38.513  -13.316  54.324 0.0000000000
153079  38.958  -13.124  53.607 0.0000000000
53471  37.684  -12.562  52.932 0.0000000000
54466  36.223  -12.366  50.980 0.0000000000
63555  49.421  -4.789  24.525 0.0000000000
69897  54.109  1.951  39.109 0.0000000000
70941  53.787  2.582  39.664 0.0000000000
73101  52.400  4.235  40.422 0.0000000000
72031  52.709  3.514  39.894 0.0000000000
72032  51.897  3.709  39.509 0.0000000000
70957  51.871  2.594  38.402 0.0000000000
72051  51.481  3.247  38.752 0.0000000000
61190  51.939  -6.599  40.205 0.0000000000
62229  52.229  -5.837  40.213 0.0000000000
62230  51.548  -5.966  39.647 0.0000000000
156351  50.958  -5.998  39.210 0.0000000000
60165  51.478  -7.176  38.964 0.0000000000
60131  49.961  -7.820  41.764 0.0000000000
58934  49.109  -8.121  41.476 0.0000000000
58983  48.233  -8.384  39.304 0.0000000000
58967  49.098  -8.326  40.075 0.0000000000
133667  49.242  -8.406  39.006 0.0000000000
58997  49.883  -8.313  38.317 0.0000000000
58998  48.911  -8.529  38.076 0.0000000000
142989  48.998  -8.492  37.101 0.0000000000
59017  45.573  -8.074  37.209 0.0000000000
59032  45.478  -8.188  36.283 0.0000000000
59018  44.673  -7.766  37.199 0.0000000000
151696  44.191  -7.666  36.657 0.0000000000
59002  42.549  -7.608  38.930 0.0000000000
132242  43.117  -7.505  38.257 0.0000000000
59003  41.731  -7.766  38.798 0.0000000000
132240  41.169  -7.893  38.015 0.0000000000
58954  42.644  -7.618  41.075 0.0000000000
58972  42.992  -7.584  40.434 0.0000000000
58974  40.372  -8.123  40.457 0.0000000000
58973  41.382  -7.822  40.269 0.0000000000
59006  39.019  -8.575  38.908 0.0000000000
58992  38.633  -8.717  39.839 0.0000000000
56705  38.174  -9.908  41.134 0.0000000000
57818  37.860  -9.798  40.245 0.0000000000
55590  37.133  -11.122  40.024 0.0000000000
46885  42.371  -20.222  45.591 0.0000000000
133328  41.333  -21.003  45.369 0.0000000000
137837  39.684  -21.480  44.565 0.0000000000
132118  39.934  -21.414  43.754 0.0000000000
45869  39.367  -21.137  42.799 0.0000000000
45871  37.643  -20.724  43.169 0.0000000000
140744  61.521  4.698  22.573 0.0000000000
73331  61.402  4.694  21.959 0.0000000000
73332  60.948  4.371  22.232 0.0000000000
72250  58.855  3.227  22.314 0.0000000000
145194  59.524  3.539  21.686 0.0000000000
71188  58.922  2.920  21.466 0.0000000000
135196  58.648  2.076  21.193 0.0000000000
71155  58.159  2.152  23.277 0.0000000000
154163  58.134  1.028  22.866 0.0000000000
69106  58.375  0.764  22.346 0.0000000000
52506  32.957  -13.894  48.333 0.0000000000
52495  31.497  -14.839  49.431 0.0000000000
51379  31.247  -15.441  47.170 0.0000000000
62076  44.780  -6.128  50.554 0.0000000000
62075  45.613  -5.725  49.852 0.0000000000
61087  46.764  -7.093  49.274 0.0000000000
151266  46.864  -6.080  49.337 0.0000000000
62085  47.105  -5.393  49.261 0.0000000000
62096  47.255  -5.337  49.092 0.0000000000
62107  47.118  -4.823  48.535 0.0000000000
61099  47.193  -6.045  49.005 0.0000000000
58877  46.261  -8.253  47.916 0.0000000000
60040  46.304  -7.114  48.042 0.0000000000
60041  45.717  -7.216  47.620 0.0000000000
61107  45.238  -6.493  47.043 0.0000000000
60042  44.956  -7.284  47.307 0.0000000000
137020  43.619  -8.164  47.324 0.0000000000
143334  44.645  -8.185  47.439 0.0000000000
56648  43.320  -10.104  47.042 0.0000000000
140872  42.495  -10.724  46.126 0.0000000000
55503  42.790  -10.778  46.737 0.0000000000
55481  43.671  -11.430  49.122 0.0000000000
56600  43.806  -10.642  48.446 0.0000000000
53545  42.454  -13.858  46.503 0.0000000000
51411  43.225  -15.711  46.922 0.0000000000
49171  44.542  -17.782  47.806 0.0000000000
49140  44.618  -17.681  48.493 0.0000000000
52423  42.584  -13.415  53.550 0.0000000000
52461  43.235  -13.955  52.462 0.0000000000
52462  42.611  -14.376  52.157 0.0000000000
53482  41.699  -13.768  50.872 0.0000000000
136815  42.495  -14.339  51.123 0.0000000000
52484  42.253  -14.144  50.382 0.0000000000
52492  42.638  -14.235  49.957 0.0000000000
53508  39.774  -12.992  49.501 0.0000000000
53520  40.330  -13.272  49.130 0.0000000000
52505  41.105  -13.970  48.399 0.0000000000
52504  41.897  -14.461  48.927 0.0000000000
51377  42.382  -15.295  48.412 0.0000000000
50265  41.622  -16.582  47.272 0.0000000000
50264  42.722  -16.768  48.528 0.0000000000
49157  42.935  -18.730  47.841 0.0000000000
49158  41.504  -17.729  46.674 0.0000000000
141675  40.557  -17.255  45.670 0.0000000000
141081  38.955  -14.351  45.513 0.0000000000
51415  38.555  -15.262  45.151 0.0000000000
50302  38.293  -17.023  44.625 0.0000000000
130576  55.580  -2.110  26.131 0.0000000000
66799  55.396  -1.425  25.487 0.0000000000
65764  55.382  -2.559  25.314 0.0000000000
63570  55.207  -4.106  23.224 0.0000000000
62401  53.220  -5.552  24.475 0.0000000000
62400  53.944  -5.148  24.148 0.0000000000
62421  53.376  -5.551  23.467 0.0000000000
60329  54.170  -6.814  21.771 0.0000000000
145123  55.507  -6.766  21.536 0.0000000000
61318  49.683  -6.743  23.904 0.0000000000
60283  50.359  -7.333  24.021 0.0000000000
58721  33.339  -8.639  57.925 0.0000000000
143847  32.138  -9.046  58.214 0.0000000000
57561  31.390  -9.368  58.066 0.0000000000
56472  30.124  -9.989  57.803 0.0000000000
55381  30.820  -10.579  57.381 0.0000000000
56485  30.392  -10.411  57.369 0.0000000000
137345  30.872  -11.894  56.541 0.0000000000
54411  30.408  -11.269  56.675 0.0000000000
56519  29.272  -11.056  55.750 0.0000000000
55429  29.801  -11.908  55.812 0.0000000000
156273  29.495  -11.581  55.158 0.0000000000
54429  29.561  -12.625  54.072 0.0000000000
145846  29.366  -11.678  54.396 0.0000000000
58723  26.135  -8.523  58.047 0.0000000000
133890  26.151  -8.322  58.935 0.0000000000
57579  26.983  -8.674  58.905 0.0000000000
57566  27.350  -8.435  59.526 0.0000000000
57590  26.965  -8.908  57.920 0.0000000000
57589  27.707  -9.331  57.706 0.0000000000
135110  27.763  -9.564  56.896 0.0000000000
56549  27.363  -10.726  53.210 0.0000000000
56548  27.951  -10.480  53.822 0.0000000000
55444  28.270  -11.204  53.145 0.0000000000
55443  28.916  -11.961  52.656 0.0000000000
145881  28.172  -11.595  52.423 0.0000000000
54470  27.769  -12.359  51.329 0.0000000000
55461  27.561  -11.747  51.941 0.0000000000
53501  26.445  -13.167  50.229 0.0000000000
55454  24.858  -11.927  52.745 0.0000000000
77310  64.498  8.738  21.801 0.0000000000
75392  63.716  6.436  22.798 0.0000000000
74399  63.802  5.635  24.055 0.0000000000
74400  62.962  5.222  23.559 0.0000000000
132000  61.194  4.765  24.084 0.0000000000
73304  61.495  4.800  24.779 0.0000000000
75353  65.098  6.231  25.366 0.0000000000
73290  63.691  5.122  26.158 0.0000000000
73279  61.084  4.406  26.176 0.0000000000
73280  60.354  4.253  25.921 0.0000000000
73294  60.039  4.302  25.265 0.0000000000
72206  59.533  3.796  26.034 0.0000000000
72218  58.693  3.331  25.593 0.0000000000
71110  58.592  2.394  27.382 0.0000000000
154001  58.516  2.637  26.793 0.0000000000
70082  57.373  1.601  26.478 0.0000000000
70068  57.544  1.386  27.268 0.0000000000
71081  59.744  2.321  29.324 0.0000000000
68998  57.869  0.828  28.904 0.0000000000
69022  57.126  0.652  27.612 0.0000000000
69000  56.673  0.011  27.892 0.0000000000
67874  56.249  -0.668  27.507 0.0000000000
67847  56.765  -0.574  28.338 0.0000000000
66763  56.799  -2.361  28.271 0.0000000000
64643  56.496  -3.992  28.103 0.0000000000
65680  58.336  -2.431  31.102 0.0000000000
66742  58.039  -2.346  30.415 0.0000000000
64625  55.778  -3.577  29.127 0.0000000000
64644  55.815  -4.166  28.421 0.0000000000
63497  54.486  -4.525  27.474 0.0000000000
64645  54.943  -4.156  28.356 0.0000000000
135040  53.302  -3.200  28.446 0.0000000000
64646  53.584  -3.891  27.995 0.0000000000
64647  52.750  -3.326  28.108 0.0000000000
64664  52.105  -3.494  27.582 0.0000000000
66640  58.214  -1.201  38.176 0.0000000000
151082  58.046  -1.566  36.675 0.0000000000
66654  57.975  -1.462  37.510 0.0000000000
149284  55.479  -2.253  36.222 0.0000000000
65627  55.830  -2.458  35.737 0.0000000000
149045  55.331  -2.794  34.606 0.0000000000
67748  53.532  -1.252  35.812 0.0000000000
150942  54.252  -1.893  36.042 0.0000000000
66693  53.079  -2.369  35.005 0.0000000000
132559  52.680  -2.615  33.413 0.0000000000
65650  53.215  -2.689  34.102 0.0000000000
65664  53.386  -2.729  33.313 0.0000000000
152578  53.512  -2.541  31.293 0.0000000000
64609  51.168  -2.771  30.245 0.0000000000
64629  51.443  -2.903  29.327 0.0000000000
132074  51.129  -3.410  27.717 0.0000000000
64665  50.187  -3.463  27.921 0.0000000000
64681  49.591  -3.652  26.302 0.0000000000
64667  48.402  -3.599  27.363 0.0000000000
64668  47.659  -3.634  27.452 0.0000000000
63517  47.011  -3.968  26.225 0.0000000000
64684  46.923  -3.804  27.071 0.0000000000
65708  48.490  -2.778  30.660 0.0000000000
64612  47.795  -2.681  30.601 0.0000000000
131680  46.294  -3.241  29.134 0.0000000000
64669  45.778  -3.671  27.813 0.0000000000
63500  46.059  -3.945  27.111 0.0000000000
73122  49.085  4.579  38.674 0.0000000000
72053  49.819  3.687  38.259 0.0000000000
73137  49.054  3.805  38.004 0.0000000000
66630  49.340  -1.462  39.311 0.0000000000
133263  49.354  -0.550  39.527 0.0000000000
68809  48.506  0.839  39.791 0.0000000000
137947  48.560  -0.037  39.399 0.0000000000
63389  47.582  -4.110  38.089 0.0000000000
64542  47.826  -3.282  38.401 0.0000000000
67714  47.125  -0.334  37.864 0.0000000000
67713  47.595  -0.524  38.302 0.0000000000
68831  47.445  0.283  38.352 0.0000000000
70960  47.208  2.365  38.267 0.0000000000
69915  46.982  1.692  37.832 0.0000000000
69935  46.743  1.986  36.413 0.0000000000
70999  46.915  2.231  36.052 0.0000000000
70986  48.121  2.540  36.412 0.0000000000
69949  46.997  1.719  35.551 0.0000000000
69948  47.778  1.447  35.445 0.0000000000
68899  46.687  0.332  34.849 0.0000000000
142161  45.307  -1.875  33.910 0.0000000000
153098  45.694  -1.412  34.034 0.0000000000
65653  44.972  -2.071  33.207 0.0000000000
66725  45.510  -1.728  32.724 0.0000000000
65673  44.603  -2.540  32.728 0.0000000000
62295  44.889  -5.677  33.684 0.0000000000
63434  44.746  -4.895  34.057 0.0000000000
63443  44.410  -5.135  33.253 0.0000000000
63452  43.968  -4.939  32.508 0.0000000000
63462  43.660  -4.704  31.759 0.0000000000
153025  43.631  -3.798  31.398 0.0000000000
63463  43.437  -4.417  31.019 0.0000000000
63474  43.182  -4.205  30.233 0.0000000000
62334  43.179  -4.991  30.682 0.0000000000
60222  43.030  -7.986  29.703 0.0000000000
57906  40.496  -9.588  30.266 0.0000000000
59038  40.331  -8.119  35.953 0.0000000000
132627  40.619  -8.223  34.278 0.0000000000
59040  38.082  -8.791  36.595 0.0000000000
59039  38.853  -8.601  36.323 0.0000000000
59051  37.963  -8.709  35.835 0.0000000000
59068  36.973  -8.524  34.261 0.0000000000
59067  37.861  -8.475  34.410 0.0000000000
59081  37.516  -8.394  33.596 0.0000000000
58889  42.305  -8.545  46.319 0.0000000000
56667  40.990  -10.185  44.862 0.0000000000
57780  40.920  -9.353  45.360 0.0000000000
57781  40.596  -9.517  44.780 0.0000000000
57790  40.296  -9.296  44.314 0.0000000000
136833  40.525  -10.176  44.185 0.0000000000
54526  40.842  -12.700  44.521 0.0000000000
53556  40.389  -13.167  44.198 0.0000000000
54530  39.275  -12.886  43.033 0.0000000000
54529  39.868  -12.271  43.355 0.0000000000
55556  39.180  -11.231  42.580 0.0000000000
56692  38.895  -10.463  42.323 0.0000000000
136353  38.811  -11.844  42.344 0.0000000000
53565  36.853  -13.856  41.482 0.0000000000
54536  37.695  -12.513  41.535 0.0000000000
54537  37.090  -12.972  41.151 0.0000000000
54541  36.677  -12.632  40.483 0.0000000000
53572  36.449  -13.412  40.732 0.0000000000
48022  42.018  -19.681  43.482 0.0000000000
133109  38.980  -18.544  42.224 0.0000000000
49216  39.511  -18.217  42.575 0.0000000000
49217  38.526  -17.453  42.679 0.0000000000
150610  37.977  -17.942  42.255 0.0000000000
46989  38.408  -20.153  38.454 0.0000000000
48066  38.541  -19.640  39.944 0.0000000000
151847  38.043  -19.518  39.441 0.0000000000
49243  35.629  -17.646  40.730 0.0000000000
48067  36.511  -18.327  40.635 0.0000000000
138297  36.106  -17.687  41.215 0.0000000000
49219  36.311  -17.318  41.737 0.0000000000
50341  35.967  -16.659  41.804 0.0000000000
51476  35.791  -15.860  41.543 0.0000000000
50348  35.449  -16.546  41.240 0.0000000000
51495  33.985  -15.728  39.071 0.0000000000
51494  34.460  -15.768  39.701 0.0000000000
52594  34.534  -14.540  39.231 0.0000000000
78317  61.288  9.810  17.813 0.0000000000
142330  60.434  4.242  20.693 0.0000000000
74435  61.292  5.625  20.705 0.0000000000
72295  59.668  2.971  18.438 0.0000000000
72294  60.294  3.464  17.973 0.0000000000
65792  55.626  -1.932  23.427 0.0000000000
66819  55.508  -1.423  23.875 0.0000000000
56467  35.335  -11.007  59.043 0.0000000000
55376  35.297  -11.517  59.049 0.0000000000
130502  34.753  -11.031  58.851 0.0000000000
150056  34.279  -10.643  58.248 0.0000000000
62141  46.280  -5.574  46.652 0.0000000000
62166  46.709  -5.564  45.843 0.0000000000
155449  47.100  -5.793  45.255 0.0000000000
136404  46.605  -6.006  45.030 0.0000000000
61144  47.091  -6.543  44.147 0.0000000000
61145  46.356  -6.403  44.346 0.0000000000
61164  45.681  -6.594  43.943 0.0000000000
61165  44.809  -6.627  43.957 0.0000000000
60092  43.725  -7.132  43.163 0.0000000000
61166  44.024  -6.709  44.047 0.0000000000
155570  42.120  -7.202  45.085 0.0000000000
70093  56.855  1.372  25.225 0.0000000000
67950  55.978  -0.000  24.159 0.0000000000
67971  55.812  -0.717  23.731 0.0000000000
54509  36.409  -12.803  48.255 0.0000000000
53524  35.712  -12.988  48.044 0.0000000000
53525  35.208  -13.000  48.343 0.0000000000
137724  29.643  -15.178  51.327 0.0000000000
52496  28.334  -14.875  49.708 0.0000000000
52489  27.938  -14.224  49.903 0.0000000000
144843  43.678  -8.036  53.050 0.0000000000
59985  44.081  -7.580  52.750 0.0000000000
57644  44.072  -9.091  52.362 0.0000000000
57662  44.525  -9.501  51.806 0.0000000000
155896  45.037  -10.903  51.545 0.0000000000
55459  45.125  -11.425  51.298 0.0000000000
55449  44.823  -11.542  51.791 0.0000000000
54443  44.452  -12.265  51.741 0.0000000000
53480  43.751  -13.307  51.799 0.0000000000
142663  52.419  -5.353  25.272 0.0000000000
63535  52.215  -4.788  25.874 0.0000000000
61316  51.373  -6.222  24.044 0.0000000000
57610  23.582  -9.805  56.542 0.0000000000
67779  60.249  -1.029  33.858 0.0000000000
66719  59.598  -1.425  33.236 0.0000000000
66704  59.828  -1.374  34.145 0.0000000000
66705  58.846  -1.591  34.389 0.0000000000
69924  51.945  1.477  37.340 0.0000000000
68862  52.398  0.746  36.900 0.0000000000
69932  51.428  1.050  36.597 0.0000000000
68863  51.262  0.336  35.947 0.0000000000
67751  50.485  -0.468  35.021 0.0000000000
67752  49.915  -0.071  35.207 0.0000000000
67766  48.630  -0.747  34.245 0.0000000000
68897  48.452  -0.151  34.617 0.0000000000
148170  47.572  -8.593  35.472 0.0000000000
60191  48.024  -7.920  35.436 0.0000000000
59059  47.524  -8.517  35.116 0.0000000000
60200  47.156  -8.175  34.542 0.0000000000
59074  46.616  -8.242  34.010 0.0000000000
59061  46.302  -8.900  34.141 0.0000000000
57861  45.818  -8.981  33.708 0.0000000000
57874  45.220  -9.070  33.532 0.0000000000
59063  44.206  -8.687  33.920 0.0000000000
50281  42.739  -16.769  45.105 0.0000000000
49200  41.323  -17.589  43.378 0.0000000000
156360  62.880  9.421  19.852 0.0000000000
76378  62.392  7.530  19.850 0.0000000000
75419  62.110  6.885  19.910 0.0000000000
53472  35.870  -13.008  53.282 0.0000000000
53473  35.178  -13.149  53.107 0.0000000000
53458  34.615  -13.683  53.604 0.0000000000
53459  33.842  -13.988  53.377 0.0000000000
52396  32.900  -15.009  56.342 0.0000000000
130228  32.838  -15.548  55.208 0.0000000000
51303  32.322  -15.376  55.458 0.0000000000
130548  32.058  -15.577  54.921 0.0000000000
51316  31.388  -15.607  54.379 0.0000000000
51317  30.946  -15.421  54.626 0.0000000000
52435  30.357  -15.120  54.533 0.0000000000
52416  30.215  -14.322  55.010 0.0000000000
57601  40.080  -9.881  56.057 0.0000000000
55428  41.080  -11.451  54.718 0.0000000000
55415  40.505  -11.108  55.167 0.0000000000
53422  40.026  -13.304  55.744 0.0000000000
51263  37.573  -14.272  57.064 0.0000000000
52376  38.170  -14.102  56.808 0.0000000000
52393  37.459  -13.705  56.080 0.0000000000
153014  37.521  -13.569  55.455 0.0000000000
53440  37.603  -13.246  54.280 0.0000000000
53455  37.202  -12.877  53.653 0.0000000000
53456  36.341  -13.136  53.722 0.0000000000
62162  50.637  -5.401  45.147 0.0000000000
61120  51.155  -5.973  44.395 0.0000000000
151945  51.997  -5.687  43.928 0.0000000000
63319  52.930  -5.134  41.507 0.0000000000
63332  52.868  -5.062  40.971 0.0000000000
62215  52.796  -5.824  41.307 0.0000000000
60146  52.118  -6.576  40.913 0.0000000000
60147  51.670  -7.090  40.271 0.0000000000
154509  46.932  -7.919  41.852 0.0000000000
134269  48.366  -8.244  40.990 0.0000000000
132117  47.406  -8.284  40.758 0.0000000000
131045  47.327  -8.347  39.953 0.0000000000
149868  47.264  -8.342  39.224 0.0000000000
59000  46.594  -8.247  38.731 0.0000000000
155957  45.242  -7.862  38.699 0.0000000000
152161  44.263  -7.616  38.920 0.0000000000
132243  44.046  -7.609  38.236 0.0000000000
58988  42.832  -7.585  39.650 0.0000000000
58955  41.717  -7.685  41.068 0.0000000000
58956  40.028  -8.198  41.201 0.0000000000
138697  39.649  -8.353  40.704 0.0000000000
58975  38.976  -8.620  40.616 0.0000000000
57812  38.681  -9.089  41.301 0.0000000000
48005  40.881  -20.092  45.602 0.0000000000
46886  40.696  -21.315  45.127 0.0000000000
73333  60.335  4.309  22.824 0.0000000000
69090  57.939  0.565  23.177 0.0000000000
53544  34.088  -13.983  46.325 0.0000000000
53497  33.556  -13.362  50.653 0.0000000000
53510  33.609  -13.398  49.778 0.0000000000
51368  30.223  -15.524  48.647 0.0000000000
60009  46.010  -8.266  50.086 0.0000000000
143316  45.857  -7.341  49.754 0.0000000000
60008  46.396  -7.789  50.058 0.0000000000
60020  46.793  -7.917  49.349 0.0000000000
58867  47.051  -8.255  48.926 0.0000000000
60033  47.017  -7.046  48.931 0.0000000000
135683  46.175  -8.753  47.871 0.0000000000
136719  45.233  -8.996  47.579 0.0000000000
58879  44.395  -8.999  47.301 0.0000000000
57756  44.788  -9.355  47.707 0.0000000000
56625  44.154  -9.869  47.784 0.0000000000
54506  43.072  -12.915  48.458 0.0000000000
53527  42.881  -13.533  48.002 0.0000000000
52523  42.860  -14.435  47.514 0.0000000000
51376  43.029  -15.816  48.533 0.0000000000
52463  42.001  -14.225  52.524 0.0000000000
133377  41.838  -14.135  52.109 0.0000000000
53528  40.318  -13.498  47.888 0.0000000000
52524  41.667  -14.814  47.768 0.0000000000
155402  37.838  -13.966  45.408 0.0000000000
52538  38.148  -14.381  45.292 0.0000000000
52539  37.481  -14.271  45.112 0.0000000000
51438  37.200  -15.782  44.631 0.0000000000
50303  37.520  -16.664  44.689 0.0000000000
50304  36.955  -16.372  44.809 0.0000000000
50285  36.516  -16.415  45.267 0.0000000000
64694  55.664  -3.755  25.814 0.0000000000
64709  55.348  -3.502  24.848 0.0000000000
63571  54.617  -4.620  23.687 0.0000000000
61345  52.823  -7.017  22.585 0.0000000000
60316  53.513  -7.387  22.154 0.0000000000
149495  29.045  -8.466  59.160 0.0000000000
151174  29.664  -10.216  57.547 0.0000000000
56487  29.106  -9.764  57.927 0.0000000000
56497  28.984  -10.110  57.530 0.0000000000
56520  28.687  -10.385  56.114 0.0000000000
58737  25.345  -8.492  57.265 0.0000000000
58736  26.213  -8.754  57.094 0.0000000000
57607  26.344  -9.047  56.215 0.0000000000
57606  27.202  -9.326  56.101 0.0000000000
130861  27.119  -10.112  53.829 0.0000000000
55452  26.753  -11.522  52.203 0.0000000000
75391  64.601  6.937  23.188 0.0000000000
75377  65.250  7.387  23.542 0.0000000000
139527  65.014  6.726  23.941 0.0000000000
74387  64.056  5.610  24.900 0.0000000000
73277  63.000  4.762  26.673 0.0000000000
73264  62.309  4.410  27.256 0.0000000000
73265  61.301  4.223  26.989 0.0000000000
133637  59.577  3.403  27.106 0.0000000000
71109  59.217  2.756  27.698 0.0000000000
68981  57.593  0.181  29.171 0.0000000000
67846  57.296  -0.522  28.994 0.0000000000
154847  57.185  -2.662  28.934 0.0000000000
149173  57.218  -2.756  30.965 0.0000000000
65702  57.016  -2.946  30.272 0.0000000000
65720  54.897  -2.960  29.484 0.0000000000
140781  54.310  -2.993  29.058 0.0000000000
64627  53.482  -2.788  29.060 0.0000000000
66642  56.798  -1.236  37.919 0.0000000000
156906  57.147  -1.413  37.546 0.0000000000
66655  56.437  -1.560  37.154 0.0000000000
66668  55.736  -1.885  36.735 0.0000000000
65618  55.016  -2.569  35.786 0.0000000000
65640  52.155  -2.241  34.001 0.0000000000
139799  52.833  -2.519  34.408 0.0000000000
65651  52.147  -2.504  33.394 0.0000000000
65665  52.067  -2.610  32.620 0.0000000000
138496  52.067  -2.639  31.759 0.0000000000
64630  50.419  -3.086  29.502 0.0000000000
131789  49.902  -3.372  28.721 0.0000000000
64631  49.560  -3.279  29.314 0.0000000000
131770  48.209  -3.402  28.998 0.0000000000
65691  47.338  -2.244  31.203 0.0000000000
64613  46.835  -2.618  30.439 0.0000000000
139333  45.300  -3.342  28.644 0.0000000000
64654  44.336  -3.623  28.250 0.0000000000
155961  44.249  -3.330  28.931 0.0000000000
64655  43.532  -3.723  28.730 0.0000000000
73123  48.288  4.857  38.889 0.0000000000
73139  47.863  4.176  38.297 0.0000000000
64526  50.225  -3.461  39.866 0.0000000000
66629  50.152  -1.733  39.879 0.0000000000
65587  49.511  -2.306  39.616 0.0000000000
64528  48.857  -2.375  39.137 0.0000000000
64557  47.234  -3.332  37.845 0.0000000000
64558  46.699  -3.338  37.197 0.0000000000
66659  46.815  -1.685  37.362 0.0000000000
152305  46.703  -0.156  37.389 0.0000000000
69926  46.691  1.322  37.122 0.0000000000
67725  46.372  -0.399  36.885 0.0000000000
141810  46.277  0.107  36.225 0.0000000000
68867  46.386  0.409  35.486 0.0000000000
67754  46.224  -0.011  35.038 0.0000000000
66685  45.734  -0.820  35.004 0.0000000000
132791  45.529  -1.542  34.542 0.0000000000
134088  45.019  -2.475  33.822 0.0000000000
61244  45.282  -6.624  32.757 0.0000000000
62318  44.483  -5.915  32.608 0.0000000000
61248  44.775  -6.782  31.984 0.0000000000
140841  43.283  -5.800  30.611 0.0000000000
61256  43.601  -6.879  30.559 0.0000000000
56803  42.880  -10.525  30.189 0.0000000000
57887  42.085  -9.542  31.462 0.0000000000
57897  40.265  -8.956  30.940 0.0000000000
59021  41.817  -7.626  37.330 0.0000000000
59036  41.558  -7.683  36.510 0.0000000000
59037  40.805  -7.919  36.486 0.0000000000
132377  39.494  -8.385  35.715 0.0000000000
137453  36.155  -9.310  35.630 0.0000000000
57862  36.509  -8.908  34.936 0.0000000000
56665  42.334  -10.231  45.909 0.0000000000
57779  41.819  -9.369  45.855 0.0000000000
56674  41.481  -10.942  44.837 0.0000000000
52549  39.586  -14.315  43.589 0.0000000000
53558  39.242  -13.643  43.225 0.0000000000
54533  38.639  -12.651  42.478 0.0000000000
53561  38.056  -13.400  42.385 0.0000000000
53562  37.452  -14.039  42.234 0.0000000000
46925  40.517  -20.078  42.400 0.0000000000
48052  39.497  -19.601  41.406 0.0000000000
48093  37.336  -19.501  37.964 0.0000000000
144130  37.012  -18.881  39.630 0.0000000000
49249  35.048  -17.499  40.111 0.0000000000
50353  35.087  -16.394  40.731 0.0000000000
72273  59.361  3.263  20.222 0.0000000000
72272  59.800  3.960  19.780 0.0000000000
63585  56.174  -3.641  22.150 0.0000000000
64733  56.044  -2.838  22.632 0.0000000000
63596  56.717  -4.113  21.645 0.0000000000
51289  35.803  -14.564  56.888 0.0000000000
52413  34.963  -14.440  55.443 0.0000000000
130370  35.162  -14.744  56.744 0.0000000000
51278  34.466  -14.956  56.651 0.0000000000
154400  34.184  -14.517  57.036 0.0000000000
134013  33.996  -13.186  57.503 0.0000000000
52378  33.745  -14.313  56.907 0.0000000000
130831  33.187  -13.744  56.807 0.0000000000
53408  32.614  -13.110  56.771 0.0000000000
54400  31.972  -12.292  56.789 0.0000000000
54397  37.777  -13.014  58.030 0.0000000000
135744  37.190  -12.274  58.132 0.0000000000
53406  37.399  -13.654  58.061 0.0000000000
52361  36.987  -14.223  57.910 0.0000000000
51276  36.241  -14.503  57.155 0.0000000000
63237  47.548  -4.042  47.623 0.0000000000
62119  48.201  -4.181  46.713 0.0000000000
62138  48.922  -4.640  45.998 0.0000000000
62164  48.395  -5.186  45.611 0.0000000000
62163  49.605  -5.284  45.302 0.0000000000
60086  49.992  -7.067  43.412 0.0000000000
139826  50.023  -7.403  42.642 0.0000000000
133095  49.194  -7.363  43.088 0.0000000000
60110  48.339  -7.625  42.766 0.0000000000
61162  47.223  -7.004  43.554 0.0000000000
60111  46.825  -7.570  42.670 0.0000000000
58936  47.396  -7.793  42.335 0.0000000000
58937  46.379  -7.741  42.081 0.0000000000
58952  44.939  -7.656  41.451 0.0000000000
130326  44.252  -7.621  41.194 0.0000000000
58971  43.733  -7.584  40.674 0.0000000000
60133  43.046  -7.536  41.654 0.0000000000
60116  42.437  -7.390  42.475 0.0000000000
60118  40.609  -8.026  42.742 0.0000000000
58926  40.143  -8.615  43.159 0.0000000000
46888  38.720  -20.503  44.926 0.0000000000
45841  37.127  -19.926  45.084 0.0000000000
46873  37.466  -19.385  45.715 0.0000000000
72227  58.583  3.418  24.648 0.0000000000
70122  57.642  1.863  23.956 0.0000000000
69091  57.354  0.667  23.584 0.0000000000
53550  36.397  -13.824  45.506 0.0000000000
53543  34.816  -13.661  46.352 0.0000000000
52528  33.424  -14.328  46.625 0.0000000000
52518  33.112  -14.054  47.364 0.0000000000
52476  31.395  -14.862  51.298 0.0000000000
51360  30.082  -15.428  49.563 0.0000000000
140174  44.345  -7.977  52.235 0.0000000000
59996  44.619  -7.619  51.378 0.0000000000
60010  45.225  -7.604  50.310 0.0000000000
57680  46.541  -9.466  50.384 0.0000000000
136026  46.784  -9.739  50.198 0.0000000000
55478  46.111  -10.500  49.473 0.0000000000
55489  45.675  -10.329  49.028 0.0000000000
55479  45.399  -10.927  49.672 0.0000000000
55480  44.370  -11.413  49.779 0.0000000000
54481  44.459  -12.162  50.998 0.0000000000
54495  44.158  -11.960  50.361 0.0000000000
54496  43.572  -12.305  49.779 0.0000000000
53517  43.223  -13.346  49.317 0.0000000000
53505  42.924  -14.095  49.452 0.0000000000
54463  39.333  -12.641  50.994 0.0000000000
54497  38.981  -12.816  49.146 0.0000000000
54498  38.348  -12.559  49.748 0.0000000000
53529  39.501  -13.251  47.544 0.0000000000
151533  38.741  -13.494  46.257 0.0000000000
53549  37.407  -13.776  45.551 0.0000000000
63512  54.684  -4.676  26.737 0.0000000000
154687  54.067  -5.070  26.113 0.0000000000
62402  52.517  -5.674  24.602 0.0000000000
62422  52.650  -5.858  23.794 0.0000000000
139577  24.405  -8.111  58.324 0.0000000000
57608  24.924  -9.133  56.069 0.0000000000
56552  25.017  -10.877  53.889 0.0000000000
55446  24.688  -11.692  53.610 0.0000000000
153927  24.487  -11.845  54.201 0.0000000000
66720  59.031  -1.972  32.497 0.0000000000
65659  58.373  -2.349  31.881 0.0000000000
65681  57.700  -2.597  31.377 0.0000000000
136108  56.850  -2.571  31.619 0.0000000000
65661  56.280  -2.448  32.365 0.0000000000
65662  55.490  -2.512  32.425 0.0000000000
68828  54.726  0.563  38.217 0.0000000000
67723  54.708  -0.610  37.053 0.0000000000
67724  53.794  -0.086  36.901 0.0000000000
67734  53.324  -0.397  36.284 0.0000000000
67749  52.754  -0.684  35.716 0.0000000000
66683  52.068  -0.958  35.065 0.0000000000
66694  52.497  -2.040  34.648 0.0000000000
65667  50.349  -2.413  32.272 0.0000000000
65689  49.748  -2.529  31.630 0.0000000000
65668  49.469  -2.155  32.234 0.0000000000
152143  48.738  -1.959  32.275 0.0000000000
66709  49.538  -1.531  33.460 0.0000000000
65669  47.957  -1.954  31.930 0.0000000000
65670  46.842  -1.811  31.934 0.0000000000
65693  45.226  -2.142  31.561 0.0000000000
69885  48.152  2.654  40.308 0.0000000000
62247  49.512  -6.507  37.673 0.0000000000
62238  49.096  -5.590  38.090 0.0000000000
62248  48.752  -6.065  37.455 0.0000000000
62249  47.870  -5.649  37.316 0.0000000000
61223  48.093  -6.816  36.008 0.0000000000
62264  47.491  -6.106  36.616 0.0000000000
63406  46.930  -5.136  37.120 0.0000000000
157337  46.345  -4.925  36.576 0.0000000000
63408  45.992  -4.289  36.229 0.0000000000
63422  45.529  -4.492  35.394 0.0000000000
62294  45.454  -5.900  34.234 0.0000000000
62307  45.509  -6.360  33.421 0.0000000000
61242  46.514  -7.347  33.664 0.0000000000
61243  45.987  -7.069  33.202 0.0000000000
156408  44.252  -10.268  31.075 0.0000000000
134297  44.175  -10.127  31.456 0.0000000000
59090  42.278  -9.064  32.338 0.0000000000
146302  41.328  -8.592  32.886 0.0000000000
59079  40.449  -8.387  33.465 0.0000000000
59024  38.974  -8.609  37.858 0.0000000000
57845  37.368  -9.001  36.414 0.0000000000
130424  36.812  -9.445  36.826 0.0000000000
152984  36.661  -9.258  36.196 0.0000000000
53546  42.104  -13.076  45.871 0.0000000000
53552  41.372  -13.080  45.211 0.0000000000
137778  41.204  -13.894  45.178 0.0000000000
136836  40.851  -14.336  44.704 0.0000000000
52548  40.359  -14.872  44.037 0.0000000000
52558  39.710  -15.128  43.564 0.0000000000
50322  38.636  -15.844  42.968 0.0000000000
45898  38.540  -20.405  39.680 0.0000000000
45897  38.857  -20.162  39.200 0.0000000000
148199  38.496  -20.421  38.987 0.0000000000
45946  38.160  -19.951  37.759 0.0000000000
46990  38.222  -20.021  37.605 0.0000000000
143589  61.616  9.008  18.241 0.0000000000
77345  62.352  9.042  19.166 0.0000000000
154512  61.546  7.548  18.268 0.0000000000
151159  61.471  6.739  18.311 0.0000000000
74467  60.859  4.682  17.801 0.0000000000
68009  59.085  -0.026  19.211 0.0000000000
140198  34.840  -12.569  50.775 0.0000000000
53496  34.160  -12.929  51.110 0.0000000000
52475  32.158  -14.395  51.646 0.0000000000
52432  34.364  -14.577  54.815 0.0000000000
52452  34.097  -14.300  54.068 0.0000000000
52453  33.380  -14.756  53.894 0.0000000000
52434  33.038  -15.401  54.512 0.0000000000
52465  33.092  -14.396  53.153 0.0000000000
51338  30.664  -15.519  51.957 0.0000000000
51339  30.093  -15.800  52.500 0.0000000000
142134  30.147  -15.851  53.261 0.0000000000
51347  29.674  -15.484  52.153 0.0000000000
148693  29.343  -13.617  52.543 0.0000000000
56516  42.504  -9.806  53.689 0.0000000000
56532  42.870  -10.215  53.172 0.0000000000
55442  43.085  -11.493  53.064 0.0000000000
55436  42.684  -11.092  53.292 0.0000000000
54421  42.262  -12.426  54.035 0.0000000000
52424  42.140  -13.467  53.984 0.0000000000
54423  41.200  -12.282  54.802 0.0000000000
52405  41.547  -13.493  54.235 0.0000000000
52450  41.633  -13.953  53.603 0.0000000000
130681  41.338  -14.035  53.417 0.0000000000
53412  39.469  -13.188  56.320 0.0000000000
52374  39.366  -13.578  56.108 0.0000000000
51273  38.514  -13.883  56.265 0.0000000000
52409  39.009  -13.862  55.687 0.0000000000
52427  39.679  -13.677  54.992 0.0000000000
53438  39.536  -13.492  54.241 0.0000000000
53453  39.677  -13.313  53.305 0.0000000000
53469  39.468  -12.925  52.574 0.0000000000
54445  39.011  -12.589  51.931 0.0000000000
54465  37.488  -12.441  51.479 0.0000000000
54447  37.294  -12.465  52.256 0.0000000000
143936  36.905  -12.382  50.988 0.0000000000
64695  49.728  -3.880  25.489 0.0000000000
61319  48.949  -6.288  23.939 0.0000000000
67695  57.562  -0.448  39.235 0.0000000000
67696  57.102  -0.424  39.351 0.0000000000
67697  56.499  -0.375  39.021 0.0000000000
69911  55.204  0.863  38.912 0.0000000000
69896  55.595  1.222  39.629 0.0000000000
69912  54.418  1.273  38.686 0.0000000000
153600  53.771  1.578  38.512 0.0000000000
69913  53.210  1.442  38.057 0.0000000000
70942  52.973  2.820  39.391 0.0000000000
70970  52.433  1.962  38.052 0.0000000000
70971  51.551  2.139  37.729 0.0000000000
70972  50.672  2.267  37.427 0.0000000000
64513  51.010  -3.126  40.397 0.0000000000
63349  50.890  -5.158  39.554 0.0000000000
63365  50.227  -5.535  39.059 0.0000000000
60108  50.845  -7.370  42.042 0.0000000000
60130  50.783  -7.836  41.130 0.0000000000
58947  50.744  -8.104  40.288 0.0000000000
155205  49.077  -8.268  40.867 0.0000000000
58966  50.130  -8.306  39.988 0.0000000000
58965  50.834  -8.176  39.442 0.0000000000
60166  50.903  -7.522  38.461 0.0000000000
60180  50.330  -7.363  37.942 0.0000000000
61209  50.225  -6.838  38.031 0.0000000000
61219  49.762  -7.200  37.409 0.0000000000
59014  49.323  -8.148  36.724 0.0000000000
146769  48.520  -8.405  36.436 0.0000000000
132246  47.045  -8.409  37.716 0.0000000000
59015  47.611  -8.556  36.657 0.0000000000
59030  47.854  -8.533  35.959 0.0000000000
150700  46.201  -8.408  36.382 0.0000000000
139952  44.252  -7.807  35.851 0.0000000000
59034  43.509  -7.549  36.604 0.0000000000
59020  42.815  -7.477  37.427 0.0000000000
133295  40.401  -8.264  38.170 0.0000000000
132115  42.197  -7.663  39.931 0.0000000000
58989  41.512  -7.845  39.437 0.0000000000
138511  39.692  -8.461  38.273 0.0000000000
57832  37.558  -9.435  38.738 0.0000000000
144483  38.082  -9.196  39.867 0.0000000000
57825  37.652  -9.613  39.499 0.0000000000
56724  37.130  -10.124  39.044 0.0000000000
56716  36.860  -10.864  39.301 0.0000000000
46870  43.103  -19.660  46.472 0.0000000000
48003  43.204  -19.437  45.662 0.0000000000
46906  41.980  -20.464  44.467 0.0000000000
46907  41.461  -20.482  43.617 0.0000000000
45837  40.785  -21.488  45.121 0.0000000000
45850  40.727  -21.230  44.093 0.0000000000
45868  40.013  -20.754  42.429 0.0000000000
45839  38.982  -21.190  44.536 0.0000000000
150166  38.628  -21.160  43.222 0.0000000000
45870  38.616  -20.841  42.216 0.0000000000
45886  38.476  -20.480  40.962 0.0000000000
75408  62.504  6.291  21.539 0.0000000000
153915  61.794  6.160  21.018 0.0000000000
75409  61.749  5.494  21.618 0.0000000000
72261  60.140  3.801  21.272 0.0000000000
72248  60.268  4.007  21.959 0.0000000000
71199  58.964  2.687  20.693 0.0000000000
71200  58.694  1.877  20.332 0.0000000000
71170  58.467  2.496  22.662 0.0000000000
69121  58.466  0.549  21.423 0.0000000000
62074  46.559  -5.389  49.643 0.0000000000
140235  47.538  -4.197  49.189 0.0000000000
63206  47.727  -3.738  48.618 0.0000000000
62108  46.928  -5.204  48.470 0.0000000000
134591  46.706  -5.058  47.777 0.0000000000
60034  46.888  -7.178  48.684 0.0000000000
61105  46.532  -6.083  48.133 0.0000000000
62121  46.459  -5.445  47.388 0.0000000000
61112  43.783  -6.666  46.541 0.0000000000
60050  43.231  -7.410  46.975 0.0000000000
58881  42.929  -8.220  47.071 0.0000000000
58888  42.944  -9.073  46.723 0.0000000000
57767  43.238  -9.683  46.790 0.0000000000
55496  42.792  -11.601  47.160 0.0000000000
54520  42.285  -12.334  46.034 0.0000000000
52534  42.450  -14.411  46.019 0.0000000000
51433  42.728  -15.166  46.000 0.0000000000
51412  43.241  -16.160  46.125 0.0000000000
49172  44.227  -18.379  47.165 0.0000000000
52447  43.554  -13.354  52.706 0.0000000000
52471  43.581  -13.582  52.249 0.0000000000
52482  43.065  -14.507  51.081 0.0000000000
133519  42.563  -14.481  51.762 0.0000000000
145800  42.909  -14.579  51.310 0.0000000000
50252  43.479  -16.994  48.782 0.0000000000
49141  44.390  -18.303  48.717 0.0000000000
47972  44.429  -19.002  48.627 0.0000000000
47987  43.879  -19.102  47.226 0.0000000000
47988  42.577  -19.458  46.942 0.0000000000
47989  41.796  -19.818  46.261 0.0000000000
49188  39.830  -18.792  45.095 0.0000000000
52537  39.856  -14.407  45.726 0.0000000000
51414  39.307  -15.835  45.221 0.0000000000
50301  39.133  -16.845  44.816 0.0000000000
49189  39.070  -17.811  44.881 0.0000000000
49191  38.243  -18.046  45.403 0.0000000000
50284  37.351  -17.158  45.075 0.0000000000
153786  55.332  -3.447  24.209 0.0000000000
149981  55.410  -3.400  23.615 0.0000000000
132708  55.651  -3.456  22.819 0.0000000000
62435  53.694  -5.725  22.565 0.0000000000
61343  54.165  -5.982  21.895 0.0000000000
62434  54.418  -5.278  22.235 0.0000000000
62443  54.926  -5.581  21.735 0.0000000000
60282  51.138  -7.001  24.016 0.0000000000
59177  50.966  -7.852  24.143 0.0000000000
148981  34.384  -8.853  58.031 0.0000000000
138876  33.403  -9.813  58.113 0.0000000000
57560  32.835  -9.500  57.951 0.0000000000
56470  32.898  -10.144  57.617 0.0000000000
139838  32.202  -10.547  57.465 0.0000000000
55394  32.179  -11.608  57.139 0.0000000000
55395  31.400  -11.313  57.070 0.0000000000
142224  30.748  -8.954  58.322 0.0000000000
133853  31.110  -9.891  57.782 0.0000000000
54401  31.387  -11.757  56.770 0.0000000000
53424  30.855  -12.822  56.182 0.0000000000
53433  29.989  -13.520  55.216 0.0000000000
55418  29.805  -11.267  56.369 0.0000000000
53443  29.742  -13.442  54.603 0.0000000000
132938  29.603  -13.575  53.889 0.0000000000
54435  29.410  -12.925  53.129 0.0000000000
54450  29.127  -12.763  52.201 0.0000000000
57565  27.759  -8.617  59.241 0.0000000000
57605  28.443  -10.049  56.900 0.0000000000
138384  28.752  -10.513  55.275 0.0000000000
56521  28.182  -10.028  55.268 0.0000000000
54469  28.675  -12.887  51.467 0.0000000000
53489  28.090  -13.151  50.794 0.0000000000
54489  27.066  -12.744  50.758 0.0000000000
154012  25.380  -11.629  52.565 0.0000000000
54451  25.163  -12.096  52.087 0.0000000000
77314  63.791  8.408  21.209 0.0000000000
154377  63.424  7.296  21.337 0.0000000000
75407  63.453  6.819  21.822 0.0000000000
75393  63.006  6.080  22.332 0.0000000000
74401  62.179  4.909  23.047 0.0000000000
74412  63.439  5.752  23.297 0.0000000000
73319  61.314  4.668  23.237 0.0000000000
73320  60.479  4.562  23.809 0.0000000000
73306  59.811  4.344  24.419 0.0000000000
74386  64.728  5.810  25.318 0.0000000000
74373  63.409  5.246  25.331 0.0000000000
73291  62.718  4.908  25.853 0.0000000000
73303  62.445  5.024  24.989 0.0000000000
73293  60.867  4.545  25.416 0.0000000000
72207  58.865  3.157  26.477 0.0000000000
71119  57.669  2.099  26.139 0.0000000000
69040  56.414  0.537  26.319 0.0000000000
71095  59.467  2.557  28.489 0.0000000000
71096  58.777  2.167  28.107 0.0000000000
70050  58.339  1.514  28.490 0.0000000000
67900  55.953  -0.223  26.553 0.0000000000
65744  55.996  -2.453  26.867 0.0000000000
153473  56.561  -1.338  28.128 0.0000000000
64678  56.268  -3.461  26.992 0.0000000000
152695  56.027  -4.301  27.112 0.0000000000
65718  57.579  -2.290  29.609 0.0000000000
65719  57.102  -3.088  29.379 0.0000000000
64663  56.011  -4.355  27.750 0.0000000000
63496  55.357  -4.478  27.281 0.0000000000
130154  53.202  -4.528  26.997 0.0000000000
63499  52.448  -4.060  26.997 0.0000000000
63516  51.047  -3.959  26.255 0.0000000000
153609  58.729  -1.461  36.113 0.0000000000
66691  58.687  -1.538  35.256 0.0000000000
66692  57.807  -1.855  34.860 0.0000000000
66679  56.616  -1.991  36.028 0.0000000000
65626  56.768  -2.266  35.305 0.0000000000
65636  56.952  -2.248  34.391 0.0000000000
65647  56.064  -2.494  33.905 0.0000000000
133192  55.610  -2.506  33.097 0.0000000000
156393  54.720  -1.432  36.529 0.0000000000
66680  54.399  -2.486  35.646 0.0000000000
65629  54.437  -2.748  35.240 0.0000000000
148422  53.332  -2.656  34.676 0.0000000000
65639  53.847  -2.763  34.679 0.0000000000
65638  54.585  -2.845  34.677 0.0000000000
65663  54.488  -2.654  32.889 0.0000000000
65684  54.396  -2.543  31.699 0.0000000000
65722  52.857  -2.596  29.800 0.0000000000
64608  52.017  -2.672  30.082 0.0000000000
154523  50.284  -3.794  26.050 0.0000000000
64650  49.459  -3.504  28.166 0.0000000000
64682  48.726  -3.624  26.505 0.0000000000
64610  49.052  -2.966  30.383 0.0000000000
64611  48.273  -3.030  30.139 0.0000000000
64652  47.284  -3.420  28.854 0.0000000000
132456  47.142  -3.578  27.950 0.0000000000
155093  46.477  -3.680  27.674 0.0000000000
72033  51.095  3.956  39.160 0.0000000000
72052  50.681  3.465  38.484 0.0000000000
72065  50.322  3.005  37.867 0.0000000000
70984  49.883  2.137  36.936 0.0000000000
69898  48.475  1.681  40.243 0.0000000000
63368  48.257  -4.068  38.564 0.0000000000
66643  48.517  -1.651  38.719 0.0000000000
65611  47.592  -2.536  38.034 0.0000000000
67712  48.009  -1.055  38.479 0.0000000000
68810  47.904  0.566  39.136 0.0000000000
137672  47.583  2.388  39.225 0.0000000000
70959  47.495  3.240  38.786 0.0000000000
72067  47.540  3.418  37.724 0.0000000000
70975  46.882  2.301  37.329 0.0000000000
72080  47.386  2.996  37.087 0.0000000000
145005  47.907  3.639  37.618 0.0000000000
70974  48.609  2.836  36.874 0.0000000000
70985  49.034  2.280  36.563 0.0000000000
69947  48.859  1.036  35.531 0.0000000000
68884  48.130  0.668  34.973 0.0000000000
67767  47.786  -0.535  34.250 0.0000000000
67769  46.249  -0.486  34.591 0.0000000000
66712  46.321  -1.030  33.930 0.0000000000
135477  46.735  -1.281  33.228 0.0000000000
66724  46.287  -1.550  32.644 0.0000000000
139174  45.191  -4.153  34.507 0.0000000000
152009  44.902  -3.845  33.862 0.0000000000
152749  44.184  -4.239  32.805 0.0000000000
64591  44.254  -3.256  32.649 0.0000000000
154477  43.999  -3.068  32.042 0.0000000000
144463  43.879  -2.998  31.384 0.0000000000
63480  42.835  -4.261  29.247 0.0000000000
61260  42.813  -6.202  29.780 0.0000000000
57895  44.159  -10.465  30.956 0.0000000000
56793  43.747  -10.497  30.714 0.0000000000
57905  42.166  -10.195  30.627 0.0000000000
132620  41.986  -7.789  34.848 0.0000000000
59065  41.570  -8.127  34.134 0.0000000000
59080  39.539  -8.406  33.126 0.0000000000
133881  38.181  -8.564  35.098 0.0000000000
149395  39.347  -8.367  35.018 0.0000000000
131317  39.003  -8.400  33.764 0.0000000000
149108  43.014  -7.052  46.415 0.0000000000
61128  42.504  -7.285  45.765 0.0000000000
60058  41.635  -7.641  45.331 0.0000000000
148675  41.271  -8.439  45.606 0.0000000000
58910  40.820  -7.996  44.728 0.0000000000
58911  40.347  -8.662  44.141 0.0000000000
57798  39.989  -9.249  43.607 0.0000000000
57799  39.639  -9.566  43.052 0.0000000000
54525  41.377  -12.139  44.822 0.0000000000
55532  40.913  -11.896  44.269 0.0000000000
56675  40.905  -11.118  44.200 0.0000000000
55544  40.417  -11.640  43.701 0.0000000000
56683  40.267  -10.827  43.566 0.0000000000
56698  38.428  -10.422  41.755 0.0000000000
56699  37.957  -10.823  41.312 0.0000000000
55557  38.286  -12.133  41.940 0.0000000000
55568  37.852  -11.716  41.407 0.0000000000
55580  37.440  -11.385  40.755 0.0000000000
55581  36.909  -11.877  40.251 0.0000000000
54548  36.327  -12.313  39.804 0.0000000000
54549  35.719  -12.709  39.386 0.0000000000
140337  42.247  -18.724  43.734 0.0000000000
49215  40.560  -18.989  42.540 0.0000000000
49201  40.345  -17.692  42.847 0.0000000000
50321  39.683  -16.580  42.974 0.0000000000
133573  38.165  -16.559  42.842 0.0000000000
51465  37.641  -15.877  42.763 0.0000000000
46959  39.055  -19.986  39.873 0.0000000000
48054  37.578  -18.780  40.794 0.0000000000
48034  37.746  -18.393  41.536 0.0000000000
49218  37.106  -17.531  42.023 0.0000000000
135700  36.946  -16.269  42.521 0.0000000000
51466  36.883  -15.531  42.435 0.0000000000
51475  36.331  -15.318  41.900 0.0000000000
52577  35.834  -14.598  40.896 0.0000000000
51486  34.998  -15.652  40.392 0.0000000000
52585  35.325  -14.750  40.349 0.0000000000
53573  35.771  -13.921  40.330 0.0000000000
53580  35.446  -13.463  39.592 0.0000000000
54550  35.139  -13.084  38.955 0.0000000000
74445  61.101  5.661  19.800 0.0000000000
73367  60.244  4.443  19.089 0.0000000000
74446  60.638  5.074  19.398 0.0000000000
73372  60.383  4.251  18.336 0.0000000000
73379  60.708  4.039  17.800 0.0000000000
72306  60.947  3.598  17.609 0.0000000000
69140  59.356  0.543  18.409 0.0000000000
67951  55.496  -0.717  24.573 0.0000000000
66845  55.867  -1.368  23.337 0.0000000000
153574  56.565  -3.018  22.292 0.0000000000
65806  56.480  -2.339  22.650 0.0000000000
46924  40.938  -20.498  43.042 0.0000000000
46972  38.913  -20.118  38.989 0.0000000000
47962  44.613  -18.946  48.884 0.0000000000
49156  44.277  -18.969  48.741 0.0000000000
49235  35.671  -17.172  41.334 0.0000000000
50338  38.876  -16.629  42.906 0.0000000000
50340  36.630  -16.812  42.243 0.0000000000
51264  37.157  -14.304  57.406 0.0000000000
51265  36.590  -14.412  57.524 0.0000000000
51274  37.817  -14.110  56.661 0.0000000000
51277  35.950  -14.472  57.452 0.0000000000
51286  38.937  -13.863  55.844 0.0000000000
51287  38.136  -13.836  56.128 0.0000000000
51288  37.303  -14.087  56.592 0.0000000000
51290  35.308  -14.675  56.489 0.0000000000
51291  34.562  -15.186  56.234 0.0000000000
51292  33.962  -15.357  56.269 0.0000000000
51293  33.197  -15.440  55.993 0.0000000000
51300  34.947  -14.853  55.872 0.0000000000
51477  35.334  -15.954  40.993 0.0000000000
51485  35.512  -15.299  40.933 0.0000000000
52348  36.581  -13.711  58.438 0.0000000000
52349  35.820  -13.931  58.304 0.0000000000
52359  38.457  -13.823  57.096 0.0000000000
52360  37.700  -14.073  57.432 0.0000000000
52363  34.478  -14.148  57.318 0.0000000000
52364  33.899  -13.696  57.253 0.0000000000
52375  38.761  -13.788  56.438 0.0000000000
52377  35.143  -14.509  57.192 0.0000000000
52379  33.047  -14.418  56.582 0.0000000000
52390  40.401  -13.368  55.032 0.0000000000
52391  39.729  -13.562  55.480 0.0000000000
52392  39.117  -13.783  55.851 0.0000000000
52394  36.609  -13.959  56.428 0.0000000000
52397  31.887  -14.382  56.099 0.0000000000
52408  39.548  -13.708  55.385 0.0000000000
52412  35.684  -14.016  55.995 0.0000000000
52425  41.596  -13.773  53.989 0.0000000000
52426  40.399  -13.670  54.593 0.0000000000
52448  42.966  -13.694  53.025 0.0000000000
52449  42.238  -13.866  53.450 0.0000000000
52491  43.026  -14.270  50.501 0.0000000000
52576  36.331  -14.595  41.447 0.0000000000
52586  34.773  -14.988  39.810 0.0000000000
53391  34.883  -12.888  58.345 0.0000000000
53392  34.392  -12.913  57.841 0.0000000000
53397  35.303  -13.412  58.370 0.0000000000
53407  33.374  -13.137  57.114 0.0000000000
53414  32.506  -13.774  56.562 0.0000000000
53416  31.432  -13.165  56.320 0.0000000000
53429  42.004  -12.899  54.316 0.0000000000
53451  43.115  -13.010  53.150 0.0000000000
53481  43.343  -14.159  51.404 0.0000000000
53564  37.547  -13.267  41.793 0.0000000000
54390  35.101  -12.218  58.851 0.0000000000
54396  38.027  -12.281  57.617 0.0000000000
54402  30.940  -11.417  56.831 0.0000000000
54410  31.232  -12.279  56.528 0.0000000000
54417  40.113  -12.770  55.819 0.0000000000
54432  43.841  -12.477  52.734 0.0000000000
54433  43.147  -12.194  53.158 0.0000000000
54444  44.274  -12.178  52.216 0.0000000000
54461  44.771  -11.957  51.338 0.0000000000
55397  30.137  -10.760  56.867 0.0000000000
55457  46.333  -10.601  50.408 0.0000000000
55458  45.848  -11.012  50.822 0.0000000000
56471  31.394  -10.074  57.644 0.0000000000
56509  29.297  -10.770  56.457 0.0000000000
56510  29.012  -10.467  56.886 0.0000000000
56534  28.438  -10.429  54.580 0.0000000000
56538  24.868  -10.502  54.473 0.0000000000
56547  43.468  -10.105  52.733 0.0000000000
56558  45.549  -10.432  51.275 0.0000000000
56559  44.741  -10.280  51.674 0.0000000000
56560  26.716  -11.088  52.750 0.0000000000
56566  46.527  -10.279  50.532 0.0000000000
56567  46.183  -10.392  50.939 0.0000000000
56569  46.690  -10.207  50.031 0.0000000000
56574  46.482  -10.079  49.408 0.0000000000
56597  46.223  -9.660  48.612 0.0000000000
56598  45.859  -9.828  48.573 0.0000000000
57549  28.988  -8.849  58.832 0.0000000000
57550  28.213  -8.483  59.229 0.0000000000
57551  27.701  -8.448  59.297 0.0000000000
57578  27.705  -8.953  58.624 0.0000000000
57588  28.309  -9.731  57.495 0.0000000000
57609  24.278  -9.362  56.288 0.0000000000
57614  42.356  -9.381  54.198 0.0000000000
57615  41.988  -9.299  54.866 0.0000000000
57618  27.427  -9.598  55.275 0.0000000000
57627  43.343  -9.118  53.124 0.0000000000
57628  42.841  -9.143  53.677 0.0000000000
57645  43.658  -9.443  52.715 0.0000000000
57702  46.718  -8.734  49.796 0.0000000000
57745  46.903  -9.073  49.002 0.0000000000
57753  46.658  -9.065  48.499 0.0000000000
57755  46.015  -9.080  47.873 0.0000000000
58797  44.086  -8.339  52.536 0.0000000000
58827  46.618  -8.764  50.019 0.0000000000
58843  46.617  -8.261  49.657 0.0000000000
58844  46.613  -8.565  49.910 0.0000000000
58856  46.955  -8.833  49.336 0.0000000000
58868  46.922  -8.007  48.894 0.0000000000
58949  47.523  -8.090  41.531 0.0000000000
58950  46.541  -8.051  41.325 0.0000000000
58969  46.454  -8.234  40.473 0.0000000000
58981  50.672  -8.086  38.670 0.0000000000
58984  46.425  -8.242  39.637 0.0000000000
59013  49.616  -8.243  37.468 0.0000000000
59031  47.130  -8.654  35.907 0.0000000000
59046  47.109  -8.937  35.099 0.0000000000
59103  40.077  -8.694  31.616 0.0000000000
59995  45.180  -8.409  50.854 0.0000000000
60021  46.407  -7.834  49.786 0.0000000000
60043  44.053  -7.261  47.210 0.0000000000
60065  51.972  -6.432  42.999 0.0000000000
60066  51.569  -6.550  43.310 0.0000000000
60089  46.726  -7.320  43.084 0.0000000000
60148  51.329  -7.679  39.783 0.0000000000
60157  51.340  -7.665  39.050 0.0000000000
60167  50.322  -7.879  37.928 0.0000000000
60186  49.333  -7.626  36.728 0.0000000000
61079  46.338  -6.379  49.548 0.0000000000
61094  47.034  -6.203  49.154 0.0000000000
61141  51.338  -6.382  43.811 0.0000000000
61161  52.247  -6.303  42.731 0.0000000000
61173  52.585  -6.093  42.357 0.0000000000
61174  52.543  -6.230  42.256 0.0000000000
61180  52.612  -6.172  41.496 0.0000000000
61189  52.452  -6.153  40.807 0.0000000000
61201  51.775  -6.624  39.732 0.0000000000
61208  50.948  -7.061  38.455 0.0000000000
61222  48.771  -7.351  36.235 0.0000000000
61228  48.278  -7.452  35.748 0.0000000000
62161  51.485  -5.477  44.834 0.0000000000
62199  52.608  -5.902  42.439 0.0000000000
62214  52.875  -5.616  41.612 0.0000000000
62222  52.863  -5.538  41.238 0.0000000000
62223  52.670  -5.696  40.833 0.0000000000
63222  47.937  -3.569  47.716 0.0000000000
63367  48.790  -4.777  38.507 0.0000000000
63421  46.052  -5.232  35.916 0.0000000000
63487  54.342  -4.295  28.026 0.0000000000
64525  50.983  -4.123  39.863 0.0000000000
64573  45.368  -3.417  34.938 0.0000000000
64579  45.057  -3.186  34.152 0.0000000000
64696  48.960  -3.731  25.646 0.0000000000
65586  50.133  -2.678  39.984 0.0000000000
65612  47.037  -2.529  37.479 0.0000000000
65694  44.406  -2.564  31.981 0.0000000000
66644  47.887  -1.790  38.188 0.0000000000
66645  47.336  -1.171  37.945 0.0000000000
66653  58.783  -1.142  37.654 0.0000000000
66667  58.771  -1.331  36.925 0.0000000000
66669  55.027  -2.171  36.292 0.0000000000
66681  53.687  -2.207  35.440 0.0000000000
67709  57.898  -0.855  38.748 0.0000000000
67710  57.126  -0.890  38.796 0.0000000000
67737  46.015  -0.302  35.605 0.0000000000
67768  46.882  -0.377  34.345 0.0000000000
67781  47.216  -0.895  33.745 0.0000000000
68808  55.995  0.432  39.252 0.0000000000
68847  54.241  0.272  37.555 0.0000000000
68848  46.528  0.403  36.909 0.0000000000
68885  47.190  0.986  35.058 0.0000000000
69950  46.783  1.711  35.832 0.0000000000
70083  56.835  1.213  26.012 0.0000000000
70092  57.267  1.750  25.739 0.0000000000
70973  49.300  2.754  37.134 0.0000000000
70988  46.973  2.562  36.716 0.0000000000
70998  47.411  2.204  35.893 0.0000000000
72030  53.553  3.296  40.254 0.0000000000
72050  52.220  3.037  39.093 0.0000000000
72066  48.621  3.402  37.433 0.0000000000
72068  47.162  2.860  37.356 0.0000000000
72079  47.938  3.102  36.977 0.0000000000
73357  60.766  5.031  20.272 0.0000000000
74413  62.779  5.413  22.806 0.0000000000
74414  62.046  5.080  22.384 0.0000000000
76331  65.607  7.881  23.868 0.0000000000
78283  64.679  9.587  21.661 0.0000000000
130359  56.269  -2.911  30.350 0.0000000000
130710  51.269  -7.606  40.511 0.0000000000
130910  59.489  -1.161  36.355 0.0000000000
131247  36.844  -13.271  54.172 0.0000000000
131790  52.801  -2.671  32.814 0.0000000000
131807  48.849  -3.568  27.990 0.0000000000
132886  62.841  7.998  20.206 0.0000000000
133969  48.872  -2.301  31.705 0.0000000000
134181  38.410  -12.955  57.564 0.0000000000
134745  49.842  -4.328  24.924 0.0000000000
134897  57.087  -1.631  36.760 0.0000000000
135333  49.960  2.642  37.424 0.0000000000
135785  43.300  -14.149  51.926 0.0000000000
136827  44.637  -8.414  51.619 0.0000000000
137954  30.212  -12.801  55.744 0.0000000000
138457  42.655  -14.112  52.676 0.0000000000
140397  46.746  -9.684  49.738 0.0000000000
142478  26.272  -8.062  59.546 0.0000000000
143098  47.111  0.997  37.916 0.0000000000
143198  46.676  -0.833  37.433 0.0000000000
143599  32.404  -15.031  56.034 0.0000000000
146525  42.586  -12.859  53.792 0.0000000000
148733  32.367  -11.182  57.340 0.0000000000
148833  29.897  -13.958  54.851 0.0000000000
149800  51.392  -6.706  39.027 0.0000000000
150148  32.097  -13.132  56.565 0.0000000000
150661  46.803  -9.271  49.904 0.0000000000
150716  47.561  -2.997  30.079 0.0000000000
150882  50.888  -2.312  32.868 0.0000000000
151001  51.778  -6.654  42.795 0.0000000000
151027  46.844  -8.692  48.749 0.0000000000
151042  49.531  -0.612  34.571 0.0000000000
151486  36.488  -14.362  56.841 0.0000000000
151763  49.239  -7.085  43.629 0.0000000000
152007  31.566  -13.825  56.147 0.0000000000
152819  58.828  -0.088  19.936 0.0000000000
152907  46.366  -9.788  48.916 0.0000000000
153693  47.485  -4.792  37.650 0.0000000000
153992  40.189  -9.673  43.916 0.0000000000
155641  41.385  -12.860  54.693 0.0000000000
156167  46.501  0.454  35.123 0.0000000000
156201  39.203  -12.999  53.065 0.0000000000
156451  35.681  -14.585  57.091 0.0000000000
156508  39.797  -9.081  43.105 0.0000000000
156746  26.320  -11.377  52.469 0.0000000000
157139  43.005  -14.396  52.111 0.0000000000
157457  47.702  3.294  37.340 0.0000000000
