#!ascii label  , from subject sub-v1s20x0050298_ses-1 vox2ras=TkReg
1437
83432  -33.794  1.142  -1.161 0.0000000000
79269  -47.801  -3.962  -14.229 0.0000000000
88770  -41.610  9.483  1.524 0.0000000000
80029  -44.143  -3.160  -3.255 0.0000000000
83374  -42.806  2.234  5.555 0.0000000000
83524  -36.758  0.496  -9.277 0.0000000000
87618  -43.866  7.504  -10.573 0.0000000000
88839  -37.364  9.244  -3.263 0.0000000000
124594  -37.256  -5.339  6.351 0.0000000000
79140  -37.102  -4.066  -1.995 0.0000000000
80064  -39.773  -3.369  -6.738 0.0000000000
83474  -36.232  -0.092  -4.334 0.0000000000
88077  -46.906  9.196  3.306 0.0000000000
86982  -44.680  7.039  -3.728 0.0000000000
88156  -45.222  8.613  -3.014 0.0000000000
114960  -39.729  7.472  -6.064 0.0000000000
89928  -41.530  11.634  -0.762 0.0000000000
78382  -42.418  -4.629  -14.875 0.0000000000
86928  -30.937  6.610  1.113 0.0000000000
86950  -36.030  6.585  -1.686 0.0000000000
84155  -48.808  1.377  -2.122 0.0000000000
80876  -44.159  -2.356  1.408 0.0000000000
79946  -37.158  -2.467  1.914 0.0000000000
81713  -37.344  -0.408  4.559 0.0000000000
80147  -41.712  -3.302  -11.865 0.0000000000
82758  -39.978  -0.542  -14.182 0.0000000000
85322  -40.597  3.321  -4.402 0.0000000000
85930  -40.847  4.264  -10.710 0.0000000000
85420  -39.043  3.616  -17.882 0.0000000000
86491  -38.171  5.397  -11.747 0.0000000000
87602  -35.827  7.811  -8.943 0.0000000000
80897  -35.322  -2.194  -1.221 0.0000000000
80922  -35.965  -2.449  -3.612 0.0000000000
83450  -35.842  0.675  -2.582 0.0000000000
89916  -47.874  10.870  2.761 0.0000000000
88800  -48.619  8.380  0.354 0.0000000000
88783  -45.750  10.144  0.253 0.0000000000
88814  -43.583  9.354  -1.401 0.0000000000
78394  -43.990  -4.522  -14.875 0.0000000000
86914  -30.483  6.520  4.558 0.0000000000
88080  -33.044  8.166  2.475 0.0000000000
81729  -43.603  -0.599  3.432 0.0000000000
79950  -40.603  -2.839  2.175 0.0000000000
81727  -40.958  0.022  3.336 0.0000000000
79935  -37.431  -3.109  5.275 0.0000000000
82583  -31.779  -0.366  3.225 0.0000000000
84125  -29.998  1.221  2.163 0.0000000000
82580  -28.609  -0.437  4.161 0.0000000000
80958  -44.492  -2.333  -6.474 0.0000000000
81832  -37.963  -2.045  -8.162 0.0000000000
109918  -40.903  -3.355  -9.055 0.0000000000
81015  -39.106  -2.140  -10.405 0.0000000000
81039  -40.162  -1.877  -12.891 0.0000000000
83547  -38.325  0.162  -12.037 0.0000000000
88122  -38.170  8.650  -0.201 0.0000000000
86418  -38.729  5.313  -2.489 0.0000000000
86955  -41.025  6.467  -1.479 0.0000000000
121135  -45.380  7.433  -8.434 0.0000000000
85906  -42.828  5.190  -7.745 0.0000000000
121551  -43.093  5.469  -11.155 0.0000000000
85404  -40.264  4.200  -14.391 0.0000000000
86508  -42.005  5.350  -14.663 0.0000000000
85956  -38.157  5.190  -14.559 0.0000000000
87043  -40.730  7.147  -12.417 0.0000000000
87539  -38.688  7.741  -4.446 0.0000000000
87587  -37.558  7.692  -8.067 0.0000000000
87573  -36.476  7.990  -6.969 0.0000000000
88224  -34.485  8.596  -8.474 0.0000000000
88188  -35.538  8.467  -4.498 0.0000000000
123183  -40.893  -4.223  -2.597 0.0000000000
129724  -41.855  -3.471  -5.228 0.0000000000
80036  -38.686  -3.710  -4.548 0.0000000000
80954  -36.700  -1.941  -5.946 0.0000000000
110143  -36.270  -0.195  -6.805 0.0000000000
88759  -43.853  9.426  2.582 0.0000000000
87477  -43.562  7.494  -0.522 0.0000000000
87457  -45.736  7.647  -0.004 0.0000000000
87547  -47.931  7.923  -4.682 0.0000000000
88204  -44.794  8.435  -6.602 0.0000000000
87590  -41.812  7.799  -7.863 0.0000000000
87543  -42.698  7.902  -4.788 0.0000000000
88152  -40.973  8.823  -2.812 0.0000000000
89376  -39.193  10.324  -2.207 0.0000000000
79252  -40.533  -4.244  -13.932 0.0000000000
85847  -31.843  4.738  -0.479 0.0000000000
85858  -34.053  4.419  -2.024 0.0000000000
86938  -33.260  7.078  -0.700 0.0000000000
88776  -35.908  9.072  0.807 0.0000000000
88755  -38.163  10.134  2.935 0.0000000000
88702  -38.695  9.187  6.895 0.0000000000
122690  -41.539  10.095  5.303 0.0000000000
118311  -46.505  -1.644  -2.297 0.0000000000
81761  -46.429  -1.275  0.234 0.0000000000
79994  -43.998  -3.058  -0.820 0.0000000000
79114  -41.087  -4.148  -0.056 0.0000000000
79976  -37.602  -3.899  0.717 0.0000000000
81690  -43.723  -0.626  7.586 0.0000000000
79065  -40.607  -4.399  6.007 0.0000000000
80828  -40.387  -2.108  6.273 0.0000000000
82570  -39.785  1.585  4.457 0.0000000000
82609  -38.025  0.819  3.183 0.0000000000
83419  -33.259  1.148  0.385 0.0000000000
81907  -45.734  -1.120  -13.069 0.0000000000
80086  -42.159  -3.174  -7.807 0.0000000000
81028  -43.724  -2.567  -10.875 0.0000000000
80160  -44.517  -3.438  -14.489 0.0000000000
80171  -42.758  -3.361  -15.358 0.0000000000
81055  -41.421  -2.945  -16.065 0.0000000000
81073  -39.977  -1.417  -16.189 0.0000000000
85309  -36.741  3.284  -3.144 0.0000000000
84192  -38.327  2.026  -4.377 0.0000000000
84785  -37.700  2.508  -7.042 0.0000000000
85875  -42.119  4.807  -4.160 0.0000000000
85348  -40.540  3.527  -7.326 0.0000000000
84809  -38.128  2.928  -10.004 0.0000000000
109117  -38.605  2.579  -12.436 0.0000000000
84284  -39.746  1.134  -16.075 0.0000000000
82781  -37.543  0.123  -15.746 0.0000000000
87614  -38.881  7.745  -9.564 0.0000000000
117147  -37.274  5.581  -9.590 0.0000000000
116023  -35.317  4.018  -8.821 0.0000000000
86465  -34.725  5.906  -7.383 0.0000000000
87019  -32.147  7.604  -9.529 0.0000000000
82638  -34.557  -0.359  -1.056 0.0000000000
108242  -35.463  -1.003  -2.065 0.0000000000
84154  -34.270  1.393  -1.919 0.0000000000
89337  -47.928  10.101  1.181 0.0000000000
89334  -44.554  11.080  0.378 0.0000000000
79257  -45.695  -3.941  -14.478 0.0000000000
82573  -43.437  1.244  4.602 0.0000000000
123677  -41.845  -0.146  3.396 0.0000000000
83388  -41.211  1.878  4.681 0.0000000000
81721  -31.297  -1.156  3.532 0.0000000000
109460  -30.028  -0.679  3.580 0.0000000000
80935  -45.336  -2.416  -4.077 0.0000000000
80054  -43.918  -2.971  -4.980 0.0000000000
81843  -37.536  -1.385  -8.612 0.0000000000
81000  -38.911  -2.336  -9.374 0.0000000000
82719  -37.992  -1.239  -10.106 0.0000000000
107890  -38.536  -1.051  -11.146 0.0000000000
82730  -37.377  -0.018  -10.462 0.0000000000
88780  -40.310  9.270  0.732 0.0000000000
87473  -39.640  7.661  -0.749 0.0000000000
88125  -41.371  8.089  -0.324 0.0000000000
87023  -44.803  7.518  -9.053 0.0000000000
86473  -44.294  6.785  -9.455 0.0000000000
87038  -44.200  7.006  -11.004 0.0000000000
86494  -42.972  5.780  -13.205 0.0000000000
87633  -43.010  6.904  -12.310 0.0000000000
87047  -41.217  6.908  -13.196 0.0000000000
111823  -41.844  7.830  -11.315 0.0000000000
88191  -38.001  7.962  -4.040 0.0000000000
87538  -37.754  7.719  -4.753 0.0000000000
87537  -37.032  7.816  -4.903 0.0000000000
122818  -35.868  8.170  -5.167 0.0000000000
88169  -36.024  8.752  -3.908 0.0000000000
79142  -38.715  -4.344  -2.351 0.0000000000
79153  -39.806  -4.220  -3.221 0.0000000000
79151  -38.118  -4.126  -2.970 0.0000000000
82671  -36.041  -0.743  -3.645 0.0000000000
81808  -36.272  -1.830  -5.031 0.0000000000
113338  -36.234  -1.098  -5.537 0.0000000000
81818  -36.436  -1.066  -6.428 0.0000000000
119624  -36.356  0.358  -5.096 0.0000000000
88747  -44.982  9.441  3.733 0.0000000000
88094  -44.996  8.358  1.388 0.0000000000
88095  -46.543  8.159  1.296 0.0000000000
88143  -47.169  8.634  -2.003 0.0000000000
87503  -48.680  7.952  -1.983 0.0000000000
88179  -47.333  8.445  -4.359 0.0000000000
88193  -47.128  8.298  -5.284 0.0000000000
88192  -45.995  8.571  -5.366 0.0000000000
87561  -43.531  8.130  -5.755 0.0000000000
88177  -44.570  8.543  -3.663 0.0000000000
89363  -42.186  10.288  -1.145 0.0000000000
88828  -42.240  9.101  -2.194 0.0000000000
88811  -40.925  9.998  -1.927 0.0000000000
88826  -40.531  9.488  -2.468 0.0000000000
89944  -40.224  11.510  -1.194 0.0000000000
79253  -41.218  -4.055  -15.363 0.0000000000
85845  -31.360  5.012  0.029 0.0000000000
86398  -32.268  6.203  -0.781 0.0000000000
87452  -31.890  7.064  0.291 0.0000000000
88075  -34.502  8.717  3.238 0.0000000000
88090  -34.549  8.676  1.558 0.0000000000
88752  -35.664  9.236  2.254 0.0000000000
108200  -37.047  9.640  1.526 0.0000000000
123643  -37.213  9.615  3.977 0.0000000000
88032  -38.067  9.296  8.380 0.0000000000
122025  -40.110  9.735  6.148 0.0000000000
114957  -41.434  9.600  7.037 0.0000000000
127780  -42.774  9.609  6.507 0.0000000000
115489  -42.663  9.349  8.954 0.0000000000
82663  -47.397  -0.488  -3.639 0.0000000000
118839  -47.605  -0.145  -1.800 0.0000000000
110177  -46.917  -0.211  1.555 0.0000000000
128200  -45.890  -1.542  0.666 0.0000000000
80893  -45.077  -2.285  -0.251 0.0000000000
79983  -43.826  -2.959  -0.026 0.0000000000
79992  -42.441  -3.660  -0.185 0.0000000000
79981  -42.378  -3.458  0.676 0.0000000000
79948  -39.056  -2.684  1.995 0.0000000000
116404  -39.288  -3.519  1.409 0.0000000000
79960  -37.383  -3.323  1.530 0.0000000000
126425  -39.422  -5.248  6.255 0.0000000000
80826  -39.164  -1.967  5.488 0.0000000000
80847  -38.966  -0.101  4.866 0.0000000000
81698  -40.191  -0.535  5.740 0.0000000000
82568  -38.601  1.123  4.069 0.0000000000
82591  -38.859  1.121  3.771 0.0000000000
82567  -37.513  1.151  3.587 0.0000000000
84139  -32.228  2.023  0.473 0.0000000000
84131  -31.266  1.693  1.445 0.0000000000
82748  -46.425  0.548  -12.271 0.0000000000
80065  -40.547  -3.455  -6.295 0.0000000000
80066  -41.873  -3.338  -6.343 0.0000000000
80085  -41.359  -3.344  -7.534 0.0000000000
109473  -41.153  -3.353  -9.979 0.0000000000
80120  -42.495  -3.165  -9.544 0.0000000000
80149  -43.145  -3.077  -11.216 0.0000000000
81042  -43.859  -2.814  -12.096 0.0000000000
107794  -43.171  -3.269  -12.511 0.0000000000
80172  -43.698  -3.556  -15.076 0.0000000000
80158  -42.450  -3.343  -13.217 0.0000000000
81904  -40.007  -1.252  -13.539 0.0000000000
81905  -40.626  -1.740  -14.450 0.0000000000
81916  -40.493  -1.155  -15.028 0.0000000000
81065  -40.339  -1.985  -15.941 0.0000000000
82768  -40.358  -0.590  -15.595 0.0000000000
86965  -34.796  5.812  -1.948 0.0000000000
117620  -35.598  4.365  -2.611 0.0000000000
86416  -36.261  5.084  -2.408 0.0000000000
85872  -39.765  3.795  -3.248 0.0000000000
85871  -38.884  3.766  -3.188 0.0000000000
84763  -39.384  2.680  -3.905 0.0000000000
84777  -38.465  2.329  -5.260 0.0000000000
84778  -39.408  2.761  -5.315 0.0000000000
86975  -44.035  6.624  -2.755 0.0000000000
86974  -43.243  6.218  -2.465 0.0000000000
86423  -43.546  6.241  -3.299 0.0000000000
113501  -41.831  4.550  -9.022 0.0000000000
85897  -41.860  4.185  -6.662 0.0000000000
85365  -40.226  3.701  -8.820 0.0000000000
112629  -39.362  3.433  -8.515 0.0000000000
129858  -39.550  3.600  -10.193 0.0000000000
84826  -38.006  2.312  -11.627 0.0000000000
85386  -39.567  3.598  -11.597 0.0000000000
113203  -40.301  4.604  -16.742 0.0000000000
84841  -39.467  2.418  -15.481 0.0000000000
84846  -39.447  2.509  -17.088 0.0000000000
83580  -38.900  0.827  -16.455 0.0000000000
84289  -38.130  1.718  -16.387 0.0000000000
83573  -36.748  0.707  -15.200 0.0000000000
121091  -36.409  3.310  -16.226 0.0000000000
86499  -37.944  5.132  -13.371 0.0000000000
85963  -36.242  4.242  -14.834 0.0000000000
87577  -41.487  7.601  -6.995 0.0000000000
87607  -40.707  7.874  -8.843 0.0000000000
109337  -39.820  7.500  -7.482 0.0000000000
110139  -37.068  7.543  -8.663 0.0000000000
87612  -37.532  7.226  -9.164 0.0000000000
87029  -37.237  6.477  -9.191 0.0000000000
86471  -36.805  5.546  -9.031 0.0000000000
86470  -36.201  5.732  -8.368 0.0000000000
85904  -35.011  5.253  -7.624 0.0000000000
87020  -35.155  7.710  -9.092 0.0000000000
122410  -33.843  8.621  -7.613 0.0000000000
88233  -33.225  8.294  -9.567 0.0000000000
88222  -32.639  8.526  -8.836 0.0000000000
87597  -30.705  7.813  -9.252 0.0000000000
80009  -36.002  -3.322  -1.957 0.0000000000
80021  -36.714  -3.478  -3.259 0.0000000000
81781  -35.646  -1.543  -2.565 0.0000000000
120871  -35.947  -0.932  -2.959 0.0000000000
83451  -36.302  0.480  -2.943 0.0000000000
88085  -48.310  8.939  2.005 0.0000000000
89332  -48.562  9.764  1.986 0.0000000000
88799  -48.100  8.957  0.058 0.0000000000
88127  -46.039  9.085  -1.107 0.0000000000
88141  -44.265  8.749  -2.039 0.0000000000
88796  -44.035  9.912  -0.681 0.0000000000
89348  -43.683  10.636  -0.259 0.0000000000
78384  -43.543  -4.621  -14.875 0.0000000000
86921  -30.443  6.556  2.468 0.0000000000
127340  -31.672  7.376  1.591 0.0000000000
87437  -31.677  7.532  3.311 0.0000000000
81744  -44.131  -1.308  2.817 0.0000000000
80868  -42.615  -2.780  1.846 0.0000000000
124406  -42.516  -1.134  3.098 0.0000000000
80866  -40.500  -1.865  2.430 0.0000000000
80865  -39.251  -1.381  2.358 0.0000000000
79062  -37.741  -4.335  5.932 0.0000000000
112976  -36.150  -2.953  4.876 0.0000000000
82603  -32.202  0.389  2.831 0.0000000000
83409  -30.887  1.049  2.074 0.0000000000
119302  -30.835  0.347  2.705 0.0000000000
83384  -29.350  0.344  3.196 0.0000000000
80970  -38.480  -2.598  -7.702 0.0000000000
80102  -40.594  -3.305  -8.152 0.0000000000
80986  -39.414  -2.795  -8.827 0.0000000000
81001  -39.730  -2.752  -9.719 0.0000000000
81016  -40.392  -2.703  -11.229 0.0000000000
80146  -41.023  -2.918  -11.999 0.0000000000
81026  -39.725  -2.130  -11.517 0.0000000000
81890  -39.465  -1.436  -12.241 0.0000000000
82757  -39.126  0.097  -13.210 0.0000000000
87470  -36.755  7.904  -0.849 0.0000000000
86968  -37.400  5.984  -1.977 0.0000000000
87495  -38.195  7.264  -1.227 0.0000000000
86954  -39.571  6.498  -1.667 0.0000000000
86420  -40.590  5.233  -2.514 0.0000000000
86992  -45.792  7.392  -6.199 0.0000000000
119235  -43.467  5.915  -6.150 0.0000000000
86468  -44.410  6.516  -7.955 0.0000000000
85922  -42.483  5.112  -9.598 0.0000000000
85931  -41.773  4.623  -10.809 0.0000000000
85395  -40.086  3.939  -12.521 0.0000000000
114360  -42.438  4.803  -12.633 0.0000000000
128893  -42.252  4.952  -14.757 0.0000000000
85975  -40.809  5.021  -16.321 0.0000000000
85972  -37.543  4.630  -16.584 0.0000000000
113550  -39.495  5.421  -15.030 0.0000000000
109112  -39.511  5.751  -13.750 0.0000000000
86492  -38.946  5.910  -11.885 0.0000000000
87558  -39.215  7.551  -5.293 0.0000000000
87576  -39.310  7.473  -6.886 0.0000000000
118680  -38.013  7.547  -6.315 0.0000000000
87574  -37.404  7.685  -7.072 0.0000000000
88215  -35.985  8.263  -8.379 0.0000000000
124626  -35.408  8.265  -9.106 0.0000000000
88214  -35.620  8.383  -7.402 0.0000000000
109590  -35.070  8.383  -6.458 0.0000000000
88202  -34.455  8.417  -5.727 0.0000000000
109049  -42.774  -3.622  -3.128 0.0000000000
80027  -42.673  -3.506  -4.068 0.0000000000
80026  -41.094  -3.826  -3.982 0.0000000000
80038  -40.401  -3.705  -4.693 0.0000000000
80050  -39.128  -3.583  -5.311 0.0000000000
80034  -36.913  -3.293  -4.063 0.0000000000
80049  -38.089  -3.350  -5.346 0.0000000000
80955  -37.943  -3.005  -6.179 0.0000000000
80969  -37.708  -2.208  -7.342 0.0000000000
81830  -36.646  -0.943  -7.331 0.0000000000
83506  -36.437  0.657  -7.945 0.0000000000
88771  -42.534  9.361  1.635 0.0000000000
88108  -42.599  8.416  0.422 0.0000000000
88109  -43.422  8.317  0.579 0.0000000000
87478  -44.530  7.593  -0.362 0.0000000000
128012  -45.519  7.338  -2.434 0.0000000000
87459  -48.524  7.916  -0.157 0.0000000000
87513  -47.875  7.635  -2.511 0.0000000000
87526  -46.387  7.464  -4.638 0.0000000000
87562  -46.888  7.934  -6.883 0.0000000000
87593  -46.231  8.089  -7.967 0.0000000000
87592  -44.896  8.308  -8.343 0.0000000000
87608  -42.688  8.268  -9.135 0.0000000000
112904  -43.842  8.261  -7.603 0.0000000000
114553  -42.729  7.837  -6.121 0.0000000000
87559  -41.203  7.545  -5.351 0.0000000000
88154  -42.795  8.504  -2.713 0.0000000000
87523  -42.028  7.911  -3.988 0.0000000000
121457  -40.319  7.698  -4.464 0.0000000000
87521  -40.063  8.014  -3.870 0.0000000000
88841  -38.956  9.104  -3.095 0.0000000000
88824  -38.686  9.716  -2.665 0.0000000000
84743  -32.770  2.765  -0.859 0.0000000000
84750  -33.723  2.736  -1.794 0.0000000000
85850  -33.352  4.338  -1.611 0.0000000000
120005  -33.476  5.962  -1.510 0.0000000000
87491  -34.643  7.109  -1.113 0.0000000000
123058  -32.725  7.751  1.101 0.0000000000
88100  -34.862  8.240  0.176 0.0000000000
88120  -36.199  8.368  -0.379 0.0000000000
88103  -37.339  9.152  0.264 0.0000000000
88767  -38.836  9.841  1.313 0.0000000000
89328  -40.205  10.123  2.095 0.0000000000
88715  -36.976  9.091  5.436 0.0000000000
88730  -38.376  9.657  4.900 0.0000000000
89313  -40.183  10.270  4.583 0.0000000000
89323  -41.354  10.291  2.964 0.0000000000
109007  -42.786  9.960  4.300 0.0000000000
108858  -43.977  9.553  5.305 0.0000000000
88723  -45.372  9.522  5.666 0.0000000000
82662  -46.739  -1.332  -3.784 0.0000000000
80924  -45.641  -2.328  -3.214 0.0000000000
82628  -47.488  0.260  0.822 0.0000000000
83435  -47.913  0.523  -0.665 0.0000000000
82640  -46.910  -1.092  -1.040 0.0000000000
80899  -45.353  -2.427  -1.654 0.0000000000
113282  -44.207  -3.127  -2.418 0.0000000000
122610  -42.154  -3.909  -1.906 0.0000000000
79131  -41.115  -4.277  -1.390 0.0000000000
122620  -38.926  -4.433  -0.952 0.0000000000
79979  -40.923  -3.884  0.652 0.0000000000
79112  -39.609  -4.216  0.204 0.0000000000
79119  -37.396  -4.230  -0.653 0.0000000000
79991  -35.717  -3.228  -0.367 0.0000000000
79924  -42.439  -3.530  5.898 0.0000000000
79063  -38.907  -3.739  5.898 0.0000000000
79922  -40.642  -3.437  6.363 0.0000000000
80830  -41.940  -2.763  6.865 0.0000000000
81700  -41.602  -0.601  6.758 0.0000000000
82556  -40.918  1.533  6.118 0.0000000000
83359  -40.836  2.203  5.426 0.0000000000
119681  -40.247  1.261  3.872 0.0000000000
81739  -39.046  -0.056  2.908 0.0000000000
81737  -37.575  0.002  2.496 0.0000000000
129499  -33.299  1.307  -0.474 0.0000000000
84145  -32.475  2.343  -0.268 0.0000000000
84739  -31.558  3.405  0.114 0.0000000000
85842  -30.413  4.546  1.183 0.0000000000
86391  -30.113  5.216  1.649 0.0000000000
82761  -47.726  0.431  -13.004 0.0000000000
82769  -47.411  -0.495  -13.547 0.0000000000
126076  -46.776  -1.874  -14.201 0.0000000000
80053  -42.907  -3.183  -5.825 0.0000000000
80957  -43.636  -2.646  -6.830 0.0000000000
80103  -41.522  -3.322  -8.398 0.0000000000
80105  -43.024  -2.824  -9.017 0.0000000000
81003  -44.311  -1.958  -9.713 0.0000000000
81891  -44.735  -1.730  -11.545 0.0000000000
81044  -45.638  -2.155  -13.405 0.0000000000
80185  -45.758  -3.424  -14.344 0.0000000000
110924  -44.579  -4.022  -14.905 0.0000000000
79266  -43.386  -4.219  -15.584 0.0000000000
79265  -42.699  -4.139  -15.981 0.0000000000
81041  -41.468  -2.685  -14.709 0.0000000000
80170  -42.024  -3.124  -15.964 0.0000000000
79263  -41.772  -3.832  -16.128 0.0000000000
125412  -40.774  -2.973  -16.003 0.0000000000
126254  -40.191  -2.664  -15.592 0.0000000000
81053  -38.946  -2.648  -14.762 0.0000000000
84751  -34.564  2.890  -2.358 0.0000000000
122909  -36.048  1.891  -2.938 0.0000000000
84181  -36.683  1.169  -3.424 0.0000000000
85860  -37.289  4.627  -2.759 0.0000000000
84761  -37.973  2.405  -3.453 0.0000000000
120625  -37.305  1.542  -3.784 0.0000000000
84211  -36.932  1.668  -5.988 0.0000000000
84212  -36.996  2.043  -6.847 0.0000000000
84232  -36.901  2.022  -8.361 0.0000000000
87499  -42.323  6.881  -1.062 0.0000000000
86421  -41.964  5.508  -2.618 0.0000000000
85874  -41.659  4.134  -4.258 0.0000000000
117984  -42.728  5.275  -5.596 0.0000000000
85330  -41.574  3.807  -5.667 0.0000000000
85329  -40.842  3.364  -5.158 0.0000000000
84793  -39.203  3.167  -7.088 0.0000000000
84800  -38.329  3.063  -8.471 0.0000000000
84244  -36.885  1.628  -9.365 0.0000000000
84253  -37.530  1.578  -11.214 0.0000000000
108043  -39.163  0.876  -13.970 0.0000000000
108983  -39.753  3.671  -13.382 0.0000000000
84279  -39.282  1.581  -14.670 0.0000000000
83566  -39.725  0.897  -15.249 0.0000000000
82777  -40.192  -0.174  -16.276 0.0000000000
81931  -38.864  -0.757  -16.340 0.0000000000
85971  -36.302  4.249  -15.978 0.0000000000
87625  -41.429  8.140  -10.476 0.0000000000
87623  -39.747  7.800  -10.706 0.0000000000
87036  -38.679  6.700  -10.683 0.0000000000
87604  -38.193  7.565  -9.150 0.0000000000
87031  -38.264  6.981  -10.067 0.0000000000
86485  -37.752  5.334  -10.839 0.0000000000
85928  -36.603  4.444  -10.446 0.0000000000
85918  -35.952  4.053  -9.793 0.0000000000
85361  -34.798  3.165  -9.165 0.0000000000
120511  -34.355  7.727  -9.316 0.0000000000
120301  -33.290  7.668  -9.484 0.0000000000
89374  -37.644  10.563  -2.682 0.0000000000
89958  -36.910  10.847  -2.959 0.0000000000
88837  -35.692  9.478  -3.645 0.0000000000
88167  -34.129  9.013  -3.814 0.0000000000
88186  -33.599  8.576  -4.422 0.0000000000
83425  -34.143  0.351  -0.939 0.0000000000
83433  -34.598  0.444  -1.608 0.0000000000
79268  -46.928  -3.827  -14.316 0.0000000000
83362  -43.616  2.411  6.365 0.0000000000
83375  -44.021  1.759  5.479 0.0000000000
82572  -42.279  1.664  4.655 0.0000000000
83373  -41.632  2.309  5.588 0.0000000000
80852  -31.669  -2.073  3.846 0.0000000000
80923  -44.695  -2.813  -3.729 0.0000000000
80934  -44.616  -2.702  -4.558 0.0000000000
80042  -44.035  -3.111  -4.119 0.0000000000
115973  -37.140  -0.555  -9.119 0.0000000000
81856  -37.773  -1.305  -9.432 0.0000000000
82718  -37.525  -0.687  -9.946 0.0000000000
127145  -37.079  -0.046  -9.803 0.0000000000
88769  -40.710  9.632  1.420 0.0000000000
88106  -40.819  8.667  0.187 0.0000000000
88781  -41.270  9.099  0.808 0.0000000000
107907  -44.283  7.712  -9.639 0.0000000000
87032  -44.261  7.232  -10.031 0.0000000000
87627  -43.663  7.048  -11.532 0.0000000000
87044  -43.090  6.485  -12.356 0.0000000000
87632  -42.361  7.409  -12.193 0.0000000000
87626  -42.974  7.584  -11.358 0.0000000000
88171  -37.724  8.543  -3.667 0.0000000000
88190  -37.280  8.037  -4.181 0.0000000000
88170  -36.870  8.610  -3.753 0.0000000000
88189  -36.426  8.182  -4.481 0.0000000000
79141  -37.876  -4.252  -2.193 0.0000000000
80011  -37.295  -3.928  -2.753 0.0000000000
82679  -36.037  -0.970  -4.657 0.0000000000
123749  -36.152  -0.404  -5.118 0.0000000000
88748  -46.210  9.404  4.053 0.0000000000
88761  -45.826  9.113  3.095 0.0000000000
129782  -46.534  8.837  2.655 0.0000000000
116882  -46.358  8.683  -2.792 0.0000000000
88157  -47.572  8.453  -3.280 0.0000000000
110059  -46.503  8.649  -3.619 0.0000000000
88178  -45.957  8.637  -4.350 0.0000000000
87525  -44.553  8.489  -4.576 0.0000000000
89346  -41.806  10.961  -0.815 0.0000000000
88812  -41.771  9.795  -1.767 0.0000000000
89362  -41.341  10.482  -1.335 0.0000000000
89361  -40.480  10.720  -1.475 0.0000000000
89945  -41.007  11.220  -1.033 0.0000000000
78372  -42.765  -5.139  -13.814 0.0000000000
78371  -42.086  -4.858  -14.023 0.0000000000
79254  -41.927  -4.368  -15.399 0.0000000000
86395  -31.013  5.588  0.381 0.0000000000
86934  -31.263  6.427  0.378 0.0000000000
87445  -31.423  7.036  0.999 0.0000000000
88076  -35.033  8.829  3.866 0.0000000000
88741  -35.040  9.018  2.869 0.0000000000
108532  -35.782  9.247  3.212 0.0000000000
88742  -36.574  9.472  3.588 0.0000000000
88728  -36.708  9.297  4.525 0.0000000000
114958  -41.537  9.373  8.957 0.0000000000
88687  -42.001  9.422  8.005 0.0000000000
83453  -48.470  0.993  -2.829 0.0000000000
83452  -48.085  0.588  -2.162 0.0000000000
80884  -44.478  -2.465  0.469 0.0000000000
79982  -43.101  -3.259  0.307 0.0000000000
80883  -43.647  -2.790  0.798 0.0000000000
79947  -38.053  -2.637  1.987 0.0000000000
121291  -36.627  -3.059  1.567 0.0000000000
80874  -36.355  -2.317  1.712 0.0000000000
78202  -38.704  -5.151  6.265 0.0000000000
80846  -38.457  -1.673  5.111 0.0000000000
81714  -38.165  -0.188  4.681 0.0000000000
115333  -37.866  0.901  4.077 0.0000000000
83411  -32.628  1.272  1.679 0.0000000000
84132  -32.042  1.651  1.192 0.0000000000
83410  -31.846  1.239  1.868 0.0000000000
81876  -45.198  -0.700  -10.454 0.0000000000
109643  -41.287  -3.378  -6.687 0.0000000000
80084  -40.569  -3.365  -7.175 0.0000000000
80133  -41.034  -3.209  -10.984 0.0000000000
80134  -41.799  -3.366  -10.778 0.0000000000
80148  -42.466  -3.295  -11.605 0.0000000000
86949  -35.150  6.515  -1.650 0.0000000000
86966  -35.657  5.881  -2.028 0.0000000000
86967  -36.558  5.932  -2.002 0.0000000000
85313  -40.119  3.294  -3.754 0.0000000000
85321  -39.973  2.995  -4.218 0.0000000000
122564  -39.603  2.752  -4.492 0.0000000000
84779  -40.119  3.052  -4.842 0.0000000000
129431  -44.681  7.071  -3.010 0.0000000000
86986  -43.929  6.444  -4.300 0.0000000000
85921  -41.519  4.485  -9.888 0.0000000000
85366  -41.062  4.084  -8.970 0.0000000000
85920  -40.353  3.911  -9.809 0.0000000000
85364  -39.500  3.540  -9.454 0.0000000000
85375  -39.144  3.413  -10.851 0.0000000000
85376  -39.948  3.804  -10.769 0.0000000000
85421  -39.594  3.638  -17.576 0.0000000000
84847  -39.723  3.231  -17.278 0.0000000000
84855  -39.340  3.133  -17.689 0.0000000000
84294  -38.692  2.340  -17.092 0.0000000000
84853  -38.050  2.966  -17.758 0.0000000000
84845  -37.530  2.740  -16.765 0.0000000000
84852  -37.121  3.645  -17.152 0.0000000000
128945  -37.852  5.097  -12.462 0.0000000000
85946  -37.226  4.709  -12.889 0.0000000000
85939  -37.303  4.850  -11.780 0.0000000000
113485  -40.745  7.474  -6.073 0.0000000000
124935  -40.277  7.461  -6.855 0.0000000000
87603  -36.862  7.315  -8.825 0.0000000000
87022  -36.681  6.693  -8.759 0.0000000000
87021  -35.864  6.869  -8.438 0.0000000000
88212  -33.074  8.607  -7.573 0.0000000000
80908  -35.618  -2.523  -2.121 0.0000000000
113359  -35.400  -1.725  -1.858 0.0000000000
125534  -35.576  -0.399  -2.260 0.0000000000
82652  -35.809  -0.659  -2.600 0.0000000000
82653  -35.951  -0.006  -2.577 0.0000000000
115477  -36.196  -0.249  -2.947 0.0000000000
88762  -48.357  9.709  2.538 0.0000000000
89324  -48.357  10.247  2.682 0.0000000000
89336  -46.483  10.518  0.893 0.0000000000
88784  -47.255  9.782  0.460 0.0000000000
88798  -46.579  9.458  -0.263 0.0000000000
88797  -45.154  9.714  -0.473 0.0000000000
89347  -42.720  10.818  -0.573 0.0000000000
78385  -44.471  -4.666  -14.282 0.0000000000
109513  -44.072  -4.907  -13.987 0.0000000000
86917  -30.435  6.607  3.494 0.0000000000
87436  -30.966  7.159  2.910 0.0000000000
116103  -31.131  7.081  4.044 0.0000000000
82596  -44.040  0.067  3.873 0.0000000000
81743  -43.282  -1.309  2.982 0.0000000000
81742  -41.792  -1.370  2.861 0.0000000000
81741  -40.768  -1.074  2.842 0.0000000000
81740  -39.885  -0.821  2.700 0.0000000000
81723  -33.618  -0.252  3.571 0.0000000000
82584  -32.760  -0.025  3.279 0.0000000000
82602  -31.450  0.123  2.912 0.0000000000
82601  -30.036  0.088  3.068 0.0000000000
83383  -28.800  0.303  3.590 0.0000000000
80971  -39.234  -2.880  -8.036 0.0000000000
80985  -38.693  -2.442  -8.509 0.0000000000
81857  -38.406  -1.757  -9.804 0.0000000000
81002  -40.393  -3.010  -10.329 0.0000000000
123920  -39.860  -2.538  -10.601 0.0000000000
81874  -39.006  -1.546  -11.248 0.0000000000
82747  -38.373  -0.503  -11.494 0.0000000000
81889  -38.866  -0.971  -11.823 0.0000000000
114626  -38.765  -0.409  -12.226 0.0000000000
81903  -39.331  -0.757  -12.798 0.0000000000
87471  -37.680  7.966  -0.803 0.0000000000
87472  -38.670  7.860  -0.755 0.0000000000
87497  -40.217  6.990  -1.161 0.0000000000
128439  -40.311  6.342  -1.681 0.0000000000
119166  -40.001  5.849  -2.063 0.0000000000
86971  -40.789  5.886  -2.015 0.0000000000
87000  -46.162  7.642  -7.234 0.0000000000
86999  -44.642  6.708  -6.425 0.0000000000
87011  -45.199  7.086  -7.553 0.0000000000
86479  -43.239  5.744  -10.360 0.0000000000
86472  -43.417  5.903  -9.451 0.0000000000
116088  -42.466  5.019  -10.515 0.0000000000
85932  -42.607  4.947  -11.618 0.0000000000
87056  -43.085  5.988  -14.002 0.0000000000
125504  -42.734  5.492  -13.986 0.0000000000
122260  -42.106  5.097  -14.785 0.0000000000
85967  -41.446  5.054  -15.978 0.0000000000
86516  -41.656  5.048  -15.919 0.0000000000
86515  -40.675  5.220  -15.808 0.0000000000
86507  -40.782  5.568  -14.700 0.0000000000
87053  -40.255  6.077  -13.631 0.0000000000
87046  -40.380  6.580  -12.982 0.0000000000
86501  -39.546  6.026  -12.772 0.0000000000
86493  -39.706  6.682  -11.965 0.0000000000
87557  -38.284  7.560  -5.449 0.0000000000
87556  -37.324  7.659  -5.824 0.0000000000
87586  -36.784  7.894  -8.121 0.0000000000
88203  -35.205  8.328  -5.369 0.0000000000
79155  -41.373  -4.015  -3.019 0.0000000000
107869  -41.997  -3.750  -3.552 0.0000000000
79154  -40.607  -4.133  -3.227 0.0000000000
80024  -39.263  -3.978  -3.866 0.0000000000
80025  -40.131  -3.949  -3.936 0.0000000000
80037  -39.577  -3.754  -4.595 0.0000000000
109864  -39.877  -3.624  -5.197 0.0000000000
111836  -36.336  -3.027  -3.686 0.0000000000
80943  -36.718  -2.459  -5.237 0.0000000000
80933  -37.143  -3.060  -4.899 0.0000000000
80944  -37.297  -2.743  -5.720 0.0000000000
123486  -37.448  -2.422  -6.518 0.0000000000
80956  -38.232  -2.820  -6.890 0.0000000000
82707  -36.449  -0.114  -7.691 0.0000000000
124286  -36.346  0.662  -7.179 0.0000000000
88758  -42.919  9.659  2.485 0.0000000000
88772  -43.450  9.212  1.782 0.0000000000
88111  -45.401  7.925  0.749 0.0000000000
125942  -44.692  7.828  0.273 0.0000000000
110857  -45.536  7.447  -0.876 0.0000000000
88097  -48.678  8.735  1.153 0.0000000000
88096  -48.130  8.425  1.266 0.0000000000
88130  -48.618  8.105  -0.326 0.0000000000
87529  -48.570  8.008  -3.412 0.0000000000
87514  -48.704  7.930  -2.621 0.0000000000
118032  -48.352  7.830  -3.264 0.0000000000
87512  -47.549  7.588  -3.415 0.0000000000
87527  -47.509  7.658  -4.369 0.0000000000
87545  -46.819  7.776  -5.806 0.0000000000
87546  -47.474  7.894  -5.095 0.0000000000
88205  -46.179  8.419  -6.994 0.0000000000
87581  -46.845  8.094  -7.111 0.0000000000
88227  -45.693  8.162  -8.438 0.0000000000
116215  -45.417  8.390  -7.678 0.0000000000
87591  -43.839  8.261  -8.413 0.0000000000
87544  -43.761  8.278  -5.008 0.0000000000
87560  -42.233  7.703  -5.418 0.0000000000
108923  -41.792  7.598  -6.100 0.0000000000
88155  -43.866  8.512  -2.805 0.0000000000
88140  -43.181  8.876  -2.078 0.0000000000
88827  -41.375  9.312  -2.332 0.0000000000
88153  -41.833  8.620  -2.709 0.0000000000
88175  -41.419  8.247  -3.300 0.0000000000
87522  -40.951  7.828  -3.999 0.0000000000
88174  -40.538  8.433  -3.350 0.0000000000
89377  -40.038  10.166  -2.035 0.0000000000
88825  -39.607  9.500  -2.661 0.0000000000
80168  -39.307  -3.314  -14.277 0.0000000000
85286  -32.517  3.464  -0.829 0.0000000000
85289  -33.126  3.385  -1.355 0.0000000000
85848  -32.589  4.318  -1.004 0.0000000000
86946  -32.987  6.509  -0.987 0.0000000000
124022  -32.787  5.848  -1.168 0.0000000000
86947  -33.746  6.770  -1.133 0.0000000000
86948  -34.299  6.352  -1.597 0.0000000000
87467  -33.935  7.370  -0.595 0.0000000000
87446  -32.357  7.777  1.840 0.0000000000
88088  -33.182  8.095  1.580 0.0000000000
88764  -35.407  9.032  1.491 0.0000000000
110576  -34.292  8.344  0.749 0.0000000000
88091  -35.098  8.717  0.803 0.0000000000
88101  -35.638  8.632  0.180 0.0000000000
88102  -36.461  8.958  0.163 0.0000000000
88777  -36.718  9.349  0.835 0.0000000000
88754  -37.567  9.893  2.251 0.0000000000
88766  -37.900  9.806  1.386 0.0000000000
89326  -38.435  10.114  2.087 0.0000000000
89327  -39.311  10.185  2.051 0.0000000000
117798  -38.894  10.293  2.697 0.0000000000
120735  -38.182  9.040  7.299 0.0000000000
88066  -37.283  8.911  6.349 0.0000000000
88716  -37.795  9.270  5.673 0.0000000000
88729  -37.505  9.465  4.721 0.0000000000
88717  -38.547  9.380  5.966 0.0000000000
88732  -40.610  10.098  5.369 0.0000000000
121636  -39.756  9.910  5.409 0.0000000000
89317  -40.594  10.372  3.602 0.0000000000
89314  -41.077  10.270  4.534 0.0000000000
88733  -41.960  10.167  4.432 0.0000000000
88706  -43.522  9.480  7.097 0.0000000000
88721  -43.149  9.623  5.909 0.0000000000
88722  -44.412  9.465  6.438 0.0000000000
83475  -47.923  0.378  -4.060 0.0000000000
81782  -47.007  -1.143  -2.884 0.0000000000
80925  -46.364  -1.784  -3.126 0.0000000000
81792  -46.095  -1.957  -3.932 0.0000000000
80912  -46.014  -2.115  -2.575 0.0000000000
82627  -46.973  -0.560  0.578 0.0000000000
82634  -47.461  -0.045  -0.053 0.0000000000
82633  -46.982  -0.846  -0.287 0.0000000000
82641  -47.403  -0.329  -1.017 0.0000000000
117457  -44.797  -2.640  -1.086 0.0000000000
81767  -45.702  -2.100  -0.996 0.0000000000
80898  -44.809  -2.746  -1.992 0.0000000000
80003  -44.161  -3.083  -1.609 0.0000000000
80002  -43.639  -3.353  -2.053 0.0000000000
114617  -43.412  -3.404  -1.383 0.0000000000
79123  -41.640  -4.073  -0.660 0.0000000000
79122  -40.719  -4.300  -0.670 0.0000000000
79130  -40.290  -4.404  -1.405 0.0000000000
79121  -39.736  -4.379  -0.632 0.0000000000
79952  -41.921  -3.020  1.923 0.0000000000
79964  -41.622  -3.494  1.206 0.0000000000
79963  -40.721  -3.475  1.493 0.0000000000
121046  -38.367  -4.072  0.532 0.0000000000
79977  -39.088  -3.976  0.721 0.0000000000
79111  -37.889  -4.243  -0.030 0.0000000000
79110  -37.059  -4.085  0.059 0.0000000000
79118  -36.767  -3.985  -0.590 0.0000000000
79109  -36.334  -3.696  -0.094 0.0000000000
82543  -42.813  0.753  7.422 0.0000000000
79066  -41.236  -4.820  5.519 0.0000000000
79078  -42.536  -4.421  4.983 0.0000000000
79067  -41.797  -4.228  5.564 0.0000000000
79919  -38.054  -3.620  5.673 0.0000000000
117573  -38.407  -4.415  6.018 0.0000000000
79921  -39.849  -2.660  5.916 0.0000000000
80829  -41.153  -2.686  6.847 0.0000000000
79923  -41.545  -3.480  6.296 0.0000000000
80819  -42.277  -1.978  7.410 0.0000000000
81699  -40.978  -1.458  6.532 0.0000000000
114039  -39.887  1.029  5.288 0.0000000000
118564  -40.604  0.258  5.946 0.0000000000
82555  -40.319  1.657  5.221 0.0000000000
82571  -40.472  1.715  4.617 0.0000000000
82590  -38.123  1.171  3.690 0.0000000000
82610  -38.440  0.825  3.304 0.0000000000
81738  -38.380  -0.245  2.642 0.0000000000
82618  -33.757  0.881  1.092 0.0000000000
124232  -33.735  0.418  0.219 0.0000000000
84146  -32.788  1.682  -0.037 0.0000000000
84736  -31.177  2.887  0.670 0.0000000000
84737  -31.863  2.661  0.242 0.0000000000
84130  -30.450  1.761  1.678 0.0000000000
84124  -29.666  1.927  1.895 0.0000000000
85838  -29.275  4.278  2.439 0.0000000000
85841  -29.848  4.421  1.832 0.0000000000
86390  -29.587  5.189  2.469 0.0000000000
86920  -29.903  6.027  2.990 0.0000000000
83560  -48.214  1.117  -12.840 0.0000000000
83558  -47.130  0.955  -12.697 0.0000000000
82759  -45.980  -0.263  -12.669 0.0000000000
82760  -46.883  0.133  -12.940 0.0000000000
81908  -46.511  -0.657  -13.417 0.0000000000
81919  -47.039  -1.184  -14.085 0.0000000000
81918  -46.352  -1.545  -13.710 0.0000000000
80040  -42.600  -3.369  -5.040 0.0000000000
108383  -42.189  -3.349  -5.791 0.0000000000
108659  -41.998  -3.239  -6.989 0.0000000000
80067  -42.487  -3.190  -6.429 0.0000000000
80136  -43.213  -2.829  -10.035 0.0000000000
80121  -43.681  -2.440  -9.323 0.0000000000
81017  -43.840  -2.382  -10.080 0.0000000000
81018  -44.275  -2.121  -10.669 0.0000000000
81029  -44.225  -2.344  -11.434 0.0000000000
81043  -44.705  -2.659  -13.230 0.0000000000
81057  -46.193  -2.445  -14.041 0.0000000000
81056  -45.329  -3.057  -14.062 0.0000000000
80173  -44.792  -3.716  -14.696 0.0000000000
80184  -43.919  -3.909  -15.300 0.0000000000
80183  -43.004  -3.921  -15.848 0.0000000000
80182  -42.359  -3.690  -16.130 0.0000000000
81027  -40.488  -2.423  -12.319 0.0000000000
80156  -41.064  -2.689  -13.076 0.0000000000
81040  -40.820  -2.256  -13.767 0.0000000000
81054  -40.977  -2.286  -15.449 0.0000000000
80181  -41.909  -3.462  -16.220 0.0000000000
80180  -41.325  -3.275  -16.095 0.0000000000
81066  -40.861  -2.645  -15.945 0.0000000000
81064  -39.649  -2.009  -15.789 0.0000000000
85298  -33.840  3.597  -1.919 0.0000000000
85299  -34.433  3.821  -2.245 0.0000000000
85301  -35.870  3.559  -2.929 0.0000000000
114699  -35.388  3.032  -2.760 0.0000000000
84753  -36.165  2.628  -3.037 0.0000000000
116339  -36.694  1.830  -3.206 0.0000000000
84760  -37.135  2.452  -3.276 0.0000000000
86969  -38.250  5.985  -2.045 0.0000000000
116777  -37.067  5.400  -2.279 0.0000000000
85861  -38.321  4.603  -2.850 0.0000000000
84762  -38.704  2.504  -3.606 0.0000000000
85311  -38.482  2.979  -3.278 0.0000000000
84182  -38.095  1.979  -3.800 0.0000000000
84191  -37.544  1.571  -4.272 0.0000000000
84202  -36.859  1.216  -5.076 0.0000000000
84203  -37.642  1.838  -5.110 0.0000000000
84776  -37.658  2.268  -6.092 0.0000000000
84222  -37.109  2.194  -7.581 0.0000000000
87455  -43.046  7.973  -0.073 0.0000000000
88126  -42.249  8.019  -0.213 0.0000000000
87476  -42.696  7.430  -0.574 0.0000000000
86422  -42.750  5.715  -2.955 0.0000000000
86973  -42.427  5.991  -2.188 0.0000000000
116013  -42.113  5.184  -3.388 0.0000000000
116063  -41.450  4.443  -3.597 0.0000000000
86444  -43.448  5.982  -5.474 0.0000000000
86443  -42.980  5.407  -6.464 0.0000000000
85349  -41.397  3.914  -7.416 0.0000000000
85340  -41.163  3.638  -6.557 0.0000000000
128261  -40.873  3.448  -5.877 0.0000000000
85338  -40.406  3.359  -6.439 0.0000000000
84787  -39.640  3.085  -6.295 0.0000000000
85347  -39.899  3.320  -6.957 0.0000000000
85363  -38.660  3.274  -9.314 0.0000000000
117454  -37.974  2.900  -9.293 0.0000000000
84799  -37.471  2.489  -8.882 0.0000000000
84808  -37.486  2.377  -9.774 0.0000000000
110411  -37.205  1.618  -10.353 0.0000000000
84815  -37.671  2.365  -10.662 0.0000000000
84273  -38.285  1.760  -12.523 0.0000000000
127961  -38.724  1.401  -13.351 0.0000000000
85405  -40.720  4.293  -13.654 0.0000000000
127313  -39.609  1.663  -15.814 0.0000000000
83574  -40.121  0.524  -16.107 0.0000000000
82782  -38.662  0.024  -16.427 0.0000000000
81926  -38.167  -1.268  -15.417 0.0000000000
85965  -38.608  5.098  -15.969 0.0000000000
85980  -36.803  4.149  -16.736 0.0000000000
85964  -37.282  4.702  -15.314 0.0000000000
85402  -35.938  3.578  -13.999 0.0000000000
85410  -35.625  3.149  -14.479 0.0000000000
108625  -41.865  8.265  -9.579 0.0000000000
87606  -39.708  7.858  -9.206 0.0000000000
87615  -39.580  8.048  -10.026 0.0000000000
87037  -39.335  7.187  -11.041 0.0000000000
87622  -38.892  7.553  -10.286 0.0000000000
87575  -38.324  7.553  -7.196 0.0000000000
122675  -39.059  7.542  -7.776 0.0000000000
112163  -38.258  7.617  -8.292 0.0000000000
87030  -37.743  6.461  -9.721 0.0000000000
87613  -37.991  7.219  -9.584 0.0000000000
87035  -38.141  6.108  -10.374 0.0000000000
86478  -37.645  5.634  -10.125 0.0000000000
86484  -37.212  5.027  -10.203 0.0000000000
85913  -36.151  4.723  -8.904 0.0000000000
85362  -35.307  3.463  -9.643 0.0000000000
85911  -34.864  4.427  -7.925 0.0000000000
85903  -34.468  4.955  -7.297 0.0000000000
115380  -33.916  5.639  -7.115 0.0000000000
88235  -34.827  8.436  -9.232 0.0000000000
87601  -34.712  8.251  -9.438 0.0000000000
88234  -34.151  8.395  -9.434 0.0000000000
87599  -32.720  8.083  -9.728 0.0000000000
87008  -32.781  6.824  -8.555 0.0000000000
87007  -31.612  6.758  -8.876 0.0000000000
89384  -36.186  10.338  -3.303 0.0000000000
88836  -34.874  9.662  -3.707 0.0000000000
81770  -35.041  -1.244  -1.271 0.0000000000
82639  -35.126  -0.423  -1.733 0.0000000000
83434  -35.397  0.179  -2.169 0.0000000000
83449  -35.069  0.972  -2.249 0.0000000000
89331  -48.176  10.394  1.976 0.0000000000
89330  -47.031  10.850  1.628 0.0000000000
89335  -45.371  10.802  0.668 0.0000000000
89921  -45.600  11.666  0.756 0.0000000000
90487  -45.196  12.001  0.286 0.0000000000
79256  -44.486  -4.344  -14.772 0.0000000000
87431  -30.980  6.875  5.022 0.0000000000
82595  -43.010  0.577  3.870 0.0000000000
81728  -42.719  -0.336  3.444 0.0000000000
82594  -41.987  0.936  3.885 0.0000000000
82593  -41.040  1.200  3.866 0.0000000000
82582  -30.847  -0.409  3.230 0.0000000000
121051  -30.590  -1.080  3.641 0.0000000000
81800  -45.769  -2.015  -4.596 0.0000000000
80947  -45.213  -2.301  -4.971 0.0000000000
80946  -44.523  -2.555  -5.455 0.0000000000
81844  -38.221  -1.891  -8.968 0.0000000000
81873  -38.500  -1.433  -10.560 0.0000000000
82731  -37.989  -0.731  -10.711 0.0000000000
82746  -37.807  0.056  -11.213 0.0000000000
88104  -38.988  8.953  0.160 0.0000000000
88123  -39.278  8.367  -0.314 0.0000000000
88105  -39.852  8.808  0.167 0.0000000000
88124  -40.315  8.112  -0.409 0.0000000000
87474  -40.927  7.386  -0.740 0.0000000000
121295  -44.730  6.856  -8.812 0.0000000000
86480  -43.939  6.636  -10.311 0.0000000000
86488  -43.592  6.263  -11.290 0.0000000000
86487  -43.085  5.661  -12.111 0.0000000000
86495  -43.144  6.141  -12.295 0.0000000000
87049  -42.859  6.078  -13.338 0.0000000000
87048  -42.581  6.374  -13.524 0.0000000000
121341  -42.002  6.645  -13.519 0.0000000000
87637  -42.582  6.714  -12.892 0.0000000000
87636  -41.879  7.163  -12.932 0.0000000000
87631  -41.281  7.566  -11.914 0.0000000000
87555  -36.452  7.900  -5.544 0.0000000000
79144  -40.272  -4.328  -2.601 0.0000000000
79152  -38.973  -4.225  -3.127 0.0000000000
80023  -38.380  -3.908  -3.740 0.0000000000
81799  -35.962  -1.720  -4.149 0.0000000000
80932  -36.385  -2.609  -4.432 0.0000000000
82687  -36.209  -0.283  -5.872 0.0000000000
83485  -36.364  0.740  -6.111 0.0000000000
118267  -44.186  9.508  3.259 0.0000000000
88773  -44.440  8.957  1.964 0.0000000000
88760  -44.826  9.216  2.773 0.0000000000
88083  -45.711  8.653  2.199 0.0000000000
129930  -46.556  7.792  0.570 0.0000000000
88129  -48.596  8.225  -0.544 0.0000000000
119107  -48.627  7.941  -1.084 0.0000000000
116065  -48.410  8.194  -2.509 0.0000000000
88158  -48.474  8.135  -3.232 0.0000000000
88180  -48.156  8.191  -4.033 0.0000000000
87564  -47.646  7.990  -4.912 0.0000000000
120471  -45.107  8.505  -5.829 0.0000000000
87524  -43.129  8.132  -4.175 0.0000000000
88813  -42.635  9.587  -1.582 0.0000000000
89360  -39.631  10.945  -1.619 0.0000000000
79245  -41.377  -4.578  -14.133 0.0000000000
117299  -32.335  5.325  -0.885 0.0000000000
86397  -31.610  5.718  -0.338 0.0000000000
86936  -31.840  6.533  -0.247 0.0000000000
86937  -32.525  6.994  -0.397 0.0000000000
88074  -33.784  8.439  3.110 0.0000000000
88081  -33.799  8.425  2.087 0.0000000000
88082  -34.438  8.718  2.500 0.0000000000
88751  -35.003  8.975  2.130 0.0000000000
88765  -36.211  9.363  1.532 0.0000000000
88753  -36.577  9.566  2.465 0.0000000000
88743  -37.337  9.799  3.169 0.0000000000
88744  -38.000  9.850  3.903 0.0000000000
88703  -39.370  9.319  7.154 0.0000000000
88718  -39.319  9.494  6.268 0.0000000000
129572  -39.741  9.485  6.671 0.0000000000
88704  -40.286  9.479  7.018 0.0000000000
88719  -41.006  9.866  6.167 0.0000000000
88720  -42.098  9.808  6.139 0.0000000000
88705  -42.474  9.556  7.099 0.0000000000
83464  -47.955  0.394  -3.142 0.0000000000
119626  -47.539  -0.307  -2.579 0.0000000000
122995  -47.143  -0.968  -1.861 0.0000000000
81754  -46.358  -1.028  1.113 0.0000000000
81760  -45.802  -1.809  -0.069 0.0000000000
80892  -44.433  -2.682  -0.347 0.0000000000
79993  -43.232  -3.381  -0.540 0.0000000000
79980  -41.702  -3.854  0.275 0.0000000000
79962  -39.914  -3.211  1.826 0.0000000000
79961  -38.414  -3.557  1.348 0.0000000000
79975  -36.628  -3.569  0.852 0.0000000000
79936  -38.049  -2.678  5.283 0.0000000000
79920  -38.672  -2.839  5.518 0.0000000000
80827  -39.692  -1.169  5.536 0.0000000000
81715  -39.474  0.730  5.034 0.0000000000
82569  -39.190  1.528  4.225 0.0000000000
82589  -37.568  1.167  3.553 0.0000000000
83413  -34.010  1.305  2.196 0.0000000000
83412  -33.259  1.162  1.478 0.0000000000
83418  -32.670  1.494  0.860 0.0000000000
84138  -31.565  2.210  0.857 0.0000000000
84733  -30.838  2.331  1.193 0.0000000000
82732  -45.651  -0.198  -11.592 0.0000000000
81892  -45.337  -0.957  -12.178 0.0000000000
108633  -41.357  -3.448  -5.824 0.0000000000
80119  -41.744  -3.350  -9.238 0.0000000000
125130  -41.949  -3.381  -9.997 0.0000000000
80135  -42.523  -3.230  -10.503 0.0000000000
80159  -43.907  -3.195  -13.584 0.0000000000
110214  -43.282  -3.360  -13.966 0.0000000000
108901  -42.067  -3.128  -14.546 0.0000000000
81917  -40.547  -1.883  -15.684 0.0000000000
81928  -40.298  -1.313  -15.919 0.0000000000
82784  -40.148  -0.877  -16.162 0.0000000000
86414  -34.421  5.126  -2.061 0.0000000000
85859  -34.771  4.447  -2.314 0.0000000000
86415  -35.231  5.147  -2.251 0.0000000000
112598  -36.460  4.166  -2.937 0.0000000000
85862  -39.258  4.568  -2.904 0.0000000000
85312  -39.282  3.036  -3.428 0.0000000000
124200  -38.757  2.261  -3.955 0.0000000000
84769  -39.022  2.428  -4.477 0.0000000000
84786  -38.642  2.726  -6.359 0.0000000000
86958  -43.692  6.722  -1.937 0.0000000000
87500  -43.217  6.982  -1.141 0.0000000000
86431  -42.828  5.713  -3.934 0.0000000000
85898  -42.561  4.876  -6.933 0.0000000000
85914  -41.630  4.274  -8.259 0.0000000000
85356  -40.856  3.803  -8.141 0.0000000000
85355  -40.149  3.573  -8.087 0.0000000000
85374  -38.852  3.357  -10.111 0.0000000000
84816  -38.343  2.980  -10.829 0.0000000000
85385  -38.739  3.085  -11.622 0.0000000000
85966  -40.388  4.561  -15.655 0.0000000000
85403  -39.523  3.458  -14.548 0.0000000000
85412  -39.704  3.674  -16.185 0.0000000000
116692  -39.654  2.613  -16.656 0.0000000000
111210  -39.522  1.855  -16.364 0.0000000000
84290  -39.355  1.530  -16.492 0.0000000000
83579  -37.880  0.794  -15.955 0.0000000000
84288  -36.951  1.628  -15.543 0.0000000000
115809  -37.030  2.401  -15.970 0.0000000000
85955  -37.231  4.654  -14.022 0.0000000000
85954  -36.546  4.203  -13.501 0.0000000000
87589  -40.771  7.605  -7.817 0.0000000000
87588  -39.815  7.621  -8.282 0.0000000000
127701  -37.674  7.552  -8.730 0.0000000000
85912  -35.531  4.958  -8.154 0.0000000000
86466  -35.466  5.921  -7.785 0.0000000000
87010  -35.028  6.806  -8.132 0.0000000000
88223  -33.600  8.584  -8.763 0.0000000000
88232  -32.196  8.215  -9.566 0.0000000000
87598  -31.676  8.013  -9.673 0.0000000000
88231  -31.361  8.164  -9.462 0.0000000000
111122  -36.524  -3.755  -1.759 0.0000000000
80010  -36.557  -3.633  -2.458 0.0000000000
80909  -36.042  -3.043  -2.905 0.0000000000
80921  -35.755  -2.289  -2.930 0.0000000000
81791  -35.834  -1.615  -3.309 0.0000000000
83463  -36.372  0.255  -3.455 0.0000000000
124769  -47.388  8.944  2.623 0.0000000000
88078  -47.869  9.465  3.044 0.0000000000
88086  -48.606  9.183  1.521 0.0000000000
88786  -48.742  8.791  0.949 0.0000000000
88785  -48.623  9.196  0.774 0.0000000000
88128  -47.619  8.735  -0.875 0.0000000000
88142  -45.534  8.781  -2.006 0.0000000000
88815  -44.676  9.208  -1.254 0.0000000000
89349  -44.626  10.414  0.022 0.0000000000
88795  -43.074  10.106  -0.917 0.0000000000
89929  -42.391  11.585  -0.567 0.0000000000
78383  -42.966  -4.602  -15.090 0.0000000000
86927  -30.533  6.362  1.603 0.0000000000
87440  -31.017  7.009  1.837 0.0000000000
87441  -31.626  7.501  2.375 0.0000000000
87442  -32.302  7.869  2.829 0.0000000000
87433  -31.924  7.526  4.179 0.0000000000
87438  -32.307  7.789  3.590 0.0000000000
88073  -32.932  8.116  3.415 0.0000000000
82611  -45.023  -1.097  2.652 0.0000000000
80869  -43.780  -1.990  2.308 0.0000000000
80875  -43.360  -2.584  1.701 0.0000000000
112601  -42.824  -2.042  2.528 0.0000000000
116788  -42.134  -2.394  2.322 0.0000000000
80867  -41.315  -2.336  2.379 0.0000000000
79949  -39.886  -2.159  2.209 0.0000000000
80864  -38.597  -1.586  2.250 0.0000000000
78201  -37.898  -4.960  6.176 0.0000000000
109229  -37.169  -4.653  5.987 0.0000000000
110797  -37.267  -3.947  5.660 0.0000000000
79918  -36.732  -3.516  5.278 0.0000000000
80844  -36.915  -2.689  4.968 0.0000000000
112393  -36.691  -1.746  4.744 0.0000000000
83399  -32.480  0.963  2.331 0.0000000000
83398  -31.623  0.655  2.425 0.0000000000
83397  -30.262  0.659  2.519 0.0000000000
83396  -29.624  0.736  2.704 0.0000000000
80082  -39.062  -3.118  -7.228 0.0000000000
80083  -39.849  -3.240  -7.622 0.0000000000
80101  -39.832  -3.112  -8.341 0.0000000000
80117  -40.124  -3.140  -8.958 0.0000000000
80118  -40.431  -3.174  -9.598 0.0000000000
87493  -36.408  7.235  -1.278 0.0000000000
86951  -36.911  6.624  -1.657 0.0000000000
87494  -37.283  7.297  -1.270 0.0000000000
86952  -37.779  6.653  -1.669 0.0000000000
87496  -39.154  7.162  -1.216 0.0000000000
86953  -38.672  6.606  -1.677 0.0000000000
86970  -39.133  5.938  -2.092 0.0000000000
86419  -39.643  5.248  -2.496 0.0000000000
85863  -40.151  4.542  -2.902 0.0000000000
85873  -40.610  3.989  -3.385 0.0000000000
86987  -45.260  7.210  -5.007 0.0000000000
86991  -44.369  6.582  -5.344 0.0000000000
86455  -43.956  6.186  -6.958 0.0000000000
86454  -43.356  5.664  -7.384 0.0000000000
86467  -43.695  5.975  -8.477 0.0000000000
85915  -42.556  5.049  -8.556 0.0000000000
85387  -40.462  4.107  -11.607 0.0000000000
85940  -41.543  4.509  -11.615 0.0000000000
85396  -41.299  4.398  -12.744 0.0000000000
108541  -41.770  4.784  -14.094 0.0000000000
85948  -42.936  5.475  -13.671 0.0000000000
85957  -41.495  4.792  -15.068 0.0000000000
108249  -40.728  4.878  -16.434 0.0000000000
85983  -39.524  4.158  -17.500 0.0000000000
85981  -37.808  4.226  -17.435 0.0000000000
85973  -39.016  4.772  -17.265 0.0000000000
118735  -38.688  5.484  -13.839 0.0000000000
86500  -38.662  5.496  -12.756 0.0000000000
114322  -38.797  7.496  -6.179 0.0000000000
88226  -36.200  7.789  -8.747 0.0000000000
88225  -35.255  8.493  -8.590 0.0000000000
87554  -35.758  8.112  -6.101 0.0000000000
112771  -34.994  8.547  -7.612 0.0000000000
88213  -34.419  8.574  -6.977 0.0000000000
88201  -33.631  8.507  -6.279 0.0000000000
80028  -43.416  -3.375  -3.641 0.0000000000
80039  -41.907  -3.589  -4.480 0.0000000000
108581  -41.196  -3.594  -4.954 0.0000000000
80052  -40.526  -3.558  -5.477 0.0000000000
80051  -39.778  -3.515  -5.880 0.0000000000
80063  -38.848  -3.306  -6.235 0.0000000000
80022  -37.514  -3.734  -3.537 0.0000000000
80035  -37.766  -3.541  -4.372 0.0000000000
81819  -36.990  -1.710  -6.910 0.0000000000
81831  -37.269  -1.531  -7.771 0.0000000000
82696  -36.883  -0.773  -8.203 0.0000000000
122406  -36.616  0.116  -8.504 0.0000000000
88782  -42.142  8.923  0.932 0.0000000000
88092  -42.997  8.800  1.065 0.0000000000
88093  -43.907  8.626  1.249 0.0000000000
87456  -43.871  7.914  0.105 0.0000000000
109014  -44.306  7.245  -1.261 0.0000000000
111906  -44.684  7.138  -2.332 0.0000000000
88084  -47.128  8.562  2.050 0.0000000000
88112  -47.847  8.011  0.580 0.0000000000
87458  -47.300  7.656  -0.009 0.0000000000
87481  -48.633  7.928  -1.025 0.0000000000
87480  -47.917  7.689  -0.778 0.0000000000
87501  -46.942  7.479  -1.495 0.0000000000
125457  -46.495  7.418  -2.477 0.0000000000
87511  -45.889  7.352  -3.301 0.0000000000
87563  -47.015  8.021  -5.973 0.0000000000
87580  -46.613  8.209  -7.518 0.0000000000
87012  -46.161  7.883  -7.990 0.0000000000
87024  -45.745  7.982  -8.439 0.0000000000
87610  -44.951  8.020  -8.909 0.0000000000
87617  -43.381  8.213  -9.866 0.0000000000
87609  -43.768  8.214  -9.183 0.0000000000
109269  -42.711  8.127  -8.449 0.0000000000
109248  -42.671  7.968  -7.658 0.0000000000
87579  -43.765  8.223  -6.736 0.0000000000
87578  -42.655  7.882  -6.831 0.0000000000
113454  -43.524  8.351  -3.539 0.0000000000
88176  -42.421  8.187  -3.347 0.0000000000
87542  -41.645  7.673  -4.673 0.0000000000
87541  -40.832  7.606  -4.733 0.0000000000
120710  -40.213  7.536  -5.201 0.0000000000
87540  -39.632  7.705  -4.507 0.0000000000
87520  -39.337  8.010  -3.878 0.0000000000
88151  -40.256  8.988  -2.923 0.0000000000
88173  -39.629  8.664  -3.343 0.0000000000
88172  -38.647  8.412  -3.631 0.0000000000
88840  -38.207  9.146  -3.176 0.0000000000
88823  -37.862  9.812  -2.752 0.0000000000
84744  -33.263  2.530  -1.316 0.0000000000
84153  -33.648  1.937  -1.603 0.0000000000
86404  -33.017  5.150  -1.361 0.0000000000
86413  -33.708  5.125  -1.780 0.0000000000
86405  -34.114  5.698  -1.846 0.0000000000
87492  -35.557  7.145  -1.250 0.0000000000
108262  -32.083  7.447  1.009 0.0000000000
87453  -32.624  7.482  0.398 0.0000000000
108003  -33.277  7.503  -0.129 0.0000000000
88089  -33.843  8.321  1.316 0.0000000000
88099  -33.418  7.933  0.716 0.0000000000
87454  -34.071  7.868  0.075 0.0000000000
87468  -34.698  7.709  -0.424 0.0000000000
116002  -35.244  7.555  -0.789 0.0000000000
87469  -35.928  7.713  -0.806 0.0000000000
88121  -37.085  8.586  -0.367 0.0000000000
124130  -37.435  9.518  0.887 0.0000000000
88778  -38.264  9.378  0.599 0.0000000000
88779  -39.338  9.382  0.689 0.0000000000
88768  -39.788  9.794  1.342 0.0000000000
128709  -38.602  9.941  4.211 0.0000000000
88731  -39.045  9.678  5.421 0.0000000000
89312  -39.241  10.035  4.584 0.0000000000
111253  -38.887  10.229  3.557 0.0000000000
89321  -39.742  10.394  2.924 0.0000000000
89322  -40.591  10.299  2.739 0.0000000000
88756  -41.074  9.983  2.167 0.0000000000
88757  -41.964  9.851  2.326 0.0000000000
88745  -42.290  10.084  3.386 0.0000000000
88746  -43.363  9.744  3.450 0.0000000000
108380  -42.433  9.937  5.163 0.0000000000
88734  -43.143  9.778  4.992 0.0000000000
124415  -44.079  9.609  3.862 0.0000000000
88736  -44.533  9.536  4.583 0.0000000000
114454  -45.515  9.488  4.641 0.0000000000
88737  -46.557  9.660  5.166 0.0000000000
109124  -45.666  9.628  6.951 0.0000000000
128187  -46.964  -0.905  -4.377 0.0000000000
81801  -46.344  -1.452  -4.673 0.0000000000
128587  -45.146  -2.593  -3.481 0.0000000000
81768  -46.390  -1.492  -0.597 0.0000000000
81771  -46.445  -1.603  -1.448 0.0000000000
80900  -45.955  -2.131  -1.884 0.0000000000
80911  -45.464  -2.447  -2.365 0.0000000000
80910  -44.879  -2.764  -2.913 0.0000000000
80013  -43.515  -3.409  -2.763 0.0000000000
80012  -42.114  -3.857  -2.639 0.0000000000
79145  -41.459  -4.133  -2.139 0.0000000000
80001  -42.508  -3.751  -1.181 0.0000000000
80000  -41.783  -4.061  -1.452 0.0000000000
117938  -40.689  -4.346  -2.023 0.0000000000
127773  -40.041  -4.424  -2.038 0.0000000000
79129  -39.388  -4.448  -1.643 0.0000000000
79128  -38.458  -4.410  -1.561 0.0000000000
79966  -42.934  -3.062  1.109 0.0000000000
79978  -39.989  -3.841  0.927 0.0000000000
79113  -40.355  -4.215  0.083 0.0000000000
79120  -38.190  -4.383  -0.778 0.0000000000
79127  -37.641  -4.286  -1.409 0.0000000000
79126  -36.907  -4.055  -1.251 0.0000000000
79998  -35.618  -2.979  -1.218 0.0000000000
83361  -42.517  2.477  6.482 0.0000000000
79079  -43.329  -4.628  4.316 0.0000000000
79937  -43.099  -3.911  5.094 0.0000000000
120080  -39.206  -4.551  6.093 0.0000000000
123000  -39.310  -3.041  5.771 0.0000000000
79064  -39.799  -3.818  6.068 0.0000000000
112006  -41.182  -4.085  5.958 0.0000000000
79925  -43.375  -3.251  5.679 0.0000000000
80831  -42.791  -2.639  6.654 0.0000000000
80820  -43.206  -1.788  7.174 0.0000000000
81689  -42.607  -0.718  7.407 0.0000000000
82557  -41.862  0.962  6.859 0.0000000000
83360  -41.497  2.285  6.230 0.0000000000
81726  -40.138  0.275  3.272 0.0000000000
82592  -39.563  1.294  3.873 0.0000000000
81725  -39.504  0.499  3.278 0.0000000000
125618  -38.852  -0.840  2.467 0.0000000000
80863  -37.798  -1.426  2.223 0.0000000000
82566  -36.924  1.206  3.590 0.0000000000
83387  -37.099  1.311  3.420 0.0000000000
83402  -36.629  1.390  3.221 0.0000000000
82608  -37.176  1.118  3.049 0.0000000000
81736  -36.716  0.162  2.288 0.0000000000
80862  -36.929  -1.279  2.091 0.0000000000
83424  -33.689  0.696  -0.416 0.0000000000
84152  -33.109  1.919  -0.885 0.0000000000
84740  -32.165  3.063  -0.384 0.0000000000
85285  -31.963  3.855  -0.479 0.0000000000
85844  -30.926  4.757  0.551 0.0000000000
86394  -30.534  5.368  0.991 0.0000000000
118360  -30.343  5.812  1.417 0.0000000000
86926  -30.086  5.909  2.071 0.0000000000
86916  -29.874  6.075  4.029 0.0000000000
86386  -29.395  5.454  3.496 0.0000000000
82770  -48.046  -0.564  -13.608 0.0000000000
81921  -48.451  -1.377  -14.012 0.0000000000
81920  -47.791  -1.130  -14.208 0.0000000000
81058  -47.337  -1.872  -14.490 0.0000000000
111370  -47.243  -2.601  -14.624 0.0000000000
80041  -43.332  -3.277  -4.531 0.0000000000
122003  -43.297  -3.159  -5.268 0.0000000000
80945  -43.696  -2.839  -5.899 0.0000000000
80068  -43.106  -2.964  -6.432 0.0000000000
80987  -43.532  -2.515  -8.491 0.0000000000
81875  -44.695  -1.460  -10.561 0.0000000000
81906  -45.120  -1.832  -12.586 0.0000000000
112925  -44.508  -2.311  -12.145 0.0000000000
81067  -46.731  -2.529  -14.415 0.0000000000
80186  -46.714  -3.240  -14.493 0.0000000000
79267  -43.767  -4.283  -15.273 0.0000000000
78393  -43.499  -4.313  -15.396 0.0000000000
78392  -43.217  -4.245  -15.611 0.0000000000
79255  -42.440  -4.321  -15.683 0.0000000000
80157  -41.603  -3.102  -13.127 0.0000000000
79264  -42.214  -3.969  -16.185 0.0000000000
80169  -40.416  -3.480  -15.043 0.0000000000
84167  -34.123  2.140  -2.086 0.0000000000
84168  -34.773  1.845  -2.401 0.0000000000
84169  -35.594  1.474  -2.644 0.0000000000
85300  -35.087  3.693  -2.569 0.0000000000
84752  -35.394  2.302  -2.731 0.0000000000
84170  -36.289  1.206  -2.947 0.0000000000
123463  -37.205  3.819  -3.146 0.0000000000
85870  -37.969  3.821  -3.172 0.0000000000
85310  -37.635  3.056  -3.224 0.0000000000
113767  -37.367  1.847  -3.506 0.0000000000
84190  -36.734  0.855  -4.110 0.0000000000
122583  -36.595  1.369  -6.752 0.0000000000
84221  -36.625  1.493  -7.624 0.0000000000
84231  -36.563  1.116  -8.550 0.0000000000
88107  -41.767  8.528  0.290 0.0000000000
87475  -41.866  7.415  -0.610 0.0000000000
87498  -41.502  6.887  -1.041 0.0000000000
86957  -42.820  6.481  -1.708 0.0000000000
86956  -41.950  6.408  -1.538 0.0000000000
86972  -41.574  5.938  -2.011 0.0000000000
115103  -41.270  5.504  -2.386 0.0000000000
85314  -41.030  3.726  -3.976 0.0000000000
86437  -43.349  6.027  -4.734 0.0000000000
86436  -42.661  5.355  -4.781 0.0000000000
85889  -42.256  4.645  -6.001 0.0000000000
85881  -42.063  4.435  -4.972 0.0000000000
85323  -41.362  3.714  -4.693 0.0000000000
85339  -40.228  3.173  -5.640 0.0000000000
84792  -38.421  2.905  -7.469 0.0000000000
108833  -39.690  3.396  -7.636 0.0000000000
84801  -38.984  3.270  -7.831 0.0000000000
84791  -37.632  2.567  -7.979 0.0000000000
83525  -36.995  0.739  -10.060 0.0000000000
83535  -37.371  0.789  -10.848 0.0000000000
83546  -37.807  0.821  -11.639 0.0000000000
85394  -39.228  3.322  -12.426 0.0000000000
117119  -39.031  2.937  -13.315 0.0000000000
84838  -39.139  2.449  -14.185 0.0000000000
84832  -38.739  2.095  -13.346 0.0000000000
83567  -40.096  0.257  -15.098 0.0000000000
82783  -39.725  -0.842  -16.388 0.0000000000
83581  -39.678  0.442  -16.331 0.0000000000
122932  -39.524  -0.317  -16.487 0.0000000000
81927  -39.202  -1.399  -16.032 0.0000000000
121570  -36.111  3.941  -16.197 0.0000000000
85411  -35.685  3.888  -15.399 0.0000000000
109912  -42.709  8.065  -10.481 0.0000000000
87624  -40.728  7.862  -11.038 0.0000000000
87616  -40.546  8.158  -9.755 0.0000000000
111281  -40.319  8.092  -10.410 0.0000000000
87630  -40.194  7.447  -11.496 0.0000000000
87042  -39.013  6.473  -11.317 0.0000000000
86486  -38.505  5.901  -11.076 0.0000000000
87605  -38.950  7.669  -8.719 0.0000000000
125526  -38.398  7.466  -9.735 0.0000000000
85929  -37.098  4.776  -10.898 0.0000000000
85937  -35.951  3.882  -11.019 0.0000000000
85919  -36.733  4.784  -9.599 0.0000000000
85373  -35.420  3.386  -10.501 0.0000000000
85346  -34.277  3.969  -7.549 0.0000000000
87600  -33.732  8.186  -9.679 0.0000000000
87009  -34.005  6.744  -7.935 0.0000000000
87018  -31.106  7.471  -9.403 0.0000000000
90492  -41.838  12.245  -0.849 0.0000000000
90500  -39.464  11.805  -1.607 0.0000000000
89943  -38.907  11.103  -2.005 0.0000000000
89375  -38.401  10.444  -2.428 0.0000000000
122781  -37.479  11.288  -2.832 0.0000000000
89385  -37.050  9.976  -2.926 0.0000000000
88838  -36.522  9.371  -3.437 0.0000000000
88168  -35.104  8.886  -3.951 0.0000000000
113658  -35.389  10.264  -3.523 0.0000000000
88187  -34.550  8.541  -4.614 0.0000000000
112000  -33.871  8.449  -5.168 0.0000000000
79061  -36.568  -4.260  5.642 0.0000000000
79143  -39.537  -4.368  -2.506 0.0000000000
79951  -41.258  -3.153  1.917 0.0000000000
79965  -42.325  -3.213  1.363 0.0000000000
79999  -36.235  -3.579  -1.051 0.0000000000
80187  -47.706  -3.246  -14.619 0.0000000000
80818  -41.590  -2.088  7.185 0.0000000000
80885  -45.297  -1.976  0.592 0.0000000000
81059  -48.205  -1.924  -14.423 0.0000000000
81068  -47.805  -2.428  -14.694 0.0000000000
84854  -38.913  2.819  -17.606 0.0000000000
84860  -38.676  3.166  -17.975 0.0000000000
85416  -40.005  4.063  -17.251 0.0000000000
85419  -38.159  3.590  -17.862 0.0000000000
85905  -42.127  4.544  -7.566 0.0000000000
85941  -42.936  5.310  -12.737 0.0000000000
85947  -42.314  4.890  -13.580 0.0000000000
85958  -42.452  5.210  -14.377 0.0000000000
85974  -40.219  4.623  -16.886 0.0000000000
85982  -38.719  4.122  -17.749 0.0000000000
86417  -37.832  5.342  -2.396 0.0000000000
86430  -41.417  5.043  -2.895 0.0000000000
86502  -43.065  5.827  -13.781 0.0000000000
86503  -42.909  5.945  -13.271 0.0000000000
86509  -42.554  5.507  -14.130 0.0000000000
86514  -39.985  5.147  -16.508 0.0000000000
86933  -30.663  6.085  0.900 0.0000000000
87054  -41.364  6.144  -13.843 0.0000000000
87055  -42.514  6.074  -14.042 0.0000000000
87447  -48.680  8.428  0.467 0.0000000000
87479  -46.683  7.521  -0.591 0.0000000000
87502  -48.350  7.777  -1.710 0.0000000000
87504  -48.822  7.980  -2.557 0.0000000000
87528  -48.198  7.839  -4.069 0.0000000000
87530  -48.813  7.981  -2.812 0.0000000000
87548  -48.112  7.960  -4.409 0.0000000000
87565  -47.946  7.988  -4.721 0.0000000000
88110  -44.328  8.171  0.724 0.0000000000
88119  -35.421  8.055  -0.340 0.0000000000
88144  -48.422  8.219  -1.509 0.0000000000
88159  -48.769  8.045  -2.750 0.0000000000
88194  -47.840  8.113  -4.735 0.0000000000
88206  -46.647  8.350  -6.255 0.0000000000
88216  -46.720  8.222  -7.716 0.0000000000
88688  -43.117  9.336  8.067 0.0000000000
88701  -38.038  9.071  6.592 0.0000000000
88735  -43.591  9.709  4.399 0.0000000000
88774  -48.610  9.458  1.425 0.0000000000
89316  -39.730  10.346  3.834 0.0000000000
89318  -41.479  10.281  3.800 0.0000000000
90520  -37.729  11.953  -3.021 0.0000000000
108213  -45.478  7.365  -1.777 0.0000000000
108382  -41.712  7.941  -8.584 0.0000000000
109554  -42.878  -3.642  -2.146 0.0000000000
116977  -43.533  6.661  -11.636 0.0000000000
120083  -38.834  -4.309  -0.120 0.0000000000
124004  -40.882  4.599  -3.011 0.0000000000
126276  -40.265  7.523  -0.753 0.0000000000
127162  -42.254  7.918  -10.879 0.0000000000
127367  -40.912  6.910  -1.072 0.0000000000
