#!ascii label  , from subject sub-v1s20x0050298_ses-1 vox2ras=TkReg
1504
118995  27.860  -100.136  -2.302 0.5000000000
4451  12.861  -93.271  -14.642 0.6000000238
123875  12.803  -92.441  -14.646 0.6000000238
120442  12.637  -91.839  -14.578 0.6000000238
4875  13.454  -91.875  -14.538 0.6999999881
5346  13.363  -91.139  -14.571 0.6000000238
5334  15.056  -91.279  -13.590 0.6999999881
5344  14.892  -90.702  -14.465 0.6000000238
3207  17.407  -96.045  -9.780 0.5000000000
1990  19.661  -98.385  -9.816 0.6000000238
2791  18.997  -98.029  -10.218 0.6000000238
3206  18.131  -96.406  -9.748 0.5000000000
1988  21.169  -99.994  -9.201 0.5000000000
113156  20.272  -98.786  -9.448 0.4000000060
2783  19.374  -97.564  -9.613 0.5000000000
3205  19.041  -96.712  -9.341 0.6000000238
2035  8.154  -99.765  -12.327 0.5000000000
1237  25.410  -102.041  -6.008 0.4000000060
2451  7.632  -98.534  -13.765 0.5000000000
2445  7.737  -98.870  -12.849 0.5000000000
2847  7.647  -97.750  -14.395 0.6000000238
127751  9.606  -95.995  -14.961 0.6000000238
4065  11.760  -94.094  -14.797 0.6000000238
4436  13.796  -93.408  -14.084 0.6999999881
4066  10.932  -94.171  -14.474 0.6000000238
4865  13.990  -92.650  -13.890 0.6999999881
4850  15.671  -92.476  -12.481 0.6000000238
4864  14.859  -92.393  -13.205 0.6999999881
4831  16.752  -92.716  -11.484 0.6000000238
5317  15.766  -91.709  -12.185 0.6000000238
108624  15.350  -91.741  -12.818 0.6999999881
5285  16.690  -91.616  -10.499 0.6999999881
119634  14.552  -89.905  -14.902 0.6000000238
3231  16.107  -96.583  -10.606 0.5000000000
3230  17.360  -96.554  -10.282 0.6000000238
117328  16.751  -96.700  -10.604 0.5000000000
124804  19.876  -99.080  -10.002 0.6000000238
2408  19.342  -98.788  -10.380 0.6999999881
2784  18.597  -97.218  -10.025 0.6000000238
106768  21.870  -100.237  -8.611 0.4000000060
2058  9.351  -99.014  -14.216 0.5000000000
2048  8.944  -99.526  -13.390 0.5000000000
1212  27.291  -102.166  -3.871 0.5000000000
2458  8.121  -98.327  -14.361 0.5000000000
121248  10.870  -97.209  -15.518 0.6999999881
123821  9.456  -97.476  -15.092 0.6000000238
3692  12.099  -95.725  -15.309 0.6999999881
3693  11.172  -95.711  -15.197 0.6000000238
3295  10.004  -96.707  -15.204 0.6000000238
4078  12.453  -94.956  -14.990 0.6999999881
3683  10.638  -95.012  -14.786 0.6000000238
4450  13.537  -94.021  -14.375 0.6999999881
4422  15.526  -93.334  -12.926 0.6000000238
4421  16.382  -93.199  -12.159 0.6000000238
111957  14.589  -93.325  -13.473 0.6000000238
4830  17.596  -92.950  -11.269 0.6000000238
5284  17.570  -92.001  -10.160 0.6999999881
6458  15.812  -89.523  -13.909 0.6999999881
6479  15.196  -89.480  -14.949 0.5000000000
5286  16.074  -91.044  -11.042 0.6999999881
5848  15.755  -90.992  -11.930 0.6999999881
6478  15.570  -89.396  -14.620 0.6000000238
2814  16.653  -97.605  -11.456 0.5000000000
2794  16.372  -97.069  -11.058 0.5000000000
2795  15.590  -96.999  -11.037 0.5000000000
2423  18.159  -98.533  -11.357 0.6999999881
2793  17.228  -97.202  -10.865 0.6000000238
1623  20.176  -100.704  -10.426 0.5000000000
1999  19.623  -99.675  -10.529 0.6999999881
2409  18.947  -99.102  -10.948 0.6999999881
112799  18.725  -98.447  -10.702 0.6000000238
2792  18.144  -97.726  -10.728 0.6000000238
106771  21.841  -101.181  -8.863 0.4000000060
126251  21.374  -100.737  -9.185 0.4000000060
1989  20.420  -99.728  -9.793 0.5000000000
2047  10.042  -99.635  -13.736 0.5000000000
2456  10.290  -98.928  -14.923 0.5000000000
2057  10.576  -99.493  -14.578 0.5000000000
2457  9.282  -98.263  -14.790 0.5000000000
3293  11.643  -96.652  -15.511 0.6000000238
2855  10.335  -97.606  -15.330 0.5000000000
3691  13.077  -95.739  -15.378 0.6999999881
4076  14.642  -95.258  -15.115 0.6000000238
4077  13.504  -95.023  -14.926 0.6999999881
4051  16.590  -94.575  -13.824 0.6000000238
4052  15.453  -94.476  -13.803 0.6000000238
4063  14.063  -94.624  -14.530 0.6999999881
4419  18.316  -93.691  -12.935 0.6999999881
4434  16.510  -94.006  -12.882 0.6000000238
4435  15.123  -93.889  -13.385 0.6000000238
4828  19.327  -92.338  -11.550 0.6000000238
4849  18.999  -92.986  -12.371 0.6999999881
4408  17.184  -93.277  -11.769 0.6999999881
5835  20.076  -90.270  -10.901 0.6000000238
5297  19.547  -91.704  -10.944 0.6000000238
4829  18.515  -92.866  -11.360 0.6999999881
118201  16.135  -87.953  -13.814 0.6000000238
129467  19.162  -91.750  -10.342 0.6999999881
125740  15.753  -90.444  -11.623 0.6999999881
7071  16.011  -88.664  -14.440 0.6000000238
6417  20.164  -89.841  -10.134 0.6999999881
5282  19.692  -91.018  -10.300 0.6000000238
5264  18.979  -91.460  -9.692 0.8000000119
5265  18.069  -91.629  -9.486 0.6999999881
5266  17.120  -91.401  -9.650 0.6999999881
2815  15.878  -97.491  -11.523 0.6000000238
2013  18.577  -99.393  -11.596 0.6999999881
2014  17.925  -99.015  -11.994 0.6999999881
2813  17.403  -97.909  -11.384 0.6000000238
1624  19.461  -100.478  -11.030 0.5000000000
2012  19.103  -99.799  -11.146 0.6999999881
109325  21.247  -101.574  -9.489 0.4000000060
110639  20.668  -101.399  -10.072 0.5000000000
1668  11.506  -100.149  -13.854 0.5000000000
2032  12.085  -99.724  -12.675 0.5000000000
1681  11.042  -99.977  -14.231 0.5000000000
2465  11.665  -98.950  -15.664 0.6000000238
123469  13.124  -97.454  -15.871 0.6000000238
119416  12.251  -97.507  -15.725 0.6999999881
116087  11.052  -98.225  -15.611 0.6999999881
3301  14.570  -96.292  -15.934 0.6999999881
3292  12.650  -96.561  -15.640 0.6999999881
4075  15.603  -95.180  -15.127 0.6000000238
120889  14.852  -95.730  -15.633 0.6000000238
3690  14.062  -95.753  -15.503 0.6999999881
4873  19.589  -92.310  -14.515 0.6999999881
4432  18.447  -93.880  -14.082 0.6999999881
4449  17.729  -94.398  -14.472 0.6999999881
7685  14.990  -87.350  -11.583 0.6000000238
5316  20.076  -91.491  -12.917 0.6000000238
4848  19.622  -92.346  -13.255 0.6999999881
4433  17.533  -94.210  -13.390 0.6999999881
7048  21.263  -88.572  -11.968 0.6000000238
6436  20.603  -89.335  -12.338 0.6000000238
114495  20.679  -89.446  -13.210 0.6000000238
5863  20.400  -90.374  -12.772 0.6000000238
120232  19.647  -92.178  -12.351 0.6999999881
7050  15.528  -88.288  -11.954 0.6000000238
114453  20.803  -88.895  -11.704 0.6000000238
114568  20.267  -90.275  -11.712 0.6000000238
5805  16.349  -90.075  -8.732 0.6999999881
6408  15.813  -89.630  -9.375 0.6000000238
6418  15.631  -89.681  -10.799 0.6999999881
6427  15.773  -89.073  -12.331 0.6000000238
7036  21.861  -88.464  -11.336 0.5000000000
7037  21.164  -88.710  -10.987 0.6000000238
111558  20.752  -88.912  -10.016 0.8000000119
6407  19.755  -90.012  -9.054 0.8000000119
5802  19.037  -90.367  -8.552 0.8000000119
5819  17.631  -91.076  -8.894 0.8000000119
5820  16.728  -90.749  -9.151 0.6999999881
5821  15.785  -90.010  -10.119 0.6999999881
5817  19.462  -90.699  -9.372 0.8000000119
5818  18.582  -91.070  -8.953 0.8000000119
2441  16.620  -98.551  -12.277 0.6999999881
2442  15.805  -98.516  -12.452 0.6999999881
120537  14.917  -98.532  -12.504 0.6999999881
121708  14.522  -98.047  -11.868 0.6000000238
1638  18.906  -100.312  -11.747 0.6999999881
2443  13.995  -98.657  -12.497 0.6000000238
119453  19.347  -100.985  -11.490 0.6000000238
2444  12.973  -99.062  -12.410 0.5000000000
111329  12.643  -99.881  -13.350 0.5000000000
11008  14.477  -83.027  -9.699 0.6000000238
1680  12.076  -100.109  -14.578 0.5000000000
10317  14.971  -83.255  -10.696 0.5000000000
2065  12.211  -99.753  -15.091 0.5000000000
9625  15.902  -84.533  -10.500 0.6000000238
2463  12.842  -99.075  -15.687 0.6999999881
112057  12.359  -99.359  -15.450 0.6000000238
2860  14.155  -97.368  -16.089 0.6999999881
2464  12.606  -98.371  -15.801 0.6999999881
116401  15.124  -85.733  -10.966 0.6000000238
3688  16.206  -95.418  -15.601 0.6999999881
3699  15.519  -95.922  -15.953 0.6000000238
4874  19.047  -93.220  -14.862 0.6999999881
4466  18.082  -94.421  -15.222 0.6999999881
4060  17.063  -94.825  -14.934 0.6999999881
7671  14.900  -87.361  -10.536 0.6000000238
108709  15.176  -86.494  -10.252 0.6000000238
4862  20.034  -91.556  -13.871 0.6000000238
7003  15.583  -88.194  -8.963 0.6000000238
8293  15.137  -86.481  -12.465 0.6000000238
6476  21.232  -89.309  -14.281 0.6000000238
5879  20.559  -89.961  -13.853 0.6000000238
6359  16.474  -88.985  -7.823 0.6999999881
112547  15.563  -88.889  -9.363 0.6000000238
115380  15.130  -88.248  -10.850 0.6000000238
7057  21.403  -88.598  -12.794 0.6000000238
7001  19.916  -88.999  -7.541 0.6000000238
6356  19.014  -89.172  -7.335 0.6000000238
6386  17.607  -89.918  -7.761 0.6999999881
6387  16.709  -89.728  -7.979 0.6000000238
123560  15.513  -89.063  -11.268 0.6000000238
6999  21.543  -88.384  -8.238 0.6000000238
6385  18.589  -89.879  -7.834 0.8000000119
7020  20.830  -88.861  -8.876 0.6000000238
6384  19.583  -89.628  -8.218 0.6999999881
5804  17.157  -90.462  -8.350 0.8000000119
2027  17.290  -99.227  -12.620 0.6999999881
2028  16.296  -99.155  -12.956 0.6999999881
2029  15.365  -99.176  -13.091 0.6999999881
1650  18.526  -100.646  -12.655 0.6999999881
2026  18.214  -99.734  -12.334 0.6999999881
2030  14.454  -99.255  -13.152 0.6000000238
2031  13.532  -99.489  -13.240 0.6000000238
10994  14.425  -82.746  -8.858 0.6000000238
10995  13.396  -82.456  -7.929 0.6000000238
11009  13.468  -82.622  -9.233 0.6000000238
2046  13.350  -100.318  -14.047 0.6000000238
10298  15.313  -83.417  -9.693 0.5000000000
2063  13.819  -99.701  -15.225 0.6999999881
119637  12.800  -99.690  -15.117 0.6999999881
9611  16.660  -84.372  -10.035 0.4000000060
10316  15.564  -83.896  -10.716 0.5000000000
2859  15.045  -97.774  -16.218 0.6999999881
124296  14.261  -98.572  -16.007 0.8000000119
8942  16.619  -85.412  -9.743 0.5000000000
116676  15.153  -96.763  -16.210 0.6000000238
2471  13.402  -98.426  -15.893 0.6999999881
8262  16.391  -85.951  -9.397 0.6000000238
4074  17.027  -95.150  -15.447 0.6999999881
3698  16.467  -95.839  -16.078 0.6999999881
8236  16.908  -86.830  -7.777 0.6999999881
8251  15.817  -86.528  -9.395 0.6000000238
4882  19.457  -92.705  -15.477 0.6999999881
4883  19.049  -93.423  -15.429 0.6999999881
8235  17.537  -86.742  -7.265 0.5000000000
7644  15.884  -87.323  -8.698 0.6000000238
5910  20.942  -90.572  -15.346 0.6000000238
5342  20.371  -91.006  -15.005 0.6000000238
125323  19.989  -91.443  -14.640 0.6999999881
7643  16.478  -87.434  -7.940 0.6999999881
5893  21.293  -89.885  -14.889 0.6000000238
5333  20.303  -90.799  -14.286 0.6000000238
6984  18.415  -88.456  -6.803 0.5000000000
6985  17.493  -88.418  -7.004 0.6000000238
6456  21.261  -88.884  -13.645 0.6000000238
6982  21.051  -88.068  -7.295 0.6000000238
112215  20.276  -88.363  -7.087 0.5000000000
6358  17.116  -89.180  -7.422 0.6999999881
7642  22.330  -87.793  -8.036 0.6000000238
2042  16.795  -99.972  -13.425 0.6999999881
2043  15.798  -99.932  -13.621 0.6999999881
2044  14.844  -99.981  -13.748 0.6000000238
2045  14.065  -100.008  -13.767 0.6000000238
10979  14.443  -82.266  -7.859 0.4000000060
10981  13.075  -82.344  -7.030 0.5000000000
1678  13.851  -100.165  -14.577 0.6000000238
10993  15.314  -82.872  -8.841 0.5000000000
10982  12.575  -82.682  -7.539 0.6000000238
112179  14.617  -100.199  -14.799 0.6999999881
1693  14.668  -99.965  -15.227 0.6999999881
1687  12.839  -99.922  -14.872 0.6000000238
127856  15.217  -98.939  -16.008 0.6999999881
123732  17.653  -85.134  -9.298 0.4000000060
3696  18.222  -95.616  -16.241 0.6999999881
3697  17.335  -95.767  -16.197 0.6999999881
2858  16.414  -97.144  -16.356 0.6999999881
8931  17.056  -85.636  -9.082 0.6000000238
4477  19.919  -93.482  -16.119 0.6999999881
113129  19.291  -94.127  -15.989 0.6999999881
4082  16.961  -95.445  -15.785 0.6999999881
3300  16.006  -96.472  -16.283 0.6999999881
8929  18.605  -85.237  -8.084 0.5000000000
8249  17.265  -86.148  -8.128 0.5000000000
5375  20.763  -91.871  -15.983 0.6000000238
4896  19.716  -92.863  -15.900 0.6999999881
4478  19.264  -93.457  -15.757 0.6999999881
4072  18.307  -94.477  -15.616 0.6999999881
8909  17.983  -85.918  -7.565 0.5000000000
5892  21.839  -89.968  -15.224 0.5000000000
5360  21.187  -91.052  -15.897 0.6000000238
5361  20.502  -91.369  -15.563 0.6000000238
1664  16.204  -100.760  -14.028 0.6999999881
1665  15.225  -100.503  -14.275 0.6999999881
11687  14.196  -81.727  -6.897 0.4000000060
1676  15.908  -100.982  -14.594 0.6999999881
1666  14.316  -100.358  -14.288 0.6999999881
10969  12.978  -82.525  -5.940 0.4000000060
1677  15.298  -100.495  -14.719 0.6999999881
10261  12.327  -82.953  -6.980 0.6000000238
129091  15.067  -99.769  -15.703 0.8000000119
1684  15.374  -100.419  -15.164 0.6999999881
116773  17.093  -98.861  -16.199 0.6000000238
118731  16.273  -98.867  -16.075 0.6000000238
8888  13.104  -85.133  -6.405 0.6000000238
3298  17.802  -96.497  -16.362 0.6999999881
125822  17.750  -97.493  -16.284 0.6999999881
114181  15.931  -97.974  -16.140 0.6000000238
113939  19.277  -94.808  -16.100 0.6000000238
111985  20.903  -93.211  -16.159 0.6000000238
7631  13.326  -87.546  -7.093 0.5000000000
5374  21.656  -91.852  -16.235 0.6000000238
113879  21.052  -92.446  -16.164 0.6999999881
5358  22.926  -91.094  -16.395 0.5000000000
1683  16.054  -100.816  -15.649 0.6999999881
10231  13.030  -82.902  -5.349 0.4000000060
1691  16.328  -100.410  -16.112 0.8000000119
9546  12.735  -83.462  -5.757 0.5000000000
116282  17.791  -99.407  -16.440 0.8000000119
9559  13.192  -84.406  -5.745 0.4000000060
9538  13.311  -83.697  -5.152 0.4000000060
2070  16.734  -99.658  -16.260 0.6999999881
8887  13.915  -85.471  -5.796 0.4000000060
119864  12.561  -84.144  -6.350 0.5000000000
4071  19.889  -94.421  -16.079 0.6000000238
3297  18.633  -96.288  -16.246 0.6000000238
127158  18.447  -97.181  -16.180 0.6999999881
8860  14.507  -85.978  -4.349 0.4000000060
126084  21.193  -93.860  -15.770 0.6000000238
123843  20.465  -93.876  -16.064 0.6000000238
6962  14.025  -87.964  -5.478 0.4000000060
8237  13.148  -86.563  -6.993 0.6000000238
4894  21.604  -92.720  -16.168 0.6000000238
5373  22.617  -91.719  -16.473 0.5000000000
5372  23.530  -91.795  -16.755 0.5000000000
10230  13.657  -82.729  -4.959 0.4000000060
1315  16.791  -101.026  -16.137 0.8000000119
9537  14.153  -84.177  -4.532 0.4000000060
121612  17.209  -100.325  -16.375 0.6999999881
8869  14.388  -85.294  -4.951 0.4000000060
120350  18.915  -98.026  -16.092 0.6000000238
2470  17.768  -98.384  -16.264 0.6999999881
3687  19.562  -95.332  -15.888 0.6000000238
2856  18.882  -97.150  -15.907 0.6000000238
8847  14.492  -85.533  -3.574 0.4000000060
8190  14.386  -86.866  -4.476 0.4000000060
4476  21.841  -93.351  -15.883 0.6000000238
7568  14.128  -87.225  -3.977 0.4000000060
4893  22.446  -92.768  -16.212 0.4000000060
10220  14.849  -83.058  -4.162 0.4000000060
2069  18.918  -99.609  -16.623 0.6999999881
10209  14.660  -83.780  -3.925 0.4000000060
2462  19.403  -98.255  -15.789 0.6999999881
2469  18.616  -98.711  -16.379 0.6000000238
111134  14.557  -85.137  -4.211 0.4000000060
3686  20.234  -95.040  -15.530 0.6000000238
3290  19.460  -96.163  -15.428 0.6000000238
8160  13.900  -86.405  -2.955 0.4000000060
4464  21.985  -93.926  -15.311 0.6000000238
8161  13.288  -86.640  -2.662 0.3000000119
4475  22.698  -93.578  -15.588 0.4000000060
4474  23.394  -93.224  -16.063 0.4000000060
4462  23.504  -93.651  -15.345 0.4000000060
109670  14.602  -84.950  -2.925 0.4000000060
8830  14.142  -85.013  -2.179 0.4000000060
4059  20.781  -94.828  -15.012 0.6000000238
4069  21.307  -94.336  -15.200 0.6000000238
113580  21.348  -94.625  -13.840 0.6000000238
4446  23.422  -93.757  -14.633 0.4000000060
4447  22.624  -93.997  -14.100 0.5000000000
4445  24.259  -93.671  -15.271 0.4000000060
10926  9.306  -82.532  -2.087 0.3000000119
126253  24.853  -93.721  -15.215 0.4000000060
11628  15.309  -81.796  -1.187 0.4000000060
11620  10.866  -81.989  -1.034 0.3000000119
11659  7.390  -81.077  -4.222 0.4000000060
11641  16.497  -81.364  -2.240 0.4000000060
12300  13.932  -81.002  -0.521 0.4000000060
12315  11.266  -80.495  -1.340 0.3000000119
12302  12.351  -80.992  -0.606 0.3000000119
12326  9.152  -80.747  -2.559 0.3000000119
12317  9.833  -81.175  -1.988 0.3000000119
12334  8.410  -80.679  -3.205 0.3000000119
12313  15.507  -80.324  -1.160 0.4000000060
12984  14.157  -79.555  -0.912 0.4000000060
12301  13.153  -80.877  -0.474 0.4000000060
12316  10.549  -80.788  -1.642 0.3000000119
122818  9.534  -79.973  -2.675 0.3000000119
13059  7.028  -79.252  -8.577 0.4000000060
119955  6.773  -78.550  -9.370 0.3000000119
14579  6.960  -77.725  -9.564 0.3000000119
12998  8.887  -80.041  -3.107 0.3000000119
13008  7.793  -79.707  -4.180 0.3000000119
13705  13.775  -78.823  -1.300 0.4000000060
12985  13.236  -79.508  -0.978 0.4000000060
12986  12.383  -79.583  -1.219 0.3000000119
12996  11.202  -79.251  -2.157 0.3000000119
12997  10.284  -79.491  -2.532 0.3000000119
13045  6.320  -79.550  -7.136 0.3000000119
13006  9.480  -79.331  -3.200 0.3000000119
13838  7.614  -78.598  -9.517 0.3000000119
13007  8.605  -79.493  -3.681 0.3000000119
13813  9.082  -78.348  -9.329 0.4000000060
14578  7.887  -77.826  -10.080 0.3000000119
13836  9.124  -78.210  -10.031 0.3000000119
14596  8.168  -77.152  -10.570 0.3000000119
13706  12.850  -78.871  -1.483 0.4000000060
13707  12.017  -79.024  -1.791 0.4000000060
114321  10.873  -78.758  -2.724 0.3000000119
13797  7.326  -78.668  -7.576 0.4000000060
128561  10.210  -78.906  -3.060 0.3000000119
13782  7.422  -78.166  -6.741 0.3000000119
116512  7.717  -78.833  -8.309 0.4000000060
14534  7.765  -78.295  -7.635 0.4000000060
14610  9.899  -77.312  -11.175 0.3000000119
13723  12.482  -78.290  -2.094 0.4000000060
14467  12.112  -77.755  -2.661 0.4000000060
13734  11.328  -78.064  -2.981 0.4000000060
14480  10.165  -77.948  -3.900 0.4000000060
13747  9.441  -78.191  -4.177 0.3000000119
14508  8.887  -77.340  -5.513 0.3000000119
14509  8.082  -77.617  -6.147 0.3000000119
15290  8.616  -77.388  -7.414 0.3000000119
15307  9.817  -76.990  -8.145 0.5000000000
14555  8.961  -78.233  -8.650 0.4000000060
14554  9.570  -77.923  -8.775 0.4000000060
15353  10.359  -76.973  -11.642 0.3000000119
14477  12.572  -77.057  -3.007 0.4000000060
14491  11.373  -77.016  -3.982 0.4000000060
14492  10.480  -77.282  -4.345 0.3000000119
15275  10.242  -76.021  -6.415 0.3000000119
16059  10.642  -75.524  -6.870 0.3000000119
16889  11.433  -75.117  -8.394 0.3000000119
128810  9.771  -77.663  -4.433 0.3000000119
15267  9.582  -76.811  -5.646 0.3000000119
15288  9.856  -76.155  -7.169 0.3000000119
16073  10.353  -75.964  -7.841 0.3000000119
15305  11.052  -76.482  -9.188 0.3000000119
15268  8.771  -77.060  -6.505 0.3000000119
15322  10.710  -77.191  -9.384 0.3000000119
14576  10.496  -77.778  -10.070 0.3000000119
16128  10.563  -76.388  -12.032 0.3000000119
15221  15.070  -76.730  -2.559 0.3000000119
15222  14.201  -76.809  -2.599 0.3000000119
15238  12.920  -76.363  -3.493 0.3000000119
16038  12.829  -75.605  -4.597 0.3000000119
16057  11.967  -75.140  -6.274 0.3000000119
16888  12.110  -74.638  -8.343 0.3000000119
15239  12.121  -76.667  -3.672 0.3000000119
16047  11.640  -75.580  -5.657 0.3000000119
118464  11.299  -75.395  -6.324 0.3000000119
16058  11.411  -75.044  -6.938 0.3000000119
16084  11.922  -75.163  -9.240 0.3000000119
16098  11.576  -76.263  -9.844 0.3000000119
15321  11.142  -77.209  -9.953 0.3000000119
15337  11.436  -77.267  -11.498 0.3000000119
14608  10.937  -77.372  -11.402 0.3000000119
15352  11.169  -77.209  -12.024 0.3000000119
15219  16.832  -76.648  -2.727 0.3000000119
16022  14.091  -75.786  -3.685 0.3000000119
15252  13.037  -75.873  -4.016 0.3000000119
16046  12.540  -75.274  -5.493 0.3000000119
130485  12.843  -74.475  -6.995 0.3000000119
16898  12.634  -74.899  -9.834 0.3000000119
16112  12.559  -76.312  -11.148 0.3000000119
15336  12.198  -77.101  -11.846 0.3000000119
16142  11.426  -76.629  -12.772 0.3000000119
127980  12.779  -74.347  -8.212 0.3000000119
110390  12.651  -74.512  -8.948 0.3000000119
16127  12.922  -76.865  -12.214 0.3000000119
15365  12.722  -77.067  -13.383 0.3000000119
15366  11.886  -77.107  -12.793 0.3000000119
16141  12.315  -76.848  -13.562 0.3000000119
16887  13.371  -74.163  -8.587 0.3000000119
16897  13.288  -74.340  -9.506 0.3000000119
16912  13.369  -74.847  -10.502 0.3000000119
16875  14.231  -73.930  -7.231 0.3000000119
16896  14.041  -73.984  -9.150 0.3000000119
108648  13.884  -74.180  -10.016 0.3000000119
16927  13.785  -75.340  -11.491 0.3000000119
16126  13.699  -76.275  -12.472 0.3000000119
126648  13.416  -76.916  -14.015 0.3000000119
16942  12.847  -75.849  -13.928 0.3000000119
1197  27.460  -101.767  -3.149 0.5000000000
1213  26.463  -101.887  -4.258 0.5000000000
1225  26.036  -101.958  -5.234 0.4000000060
5335  14.320  -91.640  -14.049 0.6999999881
125971  15.638  -90.121  -13.459 0.6999999881
1261  22.381  -101.606  -8.454 0.4000000060
127772  26.611  -102.261  -4.929 0.5000000000
129236  11.030  -99.352  -15.123 0.5000000000
4420  17.324  -93.771  -12.414 0.6000000238
2072  14.378  -99.454  -15.661 0.8000000119
1686  13.376  -99.879  -14.927 0.6999999881
123772  15.698  -97.180  -16.308 0.6000000238
5908  22.324  -90.490  -15.849 0.5000000000
4080  18.675  -94.770  -16.031 0.6999999881
7610  14.212  -87.161  -5.829 0.4000000060
5357  23.854  -91.349  -16.656 0.5000000000
4070  20.623  -94.389  -15.688 0.6000000238
4891  24.075  -92.777  -16.746 0.4000000060
2852  19.171  -97.085  -15.498 0.6000000238
3681  20.390  -95.398  -14.631 0.6000000238
8831  13.366  -85.361  -1.686 0.3000000119
4463  22.733  -93.930  -14.895 0.4000000060
4057  21.888  -94.255  -14.528 0.4000000060
121221  15.256  -80.977  -0.937 0.4000000060
14476  13.364  -76.884  -2.773 0.3000000119
15236  15.462  -76.165  -3.164 0.3000000119
2062  20.605  -99.588  -15.893 0.5000000000
2067  20.384  -99.967  -16.414 0.5000000000
1689  19.575  -100.208  -16.619 0.6999999881
127310  19.180  -101.089  -16.358 0.6999999881
121878  16.576  -101.333  -15.585 0.6000000238
2468  20.079  -99.198  -16.192 0.5000000000
2068  19.773  -99.553  -16.534 0.6000000238
122025  17.663  -100.897  -16.312 0.6000000238
1662  18.157  -101.168  -13.489 0.6000000238
1651  17.733  -100.175  -13.160 0.6000000238
130605  19.713  -101.516  -16.220 0.6999999881
1000  18.461  -102.386  -15.171 0.6000000238
1301  17.838  -101.751  -14.298 0.6000000238
1310  18.910  -102.013  -15.886 0.6999999881
1306  17.718  -102.129  -14.985 0.6000000238
1663  17.201  -101.018  -13.907 0.6000000238
2455  20.103  -98.532  -14.659 0.5000000000
1004  20.351  -102.710  -15.382 0.6999999881
994  19.022  -102.624  -14.452 0.6999999881
118339  19.134  -102.353  -13.590 0.6000000238
1295  18.931  -101.628  -12.990 0.6000000238
1308  20.870  -102.075  -15.836 0.6000000238
1005  19.387  -102.590  -15.303 0.6999999881
1300  18.574  -101.984  -13.906 0.6000000238
112090  21.319  -100.918  -15.371 0.6000000238
2838  19.919  -97.393  -13.310 0.5000000000
2851  19.654  -97.878  -15.190 0.5000000000
1307  21.577  -101.906  -15.362 0.6999999881
999  19.892  -103.096  -14.653 0.6000000238
1649  19.085  -101.179  -12.104 0.6000000238
2828  20.240  -97.233  -12.554 0.5000000000
2845  19.753  -97.591  -14.289 0.5000000000
126995  21.381  -95.326  -11.560 0.5000000000
3267  20.088  -96.423  -13.148 0.5000000000
4040  22.202  -93.928  -12.110 0.4000000060
5348  11.940  -91.862  -14.314 0.4000000060
4876  12.072  -92.576  -14.570 0.4000000060
4877  11.567  -92.425  -14.227 0.4000000060
4453  11.334  -93.212  -14.349 0.5000000000
3684  9.957  -95.289  -14.617 0.5000000000
4068  9.727  -94.897  -14.002 0.5000000000
3674  20.861  -95.050  -13.230 0.5000000000
3685  9.285  -95.713  -14.438 0.5000000000
3236  8.534  -97.462  -11.266 0.6000000238
3661  21.088  -95.153  -12.325 0.4000000060
3288  8.887  -96.619  -14.875 0.5000000000
3289  7.904  -97.074  -14.421 0.5000000000
3269  8.343  -97.210  -12.296 0.5000000000
4438  11.261  -92.796  -13.804 0.5000000000
4454  10.717  -93.686  -14.097 0.5000000000
4439  11.305  -93.706  -13.101 0.5000000000
4054  10.490  -94.354  -13.634 0.5000000000
4041  11.061  -94.403  -12.175 0.5000000000
3676  9.399  -95.586  -13.638 0.5000000000
3268  8.983  -96.151  -13.111 0.5000000000
130133  8.773  -96.569  -12.519 0.5000000000
3281  8.078  -96.929  -13.421 0.5000000000
4406  22.478  -93.638  -11.421 0.4000000060
113949  21.886  -94.206  -12.717 0.4000000060
4417  22.956  -93.245  -12.288 0.4000000060
7083  15.837  -88.114  -14.764 0.5000000000
4424  11.516  -93.592  -11.952 0.5000000000
4058  20.804  -94.999  -14.163 0.5000000000
4049  21.913  -94.247  -13.554 0.4000000060
7696  15.833  -86.943  -13.637 0.5000000000
8320  15.324  -86.384  -14.010 0.5000000000
8321  14.392  -86.221  -13.980 0.5000000000
7713  15.761  -87.512  -14.622 0.5000000000
4431  23.223  -93.586  -13.623 0.4000000060
8307  15.229  -86.105  -13.265 0.5000000000
8998  14.749  -85.399  -13.543 0.5000000000
8985  15.154  -85.044  -13.078 0.5000000000
120860  14.573  -84.206  -13.766 0.5000000000
124013  13.722  -85.181  -13.731 0.5000000000
8999  12.475  -85.544  -13.716 0.4000000060
9645  15.222  -83.951  -13.269 0.5000000000
123833  13.851  -84.007  -13.925 0.6000000238
119518  11.658  -84.917  -13.689 0.6000000238
122723  14.993  -85.793  -11.799 0.5000000000
10369  15.153  -83.057  -13.603 0.5000000000
9657  14.468  -83.110  -14.407 0.5000000000
10372  12.882  -82.484  -14.103 0.6000000238
9659  12.341  -83.702  -13.782 0.6000000238
120080  10.571  -84.827  -13.777 0.6000000238
9001  9.835  -85.556  -13.999 0.5000000000
128655  8.893  -85.240  -14.240 0.5000000000
9019  7.324  -85.637  -14.210 0.5000000000
8969  15.372  -85.121  -11.731 0.5000000000
10328  15.536  -84.323  -11.550 0.5000000000
10347  14.856  -82.326  -13.510 0.5000000000
10370  14.825  -82.478  -14.234 0.5000000000
11060  13.365  -81.481  -13.226 0.6000000238
10373  11.728  -83.023  -13.450 0.6000000238
121408  10.314  -84.045  -13.536 0.6000000238
9660  9.716  -84.542  -13.885 0.6000000238
120190  8.218  -84.139  -13.820 0.5000000000
8970  6.714  -84.364  -11.059 0.5000000000
9663  6.159  -84.370  -13.391 0.5000000000
8955  15.676  -85.040  -10.862 0.5000000000
121907  15.301  -83.466  -11.767 0.5000000000
10329  14.732  -82.610  -12.063 0.6000000238
11038  13.141  -81.707  -12.085 0.6000000238
11039  11.885  -81.907  -11.793 0.6000000238
10348  11.181  -82.642  -12.747 0.6000000238
11040  11.246  -82.172  -11.665 0.6000000238
10349  10.063  -83.008  -12.433 0.6000000238
11064  9.602  -82.814  -11.917 0.6000000238
10375  9.553  -83.534  -13.186 0.6000000238
10377  7.387  -83.030  -13.280 0.5000000000
9679  6.847  -84.685  -13.819 0.5000000000
121948  6.527  -82.742  -13.046 0.5000000000
10353  6.130  -82.777  -12.557 0.5000000000
9664  5.280  -84.053  -13.104 0.5000000000
126565  5.279  -83.179  -12.052 0.5000000000
123712  13.848  -82.154  -11.643 0.6000000238
11024  12.218  -81.939  -11.361 0.6000000238
115998  11.010  -82.585  -10.266 0.6000000238
10318  10.082  -82.977  -10.105 0.6000000238
11026  10.766  -82.487  -10.809 0.6000000238
11042  9.377  -82.966  -11.368 0.6000000238
10319  9.566  -83.103  -10.514 0.6000000238
11065  8.515  -82.682  -12.121 0.5000000000
11043  8.366  -82.815  -11.739 0.5000000000
10351  7.859  -82.518  -12.687 0.5000000000
10331  7.855  -82.931  -11.456 0.5000000000
10320  8.273  -83.763  -10.698 0.6000000238
10333  6.157  -82.695  -11.947 0.5000000000
10321  7.310  -83.476  -11.206 0.5000000000
8958  7.455  -85.419  -10.582 0.5000000000
7673  8.137  -87.173  -10.387 0.5000000000
10299  11.240  -82.911  -9.149 0.6000000238
10281  10.822  -83.229  -9.132 0.6000000238
10301  9.667  -83.246  -10.024 0.6000000238
9626  9.131  -83.481  -10.285 0.6000000238
8956  8.937  -85.695  -10.046 0.6000000238
129208  8.862  -86.318  -10.197 0.5000000000
10280  11.513  -83.174  -8.454 0.6000000238
9627  8.869  -84.092  -10.074 0.6000000238
8265  10.116  -86.516  -9.744 0.6000000238
7656  9.663  -87.373  -10.020 0.5000000000
8910  12.406  -84.964  -7.069 0.6000000238
9578  11.657  -83.779  -7.930 0.6000000238
8911  11.916  -85.341  -7.767 0.6000000238
8933  10.772  -84.891  -8.828 0.6000000238
8943  10.373  -85.695  -9.303 0.6000000238
7655  10.536  -87.350  -9.547 0.5000000000
8238  12.490  -86.074  -7.458 0.6000000238
8239  11.964  -86.127  -8.001 0.6000000238
8252  12.306  -86.840  -7.980 0.6000000238
8264  10.766  -86.525  -9.236 0.6000000238
7632  12.699  -87.665  -7.822 0.6000000238
7004  12.379  -88.505  -8.103 0.5000000000
6987  13.484  -88.318  -6.772 0.4000000060
117252  17.138  -101.638  -14.683 0.6000000238
1314  17.329  -101.462  -15.907 0.6999999881
2846  19.483  -96.912  -14.893 0.5000000000
127075  19.970  -95.974  -14.206 0.5000000000
3251  20.651  -96.622  -11.974 0.5000000000
3662  20.561  -95.722  -12.623 0.5000000000
118607  10.446  -95.096  -12.039 0.6000000238
11081  13.265  -81.582  -14.002 0.6000000238
11756  12.005  -81.765  -12.486 0.6000000238
10350  8.906  -82.851  -12.536 0.6000000238
11044  7.504  -82.409  -12.162 0.5000000000
9594  11.030  -83.841  -8.565 0.6000000238
120481  9.982  -84.736  -9.433 0.6000000238
7645  12.060  -87.606  -8.449 0.6000000238
7005  11.569  -88.481  -8.791 0.6000000238
1185  28.762  -100.913  -2.557 0.4000000060
1531  31.514  -101.270  -2.182 0.5000000000
1183  30.915  -101.723  -2.688 0.5000000000
1532  30.541  -100.928  -2.206 0.4000000060
1184  29.916  -101.330  -2.679 0.4000000060
117378  29.337  -101.751  -2.998 0.4000000060
1196  28.442  -101.752  -3.069 0.4000000060
910  31.284  -102.378  -3.962 0.5000000000
1182  31.751  -101.699  -2.763 0.5000000000
912  29.314  -102.461  -3.581 0.5000000000
925  28.741  -103.044  -4.350 0.5000000000
913  28.189  -102.350  -3.695 0.4000000060
922  31.159  -102.499  -4.822 0.5000000000
129661  29.876  -103.326  -4.553 0.5000000000
636  29.381  -103.493  -4.728 0.5000000000
936  27.990  -103.209  -4.866 0.5000000000
926  27.897  -102.678  -4.303 0.4000000060
937  27.505  -103.046  -5.341 0.4000000060
634  30.715  -103.001  -5.244 0.5000000000
635  30.022  -103.512  -4.979 0.5000000000
669  29.316  -104.096  -6.250 0.5000000000
121964  28.605  -103.702  -5.082 0.5000000000
654  27.932  -103.730  -5.520 0.5000000000
115574  26.782  -102.610  -5.507 0.4000000060
1285  20.037  -102.040  -11.209 0.5000000000
106797  20.322  -101.690  -10.612 0.4000000060
106800  20.861  -102.254  -10.162 0.4000000060
108095  21.547  -102.513  -9.602 0.4000000060
974  22.192  -102.826  -9.215 0.4000000060
966  22.586  -102.426  -8.632 0.4000000060
670  28.426  -104.142  -5.898 0.5000000000
964  24.175  -103.033  -8.139 0.4000000060
957  24.620  -102.531  -7.494 0.4000000060
950  25.014  -102.181  -6.800 0.4000000060
368  27.962  -104.286  -6.701 0.4000000060
671  27.746  -104.030  -6.285 0.5000000000
949  25.844  -102.495  -6.618 0.4000000060
947  27.350  -103.275  -5.984 0.4000000060
125103  20.473  -102.343  -10.790 0.4000000060
712  22.593  -103.427  -9.662 0.4000000060
973  22.931  -103.121  -8.983 0.4000000060
381  28.972  -104.091  -7.995 0.4000000060
686  25.141  -103.176  -8.067 0.4000000060
956  25.520  -102.737  -7.359 0.4000000060
377  27.618  -104.246  -7.541 0.4000000060
369  27.470  -104.128  -7.101 0.4000000060
685  26.049  -103.372  -7.916 0.4000000060
955  26.395  -103.024  -7.155 0.4000000060
1286  19.573  -101.633  -11.667 0.5000000000
106794  20.427  -102.709  -11.346 0.4000000060
106778  20.942  -103.303  -11.428 0.4000000060
402  22.110  -103.880  -11.178 0.4000000060
718  23.173  -103.959  -10.333 0.4000000060
124640  24.257  -103.819  -9.490 0.4000000060
385  25.644  -104.089  -9.338 0.4000000060
700  24.830  -103.643  -8.928 0.4000000060
383  27.166  -104.250  -8.516 0.4000000060
115219  26.108  -104.093  -8.975 0.4000000060
699  25.751  -103.761  -8.663 0.4000000060
1299  19.502  -102.406  -12.900 0.5000000000
112574  20.090  -103.045  -12.834 0.5000000000
993  19.663  -103.003  -13.738 0.6000000238
106779  20.516  -103.120  -12.054 0.5000000000
401  22.860  -104.126  -11.091 0.4000000060
399  24.432  -104.059  -10.588 0.4000000060
116742  24.940  -104.104  -10.138 0.4000000060
397  26.115  -104.156  -10.134 0.4000000060
107890  21.743  -103.837  -12.539 0.4000000060
107922  21.094  -103.560  -14.247 0.5000000000
107760  22.556  -103.878  -12.539 0.4000000060
407  23.726  -104.001  -11.435 0.4000000060
122576  22.356  -103.839  -12.943 0.5000000000
411  23.157  -103.772  -12.350 0.4000000060
111091  23.621  -103.777  -11.775 0.4000000060
410  24.059  -103.680  -11.439 0.4000000060
107695  21.743  -103.450  -14.426 0.6000000238
998  20.705  -103.228  -14.841 0.6000000238
729  23.387  -103.325  -12.764 0.5000000000
728  23.789  -103.389  -12.220 0.4000000060
120262  20.066  -100.784  -16.461 0.5000000000
11023  12.932  -82.157  -10.582 0.5000000000
128504  11.727  -82.889  -8.654 0.5000000000
9577  12.104  -83.761  -7.102 0.5000000000
114017  12.692  -82.580  -8.397 0.5000000000
10262  11.980  -83.216  -7.681 0.5000000000
110746  11.667  -82.674  -9.215 0.5000000000
911  30.376  -102.604  -3.748 0.5000000000
1195  30.225  -102.094  -3.179 0.5000000000
713  21.394  -103.042  -10.201 0.4000000060
719  22.172  -103.635  -10.411 0.4000000060
698  26.469  -103.959  -8.412 0.4000000060
106796  21.628  -103.741  -11.660 0.4000000060
409  22.532  -104.027  -11.837 0.4000000060
395  24.196  -104.131  -10.200 0.4000000060
394  25.521  -104.120  -9.726 0.4000000060
106783  20.846  -103.504  -12.766 0.5000000000
121439  24.737  -103.949  -10.351 0.4000000060
107968  21.768  -103.665  -13.765 0.5000000000
415  22.550  -103.199  -14.010 0.6000000238
727  24.175  -103.539  -11.589 0.5000000000
996  22.409  -102.738  -14.325 0.5000000000
3636  25.099  -95.407  -10.247 0.3000000119
3225  24.890  -96.108  -10.725 0.3000000119
3637  24.156  -95.590  -10.344 0.3000000119
3621  24.464  -94.798  -9.807 0.3000000119
120838  25.689  -94.036  -9.241 0.3000000119
4375  27.396  -93.413  -9.290 0.3000000119
4376  26.544  -93.774  -9.246 0.3000000119
3248  24.673  -96.744  -11.228 0.3000000119
121617  24.377  -97.444  -11.582 0.4000000060
2809  22.732  -97.391  -11.224 0.4000000060
3224  25.685  -95.914  -10.777 0.3000000119
2810  22.022  -97.675  -11.338 0.4000000060
3249  23.089  -96.827  -10.986 0.4000000060
2440  20.305  -98.102  -12.566 0.4000000060
2450  20.070  -98.333  -13.550 0.4000000060
4007  26.005  -95.292  -10.312 0.3000000119
3638  23.192  -95.512  -10.356 0.3000000119
118188  21.523  -96.837  -11.326 0.4000000060
4378  24.269  -93.362  -9.293 0.3000000119
3623  22.891  -94.837  -10.188 0.3000000119
2420  23.258  -98.663  -11.563 0.4000000060
130376  22.425  -100.434  -11.869 0.4000000060
1294  21.770  -101.306  -13.556 0.4000000060
1674  21.212  -100.646  -14.320 0.4000000060
2807  25.146  -97.225  -11.789 0.4000000060
129168  23.417  -98.091  -11.557 0.4000000060
2010  22.687  -99.360  -11.606 0.4000000060
1660  21.353  -100.451  -13.053 0.4000000060
1661  20.824  -100.017  -13.699 0.4000000060
3247  25.431  -96.558  -11.290 0.3000000119
2421  22.347  -98.545  -11.540 0.4000000060
2040  20.794  -99.600  -12.961 0.4000000060
1682  20.910  -100.336  -15.958 0.4000000060
3223  26.392  -95.751  -10.855 0.3000000119
2422  20.783  -98.121  -11.979 0.4000000060
2055  20.580  -99.324  -15.081 0.4000000060
4006  27.442  -94.716  -10.288 0.3000000119
2812  20.566  -97.543  -12.094 0.4000000060
3640  21.788  -95.443  -10.949 0.4000000060
1635  24.006  -100.474  -11.428 0.4000000060
1293  22.413  -101.694  -12.883 0.4000000060
2008  24.114  -99.673  -11.615 0.4000000060
2009  23.504  -99.584  -11.570 0.4000000060
1284  22.579  -101.032  -12.006 0.4000000060
1298  22.348  -102.122  -13.956 0.4000000060
3266  26.638  -96.716  -12.382 0.3000000119
2827  24.997  -98.035  -12.151 0.4000000060
112616  28.204  -95.373  -11.780 0.3000000119
3646  27.531  -95.594  -11.455 0.3000000119
2054  20.978  -100.076  -15.330 0.4000000060
3634  28.036  -95.020  -10.978 0.3000000119
990  22.936  -102.469  -13.198 0.4000000060
1292  23.184  -101.923  -12.214 0.4000000060
4025  22.063  -94.228  -11.214 0.3000000119
4394  22.634  -93.809  -10.523 0.3000000119
4008  22.307  -94.686  -10.609 0.3000000119
1688  20.648  -100.685  -16.241 0.4000000060
1304  21.747  -101.546  -14.615 0.4000000060
1002  21.899  -102.651  -14.859 0.4000000060
983  23.989  -102.124  -11.536 0.4000000060
122102  23.909  -96.829  -11.134 0.3000000119
3994  24.770  -94.106  -9.299 0.3000000119
4377  25.135  -93.404  -9.018 0.3000000119
2808  24.017  -98.188  -11.705 0.4000000060
3250  22.298  -96.847  -11.058 0.4000000060
118328  21.459  -98.349  -11.716 0.4000000060
2811  21.112  -97.542  -11.663 0.4000000060
2025  20.395  -98.894  -12.955 0.4000000060
3639  22.451  -95.454  -10.570 0.4000000060
2419  23.998  -98.980  -11.726 0.4000000060
127580  21.982  -101.003  -12.697 0.4000000060
1648  21.957  -100.464  -12.224 0.4000000060
2806  25.869  -96.955  -12.017 0.3000000119
2024  21.459  -99.774  -12.293 0.4000000060
3246  26.298  -96.278  -11.470 0.3000000119
2438  24.633  -98.644  -12.062 0.4000000060
119221  25.569  -97.561  -12.349 0.3000000119
3245  27.111  -96.104  -11.932 0.3000000119
2227  33.882  -98.154  2.978 0.3000000119
130152  33.231  -98.382  3.137 0.3000000119
2255  34.073  -98.613  1.610 0.3000000119
115700  34.199  -97.805  3.705 0.3000000119
1839  33.844  -99.014  1.024 0.3000000119
2241  33.364  -98.536  2.417 0.3000000119
2275  34.443  -98.527  0.260 0.3000000119
2254  34.476  -97.937  2.043 0.3000000119
2226  34.325  -97.797  2.891 0.3000000119
1851  34.275  -99.125  -0.360 0.3000000119
1852  34.019  -99.168  0.327 0.3000000119
2256  33.124  -98.944  1.573 0.3000000119
1510  31.103  -100.517  -1.660 0.3000000119
2678  34.062  -97.396  0.167 0.3000000119
2667  34.170  -97.242  1.052 0.3000000119
2292  34.501  -98.568  -0.728 0.3000000119
2677  34.527  -97.841  0.654 0.3000000119
2655  34.577  -97.394  2.859 0.3000000119
112779  32.921  -99.858  -0.580 0.3000000119
1530  32.351  -101.269  -2.257 0.3000000119
1509  32.069  -100.826  -1.627 0.3000000119
2307  34.435  -98.720  -1.473 0.3000000119
1862  33.962  -99.609  -0.775 0.3000000119
1879  34.010  -99.892  -1.664 0.3000000119
125882  33.848  -100.346  -2.507 0.3000000119
1529  33.193  -101.028  -2.506 0.3000000119
1880  32.572  -100.318  -1.100 0.3000000119
1181  32.479  -101.480  -2.940 0.3000000119
651  30.917  -102.505  -6.039 0.4000000060
909  31.759  -102.057  -4.518 0.4000000060
119157  32.461  -97.090  7.754 0.3000000119
2561  30.773  -97.654  8.834 0.3000000119
2639  34.519  -97.466  3.677 0.3000000119
2210  33.936  -97.906  4.506 0.3000000119
3067  33.438  -96.123  3.471 0.3000000119
3050  34.034  -96.242  4.237 0.3000000119
3033  33.467  -96.333  5.680 0.3000000119
3004  33.310  -96.929  7.457 0.3000000119
2578  31.858  -97.421  8.401 0.3000000119
122069  32.579  -96.511  1.000 0.3000000119
3066  34.273  -96.506  3.493 0.3000000119
3032  34.114  -96.529  5.861 0.3000000119
2576  33.753  -97.220  7.654 0.3000000119
2577  32.881  -97.315  8.161 0.3000000119
3082  34.567  -96.903  2.779 0.3000000119
3065  34.674  -96.976  3.569 0.3000000119
3031  34.389  -96.850  5.940 0.3000000119
2163  34.243  -97.400  7.145 0.3000000119
2612  34.475  -97.129  5.307 0.3000000119
2192  34.320  -97.427  5.752 0.3000000119
1853  33.363  -99.235  0.647 0.3000000119
1854  32.743  -99.374  0.082 0.3000000119
3090  33.509  -96.701  1.517 0.3000000119
1497  33.345  -100.148  -1.124 0.3000000119
121773  31.327  -96.903  6.755 0.3000000119
1783  33.310  -98.420  6.577 0.3000000119
3083  33.706  -96.428  2.584 0.3000000119
111769  32.692  -96.201  4.955 0.3000000119
3049  34.283  -96.631  5.006 0.3000000119
3016  34.423  -96.776  6.672 0.3000000119
1769  33.019  -98.426  7.412 0.3000000119
1193  32.479  -101.491  -3.690 0.3000000119
1644  29.676  -100.632  -12.348 0.3000000119
1632  29.993  -100.851  -11.546 0.3000000119
1278  30.903  -101.792  -11.094 0.3000000119
972  31.205  -102.344  -9.807 0.4000000060
708  30.702  -103.021  -9.137 0.4000000060
683  29.815  -103.627  -7.767 0.3000000119
375  29.214  -104.143  -7.121 0.3000000119
1287  29.318  -101.517  -12.278 0.3000000119
978  29.639  -102.572  -11.646 0.4000000060
716  29.713  -103.273  -10.501 0.4000000060
396  27.932  -104.056  -10.492 0.4000000060
120024  27.850  -104.370  -8.930 0.3000000119
404  26.579  -103.810  -10.516 0.4000000060
122171  26.946  -104.176  -10.386 0.4000000060
206  26.593  -104.339  -9.813 0.3000000119
405  25.444  -103.841  -10.311 0.3000000119
2417  29.734  -98.454  -11.787 0.3000000119
2006  30.012  -99.477  -11.987 0.3000000119
1273  30.690  -101.030  -10.764 0.4000000060
1272  31.389  -101.636  -10.371 0.4000000060
707  31.261  -102.309  -9.042 0.3000000119
696  30.411  -103.180  -8.323 0.3000000119
667  30.767  -102.928  -6.884 0.3000000119
109557  30.313  -99.106  -12.862 0.3000000119
2021  29.974  -99.868  -12.758 0.3000000119
1656  29.144  -100.396  -13.494 0.3000000119
128739  28.957  -101.185  -13.031 0.3000000119
985  29.077  -102.288  -12.187 0.3000000119
979  28.671  -102.919  -11.875 0.4000000060
1657  28.229  -100.921  -13.809 0.3000000119
1296  27.736  -101.560  -13.412 0.3000000119
1288  28.399  -101.869  -12.864 0.3000000119
726  27.929  -102.926  -11.847 0.4000000060
722  28.135  -103.409  -11.233 0.4000000060
1297  27.174  -101.471  -13.364 0.3000000119
987  27.135  -102.326  -11.722 0.4000000060
724  26.291  -103.510  -10.558 0.4000000060
1281  25.312  -101.705  -11.079 0.3000000119
1280  26.276  -102.098  -11.100 0.4000000060
113944  25.877  -102.968  -10.652 0.4000000060
725  24.858  -103.553  -10.760 0.4000000060
1634  24.937  -100.898  -11.416 0.3000000119
982  24.792  -102.290  -11.093 0.4000000060
3183  28.373  -96.874  -8.547 0.3000000119
2768  27.853  -97.456  -8.956 0.3000000119
2390  26.826  -98.278  -8.022 0.3000000119
115103  27.327  -99.364  -8.728 0.3000000119
2805  29.211  -97.852  -11.226 0.3000000119
2790  28.719  -97.778  -10.543 0.3000000119
129978  28.077  -98.976  -10.096 0.3000000119
1605  27.885  -100.142  -8.377 0.3000000119
2803  30.654  -97.382  -12.545 0.3000000119
2804  29.874  -97.627  -11.831 0.3000000119
2418  28.849  -98.395  -10.932 0.3000000119
109196  28.974  -100.157  -10.062 0.3000000119
1258  30.461  -101.129  -9.081 0.3000000119
121205  30.705  -101.397  -8.437 0.3000000119
946  31.028  -102.189  -6.994 0.3000000119
1233  31.020  -101.930  -6.251 0.3000000119
1223  31.308  -101.520  -5.480 0.3000000119
2436  30.420  -98.257  -12.939 0.3000000119
114557  26.857  -100.720  -14.101 0.3000000119
1290  26.801  -101.752  -12.195 0.3000000119
1659  26.067  -100.137  -13.734 0.3000000119
1645  26.385  -101.027  -12.976 0.3000000119
2022  25.314  -99.635  -12.806 0.3000000119
1647  24.677  -100.068  -11.860 0.3000000119
1282  24.440  -101.445  -11.298 0.3000000119
3607  29.942  -96.120  -7.946 0.3000000119
3204  29.079  -96.714  -9.000 0.3000000119
2781  28.995  -97.083  -9.903 0.3000000119
2399  27.606  -98.187  -9.336 0.3000000119
2789  29.451  -97.194  -10.875 0.3000000119
2407  28.179  -98.451  -10.129 0.3000000119
1222  31.892  -101.526  -4.820 0.3000000119
3606  31.081  -96.038  -7.924 0.3000000119
3181  30.522  -96.403  -8.626 0.3000000119
3202  30.868  -96.562  -9.486 0.3000000119
118862  29.606  -96.844  -10.178 0.3000000119
3244  30.312  -96.944  -11.527 0.3000000119
3605  32.011  -96.117  -8.235 0.3000000119
126377  32.665  -96.225  -8.547 0.3000000119
3201  31.789  -96.602  -9.601 0.3000000119
3222  31.248  -96.614  -10.410 0.3000000119
130139  31.049  -102.436  -5.384 0.3000000119
652  30.225  -103.484  -5.926 0.3000000119
668  30.036  -103.636  -6.919 0.3000000119
390  28.760  -104.155  -9.014 0.3000000119
391  28.025  -104.303  -9.647 0.4000000060
125969  25.101  -102.882  -10.947 0.4000000060
2437  25.265  -98.804  -12.823 0.3000000119
128755  30.081  -100.021  -12.046 0.3000000119
1279  30.069  -101.773  -11.555 0.3000000119
1621  29.740  -100.406  -10.706 0.3000000119
720  30.056  -102.894  -11.162 0.4000000060
709  29.666  -103.430  -9.529 0.4000000060
710  28.818  -103.842  -9.996 0.4000000060
980  27.591  -102.666  -11.773 0.4000000060
1622  29.039  -99.694  -10.728 0.3000000119
1268  29.968  -100.734  -9.801 0.3000000119
1257  31.060  -101.370  -9.051 0.4000000060
963  31.372  -102.005  -8.448 0.3000000119
2447  30.340  -98.764  -14.127 0.3000000119
2036  29.590  -99.475  -14.225 0.3000000119
2037  28.674  -100.200  -14.793 0.3000000119
1289  27.644  -102.198  -12.569 0.4000000060
1646  25.499  -100.498  -12.363 0.3000000119
1987  27.637  -98.994  -9.566 0.3000000119
123892  28.401  -99.971  -9.666 0.3000000119
1604  28.675  -100.681  -8.401 0.3000000119
2039  25.766  -99.249  -13.807 0.3000000119
126620  7.334  -97.752  -13.947 0.4000000060
199  26.467  -104.183  -9.228 0.3000000119
212  22.672  -103.753  -12.838 0.5000000000
367  28.627  -104.281  -6.604 0.3000000119
376  28.375  -104.327  -7.312 0.4000000060
378  27.048  -104.102  -7.985 0.4000000060
382  28.110  -104.374  -8.191 0.4000000060
384  26.476  -104.048  -8.761 0.4000000060
386  24.990  -104.114  -9.741 0.4000000060
392  27.168  -104.366  -9.333 0.4000000060
393  25.957  -104.160  -9.709 0.4000000060
398  25.435  -104.109  -10.027 0.4000000060
400  23.755  -104.218  -10.956 0.4000000060
403  27.348  -103.720  -10.792 0.4000000060
406  24.458  -103.828  -10.840 0.4000000060
408  23.204  -103.991  -11.952 0.4000000060
412  23.590  -103.596  -12.146 0.4000000060
413  23.088  -103.611  -12.786 0.4000000060
414  22.524  -103.499  -13.576 0.6000000238
653  29.320  -103.896  -5.392 0.5000000000
672  27.140  -103.543  -6.764 0.4000000060
681  31.038  -102.416  -7.700 0.3000000119
682  30.603  -103.113  -7.666 0.3000000119
684  26.842  -103.758  -7.599 0.4000000060
695  31.018  -102.677  -8.395 0.3000000119
697  29.691  -103.563  -8.626 0.3000000119
701  23.786  -103.358  -8.868 0.4000000060
711  23.462  -103.680  -9.570 0.4000000060
715  30.771  -102.490  -10.680 0.4000000060
717  28.748  -103.542  -10.695 0.4000000060
721  29.216  -103.201  -11.259 0.4000000060
723  27.327  -103.216  -11.064 0.4000000060
730  22.940  -103.289  -13.388 0.5000000000
731  20.422  -103.353  -14.339 0.5000000000
923  30.445  -102.980  -4.449 0.5000000000
924  29.698  -103.089  -4.187 0.5000000000
927  27.233  -102.546  -4.728 0.5000000000
938  26.122  -102.382  -5.942 0.4000000060
948  26.631  -102.834  -6.349 0.4000000060
965  23.318  -102.754  -8.320 0.4000000060
977  30.411  -102.279  -11.306 0.4000000060
981  26.902  -102.798  -11.046 0.4000000060
984  19.907  -102.420  -12.021 0.5000000000
986  28.215  -102.564  -12.374 0.4000000060
988  24.141  -102.788  -11.608 0.4000000060
989  23.616  -102.871  -12.542 0.4000000060
991  23.133  -102.956  -13.362 0.4000000060
992  22.757  -102.684  -13.829 0.5000000000
995  22.789  -102.936  -13.859 0.6000000238
997  21.318  -103.287  -14.782 0.6000000238
1001  17.911  -101.944  -15.583 0.6000000238
1003  21.258  -102.734  -15.219 0.6000000238
1180  33.011  -101.139  -3.214 0.3000000119
1194  31.888  -101.932  -3.384 0.5000000000
1210  32.194  -101.688  -4.273 0.3000000119
1211  31.377  -101.998  -5.361 0.3000000119
1247  31.150  -101.876  -7.745 0.3000000119
1250  29.238  -101.028  -8.005 0.3000000119
1252  22.769  -101.050  -7.923 0.4000000060
1259  29.437  -100.938  -8.834 0.3000000119
1266  31.428  -101.654  -9.301 0.4000000060
1267  30.992  -101.187  -9.745 0.3000000119
1274  19.788  -101.277  -11.046 0.5000000000
1283  23.538  -101.191  -11.539 0.4000000060
1291  25.860  -101.307  -11.678 0.3000000119
1302  16.576  -101.246  -14.437 0.6000000238
1303  22.076  -102.205  -14.728 0.4000000060
1305  18.301  -102.243  -14.615 0.6000000238
1309  19.957  -102.129  -15.902 0.6999999881
1311  15.883  -101.048  -15.150 0.6999999881
1312  21.074  -101.201  -15.947 0.4000000060
1313  20.437  -101.407  -16.163 0.4000000060
1507  33.494  -100.543  -1.883 0.3000000119
1508  32.890  -100.826  -1.692 0.3000000119
1548  27.693  -101.022  -2.718 0.5000000000
1611  28.664  -100.425  -9.234 0.3000000119
1612  27.895  -99.783  -9.319 0.3000000119
1613  20.827  -100.693  -9.705 0.5000000000
1633  29.851  -100.011  -11.434 0.3000000119
1636  23.003  -100.283  -11.593 0.4000000060
1637  22.203  -99.930  -11.811 0.4000000060
1658  27.526  -100.903  -14.120 0.3000000119
1667  12.365  -100.327  -14.050 0.5000000000
1669  10.568  -99.957  -13.344 0.5000000000
1675  20.781  -99.887  -14.471 0.4000000060
1679  12.981  -100.169  -14.524 0.6000000238
1685  14.034  -100.023  -14.903 0.6999999881
1690  18.610  -100.554  -16.492 0.6000000238
1692  15.514  -100.262  -15.658 0.6999999881
1809  33.620  -98.215  3.695 0.3000000119
1878  34.374  -99.249  -1.146 0.3000000119
1900  34.374  -99.247  -1.812 0.3000000119
1903  28.631  -99.895  -2.021 0.4000000060
1976  27.207  -99.465  -7.872 0.3000000119
1986  28.305  -99.481  -10.015 0.3000000119
1998  28.517  -98.988  -10.565 0.3000000119
2007  29.266  -99.104  -11.242 0.3000000119
2011  21.805  -99.169  -11.787 0.4000000060
2023  24.668  -99.272  -12.118 0.4000000060
2041  20.394  -99.290  -13.868 0.4000000060
2049  8.279  -99.016  -13.815 0.5000000000
2056  11.446  -99.753  -14.900 0.5000000000
2064  13.110  -99.511  -15.319 0.6999999881
2066  11.639  -99.386  -15.343 0.5000000000
2071  15.821  -99.765  -16.020 0.8000000119
2073  13.588  -99.226  -15.654 0.6999999881
2164  33.568  -97.774  7.721 0.3000000119
2179  34.279  -97.684  6.422 0.3000000119
2180  33.916  -98.093  7.061 0.3000000119
2193  33.977  -97.994  5.531 0.3000000119
2209  34.368  -97.485  4.437 0.3000000119
2240  34.108  -98.223  2.312 0.3000000119
2276  34.242  -98.791  0.905 0.3000000119
2316  34.172  -98.629  -2.207 0.3000000119
2389  27.150  -98.587  -8.774 0.3000000119
2424  17.351  -98.516  -11.913 0.6999999881
2425  16.838  -98.098  -11.800 0.6999999881
2426  16.196  -98.034  -11.903 0.6999999881
2427  15.399  -98.014  -11.925 0.6000000238
2439  20.882  -98.910  -12.217 0.4000000060
2459  7.448  -98.070  -14.210 0.6000000238
2461  20.153  -98.823  -15.591 0.5000000000
2466  10.993  -98.938  -15.452 0.5000000000
2467  10.259  -98.288  -15.203 0.5000000000
2575  34.430  -96.949  7.120 0.3000000119
2596  34.553  -97.067  6.468 0.3000000119
2625  34.611  -97.086  4.378 0.3000000119
2666  34.527  -97.652  1.514 0.3000000119
2689  34.430  -97.935  -0.259 0.3000000119
2769  27.226  -97.822  -8.513 0.3000000119
2782  28.219  -97.682  -9.741 0.3000000119
2816  15.053  -97.477  -11.444 0.5000000000
2825  26.168  -97.423  -12.806 0.3000000119
2829  7.727  -97.858  -13.015 0.5000000000
2839  19.715  -96.704  -14.076 0.5000000000
2853  11.872  -98.348  -15.728 0.6999999881
2854  11.541  -97.611  -15.660 0.6999999881
2857  16.906  -97.969  -16.141 0.6999999881
3003  34.127  -96.819  7.207 0.3000000119
3017  33.651  -96.562  6.616 0.3000000119
3089  34.331  -97.027  1.943 0.3000000119
3180  31.446  -96.414  -8.754 0.3000000119
3203  29.854  -96.630  -9.449 0.3000000119
3208  15.877  -96.169  -10.146 0.5000000000
3226  23.527  -96.193  -10.681 0.3000000119
3227  22.711  -96.147  -10.704 0.3000000119
3228  21.952  -96.152  -10.875 0.4000000060
3229  17.901  -96.983  -10.372 0.6000000238
3252  9.388  -96.089  -12.222 0.6000000238
3280  8.632  -96.287  -14.113 0.5000000000
3287  19.698  -96.251  -14.762 0.5000000000
3291  13.622  -96.498  -15.814 0.6999999881
3294  10.805  -96.403  -15.316 0.6000000238
3296  19.114  -96.184  -15.973 0.6000000238
3299  16.857  -96.412  -16.351 0.6999999881
3480  32.590  -95.929  2.821 0.3000000119
3586  31.853  -95.492  -7.713 0.3000000119
3620  25.406  -94.724  -9.722 0.3000000119
3635  27.001  -95.314  -10.655 0.3000000119
3647  26.881  -95.831  -11.242 0.3000000119
3663  9.784  -95.606  -12.577 0.6000000238
3675  20.416  -95.591  -13.650 0.5000000000
3682  19.920  -95.699  -15.129 0.6000000238
3689  15.400  -95.491  -15.506 0.6000000238
3694  10.330  -95.797  -15.086 0.6000000238
3695  18.955  -95.469  -16.207 0.6000000238
3996  23.300  -94.359  -9.871 0.3000000119
4009  21.748  -94.856  -11.170 0.3000000119
4026  21.628  -94.596  -11.956 0.4000000060
4042  10.201  -95.026  -13.043 0.5000000000
4050  21.411  -94.606  -12.916 0.4000000060
4053  14.448  -94.108  -13.908 0.6999999881
4061  15.983  -94.906  -14.568 0.6000000238
4062  14.988  -94.820  -14.467 0.6000000238
4064  12.770  -94.189  -14.731 0.6999999881
4067  10.294  -94.487  -14.290 0.5000000000
4073  17.669  -94.798  -15.426 0.6999999881
4079  11.486  -94.906  -14.974 0.6000000238
4081  17.733  -95.093  -15.847 0.6999999881
4366  24.891  -92.761  -9.012 0.3000000119
4407  18.037  -93.415  -11.928 0.6999999881
4418  22.423  -93.824  -13.082 0.4000000060
4430  24.185  -93.515  -14.325 0.4000000060
4437  13.300  -92.769  -14.424 0.6999999881
4448  18.558  -93.857  -15.078 0.6999999881
4452  12.064  -93.425  -14.718 0.6000000238
4465  18.736  -93.923  -15.493 0.6999999881
4479  18.860  -94.080  -15.746 0.6999999881
4812  18.887  -92.310  -10.765 0.6999999881
4813  18.041  -92.536  -10.671 0.6000000238
4814  17.121  -92.347  -10.849 0.6000000238
4832  16.154  -92.403  -11.881 0.6000000238
4863  19.075  -93.178  -13.653 0.6999999881
4881  20.044  -92.177  -15.760 0.6999999881
4892  23.199  -92.454  -16.533 0.4000000060
4895  20.336  -92.661  -16.068 0.6999999881
5267  16.284  -90.809  -10.095 0.6999999881
5283  18.469  -92.005  -10.151 0.6999999881
5298  16.288  -91.864  -11.362 0.6000000238
5337  11.636  -91.973  -13.783 0.5000000000
5343  19.886  -91.762  -15.258 0.6999999881
5345  14.170  -90.977  -14.631 0.6999999881
5347  12.537  -91.161  -14.351 0.4000000060
5359  22.027  -90.989  -16.106 0.5000000000
5371  24.392  -92.068  -17.053 0.5000000000
5803  18.122  -90.552  -8.294 0.8000000119
5834  20.421  -89.547  -11.300 0.6000000238
5836  15.820  -90.330  -10.871 0.6999999881
5847  19.956  -90.956  -11.117 0.6000000238
5864  15.711  -89.938  -12.702 0.6999999881
5880  15.458  -90.259  -14.071 0.6999999881
5894  20.752  -90.251  -14.649 0.6000000238
5895  15.254  -89.993  -14.734 0.6000000238
5896  14.770  -90.238  -14.819 0.6000000238
5897  14.055  -90.457  -14.714 0.6000000238
5909  21.562  -90.388  -15.612 0.6000000238
6357  18.034  -89.238  -7.263 0.6999999881
6360  12.585  -89.204  -7.444 0.5000000000
6383  20.268  -89.165  -8.323 0.6999999881
6388  15.996  -89.163  -8.546 0.6000000238
6406  20.248  -89.416  -9.120 0.6000000238
6435  20.890  -88.861  -13.093 0.6000000238
6437  16.006  -88.907  -13.424 0.6000000238
6457  20.914  -89.194  -13.811 0.6000000238
6477  20.929  -89.594  -14.364 0.6000000238
6480  14.486  -89.305  -14.906 0.5000000000
6983  19.416  -88.398  -6.825 0.5000000000
6986  16.722  -88.323  -7.486 0.6999999881
6988  13.029  -88.432  -7.390 0.4000000060
7000  20.683  -88.717  -7.865 0.6000000238
7002  16.112  -88.240  -8.165 0.6999999881
7021  15.213  -88.208  -9.869 0.6000000238
7038  20.627  -89.112  -10.871 0.6000000238
7049  20.939  -88.714  -12.426 0.6000000238
7058  15.921  -88.359  -12.900 0.6000000238
7084  15.236  -88.601  -14.958 0.5000000000
7546  13.680  -87.138  -3.353 0.3000000119
7591  14.107  -87.602  -4.625 0.4000000060
7600  14.326  -87.233  -5.136 0.4000000060
7611  13.844  -87.791  -6.338 0.4000000060
7629  17.894  -87.571  -6.758 0.6000000238
7630  17.101  -87.539  -7.248 0.5000000000
7646  11.308  -87.322  -9.017 0.5000000000
7672  8.874  -86.923  -10.304 0.5000000000
7702  16.016  -87.395  -14.393 0.5000000000
7714  15.469  -87.846  -14.787 0.5000000000
8173  14.261  -86.460  -3.625 0.4000000060
8202  14.421  -86.364  -5.263 0.4000000060
8219  14.101  -86.412  -6.040 0.4000000060
8220  13.540  -86.067  -6.463 0.4000000060
8221  12.914  -85.770  -6.868 0.6000000238
8250  16.496  -86.512  -8.595 0.6000000238
8253  11.731  -86.672  -8.460 0.6000000238
8254  11.234  -86.412  -8.804 0.6000000238
8263  15.900  -85.708  -10.123 0.6000000238
8275  14.784  -86.520  -11.228 0.6000000238
8276  9.383  -86.436  -10.072 0.6000000238
8277  8.275  -86.176  -10.323 0.5000000000
8319  15.712  -86.600  -13.992 0.5000000000
8338  15.736  -87.023  -14.356 0.5000000000
8339  15.099  -87.055  -14.487 0.5000000000
8837  14.251  -85.749  -2.908 0.4000000060
8838  13.689  -85.889  -2.379 0.3000000119
8930  17.796  -85.475  -8.570 0.6000000238
8932  11.399  -84.660  -8.142 0.6000000238
8941  17.141  -84.936  -9.742 0.4000000060
8944  9.672  -85.629  -9.752 0.6000000238
8945  9.192  -84.771  -9.830 0.6000000238
8954  16.414  -85.025  -10.229 0.5000000000
8957  8.330  -84.895  -10.234 0.6000000238
8997  15.084  -85.828  -13.385 0.5000000000
9002  8.045  -85.124  -14.241 0.5000000000
9003  5.660  -85.125  -13.441 0.5000000000
9519  14.619  -84.222  -2.420 0.4000000060
9528  14.660  -84.643  -3.711 0.4000000060
9560  12.415  -83.337  -6.401 0.5000000000
9612  10.364  -83.860  -9.206 0.6000000238
9613  9.581  -83.823  -9.759 0.6000000238
9628  7.588  -84.420  -10.757 0.5000000000
9637  15.343  -84.554  -12.529 0.5000000000
9656  15.009  -83.384  -13.913 0.5000000000
9658  13.497  -83.211  -14.264 0.6000000238
9661  8.989  -84.099  -13.724 0.6000000238
9662  7.440  -84.348  -13.868 0.5000000000
10221  14.154  -83.231  -4.477 0.4000000060
10222  13.572  -83.261  -4.854 0.4000000060
10244  12.651  -82.876  -6.106 0.5000000000
10279  12.083  -82.939  -7.967 0.5000000000
10297  16.048  -83.968  -10.151 0.5000000000
10300  10.191  -83.272  -9.709 0.6000000238
10330  8.793  -83.200  -11.055 0.5000000000
10332  6.935  -82.605  -11.746 0.5000000000
10346  15.338  -83.702  -12.691 0.5000000000
10352  6.928  -82.354  -12.737 0.5000000000
10354  5.138  -83.505  -12.593 0.5000000000
10371  14.008  -82.250  -14.442 0.5000000000
10374  10.657  -83.372  -13.125 0.6000000238
10376  8.457  -83.187  -13.196 0.6000000238
10378  5.919  -83.292  -13.050 0.5000000000
10948  14.415  -82.641  -4.770 0.4000000060
10961  13.499  -82.360  -5.601 0.4000000060
10968  13.435  -82.152  -6.402 0.4000000060
10970  12.787  -82.561  -6.599 0.5000000000
10980  13.621  -82.107  -7.175 0.4000000060
10992  16.179  -82.903  -8.885 0.5000000000
10996  12.137  -82.742  -8.472 0.5000000000
11010  12.335  -82.466  -9.286 0.5000000000
11011  11.222  -82.727  -9.705 0.6000000238
11012  10.690  -82.947  -9.767 0.6000000238
11022  14.099  -82.619  -10.602 0.6000000238
11025  11.433  -82.170  -10.985 0.6000000238
11027  10.150  -82.832  -10.660 0.6000000238
11041  10.361  -82.645  -11.349 0.6000000238
11045  6.688  -82.377  -12.257 0.5000000000
11059  14.099  -81.906  -12.900 0.6000000238
11061  12.668  -81.526  -13.175 0.6000000238
11062  11.536  -82.166  -12.406 0.6000000238
11063  10.673  -82.519  -12.025 0.6000000238
11080  14.306  -81.624  -14.023 0.5000000000
11082  12.226  -82.043  -13.271 0.6000000238
11627  15.862  -81.800  -1.832 0.4000000060
11629  14.666  -81.318  -0.725 0.4000000060
11630  11.039  -81.228  -1.102 0.3000000119
11631  10.397  -81.545  -1.467 0.3000000119
11632  9.791  -81.954  -1.776 0.3000000119
11642  9.154  -81.691  -2.256 0.3000000119
12303  11.642  -80.931  -0.898 0.3000000119
12314  14.626  -80.404  -0.781 0.4000000060
12325  9.997  -80.338  -2.186 0.3000000119
12335  7.818  -80.511  -3.858 0.3000000119
12976  13.647  -80.240  -0.673 0.4000000060
12977  12.763  -80.209  -0.759 0.4000000060
12987  11.601  -79.763  -1.558 0.3000000119
12988  10.807  -80.008  -1.908 0.3000000119
13014  8.263  -78.998  -4.280 0.3000000119
13722  13.395  -78.152  -1.840 0.4000000060
13724  11.660  -78.504  -2.388 0.3000000119
13735  10.567  -78.335  -3.306 0.3000000119
13736  9.814  -78.584  -3.568 0.3000000119
13737  9.026  -78.813  -3.887 0.3000000119
13763  8.345  -77.912  -5.227 0.3000000119
13783  6.793  -78.834  -6.885 0.3000000119
13798  6.951  -79.170  -7.852 0.4000000060
13814  8.342  -78.650  -8.981 0.4000000060
13815  7.641  -79.031  -8.935 0.3000000119
13837  8.463  -78.325  -9.815 0.3000000119
14466  12.959  -77.531  -2.396 0.3000000119
14478  11.755  -77.356  -3.291 0.4000000060
14479  10.957  -77.682  -3.623 0.4000000060
14493  9.672  -77.211  -4.920 0.3000000119
14494  9.114  -77.742  -4.771 0.3000000119
14519  8.057  -77.647  -7.083 0.4000000060
14532  9.111  -77.637  -8.077 0.4000000060
14533  8.408  -78.191  -8.075 0.4000000060
14553  10.187  -77.549  -9.104 0.3000000119
14575  10.987  -77.521  -10.808 0.3000000119
14577  9.759  -78.107  -9.632 0.4000000060
14593  10.473  -77.509  -10.932 0.3000000119
14594  9.639  -77.853  -10.536 0.3000000119
14595  8.651  -77.801  -10.455 0.3000000119
14609  10.680  -77.236  -11.549 0.3000000119
15220  15.982  -76.705  -2.667 0.3000000119
15235  16.331  -76.130  -3.195 0.3000000119
15237  14.556  -76.257  -3.157 0.3000000119
15253  12.458  -76.121  -4.148 0.3000000119
15255  10.349  -76.704  -5.020 0.3000000119
15276  9.613  -76.489  -6.461 0.3000000119
15289  9.173  -76.812  -7.310 0.3000000119
15306  10.489  -76.672  -8.686 0.3000000119
15350  13.283  -77.058  -13.274 0.3000000119
15351  12.456  -77.168  -12.751 0.3000000119
15367  11.071  -77.087  -12.213 0.3000000119
16039  12.055  -75.844  -4.879 0.3000000119
16048  10.872  -75.807  -5.994 0.3000000119
16072  11.004  -75.249  -7.665 0.3000000119
16085  11.337  -75.703  -9.018 0.3000000119
16086  10.898  -75.808  -8.462 0.3000000119
16097  12.179  -75.698  -10.237 0.3000000119
16111  13.172  -75.808  -11.380 0.3000000119
16113  12.017  -76.774  -10.795 0.3000000119
16862  12.168  -74.733  -6.950 0.3000000119
16876  13.337  -74.190  -7.611 0.3000000119
16877  12.480  -74.480  -7.614 0.3000000119
16878  11.721  -74.790  -7.642 0.3000000119
16886  14.110  -73.866  -8.184 0.3000000119
16913  12.752  -75.423  -10.575 0.3000000119
106777  20.465  -103.416  -13.652 0.5000000000
106782  20.064  -103.280  -14.113 0.6000000238
106784  21.987  -103.897  -13.114 0.5000000000
106786  22.260  -103.751  -13.296 0.5000000000
106787  22.148  -103.153  -14.489 0.6000000238
106788  22.201  -103.520  -13.981 0.6000000238
106793  20.868  -102.897  -10.759 0.4000000060
106799  21.926  -102.056  -9.012 0.4000000060
107527  21.338  -103.672  -13.396 0.5000000000
108291  22.292  -100.837  -8.367 0.4000000060
109287  11.739  -82.321  -10.159 0.5000000000
109428  15.687  -89.773  -11.608 0.6999999881
110137  15.157  -85.455  -12.554 0.5000000000
110140  21.102  -103.566  -12.083 0.5000000000
110906  8.985  -77.202  -10.851 0.3000000119
111303  21.721  -103.076  -14.807 0.6000000238
111650  30.557  -103.005  -9.983 0.4000000060
111685  25.965  -104.052  -9.307 0.4000000060
111702  8.277  -80.078  -3.587 0.3000000119
111942  34.519  -98.274  1.162 0.3000000119
113277  31.125  -102.169  -3.248 0.5000000000
113416  15.524  -90.841  -12.944 0.6999999881
113425  29.728  -96.469  -8.606 0.3000000119
113467  14.630  -100.314  -14.519 0.6999999881
113490  15.808  -81.121  -1.486 0.4000000060
113711  33.483  -99.541  -0.235 0.3000000119
113712  24.238  -104.054  -10.978 0.4000000060
113724  11.470  -77.106  -10.586 0.3000000119
113738  13.771  -86.950  -6.494 0.4000000060
113766  34.452  -96.648  4.153 0.3000000119
113992  34.216  -97.529  5.061 0.3000000119
114073  17.174  -101.727  -15.330 0.6000000238
114259  11.024  -76.708  -4.568 0.3000000119
114420  23.483  -97.557  -11.377 0.4000000060
114567  33.825  -98.192  6.307 0.3000000119
114622  13.470  -75.953  -3.725 0.3000000119
114668  11.411  -85.713  -8.398 0.6000000238
115248  13.747  -76.332  -3.220 0.3000000119
115494  20.290  -90.815  -13.553 0.6000000238
115853  15.447  -89.137  -10.205 0.6000000238
115879  6.696  -83.627  -13.373 0.5000000000
116674  15.321  -87.327  -9.553 0.6000000238
117143  19.984  -91.403  -11.866 0.6000000238
117191  23.280  -104.112  -11.508 0.4000000060
117672  33.757  -96.255  4.997 0.3000000119
117738  31.536  -96.660  6.084 0.3000000119
118097  15.686  -87.550  -12.797 0.6000000238
118237  17.146  -97.074  -16.386 0.6999999881
118271  19.382  -98.923  -16.329 0.6999999881
118357  16.146  -90.278  -9.478 0.6999999881
118407  11.972  -80.297  -1.009 0.3000000119
118557  11.194  -84.029  -13.566 0.6000000238
118864  31.117  -101.649  -8.489 0.3000000119
119236  6.518  -83.140  -11.455 0.5000000000
119533  30.962  -101.862  -7.076 0.3000000119
119593  12.814  -86.927  -7.502 0.6000000238
119700  15.007  -84.534  -13.387 0.5000000000
119757  18.214  -101.404  -16.128 0.6999999881
119944  12.906  -84.454  -13.827 0.6000000238
120076  22.680  -103.619  -13.177 0.5000000000
120159  21.322  -96.046  -11.373 0.4000000060
120682  15.624  -88.805  -14.831 0.5000000000
120719  24.273  -93.483  -16.017 0.4000000060
120880  26.914  -98.917  -8.213 0.3000000119
120915  12.529  -81.650  -12.419 0.6000000238
121096  30.263  -96.685  -10.458 0.3000000119
121223  22.882  -97.985  -11.466 0.4000000060
121335  27.336  -104.324  -9.968 0.4000000060
121452  8.093  -99.375  -13.159 0.5000000000
121647  10.906  -85.854  -8.896 0.6000000238
121739  11.791  -77.190  -12.307 0.3000000119
121909  16.382  -95.132  -15.190 0.6999999881
121982  24.246  -96.303  -10.784 0.3000000119
122186  25.859  -93.380  -8.982 0.3000000119
122552  21.460  -103.469  -10.898 0.4000000060
122790  13.631  -88.538  -6.145 0.4000000060
123650  32.040  -102.035  -3.953 0.3000000119
124044  8.372  -97.520  -14.738 0.6000000238
124119  11.902  -100.082  -13.438 0.5000000000
124513  21.819  -88.480  -12.117 0.6000000238
124769  23.882  -104.048  -11.185 0.4000000060
125012  19.406  -101.839  -12.322 0.5000000000
125247  16.485  -101.457  -14.984 0.6000000238
125415  28.480  -97.141  -9.245 0.3000000119
125666  12.861  -81.313  -0.415 0.4000000060
125947  21.913  -103.140  -9.752 0.4000000060
126096  29.948  -101.228  -8.399 0.3000000119
126209  15.192  -82.997  -12.831 0.5000000000
126823  11.880  -84.484  -7.594 0.6000000238
126966  10.517  -82.784  -10.292 0.6000000238
127026  21.215  -94.600  -14.573 0.6000000238
127061  15.823  -94.142  -13.264 0.6000000238
127324  18.346  -97.939  -16.205 0.6999999881
127686  20.924  -95.768  -11.899 0.5000000000
127928  27.835  -102.612  -12.212 0.4000000060
128209  7.530  -98.269  -13.474 0.4000000060
128546  18.044  -100.174  -16.534 0.6999999881
128679  13.832  -84.615  -5.232 0.4000000060
128961  16.085  -88.032  -14.438 0.6000000238
129178  34.548  -97.389  2.229 0.3000000119
129425  13.282  -99.991  -14.731 0.6000000238
129477  14.526  -78.947  -1.218 0.4000000060
129557  13.466  -94.448  -14.638 0.6999999881
129737  10.852  -77.141  -11.892 0.3000000119
129812  12.231  -98.925  -15.735 0.6999999881
130031  25.498  -102.414  -10.862 0.4000000060
130526  33.963  -99.385  -0.244 0.3000000119
