#!ascii label  , from subject sub-v1s20x0050344_ses-1 vox2ras=TkReg
1440
113829  -27.403  -59.554  -26.550 0.5000000000
18883  -27.054  -59.323  -26.025 0.4000000060
18888  -26.879  -59.870  -26.201 0.6000000238
19650  -28.824  -58.286  -26.152 0.6000000238
19649  -27.773  -58.676  -26.081 0.5000000000
116083  -29.291  -57.606  -26.097 0.6000000238
113103  -26.990  -59.108  -25.172 0.6999999881
18876  -27.055  -59.479  -24.523 0.6999999881
19641  -27.227  -58.265  -25.327 0.6999999881
19642  -27.956  -57.839  -25.987 0.6999999881
20506  -28.699  -57.314  -26.277 0.6999999881
21310  -29.426  -56.607  -25.917 0.5000000000
21318  -28.464  -56.361  -26.745 0.6999999881
20498  -29.686  -57.437  -25.810 0.5000000000
18067  -18.814  -60.499  -16.390 0.5000000000
19640  -26.817  -58.178  -24.610 0.6999999881
106206  -26.686  -57.467  -24.952 0.6999999881
20504  -27.098  -56.691  -26.489 0.6999999881
20497  -27.206  -57.358  -25.774 0.6999999881
21309  -26.386  -56.646  -25.692 0.6999999881
22153  -29.183  -55.981  -26.008 0.6000000238
18810  -26.336  -59.334  -19.753 0.6999999881
19585  -26.094  -58.540  -20.401 0.6999999881
19635  -26.735  -58.522  -24.038 0.6999999881
19624  -26.532  -58.578  -23.073 0.6999999881
18765  -18.382  -59.871  -16.709 0.6000000238
18078  -15.975  -60.050  -17.091 0.4000000060
20490  -26.438  -57.600  -24.178 0.6999999881
20505  -27.907  -56.969  -26.484 0.6999999881
22168  -27.088  -55.599  -27.360 0.6999999881
22152  -28.737  -55.552  -25.992 0.6000000238
18790  -26.445  -59.109  -18.798 0.6999999881
19598  -26.142  -58.516  -21.352 0.6999999881
114222  -26.195  -58.419  -19.459 0.6999999881
106539  -20.329  -59.501  -16.859 0.6000000238
115524  -25.916  -57.924  -21.495 0.6999999881
20480  -26.335  -57.796  -23.439 0.6999999881
19597  -25.998  -57.958  -21.992 0.6999999881
19584  -25.860  -57.858  -20.941 0.6999999881
19570  -25.941  -57.729  -20.070 0.6999999881
19537  -17.797  -58.708  -17.844 0.5000000000
18777  -17.158  -59.232  -17.358 0.5000000000
21300  -26.106  -56.809  -24.631 0.6999999881
20445  -25.681  -56.998  -20.658 0.6999999881
18776  -16.355  -59.437  -17.543 0.4000000060
21316  -26.384  -56.075  -26.867 0.6999999881
20479  -26.038  -56.922  -23.716 0.6999999881
20466  -25.952  -57.338  -22.463 0.6999999881
20454  -25.779  -57.343  -21.642 0.6999999881
18788  -15.433  -59.555  -18.735 0.4000000060
109131  -25.708  -56.725  -22.303 0.6999999881
21272  -25.552  -56.496  -21.538 0.6999999881
21317  -27.427  -56.173  -27.209 0.6999999881
21315  -25.684  -55.955  -26.104 0.6999999881
22137  -25.229  -55.652  -23.469 0.6999999881
21280  -25.542  -56.193  -22.900 0.6999999881
22161  -28.013  -55.744  -27.280 0.6999999881
110607  -25.226  -55.757  -24.068 0.6999999881
22993  -28.270  -55.058  -25.438 0.6000000238
23000  -27.494  -55.017  -26.945 0.6999999881
22999  -26.596  -54.812  -27.050 0.6999999881
23856  -27.236  -53.592  -23.395 0.5000000000
22980  -27.593  -54.344  -23.823 0.5000000000
22963  -28.272  -54.462  -21.290 0.4000000060
22971  -28.070  -54.706  -22.233 0.5000000000
21234  -26.180  -56.645  -18.870 0.6999999881
19531  -21.153  -58.387  -17.352 0.6000000238
115179  -26.189  -57.934  -22.707 0.6999999881
121565  -18.822  -59.397  -17.086 0.5000000000
20429  -25.891  -56.963  -19.696 0.6999999881
21308  -25.582  -56.099  -25.193 0.6999999881
21299  -25.587  -56.207  -24.301 0.6999999881
22160  -26.137  -55.421  -27.084 0.6999999881
22144  -24.522  -54.946  -25.036 0.6999999881
114329  -26.112  -52.789  -25.428 0.6999999881
22992  -27.706  -54.602  -25.976 0.6999999881
23867  -27.211  -53.889  -25.487 0.6999999881
23874  -27.014  -54.236  -26.451 0.6999999881
23863  -26.721  -53.200  -25.001 0.6999999881
19521  -23.754  -57.754  -15.845 0.6999999881
21212  -24.701  -57.209  -15.611 0.6999999881
21213  -25.474  -56.697  -15.715 0.8000000119
21214  -26.033  -56.256  -16.094 0.8000000119
101546  -23.916  -56.722  -15.630 0.6000000238
116898  -24.733  -56.325  -15.519 0.6000000238
119828  -26.366  -56.758  -16.530 0.8000000119
20391  -23.111  -56.992  -15.896 0.6000000238
21210  -22.589  -56.380  -15.956 0.6000000238
21229  -26.501  -56.530  -17.845 0.6999999881
20402  -22.114  -58.046  -16.589 0.6000000238
20390  -22.398  -57.167  -16.265 0.6000000238
18780  -20.549  -59.039  -17.517 0.6000000238
20400  -21.358  -57.655  -17.150 0.6000000238
120769  -25.897  -56.463  -19.468 0.6999999881
19538  -18.855  -58.825  -17.723 0.5000000000
19539  -20.014  -58.847  -17.988 0.6000000238
21264  -25.462  -56.090  -20.746 0.6999999881
22159  -25.451  -55.478  -26.537 0.6999999881
22145  -25.074  -55.570  -24.757 0.6999999881
122050  -25.495  -56.120  -22.208 0.6999999881
24668  -25.781  -53.224  -26.075 0.8000000119
23873  -26.175  -53.997  -26.606 0.6999999881
22150  -24.973  -55.379  -25.691 0.6999999881
22124  -25.279  -55.555  -22.639 0.6999999881
118914  -25.236  -55.060  -26.725 0.6999999881
22149  -24.397  -54.709  -25.537 0.6999999881
23835  -28.110  -53.663  -21.051 0.5000000000
23834  -27.699  -53.145  -21.591 0.5000000000
23817  -28.419  -53.243  -20.314 0.4000000060
101545  -24.075  -55.901  -15.528 0.6000000238
22045  -25.419  -55.748  -15.700 0.6999999881
21211  -23.291  -56.147  -15.647 0.6000000238
22046  -25.984  -55.335  -16.231 0.8000000119
108874  -26.343  -55.933  -16.660 0.8000000119
22069  -26.490  -55.748  -17.457 0.8000000119
21209  -22.051  -56.588  -16.305 0.6000000238
21221  -21.249  -56.949  -17.152 0.6000000238
22074  -26.305  -55.798  -18.395 0.8000000119
113530  -19.595  -58.729  -18.670 0.6000000238
19540  -20.654  -58.395  -17.964 0.6000000238
20406  -21.021  -57.697  -17.652 0.6000000238
105604  -26.098  -55.179  -18.908 0.6999999881
19548  -17.773  -58.585  -18.668 0.5000000000
106417  -25.563  -55.724  -20.083 0.6999999881
22086  -25.633  -54.969  -19.776 0.6999999881
19547  -17.045  -58.719  -19.004 0.5000000000
19567  -17.840  -58.571  -19.707 0.5000000000
22099  -25.283  -55.256  -20.660 0.6999999881
22114  -25.304  -55.570  -21.618 0.6999999881
24667  -24.852  -52.917  -25.969 0.8000000119
22998  -25.645  -54.639  -26.857 0.8000000119
22158  -24.735  -54.910  -26.125 0.6999999881
113148  -24.178  -54.622  -24.616 0.6999999881
22123  -24.845  -54.999  -23.236 0.6999999881
22997  -24.779  -54.463  -26.348 0.6999999881
23845  -27.408  -53.390  -22.459 0.5000000000
22043  -23.539  -55.330  -15.541 0.6999999881
22885  -23.957  -54.591  -15.474 0.6999999881
101544  -24.360  -55.213  -15.486 0.6999999881
115203  -25.008  -55.203  -15.517 0.8000000119
22887  -25.463  -54.828  -15.819 0.8000000119
22042  -22.728  -55.548  -15.733 0.6999999881
22886  -24.809  -54.596  -15.520 0.8000000119
115409  -25.961  -54.243  -16.362 0.8000000119
22041  -22.050  -55.872  -16.123 0.6000000238
22060  -26.370  -55.011  -16.942 0.8000000119
21222  -21.560  -56.326  -16.609 0.6000000238
22928  -26.434  -54.836  -18.013 0.6999999881
19550  -20.329  -58.504  -18.789 0.6000000238
20411  -20.625  -57.743  -18.471 0.6000000238
22938  -26.064  -54.387  -19.029 0.8000000119
23800  -26.396  -53.707  -18.274 0.6999999881
19549  -18.886  -58.659  -19.271 0.6000000238
105015  -25.979  -53.629  -19.226 0.8000000119
18809  -16.697  -58.763  -19.696 0.4000000060
22113  -24.986  -54.807  -22.265 0.6999999881
22961  -24.935  -54.672  -21.301 0.6999999881
22948  -25.116  -54.403  -20.518 0.6999999881
18828  -15.463  -59.207  -20.406 0.4000000060
22960  -24.519  -54.076  -21.887 0.6999999881
117461  -25.265  -53.836  -26.394 0.8000000119
22991  -23.956  -54.164  -25.548 0.8000000119
22969  -24.373  -54.317  -22.868 0.6999999881
22979  -24.187  -54.545  -23.851 0.6999999881
25490  -25.744  -52.017  -24.987 0.8000000119
24654  -26.299  -52.470  -24.516 0.6999999881
23855  -26.771  -53.020  -23.957 0.5000000000
24633  -27.758  -52.233  -21.147 0.5000000000
106720  -27.306  -52.565  -22.116 0.5000000000
119983  -28.781  -52.753  -19.816 0.4000000060
22884  -22.986  -54.561  -15.596 0.6000000238
117864  -23.650  -53.953  -15.499 0.6999999881
23749  -25.286  -53.882  -15.783 0.8000000119
23767  -25.726  -53.384  -16.227 0.8000000119
22883  -22.108  -54.968  -15.978 0.6999999881
22059  -21.454  -55.412  -16.483 0.6999999881
23768  -26.149  -53.290  -16.717 0.8000000119
22058  -20.966  -55.959  -17.153 0.6000000238
118522  -20.508  -56.080  -17.740 0.6000000238
23783  -26.447  -53.115  -17.458 0.8000000119
19569  -19.992  -58.670  -19.745 0.6000000238
20428  -20.374  -58.129  -19.506 0.6000000238
22937  -25.518  -53.994  -19.825 0.8999999762
23826  -24.981  -53.566  -20.478 0.8000000119
19568  -19.123  -58.614  -20.212 0.5000000000
24641  -24.017  -52.559  -21.705 0.8000000119
22947  -24.599  -53.912  -21.069 0.6999999881
19581  -17.229  -58.442  -20.528 0.4000000060
25497  -24.831  -52.112  -25.714 0.8000000119
23872  -24.325  -53.673  -25.974 0.8000000119
22990  -23.047  -53.538  -25.026 0.8000000119
22978  -23.534  -54.054  -24.565 0.8000000119
23844  -23.983  -53.666  -22.513 0.6999999881
24661  -25.408  -52.448  -25.619 0.8000000119
22984  -23.355  -53.920  -25.042 0.8000000119
23862  -22.854  -53.446  -24.828 0.8000000119
25489  -25.097  -51.532  -25.352 0.8000000119
112921  -22.722  -53.133  -25.119 0.8000000119
24648  -26.547  -52.225  -23.562 0.6000000238
25481  -26.083  -51.556  -24.138 0.6000000238
23746  -23.005  -53.554  -15.629 0.6000000238
24544  -24.762  -53.306  -15.631 0.6999999881
119056  -24.647  -52.609  -15.691 0.6999999881
24563  -25.830  -52.545  -16.382 0.6999999881
22901  -20.813  -54.916  -16.889 0.6000000238
23745  -22.167  -53.986  -15.894 0.6000000238
24541  -22.306  -53.028  -15.945 0.6000000238
21227  -20.396  -56.635  -18.293 0.6000000238
22068  -20.374  -55.320  -17.506 0.6000000238
24564  -26.323  -52.418  -16.946 0.6999999881
111382  -20.064  -58.254  -20.131 0.5000000000
112786  -26.480  -52.893  -18.168 0.8000000119
19583  -19.605  -58.304  -20.469 0.3000000119
24610  -25.892  -52.274  -19.448 0.8000000119
23816  -26.175  -52.984  -18.943 0.8000000119
24621  -24.827  -52.781  -20.590 0.8000000119
108221  -25.255  -52.181  -20.192 0.8000000119
24665  -23.065  -52.807  -25.427 0.8000000119
23854  -23.713  -53.910  -23.549 0.8000000119
110792  -23.845  -53.057  -22.276 0.8000000119
23833  -24.230  -53.315  -21.576 0.6999999881
24653  -22.443  -52.962  -24.676 0.8000000119
116732  -22.257  -52.704  -24.852 0.8000000119
25480  -25.571  -51.304  -24.761 0.6999999881
25464  -26.923  -51.221  -22.417 0.6000000238
25419  -28.941  -50.955  -19.902 0.3000000119
24542  -23.124  -52.652  -15.686 0.6000000238
24543  -23.899  -52.224  -15.623 0.6999999881
25352  -24.610  -51.787  -15.760 0.6999999881
25353  -25.253  -52.190  -15.986 0.6999999881
24609  -18.378  -52.723  -19.761 0.5000000000
22902  -21.422  -54.439  -16.364 0.6000000238
23766  -21.416  -53.383  -16.362 0.6000000238
25376  -26.150  -51.713  -16.617 0.6999999881
103677  -19.952  -56.228  -18.679 0.5000000000
22914  -20.223  -54.426  -17.379 0.5000000000
21245  -19.107  -56.502  -20.367 0.3000000119
21233  -20.293  -57.174  -19.129 0.5000000000
25404  -26.651  -51.628  -18.169 0.8000000119
25435  -24.633  -51.962  -20.835 0.8999999762
25417  -25.663  -51.517  -19.829 0.8999999762
25418  -26.277  -51.596  -19.072 0.8000000119
19582  -18.944  -58.149  -20.985 0.4000000060
108531  -24.209  -52.092  -21.303 0.8999999762
24632  -24.335  -52.663  -21.120 0.8999999762
25436  -25.143  -51.496  -20.421 0.8999999762
25488  -24.376  -51.497  -25.626 0.8000000119
25495  -23.549  -52.341  -25.687 0.8000000119
119953  -23.044  -53.113  -23.846 0.8000000119
23843  -23.393  -53.179  -23.283 0.8000000119
25473  -26.510  -51.414  -23.203 0.6000000238
115770  -27.325  -50.957  -21.747 0.6000000238
25452  -27.753  -51.186  -21.102 0.6000000238
25350  -23.194  -51.790  -15.785 0.6000000238
24562  -22.480  -52.159  -15.972 0.6000000238
24561  -21.724  -52.426  -16.321 0.6000000238
105233  -25.263  -51.393  -16.008 0.8000000119
22927  -19.235  -54.577  -18.379 0.6000000238
23781  -19.559  -54.050  -17.807 0.5000000000
23765  -20.722  -53.209  -16.830 0.6000000238
118449  -25.689  -51.799  -16.281 0.6999999881
26257  -26.417  -50.886  -16.679 0.8000000119
22084  -18.678  -55.492  -19.890 0.4000000060
25391  -26.602  -51.494  -17.259 0.6999999881
103823  -19.922  -57.465  -20.049 0.4000000060
26295  -25.420  -50.827  -20.209 0.8000000119
111343  -26.585  -51.058  -18.677 0.8000000119
25463  -23.915  -51.739  -21.903 0.8999999762
26309  -24.793  -50.978  -20.847 0.8000000119
26296  -26.111  -50.758  -19.449 0.8000000119
26331  -24.314  -50.706  -21.484 0.8000000119
24659  -22.208  -52.384  -24.986 0.8000000119
25472  -22.589  -51.689  -23.932 0.8000000119
24640  -23.578  -52.455  -22.631 0.6999999881
26360  -22.909  -51.101  -25.317 0.8000000119
24647  -22.832  -52.506  -23.813 0.8000000119
24646  -22.260  -52.301  -24.693 0.8000000119
26362  -24.518  -50.778  -25.347 0.8000000119
25486  -22.384  -51.894  -24.983 0.8000000119
26342  -26.209  -50.729  -23.599 0.6999999881
26332  -26.627  -50.650  -22.871 0.6999999881
107741  -27.055  -49.025  -22.411 0.6000000238
28089  -27.611  -48.720  -21.713 0.6000000238
27201  -27.800  -49.285  -21.247 0.6000000238
118065  -22.001  -51.603  -16.345 0.6000000238
26239  -23.973  -50.434  -15.741 0.8000000119
26240  -24.642  -50.952  -15.805 0.6999999881
25403  -19.194  -51.769  -18.792 0.5000000000
24578  -20.481  -52.640  -17.147 0.5000000000
26242  -26.138  -50.335  -16.311 0.8000000119
24593  -19.278  -52.483  -18.234 0.5000000000
23782  -20.133  -53.435  -17.351 0.5000000000
26241  -25.388  -50.482  -15.973 0.8000000119
27135  -26.402  -49.679  -16.344 0.8000000119
113536  -18.956  -53.106  -18.441 0.5000000000
112688  -26.639  -50.086  -16.695 0.8000000119
116138  -26.819  -50.552  -17.208 0.8000000119
118842  -27.047  -49.752  -17.201 0.8000000119
26272  -26.876  -50.900  -17.934 0.8000000119
26282  -26.647  -50.390  -18.677 0.8000000119
26283  -26.995  -50.097  -17.895 0.8000000119
27176  -25.735  -49.954  -19.999 0.8000000119
104611  -26.303  -49.990  -19.319 0.8000000119
25479  -22.321  -51.772  -24.774 0.8000000119
26330  -23.799  -50.783  -22.303 0.8000000119
26341  -23.077  -50.765  -23.388 0.8999999762
26352  -25.737  -50.716  -24.304 0.6999999881
26351  -25.159  -50.718  -24.898 0.6999999881
27210  -26.812  -49.874  -22.628 0.6999999881
27233  -25.345  -49.240  -24.335 0.6999999881
27234  -25.934  -49.906  -23.823 0.6999999881
27221  -25.985  -49.066  -23.689 0.6999999881
27222  -26.498  -49.305  -23.148 0.6999999881
27116  -23.057  -49.492  -16.029 0.8000000119
110190  -23.159  -50.889  -15.956 0.6000000238
26238  -23.327  -50.128  -15.943 0.6000000238
27117  -23.744  -49.635  -15.741 0.8000000119
28072  -19.883  -47.840  -19.305 0.6000000238
27163  -20.284  -49.146  -18.679 0.5000000000
25374  -21.221  -51.793  -16.819 0.6000000238
110177  -21.660  -50.919  -16.758 0.6000000238
27118  -24.696  -50.259  -15.749 0.8000000119
28934  -19.240  -46.969  -19.176 0.6000000238
28935  -19.813  -47.250  -18.978 0.6000000238
112717  -20.271  -47.629  -18.746 0.6000000238
26270  -20.701  -49.943  -17.888 0.5000000000
25390  -20.959  -50.944  -17.339 0.5000000000
29719  -18.520  -45.896  -17.724 0.5000000000
29732  -19.113  -46.358  -18.455 0.5000000000
29733  -19.875  -46.508  -18.492 0.6000000238
25389  -19.691  -51.738  -18.025 0.5000000000
26269  -20.204  -50.932  -17.943 0.5000000000
27120  -25.872  -49.699  -16.006 0.8000000119
27136  -26.890  -49.248  -16.640 0.8000000119
29720  -19.421  -45.836  -17.973 0.5000000000
25373  -20.443  -51.835  -17.399 0.5000000000
106546  -17.947  -45.368  -17.387 0.4000000060
24577  -19.867  -52.549  -17.632 0.5000000000
27154  -27.246  -49.068  -17.211 0.6999999881
27177  -26.287  -49.314  -19.539 0.8000000119
27164  -26.769  -49.547  -18.707 0.8000000119
27165  -27.171  -49.319  -17.852 0.6999999881
117833  -25.181  -50.277  -20.579 0.8000000119
28060  -26.697  -48.873  -19.101 0.8000000119
27189  -25.820  -49.010  -20.195 0.8000000119
107082  -23.297  -50.121  -25.435 0.8999999762
113629  -22.483  -50.966  -24.887 0.8999999762
27220  -22.616  -49.924  -23.764 0.8000000119
26340  -22.416  -50.802  -24.287 1.0000000000
27209  -23.459  -49.880  -22.903 0.8000000119
27249  -24.671  -49.916  -24.984 0.8000000119
27232  -24.524  -49.029  -24.850 0.6999999881
28030  -22.752  -48.764  -16.218 0.8000000119
28016  -23.503  -48.757  -15.682 0.8000000119
113601  -24.320  -49.158  -15.537 0.8000000119
28922  -20.540  -47.014  -18.366 0.6000000238
27134  -22.418  -49.461  -16.480 0.6000000238
121531  -24.367  -49.817  -15.681 0.8000000119
28018  -25.034  -48.595  -15.378 0.8000000119
28045  -20.837  -47.921  -18.275 0.6000000238
27133  -21.795  -49.406  -17.023 0.6000000238
27119  -25.075  -49.594  -15.677 0.8000000119
110773  -25.697  -49.062  -15.708 0.8000000119
116894  -26.708  -48.111  -16.052 0.6999999881
101259  -20.127  -45.875  -17.999 0.5000000000
28046  -21.482  -48.511  -17.544 0.6000000238
26255  -22.036  -50.162  -16.634 0.6000000238
30515  -19.670  -45.208  -17.624 0.4000000060
119477  -26.836  -48.686  -16.378 0.6999999881
117845  -19.020  -44.400  -17.386 0.4000000060
102468  -21.224  -46.345  -17.747 0.4000000060
28047  -27.372  -48.522  -17.714 0.6999999881
32311  -19.514  -43.641  -17.210 0.4000000060
31403  -20.807  -44.709  -17.429 0.5000000000
28061  -27.080  -48.797  -18.468 0.6999999881
32312  -20.423  -43.961  -17.148 0.5000000000
30517  -21.090  -45.455  -17.633 0.5000000000
27187  -24.733  -50.058  -21.125 0.8000000119
27188  -25.274  -49.511  -20.690 0.8000000119
28073  -26.398  -48.434  -19.696 0.8000000119
28074  -26.895  -48.246  -18.985 0.8000000119
110580  -22.621  -50.115  -25.108 0.8000000119
26350  -22.383  -50.939  -24.723 1.0000000000
28111  -23.009  -49.087  -23.350 0.8000000119
27200  -24.787  -49.077  -21.378 0.8000000119
26359  -22.414  -50.068  -24.762 1.0000000000
28099  -24.227  -48.613  -22.101 0.8000000119
107786  -24.032  -50.183  -25.439 0.8000000119
28110  -22.247  -49.133  -24.163 0.8000000119
113353  -23.726  -49.091  -22.636 0.8000000119
27248  -23.782  -49.326  -25.318 0.8999999762
28127  -24.948  -48.275  -24.492 0.6999999881
28112  -25.768  -48.328  -23.859 0.6999999881
28113  -26.419  -48.433  -23.308 0.6999999881
28100  -26.865  -48.534  -22.818 0.6999999881
28964  -28.005  -48.050  -21.718 0.6000000238
117605  -27.661  -47.386  -22.641 0.6999999881
28985  -26.417  -47.483  -23.446 0.6999999881
28965  -28.634  -47.845  -21.777 0.6000000238
28972  -28.108  -47.536  -22.152 0.6000000238
28909  -22.463  -47.450  -16.600 0.8000000119
115162  -22.837  -47.114  -16.126 0.8000000119
28898  -22.963  -47.892  -15.941 0.8000000119
28900  -24.501  -47.789  -15.076 0.8000000119
29721  -20.466  -46.337  -18.116 0.5000000000
28923  -21.359  -47.418  -17.778 0.6000000238
112416  -22.471  -48.158  -16.525 0.8000000119
30516  -20.415  -45.299  -17.678 0.4000000060
29697  -22.510  -46.677  -16.639 0.6999999881
28908  -22.006  -47.874  -17.115 0.6999999881
28901  -25.392  -47.714  -15.136 0.6999999881
28902  -26.220  -47.531  -15.429 0.6999999881
28903  -26.780  -47.298  -15.871 0.6999999881
115052  -27.182  -47.451  -16.467 0.6999999881
28925  -27.498  -47.540  -17.149 0.6999999881
32297  -20.862  -43.546  -16.854 0.5000000000
28936  -27.538  -47.708  -17.916 0.6999999881
32296  -20.202  -43.103  -16.853 0.4000000060
28082  -25.937  -48.183  -20.379 0.8000000119
28948  -27.231  -47.588  -18.753 0.6999999881
104444  -25.397  -48.591  -20.861 0.8000000119
28963  -25.617  -47.707  -20.944 0.8000000119
101924  -26.017  -46.956  -20.890 0.6999999881
28088  -24.886  -47.954  -21.553 0.8000000119
27247  -22.877  -49.268  -25.393 0.8999999762
27246  -22.364  -49.219  -25.040 0.8999999762
28142  -22.154  -48.472  -25.015 0.8000000119
28125  -22.040  -48.397  -24.568 0.8000000119
28984  -22.997  -47.375  -23.300 0.8000000119
28144  -23.205  -48.452  -25.492 0.8999999762
28126  -24.037  -48.333  -25.150 0.8999999762
28084  -29.035  -48.870  -20.845 0.4000000060
29001  -25.601  -47.395  -24.098 0.6999999881
28114  -27.027  -47.753  -22.931 0.6999999881
28987  -28.774  -47.093  -23.042 0.5000000000
28899  -23.318  -47.093  -15.564 0.6999999881
109500  -23.694  -47.843  -15.341 0.8000000119
119850  -23.070  -45.838  -16.012 0.6999999881
29689  -24.347  -46.440  -14.845 0.6999999881
31402  -19.986  -44.541  -17.417 0.4000000060
30502  -22.212  -45.445  -16.920 0.6000000238
29688  -23.610  -46.154  -15.336 0.6999999881
29699  -26.452  -46.650  -15.396 0.6999999881
108102  -26.838  -45.949  -15.681 0.6999999881
29700  -27.087  -46.671  -16.088 0.6999999881
31387  -21.873  -44.218  -16.763 0.5000000000
29705  -27.557  -46.660  -16.881 0.6999999881
118994  -20.933  -43.033  -16.638 0.4000000060
106092  -27.676  -46.953  -17.648 0.6999999881
33141  -19.786  -42.130  -16.854 0.3000000119
33142  -20.657  -42.384  -16.599 0.3000000119
32298  -21.590  -43.469  -16.595 0.5000000000
28947  -26.764  -47.623  -19.493 0.6999999881
29734  -27.855  -46.470  -18.059 0.6999999881
33143  -21.435  -42.598  -16.424 0.4000000060
28956  -26.095  -47.518  -20.500 0.6999999881
29741  -27.240  -46.768  -19.284 0.6999999881
28957  -26.567  -46.980  -20.156 0.6999999881
29755  -25.367  -47.024  -21.418 0.6999999881
116066  -22.499  -48.284  -23.746 0.8000000119
110676  -23.511  -48.235  -22.877 0.8000000119
28971  -24.142  -47.693  -22.278 0.8000000119
29754  -24.630  -46.991  -21.956 0.8000000119
28970  -23.653  -47.545  -22.739 0.8000000119
106619  -21.979  -47.750  -25.013 0.8000000119
29018  -23.466  -47.561  -25.512 0.8000000119
29017  -22.737  -47.762  -25.591 0.8000000119
28143  -22.545  -48.498  -25.362 0.8999999762
29000  -24.560  -47.291  -24.858 0.8000000119
107665  -25.537  -46.554  -24.467 0.8000000119
29767  -28.162  -47.098  -22.753 0.6999999881
28986  -26.457  -46.649  -23.871 0.6999999881
29800  -25.500  -45.840  -24.945 0.6999999881
28890  -23.970  -47.077  -14.980 0.6999999881
31376  -23.005  -44.619  -16.032 0.6000000238
30494  -23.319  -45.309  -15.722 0.6000000238
31365  -23.829  -45.316  -15.167 0.6999999881
30486  -24.369  -45.726  -14.835 0.6999999881
29690  -25.107  -46.235  -14.732 0.6999999881
28892  -25.675  -46.908  -14.987 0.6999999881
30493  -22.774  -45.314  -16.338 0.6000000238
30487  -25.112  -45.469  -14.680 0.6999999881
122059  -25.499  -45.840  -14.774 0.6999999881
29691  -25.855  -46.180  -14.940 0.6999999881
106945  -19.431  -42.847  -17.075 0.3000000119
31388  -22.352  -44.723  -16.620 0.5000000000
32286  -23.344  -43.907  -15.602 0.6000000238
106186  -27.371  -45.911  -16.344 0.6999999881
33144  -22.251  -42.872  -16.163 0.5000000000
104999  -23.078  -43.082  -15.697 0.6000000238
121433  -27.908  -45.598  -18.776 0.6999999881
29722  -27.833  -46.311  -17.530 0.6999999881
29748  -27.558  -45.840  -19.338 0.6999999881
105958  -21.014  -41.151  -16.435 0.3000000119
29747  -27.039  -46.058  -20.030 0.6999999881
29766  -25.132  -46.247  -21.777 0.6999999881
104667  -25.808  -46.241  -21.298 0.6999999881
30546  -26.773  -45.294  -20.544 0.6999999881
29765  -24.436  -46.164  -22.303 0.8000000119
29016  -22.284  -47.297  -25.432 0.8000000119
28983  -22.052  -47.408  -24.306 0.8000000119
119859  -23.173  -46.562  -23.194 0.8000000119
29814  -22.872  -46.804  -25.737 0.8000000119
30601  -21.627  -45.481  -24.580 0.8000000119
105518  -21.913  -45.681  -23.964 0.8000000119
30591  -22.195  -44.983  -23.600 0.8000000119
31460  -21.436  -44.053  -23.716 0.8000000119
29784  -28.256  -46.705  -23.335 0.6000000238
29803  -28.028  -46.261  -24.016 0.6999999881
29801  -26.401  -46.007  -24.450 0.6000000238
30602  -25.464  -45.198  -25.538 0.6999999881
30603  -26.443  -45.424  -25.149 0.6000000238
29802  -27.401  -45.760  -24.792 0.6000000238
115175  -23.622  -44.645  -15.359 0.6000000238
31367  -25.417  -44.756  -14.704 0.6999999881
30488  -25.870  -45.485  -14.875 0.6999999881
31377  -24.044  -43.979  -14.995 0.6000000238
31368  -26.128  -44.871  -14.914 0.6999999881
30495  -26.529  -45.338  -15.260 0.6999999881
33125  -21.995  -42.003  -16.217 0.4000000060
32287  -23.817  -43.280  -15.146 0.5000000000
32274  -26.009  -44.172  -14.765 0.6999999881
103929  -27.491  -44.697  -16.303 0.6999999881
33127  -23.727  -42.361  -15.288 0.5000000000
30504  -27.832  -44.795  -16.866 0.6999999881
30518  -27.828  -45.682  -17.097 0.6999999881
33943  -21.708  -41.227  -16.310 0.3000000119
33944  -22.531  -41.391  -16.078 0.4000000060
29756  -26.426  -46.174  -20.717 0.6999999881
30519  -28.039  -44.941  -17.609 0.6999999881
34715  -22.216  -40.572  -16.276 0.3000000119
30536  -27.806  -45.102  -19.229 0.6999999881
30527  -28.047  -44.927  -18.490 0.6999999881
30547  -27.356  -45.189  -19.877 0.6999999881
31419  -27.931  -44.505  -19.052 0.6999999881
29764  -23.830  -46.900  -22.613 0.8000000119
30561  -26.176  -45.439  -21.169 0.6999999881
117710  -27.495  -43.770  -19.833 0.6999999881
31429  -26.412  -44.556  -21.003 0.6999999881
32337  -27.104  -43.326  -20.273 0.6999999881
29780  -21.869  -46.379  -24.470 0.8000000119
108569  -22.793  -45.862  -23.447 0.8000000119
30560  -25.539  -45.527  -21.626 0.6999999881
32336  -26.504  -43.631  -20.819 0.6999999881
33179  -26.562  -42.733  -20.649 0.6999999881
28999  -21.913  -46.921  -25.045 0.8000000119
29781  -22.370  -46.587  -23.793 0.8000000119
107161  -23.677  -46.008  -22.855 0.8000000119
30575  -24.201  -45.341  -22.561 0.8000000119
30576  -24.917  -45.489  -22.080 0.8000000119
107777  -25.869  -43.908  -21.373 0.8000000119
33200  -25.937  -42.105  -20.982 0.6999999881
29813  -22.229  -46.434  -25.396 0.8000000119
31451  -23.809  -44.517  -22.695 0.8000000119
32354  -25.122  -43.336  -21.619 0.8000000119
30590  -21.428  -44.748  -24.054 0.8000000119
31450  -22.690  -44.337  -23.160 0.8000000119
32353  -24.238  -42.707  -21.852 0.8000000119
103568  -23.498  -45.912  -25.617 0.8000000119
30600  -21.420  -44.582  -24.522 0.8000000119
32382  -22.238  -43.450  -23.227 0.8000000119
107799  -23.255  -43.786  -22.755 0.8000000119
33215  -23.366  -42.023  -22.038 0.8000000119
32381  -21.436  -43.290  -23.742 0.8000000119
29002  -28.777  -46.816  -23.952 0.5000000000
30611  -24.267  -45.205  -25.659 0.8000000119
121136  -28.477  -46.523  -24.480 0.6000000238
29818  -28.285  -46.287  -25.171 0.6000000238
30613  -27.289  -45.290  -25.528 0.6000000238
31366  -24.435  -44.800  -14.811 0.6999999881
120999  -25.158  -43.113  -14.705 0.6999999881
32290  -26.703  -43.791  -15.144 0.6999999881
31378  -26.655  -44.604  -15.220 0.6999999881
33128  -24.627  -42.004  -15.037 0.5000000000
32289  -25.901  -43.239  -14.789 0.6999999881
34716  -23.074  -40.819  -16.028 0.4000000060
34717  -23.864  -40.912  -15.702 0.5000000000
31390  -27.998  -44.151  -17.264 0.6999999881
112860  -22.400  -39.908  -16.362 0.3000000119
35533  -23.556  -40.227  -16.108 0.3000000119
33146  -27.979  -42.493  -16.851 0.6999999881
32313  -27.981  -43.559  -17.713 0.6999999881
35544  -21.704  -39.869  -16.418 0.3000000119
36397  -23.248  -38.772  -16.654 0.3000000119
110438  -27.937  -43.093  -18.148 0.6999999881
33172  -27.902  -42.087  -19.122 0.6999999881
31442  -25.272  -44.941  -21.884 0.8000000119
31443  -25.788  -44.766  -21.510 0.6999999881
33989  -26.788  -41.822  -20.490 0.6999999881
30574  -23.295  -45.182  -23.072 0.8000000119
109693  -25.200  -44.231  -21.809 0.6999999881
32355  -25.894  -43.004  -21.188 0.8000000119
29798  -21.878  -46.126  -25.052 0.8000000119
33199  -25.158  -42.404  -21.444 0.8000000119
30609  -21.974  -45.392  -25.154 0.8000000119
32369  -23.165  -42.895  -22.555 0.8000000119
34003  -24.332  -41.802  -21.625 0.8000000119
108380  -22.650  -45.818  -25.599 0.8000000119
30589  -21.052  -44.113  -24.101 0.8000000119
33214  -22.657  -42.103  -22.619 0.8000000119
34022  -23.460  -41.222  -21.823 0.8000000119
30610  -23.230  -45.180  -25.662 0.8000000119
104569  -22.426  -45.051  -25.456 0.8000000119
32380  -21.034  -43.715  -24.001 0.8000000119
120251  -24.326  -43.484  -14.848 0.6000000238
33945  -23.345  -41.537  -15.690 0.5000000000
33129  -25.318  -42.526  -14.834 0.6000000238
111140  -24.692  -41.145  -15.396 0.5000000000
33130  -26.206  -42.373  -15.042 0.6999999881
117929  -27.280  -42.772  -15.801 0.6999999881
33946  -26.445  -41.760  -15.374 0.6999999881
33131  -26.948  -42.233  -15.527 0.6999999881
33145  -27.597  -42.146  -16.213 0.6999999881
107730  -22.267  -39.178  -16.548 0.3000000119
35546  -23.916  -39.505  -16.351 0.3000000119
33947  -27.045  -41.395  -15.822 0.6999999881
120423  -22.462  -38.484  -16.842 0.3000000119
37212  -24.738  -38.048  -17.077 0.3000000119
111127  -27.997  -41.789  -16.772 0.6999999881
38061  -22.695  -36.089  -18.517 0.3000000119
38045  -23.078  -36.736  -17.960 0.3000000119
37222  -23.437  -37.381  -17.524 0.3000000119
37223  -24.281  -37.410  -17.502 0.3000000119
38860  -22.773  -35.432  -19.154 0.3000000119
33171  -27.583  -42.943  -19.630 0.6999999881
33982  -27.496  -42.024  -19.893 0.6999999881
34004  -25.260  -41.521  -21.366 0.8000000119
34781  -24.453  -40.965  -21.587 0.8000000119
31478  -21.763  -44.374  -24.998 0.8000000119
31470  -21.110  -43.912  -24.308 0.8000000119
32404  -21.431  -43.662  -24.533 0.8000000119
32391  -21.254  -43.256  -24.047 0.8000000119
33226  -21.862  -42.553  -23.690 0.8000000119
34020  -22.290  -41.802  -22.963 0.8000000119
34021  -22.665  -41.458  -22.380 0.8000000119
31480  -23.949  -44.553  -25.642 0.8000000119
31481  -25.060  -44.627  -25.659 0.6999999881
31482  -25.975  -44.711  -25.629 0.6000000238
111574  -25.593  -41.628  -15.162 0.6000000238
34719  -26.541  -40.640  -15.936 0.6000000238
35547  -24.823  -39.415  -16.374 0.4000000060
35536  -26.111  -40.003  -16.200 0.6000000238
34730  -27.274  -40.613  -16.310 0.6999999881
33960  -27.708  -41.272  -16.465 0.6999999881
36400  -26.110  -38.657  -16.757 0.4000000060
33961  -28.089  -41.152  -17.066 0.6999999881
33164  -27.980  -42.407  -18.246 0.6999999881
38047  -25.211  -36.672  -18.128 0.3000000119
36401  -26.899  -38.572  -17.014 0.4000000060
35551  -27.906  -39.939  -17.155 0.6000000238
34747  -28.349  -40.268  -18.114 0.6999999881
33976  -28.114  -41.576  -18.359 0.6999999881
33983  -27.803  -41.469  -19.606 0.6999999881
108404  -28.311  -40.298  -19.025 0.6999999881
33990  -27.443  -41.244  -20.141 0.6999999881
34797  -24.662  -40.215  -21.824 0.8000000119
32368  -22.180  -42.620  -23.221 0.8000000119
34795  -22.677  -40.721  -22.274 0.8000000119
32406  -23.527  -43.779  -25.304 0.8000000119
32392  -21.814  -43.040  -24.419 0.8000000119
34032  -22.132  -41.637  -23.458 0.8000000119
34794  -22.173  -41.044  -22.896 0.8000000119
111388  -21.880  -42.382  -23.893 0.8000000119
103494  -24.745  -43.896  -25.430 0.8000000119
31491  -26.809  -44.505  -25.677 0.6000000238
32407  -25.976  -44.059  -25.487 0.6999999881
34718  -25.577  -40.657  -15.698 0.6000000238
35537  -26.849  -40.068  -16.318 0.6000000238
37213  -25.639  -38.084  -17.116 0.3000000119
34731  -27.802  -40.533  -16.817 0.6000000238
109624  -25.235  -37.357  -17.572 0.3000000119
37214  -26.371  -38.164  -17.171 0.3000000119
104051  -27.360  -39.049  -16.925 0.5000000000
36410  -26.959  -37.914  -17.501 0.3000000119
38862  -24.559  -35.389  -19.387 0.3000000119
38064  -25.161  -36.254  -18.591 0.3000000119
37236  -28.167  -37.729  -18.853 0.4000000060
39677  -23.596  -34.489  -20.093 0.3000000119
35573  -28.346  -39.543  -19.301 0.6000000238
34763  -27.592  -40.448  -20.377 0.6000000238
35587  -27.821  -39.633  -20.620 0.6000000238
34783  -26.351  -40.437  -21.304 0.8000000119
34784  -27.167  -40.084  -21.051 0.6999999881
34005  -26.109  -41.242  -21.050 0.8000000119
35605  -26.652  -39.656  -21.656 0.6999999881
35606  -27.434  -39.279  -21.353 0.6999999881
34782  -25.436  -40.717  -21.480 0.8000000119
35615  -25.705  -39.957  -21.819 0.6999999881
36461  -26.971  -38.879  -22.011 0.6999999881
34796  -23.618  -40.469  -21.899 0.8000000119
104954  -25.588  -38.713  -22.624 0.6999999881
35616  -26.088  -39.199  -22.229 0.6999999881
35614  -23.873  -39.833  -22.173 0.8000000119
109614  -24.906  -39.391  -22.348 0.6999999881
32405  -22.272  -43.706  -25.016 0.8000000119
36471  -23.484  -39.159  -22.735 0.8000000119
33236  -22.408  -42.318  -24.315 0.8000000119
34807  -21.997  -40.594  -23.463 0.8000000119
35612  -22.084  -40.247  -22.901 0.8000000119
31479  -22.806  -44.459  -25.483 0.8000000119
32393  -22.980  -42.954  -24.793 0.8000000119
34042  -22.238  -41.488  -23.712 0.8000000119
110464  -21.754  -39.780  -23.454 0.8000000119
32394  -24.319  -43.044  -24.818 0.8000000119
30620  -27.525  -44.930  -26.011 0.6000000238
33250  -25.586  -43.075  -24.789 0.6999999881
36402  -27.879  -39.264  -17.232 0.5000000000
35559  -28.222  -39.679  -17.687 0.5000000000
37225  -27.588  -37.620  -18.127 0.4000000060
36412  -28.238  -38.886  -17.866 0.5000000000
35567  -28.413  -39.434  -18.502 0.6000000238
38864  -25.981  -35.482  -19.473 0.3000000119
36420  -28.329  -38.570  -18.610 0.5000000000
113703  -28.403  -38.971  -19.137 0.6000000238
38843  -26.420  -36.024  -19.034 0.3000000119
36429  -28.371  -38.340  -19.406 0.6000000238
35588  -28.273  -39.075  -19.942 0.6000000238
39694  -24.340  -34.160  -20.371 0.3000000119
108527  -24.991  -34.444  -20.234 0.3000000119
38066  -27.326  -36.368  -19.219 0.3000000119
36448  -28.039  -38.799  -20.847 0.6000000238
40448  -23.709  -33.060  -21.041 0.3000000119
35628  -22.135  -39.393  -23.163 0.8000000119
36485  -23.635  -38.313  -23.245 0.6999999881
36472  -24.680  -38.574  -22.875 0.6999999881
113218  -21.962  -38.680  -23.658 0.6999999881
121942  -22.216  -42.004  -24.050 0.8000000119
34820  -22.173  -40.554  -24.052 0.6999999881
113520  -28.771  -45.083  -27.291 0.6000000238
33237  -23.731  -42.135  -24.490 0.6999999881
33238  -24.900  -42.382  -24.532 0.6999999881
32408  -26.690  -43.248  -25.196 0.6999999881
32418  -26.994  -43.909  -25.589 0.6999999881
34839  -26.149  -39.841  -26.411 0.5000000000
34840  -26.861  -40.377  -26.534 0.5000000000
36449  -28.275  -38.234  -20.250 0.6000000238
37268  -28.228  -37.597  -20.461 0.6000000238
37278  -27.861  -37.609  -21.739 0.6000000238
36474  -27.254  -38.065  -22.260 0.6999999881
36473  -26.424  -38.417  -22.531 0.6999999881
42004  -22.573  -31.547  -21.656 0.3000000119
37290  -25.635  -37.914  -22.980 0.6999999881
37291  -26.724  -37.620  -22.781 0.6999999881
35642  -21.726  -39.744  -23.898 0.6999999881
36486  -24.593  -37.889  -23.236 0.6000000238
36484  -22.624  -38.718  -23.264 0.6999999881
34043  -22.693  -41.466  -24.208 0.6999999881
118318  -21.682  -39.120  -24.337 0.6000000238
34044  -23.854  -41.302  -24.505 0.6999999881
31492  -27.576  -44.217  -26.048 0.6000000238
31493  -28.177  -44.695  -26.699 0.5000000000
33239  -25.685  -42.056  -24.554 0.6999999881
34045  -25.511  -41.204  -24.818 0.6999999881
34055  -26.485  -41.611  -25.141 0.6999999881
34056  -27.232  -41.668  -25.732 0.6000000238
38098  -28.156  -36.986  -20.259 0.5000000000
38097  -27.982  -36.412  -20.882 0.4000000060
37279  -28.115  -37.199  -21.036 0.6000000238
38887  -27.811  -35.784  -21.466 0.5000000000
38106  -27.928  -36.632  -21.798 0.6000000238
37292  -27.470  -37.235  -22.426 0.6000000238
113021  -23.220  -31.443  -21.811 0.3000000119
37305  -26.186  -37.037  -23.226 0.6000000238
37303  -23.832  -37.527  -23.607 0.6000000238
34821  -23.306  -40.510  -24.596 0.6999999881
35627  -21.568  -38.963  -23.906 0.6000000238
37302  -22.579  -37.967  -23.776 0.6000000238
35643  -22.321  -39.664  -24.608 0.6999999881
35649  -21.990  -38.858  -25.002 0.6000000238
33252  -27.139  -42.375  -25.370 0.6999999881
32419  -27.597  -43.234  -25.873 0.6000000238
32428  -28.782  -43.279  -27.385 0.5000000000
33260  -27.811  -42.192  -26.226 0.6000000238
110815  -28.187  -42.970  -26.581 0.6000000238
33261  -28.469  -42.396  -27.204 0.5000000000
34063  -27.563  -41.139  -26.594 0.5000000000
34064  -28.179  -41.652  -27.085 0.5000000000
35659  -27.036  -39.723  -26.943 0.5000000000
113841  -27.637  -35.162  -21.240 0.4000000060
40468  -26.681  -33.413  -21.546 0.4000000060
38118  -27.485  -36.427  -22.605 0.6000000238
42016  -23.602  -31.028  -22.175 0.3000000119
42006  -24.840  -31.830  -21.923 0.3000000119
38117  -27.009  -36.955  -22.934 0.6000000238
43740  -23.090  -29.712  -23.036 0.3000000119
38125  -25.675  -36.189  -23.710 0.6000000238
38124  -24.083  -36.768  -23.854 0.5000000000
37304  -25.027  -37.143  -23.522 0.6000000238
37301  -21.802  -37.962  -24.241 0.6000000238
36493  -21.624  -38.245  -24.419 0.6000000238
37314  -22.938  -37.030  -24.028 0.6000000238
36494  -21.657  -38.537  -24.567 0.6000000238
37312  -21.467  -37.059  -24.661 0.6000000238
36505  -21.633  -38.121  -25.083 0.6000000238
110165  -25.136  -40.517  -25.211 0.6999999881
34833  -26.071  -40.586  -25.642 0.5000000000
34062  -26.875  -41.067  -25.870 0.5000000000
40451  -26.993  -34.114  -21.154 0.4000000060
39710  -27.431  -34.523  -21.550 0.4000000060
102967  -27.756  -35.866  -22.149 0.5000000000
40469  -27.269  -33.732  -21.941 0.4000000060
106693  -24.008  -30.653  -22.557 0.3000000119
42851  -24.838  -30.549  -22.820 0.3000000119
112535  -25.379  -31.297  -22.448 0.4000000060
38126  -26.812  -36.323  -23.216 0.4000000060
121500  -24.840  -36.558  -23.788 0.5000000000
38134  -23.197  -36.209  -24.163 0.5000000000
37313  -22.027  -36.917  -24.324 0.6000000238
38916  -23.568  -35.384  -24.361 0.5000000000
36504  -21.570  -38.189  -24.855 0.6000000238
38132  -20.917  -36.265  -24.887 0.6000000238
35651  -24.012  -39.380  -25.622 0.6000000238
36506  -22.461  -38.274  -25.526 0.6000000238
34832  -24.285  -40.138  -25.182 0.5000000000
35652  -25.120  -39.791  -25.900 0.5000000000
36519  -25.584  -39.183  -26.327 0.5000000000
36520  -26.450  -38.797  -26.321 0.5000000000
119042  -26.449  -39.357  -26.602 0.5000000000
38900  -27.643  -35.085  -22.043 0.4000000060
39720  -27.434  -34.209  -22.394 0.4000000060
101686  -27.453  -34.704  -22.804 0.4000000060
38910  -27.399  -35.542  -22.849 0.4000000060
40479  -27.317  -33.251  -22.814 0.4000000060
38909  -27.112  -34.828  -23.541 0.4000000060
38908  -26.712  -35.647  -23.515 0.4000000060
43753  -23.938  -29.330  -23.367 0.3000000119
38917  -24.945  -35.377  -24.255 0.4000000060
39737  -24.043  -34.567  -24.625 0.4000000060
38915  -22.015  -35.441  -24.380 0.5000000000
38133  -21.192  -36.103  -24.594 0.6000000238
121304  -22.130  -36.399  -24.272 0.5000000000
39736  -22.572  -34.504  -24.593 0.5000000000
37319  -21.732  -37.448  -25.389 0.6000000238
108339  -20.560  -35.459  -24.911 0.5000000000
38914  -20.809  -35.031  -24.755 0.5000000000
36507  -23.630  -38.696  -25.778 0.6000000238
113824  -21.204  -36.530  -25.330 0.6000000238
109754  -23.359  -38.061  -25.821 0.6000000238
109829  -24.629  -39.051  -26.068 0.5000000000
120210  -25.023  -38.788  -26.183 0.5000000000
108312  -27.260  -39.195  -26.761 0.5000000000
46308  -22.995  -26.846  -24.666 0.3000000119
104551  -24.417  -27.718  -24.495 0.4000000060
45481  -24.942  -27.071  -25.028 0.4000000060
113224  -21.836  -36.838  -25.745 0.5000000000
47111  -23.220  -25.491  -25.617 0.4000000060
37320  -22.620  -37.453  -25.790 0.5000000000
39757  -20.715  -33.793  -26.494 0.5000000000
40503  -20.935  -33.428  -25.755 0.5000000000
37321  -23.740  -37.452  -25.902 0.5000000000
38926  -21.009  -34.867  -26.448 0.5000000000
36508  -24.398  -38.320  -25.969 0.5000000000
37322  -24.921  -37.508  -25.790 0.6000000238
36521  -27.414  -38.556  -26.248 0.5000000000
36509  -25.592  -38.334  -25.989 0.6000000238
37323  -26.051  -37.459  -25.652 0.5000000000
36510  -26.707  -38.099  -25.773 0.6000000238
37332  -27.651  -37.881  -25.795 0.4000000060
46323  -24.419  -26.392  -25.372 0.4000000060
45473  -26.133  -28.122  -25.218 0.4000000060
38140  -22.878  -36.607  -26.142 0.5000000000
38928  -23.864  -35.980  -26.431 0.5000000000
38141  -24.347  -36.688  -25.976 0.5000000000
38929  -24.979  -36.061  -26.143 0.5000000000
38940  -23.400  -35.260  -27.023 0.5000000000
37325  -27.942  -37.136  -25.650 0.4000000060
37324  -27.045  -37.334  -25.547 0.5000000000
110539  -25.733  -27.423  -25.521 0.4000000060
46333  -24.733  -25.779  -26.009 0.4000000060
38927  -22.405  -35.670  -26.612 0.5000000000
39772  -21.120  -33.133  -27.086 0.4000000060
38142  -25.434  -36.709  -25.760 0.4000000060
117420  -25.782  -36.092  -25.979 0.4000000060
38143  -26.466  -36.540  -25.646 0.5000000000
38144  -27.366  -36.631  -25.566 0.3000000119
39759  -22.755  -34.388  -27.454 0.4000000060
38931  -27.178  -35.898  -25.676 0.5000000000
113980  -27.722  -35.419  -25.821 0.4000000060
38943  -27.012  -35.170  -26.097 0.4000000060
103005  -25.280  -34.884  -26.853 0.4000000060
38945  -29.543  -35.191  -25.907 0.4000000060
38930  -26.365  -35.671  -26.003 0.4000000060
39763  -27.748  -34.740  -26.169 0.4000000060
40531  -25.529  -33.701  -27.684 0.4000000060
117682  -28.661  -34.462  -26.221 0.4000000060
38944  -28.526  -35.311  -25.875 0.4000000060
39765  -30.176  -34.645  -25.819 0.4000000060
39761  -25.934  -34.374  -27.090 0.4000000060
39762  -26.882  -34.498  -26.657 0.3000000119
40519  -26.605  -33.845  -27.319 0.4000000060
108910  -26.218  -33.291  -27.997 0.4000000060
40520  -27.731  -33.935  -26.831 0.3000000119
40521  -28.813  -33.698  -26.635 0.4000000060
116003  -29.521  -33.523  -26.411 0.5000000000
40532  -27.210  -33.295  -27.647 0.4000000060
40533  -28.194  -33.200  -27.312 0.4000000060
20407  -26.622  -57.261  -17.154 0.6999999881
18779  -19.650  -59.262  -17.300 0.6000000238
22044  -24.737  -55.672  -15.493 0.6999999881
23747  -23.934  -53.167  -15.545 0.6000000238
24594  -26.403  -52.292  -18.582 0.8000000119
22926  -18.440  -54.477  -19.522 0.4000000060
25487  -22.939  -52.106  -25.383 0.8000000119
108845  -19.647  -50.990  -18.688 0.5000000000
30514  -18.819  -45.213  -17.543 0.4000000060
28029  -22.165  -48.713  -16.816 0.6000000238
28924  -21.972  -46.971  -17.236 0.6000000238
28891  -24.821  -47.041  -14.830 0.6999999881
104638  -26.339  -45.926  -15.207 0.6999999881
32273  -24.961  -43.796  -14.686 0.6999999881
103971  -26.777  -42.975  -15.261 0.6999999881
34762  -26.897  -40.880  -20.711 0.6999999881
35550  -27.426  -39.809  -16.716 0.6000000238
118498  -27.953  -40.788  -19.723 0.6999999881
35535  -25.337  -39.944  -16.151 0.6000000238
38082  -27.815  -36.321  -20.060 0.4000000060
39730  -27.347  -33.954  -23.315 0.4000000060
38941  -24.619  -35.425  -26.652 0.4000000060
18890  -28.393  -59.393  -26.581 0.5000000000
18160  -27.290  -60.172  -23.870 0.6999999881
111718  -29.357  -56.341  -25.340 0.5000000000
18068  -19.524  -60.481  -16.361 0.5000000000
22151  -28.216  -55.287  -26.505 0.6999999881
19551  -26.441  -58.228  -18.515 0.6999999881
109412  -26.175  -57.556  -19.142 0.6999999881
120866  -26.098  -57.328  -23.058 0.6999999881
102910  -25.837  -56.785  -23.009 0.6999999881
22136  -24.737  -55.166  -24.173 0.6999999881
21289  -25.584  -56.242  -23.583 0.6999999881
22986  -27.720  -54.404  -24.895 0.6999999881
22970  -27.652  -54.163  -22.822 0.5000000000
23864  -27.212  -53.730  -24.425 0.6000000238
24649  -26.945  -52.825  -22.993 0.5000000000
105307  -21.581  -58.001  -16.927 0.6000000238
21246  -25.674  -56.365  -19.977 0.6999999881
114037  -26.554  -53.508  -25.926 0.6999999881
101082  -22.836  -57.828  -16.178 0.6000000238
21223  -26.567  -56.438  -17.047 0.8000000119
22087  -25.898  -55.880  -19.345 0.6999999881
24634  -27.998  -52.969  -20.873 0.4000000060
21228  -20.798  -56.848  -17.731 0.6000000238
24666  -23.869  -52.910  -25.848 0.8000000119
22915  -26.410  -54.033  -17.240 0.6999999881
118192  -25.506  -53.057  -19.842 0.8000000119
24642  -26.858  -52.020  -22.674 0.5000000000
24545  -25.301  -52.986  -15.917 0.6999999881
22067  -20.059  -55.744  -18.089 0.6000000238
24579  -26.547  -52.318  -17.709 0.8000000119
23825  -24.511  -53.254  -20.948 0.8000000119
25465  -27.291  -51.713  -21.863 0.6000000238
112113  -20.741  -53.972  -16.799 0.6000000238
25462  -23.347  -51.643  -23.005 0.8999999762
26333  -27.103  -50.429  -22.138 0.6000000238
26310  -28.312  -50.529  -20.449 0.4000000060
23815  -18.106  -53.638  -20.155 0.3000000119
22913  -19.786  -54.907  -17.919 0.5000000000
22073  -19.545  -55.439  -18.556 0.5000000000
22085  -19.500  -56.214  -19.382 0.5000000000
22098  -18.497  -55.740  -20.884 0.4000000060
25451  -24.313  -51.459  -21.301 0.8999999762
26361  -23.792  -50.864  -25.550 0.8000000119
121083  -22.640  -51.467  -16.070 0.6000000238
25351  -23.909  -51.346  -15.713 0.6000000238
24560  -21.025  -52.613  -16.712 0.5000000000
121853  -18.767  -54.292  -18.817 0.4000000060
23799  -19.020  -53.787  -18.336 0.5000000000
108362  -19.411  -53.231  -17.903 0.5000000000
113665  -26.418  -50.107  -23.230 0.6999999881
28101  -27.442  -48.067  -22.264 0.6000000238
28090  -28.382  -48.601  -21.270 0.4000000060
25375  -22.371  -50.872  -16.343 0.6000000238
25416  -19.222  -51.045  -19.456 0.5000000000
28020  -26.382  -48.992  -16.069 0.6999999881
26256  -22.718  -50.171  -16.230 0.6000000238
28058  -20.003  -48.503  -19.293 0.5000000000
27152  -20.810  -48.866  -18.086 0.6000000238
26281  -20.042  -50.089  -18.682 0.5000000000
28059  -20.374  -48.280  -18.743 0.6000000238
27153  -21.249  -49.390  -17.540 0.6000000238
26271  -21.405  -50.139  -17.193 0.5000000000
111080  -18.265  -44.715  -17.396 0.4000000060
28031  -27.249  -48.359  -16.814 0.6999999881
27199  -24.170  -49.732  -21.964 0.8000000119
27219  -22.266  -49.994  -24.534 0.8999999762
108014  -20.669  -45.880  -17.866 0.4000000060
29704  -22.081  -46.159  -17.158 0.5000000000
30501  -21.660  -45.654  -17.377 0.5000000000
119413  -27.460  -48.044  -17.380 0.6999999881
31386  -21.202  -44.135  -17.039 0.5000000000
107079  -21.624  -44.895  -17.183 0.5000000000
28083  -26.355  -47.751  -20.060 0.6999999881
27231  -22.199  -49.190  -24.721 0.8000000119
29783  -27.429  -46.798  -23.272 0.6999999881
29698  -22.985  -46.467  -16.026 0.6999999881
107986  -27.572  -46.966  -18.397 0.6999999881
29723  -28.043  -45.768  -18.026 0.6999999881
33959  -21.206  -41.809  -16.408 0.3000000119
29799  -24.755  -46.398  -25.010 0.8000000119
29815  -23.871  -46.636  -25.477 0.8000000119
29782  -27.181  -46.253  -24.022 0.6000000238
32299  -22.533  -43.844  -16.262 0.6000000238
33126  -22.824  -42.206  -15.835 0.4000000060
31430  -27.078  -44.317  -20.315 0.6999999881
29816  -24.516  -45.824  -25.403 0.8000000119
31379  -27.183  -44.284  -15.756 0.6999999881
104367  -24.038  -41.576  -15.350 0.5000000000
31389  -27.671  -43.970  -16.485 0.6999999881
31404  -28.052  -44.254  -18.010 0.6999999881
31418  -27.622  -44.452  -19.604 0.6999999881
32321  -27.964  -43.663  -18.428 0.6999999881
32328  -27.849  -43.800  -19.176 0.6999999881
33180  -27.141  -42.566  -20.201 0.6999999881
31452  -24.681  -44.702  -22.251 0.8000000119
32370  -24.268  -43.739  -22.234 0.8000000119
32291  -27.253  -43.472  -15.768 0.6999999881
35532  -22.864  -40.242  -16.253 0.3000000119
32300  -27.662  -43.030  -16.375 0.6999999881
32301  -27.979  -43.338  -17.005 0.6999999881
35545  -23.051  -39.638  -16.396 0.3000000119
35534  -24.527  -40.247  -15.939 0.5000000000
33156  -27.992  -42.796  -17.543 0.6999999881
104422  -27.915  -43.006  -18.834 0.6999999881
113293  -28.100  -41.186  -19.080 0.6999999881
113327  -26.266  -41.188  -15.524 0.6000000238
36399  -25.217  -38.695  -16.692 0.3000000119
108582  -28.107  -41.885  -17.464 0.6999999881
38046  -23.909  -36.804  -17.918 0.3000000119
105968  -24.611  -36.882  -17.864 0.3000000119
35548  -25.712  -39.328  -16.428 0.6000000238
35549  -26.677  -39.321  -16.561 0.6000000238
34739  -28.111  -40.437  -17.419 0.6999999881
105023  -28.198  -41.021  -17.772 0.6999999881
112631  -28.242  -40.862  -18.469 0.6999999881
34764  -28.135  -39.978  -19.878 0.6000000238
35613  -22.869  -39.979  -22.443 0.8000000119
38048  -26.006  -36.937  -17.985 0.3000000119
36411  -27.636  -38.472  -17.482 0.5000000000
39678  -24.387  -34.799  -19.894 0.3000000119
38842  -25.565  -35.924  -18.962 0.3000000119
36462  -27.672  -38.460  -21.592 0.6000000238
33251  -26.392  -42.481  -24.848 0.6999999881
104433  -26.649  -36.634  -18.518 0.3000000119
39679  -25.319  -35.001  -19.813 0.3000000119
106154  -24.309  -33.558  -20.731 0.3000000119
39695  -25.789  -34.386  -20.351 0.3000000119
36463  -28.129  -37.993  -21.017 0.6000000238
108811  -24.794  -41.634  -24.495 0.6999999881
34822  -24.551  -40.884  -24.728 0.6999999881
32420  -28.167  -43.795  -26.673 0.5000000000
38875  -27.670  -35.710  -20.698 0.4000000060
34831  -23.388  -39.752  -25.068 0.6000000238
35650  -22.913  -39.106  -25.363 0.6000000238
34073  -28.310  -40.859  -27.625 0.4000000060
41183  -26.316  -32.695  -21.828 0.4000000060
42017  -24.410  -31.170  -22.283 0.3000000119
42850  -23.338  -30.434  -22.576 0.3000000119
43741  -23.967  -30.089  -22.948 0.3000000119
38135  -24.423  -36.100  -24.041 0.5000000000
42862  -25.499  -30.122  -23.282 0.4000000060
45480  -23.947  -26.966  -24.772 0.3000000119
45472  -25.411  -27.780  -24.793 0.4000000060
38139  -21.401  -36.054  -26.019 0.5000000000
38942  -26.186  -34.991  -26.477 0.4000000060
39764  -29.522  -34.188  -26.149 0.4000000060
40522  -30.046  -33.772  -26.003 0.3000000119
111135  -24.665  -62.717  -21.177 0.5000000000
104211  -26.037  -62.763  -22.301 0.5000000000
15847  -23.233  -62.928  -19.045 0.4000000060
16621  -24.105  -62.782  -19.000 0.5000000000
105771  -24.243  -62.661  -20.424 0.5000000000
16655  -25.334  -62.644  -20.469 0.5000000000
102463  -26.275  -62.424  -20.810 0.6000000238
16676  -26.586  -62.405  -21.696 0.6000000238
15829  -23.650  -62.976  -18.271 0.5000000000
16603  -24.068  -62.838  -17.301 0.5000000000
16622  -24.916  -62.605  -18.986 0.5000000000
16638  -26.104  -62.238  -19.528 0.5000000000
17402  -26.590  -62.114  -20.194 0.6000000238
18121  -26.987  -61.323  -20.671 0.6000000238
17418  -26.993  -62.031  -21.018 0.6000000238
18137  -27.209  -61.276  -21.511 0.6000000238
18138  -27.348  -61.143  -22.418 0.6000000238
18148  -27.214  -60.182  -22.927 0.6000000238
111679  -24.671  -62.460  -17.100 0.5000000000
112336  -25.569  -62.339  -18.932 0.5000000000
17390  -26.476  -61.776  -19.425 0.6000000238
16587  -23.621  -62.476  -16.484 0.5000000000
16588  -24.439  -62.276  -16.642 0.5000000000
107852  -26.778  -61.491  -19.992 0.6000000238
17340  -21.853  -61.392  -16.103 0.5000000000
16572  -23.200  -61.953  -16.123 0.5000000000
108166  -26.815  -60.354  -21.106 0.6000000238
103443  -27.024  -60.263  -22.014 0.6000000238
102855  -25.618  -62.134  -18.202 0.5000000000
119402  -26.370  -61.406  -18.781 0.5000000000
16573  -24.075  -61.826  -16.166 0.5000000000
17356  -24.886  -61.622  -16.386 0.5000000000
16589  -25.104  -62.065  -16.915 0.5000000000
17366  -26.139  -61.063  -17.376 0.5000000000
18104  -26.651  -61.007  -19.238 0.6000000238
17341  -22.758  -61.336  -16.004 0.5000000000
17342  -23.651  -61.236  -15.948 0.5000000000
106328  -26.679  -60.455  -20.056 0.6000000238
18053  -21.422  -60.718  -16.133 0.5000000000
18054  -22.314  -60.633  -16.027 0.5000000000
18830  -26.387  -59.410  -20.732 0.6000000238
18844  -26.552  -59.390  -21.665 0.6000000238
18870  -26.956  -59.341  -23.495 0.6000000238
18855  -26.765  -59.363  -22.560 0.6000000238
111468  -24.528  -61.081  -15.977 0.5000000000
102911  -26.325  -59.742  -16.599 0.5000000000
103252  -26.454  -60.222  -17.302 0.6000000238
19541  -26.625  -58.865  -17.888 0.6000000238
18056  -24.093  -60.455  -15.817 0.5000000000
18092  -26.477  -60.713  -18.266 0.6000000238
115829  -26.607  -59.728  -18.078 0.6000000238
18766  -19.370  -59.867  -16.671 0.5000000000
19610  -26.342  -58.607  -22.225 0.6000000238
18753  -24.492  -59.640  -15.759 0.5000000000
18057  -24.986  -60.290  -15.837 0.5000000000
19533  -26.637  -58.677  -17.157 0.6000000238
106807  -22.811  -59.894  -16.015 0.5000000000
18750  -21.902  -59.891  -16.216 0.5000000000
18751  -22.637  -59.200  -16.286 0.6000000238
19522  -25.632  -58.503  -15.867 0.6000000238
102662  -25.368  -59.451  -15.839 0.5000000000
19523  -26.243  -58.366  -16.262 0.5000000000
110428  -26.560  -58.150  -16.799 0.6000000238
121751  -23.244  -59.266  -16.054 0.6000000238
116477  -23.970  -58.864  -15.838 0.6000000238
19532  -21.514  -58.678  -16.841 0.5000000000
18767  -22.022  -59.003  -16.577 0.5000000000
106847  -23.161  -58.560  -16.118 0.6000000238
20392  -24.751  -58.139  -15.728 0.6000000238
20393  -25.505  -57.576  -15.780 0.6000000238
117417  -26.041  -57.825  -15.995 0.5000000000
20403  -26.347  -57.581  -16.419 0.6000000238
20412  -26.478  -57.369  -18.188 0.6000000238
20394  -26.044  -57.109  -16.032 0.6999999881
27211  -27.316  -49.591  -21.883 0.5000000000
30612  -26.601  -44.986  -25.614 0.5000000000
101012  -30.348  -33.206  -25.737 0.3000000119
115550  -30.347  -32.435  -25.683 0.3000000119
107588  -30.515  -32.044  -25.093 0.3000000119
15846  -22.391  -63.065  -19.123 0.4000000060
16654  -23.308  -62.622  -20.416 0.5000000000
16673  -23.686  -62.587  -21.124 0.5000000000
16702  -26.727  -62.432  -22.664 0.5000000000
15828  -22.827  -63.175  -18.346 0.4000000060
17419  -27.223  -61.988  -21.994 0.6000000238
17438  -27.285  -61.845  -22.904 0.5000000000
18161  -27.415  -60.997  -23.309 0.5000000000
15813  -22.497  -63.265  -17.553 0.4000000060
16586  -22.723  -62.545  -16.423 0.5000000000
16570  -21.395  -62.057  -16.233 0.5000000000
16571  -22.306  -62.022  -16.161 0.5000000000
17339  -20.932  -61.429  -16.169 0.3000000119
18051  -19.278  -61.035  -16.206 0.4000000060
18764  -17.520  -59.807  -16.783 0.4000000060
27190  -28.437  -49.491  -20.625 0.4000000060
26321  -27.633  -50.177  -21.207 0.4000000060
120331  -27.729  -45.317  -25.959 0.5000000000
29827  -28.265  -45.561  -26.616 0.5000000000
37250  -28.268  -37.606  -19.752 0.4000000060
41230  -30.104  -32.568  -26.143 0.3000000119
42047  -30.440  -31.174  -25.226 0.3000000119
15827  -21.971  -63.330  -18.351 0.4000000060
102813  -26.596  -60.062  -19.018 0.6000000238
117932  -20.973  -59.062  -17.045 0.5000000000
18069  -20.270  -60.165  -16.413 0.5000000000
118637  -21.165  -59.538  -16.599 0.6000000238
29817  -27.867  -45.697  -25.693 0.5000000000
18052  -20.580  -60.784  -16.188 0.4000000060
16675  -25.601  -62.708  -21.479 0.6000000238
16634  -22.825  -62.778  -19.778 0.4000000060
16636  -24.651  -62.661  -19.707 0.5000000000
16656  -26.024  -62.421  -20.127 0.6000000238
119377  -25.137  -62.478  -18.381 0.5000000000
15796  -23.095  -63.041  -16.932 0.5000000000
17357  -25.599  -61.377  -16.771 0.5000000000
17343  -25.360  -60.866  -16.217 0.5000000000
18055  -23.207  -60.572  -15.905 0.5000000000
18752  -23.633  -59.790  -15.869 0.5000000000
41229  -29.828  -33.003  -26.413 0.4000000060
15795  -22.238  -63.118  -16.796 0.4000000060
17458  -27.290  -61.678  -23.715 0.4000000060
18168  -27.358  -60.980  -24.185 0.4000000060
16585  -21.858  -62.583  -16.427 0.4000000060
115861  -18.941  -50.949  -20.189 0.4000000060
25402  -18.726  -51.773  -19.711 0.3000000119
24592  -18.791  -52.544  -18.945 0.4000000060
23798  -18.557  -53.505  -19.078 0.4000000060
27175  -19.280  -49.314  -20.527 0.4000000060
26294  -19.554  -50.215  -19.485 0.4000000060
28944  -18.079  -47.040  -19.611 0.4000000060
28945  -18.625  -47.207  -20.100 0.4000000060
121368  -19.446  -48.649  -20.361 0.4000000060
28044  -17.199  -47.938  -17.908 0.3000000119
105384  -17.262  -47.139  -17.602 0.4000000060
28946  -19.324  -47.494  -19.766 0.4000000060
28932  -17.868  -47.203  -18.329 0.4000000060
28933  -18.640  -46.807  -19.027 0.5000000000
28921  -18.209  -46.609  -17.947 0.4000000060
36398  -24.286  -38.734  -16.659 0.3000000119
37226  -28.098  -38.213  -18.133 0.3000000119
108130  -27.250  -36.981  -18.518 0.3000000119
37235  -27.702  -37.106  -18.812 0.3000000119
38083  -27.990  -36.974  -19.458 0.3000000119
38925  -20.642  -35.426  -25.448 0.4000000060
39697  -27.206  -34.978  -20.601 0.3000000119
38913  -20.419  -34.691  -25.270 0.4000000060
39756  -20.516  -34.442  -25.844 0.4000000060
41182  -25.289  -32.537  -21.619 0.3000000119
41193  -25.845  -32.000  -22.111 0.3000000119
39746  -21.574  -33.746  -25.056 0.4000000060
39745  -20.739  -34.142  -25.166 0.4000000060
38939  -22.110  -34.864  -27.076 0.4000000060
41184  -27.075  -32.951  -22.205 0.3000000119
41194  -26.726  -32.241  -22.425 0.3000000119
41195  -27.159  -32.540  -22.795 0.3000000119
42019  -27.029  -31.836  -23.077 0.3000000119
41205  -27.249  -32.423  -23.384 0.3000000119
120073  -27.114  -34.219  -23.857 0.3000000119
39738  -26.572  -34.427  -24.218 0.3000000119
42852  -26.007  -30.761  -23.046 0.3000000119
42018  -26.328  -31.535  -22.670 0.3000000119
38918  -26.163  -35.212  -23.996 0.3000000119
43755  -25.609  -29.492  -23.654 0.3000000119
104302  -25.440  -34.594  -24.528 0.3000000119
44586  -24.808  -29.013  -23.711 0.3000000119
44594  -24.987  -28.360  -24.268 0.3000000119
39747  -22.945  -33.700  -25.019 0.3000000119
46322  -23.515  -26.265  -25.164 0.3000000119
40504  -21.799  -33.041  -25.827 0.3000000119
46332  -24.008  -25.732  -25.624 0.3000000119
39758  -21.369  -33.955  -27.156 0.3000000119
39760  -24.175  -34.748  -27.254 0.3000000119
40486  -27.289  -33.004  -23.715 0.3000000119
42029  -27.026  -31.307  -23.529 0.3000000119
116024  -26.995  -33.650  -24.309 0.3000000119
42853  -26.665  -31.230  -23.170 0.3000000119
41211  -27.290  -32.225  -24.120 0.3000000119
115675  -27.074  -32.727  -24.628 0.3000000119
40493  -25.913  -33.860  -24.838 0.3000000119
42863  -26.292  -30.067  -23.658 0.3000000119
42870  -26.955  -30.152  -24.370 0.3000000119
42037  -27.245  -31.522  -24.487 0.3000000119
44587  -25.699  -28.852  -24.159 0.3000000119
43756  -26.400  -29.401  -24.239 0.3000000119
39748  -24.519  -33.840  -25.002 0.3000000119
40505  -23.454  -33.054  -25.647 0.3000000119
44595  -25.784  -28.343  -24.623 0.3000000119
46324  -25.331  -26.580  -25.870 0.3000000119
45482  -25.818  -27.211  -26.252 0.3000000119
40517  -21.489  -32.791  -26.752 0.3000000119
39773  -22.070  -33.356  -27.565 0.3000000119
39775  -24.863  -34.210  -27.439 0.3000000119
39774  -23.535  -33.858  -27.671 0.3000000119
41220  -26.427  -32.190  -25.479 0.3000000119
40507  -26.245  -33.072  -25.101 0.3000000119
42871  -27.205  -30.745  -24.796 0.3000000119
41221  -27.158  -32.043  -24.853 0.3000000119
44588  -26.353  -28.752  -24.779 0.3000000119
118452  -26.782  -29.362  -24.959 0.3000000119
40506  -25.047  -33.188  -25.471 0.3000000119
41219  -24.112  -32.373  -26.090 0.3000000119
45483  -26.169  -27.909  -26.099 0.3000000119
40518  -22.591  -32.425  -26.491 0.3000000119
45490  -25.683  -26.622  -26.886 0.3000000119
45491  -25.872  -27.407  -26.814 0.3000000119
40528  -21.993  -32.657  -27.440 0.3000000119
40529  -22.923  -32.842  -27.858 0.3000000119
40530  -24.281  -33.396  -27.938 0.3000000119
42879  -27.042  -29.964  -25.139 0.3000000119
116596  -26.956  -30.565  -25.439 0.3000000119
42045  -26.099  -31.434  -26.004 0.3000000119
44602  -26.449  -28.685  -25.487 0.3000000119
43766  -26.636  -29.276  -25.661 0.3000000119
112087  -26.560  -29.950  -25.927 0.3000000119
44606  -25.952  -27.890  -27.105 0.3000000119
44605  -25.231  -28.119  -27.982 0.3000000119
101734  -22.703  -32.184  -27.438 0.3000000119
41233  -22.927  -31.978  -27.867 0.3000000119
42046  -26.945  -31.381  -25.377 0.3000000119
41228  -24.959  -31.705  -26.284 0.3000000119
107278  -26.266  -28.551  -26.346 0.3000000119
43776  -26.067  -29.227  -26.674 0.3000000119
42890  -25.494  -30.013  -26.884 0.3000000119
43775  -25.502  -28.570  -27.470 0.3000000119
41227  -23.370  -31.709  -26.975 0.3000000119
45500  -25.681  -26.835  -28.406 0.3000000119
44614  -25.516  -27.365  -27.852 0.3000000119
44623  -25.164  -28.295  -28.033 0.3000000119
42060  -23.087  -31.167  -27.947 0.3000000119
40537  -23.819  -32.528  -28.252 0.3000000119
40538  -25.110  -33.063  -28.228 0.3000000119
42055  -23.954  -31.035  -27.142 0.3000000119
42056  -25.122  -30.833  -26.679 0.3000000119
42889  -24.762  -29.359  -27.693 0.3000000119
42888  -23.888  -30.271  -27.706 0.3000000119
42054  -23.180  -31.032  -27.712 0.3000000119
43785  -24.791  -28.995  -28.068 0.3000000119
42895  -24.135  -29.840  -28.063 0.3000000119
41240  -23.209  -31.304  -28.153 0.3000000119
41241  -23.617  -31.784  -28.324 0.3000000119
41242  -24.851  -32.275  -28.433 0.3000000119
40539  -26.779  -32.817  -28.243 0.3000000119
44624  -25.776  -27.798  -28.438 0.3000000119
42894  -23.607  -30.394  -27.979 0.3000000119
42061  -23.286  -30.682  -28.002 0.3000000119
103822  -25.408  -28.656  -28.355 0.3000000119
43784  -24.271  -29.884  -28.180 0.3000000119
42893  -23.307  -30.840  -28.127 0.3000000119
42065  -23.686  -31.239  -28.323 0.3000000119
42066  -25.058  -31.383  -28.522 0.3000000119
106097  -24.241  -31.692  -28.448 0.3000000119
42068  -27.680  -31.690  -28.699 0.3000000119
41243  -26.149  -32.263  -28.467 0.3000000119
120740  -25.879  -32.814  -28.330 0.3000000119
41244  -27.238  -32.262  -28.496 0.3000000119
45501  -26.118  -27.145  -29.008 0.3000000119
113061  -26.443  -27.837  -29.100 0.3000000119
44634  -26.357  -28.562  -28.932 0.3000000119
43790  -25.122  -29.382  -28.381 0.3000000119
42899  -23.930  -30.580  -28.266 0.3000000119
109841  -26.312  -29.849  -28.870 0.3000000119
42900  -25.188  -30.345  -28.517 0.3000000119
42902  -27.362  -31.184  -28.864 0.3000000119
120750  -25.876  -31.040  -28.638 0.3000000119
42067  -26.627  -31.584  -28.667 0.3000000119
41234  -27.666  -32.693  -27.978 0.3000000119
40534  -29.108  -33.060  -26.961 0.3000000119
41235  -28.518  -32.529  -27.562 0.3000000119
43791  -25.940  -29.132  -28.688 0.3000000119
43796  -26.631  -29.252  -29.075 0.3000000119
42901  -26.508  -30.778  -28.796 0.3000000119
41245  -28.064  -32.141  -28.297 0.3000000119
41236  -29.376  -32.368  -27.030 0.3000000119
18167  -27.174  -60.300  -24.856 0.4000000060
28057  -17.502  -47.604  -18.781 0.3000000119
28071  -19.521  -48.135  -20.052 0.4000000060
27162  -19.780  -49.176  -19.598 0.4000000060
39735  -21.420  -34.508  -24.685 0.4000000060
28069  -17.564  -47.204  -20.171 0.4000000060
28955  -18.047  -46.986  -20.578 0.4000000060
28081  -18.417  -47.248  -20.998 0.4000000060
28070  -19.009  -47.513  -20.572 0.4000000060
42030  -27.219  -31.715  -23.769 0.3000000119
42864  -26.754  -30.738  -23.620 0.3000000119
42865  -27.137  -31.017  -24.087 0.3000000119
46334  -25.298  -25.979  -26.505 0.3000000119
42878  -26.319  -30.738  -26.057 0.3000000119
105177  -25.453  -32.538  -25.689 0.3000000119
110493  -25.549  -26.485  -27.726 0.3000000119
41246  -28.758  -31.883  -27.789 0.3000000119
42909  -27.516  -30.488  -29.186 0.3000000119
28056  -17.004  -47.939  -19.343 0.4000000060
25437  -28.340  -51.535  -20.395 0.4000000060
18808  -15.815  -59.156  -19.652 0.3000000119
18829  -16.214  -58.794  -20.503 0.3000000119
19536  -16.857  -58.822  -18.142 0.3000000119
29718  -17.611  -46.174  -17.488 0.3000000119
108541  -17.008  -45.552  -17.368 0.3000000119
27174  -18.446  -48.674  -21.471 0.3000000119
28080  -17.680  -47.128  -21.093 0.3000000119
27186  -19.013  -48.009  -21.041 0.3000000119
121228  -19.191  -50.372  -20.104 0.3000000119
28079  -17.177  -47.548  -21.417 0.3000000119
111768  -17.996  -47.661  -21.420 0.3000000119
24622  -28.363  -52.447  -20.356 0.3000000119
15794  -21.534  -63.033  -16.657 0.4000000060
15814  -23.231  -63.125  -17.667 0.5000000000
15815  -24.479  -62.723  -18.259 0.5000000000
16604  -24.996  -62.428  -17.623 0.5000000000
16605  -25.644  -61.798  -17.453 0.5000000000
16623  -26.080  -61.965  -18.819 0.5000000000
16635  -23.727  -62.728  -19.723 0.4000000060
16637  -25.469  -62.508  -19.638 0.5000000000
16727  -26.938  -62.283  -23.512 0.4000000060
17358  -26.036  -60.587  -16.653 0.5000000000
17383  -26.108  -61.523  -18.136 0.5000000000
18749  -21.058  -60.220  -16.271 0.5000000000
18754  -26.064  -59.191  -16.137 0.5000000000
18763  -16.720  -59.850  -16.900 0.4000000060
18768  -25.784  -60.049  -16.121 0.5000000000
18778  -18.048  -59.284  -17.232 0.5000000000
18789  -16.283  -59.014  -18.881 0.5000000000
19520  -22.566  -58.513  -16.381 0.5000000000
20401  -21.742  -57.236  -16.693 0.6000000238
20444  -19.523  -57.837  -20.626 0.3000000119
21319  -29.146  -56.869  -26.265 0.5000000000
21324  -26.779  -55.860  -27.326 0.6999999881
22072  -18.953  -55.087  -19.046 0.4000000060
22162  -28.728  -55.854  -26.694 0.6000000238
22962  -27.785  -53.955  -21.890 0.5000000000
22985  -23.930  -54.389  -25.125 0.8000000119
23748  -24.431  -53.909  -15.507 0.6999999881
23853  -23.086  -53.438  -24.250 0.8000000119
23861  -22.493  -52.948  -24.778 0.8000000119
23871  -23.402  -53.418  -25.464 0.8000000119
24660  -22.460  -52.654  -25.063 0.8000000119
25354  -25.885  -51.111  -16.307 0.6999999881
25471  -22.270  -51.553  -24.687 0.8000000119
25496  -24.227  -52.224  -25.804 0.8000000119
26369  -23.638  -51.667  -25.638 0.8000000119
28017  -24.193  -48.444  -15.326 0.8000000119
28019  -25.972  -48.366  -15.536 0.8000000119
28973  -28.695  -47.415  -22.338 0.6000000238
30496  -27.115  -45.156  -15.846 0.6999999881
30503  -27.560  -45.259  -16.492 0.6999999881
30526  -27.755  -46.252  -18.662 0.6999999881
31411  -27.993  -44.230  -18.633 0.6999999881
32288  -24.540  -42.923  -14.829 0.6000000238
37224  -26.183  -37.601  -17.527 0.3000000119
37311  -21.394  -37.307  -24.910 0.6000000238
38863  -25.233  -35.541  -19.307 0.3000000119
40502  -20.558  -33.910  -25.821 0.4000000060
40516  -20.913  -33.287  -26.377 0.5000000000
102048  -16.077  -59.244  -18.186 0.3000000119
102311  -26.460  -58.920  -16.638 0.6000000238
105108  -26.606  -59.368  -17.245 0.6000000238
105257  -17.134  -60.338  -16.548 0.4000000060
108383  -25.566  -35.514  -26.341 0.4000000060
109425  -18.239  -58.376  -20.553 0.4000000060
110599  -26.621  -58.081  -17.584 0.6000000238
111554  -27.269  -48.184  -18.376 0.6999999881
112299  -25.389  -50.097  -24.486 0.6999999881
113334  -22.301  -47.942  -25.321 0.8999999762
113758  -19.913  -60.785  -16.236 0.5000000000
113878  -26.965  -59.812  -25.433 0.4000000060
115156  -22.627  -45.975  -16.550 0.6000000238
117243  -24.865  -58.924  -15.732 0.6000000238
117952  -21.559  -37.712  -24.601 0.6000000238
118495  -24.093  -51.171  -21.668 0.8000000119
119120  -18.520  -58.584  -18.348 0.6000000238
120726  -20.782  -52.224  -17.015 0.5000000000
121009  -29.086  -56.278  -26.462 0.6000000238
121396  -26.880  -61.828  -20.471 0.6000000238
121819  -21.105  -33.067  -26.206 0.3000000119
121921  -30.173  -32.182  -26.055 0.3000000119
