#!ascii label  , from subject sub-v1s20x0050344_ses-1 vox2ras=TkReg
277
21407  40.524  -53.666  0.495 0.0000000000
102667  40.830  -64.081  -5.719 0.0000000000
121235  40.315  -58.769  -0.787 0.0000000000
17212  41.504  -57.717  -6.072 0.0000000000
13487  47.147  -64.047  -2.847 0.0000000000
14861  43.216  -61.865  -2.760 0.0000000000
13448  45.844  -63.518  0.773 0.0000000000
15637  41.305  -60.692  -6.892 0.0000000000
18037  37.428  -57.255  -4.808 0.0000000000
19701  42.336  -56.287  -1.379 0.0000000000
16388  41.451  -59.292  -3.450 0.0000000000
14887  44.800  -60.321  -6.232 0.0000000000
13506  44.653  -63.450  -5.442 0.0000000000
11012  46.654  -67.372  -3.219 0.0000000000
23132  43.219  -51.956  0.741 0.0000000000
20560  43.971  -55.818  -0.004 0.0000000000
18845  43.594  -57.561  -0.478 0.0000000000
20583  37.226  -54.337  -3.118 0.0000000000
14116  43.733  -62.282  0.627 0.0000000000
14183  41.211  -62.688  -6.243 0.0000000000
15626  38.596  -60.724  -5.713 0.0000000000
109705  41.407  -57.604  -1.599 0.0000000000
16363  40.531  -59.084  -2.080 0.0000000000
14144  44.838  -62.927  -2.740 0.0000000000
14869  44.647  -61.447  -4.581 0.0000000000
14167  45.840  -61.829  -5.198 0.0000000000
14179  45.493  -61.796  -6.169 0.0000000000
12843  46.056  -63.862  -4.318 0.0000000000
11029  44.980  -67.511  -3.927 0.0000000000
19691  44.975  -57.066  0.849 0.0000000000
19692  44.228  -57.505  -0.460 0.0000000000
18816  45.254  -57.828  0.250 0.0000000000
18881  40.573  -56.404  -4.507 0.0000000000
18873  39.010  -55.809  -4.049 0.0000000000
101628  36.390  -55.663  -6.037 0.0000000000
20613  36.420  -54.244  -5.547 0.0000000000
15558  41.446  -60.589  0.165 0.0000000000
106004  41.757  -61.159  -1.560 0.0000000000
14845  42.715  -61.876  -0.832 0.0000000000
108188  44.701  -63.060  -1.271 0.0000000000
13472  46.979  -63.972  -1.623 0.0000000000
16412  41.330  -59.131  -6.677 0.0000000000
17204  39.288  -58.042  -5.247 0.0000000000
16402  38.546  -59.171  -5.156 0.0000000000
17214  36.948  -58.431  -5.419 0.0000000000
12246  40.510  -65.542  -5.767 0.0000000000
20571  41.736  -55.125  -0.786 0.0000000000
18026  41.480  -56.856  -4.021 0.0000000000
17203  42.267  -57.790  -5.569 0.0000000000
14872  42.017  -60.485  -3.402 0.0000000000
15615  43.882  -59.746  -5.055 0.0000000000
16411  42.877  -59.192  -6.499 0.0000000000
14899  44.036  -60.515  -7.255 0.0000000000
14181  43.347  -62.361  -6.429 0.0000000000
12856  42.383  -63.809  -5.416 0.0000000000
12209  47.062  -65.415  -3.393 0.0000000000
11630  46.150  -65.831  -3.731 0.0000000000
12231  43.363  -65.450  -4.543 0.0000000000
12245  41.389  -65.463  -5.401 0.0000000000
102324  40.626  -51.167  1.509 0.0000000000
22267  41.563  -52.756  1.242 0.0000000000
21391  43.410  -53.620  0.754 0.0000000000
20546  42.256  -54.220  0.647 0.0000000000
19694  42.794  -55.881  -0.767 0.0000000000
18856  42.920  -57.104  -1.220 0.0000000000
17982  41.716  -57.607  -0.184 0.0000000000
18819  42.893  -57.244  0.636 0.0000000000
17983  40.577  -57.772  0.593 0.0000000000
19728  36.984  -55.802  -4.238 0.0000000000
21395  40.110  -53.112  1.049 0.0000000000
22282  39.440  -52.667  0.771 0.0000000000
21408  39.717  -53.328  0.343 0.0000000000
13524  40.624  -63.292  -6.024 0.0000000000
119746  40.473  -62.601  -6.197 0.0000000000
113341  40.720  -58.200  -1.161 0.0000000000
17160  40.522  -58.621  -1.630 0.0000000000
15575  40.616  -59.871  -1.584 0.0000000000
13489  45.897  -63.099  -3.451 0.0000000000
14157  45.400  -62.273  -4.115 0.0000000000
13488  46.332  -63.487  -3.810 0.0000000000
13504  46.064  -62.865  -4.846 0.0000000000
12824  46.682  -64.142  -3.590 0.0000000000
9687  44.459  -69.736  -3.879 0.0000000000
18045  41.055  -57.195  -5.700 0.0000000000
18882  39.608  -56.421  -4.553 0.0000000000
18034  40.458  -56.791  -5.138 0.0000000000
20625  36.445  -54.702  -6.465 0.0000000000
14832  41.992  -61.240  -0.373 0.0000000000
14816  42.531  -61.206  0.995 0.0000000000
14115  44.736  -62.705  1.007 0.0000000000
14130  43.880  -62.587  -0.624 0.0000000000
14129  45.047  -63.020  0.272 0.0000000000
13460  45.585  -63.378  -0.361 0.0000000000
13459  46.662  -63.704  -0.144 0.0000000000
16424  41.631  -59.873  -7.224 0.0000000000
106141  40.167  -59.415  -6.324 0.0000000000
15624  40.683  -60.086  -6.694 0.0000000000
15617  38.054  -60.061  -5.215 0.0000000000
16415  37.211  -60.118  -5.304 0.0000000000
118258  36.610  -58.002  -6.020 0.0000000000
19702  41.350  -55.294  -1.445 0.0000000000
19704  41.720  -55.979  -2.031 0.0000000000
106078  41.907  -57.398  -4.666 0.0000000000
16387  42.298  -58.708  -4.602 0.0000000000
14862  42.436  -61.557  -2.181 0.0000000000
14863  41.798  -60.865  -2.632 0.0000000000
14871  42.687  -61.103  -3.333 0.0000000000
14879  44.574  -60.386  -5.384 0.0000000000
14880  43.676  -60.757  -4.351 0.0000000000
15614  43.507  -59.217  -5.946 0.0000000000
111695  44.476  -59.687  -6.087 0.0000000000
16422  43.773  -59.521  -6.985 0.0000000000
14898  44.584  -60.349  -6.818 0.0000000000
13520  45.393  -62.528  -6.067 0.0000000000
14180  44.561  -62.029  -6.426 0.0000000000
13521  44.096  -62.948  -6.098 0.0000000000
13522  42.793  -63.196  -5.903 0.0000000000
12855  43.322  -63.704  -5.375 0.0000000000
8972  46.462  -71.078  -0.892 0.0000000000
102677  46.807  -68.171  -3.123 0.0000000000
10322  47.033  -68.839  -2.760 0.0000000000
11011  46.875  -67.126  -2.990 0.0000000000
11616  46.896  -66.262  -3.251 0.0000000000
11028  46.091  -66.980  -3.608 0.0000000000
11030  43.754  -67.761  -4.300 0.0000000000
11632  43.902  -66.161  -4.199 0.0000000000
11633  42.808  -66.214  -4.747 0.0000000000
12244  42.470  -65.258  -5.004 0.0000000000
23134  41.605  -51.346  1.312 0.0000000000
117272  41.796  -52.048  1.317 0.0000000000
109107  41.100  -52.006  1.489 0.0000000000
22266  42.425  -52.443  1.125 0.0000000000
20559  45.099  -55.167  0.370 0.0000000000
20544  44.251  -54.501  0.499 0.0000000000
20545  43.215  -54.394  0.565 0.0000000000
20561  43.054  -55.241  -0.083 0.0000000000
19693  43.946  -56.671  -0.982 0.0000000000
18844  44.443  -57.434  -0.783 0.0000000000
19699  44.266  -57.278  -1.034 0.0000000000
17980  43.935  -57.260  -1.040 0.0000000000
17981  42.910  -57.471  -0.757 0.0000000000
19670  42.120  -56.311  1.654 0.0000000000
18820  41.778  -56.861  1.127 0.0000000000
18847  41.288  -57.259  0.789 0.0000000000
104311  38.515  -57.657  -4.699 0.0000000000
18036  38.050  -57.162  -4.515 0.0000000000
18884  37.569  -56.529  -4.410 0.0000000000
108970  36.469  -53.878  -4.751 0.0000000000
14201  41.747  -62.042  -6.539 0.0000000000
105658  40.250  -61.123  -6.358 0.0000000000
18859  42.003  -56.907  -1.747 0.0000000000
18006  41.505  -57.114  -2.346 0.0000000000
18007  40.930  -57.928  -2.096 0.0000000000
113174  40.943  -58.757  -2.989 0.0000000000
14145  43.839  -62.549  -2.133 0.0000000000
14870  43.628  -61.477  -3.647 0.0000000000
14158  44.193  -62.135  -3.347 0.0000000000
14878  45.053  -61.261  -5.640 0.0000000000
14886  44.916  -61.203  -6.161 0.0000000000
14178  45.861  -61.803  -5.851 0.0000000000
13505  45.790  -63.027  -5.348 0.0000000000
11013  46.082  -68.148  -3.596 0.0000000000
10340  44.534  -68.614  -4.013 0.0000000000
102643  44.685  -56.101  0.189 0.0000000000
18817  44.681  -57.659  0.266 0.0000000000
19721  38.466  -55.322  -3.513 0.0000000000
19722  37.502  -55.188  -3.619 0.0000000000
106806  36.564  -56.505  -5.640 0.0000000000
102283  36.485  -55.730  -5.006 0.0000000000
19740  36.379  -55.044  -5.551 0.0000000000
21472  36.581  -53.671  -6.297 0.0000000000
15559  40.652  -59.931  -0.472 0.0000000000
105010  41.167  -60.595  -1.030 0.0000000000
14146  43.118  -62.121  -1.749 0.0000000000
13473  45.784  -63.545  -1.802 0.0000000000
113560  41.257  -58.217  -6.481 0.0000000000
17213  40.616  -57.832  -6.124 0.0000000000
106819  40.693  -58.541  -6.414 0.0000000000
16413  39.715  -58.755  -5.863 0.0000000000
17205  38.130  -58.534  -4.806 0.0000000000
15625  39.629  -60.483  -6.087 0.0000000000
16403  37.637  -59.393  -5.016 0.0000000000
116224  37.332  -57.943  -5.055 0.0000000000
17207  36.905  -57.405  -5.379 0.0000000000
18899  36.450  -56.372  -6.570 0.0000000000
12858  40.223  -64.698  -5.962 0.0000000000
20563  41.036  -54.347  -0.065 0.0000000000
20564  40.160  -53.930  -0.248 0.0000000000
20572  40.746  -54.585  -0.819 0.0000000000
18033  41.305  -56.816  -4.911 0.0000000000
18044  41.698  -57.314  -5.482 0.0000000000
15603  42.031  -59.763  -3.849 0.0000000000
15602  42.815  -60.214  -4.102 0.0000000000
15616  42.855  -59.326  -4.891 0.0000000000
16401  42.693  -58.649  -5.834 0.0000000000
104862  42.012  -58.591  -6.306 0.0000000000
16423  42.508  -59.537  -7.166 0.0000000000
15635  43.416  -60.101  -7.443 0.0000000000
14900  43.080  -60.801  -7.344 0.0000000000
14198  44.546  -61.148  -6.527 0.0000000000
14199  43.744  -61.393  -6.838 0.0000000000
14200  42.664  -61.735  -6.743 0.0000000000
14182  42.198  -62.642  -6.319 0.0000000000
13523  41.625  -63.455  -5.783 0.0000000000
12857  41.753  -64.473  -5.409 0.0000000000
120689  47.314  -64.342  -1.230 0.0000000000
9652  47.105  -69.489  -1.867 0.0000000000
103313  47.559  -64.854  -2.863 0.0000000000
12227  47.355  -64.889  -3.244 0.0000000000
12228  46.646  -64.832  -3.725 0.0000000000
12229  45.594  -64.885  -4.074 0.0000000000
12844  45.073  -64.107  -4.700 0.0000000000
11631  45.026  -66.560  -3.876 0.0000000000
107793  44.960  -65.720  -3.948 0.0000000000
12845  43.646  -64.459  -4.816 0.0000000000
117830  40.950  -64.857  -5.640 0.0000000000
105983  39.777  -49.930  1.337 0.0000000000
23999  40.436  -50.170  1.399 0.0000000000
24000  39.656  -50.685  1.369 0.0000000000
104133  40.405  -51.966  1.457 0.0000000000
22268  40.645  -52.616  1.327 0.0000000000
21394  40.943  -53.309  1.040 0.0000000000
21405  44.988  -53.716  0.361 0.0000000000
22265  43.259  -52.817  0.865 0.0000000000
21392  42.502  -53.378  0.961 0.0000000000
21393  41.693  -53.513  0.959 0.0000000000
21406  41.355  -53.968  0.565 0.0000000000
20562  42.008  -54.736  -0.047 0.0000000000
19700  43.595  -56.922  -1.153 0.0000000000
17995  42.108  -57.439  -1.110 0.0000000000
17996  41.116  -57.877  -0.629 0.0000000000
18846  42.406  -57.470  0.176 0.0000000000
17146  40.392  -58.419  -0.133 0.0000000000
106332  38.783  -56.969  -4.567 0.0000000000
18874  37.930  -55.890  -3.945 0.0000000000
19723  36.751  -54.914  -3.941 0.0000000000
19729  36.464  -54.812  -4.752 0.0000000000
108155  36.539  -54.293  -4.197 0.0000000000
8971  47.009  -70.291  -1.023 0.0000000000
12186  47.494  -65.140  -2.553 0.0000000000
12208  47.379  -65.345  -3.079 0.0000000000
12230  44.341  -65.111  -4.241 0.0000000000
12247  39.612  -65.494  -6.256 0.0000000000
13471  47.419  -64.334  -1.858 0.0000000000
13519  46.043  -62.190  -5.765 0.0000000000
14114  45.213  -63.086  1.222 0.0000000000
14156  46.025  -62.524  -4.694 0.0000000000
14166  46.100  -62.134  -5.467 0.0000000000
14831  42.923  -61.701  0.417 0.0000000000
14888  40.947  -61.793  -6.443 0.0000000000
14901  42.001  -61.196  -7.007 0.0000000000
15589  40.869  -59.632  -2.569 0.0000000000
15623  44.567  -59.907  -6.815 0.0000000000
15634  44.222  -60.042  -7.259 0.0000000000
15636  42.345  -60.298  -7.421 0.0000000000
16351  40.360  -59.276  -1.083 0.0000000000
16414  39.060  -59.832  -5.589 0.0000000000
16416  36.885  -59.405  -5.368 0.0000000000
17206  37.437  -58.662  -4.994 0.0000000000
18035  39.481  -57.166  -4.968 0.0000000000
18046  40.273  -57.340  -5.521 0.0000000000
18053  36.551  -57.169  -6.206 0.0000000000
18870  41.270  -56.316  -3.645 0.0000000000
18883  38.482  -56.434  -4.290 0.0000000000
18885  36.893  -56.572  -4.842 0.0000000000
20584  36.738  -53.684  -3.211 0.0000000000
21404  45.792  -54.135  0.128 0.0000000000
101440  43.226  -67.004  -4.541 0.0000000000
102282  44.152  -67.015  -4.187 0.0000000000
107484  39.938  -62.102  -6.187 0.0000000000
109700  46.926  -68.100  -2.778 0.0000000000
110259  37.800  -57.907  -4.748 0.0000000000
118382  42.673  -64.330  -5.127 0.0000000000
118544  41.664  -56.450  -2.384 0.0000000000
118884  36.639  -55.355  -4.458 0.0000000000
120958  42.284  -57.870  -4.733 0.0000000000
120991  45.269  -57.981  0.113 0.0000000000
