#!ascii label  , from subject sub-v1s20x0050338_ses-1 vox2ras=TkReg
850
47557  -26.449  -21.024  -31.321 0.4285714328
48537  -26.440  -20.169  -32.534 0.2857142985
48538  -27.179  -19.945  -32.235 0.4285714328
49530  -28.234  -19.007  -32.346 0.4285714328
49543  -27.229  -19.196  -33.309 0.2857142985
50516  -27.819  -18.788  -33.151 0.4285714328
50517  -28.614  -18.238  -32.826 0.4285714328
51542  -27.611  -17.751  -34.278 0.4285714328
51543  -28.185  -17.538  -34.122 0.4285714328
51560  -28.014  -17.097  -34.547 0.4285714328
52593  -28.449  -16.466  -34.765 0.4285714328
53615  -27.952  -15.853  -34.953 0.5714285970
52592  -28.265  -16.092  -34.948 0.5714285970
117679  -28.974  -16.271  -34.885 0.4285714328
53616  -29.216  -15.928  -35.528 0.2857142985
53628  -28.622  -15.723  -35.493 0.7142857313
53629  -29.084  -15.773  -36.166 0.7142857313
54646  -30.040  -15.663  -36.958 0.7142857313
54647  -30.976  -14.912  -36.144 0.4285714328
53630  -29.562  -15.716  -36.290 0.5714285970
104140  -32.012  -14.115  -37.502 0.5714285970
54661  -29.816  -15.588  -37.787 0.5714285970
106456  -31.175  -14.976  -37.869 0.5714285970
55656  -31.458  -14.631  -38.538 0.5714285970
55657  -32.528  -13.827  -38.272 0.5714285970
55658  -33.400  -13.263  -38.069 0.4285714328
55669  -33.123  -13.694  -38.955 0.5714285970
55680  -34.490  -13.311  -39.978 0.5714285970
54685  -30.540  -14.654  -38.830 0.7142857313
108915  -33.760  -13.251  -39.385 0.7142857313
55687  -34.378  -13.291  -40.770 0.7142857313
54698  -35.669  -14.057  -41.353 0.5714285970
55668  -32.276  -14.166  -39.051 0.5714285970
55655  -29.587  -14.174  -38.092 0.5714285970
55678  -32.139  -13.677  -39.518 0.8571428657
55693  -35.045  -13.532  -41.609 0.7142857313
53677  -35.991  -15.087  -42.337 0.5714285970
56569  -30.373  -13.146  -38.797 0.5714285970
54716  -35.220  -14.035  -43.765 0.7142857313
53684  -36.735  -15.177  -43.348 0.5714285970
119355  -33.106  -13.064  -40.389 0.7142857313
54703  -34.534  -13.842  -42.703 0.7142857313
56608  -35.702  -13.557  -44.225 0.5714285970
109496  -34.448  -13.126  -41.330 0.7142857313
55703  -36.583  -13.457  -44.926 0.5714285970
56588  -33.604  -13.013  -40.849 0.5714285970
56595  -34.167  -12.566  -41.529 0.7142857313
56604  -34.848  -13.370  -43.006 0.7142857313
57483  -35.417  -11.551  -42.337 0.7142857313
56606  -36.106  -13.241  -43.543 0.7142857313
57475  -34.211  -11.848  -42.023 0.7142857313
56600  -35.192  -12.588  -42.344 0.7142857313
57482  -34.670  -11.468  -42.327 0.7142857313
58344  -35.673  -10.229  -42.181 0.7142857313
58352  -35.846  -10.926  -42.232 0.5714285970
57466  -32.453  -11.933  -40.565 0.5714285970
59252  -35.426  -9.543  -42.000 0.5714285970
60104  -35.201  -8.671  -40.747 0.5714285970
57481  -33.763  -10.976  -42.258 0.8571428657
57473  -33.092  -11.012  -41.618 0.8571428657
60111  -35.077  -8.880  -41.679 0.7142857313
59251  -34.761  -9.179  -42.343 0.7142857313
58350  -34.434  -10.437  -42.529 0.8571428657
59258  -34.285  -9.612  -42.589 0.7142857313
61036  -34.119  -7.230  -42.843 0.8571428657
61026  -34.613  -7.480  -41.132 0.5714285970
60110  -34.549  -8.451  -42.223 0.8571428657
102129  -34.069  -8.785  -42.623 0.8571428657
108165  -33.366  -6.159  -43.246 0.8571428657
107240  -33.547  -5.500  -42.609 0.8571428657
63725  -32.424  -4.899  -44.047 0.8571428657
60117  -33.991  -7.947  -42.703 0.8571428657
62849  -32.863  -5.583  -43.571 0.8571428657
112294  -31.912  -5.994  -44.371 1.0000000000
62848  -32.068  -5.685  -44.500 1.0000000000
61965  -33.527  -6.865  -43.392 0.8571428657
63735  -31.589  -5.081  -44.901 1.0000000000
63734  -30.966  -4.471  -44.844 1.0000000000
64671  -29.503  -3.637  -44.335 0.7142857313
62870  -30.919  -5.395  -45.081 1.0000000000
64678  -30.265  -4.051  -44.543 1.0000000000
66644  -27.450  -1.417  -44.289 1.0000000000
67556  -27.602  -1.372  -43.710 0.8571428657
68361  -27.830  0.410  -43.195 0.8571428657
67555  -27.473  -0.545  -43.709 1.0000000000
120222  -28.012  3.143  -42.381 0.8571428657
69923  -28.407  2.383  -42.148 0.8571428657
69139  -28.366  1.271  -42.462 1.0000000000
71744  -28.111  4.974  -42.199 0.8571428657
102023  -27.495  4.662  -42.794 0.8571428657
107889  -28.625  5.283  -41.586 0.7142857313
71745  -28.778  4.331  -41.305 0.5714285970
72579  -28.826  6.001  -41.410 0.7142857313
73397  -28.550  6.664  -42.339 0.5714285970
73379  -29.982  6.737  -39.796 0.5714285970
102292  -29.187  5.168  -40.803 0.5714285970
74948  -29.769  8.487  -39.882 0.4285714328
75654  -29.600  9.005  -40.570 0.4285714328
74194  -29.424  7.915  -37.812 0.2857142985
74935  -29.841  8.021  -38.633 0.2857142985
74924  -28.547  8.520  -37.428 0.2857142985
49528  -26.863  -19.666  -32.966 0.2857142985
54709  -35.207  -14.436  -42.749 0.5714285970
115215  -34.791  -8.203  -41.400 0.5714285970
59259  -35.029  -9.900  -42.453 0.7142857313
115198  -34.418  -7.732  -42.096 0.8571428657
61955  -34.009  -6.374  -42.542 0.8571428657
63726  -33.084  -4.747  -42.885 0.8571428657
65646  -29.021  -3.230  -44.927 0.8571428657
74917  -26.922  8.248  -35.969 0.1428571492
49527  -26.152  -19.818  -33.247 0.2857142985
50536  -26.336  -18.678  -34.087 0.2857142985
50537  -27.248  -18.615  -33.888 0.2857142985
50538  -28.038  -18.136  -33.707 0.4285714328
51544  -29.140  -17.148  -33.631 0.4285714328
50553  -26.810  -17.912  -34.425 0.2857142985
100497  -27.922  -16.607  -34.760 0.4285714328
52579  -29.334  -16.655  -34.141 0.4285714328
118909  -26.961  -16.705  -34.770 0.5714285970
53641  -29.463  -15.667  -36.971 0.7142857313
54662  -30.579  -15.335  -37.470 0.4285714328
54660  -29.334  -15.247  -37.266 0.5714285970
55670  -34.748  -13.005  -38.987 0.4285714328
54672  -29.544  -14.981  -37.859 0.7142857313
54673  -29.919  -14.912  -38.349 0.7142857313
55679  -33.495  -13.212  -40.119 0.7142857313
105328  -29.943  -14.047  -38.729 0.5714285970
55666  -30.507  -13.902  -39.049 0.5714285970
103248  -36.554  -12.725  -42.581 0.5714285970
117949  -31.575  -13.342  -39.476 0.5714285970
54719  -37.839  -14.071  -45.118 0.5714285970
56599  -34.871  -12.644  -42.174 0.7142857313
55696  -34.532  -13.615  -42.897 0.7142857313
57484  -36.114  -11.710  -42.250 0.5714285970
56587  -32.874  -12.629  -40.600 0.8571428657
61956  -34.375  -6.963  -41.872 0.5714285970
103581  -33.332  -8.239  -42.862 1.0000000000
64679  -31.919  -4.240  -44.240 1.0000000000
61969  -31.733  -5.987  -44.298 1.0000000000
65636  -28.492  -3.100  -44.584 0.7142857313
108807  -28.175  -2.604  -44.860 1.0000000000
66653  -28.456  -2.331  -45.078 1.0000000000
66645  -27.802  -2.236  -44.302 0.7142857313
74214  -29.843  7.607  -40.085 0.7142857313
72574  -29.563  6.076  -40.439 0.7142857313
73387  -29.123  6.774  -41.260 0.7142857313
72567  -29.994  5.902  -39.488 0.4285714328
74937  -29.708  8.710  -38.979 0.2857142985
74213  -29.429  7.527  -41.060 0.4285714328
75623  -28.425  9.188  -37.755 0.2857142985
55624  -28.664  -14.568  -35.772 0.4285714328
117723  -28.981  -14.749  -36.618 0.4285714328
74938  -29.930  8.043  -39.371 0.4285714328
74934  -29.305  8.681  -38.137 0.2857142985
48527  -25.984  -20.673  -32.041 0.4285714328
48536  -25.667  -20.234  -32.722 0.2857142985
49511  -27.893  -19.635  -31.915 0.4285714328
49529  -27.528  -19.380  -32.652 0.4285714328
49542  -26.627  -19.282  -33.616 0.2857142985
51561  -28.644  -17.034  -34.248 0.4285714328
106269  -27.325  -17.099  -34.692 0.4285714328
52591  -27.489  -16.334  -34.804 0.4285714328
52603  -28.754  -15.947  -35.361 0.4285714328
54645  -28.981  -15.424  -36.407 0.5714285970
54674  -30.509  -15.164  -38.212 0.5714285970
56571  -33.981  -13.038  -38.521 0.4285714328
100416  -32.899  -13.556  -39.400 0.7142857313
55688  -35.408  -13.651  -40.619 0.5714285970
55667  -31.359  -14.150  -39.180 0.7142857313
55639  -29.359  -14.267  -37.107 0.7142857313
56580  -32.654  -13.167  -40.019 0.5714285970
54718  -36.462  -14.325  -44.616 0.5714285970
56586  -32.355  -12.578  -40.213 0.7142857313
56594  -33.386  -12.421  -41.128 0.8571428657
58351  -35.189  -10.684  -42.419 0.7142857313
57474  -33.588  -11.769  -41.597 0.8571428657
61035  -33.510  -7.434  -43.242 0.8571428657
59257  -33.403  -9.325  -42.591 0.8571428657
62861  -32.615  -6.363  -43.813 1.0000000000
63743  -30.722  -4.894  -44.921 1.0000000000
70817  -28.156  3.997  -42.195 0.8571428657
73388  -29.634  6.933  -40.494 0.5714285970
73374  -30.195  6.582  -38.998 0.4285714328
74203  -30.081  7.362  -39.245 0.4285714328
74190  -28.647  7.754  -37.120 0.2857142985
74200  -29.967  7.248  -38.387 0.2857142985
74923  -27.481  8.370  -36.731 0.2857142985
54644  -28.486  -15.199  -35.568 0.2857142985
77031  -26.443  11.594  -41.547 0.2857142985
77013  -25.918  11.749  -40.748 0.1428571492
76340  -27.987  10.712  -41.034 0.2857142985
76356  -27.603  11.035  -41.863 0.2857142985
110282  -26.977  11.247  -40.515 0.1428571492
76993  -25.785  11.803  -39.876 0.1428571492
75641  -28.576  9.851  -39.173 0.1428571492
76325  -28.467  10.159  -39.979 0.2857142985
109029  -27.830  10.435  -39.399 0.1428571492
110584  -28.451  10.607  -42.782 0.2857142985
73419  -27.798  6.596  -44.897 0.2857142985
102911  -28.760  7.940  -44.235 0.2857142985
76979  -26.286  11.408  -38.475 0.1428571492
107935  -29.258  9.521  -41.219 0.2857142985
73396  -27.938  6.580  -43.265 0.2857142985
76365  -29.006  10.021  -42.670 0.2857142985
76341  -28.682  10.191  -40.862 0.2857142985
71767  -25.708  4.980  -45.148 0.1428571492
73408  -28.323  7.022  -43.550 0.2857142985
74968  -29.141  8.601  -43.376 0.2857142985
115735  -27.251  10.873  -39.674 0.1428571492
74961  -29.367  8.710  -41.811 0.2857142985
76358  -29.016  9.949  -41.727 0.2857142985
69970  -28.044  2.657  -46.320 0.1428571492
70875  -26.966  3.345  -45.605 0.1428571492
72596  -26.954  6.264  -44.820 0.4285714328
74227  -28.884  7.427  -42.387 0.2857142985
69943  -27.238  2.446  -44.162 0.2857142985
70830  -26.529  4.157  -44.107 0.4285714328
72578  -28.046  5.952  -42.475 0.2857142985
74947  -29.607  8.241  -40.815 0.2857142985
104195  -29.077  2.109  -43.777 0.1428571492
69942  -26.589  2.887  -44.832 0.2857142985
71748  -27.261  5.531  -43.221 0.4285714328
70846  -26.802  3.121  -44.047 0.5714285970
112659  -29.495  1.359  -43.243 0.1428571492
68363  -30.577  1.047  -42.485 0.2857142985
70831  -27.313  3.746  -43.141 0.7142857313
68369  -27.486  0.080  -44.128 0.8571428657
69148  -28.246  0.973  -43.418 0.8571428657
104325  -27.619  2.603  -43.220 0.5714285970
67551  -31.545  -0.351  -42.097 0.2857142985
68372  -30.829  0.250  -42.616 0.2857142985
69932  -28.127  1.862  -43.055 0.7142857313
69140  -28.896  1.886  -41.335 0.5714285970
68376  -28.336  -0.229  -44.456 0.7142857313
67552  -32.270  -0.587  -41.256 0.1428571492
61942  -31.554  -6.970  -41.493 0.5714285970
62859  -31.053  -5.700  -44.666 0.8571428657
62869  -30.730  -5.229  -44.734 0.8571428657
62858  -30.749  -5.344  -43.868 0.4285714328
63733  -30.330  -4.548  -44.197 0.5714285970
66652  -27.794  -1.801  -44.693 0.8571428657
66654  -29.576  -2.834  -44.800 0.8571428657
67563  -27.510  -0.869  -44.477 0.8571428657
104961  -32.563  -1.933  -41.804 0.2857142985
66646  -29.625  -1.567  -44.284 0.8571428657
66631  -32.781  -1.317  -40.954 0.4285714328
66639  -31.121  -1.297  -43.031 0.7142857313
67557  -29.183  -0.620  -44.212 0.7142857313
107808  -31.640  -6.925  -40.454 0.2857142985
62847  -31.437  -6.055  -43.429 0.5714285970
62836  -31.307  -6.254  -42.076 0.5714285970
62860  -31.365  -5.649  -44.944 0.8571428657
65647  -30.251  -3.596  -44.602 0.8571428657
65629  -32.723  -2.738  -42.271 0.4285714328
66647  -31.777  -2.137  -42.863 0.8571428657
65621  -33.106  -2.252  -41.216 0.4285714328
110243  -32.096  -10.406  -39.195 0.7142857313
59236  -32.209  -9.444  -39.430 0.4285714328
102468  -32.624  -11.072  -41.004 0.7142857313
59256  -32.563  -9.525  -42.140 0.8571428657
59249  -32.186  -8.910  -41.160 0.5714285970
61025  -31.848  -7.628  -41.005 0.5714285970
61019  -31.853  -7.693  -39.943 0.4285714328
105997  -32.684  -8.823  -42.482 0.8571428657
60108  -32.011  -8.211  -41.496 0.5714285970
61033  -32.063  -7.499  -42.648 0.7142857313
61031  -31.737  -7.597  -41.890 0.5714285970
102988  -32.644  -4.191  -43.288 0.7142857313
64673  -32.377  -3.507  -43.232 0.7142857313
64672  -31.374  -3.580  -44.143 0.8571428657
64658  -33.802  -3.629  -40.370 0.2857142985
104392  -33.555  -3.424  -41.102 0.4285714328
65630  -33.303  -2.962  -41.450 0.5714285970
56578  -31.506  -12.410  -39.502 0.4285714328
57451  -31.584  -11.597  -39.008 0.4285714328
58319  -31.678  -10.197  -37.758 0.4285714328
58349  -33.760  -10.120  -42.544 0.7142857313
57480  -33.109  -10.223  -42.231 0.7142857313
60116  -32.453  -8.123  -42.562 0.8571428657
62837  -34.019  -5.539  -41.644 0.7142857313
62829  -33.948  -4.851  -40.875 0.2857142985
57430  -30.578  -11.389  -36.500 0.5714285970
57459  -32.035  -12.093  -40.058 0.5714285970
57458  -32.036  -11.318  -39.604 0.5714285970
110453  -34.306  -5.707  -40.553 0.4285714328
63712  -34.154  -4.840  -39.990 0.4285714328
53685  -37.808  -15.081  -43.093 0.4285714328
55704  -37.693  -13.535  -44.141 0.4285714328
59237  -35.629  -9.211  -39.875 0.4285714328
58337  -35.942  -10.010  -41.534 0.4285714328
116988  -35.212  -8.437  -39.986 0.4285714328
60103  -34.902  -7.993  -40.494 0.4285714328
52594  -29.710  -16.058  -34.558 0.1428571492
57485  -36.858  -11.911  -41.976 0.4285714328
58338  -36.358  -10.622  -41.023 0.4285714328
59245  -36.038  -9.953  -40.526 0.4285714328
53617  -30.134  -15.475  -35.083 0.1428571492
54629  -30.966  -14.883  -35.090 0.1428571492
56564  -34.051  -12.995  -37.594 0.2857142985
54706  -38.477  -15.167  -41.320 0.2857142985
56590  -38.555  -12.722  -40.421 0.2857142985
54710  -40.000  -14.910  -42.689 0.2857142985
54699  -36.517  -14.243  -40.782 0.4285714328
56596  -37.874  -12.174  -40.787 0.2857142985
55699  -39.061  -13.816  -42.655 0.2857142985
53679  -38.220  -15.546  -42.291 0.2857142985
57469  -37.441  -11.638  -40.416 0.2857142985
120370  -37.603  -12.257  -41.546 0.4285714328
53618  -31.247  -15.267  -34.288 0.1428571492
55625  -31.983  -14.122  -35.670 0.2857142985
55642  -32.468  -13.647  -36.287 0.2857142985
55671  -35.791  -13.383  -38.425 0.2857142985
54693  -37.170  -14.270  -40.030 0.2857142985
55681  -35.561  -13.364  -39.539 0.2857142985
54700  -37.779  -14.748  -40.771 0.2857142985
103426  -31.922  -14.743  -34.421 0.1428571492
55645  -35.101  -13.473  -36.652 0.2857142985
54630  -32.460  -14.167  -34.715 0.2857142985
55626  -33.425  -13.310  -35.835 0.2857142985
55660  -35.460  -13.472  -37.395 0.2857142985
51523  -28.633  -17.600  -33.591 0.2857142985
52580  -30.231  -16.341  -33.672 0.1428571492
47558  -27.251  -20.875  -31.202 0.2857142985
47546  -27.046  -21.431  -30.671 0.2857142985
51524  -29.288  -17.530  -32.948 0.2857142985
47545  -26.082  -21.505  -30.682 0.2857142985
47544  -25.175  -21.604  -30.683 0.1428571492
54648  -31.623  -14.458  -35.146 0.1428571492
55627  -34.186  -13.442  -35.626 0.2857142985
55682  -36.500  -13.697  -39.264 0.2857142985
54707  -39.029  -14.913  -41.399 0.2857142985
53678  -36.998  -15.362  -42.413 0.4285714328
55711  -38.971  -13.696  -44.255 0.4285714328
56597  -38.402  -12.838  -41.412 0.2857142985
118849  -36.888  -10.783  -39.359 0.2857142985
120013  -32.388  -9.557  -40.804 0.7142857313
58332  -36.561  -10.596  -39.972 0.4285714328
59244  -35.554  -9.369  -41.071 0.4285714328
61943  -34.488  -6.686  -40.806 0.4285714328
63711  -33.702  -4.093  -41.088 0.5714285970
120694  -28.242  0.686  -42.368 0.7142857313
70818  -28.575  3.311  -41.588 0.5714285970
67564  -27.749  -0.342  -44.493 0.8571428657
67558  -30.432  -0.528  -43.296 0.5714285970
112211  -29.313  8.027  -41.748 0.2857142985
69944  -27.875  2.159  -44.348 0.4285714328
116508  -26.620  10.752  -37.989 0.1428571492
72595  -26.189  5.646  -45.080 0.2857142985
70874  -26.328  3.867  -45.322 0.1428571492
48529  -27.587  -20.297  -31.566 0.1428571492
49512  -28.666  -19.366  -31.680 0.1428571492
53602  -30.669  -15.788  -34.054 0.1428571492
53619  -32.131  -15.225  -33.708 0.1428571492
54631  -33.459  -14.113  -34.470 0.1428571492
55644  -34.299  -13.080  -36.764 0.2857142985
114031  -38.151  -14.867  -40.339 0.2857142985
57441  -30.686  -12.102  -38.130 0.5714285970
55689  -36.259  -13.726  -40.015 0.2857142985
58311  -31.209  -10.551  -37.311 0.2857142985
57460  -37.234  -11.240  -39.715 0.2857142985
58328  -36.522  -10.329  -39.019 0.2857142985
106081  -32.354  -10.170  -40.089 0.7142857313
58343  -32.678  -10.250  -41.570 0.5714285970
60090  -32.142  -8.742  -38.800 0.4285714328
59243  -32.269  -9.137  -40.328 0.5714285970
59238  -36.128  -9.967  -39.682 0.2857142985
58345  -36.194  -10.647  -41.903 0.4285714328
60109  -32.123  -8.800  -41.999 0.7142857313
62828  -31.520  -6.201  -40.973 0.2857142985
60099  -35.320  -8.472  -39.244 0.1428571492
100505  -34.866  -7.267  -39.241 0.4285714328
105710  -34.722  -7.296  -40.148 0.4285714328
106367  -34.564  -6.034  -38.950 0.1428571492
62821  -34.385  -5.508  -39.472 0.1428571492
63717  -33.634  -4.716  -41.838 0.5714285970
75637  -29.082  9.305  -38.557 0.2857142985
68364  -31.374  0.639  -41.743 0.1428571492
69149  -28.624  1.540  -43.459 0.5714285970
69150  -29.726  2.053  -43.033 0.1428571492
76309  -27.530  10.275  -38.509 0.1428571492
69933  -27.802  1.888  -43.595 0.5714285970
72583  -26.463  5.758  -44.352 0.2857142985
70862  -25.983  4.595  -45.281 0.2857142985
69955  -26.975  2.351  -44.969 0.2857142985
69956  -27.865  2.422  -45.231 0.1428571492
69969  -27.241  2.764  -45.587 0.1428571492
72610  -27.095  6.090  -45.251 0.2857142985
111952  -27.223  5.139  -45.422 0.1428571492
71782  -26.939  4.272  -45.456 0.1428571492
49492  -29.189  -19.800  -31.148 0.1428571492
52581  -31.122  -16.065  -33.264 0.1428571492
55691  -39.067  -14.328  -40.614 0.2857142985
64659  -34.027  -4.075  -39.681 0.2857142985
70885  -28.170  2.485  -47.441 0.1428571492
72597  -28.404  6.158  -44.925 0.2857142985
47556  -25.545  -21.162  -31.431 0.2857142985
48528  -26.795  -20.483  -31.808 0.2857142985
50494  -28.959  -18.647  -31.960 0.1428571492
55641  -31.507  -14.522  -36.827 0.4285714328
54628  -30.282  -15.364  -35.948 0.1428571492
105349  -36.193  -14.733  -41.628 0.4285714328
58335  -32.364  -11.163  -40.359 0.5714285970
61034  -32.732  -7.348  -43.289 0.8571428657
61970  -32.304  -6.488  -43.840 0.8571428657
62838  -34.321  -6.235  -41.506 0.4285714328
55659  -34.782  -13.099  -38.021 0.2857142985
56602  -37.652  -12.779  -42.280 0.4285714328
61964  -31.997  -6.786  -43.512 0.5714285970
67565  -28.066  -1.140  -44.852 0.8571428657
75642  -29.434  9.226  -39.534 0.2857142985
76326  -29.065  9.672  -40.210 0.2857142985
76994  -26.492  11.366  -39.355 0.1428571492
76324  -27.910  10.607  -40.242 0.2857142985
77044  -27.780  11.209  -43.104 0.2857142985
76357  -28.511  10.422  -41.781 0.2857142985
73407  -27.744  6.623  -44.272 0.2857142985
75672  -29.241  9.262  -43.744 0.2857142985
74234  -28.597  7.543  -43.962 0.2857142985
76308  -26.980  10.823  -38.877 0.1428571492
72584  -27.248  6.260  -43.766 0.2857142985
75666  -29.236  9.368  -42.367 0.2857142985
71753  -25.811  5.063  -44.792 0.2857142985
71768  -26.311  5.297  -45.322 0.1428571492
71781  -25.944  4.466  -45.434 0.1428571492
107920  -29.039  8.067  -42.950 0.2857142985
106360  -27.781  2.834  -46.494 0.1428571492
69968  -26.597  2.995  -45.207 0.1428571492
116984  -27.715  2.954  -46.566 0.1428571492
71747  -26.665  4.942  -43.724 0.5714285970
102500  -29.077  2.426  -44.519 0.1428571492
70845  -26.200  3.888  -44.771 0.2857142985
68371  -29.618  0.315  -43.536 0.5714285970
68370  -28.250  0.545  -44.030 0.7142857313
66640  -32.130  -1.236  -41.983 0.4285714328
61954  -31.648  -6.898  -42.530 0.5714285970
65638  -30.928  -2.877  -44.102 0.8571428657
104836  -30.643  -2.135  -43.893 0.8571428657
65639  -31.899  -2.925  -43.310 0.7142857313
58327  -31.746  -10.784  -38.533 0.5714285970
59250  -32.393  -9.522  -41.484 0.7142857313
60098  -32.133  -8.557  -39.730 0.4285714328
60102  -32.095  -8.337  -40.632 0.5714285970
102174  -31.985  -8.066  -39.166 0.4285714328
60988  -32.043  -7.965  -38.345 0.2857142985
60115  -31.997  -8.049  -42.077 0.7142857313
64666  -33.215  -3.754  -42.128 0.5714285970
110274  -31.238  -11.581  -38.492 0.5714285970
53680  -39.035  -15.470  -42.566 0.2857142985
55698  -38.099  -13.479  -42.957 0.4285714328
61020  -35.010  -7.886  -39.656 0.4285714328
57476  -36.619  -11.236  -41.522 0.4285714328
55643  -33.213  -13.175  -37.028 0.2857142985
53675  -38.904  -15.596  -41.883 0.2857142985
54705  -37.311  -14.882  -41.296 0.2857142985
55694  -38.997  -13.761  -41.753 0.2857142985
116872  -36.830  -15.195  -41.829 0.2857142985
57468  -36.869  -11.196  -40.621 0.4285714328
53603  -31.489  -15.595  -33.604 0.1428571492
55609  -32.907  -13.619  -35.221 0.2857142985
55628  -34.652  -13.450  -36.044 0.2857142985
120924  -27.560  -21.125  -30.815 0.1428571492
48512  -28.045  -20.771  -30.924 0.1428571492
107040  -34.587  -6.453  -39.689 0.2857142985
76293  -27.018  10.152  -37.603 0.1428571492
48513  -28.916  -20.469  -30.773 0.1428571492
49513  -29.453  -19.091  -31.437 0.1428571492
75636  -28.082  9.730  -38.132 0.1428571492
68362  -28.704  0.937  -41.496 0.5714285970
67550  -28.115  -0.751  -42.565 0.4285714328
120764  -28.793  0.396  -41.387 0.4285714328
67549  -28.139  0.155  -42.299 0.5714285970
65627  -28.736  -2.804  -43.456 0.4285714328
66637  -28.562  -1.768  -42.699 0.4285714328
105601  -29.910  -3.935  -43.286 0.5714285970
56581  -38.161  -12.108  -38.966 0.1428571492
56589  -38.000  -11.962  -39.842 0.1428571492
57461  -37.675  -11.561  -39.149 0.1428571492
53614  -27.164  -15.560  -34.734 0.2857142985
55695  -39.112  -14.434  -41.498 0.1428571492
56555  -38.467  -13.022  -36.995 0.1428571492
56573  -38.651  -12.796  -38.696 0.1428571492
56554  -38.032  -12.702  -36.356 0.1428571492
56572  -38.000  -12.332  -38.163 0.1428571492
57433  -37.507  -12.005  -36.403 0.1428571492
115070  -26.533  -16.169  -34.688 0.2857142985
54702  -39.054  -14.822  -40.221 0.1428571492
55673  -39.443  -14.167  -39.301 0.1428571492
54688  -39.054  -13.642  -38.468 0.1428571492
55646  -38.415  -13.281  -36.364 0.1428571492
56519  -37.231  -12.556  -33.290 0.1428571492
107286  -37.485  -12.898  -34.933 0.1428571492
56518  -36.950  -11.822  -33.516 0.1428571492
118777  -25.775  -16.518  -34.552 0.2857142985
54676  -37.068  -14.602  -37.895 0.1428571492
54687  -37.497  -14.717  -38.905 0.1428571492
54694  -37.855  -14.804  -39.733 0.1428571492
54686  -36.777  -14.013  -38.491 0.1428571492
107757  -38.804  -15.158  -40.067 0.1428571492
54689  -39.607  -14.621  -38.902 0.1428571492
54695  -39.224  -15.176  -39.908 0.1428571492
54678  -39.125  -14.131  -37.711 0.1428571492
54696  -39.467  -14.809  -39.665 0.1428571492
55630  -38.587  -13.866  -36.093 0.1428571492
118415  -38.127  -14.395  -34.743 0.1428571492
55597  -37.449  -13.397  -32.926 0.1428571492
106306  -37.832  -13.721  -34.817 0.1428571492
51559  -26.379  -17.109  -34.677 0.2857142985
51558  -25.405  -17.154  -34.366 0.2857142985
50552  -25.893  -17.944  -34.380 0.2857142985
54663  -35.780  -14.033  -36.740 0.1428571492
53671  -38.363  -15.315  -39.521 0.1428571492
118648  -39.603  -15.147  -39.509 0.1428571492
117986  -39.449  -15.168  -36.895 0.1428571492
54651  -38.293  -14.122  -35.367 0.1428571492
107392  -39.067  -14.473  -36.696 0.1428571492
56491  -36.942  -12.059  -31.783 0.1428571492
56508  -37.149  -12.719  -32.357 0.1428571492
54649  -34.746  -13.942  -35.294 0.1428571492
54664  -36.424  -14.689  -37.025 0.1428571492
53642  -35.790  -14.778  -36.144 0.1428571492
53656  -37.741  -16.023  -38.027 0.1428571492
53655  -37.056  -15.354  -37.489 0.1428571492
52626  -40.053  -16.269  -39.281 0.1428571492
54677  -37.740  -15.341  -38.527 0.1428571492
53672  -39.867  -15.408  -38.923 0.1428571492
53665  -39.394  -15.510  -39.648 0.1428571492
54679  -39.527  -14.895  -37.823 0.1428571492
110173  -37.899  -14.170  -34.102 0.1428571492
53644  -39.100  -15.116  -36.023 0.1428571492
106167  -37.682  -13.986  -33.405 0.1428571492
112621  -35.594  -15.106  -35.267 0.1428571492
55610  -33.897  -13.628  -35.034 0.1428571492
52618  -36.912  -16.099  -37.154 0.1428571492
118901  -40.480  -16.864  -39.600 0.1428571492
52633  -40.169  -16.938  -39.805 0.1428571492
52620  -40.227  -16.134  -38.468 0.1428571492
53633  -39.490  -15.777  -36.506 0.1428571492
53657  -39.856  -15.582  -37.659 0.1428571492
116500  -36.735  -16.759  -36.883 0.1428571492
52609  -36.386  -16.305  -36.408 0.1428571492
53631  -35.942  -15.694  -35.909 0.1428571492
118816  -39.277  -16.952  -39.274 0.1428571492
51592  -37.641  -17.541  -37.912 0.1428571492
53632  -38.881  -15.937  -35.440 0.1428571492
52610  -39.945  -16.309  -37.205 0.1428571492
52625  -38.400  -16.712  -38.628 0.1428571492
102057  -39.462  -16.261  -39.338 0.1428571492
114049  -37.177  -14.220  -39.258 0.1428571492
55590  -37.291  -13.539  -31.972 0.1428571492
57360  -36.866  -11.406  -31.192 0.1428571492
114411  -37.570  -13.274  -33.963 0.1428571492
55647  -38.758  -13.689  -36.872 0.1428571492
55683  -39.047  -13.463  -40.101 0.1428571492
57444  -37.558  -11.893  -37.791 0.1428571492
54618  -37.861  -14.727  -33.464 0.1428571492
56492  -37.174  -12.794  -31.418 0.1428571492
57346  -36.936  -10.651  -30.632 0.1428571492
65637  -29.195  -3.382  -43.706 0.4285714328
57375  -36.687  -11.300  -32.101 0.1428571492
56507  -36.906  -11.934  -32.700 0.1428571492
57398  -36.950  -11.715  -34.855 0.1428571492
57389  -36.668  -11.092  -33.116 0.1428571492
57443  -37.174  -11.305  -37.920 0.1428571492
57452  -37.163  -11.025  -38.807 0.1428571492
69924  -28.863  2.711  -41.169 0.4285714328
71769  -28.489  5.082  -45.053 0.1428571492
73420  -28.715  6.667  -44.576 0.1428571492
56582  -38.675  -12.680  -39.542 0.1428571492
54675  -36.284  -13.985  -37.581 0.1428571492
54650  -35.322  -13.962  -35.990 0.1428571492
54632  -34.345  -14.281  -34.537 0.1428571492
54701  -38.820  -14.809  -40.566 0.1428571492
105318  -35.974  -9.700  -39.098 0.1428571492
59231  -35.618  -9.130  -38.756 0.1428571492
108285  -38.454  -12.941  -37.835 0.1428571492
56565  -37.903  -12.360  -37.229 0.1428571492
109131  -38.749  -13.486  -37.557 0.1428571492
55672  -39.152  -13.441  -39.325 0.1428571492
111294  -37.345  -11.615  -37.158 0.1428571492
113301  -36.774  -10.959  -35.814 0.1428571492
56544  -37.575  -12.448  -35.666 0.1428571492
55629  -38.048  -13.272  -35.642 0.1428571492
109005  -37.200  -12.240  -34.260 0.1428571492
118386  -38.729  -14.503  -35.829 0.1428571492
53664  -38.567  -15.842  -39.148 0.1428571492
54634  -38.516  -14.968  -35.154 0.1428571492
54633  -35.087  -14.637  -34.790 0.1428571492
53643  -36.404  -15.480  -36.650 0.1428571492
52619  -37.402  -16.734  -37.582 0.1428571492
52621  -40.556  -16.805  -39.119 0.1428571492
52607  -39.475  -16.572  -36.078 0.1428571492
47543  -24.285  -21.651  -30.652 0.1428571492
47542  -23.425  -21.612  -30.587 0.1428571492
47555  -24.636  -21.228  -31.385 0.1428571492
48526  -25.017  -20.688  -32.181 0.1428571492
107283  -25.421  -19.705  -33.248 0.1428571492
49526  -24.636  -19.352  -33.051 0.1428571492
49540  -25.247  -19.162  -33.565 0.1428571492
50535  -25.520  -18.635  -33.956 0.1428571492
49525  -23.762  -19.204  -32.477 0.1428571492
50515  -24.055  -18.459  -32.941 0.1428571492
50534  -24.785  -18.568  -33.529 0.1428571492
51541  -25.039  -17.867  -33.984 0.1428571492
51539  -23.727  -17.124  -33.358 0.1428571492
52578  -24.410  -16.983  -33.900 0.1428571492
52590  -24.977  -16.334  -34.308 0.1428571492
115954  -25.584  -15.739  -34.506 0.2857142985
54625  -26.199  -15.166  -34.570 0.1428571492
54624  -25.223  -14.839  -34.549 0.2857142985
54626  -27.831  -15.114  -34.937 0.2857142985
103447  -29.214  -12.557  -35.486 0.4285714328
56563  -30.014  -13.164  -38.133 0.4285714328
109699  -30.480  -12.226  -37.125 0.4285714328
63724  -30.465  -4.717  -42.891 0.2857142985
64664  -30.422  -3.999  -41.964 0.2857142985
118285  -29.494  -0.259  -40.659 0.2857142985
68354  -28.841  -0.116  -41.414 0.2857142985
49510  -24.310  -20.031  -32.429 0.1428571492
51540  -24.280  -17.757  -33.403 0.1428571492
53601  -24.031  -16.056  -34.056 0.1428571492
102970  -24.643  -15.487  -34.371 0.1428571492
55607  -24.754  -14.048  -34.762 0.2857142985
108323  -26.841  -14.607  -34.583 0.2857142985
106518  -25.787  -14.067  -34.592 0.2857142985
113252  -26.569  -13.732  -34.573 0.2857142985
55608  -27.381  -14.010  -34.633 0.2857142985
54627  -28.161  -14.328  -34.997 0.2857142985
107120  -28.487  -13.690  -35.158 0.4285714328
56543  -29.072  -13.686  -35.790 0.4285714328
57414  -28.822  -11.712  -35.274 0.2857142985
63716  -30.953  -5.478  -42.530 0.2857142985
64665  -31.027  -4.750  -41.488 0.2857142985
65620  -30.606  -3.161  -41.066 0.2857142985
65628  -29.730  -3.299  -42.534 0.2857142985
66630  -29.759  -1.588  -41.086 0.2857142985
66621  -30.433  -1.464  -39.883 0.2857142985
65610  -30.474  -2.227  -40.508 0.2857142985
66638  -29.582  -2.527  -41.859 0.2857142985
64649  -31.224  -3.587  -40.033 0.2857142985
65611  -31.022  -2.771  -39.781 0.2857142985
56552  -29.651  -12.952  -36.131 0.4285714328
55640  -29.860  -13.173  -37.123 0.4285714328
49541  -25.882  -19.297  -33.720 0.1428571492
115843  -25.000  -20.050  -32.777 0.1428571492
66629  -29.136  -0.871  -41.410 0.2857142985
48525  -24.069  -20.676  -31.818 0.1428571492
51522  -23.515  -17.603  -32.898 0.1428571492
56542  -28.506  -12.661  -34.964 0.4285714328
56527  -27.835  -13.323  -34.729 0.4285714328
57416  -30.177  -11.370  -35.941 0.2857142985
56553  -30.189  -12.155  -36.298 0.2857142985
57442  -31.211  -11.052  -37.915 0.2857142985
77062  -29.083  11.612  -46.289 0.1428571492
77063  -29.656  11.107  -46.634 0.1428571492
76377  -29.412  9.841  -45.565 0.1428571492
75678  -29.324  9.037  -44.956 0.1428571492
74241  -28.830  7.700  -44.785 0.1428571492
77865  -28.963  12.665  -46.422 0.1428571492
77841  -24.410  12.788  -44.648 0.1428571492
57431  -30.911  -11.319  -37.206 0.2857142985
58310  -30.854  -10.547  -36.714 0.2857142985
107558  -29.072  7.307  -44.661 0.1428571492
76380  -29.857  9.832  -46.022 0.1428571492
74233  -28.550  6.949  -44.426 0.1428571492
74975  -29.144  8.062  -45.058 0.1428571492
110100  -28.449  10.846  -43.744 0.1428571492
74974  -28.945  8.212  -44.807 0.1428571492
77056  -27.424  12.091  -44.941 0.1428571492
77842  -25.738  12.307  -44.333 0.1428571492
77052  -26.976  11.830  -43.881 0.1428571492
77043  -26.820  11.542  -42.604 0.1428571492
77042  -25.790  11.951  -42.362 0.1428571492
76372  -29.045  10.146  -44.021 0.1428571492
77058  -29.290  10.795  -46.022 0.1428571492
77861  -28.444  12.534  -46.141 0.1428571492
120544  -29.680  10.314  -46.345 0.1428571492
76371  -28.807  10.818  -44.894 0.1428571492
77864  -28.259  13.043  -46.327 0.1428571492
77053  -28.023  11.462  -44.293 0.1428571492
75683  -29.657  9.052  -45.339 0.1428571492
107973  -31.447  -4.118  -39.230 0.1428571492
101500  -31.321  -4.418  -40.264 0.1428571492
64657  -31.039  -3.941  -40.939 0.1428571492
66622  -30.832  -2.074  -39.503 0.1428571492
114206  -31.164  -1.866  -38.105 0.1428571492
66614  -30.836  -1.512  -38.810 0.1428571492
63710  -31.417  -5.306  -40.553 0.1428571492
67532  -30.592  -0.256  -38.368 0.1428571492
107413  -30.223  0.007  -39.066 0.1428571492
68342  -30.295  0.583  -38.611 0.2857142985
59219  -32.128  -8.723  -37.926 0.1428571492
61913  -31.619  -6.533  -38.808 0.1428571492
62820  -31.522  -6.056  -39.762 0.1428571492
63705  -31.421  -5.010  -39.456 0.1428571492
67542  -29.915  -0.813  -40.319 0.1428571492
68347  -29.375  0.525  -40.527 0.1428571492
68348  -29.906  0.577  -39.437 0.1428571492
69125  -29.649  1.899  -39.542 0.2857142985
71737  -29.871  5.134  -39.052 0.2857142985
71727  -29.827  4.420  -38.486 0.2857142985
72559  -30.064  5.833  -38.704 0.2857142985
74189  -27.678  7.488  -36.351 0.1428571492
69133  -29.287  1.499  -40.464 0.2857142985
117137  -29.637  1.160  -39.756 0.2857142985
69914  -29.264  2.535  -40.287 0.2857142985
70808  -29.053  3.442  -40.702 0.2857142985
70800  -29.407  3.497  -39.764 0.2857142985
70786  -29.713  3.605  -38.904 0.2857142985
71742  -29.288  4.306  -40.289 0.2857142985
71736  -29.600  4.348  -39.376 0.2857142985
71722  -29.790  4.942  -37.747 0.2857142985
74930  -27.379  8.975  -37.099 0.1428571492
70787  -29.881  3.642  -38.236 0.1428571492
73371  -29.972  6.461  -38.209 0.1428571492
72557  -29.891  5.743  -38.019 0.2857142985
74195  -29.517  7.027  -37.541 0.1428571492
73365  -29.249  6.360  -37.120 0.1428571492
110230  -29.469  5.122  -37.046 0.1428571492
73362  -27.318  6.567  -35.944 0.1428571492
72551  -29.079  5.704  -36.732 0.1428571492
67512  -30.347  -0.389  -36.822 0.1428571492
66632  -33.382  -1.866  -40.337 0.1428571492
106959  -31.628  -6.928  -39.586 0.1428571492
62808  -31.556  -5.597  -38.650 0.1428571492
63695  -31.543  -4.672  -38.451 0.1428571492
64637  -31.530  -3.800  -38.294 0.1428571492
105734  -31.432  -3.083  -38.239 0.1428571492
110231  -29.905  -0.110  -39.841 0.1428571492
69905  -29.656  2.768  -39.240 0.1428571492
102209  -29.927  2.939  -38.423 0.1428571492
73364  -28.470  6.493  -36.522 0.1428571492
108717  -28.791  7.026  -36.938 0.1428571492
65622  -33.610  -2.778  -40.536 0.1428571492
65612  -33.788  -2.271  -39.688 0.1428571492
72566  -29.598  5.139  -39.889 0.2857142985
112167  -31.734  -7.392  -38.979 0.1428571492
103655  -31.269  -5.575  -41.505 0.1428571492
63706  -34.249  -4.701  -39.121 0.1428571492
110190  -31.348  -3.296  -39.016 0.1428571492
65604  -31.191  -2.448  -38.708 0.1428571492
118991  -30.706  -0.908  -38.557 0.1428571492
66613  -30.385  -0.725  -39.230 0.1428571492
69126  -29.972  1.281  -38.987 0.2857142985
106130  -29.899  5.218  -38.400 0.2857142985
103334  -29.819  4.054  -37.745 0.1428571492
74186  -26.696  7.242  -35.673 0.1428571492
72556  -29.576  5.679  -37.391 0.2857142985
75622  -27.286  9.561  -37.347 0.1428571492
73370  -29.693  6.266  -37.657 0.2857142985
69898  -30.017  2.108  -38.683 0.1428571492
55606  -23.952  -14.071  -34.752 0.1428571492
55623  -25.973  -13.126  -34.799 0.1428571492
56525  -23.578  -12.791  -35.223 0.1428571492
101693  -23.829  -11.973  -35.666 0.1428571492
110009  -24.792  -11.958  -35.824 0.1428571492
55622  -25.071  -13.320  -35.060 0.1428571492
56539  -25.349  -12.565  -35.389 0.1428571492
56526  -26.905  -13.090  -34.636 0.1428571492
57428  -25.297  -11.296  -36.271 0.1428571492
109960  -26.847  -11.712  -35.425 0.1428571492
56541  -27.346  -12.365  -34.903 0.1428571492
57413  -27.761  -11.498  -35.302 0.1428571492
57427  -24.304  -11.273  -36.245 0.1428571492
57429  -26.056  -11.016  -36.268 0.1428571492
58292  -28.963  -10.460  -35.647 0.1428571492
59201  -31.267  -9.732  -37.099 0.1428571492
54622  -23.381  -14.466  -34.374 0.1428571492
55605  -23.185  -13.601  -34.683 0.1428571492
56538  -24.461  -12.688  -35.445 0.1428571492
59230  -32.102  -9.664  -38.409 0.1428571492
57415  -29.630  -11.805  -35.639 0.1428571492
113371  -29.111  -11.108  -35.481 0.1428571492
55621  -24.156  -13.453  -35.110 0.1428571492
118638  -23.235  -12.264  -35.289 0.1428571492
57411  -25.551  -11.934  -35.737 0.1428571492
56540  -26.280  -12.313  -35.227 0.1428571492
57412  -26.133  -11.548  -35.836 0.1428571492
58290  -26.827  -11.001  -35.889 0.1428571492
54614  -22.412  -14.227  -34.010 0.1428571492
53674  -37.934  -15.564  -41.809 0.2857142985
53676  -39.473  -15.111  -42.285 0.2857142985
53681  -39.918  -15.140  -42.791 0.2857142985
53682  -40.240  -15.026  -43.016 0.2857142985
53683  -36.031  -15.081  -43.059 0.5714285970
53686  -38.463  -15.297  -43.524 0.2857142985
53687  -39.332  -15.084  -43.197 0.2857142985
53688  -39.765  -14.790  -43.509 0.4285714328
53689  -37.008  -14.910  -44.083 0.5714285970
53690  -38.648  -14.921  -44.101 0.4285714328
53691  -39.098  -14.503  -44.236 0.4285714328
53692  -39.501  -14.364  -44.120 0.4285714328
54704  -35.403  -14.241  -42.069 0.5714285970
54708  -39.364  -14.870  -42.040 0.2857142985
54711  -40.070  -14.717  -43.046 0.2857142985
54712  -34.642  -14.009  -43.280 0.7142857313
54713  -35.465  -14.349  -43.527 0.5714285970
54714  -36.206  -14.653  -43.861 0.5714285970
54715  -39.660  -14.389  -43.554 0.4285714328
54717  -35.756  -14.207  -44.315 0.5714285970
54720  -38.548  -14.319  -44.611 0.4285714328
54721  -39.372  -13.995  -44.763 0.4285714328
54722  -39.520  -13.905  -44.129 0.4285714328
54723  -36.925  -13.995  -44.972 0.5714285970
54724  -38.506  -13.753  -44.875 0.4285714328
55677  -30.964  -13.239  -39.240 0.5714285970
55684  -39.289  -14.237  -39.882 0.1428571492
55690  -38.883  -13.594  -40.908 0.1428571492
55692  -34.862  -13.176  -41.897 0.7142857313
55697  -37.061  -13.358  -43.397 0.4285714328
55700  -39.698  -14.362  -42.861 0.2857142985
55701  -39.644  -14.234  -43.320 0.4285714328
55702  -34.916  -13.761  -43.451 0.7142857313
55705  -38.559  -13.627  -43.635 0.4285714328
55706  -39.249  -13.771  -43.523 0.4285714328
55707  -35.477  -13.800  -44.081 0.5714285970
55708  -36.144  -13.611  -44.895 0.5714285970
55709  -37.711  -13.792  -45.101 0.5714285970
55710  -38.284  -13.583  -44.438 0.4285714328
56570  -30.980  -12.341  -38.908 0.5714285970
56579  -31.962  -12.945  -39.879 0.7142857313
56601  -35.769  -12.597  -42.530 0.7142857313
56603  -38.527  -13.305  -42.158 0.2857142985
56605  -35.450  -13.278  -43.137 0.7142857313
56607  -35.189  -13.521  -43.586 0.5714285970
57453  -37.608  -11.699  -38.469 0.1428571492
57467  -32.976  -11.819  -41.063 0.5714285970
57477  -37.217  -11.713  -41.179 0.4285714328
58293  -29.648  -10.846  -35.706 0.2857142985
58294  -30.322  -10.613  -36.078 0.2857142985
58336  -32.518  -10.264  -40.879 0.7142857313
60078  -31.563  -8.813  -37.333 0.1428571492
61037  -32.978  -6.999  -43.696 0.8571428657
63744  -31.025  -5.193  -45.158 1.0000000000
70863  -26.215  3.765  -45.118 0.1428571492
70873  -25.871  4.385  -45.096 0.1428571492
74981  -29.412  8.368  -45.018 0.1428571492
77051  -26.105  11.954  -43.256 0.1428571492
77860  -27.495  13.065  -46.205 0.1428571492
101134  -33.976  -13.124  -36.201 0.2857142985
103383  -27.904  -21.406  -30.438 0.1428571492
105685  -37.224  -14.241  -44.641 0.5714285970
107993  -37.940  -14.789  -44.265 0.5714285970
111659  -37.235  -12.204  -35.075 0.1428571492
111929  -39.449  -14.458  -42.268 0.2857142985
114676  -34.740  -13.170  -37.265 0.2857142985
115598  -36.329  -11.237  -42.036 0.4285714328
116748  -35.342  -14.468  -35.457 0.1428571492
118105  -33.917  -4.289  -40.372 0.2857142985
118929  -28.833  -16.611  -34.560 0.4285714328
119322  -31.947  -11.052  -39.067 0.5714285970
