#!ascii label  , from subject sub-v1s20x0050338_ses-1 vox2ras=TkReg
719
62168  18.872  -6.118  -32.370 0.2500000000
62167  19.432  -6.628  -32.662 0.2500000000
61259  19.515  -7.553  -32.389 0.7500000000
65592  17.402  -2.902  -32.409 0.2500000000
64811  17.479  -3.556  -32.288 0.1250000000
115570  17.670  -4.216  -32.141 0.2500000000
63070  18.364  -5.510  -32.069 0.2500000000
63076  19.338  -5.801  -33.059 0.7500000000
61258  20.147  -7.888  -32.741 0.8750000000
62166  20.032  -7.049  -32.986 0.8750000000
60370  20.916  -8.127  -33.086 0.8750000000
63930  17.851  -4.004  -32.687 0.3750000000
63934  18.451  -4.478  -33.135 0.3750000000
63083  19.205  -4.927  -33.686 0.8750000000
63077  18.675  -5.299  -32.771 0.7500000000
62173  21.204  -6.400  -34.242 1.0000000000
115388  19.825  -5.589  -33.696 1.0000000000
61273  20.694  -7.370  -33.304 1.0000000000
62175  19.953  -6.269  -33.353 0.8750000000
61272  21.423  -7.553  -33.591 1.0000000000
104248  17.538  -2.531  -32.590 0.2500000000
64810  17.854  -3.182  -32.994 0.7500000000
64815  18.740  -3.150  -33.819 0.8750000000
63933  18.901  -3.941  -33.877 0.8750000000
99988  18.297  -3.762  -33.316 0.7500000000
63081  21.322  -5.806  -34.598 1.0000000000
63082  20.582  -5.853  -34.074 1.0000000000
63096  20.115  -4.998  -34.229 1.0000000000
62171  22.673  -7.081  -34.228 1.0000000000
62172  21.805  -6.899  -34.216 1.0000000000
61271  22.232  -7.646  -33.794 1.0000000000
106757  21.145  -6.971  -33.796 1.0000000000
66402  17.563  -2.314  -32.563 0.1250000000
65599  17.651  -2.435  -32.729 0.6250000000
65598  18.635  -2.452  -33.670 0.8750000000
63946  19.723  -4.022  -34.306 1.0000000000
63094  22.387  -5.863  -35.114 1.0000000000
63095  21.089  -5.101  -34.514 1.0000000000
62187  22.300  -6.495  -34.694 1.0000000000
116255  21.775  -6.178  -34.803 1.0000000000
62170  24.662  -7.095  -34.017 1.0000000000
104793  18.509  3.165  -33.634 0.2500000000
102976  17.519  -1.495  -32.328 0.2500000000
67263  17.584  -0.625  -32.394 0.3750000000
66416  17.779  -1.655  -32.702 0.5000000000
66422  18.524  -1.738  -33.517 1.0000000000
67272  18.229  -0.781  -33.292 0.6250000000
64822  20.149  -3.053  -34.856 1.0000000000
64824  19.392  -2.465  -34.435 1.0000000000
105136  21.808  -5.458  -34.916 1.0000000000
64821  21.064  -3.474  -34.979 1.0000000000
63093  23.299  -5.782  -34.979 1.0000000000
62185  23.968  -6.421  -34.441 1.0000000000
63092  24.271  -5.620  -34.699 1.0000000000
62184  24.936  -6.287  -34.262 1.0000000000
99959  19.197  2.474  -35.426 0.5000000000
99371  18.214  2.471  -33.596 0.3750000000
68130  18.258  1.358  -33.849 0.3750000000
68131  17.920  0.801  -33.224 0.5000000000
68140  18.835  0.611  -34.773 0.5000000000
67279  19.329  -0.454  -35.062 0.8750000000
102743  19.020  -1.099  -34.362 1.0000000000
67291  19.948  -0.510  -35.758 1.0000000000
106542  20.542  -2.680  -35.275 1.0000000000
66428  19.940  -1.548  -35.225 1.0000000000
63954  23.174  -4.328  -35.551 1.0000000000
63956  21.859  -3.774  -35.203 1.0000000000
63941  24.612  -4.814  -34.946 1.0000000000
63942  23.672  -4.982  -35.178 1.0000000000
114931  25.754  -6.108  -34.188 0.8750000000
99711  19.288  3.141  -35.007 0.5000000000
68999  18.633  1.973  -34.662 0.5000000000
69010  19.285  1.402  -35.687 0.6250000000
68151  19.772  1.080  -36.771 0.6250000000
68152  19.593  0.278  -35.802 1.0000000000
66442  20.264  -1.003  -35.664 1.0000000000
64832  25.163  -3.630  -35.674 1.0000000000
64834  23.686  -3.548  -36.004 1.0000000000
64835  22.558  -3.482  -35.697 1.0000000000
64837  20.644  -2.180  -35.622 1.0000000000
63953  24.952  -4.161  -35.442 1.0000000000
108948  24.089  -4.255  -35.604 1.0000000000
63952  25.878  -4.070  -35.325 0.8750000000
63090  26.166  -5.419  -34.309 0.8750000000
69009  19.659  2.061  -36.634 0.8750000000
66451  22.065  -1.169  -36.277 1.0000000000
67298  20.955  -0.116  -37.712 1.0000000000
64833  24.469  -3.278  -35.977 1.0000000000
65627  23.210  -2.327  -36.108 1.0000000000
65629  20.968  -1.454  -36.029 1.0000000000
65614  26.523  -2.942  -34.916 1.0000000000
63951  26.950  -4.040  -35.170 1.0000000000
115920  27.028  -3.487  -34.948 1.0000000000
64830  27.786  -3.666  -35.329 1.0000000000
69893  20.192  2.740  -36.801 0.5000000000
69904  19.945  2.504  -37.511 0.8750000000
68169  21.036  1.856  -38.730 1.0000000000
101346  24.123  -1.273  -35.458 1.0000000000
66440  22.411  -0.996  -36.136 1.0000000000
106485  21.318  0.355  -38.011 1.0000000000
66459  28.310  -1.818  -37.977 1.0000000000
105223  27.987  -1.757  -35.500 1.0000000000
65636  28.895  -2.510  -38.180 1.0000000000
65625  28.501  -2.197  -36.974 1.0000000000
65626  28.423  -2.367  -35.979 1.0000000000
65612  28.410  -3.206  -35.910 1.0000000000
69006  26.690  1.567  -35.417 1.0000000000
68995  25.454  1.864  -34.330 0.3750000000
68137  26.190  1.237  -34.779 0.8750000000
67286  26.734  -0.334  -35.326 1.0000000000
67309  28.242  -1.238  -38.918 1.0000000000
67303  28.146  -1.022  -37.829 1.0000000000
111550  26.566  2.436  -35.524 0.8750000000
69017  26.817  1.915  -36.278 1.0000000000
68145  27.243  0.938  -36.020 1.0000000000
69016  27.112  1.225  -37.125 1.0000000000
68158  27.609  0.233  -36.636 1.0000000000
67317  28.135  -1.094  -40.046 1.0000000000
108233  27.884  -0.551  -39.295 1.0000000000
109877  26.458  3.112  -35.663 0.7500000000
68185  27.107  0.744  -40.258 1.0000000000
68177  27.418  0.277  -39.018 1.0000000000
69911  26.550  2.531  -37.498 1.0000000000
69027  26.626  1.772  -38.303 1.0000000000
69037  26.806  1.274  -39.260 1.0000000000
73946  24.872  7.783  -33.378 0.1250000000
73947  24.133  7.808  -33.012 0.1250000000
73231  25.698  7.775  -34.124 0.2500000000
73953  25.833  8.048  -34.953 0.3750000000
74664  24.848  8.624  -34.020 0.2500000000
73958  25.895  7.801  -35.653 0.5000000000
74670  25.364  8.676  -35.667 0.3750000000
74671  25.357  8.745  -34.845 0.2500000000
75420  24.747  9.677  -34.711 0.2500000000
120807  24.451  10.469  -35.445 0.2500000000
116469  24.875  9.278  -36.424 0.2500000000
73959  25.170  8.685  -36.464 0.3750000000
74673  24.817  9.638  -35.801 0.2500000000
112528  24.894  8.903  -37.282 0.3750000000
74676  24.922  9.290  -36.791 0.2500000000
62163  18.719  -6.313  -31.900 0.1250000000
103915  18.094  -4.750  -32.383 0.2500000000
60367  23.627  -8.100  -33.647 1.0000000000
68162  20.145  0.944  -37.680 0.8750000000
66436  25.907  -2.225  -35.117 1.0000000000
61252  19.104  -7.400  -31.880 0.1250000000
60369  21.157  -9.042  -32.925 0.7500000000
64795  17.367  -3.249  -32.183 0.1250000000
63057  18.279  -5.567  -31.772 0.1250000000
101456  21.741  -8.308  -33.390 1.0000000000
60368  22.679  -8.453  -33.581 1.0000000000
60366  24.553  -8.624  -33.613 1.0000000000
101022  17.387  0.465  -32.033 0.3750000000
107060  17.876  2.459  -32.697 0.2500000000
68124  17.549  1.112  -32.425 0.2500000000
61284  25.765  -7.027  -34.033 0.8750000000
63939  26.555  -4.642  -34.726 0.8750000000
63950  27.894  -4.139  -35.345 0.8750000000
69885  24.143  2.361  -34.028 0.1250000000
68996  24.494  1.606  -34.271 0.1250000000
101626  20.567  2.955  -35.752 0.3750000000
68149  22.136  1.048  -36.641 0.6250000000
107266  28.684  -2.765  -36.563 1.0000000000
64829  28.376  -3.900  -35.991 0.8750000000
68139  24.331  0.524  -34.700 0.8750000000
115433  28.454  -1.745  -39.816 1.0000000000
66471  28.657  -1.638  -40.672 1.0000000000
66472  28.085  -0.787  -40.909 1.0000000000
68187  27.621  0.356  -41.287 1.0000000000
70799  26.424  3.615  -36.254 0.8750000000
70806  26.371  3.604  -37.321 1.0000000000
104032  26.315  2.709  -38.679 1.0000000000
69043  26.490  1.868  -40.591 1.0000000000
73940  23.507  7.375  -32.656 0.1250000000
73222  25.429  6.930  -33.304 0.1250000000
107825  26.691  6.358  -35.420 0.6250000000
104966  26.325  7.359  -34.700 0.6250000000
103681  26.171  7.061  -36.084 0.5000000000
73964  25.527  7.961  -36.745 0.5000000000
110964  24.352  9.540  -33.769 0.2500000000
75421  24.198  10.810  -34.646 0.1250000000
75438  25.115  9.237  -37.217 0.2500000000
62162  19.084  -7.023  -32.092 0.1250000000
63917  17.896  -4.824  -31.907 0.1250000000
60353  20.370  -8.619  -32.659 0.7500000000
62174  20.606  -6.647  -33.617 1.0000000000
117167  22.982  -7.694  -33.855 1.0000000000
64823  19.481  -3.131  -34.405 1.0000000000
62186  23.025  -6.487  -34.643 1.0000000000
63945  20.710  -4.139  -34.524 1.0000000000
61270  23.627  -7.218  -34.034 1.0000000000
61269  24.353  -7.756  -33.726 1.0000000000
115629  17.721  0.149  -32.773 0.3750000000
119840  18.144  0.041  -33.473 0.5000000000
66429  19.391  -1.794  -34.556 1.0000000000
65606  19.874  -2.001  -35.052 1.0000000000
102968  22.218  -5.128  -35.124 1.0000000000
63944  21.703  -4.506  -34.854 1.0000000000
63955  22.393  -4.457  -35.271 1.0000000000
63943  22.791  -5.119  -35.247 1.0000000000
63091  25.205  -5.450  -34.444 1.0000000000
67271  18.644  -0.279  -34.185 0.6250000000
66443  19.659  -1.087  -35.135 1.0000000000
115067  20.342  -0.399  -36.308 1.0000000000
64836  21.399  -2.893  -35.535 1.0000000000
65605  20.174  -2.176  -35.257 1.0000000000
65620  20.193  -1.614  -35.426 1.0000000000
63940  25.547  -4.685  -34.770 0.8750000000
62183  26.681  -6.422  -34.213 0.8750000000
103951  20.485  0.116  -37.312 1.0000000000
66453  21.001  -0.700  -36.677 1.0000000000
64831  26.065  -3.641  -35.234 1.0000000000
64843  22.134  -2.474  -35.956 1.0000000000
65617  23.769  -2.882  -36.104 1.0000000000
66438  24.240  -2.091  -35.683 1.0000000000
67297  21.653  -0.168  -36.992 1.0000000000
104079  23.746  -2.451  -35.980 1.0000000000
66452  21.431  -0.728  -36.567 1.0000000000
65615  25.304  -3.061  -35.549 1.0000000000
103857  21.750  -1.648  -36.176 1.0000000000
65616  24.382  -2.762  -35.894 1.0000000000
101392  20.811  2.476  -37.078 0.6250000000
119523  21.611  1.452  -37.777 0.7500000000
68159  21.757  0.692  -37.619 1.0000000000
119081  24.829  -0.785  -35.222 1.0000000000
66437  25.136  -1.538  -35.314 1.0000000000
67287  25.701  -0.631  -35.156 1.0000000000
67296  27.996  -0.468  -36.407 1.0000000000
104767  26.341  -1.270  -35.199 1.0000000000
66465  28.611  -2.118  -39.066 1.0000000000
66449  28.288  -1.173  -36.822 1.0000000000
103443  27.080  -1.996  -34.990 1.0000000000
68138  25.299  0.875  -34.513 1.0000000000
100886  24.178  -0.375  -35.223 1.0000000000
67285  27.547  -0.116  -35.862 1.0000000000
116504  25.072  -0.048  -34.909 1.0000000000
68147  26.048  0.278  -34.913 1.0000000000
67304  27.944  -0.433  -37.230 1.0000000000
68146  26.818  0.611  -35.360 1.0000000000
68168  27.449  0.267  -37.721 1.0000000000
67310  27.821  -0.465  -38.318 1.0000000000
69026  27.076  0.947  -38.237 1.0000000000
69038  26.301  2.258  -39.443 1.0000000000
69901  26.506  2.853  -36.405 1.0000000000
73223  24.435  7.037  -32.951 0.1250000000
74665  24.266  8.552  -33.255 0.2500000000
73221  26.303  6.806  -33.880 0.3750000000
75433  24.861  9.838  -36.445 0.2500000000
61251  19.249  -8.038  -31.932 0.2500000000
60336  19.245  -8.404  -31.758 0.1250000000
60354  19.613  -8.637  -32.231 0.6250000000
106983  22.011  -9.012  -33.314 1.0000000000
109171  23.769  1.957  -34.265 0.5000000000
68150  21.479  1.857  -36.955 0.6250000000
67289  22.345  0.038  -36.375 0.8750000000
100965  22.862  1.073  -35.436 0.7500000000
68148  23.352  0.253  -35.417 0.8750000000
69007  23.641  1.137  -34.634 0.7500000000
108143  26.056  3.753  -38.801 1.0000000000
103375  26.066  3.027  -40.504 1.0000000000
115039  26.483  7.031  -35.255 0.7500000000
103858  26.774  6.569  -34.590 0.5000000000
118523  24.861  8.989  -37.588 0.2500000000
74680  24.890  8.621  -38.005 0.3750000000
56618  22.187  -12.449  -32.014 0.7500000000
106505  23.689  -13.112  -32.040 0.7500000000
119107  21.653  -12.707  -31.705 0.7500000000
56619  21.484  -12.184  -31.929 0.7500000000
115986  23.361  -12.549  -32.294 0.7500000000
57503  22.089  -11.833  -32.452 0.7500000000
104860  21.211  -11.583  -32.159 0.7500000000
56633  23.525  -12.057  -32.703 0.7500000000
57502  22.802  -11.772  -32.770 0.7500000000
59384  20.933  -10.015  -32.645 0.7500000000
59385  20.203  -9.391  -32.438 0.6250000000
57516  22.483  -11.289  -32.963 0.7500000000
58427  22.154  -10.662  -33.087 0.8750000000
114872  21.510  -10.557  -32.785 0.8750000000
118509  24.131  -11.629  -33.004 0.7500000000
105284  23.392  -11.307  -33.136 0.7500000000
120485  22.548  -10.109  -33.320 0.8750000000
59397  21.843  -9.848  -33.117 0.8750000000
106917  24.415  -11.002  -33.241 0.7500000000
58425  23.811  -10.449  -33.373 0.7500000000
114345  23.254  -9.881  -33.472 0.8750000000
59396  22.626  -9.397  -33.433 0.8750000000
59395  24.194  -9.607  -33.518 0.7500000000
109239  23.485  -9.009  -33.550 0.8750000000
59394  25.234  -9.478  -33.639 0.8750000000
60365  25.673  -8.705  -33.817 0.8750000000
61268  25.217  -7.852  -33.772 0.8750000000
114233  27.248  -8.468  -34.471 0.3750000000
61267  26.206  -8.044  -34.060 0.7500000000
60376  28.339  -8.545  -34.918 0.5000000000
61282  27.823  -7.776  -34.699 0.5000000000
61283  26.858  -7.476  -34.292 0.7500000000
61280  29.512  -7.814  -35.195 0.1250000000
61281  28.747  -7.833  -35.147 0.3750000000
108640  28.166  -7.065  -34.700 0.6250000000
118827  27.423  -7.057  -34.416 0.6250000000
110258  27.554  -6.457  -34.394 0.6250000000
60373  30.133  -7.784  -34.994 0.1250000000
62180  30.028  -6.896  -34.956 0.1250000000
62181  29.069  -6.903  -35.013 0.1250000000
63087  29.501  -5.947  -34.920 0.1250000000
63088  28.159  -5.342  -34.694 0.6250000000
63937  28.202  -4.716  -35.109 0.6250000000
63938  27.501  -4.639  -34.861 0.7500000000
63086  30.373  -5.791  -35.090 0.1250000000
114703  30.541  -5.086  -35.811 0.1250000000
63948  29.465  -4.792  -35.799 0.1250000000
63949  28.608  -4.439  -35.652 0.6250000000
63963  29.148  -4.185  -36.453 0.7500000000
62179  31.157  -6.260  -34.881 0.1250000000
118373  29.715  -4.216  -36.956 0.5000000000
70794  26.492  3.775  -35.380 0.6250000000
112707  26.569  4.384  -34.794 0.5000000000
118285  26.443  4.084  -36.042 0.7500000000
64850  30.266  -3.609  -37.987 0.6250000000
65635  29.948  -3.132  -38.554 0.6250000000
65644  29.524  -2.632  -39.266 0.8750000000
64855  31.178  -3.414  -38.991 0.5000000000
65643  30.599  -3.062  -39.523 0.6250000000
65650  30.228  -2.515  -40.155 0.7500000000
71675  26.574  4.611  -35.741 0.7500000000
67323  28.450  -0.123  -41.615 0.8750000000
100753  27.381  1.321  -42.212 0.8750000000
65652  29.444  -2.090  -40.770 0.7500000000
67322  28.989  -0.442  -41.714 0.8750000000
68189  28.899  0.395  -42.461 0.8750000000
68192  28.574  0.975  -42.829 0.8750000000
65641  31.697  -3.078  -39.233 0.3750000000
65642  31.284  -2.956  -39.869 0.5000000000
65649  30.823  -2.394  -40.184 0.5000000000
66474  29.689  -1.754  -41.027 0.6250000000
66464  31.699  -2.712  -39.329 0.2500000000
107384  31.383  -2.709  -39.853 0.3750000000
66473  30.325  -1.801  -40.707 0.5000000000
113649  26.838  5.009  -34.970 0.6250000000
71683  26.392  4.404  -36.864 0.8750000000
108141  26.193  2.977  -41.449 0.7500000000
69048  27.244  2.292  -42.507 0.8750000000
67320  29.904  -0.971  -41.168 0.6250000000
68188  29.445  0.761  -42.470 0.7500000000
66470  30.845  -1.839  -40.297 0.3750000000
68186  30.617  -0.149  -40.952 0.5000000000
69934  29.095  1.897  -42.687 0.7500000000
67308  31.187  -1.556  -39.455 0.2500000000
71689  26.224  4.519  -38.324 0.8750000000
100106  25.611  3.876  -40.778 0.8750000000
70836  26.761  3.842  -42.385 0.7500000000
69044  29.909  1.134  -42.270 0.5000000000
108202  30.628  0.979  -40.353 0.2500000000
102754  30.107  1.406  -41.066 0.5000000000
68184  30.496  0.580  -41.221 0.5000000000
68176  31.065  -0.121  -39.334 0.2500000000
72453  26.945  5.702  -34.736 0.5000000000
108312  26.350  6.197  -36.437 0.6250000000
108689  26.439  5.299  -36.677 0.7500000000
108552  26.356  5.196  -37.935 0.7500000000
72469  26.117  6.001  -37.621 0.7500000000
113803  26.128  5.089  -39.186 0.7500000000
71697  25.839  4.895  -39.952 0.7500000000
71716  25.747  4.671  -41.829 0.7500000000
100980  25.793  4.853  -41.088 0.7500000000
70835  27.584  3.592  -41.959 0.5000000000
70827  27.402  4.239  -41.195 0.3750000000
70831  26.715  4.311  -42.075 0.6250000000
109493  30.133  1.760  -39.664 0.2500000000
69928  29.410  2.291  -40.788 0.3750000000
69929  28.437  3.232  -40.830 0.3750000000
72478  26.007  5.752  -38.947 0.7500000000
72489  26.168  5.472  -39.937 0.7500000000
71696  26.140  5.056  -40.888 0.6250000000
71706  27.288  4.808  -40.377 0.3750000000
71715  26.379  4.749  -41.519 0.3750000000
69025  29.889  2.411  -38.529 0.1250000000
70817  28.332  3.835  -39.858 0.1250000000
73260  25.497  6.492  -38.624 0.6250000000
71695  27.515  5.283  -39.564 0.2500000000
108196  29.002  4.635  -37.762 0.1250000000
70805  28.407  4.460  -38.839 0.1250000000
70816  29.167  3.360  -38.630 0.1250000000
108661  25.615  7.043  -37.299 0.6250000000
73261  24.772  6.741  -39.516 0.3750000000
73276  25.403  5.955  -40.213 0.3750000000
73288  27.154  6.014  -39.938 0.2500000000
73275  26.573  5.422  -40.341 0.3750000000
72487  27.965  5.737  -38.959 0.1250000000
72488  27.063  5.520  -39.987 0.3750000000
71687  29.221  5.275  -37.312 0.1250000000
73972  24.873  7.544  -38.480 0.3750000000
73289  24.618  5.731  -41.306 0.3750000000
73290  24.325  6.339  -40.640 0.3750000000
73298  25.643  5.511  -41.139 0.3750000000
73273  28.632  7.188  -38.836 0.1250000000
73274  27.411  5.853  -39.508 0.1250000000
72477  28.918  5.936  -37.909 0.1250000000
74687  24.370  7.369  -40.039 0.2500000000
74005  23.613  6.339  -41.967 0.2500000000
73991  23.912  6.663  -40.999 0.3750000000
73979  24.361  7.172  -39.735 0.3750000000
73299  24.539  5.886  -42.805 0.1250000000
73300  23.798  5.945  -41.707 0.3750000000
73990  26.514  6.222  -41.112 0.1250000000
118092  25.270  5.527  -42.053 0.2500000000
74002  28.675  7.915  -40.457 0.1250000000
74681  24.625  8.008  -38.893 0.3750000000
74695  23.852  6.961  -41.435 0.2500000000
74017  24.231  6.682  -43.198 0.1250000000
74016  25.038  6.841  -43.479 0.1250000000
74027  24.926  7.779  -43.929 0.1250000000
74015  26.647  7.583  -42.657 0.1250000000
75455  25.268  8.449  -43.144 0.1250000000
74713  25.955  7.974  -44.063 0.1250000000
74723  25.324  8.498  -44.216 0.1250000000
74702  29.377  8.336  -41.114 0.1250000000
63970  30.290  -4.164  -37.432 0.6250000000
116620  29.121  -1.672  -41.114 0.8750000000
106337  30.107  0.093  -41.566 0.5000000000
67316  30.830  -0.729  -40.275 0.3750000000
72460  26.692  5.496  -35.647 0.6250000000
70828  25.496  4.393  -41.561 0.7500000000
70832  25.636  3.989  -42.136 0.7500000000
69931  29.549  1.868  -41.896 0.5000000000
69932  28.715  2.630  -41.922 0.5000000000
69935  27.917  2.744  -42.551 0.7500000000
73989  27.890  7.008  -39.954 0.1250000000
73306  23.805  6.027  -42.523 0.2500000000
74703  28.157  8.113  -41.756 0.1250000000
62182  28.194  -6.198  -34.577 0.5000000000
63089  27.277  -5.544  -34.374 0.6250000000
64849  31.133  -3.929  -38.153 0.3750000000
69046  28.557  1.774  -42.950 0.7500000000
66458  31.472  -1.716  -38.437 0.1250000000
54847  22.772  -14.076  -31.420 0.7500000000
55742  22.261  -13.203  -31.630 0.7500000000
56604  20.955  -12.607  -31.545 0.7500000000
54860  23.998  -13.845  -31.788 0.7500000000
55757  22.880  -12.787  -31.994 0.7500000000
55755  24.699  -13.510  -32.250 0.7500000000
58412  20.822  -10.866  -32.343 0.6250000000
56632  24.532  -12.160  -32.787 0.6250000000
57515  24.988  -11.560  -33.092 0.7500000000
58424  25.385  -10.892  -33.347 0.6250000000
58423  25.786  -10.217  -33.618 0.6250000000
104143  26.322  -9.547  -33.942 0.5000000000
59403  27.083  -9.247  -34.278 0.3750000000
59401  28.848  -9.187  -34.726 0.1250000000
60375  29.170  -8.480  -35.131 0.1250000000
61266  30.763  -7.491  -34.334 0.1250000000
104954  31.316  -5.527  -35.460 0.1250000000
63103  31.683  -5.049  -36.134 0.1250000000
63969  31.089  -4.366  -37.436 0.1250000000
67302  31.244  -0.516  -38.355 0.1250000000
69024  30.524  1.543  -38.438 0.1250000000
69910  29.705  2.885  -37.609 0.1250000000
70798  29.543  4.375  -36.782 0.1250000000
72476  29.472  6.135  -36.855 0.1250000000
107927  29.171  7.189  -38.120 0.1250000000
74684  30.140  8.139  -39.116 0.1250000000
74659  23.846  9.177  -32.959 0.1250000000
74686  24.828  8.173  -39.170 0.2500000000
74694  24.880  7.713  -40.551 0.1250000000
75450  25.895  8.411  -41.267 0.1250000000
74722  25.927  8.713  -44.516 0.1250000000
74712  27.502  8.323  -43.286 0.1250000000
74701  30.331  8.389  -40.681 0.1250000000
74711  28.872  8.430  -42.557 0.1250000000
64851  29.192  -3.016  -37.419 0.7500000000
64842  28.914  -3.442  -36.590 0.7500000000
69892  26.431  3.056  -34.984 0.3750000000
118891  26.905  1.197  -41.328 0.8750000000
65651  29.029  -2.277  -40.076 0.8750000000
69924  25.979  3.351  -39.711 0.8750000000
118259  26.668  2.097  -41.830 0.8750000000
73971  25.145  8.100  -37.580 0.3750000000
74679  25.233  8.979  -37.829 0.1250000000
116357  25.015  8.515  -38.379 0.2500000000
56616  24.130  -12.680  -32.410 0.7500000000
56620  20.672  -11.983  -31.686 0.7500000000
56617  22.762  -12.233  -32.399 0.7500000000
58413  20.074  -10.247  -32.180 0.6250000000
57517  21.718  -11.184  -32.671 0.7500000000
58426  22.908  -10.657  -33.316 0.8750000000
109240  24.808  -10.257  -33.460 0.7500000000
59402  27.930  -9.316  -34.592 0.2500000000
59393  26.496  -8.798  -34.131 0.6250000000
61279  30.584  -7.095  -34.670 0.1250000000
103782  28.779  -5.893  -34.785 0.5000000000
63100  29.739  -5.359  -35.282 0.1250000000
63101  28.902  -5.192  -35.119 0.5000000000
63962  30.151  -4.559  -36.690 0.1250000000
64841  29.525  -3.816  -37.180 0.6250000000
115469  30.158  -2.184  -40.668 0.6250000000
68191  28.853  1.164  -42.929 0.7500000000
107926  27.812  2.256  -42.762 0.7500000000
67319  30.474  -0.921  -40.851 0.5000000000
69933  26.463  3.216  -42.190 0.7500000000
68183  30.829  0.252  -40.322 0.3750000000
70818  25.634  4.384  -40.427 0.7500000000
71724  26.119  4.390  -42.272 0.7500000000
69036  30.831  0.885  -39.369 0.1250000000
69923  29.231  2.784  -39.612 0.1250000000
71688  28.510  5.228  -38.346 0.1250000000
70804  29.263  3.825  -37.696 0.1250000000
73259  28.482  6.463  -38.537 0.1250000000
113854  24.500  5.613  -42.120 0.3750000000
109258  27.878  6.465  -39.314 0.1250000000
73988  29.121  7.812  -39.370 0.1250000000
73258  29.402  6.794  -37.461 0.1250000000
74018  23.800  6.685  -42.619 0.2500000000
74004  25.771  6.368  -42.316 0.1250000000
74003  27.343  7.273  -41.264 0.1250000000
74704  24.436  7.541  -42.280 0.1250000000
74714  24.448  7.549  -43.498 0.1250000000
74692  29.751  8.297  -40.007 0.1250000000
75449  26.821  9.238  -41.921 0.1250000000
55756  23.168  -13.490  -31.722 0.7500000000
113054  23.482  -14.179  -31.548 0.7500000000
55743  21.337  -13.244  -31.411 0.7500000000
54848  21.892  -13.962  -31.252 0.7500000000
108050  20.010  -10.835  -31.882 0.5000000000
58422  26.615  -10.327  -33.817 0.5000000000
63961  31.264  -4.720  -36.712 0.1250000000
63960  32.224  -4.585  -36.735 0.1250000000
73978  29.550  7.747  -38.439 0.1250000000
54837  20.976  -13.852  -30.967 0.7500000000
56605  20.108  -12.401  -31.316 0.5000000000
53959  23.363  -14.817  -31.319 0.6250000000
54846  24.101  -14.669  -31.613 0.6250000000
53968  25.458  -14.909  -32.023 0.3750000000
54859  24.810  -14.405  -31.956 0.6250000000
54857  26.538  -14.265  -32.387 0.2500000000
54858  25.666  -14.233  -32.364 0.3750000000
59392  27.439  -10.072  -34.110 0.3750000000
72443  26.775  5.894  -33.814 0.2500000000
55765  25.965  -12.950  -32.882 0.5000000000
57514  25.938  -11.569  -33.275 0.3750000000
53957  25.677  -15.507  -31.748 0.5000000000
53958  24.865  -15.215  -31.713 0.6250000000
53019  24.085  -16.472  -31.011 0.6250000000
55733  20.209  -13.407  -30.719 0.3750000000
53947  23.207  -15.643  -30.983 0.6250000000
53960  22.533  -14.739  -31.064 0.6250000000
53017  25.571  -16.691  -30.896 0.3750000000
53027  25.038  -16.142  -31.416 0.5000000000
56606  19.291  -12.019  -31.024 0.2500000000
53956  26.412  -15.417  -31.604 0.3750000000
55754  26.266  -13.637  -32.674 0.2500000000
53967  26.130  -14.957  -32.152 0.2500000000
56630  26.546  -12.332  -33.221 0.3750000000
57513  26.858  -11.593  -33.537 0.2500000000
110368  27.208  -10.918  -33.794 0.2500000000
68980  17.501  2.069  -32.155 0.1250000000
69887  19.922  3.153  -35.495 0.2500000000
59391  28.583  -10.109  -34.202 0.2500000000
68997  23.066  1.804  -34.551 0.3750000000
104572  21.304  2.481  -35.704 0.2500000000
68994  26.223  2.278  -34.756 0.2500000000
69876  18.224  2.992  -32.833 0.1250000000
68112  17.285  1.525  -31.650 0.2500000000
59377  19.499  -9.691  -31.873 0.2500000000
69008  22.189  1.862  -35.402 0.3750000000
56631  25.507  -12.226  -32.990 0.5000000000
55744  20.483  -13.096  -31.179 0.5000000000
56615  25.061  -12.822  -32.622 0.5000000000
57493  19.814  -11.740  -31.428 0.3750000000
57504  20.347  -11.362  -31.819 0.3750000000
57494  19.551  -11.141  -31.501 0.3750000000
104993  26.307  -10.902  -33.542 0.2500000000
53028  24.096  -15.526  -31.388 0.6250000000
116172  25.547  -13.451  -32.571 0.3750000000
53026  25.984  -16.071  -31.287 0.3750000000
53018  24.868  -16.846  -30.998 0.5000000000
55764  26.763  -13.077  -32.950 0.2500000000
100225  17.137  2.010  -31.166 0.1250000000
53932  22.189  -15.979  -30.076 0.5000000000
52036  24.463  -17.315  -30.633 0.3750000000
53020  23.324  -16.409  -30.700 0.5000000000
115542  22.799  -16.008  -30.536 0.5000000000
52029  21.761  -16.392  -29.346 0.3750000000
54822  20.950  -14.696  -30.036 0.5000000000
53948  22.343  -15.319  -30.619 0.5000000000
53949  21.616  -15.051  -30.301 0.5000000000
114461  21.126  -14.417  -30.539 0.3750000000
54836  21.712  -14.558  -30.812 0.5000000000
52010  21.344  -16.766  -28.614 0.1250000000
54838  20.578  -14.025  -30.412 0.2500000000
51034  21.576  -18.414  -28.075 0.1250000000
51050  22.633  -18.005  -29.325 0.3750000000
52026  24.819  -17.906  -30.180 0.2500000000
52027  23.178  -17.587  -30.016 0.3750000000
52038  22.916  -16.699  -30.301 0.5000000000
52971  20.990  -17.093  -27.954 0.1250000000
106780  21.958  -17.326  -29.007 0.3750000000
53918  20.516  -15.389  -28.585 0.1250000000
54823  20.333  -14.196  -29.664 0.1250000000
64854  31.579  -3.475  -38.547 0.1250000000
52035  25.218  -17.325  -30.554 0.2500000000
52028  22.440  -17.000  -29.707 0.5000000000
111229  21.413  -15.484  -29.683 0.5000000000
52037  23.654  -17.121  -30.534 0.3750000000
51056  23.994  -17.877  -30.203 0.3750000000
53933  20.751  -15.046  -29.344 0.1250000000
110685  21.478  -17.612  -28.351 0.1250000000
52990  20.733  -16.253  -28.182 0.1250000000
52989  21.108  -15.873  -28.948 0.1250000000
51996  21.051  -17.826  -27.677 0.1250000000
51048  24.416  -18.428  -29.704 0.2500000000
54803  20.321  -14.684  -28.948 0.1250000000
119611  22.498  -18.470  -28.886 0.2500000000
51049  23.540  -18.460  -29.543 0.2500000000
58414  19.462  -10.512  -31.602 0.2500000000
52009  22.068  -18.133  -28.705 0.1250000000
50050  22.888  -18.805  -29.033 0.1250000000
58404  19.050  -10.957  -31.168 0.1250000000
70786  26.229  3.742  -34.617 0.1250000000
103647  26.141  4.322  -34.049 0.1250000000
71668  26.726  5.017  -34.218 0.1250000000
71663  26.289  5.073  -33.269 0.1250000000
72444  25.881  6.043  -33.212 0.1250000000
69882  25.984  3.137  -34.460 0.1250000000
71655  25.214  5.464  -32.815 0.1250000000
69883  25.494  2.634  -34.199 0.1250000000
70787  20.382  3.423  -34.637 0.1250000000
56595  19.726  -12.768  -30.908 0.1250000000
57483  18.980  -11.458  -30.885 0.1250000000
117840  22.656  2.428  -34.393 0.1250000000
69870  25.531  3.161  -34.097 0.1250000000
70778  25.784  3.689  -34.091 0.1250000000
106463  25.910  4.195  -33.463 0.1250000000
103335  23.894  5.753  -32.663 0.1250000000
72445  24.720  6.119  -32.929 0.1250000000
60345  19.265  -9.124  -31.688 0.1250000000
115532  19.225  -11.457  -31.178 0.1250000000
118534  19.050  -11.818  -30.732 0.1250000000
100845  18.998  -10.325  -31.173 0.1250000000
58392  18.873  -10.934  -31.007 0.1250000000
53946  26.289  -16.403  -30.570 0.1250000000
115381  26.667  -15.745  -30.891 0.1250000000
53955  27.059  -15.106  -31.221 0.1250000000
54856  27.189  -14.044  -32.197 0.1250000000
55753  26.953  -13.610  -32.637 0.1250000000
55763  27.287  -13.076  -32.825 0.1250000000
56629  27.318  -12.613  -33.126 0.1250000000
107735  28.406  -12.195  -32.791 0.1250000000
56628  27.872  -12.148  -33.252 0.1250000000
106096  27.315  -12.090  -33.404 0.1250000000
57501  28.823  -11.588  -32.981 0.1250000000
58411  28.956  -11.057  -33.341 0.1250000000
116837  28.713  -10.829  -33.730 0.1250000000
51047  25.149  -18.340  -29.563 0.1250000000
52025  25.542  -17.721  -29.886 0.1250000000
52034  25.921  -17.069  -30.242 0.1250000000
53931  26.938  -15.984  -30.099 0.1250000000
53005  26.594  -16.660  -29.779 0.1250000000
53945  27.300  -15.371  -30.437 0.1250000000
54835  27.655  -14.715  -30.689 0.1250000000
55741  27.789  -13.645  -31.849 0.1250000000
55751  28.105  -12.939  -32.286 0.1250000000
56603  28.715  -12.537  -31.920 0.1250000000
57500  29.210  -11.245  -32.662 0.1250000000
58420  29.127  -10.417  -33.716 0.1250000000
58410  29.401  -10.606  -33.031 0.1250000000
58421  28.119  -10.902  -33.885 0.1250000000
54844  27.429  -14.390  -31.508 0.1250000000
57512  27.703  -11.577  -33.613 0.1250000000
51032  24.769  -18.774  -29.221 0.1250000000
55752  27.503  -13.330  -32.478 0.1250000000
56614  27.764  -12.725  -32.843 0.1250000000
57511  28.428  -11.486  -33.403 0.1250000000
57492  28.997  -11.866  -32.305 0.1250000000
51046  25.880  -18.113  -29.011 0.1250000000
59383  29.616  -9.870  -33.386 0.1250000000
54845  26.810  -14.782  -31.965 0.1250000000
65613  27.738  -2.801  -35.092 1.0000000000
65618  23.043  -2.783  -36.093 1.0000000000
65619  21.310  -2.145  -35.928 1.0000000000
65628  22.541  -2.038  -36.183 1.0000000000
66435  27.416  -1.035  -35.445 1.0000000000
66439  23.340  -1.771  -35.933 1.0000000000
66441  20.446  -1.756  -35.612 1.0000000000
66450  28.311  -1.646  -36.161 1.0000000000
66475  28.726  -1.073  -41.236 1.0000000000
66476  29.303  -1.094  -41.323 0.8750000000
67288  23.224  -0.769  -35.677 1.0000000000
67290  20.035  0.208  -36.621 1.0000000000
67299  20.645  -0.527  -36.508 1.0000000000
67318  27.673  -0.247  -40.183 1.0000000000
67321  29.449  -0.166  -41.790 0.8750000000
68160  21.310  1.358  -38.287 1.0000000000
68161  20.800  1.019  -38.303 0.8750000000
68170  20.274  1.606  -38.327 0.8750000000
68190  28.173  0.703  -42.412 0.8750000000
68988  17.795  1.740  -32.997 0.3750000000
69018  19.878  1.834  -37.777 0.8750000000
69028  20.648  1.854  -38.668 1.0000000000
69045  29.201  1.366  -42.804 0.7500000000
69047  28.121  1.504  -42.905 0.8750000000
69894  19.745  2.710  -36.175 0.5000000000
69902  21.141  2.084  -38.220 0.7500000000
69903  20.520  2.507  -37.982 0.8750000000
69912  20.782  2.137  -38.541 1.0000000000
69913  20.281  2.184  -38.327 1.0000000000
69930  25.658  3.763  -41.377 0.8750000000
69936  27.037  3.165  -42.409 0.7500000000
70837  26.123  4.061  -42.418 0.7500000000
70838  25.640  4.419  -42.191 0.7500000000
99373  18.671  2.970  -34.447 0.2500000000
105692  28.077  -0.977  -35.937 1.0000000000
106977  19.863  -2.479  -34.886 1.0000000000
107893  18.346  0.461  -33.903 0.6250000000
112429  24.979  -2.370  -35.500 1.0000000000
113856  24.490  -3.753  -35.889 1.0000000000
114423  22.702  -1.755  -36.137 1.0000000000
114456  20.586  -1.132  -35.839 1.0000000000
119463  22.636  0.552  -35.958 0.8750000000
119589  21.242  -0.217  -37.443 1.0000000000
