#!ascii label  , from subject sub-v1s20x0050367_ses-1 vox2ras=TkReg
1427
56665  -38.370  -5.764  34.665 0.0000000000
132294  -54.510  -0.343  27.189 0.0000000000
57816  -46.851  -4.127  29.736 0.0000000000
44411  -14.298  -17.720  56.990 0.0000000000
59878  -34.090  -2.974  39.022 0.0000000000
48557  -30.028  -13.487  55.305 0.0000000000
51373  -37.813  -10.116  55.054 0.0000000000
56535  -40.471  -5.158  47.172 0.0000000000
60897  -37.021  -1.855  45.018 0.0000000000
47632  -21.807  -14.809  50.539 0.0000000000
114866  -25.729  -12.386  55.762 0.0000000000
49611  -25.668  -12.247  50.154 0.0000000000
48642  -35.067  -13.151  49.718 0.0000000000
52324  -38.734  -9.440  49.306 0.0000000000
58731  -40.785  -3.437  40.244 0.0000000000
58766  -44.582  -3.670  38.378 0.0000000000
61082  -50.586  -1.167  29.060 0.0000000000
124900  -42.625  -4.956  32.659 0.0000000000
64216  -51.425  1.541  21.150 0.0000000000
41289  -10.922  -20.757  59.300 0.0000000000
61991  -37.740  -0.414  41.837 0.0000000000
57695  -35.551  -4.600  36.439 0.0000000000
48622  -30.287  -13.813  50.425 0.0000000000
47568  -34.992  -14.747  55.303 0.0000000000
58804  -48.077  -4.022  35.484 0.0000000000
63269  -57.925  0.585  17.389 0.0000000000
54617  -38.266  -6.826  45.002 0.0000000000
56561  -37.840  -5.302  43.274 0.0000000000
128847  -23.628  -13.312  50.062 0.0000000000
50572  -35.917  -10.952  45.755 0.0000000000
52368  -37.426  -9.028  45.632 0.0000000000
54571  -39.656  -7.225  48.068 0.0000000000
57674  -39.488  -4.817  37.715 0.0000000000
58745  -43.020  -3.376  39.133 0.0000000000
57701  -41.450  -4.918  36.584 0.0000000000
130919  -52.271  -0.034  27.788 0.0000000000
63128  -52.896  0.418  31.309 0.0000000000
130955  -56.631  -0.264  26.573 0.0000000000
43396  -11.853  -18.347  54.659 0.0000000000
42356  -11.956  -18.993  57.679 0.0000000000
59822  -34.397  -1.913  42.040 0.0000000000
61957  -36.068  -0.283  43.694 0.0000000000
123055  -34.568  -0.684  40.753 0.0000000000
59862  -36.758  -1.817  39.085 0.0000000000
58776  -34.612  -3.396  37.503 0.0000000000
49524  -27.608  -12.358  55.433 0.0000000000
49473  -27.259  -12.560  59.249 0.0000000000
132088  -29.324  -13.015  59.226 0.0000000000
48500  -31.571  -13.846  59.336 0.0000000000
48682  -27.352  -13.144  46.634 0.0000000000
110602  -29.829  -13.693  46.869 0.0000000000
49601  -37.426  -12.502  52.004 0.0000000000
47626  -35.076  -14.276  51.971 0.0000000000
119633  -36.533  -12.723  54.807 0.0000000000
50451  -36.013  -11.899  58.353 0.0000000000
44473  -17.913  -17.003  53.747 0.0000000000
44417  -20.456  -17.182  56.313 0.0000000000
44380  -21.008  -17.544  58.722 0.0000000000
57793  -44.715  -4.542  30.877 0.0000000000
121010  -45.667  -4.408  33.959 0.0000000000
131891  -47.469  -4.258  33.340 0.0000000000
63286  -60.099  1.885  16.505 0.0000000000
111367  -14.172  -18.277  60.145 0.0000000000
58635  -40.607  -3.877  49.435 0.0000000000
117226  -38.928  -2.299  47.914 0.0000000000
111945  -38.995  -3.551  45.583 0.0000000000
57600  -36.943  -4.125  42.334 0.0000000000
46587  -21.852  -15.208  53.711 0.0000000000
48536  -23.653  -13.722  56.571 0.0000000000
112562  -23.786  -13.558  53.746 0.0000000000
49576  -25.828  -12.219  53.031 0.0000000000
49579  -28.030  -12.514  52.823 0.0000000000
48668  -32.640  -13.632  47.080 0.0000000000
49664  -34.421  -12.525  46.225 0.0000000000
113167  -36.390  -11.551  49.281 0.0000000000
131691  -38.911  -10.508  51.415 0.0000000000
53400  -40.687  -8.466  51.234 0.0000000000
55607  -41.525  -5.932  50.728 0.0000000000
45561  -19.310  -16.227  50.544 0.0000000000
60914  -42.026  -1.250  43.236 0.0000000000
62973  -44.817  1.069  43.100 0.0000000000
60946  -44.042  -0.789  40.798 0.0000000000
59847  -45.850  -2.222  40.264 0.0000000000
59951  -48.630  -3.055  29.128 0.0000000000
59918  -49.873  -2.812  32.630 0.0000000000
61022  -51.616  -1.278  32.062 0.0000000000
35661  -9.049  -26.383  63.439 0.0000000000
56677  -40.442  -5.607  33.474 0.0000000000
57811  -41.301  -4.860  29.217 0.0000000000
61095  -45.905  -2.569  27.035 0.0000000000
61113  -47.349  -1.041  26.655 0.0000000000
120385  -49.235  -0.661  25.473 0.0000000000
62211  -51.382  -0.858  24.444 0.0000000000
120354  -52.867  -0.703  23.835 0.0000000000
63229  -50.428  0.459  22.393 0.0000000000
42335  -12.659  -19.447  60.680 0.0000000000
40202  -11.487  -21.164  63.376 0.0000000000
37422  -9.923  -23.545  64.243 0.0000000000
62926  -41.916  0.664  46.891 0.0000000000
61900  -37.675  -0.176  46.775 0.0000000000
62958  -38.843  0.303  45.258 0.0000000000
61961  -40.692  -0.946  44.157 0.0000000000
59823  -39.009  -2.163  41.124 0.0000000000
58760  -38.460  -3.883  38.737 0.0000000000
56639  -36.874  -5.379  36.113 0.0000000000
48496  -25.425  -13.015  59.371 0.0000000000
48620  -28.118  -12.949  50.382 0.0000000000
48592  -30.263  -13.826  52.849 0.0000000000
48624  -32.728  -14.089  49.880 0.0000000000
47605  -32.432  -14.563  52.321 0.0000000000
47566  -32.645  -14.688  56.034 0.0000000000
48502  -33.760  -13.258  59.019 0.0000000000
44448  -13.970  -17.255  54.390 0.0000000000
111796  -15.703  -16.850  53.850 0.0000000000
44413  -16.231  -17.449  56.823 0.0000000000
126955  -43.297  -4.686  34.973 0.0000000000
110125  -45.850  -4.122  36.984 0.0000000000
57643  -48.884  -4.331  38.802 0.0000000000
58806  -49.209  -2.973  35.005 0.0000000000
63220  -54.698  0.251  23.186 0.0000000000
110019  -56.266  1.166  21.832 0.0000000000
110567  -58.058  1.736  21.023 0.0000000000
64258  -56.318  0.915  18.588 0.0000000000
64245  -59.453  2.137  19.830 0.0000000000
54623  -37.683  -7.596  43.730 0.0000000000
54630  -37.692  -6.989  42.927 0.0000000000
53521  -36.943  -7.979  41.974 0.0000000000
52384  -36.731  -9.713  44.551 0.0000000000
52403  -37.031  -9.145  43.960 0.0000000000
53480  -37.822  -8.183  45.648 0.0000000000
56641  -38.849  -5.379  36.250 0.0000000000
57675  -40.884  -4.884  37.216 0.0000000000
56654  -40.339  -5.447  35.739 0.0000000000
119661  -53.137  -0.007  27.596 0.0000000000
63156  -53.518  0.599  28.995 0.0000000000
63143  -55.176  0.772  29.051 0.0000000000
63159  -56.477  0.622  28.235 0.0000000000
62181  -55.859  -0.463  26.581 0.0000000000
43377  -13.142  -17.867  55.750 0.0000000000
43356  -11.858  -18.612  55.985 0.0000000000
43339  -12.674  -18.469  57.163 0.0000000000
59837  -33.770  -1.961  40.779 0.0000000000
130705  -33.981  -1.210  41.490 0.0000000000
59860  -34.118  -1.889  39.995 0.0000000000
60984  -34.634  -1.762  39.373 0.0000000000
59887  -34.268  -3.135  38.346 0.0000000000
125531  -22.014  -15.997  57.780 0.0000000000
49525  -29.195  -12.962  55.680 0.0000000000
49488  -28.466  -12.554  57.474 0.0000000000
48519  -29.951  -13.227  57.109 0.0000000000
125293  -30.807  -13.770  58.940 0.0000000000
115983  -30.777  -13.809  57.108 0.0000000000
50489  -37.825  -11.311  53.654 0.0000000000
49565  -37.138  -12.863  53.403 0.0000000000
50472  -37.211  -10.869  55.192 0.0000000000
50464  -36.495  -11.111  56.844 0.0000000000
45471  -21.511  -15.988  55.316 0.0000000000
45461  -21.558  -16.335  56.249 0.0000000000
45446  -21.758  -16.611  58.185 0.0000000000
63930  -44.269  1.932  47.029 0.0000000000
120118  -46.116  -4.391  30.918 0.0000000000
57778  -45.902  -4.435  31.659 0.0000000000
112925  -47.563  -4.227  31.783 0.0000000000
57557  -40.632  -4.605  47.704 0.0000000000
58654  -40.308  -3.806  47.501 0.0000000000
58664  -39.733  -4.109  46.118 0.0000000000
57601  -37.454  -4.723  42.797 0.0000000000
57614  -36.511  -4.458  41.616 0.0000000000
57613  -35.770  -3.860  41.182 0.0000000000
47602  -21.866  -14.884  52.042 0.0000000000
47587  -22.445  -14.595  53.497 0.0000000000
47619  -22.434  -14.378  51.798 0.0000000000
48633  -24.151  -12.811  49.654 0.0000000000
48604  -24.143  -13.014  51.372 0.0000000000
49596  -25.678  -12.199  51.981 0.0000000000
49562  -26.753  -12.114  53.252 0.0000000000
49597  -26.406  -12.109  51.356 0.0000000000
48723  -32.941  -13.340  44.710 0.0000000000
51452  -37.115  -10.188  47.547 0.0000000000
50557  -36.050  -11.245  47.497 0.0000000000
51426  -37.500  -10.553  49.261 0.0000000000
51406  -38.167  -11.093  50.943 0.0000000000
116523  -38.887  -9.832  50.045 0.0000000000
52302  -39.621  -9.722  51.496 0.0000000000
52325  -39.464  -9.338  49.959 0.0000000000
55627  -39.794  -6.454  47.347 0.0000000000
55613  -40.813  -6.755  49.429 0.0000000000
56519  -40.965  -5.456  48.899 0.0000000000
57543  -40.946  -4.557  50.090 0.0000000000
115003  -20.897  -15.786  51.367 0.0000000000
60943  -41.968  -2.107  41.987 0.0000000000
60928  -43.068  -0.954  42.008 0.0000000000
59827  -42.341  -2.283  41.087 0.0000000000
58746  -44.065  -3.289  39.022 0.0000000000
59868  -43.591  -2.745  39.638 0.0000000000
59870  -45.397  -2.813  39.702 0.0000000000
59848  -46.826  -2.360  40.440 0.0000000000
58748  -45.848  -3.344  39.136 0.0000000000
61062  -49.934  -1.699  29.135 0.0000000000
59940  -50.325  -2.379  30.414 0.0000000000
61046  -51.210  -0.970  30.557 0.0000000000
63099  -54.419  0.837  32.811 0.0000000000
61096  -46.628  -1.936  27.182 0.0000000000
62171  -46.100  -1.186  26.160 0.0000000000
114048  -47.898  -0.695  24.997 0.0000000000
62209  -48.995  -0.614  24.620 0.0000000000
113946  -49.831  -0.680  24.850 0.0000000000
62221  -49.636  -0.433  23.876 0.0000000000
62222  -50.413  -0.390  23.527 0.0000000000
40259  -9.967  -20.332  57.417 0.0000000000
40233  -9.729  -21.781  59.089 0.0000000000
43293  -14.503  -18.503  62.025 0.0000000000
42344  -13.346  -18.795  60.144 0.0000000000
42326  -13.574  -19.117  62.520 0.0000000000
41246  -12.137  -20.834  63.975 0.0000000000
40196  -11.816  -21.824  64.259 0.0000000000
39282  -10.556  -22.378  63.963 0.0000000000
38355  -11.031  -23.063  64.336 0.0000000000
37427  -10.752  -24.497  63.995 0.0000000000
59773  -38.085  -2.120  46.374 0.0000000000
60859  -37.862  -0.680  47.277 0.0000000000
60884  -37.061  -0.771  45.504 0.0000000000
61974  -36.043  0.145  43.033 0.0000000000
62956  -37.359  0.181  44.538 0.0000000000
61959  -37.576  0.095  43.420 0.0000000000
115530  -39.472  -0.121  44.862 0.0000000000
61977  -38.897  -0.736  42.922 0.0000000000
60924  -39.577  -1.484  42.763 0.0000000000
60941  -38.517  -1.361  41.472 0.0000000000
58758  -36.810  -3.097  38.120 0.0000000000
59882  -37.248  -2.636  38.696 0.0000000000
58779  -37.285  -3.910  37.774 0.0000000000
57672  -37.752  -4.630  37.396 0.0000000000
57696  -36.466  -4.804  36.586 0.0000000000
48556  -24.256  -13.239  56.104 0.0000000000
128318  -24.138  -13.365  56.958 0.0000000000
48518  -25.230  -12.825  57.933 0.0000000000
130093  -28.625  -13.495  48.179 0.0000000000
113034  -27.879  -13.262  48.266 0.0000000000
48636  -28.822  -13.335  49.790 0.0000000000
48606  -29.234  -13.289  51.659 0.0000000000
119712  -29.896  -13.641  51.203 0.0000000000
48669  -33.303  -13.501  47.822 0.0000000000
48655  -32.558  -13.764  48.054 0.0000000000
130961  -34.001  -13.622  49.469 0.0000000000
47579  -35.359  -14.846  54.482 0.0000000000
111109  -33.902  -14.792  53.035 0.0000000000
47577  -33.988  -15.108  54.649 0.0000000000
47590  -32.475  -14.738  54.013 0.0000000000
47567  -33.503  -14.936  55.490 0.0000000000
47546  -33.444  -14.120  57.484 0.0000000000
47547  -34.069  -13.877  57.212 0.0000000000
54477  -39.376  -7.055  54.885 0.0000000000
44472  -17.172  -16.949  53.864 0.0000000000
44431  -17.025  -17.271  55.276 0.0000000000
44430  -16.128  -17.226  55.364 0.0000000000
44352  -21.054  -17.884  60.490 0.0000000000
56693  -41.129  -5.452  32.851 0.0000000000
57733  -41.964  -5.244  34.132 0.0000000000
57745  -43.097  -4.804  33.464 0.0000000000
116784  -46.759  -4.358  34.706 0.0000000000
57725  -45.465  -4.394  35.297 0.0000000000
125675  -47.400  -4.213  36.362 0.0000000000
58769  -47.477  -4.040  38.020 0.0000000000
110409  -48.127  -4.190  37.573 0.0000000000
118118  -50.180  -2.193  34.172 0.0000000000
59912  -49.810  -2.685  33.654 0.0000000000
59906  -49.893  -2.132  35.033 0.0000000000
117525  -52.222  0.263  22.442 0.0000000000
131265  -54.014  -0.107  23.420 0.0000000000
63231  -52.770  0.776  21.977 0.0000000000
64203  -54.765  1.072  21.786 0.0000000000
64232  -55.354  1.238  20.602 0.0000000000
64220  -57.200  1.370  21.419 0.0000000000
64233  -56.210  1.150  20.280 0.0000000000
64291  -56.358  1.065  16.274 0.0000000000
64275  -55.681  1.070  17.700 0.0000000000
121560  -57.315  0.824  18.508 0.0000000000
64259  -58.168  1.383  19.027 0.0000000000
64260  -59.023  2.003  18.725 0.0000000000
64277  -59.408  1.927  17.995 0.0000000000
64304  -61.302  2.088  16.439 0.0000000000
55632  -39.320  -6.359  46.495 0.0000000000
56545  -39.082  -5.256  45.096 0.0000000000
55647  -38.340  -6.332  44.357 0.0000000000
55665  -37.460  -6.392  42.350 0.0000000000
47633  -22.531  -14.239  50.617 0.0000000000
51473  -35.878  -10.816  44.979 0.0000000000
52367  -36.937  -9.769  45.946 0.0000000000
53448  -37.887  -8.975  47.196 0.0000000000
53432  -38.797  -8.583  48.303 0.0000000000
117156  -38.162  -8.341  46.903 0.0000000000
54597  -38.598  -7.139  46.470 0.0000000000
58762  -40.248  -4.119  39.185 0.0000000000
58744  -41.461  -3.615  39.690 0.0000000000
57658  -40.748  -4.427  38.465 0.0000000000
57660  -42.404  -4.310  37.808 0.0000000000
57677  -42.801  -4.392  37.110 0.0000000000
123400  -51.409  -0.338  28.113 0.0000000000
62126  -51.544  -0.462  29.902 0.0000000000
63155  -52.815  0.350  29.545 0.0000000000
116742  -54.130  0.788  31.180 0.0000000000
63183  -58.038  0.529  26.356 0.0000000000
115265  -11.393  -19.189  57.081 0.0000000000
114786  -11.518  -19.548  58.327 0.0000000000
111502  -35.843  -2.166  43.077 0.0000000000
60896  -36.616  -0.970  44.663 0.0000000000
59812  -34.939  -1.387  42.738 0.0000000000
61990  -34.671  -0.330  42.018 0.0000000000
60939  -35.937  -0.088  41.083 0.0000000000
60963  -37.580  -1.190  40.456 0.0000000000
60979  -36.086  -1.075  39.682 0.0000000000
59880  -35.229  -2.217  38.660 0.0000000000
58793  -35.037  -3.846  36.829 0.0000000000
49522  -26.398  -12.163  55.405 0.0000000000
49502  -26.122  -12.459  57.471 0.0000000000
115209  -27.749  -12.315  57.002 0.0000000000
48497  -28.644  -12.838  59.621 0.0000000000
48471  -31.834  -14.011  60.896 0.0000000000
48683  -28.955  -13.571  46.840 0.0000000000
129621  -30.350  -13.872  48.589 0.0000000000
49599  -36.039  -13.210  50.936 0.0000000000
48610  -35.561  -13.775  51.328 0.0000000000
48594  -36.450  -13.672  52.312 0.0000000000
48571  -36.202  -14.333  54.064 0.0000000000
48560  -35.739  -13.520  55.579 0.0000000000
48523  -34.969  -12.717  57.404 0.0000000000
49508  -36.030  -11.823  56.393 0.0000000000
45521  -18.526  -16.688  52.207 0.0000000000
44474  -18.855  -16.987  53.611 0.0000000000
44416  -19.550  -17.413  56.211 0.0000000000
44398  -19.623  -17.780  57.733 0.0000000000
44399  -20.554  -17.573  57.791 0.0000000000
57775  -43.595  -4.700  31.729 0.0000000000
110676  -43.856  -4.533  33.014 0.0000000000
57761  -45.095  -4.418  32.284 0.0000000000
57748  -46.240  -4.401  33.442 0.0000000000
58813  -47.596  -4.189  34.661 0.0000000000
118187  -50.996  2.498  20.116 0.0000000000
63239  -52.411  1.277  21.290 0.0000000000
65149  -51.751  2.247  19.814 0.0000000000
63283  -57.374  0.640  15.859 0.0000000000
63285  -59.090  0.933  16.584 0.0000000000
111147  -58.261  0.460  15.221 0.0000000000
63308  -59.135  0.469  14.756 0.0000000000
44393  -14.968  -17.644  57.749 0.0000000000
43330  -14.094  -18.005  58.704 0.0000000000
59738  -39.450  -2.262  50.239 0.0000000000
59754  -39.477  -2.718  48.398 0.0000000000
58663  -39.104  -3.093  46.468 0.0000000000
58679  -37.775  -3.018  44.767 0.0000000000
57578  -38.693  -4.667  44.577 0.0000000000
130672  -37.798  -3.962  43.634 0.0000000000
58691  -36.817  -2.834  43.534 0.0000000000
129386  -35.836  -2.809  42.347 0.0000000000
58729  -34.779  -3.249  40.769 0.0000000000
46561  -22.141  -15.223  55.132 0.0000000000
47552  -22.658  -14.762  56.658 0.0000000000
119425  -22.619  -14.639  54.913 0.0000000000
115999  -23.768  -13.674  54.726 0.0000000000
116861  -24.505  -13.127  54.699 0.0000000000
48588  -23.596  -13.502  51.938 0.0000000000
48578  -24.396  -13.087  53.108 0.0000000000
49542  -25.741  -12.359  54.450 0.0000000000
49543  -26.930  -12.127  54.133 0.0000000000
49544  -27.627  -12.375  54.519 0.0000000000
48568  -29.010  -13.069  54.035 0.0000000000
48685  -33.210  -13.352  46.417 0.0000000000
49638  -34.653  -12.796  48.011 0.0000000000
49676  -35.336  -11.637  46.146 0.0000000000
50549  -35.604  -11.761  47.783 0.0000000000
49626  -35.469  -12.518  49.338 0.0000000000
50541  -36.667  -11.766  49.973 0.0000000000
50500  -38.274  -11.352  52.481 0.0000000000
120834  -38.319  -10.451  53.760 0.0000000000
52266  -38.271  -9.492  54.854 0.0000000000
52278  -39.432  -9.477  53.121 0.0000000000
53388  -40.075  -8.901  52.641 0.0000000000
54492  -40.511  -7.159  53.353 0.0000000000
116553  -40.082  -8.213  49.554 0.0000000000
54520  -41.101  -7.668  50.986 0.0000000000
55595  -41.608  -6.319  52.264 0.0000000000
57529  -41.539  -4.839  51.630 0.0000000000
45523  -20.200  -16.381  52.581 0.0000000000
61944  -42.893  -0.143  44.014 0.0000000000
62972  -43.987  0.483  42.889 0.0000000000
61980  -44.167  0.244  41.885 0.0000000000
117068  -45.833  0.463  41.414 0.0000000000
59844  -43.089  -2.216  40.274 0.0000000000
60967  -44.441  -1.327  40.303 0.0000000000
58869  -47.999  -3.573  29.305 0.0000000000
58844  -48.323  -3.881  31.056 0.0000000000
59939  -49.696  -2.987  30.550 0.0000000000
59919  -50.470  -2.518  32.034 0.0000000000
61007  -51.153  -1.298  34.205 0.0000000000
62091  -52.457  -0.038  31.823 0.0000000000
62063  -52.581  -0.355  33.614 0.0000000000
56690  -37.970  -5.997  32.792 0.0000000000
56666  -39.833  -5.701  34.131 0.0000000000
56691  -38.515  -5.867  32.421 0.0000000000
111468  -39.510  -5.531  31.897 0.0000000000
56707  -40.783  -5.176  31.154 0.0000000000
57791  -42.055  -4.954  30.442 0.0000000000
126701  -43.401  -4.744  30.385 0.0000000000
113031  -44.054  -4.614  29.024 0.0000000000
57839  -45.305  -4.328  28.717 0.0000000000
58892  -46.656  -3.728  28.304 0.0000000000
59969  -47.078  -3.120  27.859 0.0000000000
60000  -47.954  -1.916  27.999 0.0000000000
61099  -49.160  -0.960  27.892 0.0000000000
62191  -46.474  -0.844  25.599 0.0000000000
62173  -47.700  -0.835  26.101 0.0000000000
62150  -49.762  -0.628  27.316 0.0000000000
122431  -50.613  -0.550  26.816 0.0000000000
111982  -51.962  -0.982  26.102 0.0000000000
111556  -53.248  -0.917  26.307 0.0000000000
62198  -53.665  -0.932  25.583 0.0000000000
62212  -52.311  -1.000  24.572 0.0000000000
63217  -51.671  -0.248  22.989 0.0000000000
64201  -50.928  0.998  21.840 0.0000000000
65141  -49.948  2.107  20.919 0.0000000000
43318  -12.992  -18.680  59.013 0.0000000000
42343  -12.545  -19.259  59.546 0.0000000000
41290  -11.601  -20.362  59.687 0.0000000000
42310  -13.215  -19.700  63.221 0.0000000000
41280  -11.828  -20.468  61.554 0.0000000000
40222  -11.218  -21.103  60.935 0.0000000000
39299  -10.300  -22.321  60.841 0.0000000000
39290  -9.717  -22.773  62.616 0.0000000000
38361  -8.490  -23.829  63.128 0.0000000000
113222  -9.295  -24.617  64.160 0.0000000000
62927  -42.856  0.774  46.508 0.0000000000
111975  -38.559  0.688  47.469 0.0000000000
60883  -36.865  -0.435  44.966 0.0000000000
62922  -37.688  0.083  46.146 0.0000000000
115442  -40.306  0.318  46.212 0.0000000000
61922  -40.793  -0.207  45.551 0.0000000000
61943  -42.268  -0.372  44.576 0.0000000000
60913  -41.131  -1.453  43.470 0.0000000000
60942  -40.137  -2.205  42.155 0.0000000000
59841  -39.443  -2.835  40.725 0.0000000000
59839  -38.043  -1.936  40.018 0.0000000000
59864  -38.358  -2.826  39.774 0.0000000000
58742  -39.582  -3.743  39.674 0.0000000000
57656  -38.959  -4.478  38.301 0.0000000000
57698  -38.259  -5.118  36.871 0.0000000000
116919  -37.924  -5.677  35.277 0.0000000000
119847  -33.074  -3.819  37.793 0.0000000000
58791  -33.448  -4.016  36.976 0.0000000000
57693  -33.698  -4.347  36.372 0.0000000000
57719  -33.866  -4.856  35.974 0.0000000000
56648  -34.542  -5.355  35.637 0.0000000000
112049  -35.038  -5.797  35.024 0.0000000000
55764  -36.148  -6.084  34.054 0.0000000000
127612  -36.490  -6.227  33.275 0.0000000000
49485  -25.930  -12.666  58.538 0.0000000000
49636  -25.538  -12.273  48.574 0.0000000000
114042  -26.389  -12.524  48.512 0.0000000000
49624  -26.798  -12.400  49.992 0.0000000000
49614  -27.957  -12.658  51.271 0.0000000000
48579  -29.061  -13.149  53.189 0.0000000000
48569  -29.848  -13.516  54.317 0.0000000000
110601  -30.745  -13.757  46.568 0.0000000000
125335  -30.983  -13.882  47.961 0.0000000000
111685  -31.083  -14.065  49.868 0.0000000000
47637  -34.016  -14.137  50.783 0.0000000000
47623  -32.720  -14.431  51.448 0.0000000000
47622  -31.325  -14.261  51.586 0.0000000000
47589  -31.112  -14.245  53.130 0.0000000000
48582  -31.094  -14.165  53.948 0.0000000000
48558  -30.952  -14.002  55.430 0.0000000000
47545  -32.023  -14.240  57.523 0.0000000000
127803  -32.844  -13.715  58.952 0.0000000000
44446  -12.556  -17.931  54.365 0.0000000000
44428  -13.969  -17.582  55.985 0.0000000000
45495  -15.900  -16.689  52.917 0.0000000000
45518  -14.220  -16.798  52.514 0.0000000000
112994  -14.796  -16.963  54.177 0.0000000000
44429  -14.608  -17.307  55.160 0.0000000000
44412  -15.335  -17.509  56.908 0.0000000000
44376  -16.464  -17.555  58.412 0.0000000000
112460  -20.455  -17.932  59.412 0.0000000000
56655  -40.950  -5.522  35.066 0.0000000000
57702  -42.819  -4.584  36.200 0.0000000000
57703  -43.687  -4.363  36.521 0.0000000000
57736  -44.415  -4.464  34.429 0.0000000000
114055  -44.943  -4.367  35.896 0.0000000000
58782  -45.072  -3.948  37.594 0.0000000000
123314  -46.946  -3.780  38.412 0.0000000000
58823  -48.586  -3.682  33.027 0.0000000000
58814  -48.715  -3.449  33.919 0.0000000000
58805  -48.773  -3.548  35.159 0.0000000000
62200  -55.526  -0.603  25.676 0.0000000000
62216  -56.165  -0.352  24.880 0.0000000000
63204  -56.811  0.160  24.254 0.0000000000
63241  -54.133  1.012  21.780 0.0000000000
63235  -56.187  0.921  22.706 0.0000000000
63223  -57.394  0.877  23.769 0.0000000000
131267  -58.731  1.595  23.550 0.0000000000
64206  -58.790  1.864  22.174 0.0000000000
110806  -56.047  1.068  19.442 0.0000000000
110462  -57.119  1.175  20.009 0.0000000000
64235  -58.724  1.995  20.393 0.0000000000
64278  -60.456  2.090  17.821 0.0000000000
53510  -37.249  -8.482  43.399 0.0000000000
53522  -37.358  -7.817  42.774 0.0000000000
52402  -36.757  -9.200  43.134 0.0000000000
53497  -37.465  -8.436  44.270 0.0000000000
56652  -38.620  -5.606  35.467 0.0000000000
56653  -39.471  -5.541  35.620 0.0000000000
114536  -39.218  -5.701  34.816 0.0000000000
62154  -53.812  -0.167  27.439 0.0000000000
63157  -54.304  0.605  28.607 0.0000000000
63170  -54.531  0.216  27.852 0.0000000000
63158  -55.640  0.649  28.508 0.0000000000
63171  -55.512  0.313  27.976 0.0000000000
62155  -55.278  -0.230  27.304 0.0000000000
43358  -13.335  -17.972  56.630 0.0000000000
43357  -12.539  -18.297  56.282 0.0000000000
43340  -13.468  -18.157  57.538 0.0000000000
59836  -33.994  -2.221  40.167 0.0000000000
59859  -34.218  -2.486  39.648 0.0000000000
59879  -34.392  -2.406  39.086 0.0000000000
46534  -22.323  -15.381  57.238 0.0000000000
48538  -29.768  -13.212  56.173 0.0000000000
49506  -29.168  -12.858  56.669 0.0000000000
48520  -30.417  -13.567  58.093 0.0000000000
48539  -30.450  -13.634  56.215 0.0000000000
51380  -37.794  -10.735  54.268 0.0000000000
50481  -37.385  -11.539  54.306 0.0000000000
52254  -37.454  -10.072  55.908 0.0000000000
131072  -21.917  -16.005  56.898 0.0000000000
57796  -46.664  -4.258  30.369 0.0000000000
57779  -46.732  -4.328  31.273 0.0000000000
58843  -47.471  -4.121  30.737 0.0000000000
57562  -40.317  -4.349  46.916 0.0000000000
56539  -40.085  -4.974  46.447 0.0000000000
56585  -36.645  -5.339  41.395 0.0000000000
57615  -37.097  -5.002  42.058 0.0000000000
47618  -22.134  -14.594  51.264 0.0000000000
49610  -24.899  -12.416  50.120 0.0000000000
115011  -24.714  -12.609  50.921 0.0000000000
113862  -25.495  -12.253  50.952 0.0000000000
49612  -26.300  -12.200  50.478 0.0000000000
52347  -37.741  -9.585  47.955 0.0000000000
51439  -37.279  -10.317  48.397 0.0000000000
52336  -37.931  -9.865  48.875 0.0000000000
51427  -38.273  -10.189  49.664 0.0000000000
55628  -40.352  -5.867  47.442 0.0000000000
55619  -40.345  -6.390  48.035 0.0000000000
56525  -40.706  -5.508  48.024 0.0000000000
126421  -40.856  -4.849  48.411 0.0000000000
46625  -21.124  -15.465  50.572 0.0000000000
129519  -21.310  -15.490  51.876 0.0000000000
59843  -41.119  -3.009  40.921 0.0000000000
59826  -41.511  -2.577  41.459 0.0000000000
129567  -41.800  -2.807  40.856 0.0000000000
58765  -43.613  -3.785  38.282 0.0000000000
58747  -44.982  -3.280  39.064 0.0000000000
58767  -45.441  -3.661  38.422 0.0000000000
61063  -50.378  -1.728  29.784 0.0000000000
61064  -50.920  -1.073  29.774 0.0000000000
63080  -54.605  1.061  33.736 0.0000000000
123325  -45.525  -1.606  26.296 0.0000000000
62220  -48.673  -0.306  23.808 0.0000000000
63214  -49.128  0.140  23.185 0.0000000000
41312  -10.745  -19.938  58.002 0.0000000000
40245  -10.169  -20.841  58.521 0.0000000000
40234  -10.547  -21.428  59.477 0.0000000000
43292  -13.899  -18.739  62.009 0.0000000000
43279  -14.194  -18.885  62.778 0.0000000000
39281  -11.455  -22.396  64.221 0.0000000000
38363  -12.041  -23.907  63.291 0.0000000000
59779  -37.483  -1.577  45.773 0.0000000000
61975  -37.061  0.126  42.748 0.0000000000
61976  -38.126  -0.271  42.739 0.0000000000
112272  -38.531  -0.230  43.548 0.0000000000
60923  -38.707  -1.009  42.250 0.0000000000
58778  -36.396  -3.547  37.531 0.0000000000
57670  -35.991  -4.039  36.957 0.0000000000
57671  -36.895  -4.340  37.161 0.0000000000
49501  -24.970  -12.715  55.993 0.0000000000
48537  -24.727  -12.938  56.889 0.0000000000
125764  -25.518  -12.564  56.709 0.0000000000
110813  -29.420  -13.638  48.768 0.0000000000
48652  -28.411  -13.334  48.938 0.0000000000
112658  -29.641  -13.606  49.795 0.0000000000
48621  -29.332  -13.408  50.614 0.0000000000
48657  -33.991  -13.374  48.603 0.0000000000
48641  -34.469  -13.338  49.369 0.0000000000
126737  -34.571  -15.041  53.909 0.0000000000
47578  -34.685  -15.035  54.733 0.0000000000
110217  -34.316  -14.547  56.189 0.0000000000
129484  -33.816  -14.334  56.793 0.0000000000
55587  -39.930  -6.578  54.214 0.0000000000
110608  -18.653  -17.698  57.359 0.0000000000
57757  -41.881  -5.195  32.187 0.0000000000
57744  -42.062  -5.171  33.263 0.0000000000
58803  -47.129  -4.288  35.498 0.0000000000
58784  -47.675  -4.173  37.073 0.0000000000
58795  -48.084  -4.071  36.285 0.0000000000
61006  -50.373  -1.637  34.970 0.0000000000
64202  -51.861  0.854  21.831 0.0000000000
63218  -53.076  0.314  22.651 0.0000000000
64219  -56.263  1.181  21.022 0.0000000000
64242  -55.381  1.241  19.933 0.0000000000
63268  -57.162  0.631  16.840 0.0000000000
64276  -56.388  0.840  17.210 0.0000000000
63257  -57.222  0.653  17.689 0.0000000000
63258  -58.301  1.017  18.166 0.0000000000
63270  -58.803  1.062  17.373 0.0000000000
55639  -38.716  -6.587  45.734 0.0000000000
110438  -38.758  -6.075  45.031 0.0000000000
54629  -37.275  -7.198  42.154 0.0000000000
55664  -37.032  -6.582  41.641 0.0000000000
51500  -35.880  -10.509  43.479 0.0000000000
121113  -36.954  -9.564  45.233 0.0000000000
52355  -37.433  -9.344  46.512 0.0000000000
53463  -37.807  -8.624  46.378 0.0000000000
54607  -37.857  -7.708  44.806 0.0000000000
54608  -38.201  -7.378  45.679 0.0000000000
57657  -39.846  -4.517  38.442 0.0000000000
121865  -40.347  -4.756  37.817 0.0000000000
57700  -40.601  -5.186  36.489 0.0000000000
57676  -41.795  -4.633  37.376 0.0000000000
113030  -42.199  -4.697  36.646 0.0000000000
111264  -52.066  -0.019  28.271 0.0000000000
110856  -52.129  -0.049  29.214 0.0000000000
62139  -52.781  0.325  28.636 0.0000000000
63118  -54.850  1.023  31.306 0.0000000000
64090  -55.236  1.245  32.326 0.0000000000
64103  -55.780  1.277  31.516 0.0000000000
62182  -57.285  0.120  26.931 0.0000000000
119659  -57.245  -0.047  26.038 0.0000000000
42366  -11.919  -18.750  56.754 0.0000000000
42382  -11.151  -19.128  56.225 0.0000000000
42355  -11.261  -19.462  57.637 0.0000000000
59813  -35.176  -2.196  42.422 0.0000000000
59801  -35.641  -1.280  43.438 0.0000000000
61989  -34.275  -0.750  41.425 0.0000000000
62004  -34.945  -0.155  41.198 0.0000000000
116320  -35.364  0.075  41.782 0.0000000000
60961  -35.433  -0.519  40.446 0.0000000000
60978  -34.684  -1.080  39.966 0.0000000000
59888  -34.903  -2.769  38.091 0.0000000000
58777  -35.461  -3.330  37.432 0.0000000000
49523  -26.964  -12.137  55.683 0.0000000000
49504  -27.354  -12.242  56.297 0.0000000000
49489  -29.253  -12.853  57.544 0.0000000000
49475  -28.950  -12.734  58.428 0.0000000000
48480  -30.896  -13.749  60.008 0.0000000000
48481  -31.781  -13.829  60.347 0.0000000000
48667  -29.181  -13.621  47.631 0.0000000000
110604  -30.050  -13.766  47.841 0.0000000000
49600  -36.736  -12.989  51.593 0.0000000000
48611  -36.161  -13.567  51.612 0.0000000000
49580  -37.007  -13.039  52.553 0.0000000000
49547  -37.035  -12.401  54.185 0.0000000000
48572  -36.692  -13.348  54.075 0.0000000000
111414  -36.237  -13.592  54.840 0.0000000000
129063  -36.103  -12.940  55.329 0.0000000000
49526  -35.783  -12.654  55.991 0.0000000000
49527  -36.283  -12.214  55.524 0.0000000000
50459  -36.583  -10.928  57.873 0.0000000000
45499  -19.571  -16.700  53.066 0.0000000000
118863  -18.941  -16.794  52.782 0.0000000000
45481  -19.704  -16.865  53.910 0.0000000000
44433  -20.125  -17.014  55.518 0.0000000000
111478  -20.084  -17.556  56.991 0.0000000000
114522  -20.859  -17.229  57.105 0.0000000000
57776  -44.426  -4.526  31.619 0.0000000000
57760  -44.149  -4.505  32.367 0.0000000000
58821  -46.952  -4.360  32.937 0.0000000000
57762  -46.050  -4.410  32.606 0.0000000000
58812  -47.071  -4.305  33.865 0.0000000000
112850  -47.976  -4.030  33.751 0.0000000000
64228  -51.403  2.052  20.437 0.0000000000
64302  -56.620  1.152  15.405 0.0000000000
64303  -57.206  0.939  14.704 0.0000000000
44360  -15.133  -17.684  59.252 0.0000000000
127923  -16.522  -18.504  62.673 0.0000000000
58634  -39.974  -3.146  49.867 0.0000000000
58642  -40.091  -3.242  48.904 0.0000000000
114569  -39.961  -3.644  46.827 0.0000000000
58653  -39.529  -3.036  47.469 0.0000000000
111781  -38.502  -2.875  45.840 0.0000000000
129069  -38.374  -3.150  45.285 0.0000000000
56552  -38.599  -5.535  44.442 0.0000000000
57589  -38.260  -4.987  43.918 0.0000000000
58692  -37.373  -3.809  43.149 0.0000000000
111122  -37.606  -3.445  43.966 0.0000000000
58705  -36.556  -3.234  42.703 0.0000000000
58718  -36.195  -3.568  41.952 0.0000000000
46573  -22.281  -14.888  54.326 0.0000000000
47588  -23.082  -13.986  53.219 0.0000000000
47574  -22.991  -14.193  54.235 0.0000000000
132139  -24.141  -13.378  54.262 0.0000000000
125205  -22.674  -14.145  51.294 0.0000000000
48603  -23.332  -13.608  50.948 0.0000000000
49575  -25.001  -12.570  52.578 0.0000000000
48589  -24.288  -13.043  52.241 0.0000000000
49560  -25.057  -12.634  53.439 0.0000000000
49561  -25.600  -12.409  53.799 0.0000000000
126130  -26.366  -12.141  54.647 0.0000000000
112024  -26.213  -12.175  53.881 0.0000000000
49578  -27.357  -12.262  52.627 0.0000000000
49563  -27.627  -12.348  53.541 0.0000000000
114414  -28.245  -12.625  54.085 0.0000000000
49564  -28.452  -12.747  53.361 0.0000000000
48705  -33.757  -13.012  45.915 0.0000000000
48704  -33.072  -13.350  45.576 0.0000000000
48686  -33.871  -13.002  46.727 0.0000000000
49650  -34.481  -12.630  47.125 0.0000000000
50571  -35.404  -11.413  45.231 0.0000000000
50564  -35.971  -11.112  46.634 0.0000000000
50550  -36.071  -11.473  48.414 0.0000000000
49639  -35.374  -12.245  48.425 0.0000000000
128086  -35.827  -11.931  49.057 0.0000000000
49627  -36.110  -12.167  49.723 0.0000000000
50512  -38.339  -11.258  51.789 0.0000000000
51398  -38.712  -10.799  52.380 0.0000000000
50490  -38.299  -10.990  53.156 0.0000000000
52289  -38.830  -10.272  53.125 0.0000000000
51399  -39.287  -10.114  52.304 0.0000000000
53399  -40.227  -9.093  51.732 0.0000000000
53389  -40.657  -8.426  52.141 0.0000000000
54505  -40.249  -8.041  52.994 0.0000000000
54506  -40.919  -7.611  52.486 0.0000000000
114397  -39.335  -8.033  48.430 0.0000000000
126419  -39.844  -7.757  48.920 0.0000000000
55606  -41.182  -6.384  50.066 0.0000000000
54536  -40.936  -7.247  50.177 0.0000000000
54521  -41.447  -6.792  50.863 0.0000000000
54507  -41.469  -7.104  51.818 0.0000000000
55600  -41.675  -6.229  51.535 0.0000000000
56507  -41.657  -5.511  52.189 0.0000000000
56511  -41.653  -5.540  51.357 0.0000000000
57536  -41.096  -4.315  50.984 0.0000000000
58626  -40.618  -3.731  50.383 0.0000000000
45543  -19.636  -16.384  51.268 0.0000000000
45501  -21.289  -15.787  53.806 0.0000000000
61963  -42.491  -0.661  43.681 0.0000000000
61964  -43.197  -0.166  43.293 0.0000000000
61978  -42.792  -0.824  42.859 0.0000000000
61992  -43.738  -0.461  41.539 0.0000000000
62997  -44.987  0.426  41.509 0.0000000000
61993  -44.484  -0.164  41.158 0.0000000000
59867  -42.247  -3.299  39.745 0.0000000000
119565  -42.355  -2.825  40.382 0.0000000000
131027  -42.879  -2.899  39.838 0.0000000000
59846  -44.921  -2.074  40.021 0.0000000000
59845  -44.002  -2.028  39.975 0.0000000000
60968  -45.315  -1.381  40.438 0.0000000000
132344  -45.570  -0.755  40.791 0.0000000000
60969  -46.332  -1.382  40.793 0.0000000000
59849  -47.802  -2.513  40.511 0.0000000000
58870  -48.625  -3.473  29.706 0.0000000000
58858  -48.913  -3.531  30.389 0.0000000000
59952  -49.201  -3.030  29.725 0.0000000000
61032  -51.165  -1.651  31.140 0.0000000000
59930  -50.686  -2.398  31.176 0.0000000000
61021  -50.998  -1.908  31.938 0.0000000000
61014  -51.204  -1.731  32.729 0.0000000000
61015  -51.644  -1.224  33.136 0.0000000000
62111  -52.191  0.147  31.022 0.0000000000
62110  -51.670  -0.335  30.756 0.0000000000
63078  -53.206  0.219  34.265 0.0000000000
114628  -8.343  -25.995  63.671 0.0000000000
35659  -7.595  -26.160  63.497 0.0000000000
35660  -8.450  -26.981  63.198 0.0000000000
56705  -39.404  -5.523  31.156 0.0000000000
56706  -40.129  -5.350  31.581 0.0000000000
128985  -40.069  -5.292  30.727 0.0000000000
57790  -41.394  -4.985  29.957 0.0000000000
57792  -42.711  -4.845  30.296 0.0000000000
57812  -42.097  -4.845  29.535 0.0000000000
110465  -44.811  -4.501  29.374 0.0000000000
126749  -44.632  -4.442  28.634 0.0000000000
58891  -45.810  -3.959  28.013 0.0000000000
58914  -46.277  -3.276  27.583 0.0000000000
58893  -47.466  -3.490  28.613 0.0000000000
61112  -46.718  -1.339  26.725 0.0000000000
59999  -47.255  -2.267  27.641 0.0000000000
61097  -47.444  -1.490  27.272 0.0000000000
61079  -48.766  -1.713  28.275 0.0000000000
61098  -48.356  -1.238  27.603 0.0000000000
62193  -48.486  -0.700  25.217 0.0000000000
123226  -48.001  -0.763  25.536 0.0000000000
62174  -48.578  -0.702  26.096 0.0000000000
62149  -48.893  -0.726  27.055 0.0000000000
62175  -49.626  -0.631  26.347 0.0000000000
62195  -50.701  -0.840  25.222 0.0000000000
62176  -51.181  -0.838  26.060 0.0000000000
62196  -51.696  -1.040  25.333 0.0000000000
62178  -52.563  -0.840  26.577 0.0000000000
62197  -52.677  -1.056  25.602 0.0000000000
63216  -50.817  -0.158  22.934 0.0000000000
63230  -51.331  0.352  22.374 0.0000000000
39308  -9.356  -22.617  59.509 0.0000000000
43320  -14.441  -17.953  59.325 0.0000000000
43329  -13.542  -18.287  58.413 0.0000000000
43319  -13.756  -18.339  59.270 0.0000000000
42342  -12.157  -19.789  59.876 0.0000000000
42334  -12.000  -20.072  60.589 0.0000000000
42311  -13.873  -19.386  63.177 0.0000000000
41264  -11.955  -20.557  62.974 0.0000000000
40210  -11.366  -21.113  62.118 0.0000000000
40221  -10.758  -21.695  60.330 0.0000000000
40209  -10.789  -21.690  61.427 0.0000000000
39279  -10.177  -22.983  64.111 0.0000000000
38362  -9.160  -23.297  63.330 0.0000000000
38356  -8.860  -23.761  63.758 0.0000000000
115882  -8.661  -24.577  63.937 0.0000000000
37426  -9.905  -24.207  64.352 0.0000000000
37430  -11.666  -24.741  63.222 0.0000000000
63928  -42.478  1.470  47.526 0.0000000000
59753  -38.761  -1.805  48.683 0.0000000000
59737  -38.888  -1.594  49.689 0.0000000000
128236  -37.896  -0.472  47.992 0.0000000000
61901  -37.760  0.054  47.665 0.0000000000
62910  -38.057  0.563  48.044 0.0000000000
62909  -37.977  0.229  47.143 0.0000000000
60911  -36.000  -0.864  43.973 0.0000000000
61938  -36.572  -0.468  44.365 0.0000000000
62957  -38.028  0.402  44.855 0.0000000000
62938  -37.487  0.194  45.255 0.0000000000
62939  -38.250  0.308  45.665 0.0000000000
62923  -38.488  0.373  46.599 0.0000000000
62940  -39.252  0.408  46.145 0.0000000000
119881  -39.959  0.601  46.757 0.0000000000
61941  -40.295  -0.466  44.866 0.0000000000
61923  -41.759  -0.179  45.463 0.0000000000
61942  -41.253  -0.595  44.792 0.0000000000
61962  -41.644  -0.892  43.981 0.0000000000
111379  -39.285  -1.840  41.882 0.0000000000
60925  -40.598  -1.839  42.840 0.0000000000
59824  -39.773  -2.542  41.433 0.0000000000
60980  -37.200  -1.492  39.775 0.0000000000
59863  -37.651  -2.281  39.355 0.0000000000
58759  -37.660  -3.511  38.416 0.0000000000
58740  -38.030  -3.129  39.066 0.0000000000
58741  -38.765  -3.553  39.446 0.0000000000
59865  -39.101  -3.190  40.091 0.0000000000
58761  -39.297  -4.111  38.999 0.0000000000
57655  -38.117  -4.250  38.059 0.0000000000
57697  -37.358  -5.005  36.729 0.0000000000
56640  -37.872  -5.445  36.054 0.0000000000
56651  -37.201  -5.667  35.433 0.0000000000
58790  -32.568  -4.298  37.030 0.0000000000
57718  -33.225  -4.862  35.893 0.0000000000
56647  -33.617  -5.372  35.402 0.0000000000
56661  -34.255  -5.794  34.775 0.0000000000
56649  -35.495  -5.523  35.524 0.0000000000
47553  -23.134  -14.221  56.141 0.0000000000
47543  -23.153  -14.173  57.124 0.0000000000
48517  -24.395  -13.279  57.799 0.0000000000
49486  -26.691  -12.489  58.323 0.0000000000
110251  -27.618  -13.005  49.041 0.0000000000
48651  -27.101  -12.936  48.432 0.0000000000
48634  -27.439  -12.731  49.823 0.0000000000
49613  -27.193  -12.412  50.711 0.0000000000
48591  -29.486  -13.431  52.606 0.0000000000
48580  -29.678  -13.498  53.454 0.0000000000
48581  -30.444  -13.864  53.706 0.0000000000
110600  -31.667  -13.732  46.541 0.0000000000
48639  -32.591  -13.930  48.914 0.0000000000
48654  -31.814  -13.974  48.459 0.0000000000
48653  -31.047  -14.046  48.951 0.0000000000
48638  -31.857  -14.097  49.389 0.0000000000
48609  -34.799  -13.954  51.026 0.0000000000
47625  -34.332  -14.336  51.463 0.0000000000
47606  -33.306  -14.627  52.233 0.0000000000
47634  -31.921  -14.288  51.080 0.0000000000
115549  -31.989  -14.426  51.751 0.0000000000
47604  -31.601  -14.403  52.349 0.0000000000
123049  -32.023  -14.565  53.106 0.0000000000
47576  -32.517  -14.761  55.063 0.0000000000
125528  -31.655  -14.433  53.761 0.0000000000
47575  -31.576  -14.390  54.624 0.0000000000
47565  -31.794  -14.451  55.658 0.0000000000
48540  -31.217  -14.095  56.313 0.0000000000
47554  -31.946  -14.415  56.570 0.0000000000
47533  -33.343  -13.642  58.584 0.0000000000
49491  -35.497  -12.170  57.973 0.0000000000
49476  -35.663  -12.332  58.675 0.0000000000
53360  -38.697  -8.868  54.605 0.0000000000
44427  -13.035  -17.892  55.005 0.0000000000
110780  -13.699  -17.618  55.133 0.0000000000
45498  -18.229  -16.819  52.975 0.0000000000
45520  -17.686  -16.665  52.363 0.0000000000
45497  -17.399  -16.819  53.164 0.0000000000
44449  -16.507  -17.035  54.444 0.0000000000
45496  -16.579  -16.823  53.475 0.0000000000
121653  -14.995  -16.802  53.224 0.0000000000
44471  -14.128  -17.018  53.503 0.0000000000
128552  -15.763  -17.374  56.131 0.0000000000
110607  -15.378  -17.260  55.509 0.0000000000
110781  -14.885  -17.432  56.122 0.0000000000
44394  -15.871  -17.532  57.629 0.0000000000
44395  -16.746  -17.511  57.476 0.0000000000
112156  -20.265  -17.827  58.416 0.0000000000
63967  -45.682  1.627  43.452 0.0000000000
56676  -39.543  -5.701  33.272 0.0000000000
56667  -40.676  -5.616  34.313 0.0000000000
57734  -42.714  -4.904  34.446 0.0000000000
57721  -41.861  -5.161  35.037 0.0000000000
57722  -42.705  -4.792  35.372 0.0000000000
57723  -43.454  -4.554  35.647 0.0000000000
57747  -44.901  -4.392  33.803 0.0000000000
57746  -44.083  -4.486  33.683 0.0000000000
57737  -45.189  -4.411  34.546 0.0000000000
57705  -45.699  -4.320  36.098 0.0000000000
58794  -45.070  -4.178  36.667 0.0000000000
113306  -45.881  -3.902  37.788 0.0000000000
58768  -46.267  -3.714  38.410 0.0000000000
58770  -48.123  -4.138  38.476 0.0000000000
58845  -49.143  -3.496  31.310 0.0000000000
58831  -48.487  -3.896  32.053 0.0000000000
58832  -49.236  -3.352  32.313 0.0000000000
58815  -49.264  -3.016  34.199 0.0000000000
130448  -48.883  -3.325  34.594 0.0000000000
62213  -53.241  -0.935  24.671 0.0000000000
62199  -54.582  -0.770  25.614 0.0000000000
62214  -54.143  -0.764  24.683 0.0000000000
62215  -55.158  -0.556  24.596 0.0000000000
62226  -55.191  -0.173  23.736 0.0000000000
63203  -55.945  -0.146  23.954 0.0000000000
63240  -53.400  1.185  21.378 0.0000000000
64218  -55.405  1.160  21.397 0.0000000000
64204  -55.384  1.012  22.185 0.0000000000
63222  -56.516  0.544  23.494 0.0000000000
64186  -57.203  1.154  23.024 0.0000000000
64187  -58.060  1.408  23.304 0.0000000000
110569  -58.098  1.746  21.781 0.0000000000
64207  -59.315  1.709  22.704 0.0000000000
64221  -58.819  1.973  21.340 0.0000000000
64257  -55.299  1.143  18.589 0.0000000000
110159  -57.206  0.998  19.280 0.0000000000
64244  -58.838  2.025  19.472 0.0000000000
64243  -58.047  1.497  19.792 0.0000000000
64222  -59.478  1.942  20.787 0.0000000000
63271  -59.768  1.895  17.244 0.0000000000
54616  -38.030  -7.020  44.307 0.0000000000
51501  -36.497  -9.823  43.715 0.0000000000
52385  -37.207  -9.066  44.770 0.0000000000
53479  -37.563  -8.491  45.020 0.0000000000
57699  -39.158  -5.133  37.006 0.0000000000
110415  -40.033  -5.107  37.135 0.0000000000
56642  -39.734  -5.333  36.388 0.0000000000
127492  -53.514  0.368  28.123 0.0000000000
63144  -56.172  0.904  28.992 0.0000000000
63145  -57.141  1.135  28.908 0.0000000000
63160  -57.628  0.965  28.191 0.0000000000
62156  -56.319  -0.045  27.391 0.0000000000
43376  -12.359  -18.298  55.300 0.0000000000
43328  -12.811  -18.625  58.063 0.0000000000
59838  -34.127  -2.287  41.217 0.0000000000
117479  -33.910  -1.637  41.470 0.0000000000
60960  -33.973  -1.370  40.841 0.0000000000
45435  -22.162  -16.058  58.962 0.0000000000
49505  -28.297  -12.553  56.200 0.0000000000
48498  -29.662  -13.089  58.246 0.0000000000
48499  -30.056  -13.448  59.389 0.0000000000
129477  -31.279  -13.964  58.057 0.0000000000
49581  -37.559  -12.393  52.765 0.0000000000
49566  -37.524  -12.057  53.554 0.0000000000
50480  -36.812  -11.836  54.951 0.0000000000
50471  -36.596  -11.389  55.828 0.0000000000
50465  -36.965  -10.604  56.293 0.0000000000
45460  -20.932  -16.662  55.682 0.0000000000
120658  -21.091  -16.863  56.489 0.0000000000
44418  -21.548  -16.669  57.212 0.0000000000
113217  -45.474  -4.461  30.914 0.0000000000
57777  -45.130  -4.471  31.474 0.0000000000
57763  -46.737  -4.372  32.114 0.0000000000
132822  -47.268  -4.318  32.408 0.0000000000
58643  -40.594  -4.033  48.428 0.0000000000
113719  -40.031  -3.373  48.124 0.0000000000
56574  -37.497  -5.569  42.558 0.0000000000
127226  -21.915  -14.976  52.933 0.0000000000
46600  -22.550  -14.368  52.544 0.0000000000
47603  -23.168  -13.858  52.463 0.0000000000
48619  -24.134  -12.916  50.513 0.0000000000
49595  -24.871  -12.564  51.673 0.0000000000
49577  -26.540  -12.091  52.325 0.0000000000
49598  -27.240  -12.279  51.730 0.0000000000
51451  -36.524  -10.635  47.112 0.0000000000
51438  -36.600  -10.770  47.980 0.0000000000
51425  -36.758  -10.924  48.850 0.0000000000
50542  -37.069  -11.205  49.667 0.0000000000
51414  -37.811  -10.837  50.108 0.0000000000
51415  -38.623  -10.439  50.464 0.0000000000
52301  -39.305  -9.850  50.677 0.0000000000
52313  -40.013  -9.090  50.742 0.0000000000
54572  -40.318  -6.979  48.777 0.0000000000
114217  -40.769  -6.202  48.724 0.0000000000
119846  -41.032  -6.062  49.372 0.0000000000
57537  -41.441  -5.120  50.758 0.0000000000
56515  -41.145  -5.462  49.866 0.0000000000
57549  -40.917  -4.689  49.151 0.0000000000
45544  -20.225  -16.251  51.685 0.0000000000
46599  -21.387  -15.476  52.554 0.0000000000
60926  -41.560  -1.799  42.726 0.0000000000
60927  -42.393  -1.493  42.451 0.0000000000
60944  -42.713  -1.663  41.647 0.0000000000
60965  -43.013  -1.726  40.924 0.0000000000
59869  -44.490  -2.721  39.574 0.0000000000
59871  -46.293  -2.958  39.855 0.0000000000
59872  -47.215  -3.104  39.865 0.0000000000
59972  -49.184  -2.271  29.010 0.0000000000
59953  -49.817  -2.379  29.743 0.0000000000
61045  -50.802  -1.736  30.474 0.0000000000
61033  -51.464  -0.974  31.263 0.0000000000
121510  -53.876  0.552  32.229 0.0000000000
63115  -53.170  0.295  32.200 0.0000000000
63079  -53.951  0.511  33.555 0.0000000000
125308  -59.743  1.585  24.571 0.0000000000
57835  -41.550  -4.665  28.591 0.0000000000
60017  -45.281  -2.131  26.569 0.0000000000
61111  -46.029  -1.761  26.689 0.0000000000
62208  -48.209  -0.555  24.458 0.0000000000
62194  -49.962  -0.667  25.588 0.0000000000
62210  -50.512  -0.650  24.256 0.0000000000
63215  -49.974  -0.075  23.004 0.0000000000
39309  -10.185  -22.220  59.858 0.0000000000
43307  -14.729  -18.193  61.043 0.0000000000
43306  -13.974  -18.536  61.128 0.0000000000
42336  -13.356  -18.955  61.421 0.0000000000
42325  -12.922  -19.475  61.992 0.0000000000
41247  -13.339  -20.470  63.821 0.0000000000
40199  -12.251  -21.379  64.183 0.0000000000
40198  -11.687  -21.469  64.088 0.0000000000
40201  -10.853  -21.646  62.659 0.0000000000
40195  -11.260  -22.056  64.151 0.0000000000
39280  -10.856  -22.665  64.224 0.0000000000
38354  -10.529  -23.190  64.238 0.0000000000
38358  -10.525  -23.665  64.294 0.0000000000
38359  -11.243  -23.762  64.029 0.0000000000
59764  -38.664  -2.267  47.182 0.0000000000
111046  -38.339  -1.438  47.793 0.0000000000
60860  -38.038  -1.504  47.041 0.0000000000
59772  -37.588  -0.936  46.414 0.0000000000
61910  -37.345  -0.269  46.065 0.0000000000
62955  -36.760  -0.022  44.171 0.0000000000
61958  -36.733  0.106  43.515 0.0000000000
128487  -37.240  0.155  43.949 0.0000000000
61939  -37.874  0.219  44.116 0.0000000000
61940  -38.738  0.026  44.407 0.0000000000
131927  -39.111  -0.406  43.897 0.0000000000
61960  -39.376  -0.822  43.472 0.0000000000
60912  -40.194  -1.289  43.516 0.0000000000
59881  -36.302  -2.298  38.529 0.0000000000
49465  -27.825  -12.722  60.127 0.0000000000
48635  -28.076  -13.105  49.597 0.0000000000
115590  -28.663  -13.035  51.008 0.0000000000
129649  -28.739  -13.187  50.446 0.0000000000
113428  -30.030  -13.758  51.982 0.0000000000
48656  -33.173  -13.680  48.520 0.0000000000
48640  -33.366  -13.786  49.232 0.0000000000
111232  -33.630  -13.901  50.038 0.0000000000
47592  -35.453  -14.776  53.661 0.0000000000
47608  -34.856  -14.700  52.934 0.0000000000
47591  -33.517  -14.973  53.879 0.0000000000
125646  -33.196  -14.976  54.613 0.0000000000
47555  -32.699  -14.449  57.001 0.0000000000
47556  -33.434  -14.597  56.492 0.0000000000
48521  -33.899  -13.340  58.330 0.0000000000
44451  -18.330  -17.173  54.432 0.0000000000
44450  -17.472  -17.139  54.491 0.0000000000
110784  -15.516  -17.073  54.761 0.0000000000
110606  -16.621  -17.364  56.067 0.0000000000
44414  -17.054  -17.454  56.734 0.0000000000
44365  -21.340  -17.434  59.904 0.0000000000
56678  -41.284  -5.484  33.753 0.0000000000
129906  -42.457  -5.024  33.820 0.0000000000
57735  -43.601  -4.632  34.341 0.0000000000
57738  -45.938  -4.398  34.679 0.0000000000
57726  -46.251  -4.362  35.435 0.0000000000
57706  -46.518  -4.271  36.316 0.0000000000
58783  -46.753  -4.073  37.443 0.0000000000
59905  -49.636  -2.557  34.586 0.0000000000
123598  -52.540  -0.249  23.128 0.0000000000
62224  -53.696  -0.591  23.913 0.0000000000
129198  -53.353  -0.171  23.287 0.0000000000
63219  -53.872  0.356  22.879 0.0000000000
119253  -57.175  1.323  22.218 0.0000000000
110568  -57.153  1.294  20.700 0.0000000000
64290  -55.497  1.599  16.233 0.0000000000
120133  -55.763  1.207  16.871 0.0000000000
128860  -56.527  0.806  17.941 0.0000000000
115599  -59.464  2.162  19.162 0.0000000000
63296  -60.386  1.831  15.855 0.0000000000
56534  -40.016  -5.750  46.825 0.0000000000
126839  -39.695  -5.589  46.222 0.0000000000
55640  -39.264  -5.833  45.685 0.0000000000
55653  -38.193  -5.839  43.773 0.0000000000
55652  -37.991  -6.660  43.680 0.0000000000
110643  -37.812  -6.141  43.086 0.0000000000
55682  -37.136  -5.821  41.856 0.0000000000
49621  -24.783  -12.409  49.160 0.0000000000
50583  -34.732  -11.752  43.958 0.0000000000
50584  -35.486  -11.137  44.274 0.0000000000
51485  -36.186  -10.397  44.371 0.0000000000
51474  -36.456  -10.256  45.292 0.0000000000
51463  -36.459  -10.457  46.248 0.0000000000
126305  -37.010  -10.035  46.746 0.0000000000
112938  -37.442  -9.629  47.192 0.0000000000
131383  -38.807  -8.938  48.847 0.0000000000
52348  -38.253  -8.961  47.894 0.0000000000
53449  -38.426  -8.415  47.521 0.0000000000
54570  -38.964  -7.858  47.765 0.0000000000
53464  -38.165  -7.901  46.363 0.0000000000
54587  -38.530  -7.776  47.063 0.0000000000
54588  -39.074  -7.100  47.232 0.0000000000
129538  -40.260  -3.725  39.811 0.0000000000
59866  -41.638  -3.196  40.330 0.0000000000
58743  -40.787  -3.815  39.610 0.0000000000
58763  -41.172  -4.020  39.051 0.0000000000
111133  -42.044  -3.743  39.038 0.0000000000
132452  -41.106  -4.625  37.863 0.0000000000
57659  -41.710  -4.282  38.299 0.0000000000
58764  -42.639  -3.927  38.388 0.0000000000
57678  -43.633  -4.127  37.432 0.0000000000
62137  -50.706  -0.661  28.279 0.0000000000
62138  -51.359  -0.556  28.909 0.0000000000
62127  -52.174  0.021  30.155 0.0000000000
63140  -52.807  0.403  30.468 0.0000000000
63141  -53.556  0.538  29.930 0.0000000000
63129  -53.524  0.645  30.810 0.0000000000
63116  -53.645  0.592  31.577 0.0000000000
63117  -54.363  0.819  31.877 0.0000000000
64077  -55.232  1.345  33.386 0.0000000000
63184  -58.857  1.296  26.669 0.0000000000
63193  -57.887  0.432  25.425 0.0000000000
43375  -11.373  -18.738  55.247 0.0000000000
42365  -10.233  -19.628  56.078 0.0000000000
42354  -10.654  -19.645  57.036 0.0000000000
41300  -11.112  -20.153  58.835 0.0000000000
59786  -36.331  -1.733  44.069 0.0000000000
60910  -35.389  -0.659  43.208 0.0000000000
60938  -34.224  -1.129  42.075 0.0000000000
60922  -34.785  -0.695  42.594 0.0000000000
131533  -35.611  -0.176  43.168 0.0000000000
61973  -35.281  -0.066  42.648 0.0000000000
111075  -36.310  0.182  42.006 0.0000000000
60940  -37.068  -0.432  41.061 0.0000000000
60962  -36.606  -0.774  40.371 0.0000000000
59861  -35.598  -1.600  39.121 0.0000000000
58757  -35.860  -2.801  37.980 0.0000000000
49503  -26.425  -12.252  56.352 0.0000000000
111897  -26.984  -12.253  57.207 0.0000000000
49487  -27.571  -12.371  57.957 0.0000000000
49474  -28.150  -12.544  58.756 0.0000000000
113014  -28.232  -13.402  47.355 0.0000000000
48637  -30.304  -13.854  49.400 0.0000000000
48626  -35.324  -13.490  50.509 0.0000000000
48593  -35.850  -13.951  52.024 0.0000000000
48584  -36.656  -13.702  53.225 0.0000000000
48583  -35.885  -14.314  52.889 0.0000000000
47569  -35.693  -14.299  55.042 0.0000000000
48559  -35.105  -14.025  55.847 0.0000000000
48542  -35.263  -13.150  56.394 0.0000000000
49507  -35.531  -12.307  56.929 0.0000000000
50458  -36.031  -11.592  57.556 0.0000000000
123592  -19.141  -17.120  54.492 0.0000000000
129861  -18.841  -17.565  56.605 0.0000000000
129767  -19.346  -17.634  56.971 0.0000000000
44400  -21.287  -17.153  58.004 0.0000000000
57758  -42.765  -4.920  31.889 0.0000000000
57759  -43.348  -4.736  32.515 0.0000000000
112506  -44.596  -4.413  33.057 0.0000000000
116764  -45.420  -4.395  33.189 0.0000000000
125302  -46.356  -4.395  34.129 0.0000000000
64229  -52.101  1.748  20.579 0.0000000000
64239  -52.680  1.761  20.038 0.0000000000
63284  -58.138  0.519  16.694 0.0000000000
127945  -58.469  0.479  16.030 0.0000000000
63295  -59.366  0.798  15.729 0.0000000000
63307  -58.167  0.583  14.275 0.0000000000
43341  -14.169  -17.903  57.985 0.0000000000
44374  -14.699  -17.762  58.568 0.0000000000
43294  -15.287  -18.204  62.020 0.0000000000
115605  -39.463  -2.464  49.283 0.0000000000
58671  -37.875  -2.417  45.508 0.0000000000
56546  -39.615  -5.015  45.746 0.0000000000
57570  -39.177  -4.384  45.292 0.0000000000
57588  -37.827  -4.481  43.473 0.0000000000
58680  -38.178  -4.120  44.071 0.0000000000
58672  -38.548  -3.775  44.806 0.0000000000
131280  -38.072  -3.611  44.378 0.0000000000
59787  -37.085  -2.591  44.286 0.0000000000
58717  -35.190  -2.835  41.695 0.0000000000
58728  -34.015  -2.670  40.220 0.0000000000
115973  -22.614  -14.746  55.686 0.0000000000
47564  -23.133  -14.211  55.217 0.0000000000
48555  -23.675  -13.742  55.665 0.0000000000
127252  -24.176  -13.388  55.311 0.0000000000
127196  -24.621  -12.991  55.435 0.0000000000
112818  -25.232  -12.632  55.085 0.0000000000
47620  -22.945  -13.952  51.832 0.0000000000
48577  -23.718  -13.522  52.782 0.0000000000
48567  -24.494  -13.078  53.910 0.0000000000
49541  -25.097  -12.673  54.229 0.0000000000
132074  -25.880  -12.258  55.068 0.0000000000
120544  -26.990  -12.104  54.966 0.0000000000
49545  -28.464  -12.745  54.971 0.0000000000
49546  -29.310  -13.162  54.858 0.0000000000
48703  -32.320  -13.560  45.239 0.0000000000
48684  -32.448  -13.563  46.094 0.0000000000
116735  -33.406  -13.335  47.125 0.0000000000
48670  -33.964  -13.122  47.566 0.0000000000
49625  -34.811  -12.880  48.917 0.0000000000
50570  -34.800  -12.088  45.512 0.0000000000
132266  -34.869  -12.096  46.144 0.0000000000
50563  -35.478  -11.664  47.051 0.0000000000
49651  -35.113  -12.239  47.506 0.0000000000
49615  -35.751  -12.819  50.143 0.0000000000
49616  -36.591  -12.441  50.576 0.0000000000
50510  -37.281  -12.260  51.286 0.0000000000
50527  -37.359  -11.644  50.551 0.0000000000
118234  -37.792  -11.716  51.392 0.0000000000
50511  -37.856  -11.859  52.156 0.0000000000
50499  -37.909  -11.680  52.955 0.0000000000
129894  -38.038  -10.865  53.703 0.0000000000
51381  -38.175  -10.089  54.353 0.0000000000
52277  -38.635  -9.627  53.901 0.0000000000
53376  -39.060  -8.897  53.864 0.0000000000
110149  -39.793  -9.518  52.257 0.0000000000
53377  -39.666  -8.539  53.493 0.0000000000
54491  -39.757  -7.568  53.841 0.0000000000
53433  -39.377  -8.635  49.164 0.0000000000
53419  -39.948  -8.734  49.927 0.0000000000
131651  -40.567  -8.214  50.270 0.0000000000
54553  -40.479  -7.566  49.505 0.0000000000
131827  -41.012  -7.890  51.729 0.0000000000
55594  -41.173  -6.739  52.751 0.0000000000
55589  -41.310  -5.837  52.933 0.0000000000
45542  -18.770  -16.513  51.345 0.0000000000
45522  -19.440  -16.609  52.114 0.0000000000
45500  -20.254  -16.497  53.441 0.0000000000
62961  -43.553  0.379  43.949 0.0000000000
61979  -43.478  -0.255  42.397 0.0000000000
117355  -44.785  0.784  42.232 0.0000000000
125751  -45.482  0.862  41.827 0.0000000000
60966  -43.653  -1.495  40.536 0.0000000000
60947  -44.836  -0.691  40.664 0.0000000000
61995  -46.151  -0.307  41.120 0.0000000000
58856  -47.389  -3.989  29.787 0.0000000000
58857  -48.160  -3.826  30.137 0.0000000000
59929  -49.921  -2.921  31.553 0.0000000000
126567  -50.251  -2.737  30.908 0.0000000000
115993  -50.544  -2.280  32.975 0.0000000000
117843  -50.862  -1.734  33.683 0.0000000000
62090  -51.899  -0.473  31.541 0.0000000000
62072  -52.083  -0.638  32.374 0.0000000000
63097  -53.206  0.133  33.158 0.0000000000
62073  -52.641  -0.233  32.678 0.0000000000
118062  -52.178  -0.668  33.121 0.0000000000
62062  -51.800  -0.808  33.955 0.0000000000
37423  -7.580  -25.067  63.300 0.0000000000
56675  -37.970  -5.933  33.730 0.0000000000
130851  -38.935  -5.773  33.954 0.0000000000
112064  -38.691  -5.849  33.099 0.0000000000
111508  -39.187  -5.699  32.485 0.0000000000
56692  -40.118  -5.500  32.507 0.0000000000
124953  -40.921  -5.326  31.963 0.0000000000
129293  -41.442  -5.174  31.469 0.0000000000
56726  -40.741  -5.132  30.312 0.0000000000
125889  -41.425  -5.068  30.776 0.0000000000
57773  -42.164  -5.050  31.229 0.0000000000
57774  -43.013  -4.881  31.038 0.0000000000
110580  -43.893  -4.669  30.960 0.0000000000
57813  -43.184  -4.734  29.489 0.0000000000
129439  -44.178  -4.603  30.057 0.0000000000
57794  -45.103  -4.468  30.198 0.0000000000
57814  -45.574  -4.371  29.553 0.0000000000
57815  -46.310  -4.243  29.692 0.0000000000
58890  -44.870  -4.128  27.849 0.0000000000
57840  -46.112  -4.152  28.888 0.0000000000
58868  -46.922  -3.964  29.149 0.0000000000
132398  -47.461  -3.769  29.198 0.0000000000
58894  -48.105  -3.135  28.699 0.0000000000
59970  -47.778  -2.784  28.158 0.0000000000
59971  -48.428  -2.500  28.521 0.0000000000
61080  -49.520  -1.433  28.526 0.0000000000
61081  -50.147  -1.147  28.638 0.0000000000
62172  -46.913  -0.908  26.152 0.0000000000
61114  -48.035  -0.927  26.829 0.0000000000
61100  -49.920  -0.804  28.089 0.0000000000
62151  -50.427  -0.554  27.605 0.0000000000
62152  -51.103  -0.401  27.550 0.0000000000
125171  -51.845  -0.281  27.649 0.0000000000
126577  -50.420  -0.693  26.005 0.0000000000
62177  -51.684  -0.591  26.893 0.0000000000
62153  -52.508  -0.358  27.383 0.0000000000
110976  -53.233  -0.594  27.045 0.0000000000
62179  -54.015  -0.697  26.567 0.0000000000
62223  -51.128  -0.535  23.625 0.0000000000
119657  -51.985  -0.674  23.730 0.0000000000
64215  -50.458  1.569  21.321 0.0000000000
64227  -50.781  2.090  20.706 0.0000000000
42350  -12.244  -19.103  58.629 0.0000000000
42349  -11.811  -19.649  59.154 0.0000000000
41249  -12.670  -20.312  63.610 0.0000000000
41265  -12.458  -19.992  62.542 0.0000000000
41281  -12.353  -19.873  61.452 0.0000000000
117398  -11.594  -20.653  60.468 0.0000000000
39291  -10.352  -22.288  61.991 0.0000000000
39298  -9.784  -22.876  61.401 0.0000000000
37424  -8.299  -24.328  63.671 0.0000000000
36527  -8.965  -25.421  63.902 0.0000000000
36528  -10.096  -25.264  63.825 0.0000000000
63929  -43.393  1.701  47.303 0.0000000000
60833  -38.647  -0.628  50.089 0.0000000000
60847  -38.227  -0.904  48.472 0.0000000000
62937  -36.993  -0.104  44.825 0.0000000000
61921  -37.159  -0.142  45.486 0.0000000000
62925  -40.853  0.759  46.981 0.0000000000
62959  -39.806  0.063  45.515 0.0000000000
62941  -41.305  0.206  46.215 0.0000000000
116231  -42.131  0.258  46.101 0.0000000000
62942  -42.692  0.221  45.396 0.0000000000
59814  -41.088  -2.299  42.174 0.0000000000
59825  -40.643  -2.671  41.538 0.0000000000
59842  -40.272  -3.015  40.874 0.0000000000
113240  -37.894  -0.973  41.059 0.0000000000
60964  -38.313  -1.684  40.739 0.0000000000
59840  -38.690  -2.487  40.439 0.0000000000
58730  -39.899  -3.377  40.270 0.0000000000
57673  -38.614  -4.782  37.579 0.0000000000
56664  -37.533  -5.840  34.654 0.0000000000
58756  -33.686  -3.444  38.929 0.0000000000
58775  -33.687  -3.553  38.425 0.0000000000
121468  -33.877  -3.639  37.657 0.0000000000
58792  -34.184  -3.861  36.855 0.0000000000
57694  -34.538  -4.504  36.293 0.0000000000
56637  -35.226  -5.069  35.986 0.0000000000
56650  -36.350  -5.623  35.489 0.0000000000
55763  -35.130  -6.070  34.130 0.0000000000
56662  -35.814  -5.876  34.855 0.0000000000
56663  -36.683  -5.881  34.764 0.0000000000
48516  -23.726  -13.692  57.532 0.0000000000
49622  -25.515  -12.253  49.472 0.0000000000
48605  -27.972  -12.542  52.106 0.0000000000
129665  -28.510  -12.868  51.704 0.0000000000
48590  -28.684  -12.918  52.490 0.0000000000
110603  -31.812  -13.832  47.537 0.0000000000
125652  -31.163  -13.820  47.166 0.0000000000
130632  -30.571  -13.784  47.267 0.0000000000
48625  -34.486  -13.670  50.121 0.0000000000
47636  -33.210  -14.219  50.707 0.0000000000
47607  -34.180  -14.591  52.160 0.0000000000
47624  -33.630  -14.436  51.450 0.0000000000
47635  -32.502  -14.247  50.673 0.0000000000
48623  -31.872  -14.186  50.272 0.0000000000
48608  -31.163  -14.144  50.761 0.0000000000
48607  -30.582  -13.971  51.361 0.0000000000
47621  -30.805  -14.122  52.208 0.0000000000
48570  -30.654  -13.910  54.550 0.0000000000
114324  -31.431  -14.145  57.074 0.0000000000
47532  -32.153  -13.965  58.602 0.0000000000
117177  -32.746  -14.074  58.016 0.0000000000
48541  -34.661  -13.617  56.788 0.0000000000
48522  -34.407  -13.028  57.886 0.0000000000
48503  -34.362  -12.954  58.895 0.0000000000
114814  -40.093  -5.643  34.958 0.0000000000
57720  -41.224  -5.228  35.810 0.0000000000
56668  -41.359  -5.465  34.473 0.0000000000
110772  -42.051  -4.891  35.938 0.0000000000
58781  -44.262  -3.944  37.764 0.0000000000
121993  -43.959  -4.535  35.054 0.0000000000
57724  -44.706  -4.443  35.163 0.0000000000
57704  -44.211  -4.443  35.778 0.0000000000
130352  -44.462  -4.303  36.387 0.0000000000
57679  -44.369  -4.139  37.067 0.0000000000
58749  -46.694  -3.454  39.140 0.0000000000
58750  -47.507  -3.745  39.051 0.0000000000
58822  -47.788  -4.175  32.764 0.0000000000
58824  -49.260  -3.163  33.298 0.0000000000
111749  -48.358  -3.762  34.602 0.0000000000
58796  -48.713  -3.799  35.964 0.0000000000
110653  -48.383  -4.131  36.730 0.0000000000
62180  -54.960  -0.581  26.519 0.0000000000
62201  -56.417  -0.383  25.819 0.0000000000
63192  -57.039  -0.011  25.147 0.0000000000
63205  -57.658  0.560  24.559 0.0000000000
63232  -53.617  0.744  22.209 0.0000000000
63233  -54.518  0.775  22.436 0.0000000000
63234  -55.265  0.702  22.778 0.0000000000
63221  -55.623  0.369  23.286 0.0000000000
64172  -58.518  1.022  24.823 0.0000000000
64171  -58.235  1.248  24.030 0.0000000000
110446  -59.288  1.666  23.436 0.0000000000
64205  -58.042  1.573  22.561 0.0000000000
64188  -58.755  1.693  22.928 0.0000000000
64241  -54.908  1.261  19.321 0.0000000000
64234  -57.882  1.548  20.411 0.0000000000
64292  -60.668  2.089  17.090 0.0000000000
37425  -9.129  -23.990  64.120 0.0000000000
38357  -9.456  -23.380  63.977 0.0000000000
38360  -11.651  -22.939  64.071 0.0000000000
39284  -9.854  -22.810  63.654 0.0000000000
39285  -10.329  -22.203  63.207 0.0000000000
40197  -10.997  -21.752  63.716 0.0000000000
40235  -11.207  -21.099  59.955 0.0000000000
52337  -38.383  -9.235  48.531 0.0000000000
56638  -35.997  -5.218  36.054 0.0000000000
56674  -37.014  -6.005  33.923 0.0000000000
57795  -45.859  -4.384  30.299 0.0000000000
58780  -43.020  -4.092  37.798 0.0000000000
59998  -46.654  -2.627  27.406 0.0000000000
60945  -43.354  -1.141  41.208 0.0000000000
61994  -45.300  -0.106  41.013 0.0000000000
62140  -52.696  0.163  27.925 0.0000000000
62225  -54.489  -0.402  23.876 0.0000000000
63098  -53.743  0.410  32.787 0.0000000000
64189  -59.700  1.587  23.312 0.0000000000
110167  -39.711  -0.645  44.195 0.0000000000
116266  -32.937  -14.727  53.091 0.0000000000
119207  -59.156  1.549  24.202 0.0000000000
120229  -55.008  0.532  28.398 0.0000000000
125427  -37.613  -12.091  51.698 0.0000000000
126436  -34.943  -12.133  46.699 0.0000000000
127897  -34.350  -14.979  55.301 0.0000000000
130471  -42.491  -4.937  30.762 0.0000000000
130765  -51.363  -1.496  31.584 0.0000000000
132024  -33.853  -1.874  40.492 0.0000000000
