#!ascii label  , from subject sub-v1s20x0050367_ses-1 vox2ras=TkReg
2214
6500  39.571  -64.036  3.069 0.2000000030
6488  39.906  -63.818  3.586 0.2000000030
135038  39.184  -64.314  2.746 0.2000000030
128987  39.626  -64.326  3.235 0.2000000030
5304  37.600  -65.655  0.675 0.1000000015
6473  40.548  -63.366  4.101 0.3000000119
7067  39.733  -63.299  3.351 0.2000000030
5889  38.166  -65.006  1.987 0.1000000015
5880  38.845  -65.014  2.559 0.2000000030
6501  38.617  -64.203  2.325 0.1000000015
5890  37.580  -64.913  1.232 0.1000000015
6508  37.852  -64.124  1.692 0.1000000015
6518  37.192  -64.029  0.840 0.1000000015
5310  37.359  -65.169  -0.182 0.1000000015
7110  36.616  -62.692  0.218 0.1000000015
5904  36.969  -64.238  -0.099 0.1000000015
5912  37.133  -63.833  -0.953 0.1000000015
7118  36.483  -62.579  -0.606 0.2000000030
6542  36.828  -63.082  -1.154 0.1000000015
7680  39.035  -61.489  3.272 0.1000000015
7695  38.511  -61.949  2.703 0.1000000015
7085  39.116  -63.516  2.750 0.2000000030
6509  37.614  -63.215  1.404 0.1000000015
7068  39.273  -62.521  3.170 0.1000000015
6502  38.330  -63.365  2.130 0.1000000015
114175  36.599  -61.762  0.513 0.1000000015
8263  35.941  -60.545  0.201 0.2000000030
130533  36.194  -61.276  0.199 0.2000000030
8271  35.856  -60.135  -0.612 0.1000000015
7719  36.361  -61.903  -0.825 0.2000000030
8820  35.593  -59.277  -0.698 0.2000000030
8824  35.969  -59.691  -1.355 0.1000000015
8823  36.331  -59.305  -1.896 0.1000000015
7087  37.931  -62.402  2.032 0.1000000015
8241  38.361  -60.934  2.742 0.1000000015
7098  37.222  -62.306  1.075 0.1000000015
9404  35.269  -58.883  0.608 0.2000000030
9405  34.944  -58.256  0.442 0.2000000030
10040  34.780  -57.580  0.091 0.2000000030
122903  35.460  -58.468  -0.768 0.2000000030
10046  35.301  -57.633  -0.728 0.1000000015
9420  36.413  -58.448  -1.839 0.2000000030
7696  37.486  -61.563  1.697 0.1000000015
115371  37.653  -60.857  2.127 0.1000000015
7697  37.047  -60.853  1.563 0.1000000015
8792  35.937  -58.880  1.790 0.2000000030
8808  35.601  -59.270  1.085 0.3000000119
10735  35.008  -56.815  -0.450 0.3000000119
133650  35.439  -57.044  -0.932 0.2000000030
10058  36.471  -57.577  -1.647 0.2000000030
9432  38.994  -58.460  -1.839 0.2000000030
9382  35.526  -58.056  1.968 0.3000000119
8807  36.122  -59.585  1.442 0.2000000030
11422  34.180  -56.024  0.739 0.3000000119
114073  34.326  -55.268  0.294 0.3000000119
130551  34.529  -54.606  -0.123 0.3000000119
122043  35.231  -56.030  -0.650 0.3000000119
10745  35.722  -56.498  -1.089 0.2000000030
112133  37.299  -56.991  -1.517 0.2000000030
10069  38.637  -57.797  -1.610 0.2000000030
12712  33.831  -53.034  1.531 0.4000000060
11411  34.089  -55.947  1.362 0.3000000119
120296  33.950  -55.269  1.072 0.3000000119
10028  34.994  -57.678  1.584 0.2000000030
10717  34.285  -56.662  1.166 0.2000000030
12100  35.123  -54.295  -0.558 0.3000000119
117670  36.465  -56.089  -1.235 0.2000000030
11445  35.923  -55.569  -1.039 0.2000000030
131242  37.390  -56.125  -1.274 0.2000000030
133647  33.890  -52.424  0.765 0.3000000119
12087  34.104  -54.371  0.587 0.3000000119
12727  35.208  -53.450  -0.582 0.2000000030
113435  37.517  -54.836  -1.176 0.2000000030
12747  35.985  -53.928  -0.841 0.2000000030
11443  38.111  -55.313  -1.194 0.1000000015
11444  36.966  -55.488  -1.203 0.2000000030
10743  39.046  -56.116  -1.138 0.2000000030
131536  38.077  -56.413  -1.289 0.2000000030
114659  39.480  -56.784  -1.124 0.2000000030
13955  34.358  -51.327  0.119 0.3000000119
13358  34.592  -52.021  -0.187 0.3000000119
13351  34.153  -52.599  0.369 0.3000000119
13959  35.667  -50.948  -0.745 0.2000000030
13357  35.286  -52.588  -0.640 0.3000000119
131051  36.142  -51.564  -1.020 0.2000000030
12728  34.593  -52.979  -0.171 0.3000000119
13376  36.070  -53.114  -0.940 0.1000000015
12746  36.955  -53.657  -1.135 0.1000000015
114183  38.879  -54.659  -1.236 0.1000000015
12112  37.917  -54.185  -1.259 0.1000000015
13375  37.039  -52.860  -1.239 0.1000000015
123593  39.592  -55.413  -1.193 0.1000000015
14541  34.424  -50.605  0.156 0.3000000119
14540  35.101  -50.163  -0.373 0.2000000030
15144  35.677  -49.506  -0.565 0.2000000030
15165  36.516  -49.274  -1.000 0.2000000030
15804  37.741  -48.481  -1.278 0.1000000015
14539  36.101  -50.183  -0.872 0.1000000015
15164  37.605  -49.311  -1.291 0.1000000015
13958  36.576  -50.997  -1.157 0.1000000015
13981  36.133  -52.287  -1.035 0.1000000015
12745  38.106  -53.521  -1.291 0.1000000015
12111  39.407  -54.105  -1.309 0.1000000015
15787  35.746  -48.753  -0.460 0.2000000030
125668  38.364  -49.044  -1.352 0.1000000015
121023  39.205  -49.028  -1.367 0.1000000015
125660  37.218  -50.273  -1.286 0.1000000015
14559  38.257  -51.012  -1.375 0.1000000015
118654  37.447  -51.201  -1.354 0.1000000015
14558  39.111  -50.776  -1.307 0.1000000015
13374  38.163  -52.758  -1.326 0.1000000015
13979  38.250  -51.927  -1.384 0.1000000015
119487  40.173  -49.130  -1.295 0.1000000015
13978  39.528  -51.974  -1.240 0.1000000015
13373  39.398  -52.849  -1.288 0.1000000015
15802  39.422  -48.214  -1.421 0.1000000015
6519  36.849  -63.518  0.246 0.1000000015
8270  36.229  -60.493  -1.369 0.1000000015
131367  43.523  -46.116  4.880 0.5000000000
17753  41.689  -45.847  5.349 0.5000000000
17752  42.733  -45.783  5.080 0.5000000000
17751  43.521  -45.403  4.663 0.5000000000
17768  44.303  -45.193  4.399 0.5000000000
18509  38.589  -45.342  5.712 0.2000000030
114234  39.324  -45.911  5.654 0.2000000030
115638  39.568  -44.907  5.554 0.3000000119
17737  40.213  -45.633  5.537 0.3000000119
127996  41.375  -44.989  5.346 0.5000000000
18522  42.085  -45.143  5.151 0.5000000000
123049  41.844  -44.409  5.087 0.5000000000
18521  42.748  -44.728  4.744 0.5000000000
18539  43.154  -43.900  4.433 0.5000000000
18538  43.685  -44.589  4.411 0.5000000000
17767  45.724  -45.434  4.055 0.5000000000
18536  45.301  -44.550  3.809 0.5000000000
17067  46.369  -46.230  4.255 0.5000000000
17047  47.886  -47.207  4.606 0.5000000000
121002  38.739  -44.547  5.629 0.3000000119
19345  39.310  -43.991  5.557 0.3000000119
18523  41.023  -44.239  5.308 0.5000000000
115038  43.890  -43.904  4.152 0.5000000000
18537  44.477  -44.410  4.096 0.5000000000
124764  46.160  -44.715  3.539 0.5000000000
17766  46.706  -45.527  3.795 0.5000000000
15062  49.385  -50.273  5.817 0.4000000060
15719  50.043  -49.114  5.172 0.5000000000
15720  49.213  -48.733  5.351 0.5000000000
16372  48.919  -47.408  4.605 0.5000000000
17066  47.444  -46.305  4.142 0.5000000000
14491  49.657  -50.619  5.365 0.4000000060
18510  37.818  -44.700  5.839 0.3000000119
20177  39.043  -43.221  5.531 0.4000000060
20176  39.839  -43.380  5.437 0.4000000060
19360  41.471  -43.606  5.030 0.5000000000
20198  41.067  -42.811  4.981 0.5000000000
19359  42.314  -43.790  4.727 0.5000000000
19377  42.756  -43.132  4.416 0.5000000000
20197  41.920  -42.959  4.675 0.5000000000
20213  43.188  -42.527  4.116 0.5000000000
20212  43.889  -42.695  3.831 0.5000000000
19374  44.823  -43.739  3.669 0.5000000000
129375  46.597  -43.948  3.042 0.5000000000
121144  48.225  -46.031  3.805 0.6000000238
120169  49.285  -48.040  4.917 0.5000000000
17065  48.533  -46.660  4.190 0.5000000000
17764  49.220  -46.183  3.632 0.5000000000
13317  48.572  -52.383  6.109 0.4000000060
124482  48.924  -51.698  6.240 0.4000000060
14490  50.116  -50.096  4.836 0.5000000000
20109  33.451  -42.664  11.383 0.1000000015
20131  33.651  -42.115  9.877 0.1000000015
115400  33.372  -41.214  10.154 0.1000000015
20130  34.110  -42.969  9.697 0.1000000015
20987  34.090  -42.200  9.061 0.1000000015
20988  33.721  -41.371  9.286 0.1000000015
132103  34.551  -42.163  8.418 0.1000000015
21869  34.491  -40.746  8.137 0.1000000015
19332  36.220  -43.543  6.832 0.2000000030
19333  35.575  -43.004  7.485 0.1000000015
19347  37.243  -43.660  6.000 0.3000000119
20199  40.239  -42.746  5.239 0.5000000000
20179  37.350  -42.531  5.884 0.4000000060
21029  38.902  -42.430  5.463 0.4000000060
21046  40.595  -42.064  4.937 0.4000000060
21061  41.516  -42.042  4.599 0.5000000000
20214  42.426  -42.351  4.368 0.5000000000
116452  42.892  -41.893  4.097 0.5000000000
20226  44.290  -42.229  3.553 0.5000000000
18535  47.023  -44.833  3.330 0.5000000000
17064  49.603  -46.920  4.157 0.5000000000
16353  50.365  -48.647  4.687 0.5000000000
13918  49.318  -51.275  4.960 0.4000000060
12651  47.940  -53.732  6.802 0.5000000000
19226  34.850  -43.155  16.673 0.1000000015
20066  33.759  -42.792  15.201 0.1000000015
133479  33.426  -42.815  13.633 0.1000000015
20094  33.351  -42.488  12.262 0.1000000015
20959  33.210  -41.775  11.678 0.1000000015
118480  33.178  -41.035  11.093 0.1000000015
123592  33.408  -42.099  13.972 0.1000000015
20946  33.202  -41.609  12.573 0.1000000015
21858  33.564  -40.502  9.604 0.1000000015
116234  36.828  -39.350  6.344 0.2000000030
23598  36.479  -38.476  6.471 0.2000000030
20142  35.053  -42.535  8.020 0.1000000015
20997  34.927  -41.550  7.851 0.1000000015
21014  35.726  -41.127  7.187 0.1000000015
22744  36.773  -40.223  6.446 0.2000000030
20158  36.131  -42.535  6.861 0.2000000030
21013  36.155  -41.764  6.885 0.1000000015
21031  37.337  -41.600  5.949 0.2000000030
21902  38.065  -40.391  5.640 0.2000000030
22743  37.642  -39.164  5.860 0.2000000030
23597  37.156  -38.694  6.091 0.2000000030
20180  36.702  -42.056  6.393 0.2000000030
117609  38.084  -42.051  5.569 0.2000000030
131281  38.823  -41.590  5.388 0.3000000119
21048  39.441  -41.106  5.157 0.3000000119
21912  40.674  -40.633  4.658 0.4000000060
21062  40.894  -41.434  4.696 0.5000000000
17779  48.453  -45.490  3.374 0.5000000000
118206  42.263  -41.540  4.270 0.4000000060
17116  51.321  -46.353  1.552 0.5000000000
17777  51.064  -45.854  2.551 0.5000000000
120307  49.571  -44.861  2.598 0.5000000000
135058  51.309  -47.004  2.531 0.5000000000
17076  51.102  -46.713  3.028 0.5000000000
119872  50.275  -46.007  3.211 0.5000000000
19389  45.308  -43.065  3.271 0.5000000000
19390  44.566  -42.901  3.563 0.5000000000
15740  50.687  -48.687  3.430 0.5000000000
123058  51.106  -47.517  2.846 0.5000000000
17063  50.613  -47.342  3.817 0.5000000000
18548  48.655  -44.856  2.876 0.5000000000
14497  49.709  -50.643  4.519 0.5000000000
117478  50.573  -49.191  3.965 0.5000000000
17077  50.250  -46.610  3.633 0.5000000000
17780  47.827  -44.882  3.133 0.6000000238
16370  50.466  -48.092  4.350 0.5000000000
131681  48.035  -53.006  5.609 0.4000000060
19220  36.375  -43.468  17.435 0.1000000015
115740  34.184  -42.972  15.965 0.1000000015
20065  34.095  -42.014  15.738 0.1000000015
20921  33.906  -41.193  15.172 0.1000000015
21772  35.117  -40.590  15.858 0.1000000015
124280  33.593  -42.004  14.856 0.1000000015
20937  33.341  -41.430  13.458 0.1000000015
21812  33.277  -40.205  12.390 0.1000000015
21839  33.331  -40.324  10.511 0.1000000015
21857  33.907  -39.916  9.111 0.1000000015
22722  34.287  -39.451  8.604 0.1000000015
129255  35.063  -40.713  7.611 0.1000000015
23580  34.667  -38.914  8.069 0.2000000030
23588  35.721  -38.449  6.977 0.2000000030
21882  35.529  -40.214  7.234 0.1000000015
22733  35.364  -39.236  7.260 0.2000000030
121596  38.647  -40.133  5.429 0.3000000119
22749  38.916  -39.591  5.345 0.3000000119
24449  37.800  -38.290  5.767 0.2000000030
21900  39.307  -40.266  5.161 0.3000000119
22748  39.339  -38.902  5.195 0.2000000030
21911  41.517  -41.085  4.456 0.4000000060
22760  40.745  -39.701  4.609 0.3000000119
21910  42.259  -40.665  4.156 0.4000000060
123927  41.496  -40.180  4.390 0.4000000060
18585  51.704  -44.613  0.839 0.5000000000
19406  50.901  -43.832  1.566 0.5000000000
18566  49.997  -44.178  2.015 0.5000000000
21060  42.948  -41.199  3.912 0.5000000000
20272  52.322  -42.968  0.225 0.5000000000
20253  51.831  -42.829  0.759 0.5000000000
114872  50.960  -42.998  1.272 0.5000000000
19407  50.038  -43.210  1.578 0.5000000000
19385  48.898  -44.165  2.389 0.6000000238
20225  44.955  -42.238  3.272 0.5000000000
21074  44.428  -41.453  3.366 0.5000000000
20237  50.978  -42.081  1.055 0.5000000000
20239  49.302  -42.519  1.626 0.5000000000
19408  49.123  -43.377  1.926 0.6000000238
19386  48.019  -44.235  2.658 0.5000000000
19388  45.996  -43.258  2.973 0.5000000000
19409  48.214  -43.463  2.245 0.5000000000
19387  47.375  -43.606  2.588 0.5000000000
129561  46.743  -55.521  7.705 0.4000000060
12003  46.887  -54.798  7.226 0.4000000060
123017  48.446  -53.118  7.367 0.4000000060
22646  37.065  -39.828  15.062 0.1000000015
22648  35.272  -39.855  15.172 0.1000000015
22673  35.149  -39.161  14.255 0.1000000015
20929  33.556  -41.280  14.331 0.1000000015
21782  34.477  -40.472  15.250 0.1000000015
22674  34.302  -39.424  13.735 0.1000000015
22661  33.933  -40.029  13.983 0.1000000015
22686  34.029  -39.103  12.879 0.1000000015
23550  33.809  -38.803  12.075 0.1000000015
118586  33.437  -39.623  10.842 0.1000000015
22702  33.704  -38.967  10.769 0.1000000015
23581  34.341  -38.674  8.955 0.1000000015
24420  35.053  -37.422  7.980 0.2000000030
24432  35.506  -37.681  7.249 0.2000000030
24431  35.920  -37.188  6.808 0.2000000030
124590  37.052  -38.103  6.115 0.2000000030
26280  47.818  -35.274  3.562 0.2000000030
23605  38.777  -38.195  5.437 0.2000000030
124600  48.021  -36.608  3.117 0.2000000030
24474  47.306  -37.318  3.092 0.2000000030
23611  46.120  -37.968  3.251 0.2000000030
22761  40.045  -39.267  4.822 0.2000000030
24472  49.554  -37.295  2.641 0.2000000030
23625  48.946  -38.145  2.346 0.2000000030
23626  48.086  -38.351  2.457 0.2000000030
121986  46.501  -38.585  2.897 0.2000000030
123936  45.898  -39.128  2.921 0.2000000030
22775  45.324  -39.269  3.099 0.4000000060
23635  51.369  -38.501  1.968 0.2000000030
23636  50.379  -38.665  1.966 0.3000000119
22771  49.394  -38.816  2.016 0.3000000119
22792  48.018  -39.817  2.079 0.4000000060
22773  47.419  -39.051  2.434 0.3000000119
117374  45.685  -39.797  2.799 0.4000000060
22776  44.789  -39.949  3.168 0.5000000000
22777  43.875  -40.100  3.531 0.4000000060
21909  43.035  -40.316  3.788 0.5000000000
21113  53.005  -41.480  0.077 0.5000000000
21951  52.014  -40.835  0.880 0.4000000060
21933  51.400  -40.146  1.405 0.4000000060
21934  50.314  -40.427  1.565 0.4000000060
21936  48.540  -40.484  1.852 0.4000000060
21937  47.724  -40.703  2.036 0.5000000000
21071  46.886  -41.005  2.241 0.5000000000
21920  46.267  -40.373  2.502 0.5000000000
21923  43.694  -40.931  3.585 0.5000000000
21084  51.084  -41.120  1.171 0.5000000000
21086  49.483  -41.690  1.528 0.5000000000
129367  48.757  -41.867  1.713 0.5000000000
20240  48.485  -42.647  1.887 0.5000000000
20241  47.565  -42.624  2.206 0.5000000000
120324  46.650  -42.982  2.591 0.5000000000
20224  45.834  -42.336  2.817 0.5000000000
22657  38.227  -39.737  13.982 0.1000000015
21790  37.859  -40.070  14.697 0.1000000015
22658  37.413  -39.415  14.402 0.1000000015
23538  37.289  -38.318  13.449 0.1000000015
23540  35.555  -38.462  13.609 0.1000000015
24372  35.921  -37.782  13.151 0.1000000015
23548  35.163  -38.095  12.889 0.1000000015
24382  35.507  -37.394  12.497 0.1000000015
24389  34.478  -37.611  11.314 0.1000000015
125757  34.848  -37.004  10.833 0.1000000015
24397  34.396  -37.692  10.388 0.1000000015
24407  34.837  -37.224  8.889 0.2000000030
25319  35.176  -36.483  9.347 0.2000000030
25331  35.263  -36.640  8.390 0.2000000030
24441  36.532  -37.638  6.392 0.2000000030
26270  47.038  -34.982  3.849 0.1000000015
25359  46.989  -35.739  3.595 0.2000000030
123877  47.083  -36.532  3.360 0.2000000030
24457  46.345  -37.210  3.399 0.2000000030
23616  40.015  -38.611  4.901 0.2000000030
27207  45.635  -34.049  4.255 0.1000000015
26272  45.560  -34.975  4.248 0.1000000015
26271  46.168  -35.444  3.975 0.1000000015
25361  45.491  -36.017  4.046 0.1000000015
24458  45.507  -36.818  3.774 0.1000000015
23613  44.648  -38.039  3.656 0.1000000015
23628  45.535  -38.516  3.263 0.2000000030
22759  41.502  -39.321  4.410 0.3000000119
115427  40.776  -38.784  4.659 0.2000000030
24459  44.138  -37.304  4.037 0.1000000015
118930  43.980  -38.686  3.750 0.3000000119
22758  42.286  -39.671  4.111 0.2000000030
21072  46.055  -41.297  2.562 0.5000000000
128320  44.843  -40.820  3.094 0.5000000000
21073  45.259  -41.458  2.967 0.5000000000
21088  47.533  -41.603  2.067 0.5000000000
20223  46.734  -41.985  2.371 0.5000000000
21801  38.895  -40.058  13.596 0.1000000015
23547  38.182  -38.489  13.137 0.1000000015
127066  37.643  -37.824  12.939 0.1000000015
24379  38.123  -37.180  12.651 0.1000000015
24381  36.305  -37.145  12.704 0.1000000015
25294  36.165  -36.007  11.642 0.1000000015
25282  36.762  -36.400  12.338 0.1000000015
24388  35.454  -36.457  11.275 0.1000000015
25307  35.241  -36.411  10.333 0.2000000030
25330  35.699  -36.085  7.851 0.2000000030
25349  36.523  -36.780  6.381 0.2000000030
26257  36.558  -35.881  6.496 0.2000000030
24440  37.303  -37.352  5.950 0.2000000030
24448  38.247  -37.465  5.595 0.2000000030
24447  39.122  -37.409  5.302 0.2000000030
119640  44.612  -33.814  4.393 0.1000000015
27208  44.775  -34.658  4.390 0.1000000015
26274  43.958  -35.828  4.430 0.1000000015
25362  44.642  -36.488  4.148 0.1000000015
24445  40.807  -37.407  4.769 0.1000000015
23602  41.060  -38.054  4.628 0.2000000030
24446  39.990  -37.353  5.040 0.2000000030
25363  43.631  -36.627  4.341 0.1000000015
24460  43.205  -37.464  4.238 0.1000000015
129639  43.836  -37.969  3.945 0.1000000015
23614  43.195  -38.371  3.992 0.2000000030
122194  42.477  -38.820  4.117 0.2000000030
118579  41.701  -38.510  4.405 0.2000000030
23546  39.157  -38.518  12.737 0.1000000015
24387  40.472  -37.902  11.976 0.1000000015
132101  38.411  -37.941  12.788 0.1000000015
123394  39.834  -36.993  12.295 0.1000000015
123283  38.854  -36.810  12.505 0.1000000015
122517  36.908  -35.609  11.866 0.1000000015
117733  37.560  -36.592  12.523 0.1000000015
26222  36.127  -35.203  10.313 0.1000000015
26232  36.009  -35.217  9.318 0.1000000015
27184  36.395  -34.585  8.784 0.1000000015
26243  36.008  -35.322  8.279 0.1000000015
26251  36.177  -35.538  7.290 0.2000000030
25348  37.210  -36.374  5.998 0.2000000030
128394  37.852  -36.789  5.708 0.2000000030
25347  37.964  -36.066  5.690 0.2000000030
25356  38.587  -36.707  5.475 0.2000000030
25355  39.465  -36.604  5.198 0.1000000015
29689  44.400  -31.332  4.243 0.1000000015
124367  43.469  -32.925  4.445 0.1000000015
128270  43.868  -33.572  4.445 0.1000000015
26262  43.359  -35.195  4.522 0.1000000015
28067  43.087  -33.660  4.477 0.1000000015
27200  42.676  -34.467  4.513 0.1000000015
25364  42.754  -36.704  4.474 0.1000000015
126170  42.406  -37.295  4.423 0.1000000015
24461  41.660  -37.557  4.529 0.2000000030
25292  40.641  -36.666  11.806 0.1000000015
25293  40.007  -35.946  12.022 0.1000000015
26204  38.449  -35.208  11.972 0.1000000015
27144  37.066  -34.879  11.472 0.1000000015
27175  36.476  -34.571  9.852 0.1000000015
27188  36.455  -34.734  7.697 0.2000000030
27187  36.978  -34.191  7.172 0.1000000015
26250  36.734  -35.001  6.758 0.1000000015
27194  37.532  -34.503  6.294 0.2000000030
26256  37.305  -35.480  6.106 0.2000000030
128441  38.318  -34.472  5.759 0.1000000015
26255  38.118  -35.213  5.705 0.2000000030
28910  41.985  -31.958  4.465 0.1000000015
116157  41.774  -32.812  4.535 0.1000000015
28055  41.175  -33.233  4.656 0.1000000015
120329  40.404  -33.789  5.004 0.1000000015
27202  39.954  -34.604  5.208 0.1000000015
26254  38.985  -34.991  5.435 0.1000000015
28924  43.912  -32.199  4.366 0.1000000015
28925  42.981  -32.130  4.400 0.1000000015
28054  42.102  -33.642  4.518 0.1000000015
27201  41.413  -34.074  4.616 0.1000000015
118623  40.958  -34.715  4.705 0.1000000015
26264  41.588  -35.451  4.591 0.1000000015
118343  40.673  -35.552  4.812 0.1000000015
25354  40.474  -36.541  4.881 0.1000000015
132440  42.019  -34.242  4.527 0.1000000015
123999  41.854  -34.725  4.544 0.1000000015
25352  42.211  -36.084  4.558 0.1000000015
134383  41.258  -36.905  4.684 0.1000000015
124046  40.102  -35.180  11.783 0.1000000015
26203  39.322  -35.187  11.963 0.1000000015
27157  38.066  -33.820  11.295 0.1000000015
27174  36.902  -33.815  9.418 0.1000000015
28037  37.301  -33.471  7.633 0.1000000015
30404  40.482  -30.587  6.177 0.1000000015
29657  39.949  -30.904  6.776 0.1000000015
28895  38.759  -31.882  6.942 0.1000000015
28900  38.444  -32.739  6.514 0.1000000015
28042  37.827  -33.081  7.074 0.1000000015
30413  41.111  -30.209  5.685 0.1000000015
29665  40.065  -31.271  5.829 0.1000000015
29666  39.413  -31.554  6.372 0.1000000015
28041  38.972  -33.267  5.787 0.1000000015
27193  38.155  -33.661  6.160 0.1000000015
122173  41.307  -30.702  5.061 0.1000000015
29675  41.227  -31.419  4.808 0.1000000015
29676  40.498  -31.764  5.144 0.1000000015
28899  39.778  -32.069  5.548 0.1000000015
28056  39.688  -32.992  5.418 0.1000000015
28057  39.667  -33.810  5.350 0.1000000015
27192  38.982  -34.113  5.555 0.1000000015
28025  37.973  -32.691  10.039 0.1000000015
28883  38.387  -32.123  9.478 0.1000000015
28032  37.716  -32.582  9.064 0.1000000015
124639  38.703  -31.703  8.927 0.1000000015
28036  37.643  -32.724  8.061 0.1000000015
30403  40.948  -30.092  6.539 0.1000000015
122266  40.103  -30.666  7.687 0.1000000015
29658  39.395  -31.157  7.609 0.1000000015
28890  38.655  -31.632  8.040 0.1000000015
31093  41.537  -29.567  6.299 0.1000000015
18507  40.564  -44.885  5.473 0.4000000060
18550  45.683  -43.893  3.353 0.5000000000
18508  40.167  -44.134  5.459 0.4000000060
125201  39.555  -42.757  5.399 0.4000000060
20122  33.697  -42.855  10.530 0.1000000015
20999  33.958  -40.686  8.805 0.1000000015
115166  36.702  -42.858  6.339 0.2000000030
122624  39.681  -42.008  5.209 0.4000000060
21047  40.191  -41.323  4.904 0.4000000060
121221  34.575  -42.428  16.321 0.1000000015
119722  33.092  -40.899  12.025 0.1000000015
125117  37.475  -39.921  5.985 0.3000000119
134799  36.015  -37.896  6.762 0.2000000030
21881  36.156  -40.487  6.844 0.2000000030
21893  37.372  -40.722  6.017 0.2000000030
21030  38.055  -41.177  5.611 0.2000000030
22750  38.195  -39.694  5.613 0.3000000119
21901  38.725  -40.768  5.389 0.3000000119
117521  38.457  -38.976  5.549 0.2000000030
18565  51.036  -44.614  1.866 0.5000000000
20912  34.766  -41.743  16.315 0.1000000015
132875  35.066  -41.153  16.274 0.1000000015
21791  34.478  -39.867  14.532 0.1000000015
122607  33.280  -40.753  12.914 0.1000000015
22687  33.500  -39.512  12.272 0.1000000015
22675  33.623  -39.896  13.173 0.1000000015
132317  34.034  -39.233  9.318 0.1000000015
123579  34.245  -40.136  8.468 0.1000000015
22721  34.757  -39.914  7.858 0.1000000015
24421  34.681  -38.042  8.458 0.1000000015
23589  35.068  -38.271  7.604 0.2000000030
134038  39.512  -39.603  5.058 0.3000000119
19425  51.995  -43.791  0.635 0.5000000000
122952  51.503  -43.596  1.118 0.5000000000
19455  51.883  -43.707  -0.219 0.5000000000
21100  51.856  -41.772  0.754 0.5000000000
22660  35.804  -39.317  14.768 0.1000000015
23531  36.029  -38.796  14.246 0.1000000015
23541  34.757  -38.744  13.354 0.1000000015
22696  33.518  -39.248  11.479 0.1000000015
23563  33.988  -38.220  10.932 0.1000000015
24383  34.751  -37.750  12.157 0.1000000015
24408  34.506  -37.877  9.416 0.1000000015
25342  35.513  -36.878  7.513 0.2000000030
25374  47.703  -35.977  3.366 0.2000000030
25373  48.671  -35.745  3.265 0.2000000030
24473  48.328  -37.482  2.732 0.2000000030
24475  46.730  -37.855  3.111 0.2000000030
132365  44.881  -37.256  3.832 0.1000000015
120858  49.972  -37.984  2.280 0.2000000030
22772  48.451  -38.979  2.192 0.3000000119
22756  44.138  -39.414  3.549 0.4000000060
22789  50.838  -39.400  1.712 0.5000000000
22790  49.840  -39.549  1.788 0.4000000060
22791  48.918  -39.664  1.903 0.4000000060
21919  47.118  -40.064  2.267 0.5000000000
22757  43.268  -39.335  3.780 0.3000000119
21950  52.912  -40.619  0.462 0.5000000000
21932  52.404  -39.896  1.129 0.5000000000
118640  49.662  -40.992  1.583 0.5000000000
118639  49.000  -41.104  1.682 0.5000000000
22672  37.818  -38.976  13.748 0.1000000015
23530  36.922  -38.762  14.102 0.1000000015
23539  36.383  -38.276  13.634 0.1000000015
25283  35.835  -36.674  12.117 0.1000000015
116194  35.120  -37.115  11.726 0.1000000015
26244  35.598  -35.906  8.832 0.2000000030
25360  46.250  -36.296  3.692 0.1000000015
26273  44.871  -35.520  4.303 0.1000000015
22685  38.809  -39.311  13.294 0.1000000015
114743  39.713  -39.529  12.584 0.1000000015
24380  37.179  -37.125  12.746 0.1000000015
25280  38.217  -36.370  12.453 0.1000000015
26206  35.776  -35.814  10.798 0.1000000015
26233  35.611  -35.805  9.830 0.2000000030
28065  45.236  -33.139  4.317 0.1000000015
28066  44.336  -33.008  4.417 0.1000000015
26261  44.157  -35.129  4.480 0.1000000015
25351  43.072  -35.968  4.534 0.1000000015
23615  42.434  -37.991  4.257 0.1000000015
24377  39.732  -37.934  12.408 0.1000000015
23545  40.084  -38.693  12.277 0.1000000015
121902  41.072  -37.440  11.535 0.1000000015
132320  40.528  -37.242  11.921 0.1000000015
25279  39.015  -36.010  12.310 0.1000000015
26187  38.177  -35.756  12.235 0.1000000015
126148  37.652  -35.324  11.911 0.1000000015
26205  36.413  -35.320  11.190 0.1000000015
27158  36.668  -34.655  10.764 0.1000000015
26266  38.812  -35.879  5.414 0.2000000030
26265  39.743  -35.701  5.160 0.1000000015
27199  43.795  -34.373  4.471 0.1000000015
26263  42.470  -35.328  4.534 0.1000000015
24444  41.949  -36.792  4.554 0.1000000015
27142  38.693  -34.463  11.689 0.1000000015
27143  37.835  -34.605  11.595 0.1000000015
125735  37.294  -34.186  11.057 0.1000000015
120680  36.940  -34.099  10.355 0.1000000015
27183  36.800  -33.960  8.187 0.1000000015
28911  41.130  -32.305  4.675 0.1000000015
29674  41.948  -30.851  4.625 0.1000000015
29691  42.598  -31.384  4.419 0.1000000015
28068  42.566  -32.870  4.461 0.1000000015
28912  40.409  -32.687  5.030 0.1000000015
133560  40.024  -34.080  5.221 0.1000000015
25353  41.363  -36.229  4.651 0.1000000015
27141  39.598  -34.455  11.681 0.1000000015
27994  38.999  -33.695  11.411 0.1000000015
28010  38.409  -33.069  10.883 0.1000000015
28026  37.533  -33.477  10.449 0.1000000015
127703  37.441  -33.130  9.546 0.1000000015
28033  37.265  -33.257  8.642 0.1000000015
30392  40.549  -30.382  7.131 0.1000000015
28896  38.157  -32.290  7.490 0.1000000015
28040  39.105  -32.390  6.012 0.1000000015
30414  40.727  -30.966  5.393 0.1000000015
28864  38.845  -32.399  10.381 0.1000000015
28891  38.111  -32.073  8.512 0.1000000015
29651  39.311  -31.324  8.770 0.1000000015
29642  39.921  -31.294  9.440 0.1000000015
30391  41.295  -29.874  7.459 0.1000000015
15696  39.451  -48.415  7.506 0.1000000015
15695  39.986  -48.963  7.039 0.1000000015
15711  39.728  -48.185  6.393 0.1000000015
16343  39.841  -47.366  5.821 0.1000000015
17034  39.989  -46.501  5.602 0.1000000015
17036  38.529  -47.124  6.720 0.1000000015
17738  38.460  -46.281  6.060 0.1000000015
15051  39.782  -48.899  8.031 0.2000000030
15694  40.671  -49.530  6.887 0.2000000030
15710  40.581  -48.784  6.169 0.1000000015
15049  41.267  -50.085  6.787 0.2000000030
16342  40.530  -47.913  5.739 0.1000000015
14469  41.645  -50.625  7.363 0.2000000030
15069  41.428  -49.433  6.014 0.2000000030
111853  41.211  -47.509  5.545 0.2000000030
128239  42.067  -48.939  5.598 0.2000000030
16341  41.440  -48.352  5.632 0.2000000030
17033  41.458  -46.769  5.468 0.3000000119
112233  40.829  -46.202  5.495 0.3000000119
17032  41.975  -47.474  5.490 0.3000000119
17052  42.330  -46.645  5.350 0.3000000119
15068  42.252  -49.570  5.722 0.2000000030
116071  42.452  -48.238  5.500 0.2000000030
13904  42.905  -51.707  7.681 0.2000000030
17031  42.860  -47.441  5.353 0.2000000030
15047  42.995  -50.622  6.282 0.2000000030
12607  43.696  -53.366  11.320 0.1000000015
14454  42.036  -51.199  8.054 0.2000000030
15048  42.095  -50.284  6.265 0.2000000030
14468  42.490  -51.059  6.949 0.2000000030
13285  43.641  -52.505  9.691 0.1000000015
15708  43.724  -49.315  5.603 0.2000000030
16340  43.461  -48.294  5.411 0.2000000030
13272  43.042  -52.367  10.860 0.1000000015
17051  43.194  -46.678  5.155 0.4000000060
13891  43.258  -52.176  8.637 0.2000000030
15067  42.959  -49.925  5.752 0.2000000030
13903  43.961  -52.226  7.463 0.2000000030
12617  44.369  -53.242  10.948 0.1000000015
126252  45.849  -53.386  10.265 0.2000000030
13271  44.037  -52.855  10.417 0.1000000015
13270  45.006  -53.276  10.183 0.1000000015
14467  43.580  -51.363  6.691 0.2000000030
125619  44.388  -48.697  5.478 0.2000000030
130974  44.204  -47.985  5.281 0.4000000060
13284  44.789  -52.936  9.279 0.1000000015
16339  44.936  -48.131  5.268 0.4000000060
17050  44.003  -46.723  4.884 0.4000000060
120569  44.528  -51.714  6.856 0.3000000119
14466  44.534  -50.996  6.492 0.3000000119
13305  44.538  -52.440  7.799 0.2000000030
13902  45.111  -52.151  7.432 0.4000000060
16357  45.404  -47.510  4.945 0.4000000060
131754  45.582  -46.191  4.385 0.4000000060
14480  45.082  -50.350  6.291 0.3000000119
14465  46.731  -51.128  6.972 0.4000000060
129446  45.507  -51.285  6.811 0.3000000119
125393  47.972  -33.237  3.536 0.1000000015
128568  47.084  -34.367  3.945 0.1000000015
117627  44.928  -46.652  4.642 0.4000000060
15707  45.304  -48.913  5.595 0.4000000060
17049  45.909  -46.878  4.616 0.5000000000
126105  46.505  -49.864  6.209 0.4000000060
14479  46.095  -50.430  6.524 0.3000000119
15066  45.667  -49.708  6.012 0.4000000060
115883  46.363  -49.140  5.712 0.4000000060
27213  47.757  -34.531  3.735 0.1000000015
115139  48.302  -34.041  3.555 0.1000000015
17048  46.866  -47.007  4.606 0.5000000000
16356  46.345  -47.643  4.986 0.5000000000
26279  48.657  -34.812  3.403 0.1000000015
26278  49.963  -35.373  2.677 0.1000000015
116729  49.334  -35.290  3.083 0.1000000015
122496  50.175  -36.522  2.753 0.1000000015
15697  39.002  -47.987  8.060 0.1000000015
134748  39.232  -47.496  6.332 0.1000000015
17035  39.178  -46.820  5.928 0.1000000015
16329  38.488  -47.533  7.804 0.1000000015
17019  37.776  -46.486  6.870 0.1000000015
127482  37.224  -45.178  6.376 0.1000000015
17750  44.197  -45.982  4.612 0.4000000060
123070  49.126  -36.571  2.989 0.1000000015
15041  39.922  -49.159  9.038 0.1000000015
16358  43.712  -47.416  5.207 0.3000000119
15046  43.944  -50.324  6.046 0.2000000030
124270  44.524  -47.410  5.027 0.4000000060
116953  44.694  -49.567  5.772 0.3000000119
16338  45.841  -48.284  5.314 0.4000000060
25372  49.714  -35.876  2.971 0.1000000015
17726  36.849  -45.953  8.197 0.1000000015
9336  33.216  -59.235  7.149 0.1000000015
8710  32.696  -60.152  7.855 0.1000000015
7633  34.573  -61.292  7.406 0.1000000015
8711  31.914  -60.187  8.099 0.1000000015
8184  34.813  -60.500  6.743 0.1000000015
9313  32.414  -59.312  7.728 0.1000000015
8712  31.223  -60.055  8.154 0.1000000015
9339  29.806  -59.296  7.580 0.1000000015
134201  31.556  -60.506  8.023 0.1000000015
134742  34.794  -57.747  15.502 0.1000000015
9260  26.277  -58.386  11.307 0.1000000015
9284  26.708  -58.446  9.708 0.1000000015
9335  34.403  -58.835  5.904 0.1000000015
9293  27.586  -58.466  8.739 0.1000000015
8732  33.580  -60.015  7.369 0.1000000015
9315  28.784  -58.782  8.135 0.1000000015
8751  35.025  -59.150  5.804 0.1000000015
112843  29.026  -58.908  7.495 0.1000000015
8183  35.531  -60.870  6.582 0.1000000015
10534  35.002  -56.342  15.362 0.1000000015
9191  34.625  -58.686  15.022 0.1000000015
127490  34.068  -59.568  14.339 0.1000000015
11917  36.199  -53.980  15.891 0.1000000015
11265  35.404  -54.908  15.350 0.1000000015
9856  34.997  -57.793  14.782 0.1000000015
8643  33.740  -59.654  14.296 0.1000000015
9228  28.846  -57.908  14.452 0.1000000015
9245  26.786  -57.874  12.918 0.1000000015
9358  33.621  -58.451  6.042 0.1000000015
9337  32.850  -58.478  6.829 0.1000000015
9314  31.526  -59.278  8.094 0.1000000015
9357  35.108  -58.397  5.616 0.1000000015
132007  36.233  -60.203  6.084 0.1000000015
125185  36.519  -60.884  6.285 0.1000000015
9204  34.426  -58.955  13.760 0.1000000015
11930  36.657  -54.431  15.609 0.1000000015
11264  36.248  -55.096  15.117 0.1000000015
113196  35.498  -55.718  15.019 0.1000000015
10543  35.603  -56.997  14.367 0.1000000015
9205  33.939  -59.234  13.786 0.1000000015
9865  33.417  -58.708  13.746 0.1000000015
9207  31.816  -58.475  14.645 0.1000000015
9208  30.738  -58.421  14.941 0.1000000015
9868  30.790  -57.756  14.655 0.1000000015
112327  29.830  -58.275  14.820 0.1000000015
9880  28.201  -57.238  13.798 0.1000000015
9881  27.443  -57.513  13.404 0.1000000015
9893  27.194  -57.199  12.644 0.1000000015
9923  27.400  -57.636  10.653 0.1000000015
131683  29.658  -57.874  8.754 0.1000000015
9992  34.414  -58.023  5.574 0.1000000015
9976  32.487  -57.856  6.570 0.1000000015
9957  32.174  -58.416  7.431 0.1000000015
9959  30.853  -57.793  8.098 0.1000000015
125288  29.818  -58.897  8.554 0.1000000015
8750  35.774  -58.849  5.729 0.1000000015
8730  35.450  -59.846  6.022 0.1000000015
9226  34.965  -58.767  12.859 0.1000000015
11900  37.356  -53.739  16.606 0.1000000015
11263  37.208  -54.938  15.454 0.1000000015
10533  36.235  -56.020  14.652 0.1000000015
9863  35.926  -58.274  13.395 0.1000000015
9203  35.166  -58.803  12.985 0.1000000015
9878  33.154  -57.706  13.708 0.1000000015
10545  30.560  -56.788  14.420 0.1000000015
113460  30.061  -55.978  14.129 0.1000000015
11916  37.367  -54.335  16.052 0.1000000015
128051  36.934  -55.566  15.015 0.1000000015
10532  37.176  -56.345  14.632 0.1000000015
10542  36.468  -57.077  14.062 0.1000000015
9869  29.811  -57.442  14.547 0.1000000015
10558  29.506  -56.495  14.149 0.1000000015
9892  27.721  -56.729  13.180 0.1000000015
10584  27.774  -56.412  11.495 0.1000000015
9907  27.315  -57.169  11.610 0.1000000015
10604  28.129  -56.304  10.573 0.1000000015
10605  27.727  -56.952  10.887 0.1000000015
10622  28.979  -56.522  9.252 0.1000000015
10623  28.490  -56.859  9.759 0.1000000015
10651  30.691  -56.676  7.738 0.1000000015
10639  29.522  -56.926  8.807 0.1000000015
9932  28.284  -57.586  9.642 0.1000000015
129300  33.181  -56.904  5.560 0.1000000015
9977  31.960  -57.555  6.929 0.1000000015
10650  31.362  -57.156  7.361 0.1000000015
113519  34.623  -57.177  5.523 0.1000000015
9356  35.909  -57.842  5.734 0.1000000015
120882  37.241  -59.010  6.272 0.1000000015
8749  36.595  -58.477  6.041 0.1000000015
9333  37.968  -58.700  6.647 0.1000000015
9334  37.349  -58.192  6.454 0.1000000015
9225  35.781  -58.741  12.501 0.1000000015
9227  34.076  -58.538  13.288 0.1000000015
11899  38.029  -54.236  16.688 0.1000000015
11252  38.576  -55.417  16.068 0.1000000015
11262  37.869  -55.692  15.386 0.1000000015
10531  38.212  -56.840  14.904 0.1000000015
127048  36.794  -58.026  13.500 0.1000000015
120192  36.106  -58.870  12.603 0.1000000015
10544  32.240  -57.071  14.127 0.1000000015
10557  30.870  -55.971  14.170 0.1000000015
11253  37.973  -54.887  16.049 0.1000000015
11281  30.255  -55.278  13.897 0.1000000015
11283  28.468  -55.516  13.257 0.1000000015
10570  27.924  -55.956  12.945 0.1000000015
11294  28.233  -55.249  12.444 0.1000000015
133230  27.873  -55.926  12.165 0.1000000015
11301  28.365  -54.815  11.522 0.1000000015
11312  28.326  -55.263  10.633 0.1000000015
11336  29.374  -55.352  8.429 0.1000000015
11322  28.872  -55.168  9.054 0.1000000015
113069  34.023  -56.555  5.454 0.1000000015
10680  33.228  -55.945  5.425 0.1000000015
10681  32.241  -56.114  5.705 0.1000000015
11367  31.493  -55.851  6.147 0.1000000015
11353  30.439  -55.559  7.261 0.1000000015
10652  29.939  -56.099  8.212 0.1000000015
11378  34.403  -55.523  5.514 0.1000000015
10668  31.107  -56.236  6.894 0.1000000015
10679  34.938  -56.356  5.600 0.1000000015
115757  35.299  -55.676  5.794 0.1000000015
9975  35.448  -57.029  5.691 0.1000000015
9974  36.781  -57.622  6.290 0.1000000015
128061  39.205  -57.930  7.513 0.1000000015
11883  39.517  -54.366  18.104 0.1000000015
11898  38.723  -54.157  17.467 0.1000000015
12533  38.468  -53.570  17.934 0.1000000015
10521  38.834  -56.265  15.705 0.1000000015
9891  35.478  -58.295  12.295 0.1000000015
128158  39.341  -54.852  17.339 0.1000000015
9862  37.565  -57.609  14.055 0.1000000015
9223  37.525  -59.246  12.765 0.1000000015
129507  36.016  -58.776  12.102 0.1000000015
9877  34.611  -57.885  12.741 0.1000000015
10554  33.747  -57.072  13.198 0.1000000015
10556  31.807  -56.110  14.000 0.1000000015
10568  35.027  -57.142  12.301 0.1000000015
11280  32.352  -55.399  13.578 0.1000000015
11945  29.681  -54.667  13.424 0.1000000015
11293  28.833  -54.847  13.095 0.1000000015
11958  28.693  -54.471  12.279 0.1000000015
11957  29.319  -54.201  12.745 0.1000000015
11965  28.715  -54.076  11.529 0.1000000015
12622  28.725  -53.737  10.065 0.1000000015
11984  28.542  -54.718  9.863 0.1000000015
12008  29.722  -55.033  7.809 0.1000000015
11993  29.198  -54.522  8.385 0.1000000015
130598  31.886  -55.363  5.749 0.1000000015
12025  30.640  -54.660  6.571 0.1000000015
11379  33.477  -54.893  5.452 0.1000000015
11380  32.560  -55.186  5.526 0.1000000015
10665  36.497  -56.117  6.435 0.1000000015
116913  36.257  -56.934  6.134 0.1000000015
117732  37.466  -57.526  6.603 0.1000000015
9973  38.062  -57.908  6.801 0.1000000015
9241  38.599  -58.837  12.246 0.1000000015
9890  38.497  -58.255  11.671 0.1000000015
133516  39.739  -54.909  17.804 0.1000000015
11251  39.365  -55.646  16.568 0.1000000015
10520  39.653  -56.942  16.137 0.1000000015
9855  38.648  -58.220  14.433 0.1000000015
9222  38.574  -59.362  12.827 0.1000000015
9905  36.868  -58.233  11.449 0.1000000015
10582  36.496  -57.394  11.598 0.1000000015
114951  38.319  -58.855  13.744 0.1000000015
9243  36.931  -59.115  12.241 0.1000000015
129212  35.542  -56.278  12.184 0.1000000015
11941  33.292  -55.054  13.052 0.1000000015
11943  31.648  -54.560  13.456 0.1000000015
11292  33.884  -55.989  12.833 0.1000000015
12599  29.721  -53.561  12.310 0.1000000015
12612  28.774  -53.715  10.910 0.1000000015
12631  29.045  -53.268  9.299 0.1000000015
11983  28.801  -54.136  9.145 0.1000000015
12655  30.560  -53.692  6.414 0.1000000015
12649  29.589  -54.002  7.594 0.1000000015
12047  32.688  -54.196  5.495 0.1000000015
12048  31.894  -54.608  5.660 0.1000000015
12024  31.185  -54.153  5.923 0.1000000015
12046  33.612  -54.012  5.469 0.1000000015
12045  34.393  -54.481  5.550 0.1000000015
11366  35.962  -55.477  6.213 0.1000000015
9189  40.497  -59.376  14.812 0.1000000015
11230  40.754  -56.050  17.875 0.1000000015
9833  41.055  -58.684  16.433 0.1000000015
9199  40.110  -59.628  13.867 0.1000000015
9221  39.547  -59.595  13.162 0.1000000015
10564  38.574  -57.484  11.634 0.1000000015
11882  40.131  -54.320  18.914 0.1000000015
11211  40.230  -55.079  18.268 0.1000000015
10506  40.200  -56.382  16.930 0.1000000015
9846  40.157  -58.497  15.643 0.1000000015
9854  39.644  -59.023  14.629 0.1000000015
9861  39.201  -59.491  13.735 0.1000000015
10565  37.791  -56.902  11.523 0.1000000015
10566  37.010  -56.541  11.631 0.1000000015
133990  35.420  -55.379  12.329 0.1000000015
11955  32.082  -53.912  13.032 0.1000000015
117631  31.139  -53.879  13.081 0.1000000015
12598  30.714  -53.229  12.445 0.1000000015
12621  29.116  -53.169  10.686 0.1000000015
13290  29.491  -52.534  9.575 0.1000000015
12640  29.206  -53.584  8.458 0.1000000015
13308  30.194  -52.459  7.302 0.1000000015
12673  33.090  -53.575  5.469 0.1000000015
12654  31.129  -53.249  5.908 0.1000000015
12671  35.022  -53.987  5.745 0.1000000015
12022  36.218  -54.666  6.409 0.1000000015
9198  40.801  -59.352  14.194 0.1000000015
10552  39.893  -58.002  12.710 0.1000000015
10519  40.395  -57.517  16.480 0.1000000015
9876  40.005  -59.164  12.731 0.1000000015
11289  36.785  -55.641  12.052 0.1000000015
11951  36.509  -54.771  12.357 0.1000000015
11953  34.833  -54.683  12.470 0.1000000015
11954  33.891  -54.342  12.622 0.1000000015
12597  31.700  -53.283  12.661 0.1000000015
13264  30.362  -52.348  11.052 0.1000000015
13265  29.632  -52.824  11.127 0.1000000015
13289  29.934  -52.016  9.028 0.1000000015
13278  29.607  -52.577  10.431 0.1000000015
13916  30.795  -51.979  6.787 0.1000000015
13302  29.935  -52.184  8.134 0.1000000015
13923  31.975  -52.011  5.784 0.1000000015
13315  30.585  -52.811  6.518 0.1000000015
13922  32.773  -51.755  5.659 0.1000000015
13321  32.557  -52.549  5.545 0.1000000015
13322  31.812  -52.852  5.640 0.1000000015
13318  35.077  -53.203  5.803 0.1000000015
12652  36.710  -53.883  6.750 0.1000000015
119091  38.171  -54.052  7.422 0.1000000015
9180  40.852  -59.336  15.618 0.1000000015
9188  41.111  -59.451  15.217 0.1000000015
11287  38.376  -56.381  11.950 0.1000000015
11950  37.234  -54.982  12.383 0.1000000015
9168  41.705  -59.234  16.712 0.1000000015
10553  39.208  -57.051  12.151 0.1000000015
11952  35.771  -54.650  12.387 0.1000000015
12596  32.610  -53.204  12.663 0.1000000015
133086  32.105  -52.860  12.473 0.1000000015
13254  31.614  -52.617  12.181 0.1000000015
13263  31.352  -52.162  11.414 0.1000000015
14485  31.882  -50.753  6.753 0.1000000015
13908  30.544  -51.725  7.617 0.1000000015
13915  31.509  -51.564  6.376 0.1000000015
13920  34.167  -52.078  5.628 0.1000000015
13312  35.704  -52.797  6.319 0.1000000015
111986  36.289  -53.181  6.629 0.1000000015
12639  38.855  -52.814  8.272 0.1000000015
12629  40.799  -52.884  9.855 0.1000000015
129915  42.366  -59.498  16.176 0.1000000015
9179  41.403  -59.536  16.034 0.1000000015
10539  41.375  -58.786  14.378 0.1000000015
10541  40.296  -57.287  13.455 0.1000000015
11938  38.419  -54.718  13.302 0.1000000015
11939  37.650  -54.392  12.881 0.1000000015
10540  40.865  -58.075  13.866 0.1000000015
11276  39.497  -56.514  13.139 0.1000000015
12592  36.202  -53.954  12.600 0.1000000015
12594  34.513  -53.677  12.637 0.1000000015
12595  33.598  -53.437  12.690 0.1000000015
13877  31.012  -51.563  9.819 0.1000000015
13897  30.510  -51.623  8.512 0.1000000015
15043  36.430  -49.238  8.773 0.1000000015
15044  35.635  -48.902  8.220 0.1000000015
15053  35.189  -49.354  7.447 0.1000000015
15071  33.871  -49.727  6.618 0.1000000015
14483  33.432  -50.398  6.274 0.1000000015
14473  31.646  -50.689  7.551 0.1000000015
13896  31.124  -51.165  8.053 0.1000000015
14459  36.676  -49.926  8.454 0.1000000015
15070  34.773  -49.880  6.824 0.1000000015
15036  36.968  -48.752  9.782 0.1000000015
14450  37.916  -49.901  9.860 0.1000000015
14458  37.333  -50.459  8.722 0.1000000015
13905  37.140  -51.310  7.912 0.1000000015
116363  35.079  -51.340  6.307 0.1000000015
13921  33.595  -51.587  5.687 0.1000000015
15034  38.513  -49.363  10.562 0.1000000015
14449  38.705  -50.269  10.206 0.1000000015
13895  37.896  -51.223  8.672 0.1000000015
13911  35.699  -51.925  6.535 0.1000000015
13300  38.682  -51.833  8.826 0.1000000015
13311  36.324  -52.434  6.858 0.1000000015
13882  40.837  -51.399  10.861 0.1000000015
13299  39.501  -52.401  9.027 0.1000000015
13287  40.914  -52.094  10.748 0.1000000015
10528  42.105  -57.863  14.883 0.1000000015
9853  42.035  -59.009  15.069 0.1000000015
10529  41.403  -57.288  14.524 0.1000000015
11269  40.661  -56.562  14.268 0.1000000015
11270  39.840  -55.704  14.012 0.1000000015
11271  39.118  -55.419  13.484 0.1000000015
11936  37.894  -53.959  13.455 0.1000000015
11940  36.939  -54.127  12.680 0.1000000015
12588  35.886  -53.262  13.003 0.1000000015
12589  35.067  -53.098  12.990 0.1000000015
116295  33.348  -52.584  12.703 0.1000000015
13253  32.542  -52.361  12.349 0.1000000015
13869  31.846  -51.560  11.052 0.1000000015
14460  32.179  -49.933  8.713 0.1000000015
13884  31.249  -51.204  9.095 0.1000000015
15698  34.727  -48.620  7.795 0.1000000015
15055  33.444  -49.150  7.117 0.1000000015
15056  32.720  -49.450  7.354 0.1000000015
14472  32.106  -50.014  7.744 0.1000000015
15689  35.238  -48.148  8.613 0.1000000015
15668  38.972  -48.935  10.643 0.1000000015
14442  39.182  -49.676  10.745 0.1000000015
10518  42.624  -57.266  15.436 0.1000000015
11260  40.976  -56.174  15.001 0.1000000015
11259  41.794  -56.512  15.419 0.1000000015
11935  39.087  -54.706  14.093 0.1000000015
12577  38.405  -53.878  14.195 0.1000000015
11261  40.354  -55.440  14.871 0.1000000015
12586  37.317  -53.643  13.203 0.1000000015
13243  36.313  -52.822  13.541 0.1000000015
13868  32.363  -51.266  11.564 0.1000000015
116564  33.161  -51.781  12.678 0.1000000015
14451  32.335  -49.928  9.615 0.1000000015
13875  32.234  -50.904  10.798 0.1000000015
15690  34.272  -48.031  8.320 0.1000000015
15691  33.488  -48.232  8.384 0.1000000015
13876  31.668  -51.168  10.131 0.1000000015
15681  35.815  -47.706  9.654 0.1000000015
16323  33.892  -47.570  8.961 0.1000000015
15680  36.714  -47.961  10.269 0.1000000015
15688  36.127  -48.456  9.200 0.1000000015
117764  40.882  -55.285  15.693 0.1000000015
11929  39.654  -54.707  14.779 0.1000000015
12576  39.089  -54.078  14.721 0.1000000015
12578  37.658  -53.351  13.932 0.1000000015
12579  37.009  -53.016  13.671 0.1000000015
13244  35.537  -52.653  13.478 0.1000000015
13245  34.686  -52.420  13.368 0.1000000015
13246  33.859  -52.078  13.104 0.1000000015
14426  32.630  -50.798  12.182 0.1000000015
14443  32.430  -50.024  10.583 0.1000000015
15037  32.493  -49.129  9.030 0.1000000015
15679  37.514  -48.209  10.501 0.1000000015
15678  38.791  -48.475  10.117 0.1000000015
11928  40.111  -54.677  15.379 0.1000000015
12566  38.797  -53.359  14.991 0.1000000015
128188  37.781  -52.371  15.000 0.1000000015
13230  38.076  -53.012  14.647 0.1000000015
13232  36.724  -52.455  14.184 0.1000000015
13231  37.395  -52.681  14.372 0.1000000015
13851  35.132  -52.074  13.975 0.1000000015
13852  34.229  -51.753  13.778 0.1000000015
13860  32.906  -51.146  12.673 0.1000000015
134086  32.491  -49.743  11.353 0.1000000015
15683  32.759  -48.359  9.446 0.1000000015
15030  32.469  -49.107  9.955 0.1000000015
16322  34.836  -47.504  9.124 0.1000000015
15682  33.243  -47.878  9.110 0.1000000015
16308  38.148  -47.954  10.328 0.1000000015
15687  39.293  -48.518  8.900 0.1000000015
13836  37.140  -52.128  14.821 0.1000000015
13837  36.418  -51.949  14.735 0.1000000015
13838  35.592  -51.722  14.618 0.1000000015
13839  34.676  -51.417  14.469 0.1000000015
13853  33.357  -51.251  13.356 0.1000000015
14419  32.794  -50.477  12.927 0.1000000015
15015  32.543  -49.854  12.178 0.1000000015
16300  37.190  -47.478  10.489 0.1000000015
16310  36.506  -47.313  10.360 0.1000000015
15672  32.634  -48.255  10.369 0.1000000015
16309  37.519  -47.497  10.353 0.1000000015
13827  36.862  -51.625  15.437 0.1000000015
14409  34.276  -50.674  14.919 0.1000000015
13828  36.002  -51.415  15.324 0.1000000015
14995  32.919  -49.160  13.934 0.1000000015
128760  33.650  -50.265  14.589 0.1000000015
15649  32.608  -48.598  13.341 0.1000000015
14410  33.118  -50.212  13.881 0.1000000015
16302  36.163  -46.772  10.308 0.1000000015
17005  35.249  -46.463  10.234 0.1000000015
16312  34.484  -46.973  9.669 0.1000000015
16313  33.634  -47.229  9.680 0.1000000015
16314  33.034  -47.619  9.915 0.1000000015
17011  37.480  -46.967  9.568 0.1000000015
15637  32.873  -48.326  14.040 0.1000000015
112158  32.544  -47.861  12.208 0.1000000015
15005  32.650  -49.521  13.142 0.1000000015
16303  33.421  -46.923  10.444 0.1000000015
16304  32.880  -47.450  10.821 0.1000000015
15660  32.483  -48.737  12.416 0.1000000015
15665  32.533  -48.232  11.427 0.1000000015
9231  26.473  -58.633  13.172 0.1000000015
9894  26.720  -57.739  12.075 0.1000000015
9933  27.780  -57.906  9.901 0.1000000015
9271  27.126  -58.162  10.124 0.1000000015
9283  27.377  -58.305  9.448 0.1000000015
8163  32.999  -61.052  8.035 0.1000000015
9282  28.233  -58.141  9.222 0.1000000015
8731  34.458  -59.759  6.462 0.1000000015
8691  30.742  -59.277  8.319 0.1000000015
9942  29.474  -58.432  8.680 0.1000000015
8713  30.426  -59.462  8.171 0.1000000015
8734  30.528  -59.709  7.504 0.1000000015
8692  30.186  -59.132  8.468 0.1000000015
115540  34.712  -56.959  15.943 0.1000000015
9272  26.444  -58.440  10.338 0.1000000015
9246  26.261  -58.358  12.383 0.1000000015
9292  28.481  -58.487  8.589 0.1000000015
9879  28.970  -57.074  14.106 0.1000000015
9229  27.852  -58.003  14.045 0.1000000015
9993  33.020  -57.749  5.923 0.1000000015
9958  31.502  -58.161  7.773 0.1000000015
9864  35.224  -58.453  13.733 0.1000000015
131898  34.495  -58.830  13.400 0.1000000015
9866  32.566  -58.155  14.141 0.1000000015
9867  31.568  -57.464  14.445 0.1000000015
10559  28.505  -56.313  13.627 0.1000000015
10571  27.570  -56.527  12.365 0.1000000015
10638  30.183  -57.347  8.435 0.1000000015
9931  28.941  -57.647  9.160 0.1000000015
113123  33.779  -57.495  5.566 0.1000000015
10667  31.754  -56.675  6.473 0.1000000015
128461  31.408  -56.648  14.288 0.1000000015
116827  28.583  -55.807  9.742 0.1000000015
116975  29.297  -55.972  8.833 0.1000000015
11368  30.975  -55.482  6.540 0.1000000015
9224  36.684  -59.102  12.539 0.1000000015
11232  38.701  -54.823  16.676 0.1000000015
9201  37.573  -58.835  13.356 0.1000000015
9202  36.705  -58.980  13.028 0.1000000015
10555  32.765  -56.533  13.680 0.1000000015
118400  31.249  -55.262  13.863 0.1000000015
122887  31.331  -55.023  6.039 0.1000000015
10530  39.148  -57.609  15.290 0.1000000015
9906  36.114  -58.301  11.780 0.1000000015
11279  33.216  -55.987  13.292 0.1000000015
10567  35.756  -57.370  11.929 0.1000000015
11942  32.471  -54.575  13.231 0.1000000015
11956  30.157  -53.963  12.991 0.1000000015
11964  29.082  -53.896  12.115 0.1000000015
118960  30.115  -54.053  6.921 0.1000000015
12023  35.325  -54.804  5.874 0.1000000015
114033  37.164  -56.797  6.607 0.1000000015
9889  39.233  -58.315  12.212 0.1000000015
9258  37.305  -58.756  11.715 0.1000000015
11231  39.922  -55.445  17.468 0.1000000015
11291  34.709  -55.914  12.426 0.1000000015
12611  29.244  -53.405  11.524 0.1000000015
13309  29.620  -52.996  7.826 0.1000000015
12672  34.365  -53.627  5.570 0.1000000015
11290  36.078  -55.492  12.205 0.1000000015
122851  32.991  -54.076  12.828 0.1000000015
13255  30.806  -52.632  11.805 0.1000000015
13303  29.450  -52.717  8.695 0.1000000015
13320  33.442  -52.425  5.519 0.1000000015
12653  35.753  -53.799  6.242 0.1000000015
12021  36.874  -54.680  6.748 0.1000000015
10551  40.749  -58.931  12.923 0.1000000015
9860  40.963  -59.193  13.457 0.1000000015
13277  30.247  -51.982  9.988 0.1000000015
13314  31.248  -52.386  6.091 0.1000000015
13914  32.260  -51.220  6.067 0.1000000015
12647  36.879  -52.996  7.099 0.1000000015
12646  37.487  -53.541  7.253 0.1000000015
13306  38.202  -53.224  7.709 0.1000000015
12645  38.921  -53.680  7.863 0.1000000015
9197  41.331  -59.327  14.939 0.1000000015
11278  37.984  -55.322  12.507 0.1000000015
13276  31.128  -51.806  10.572 0.1000000015
13912  34.350  -51.453  5.907 0.1000000015
12638  39.586  -53.227  8.462 0.1000000015
13307  37.586  -52.729  7.570 0.1000000015
130171  38.216  -52.517  8.048 0.1000000015
116599  40.216  -52.041  10.113 0.1000000015
13252  34.196  -52.857  12.869 0.1000000015
13262  32.088  -51.941  11.808 0.1000000015
15054  34.288  -49.095  7.098 0.1000000015
14470  36.459  -50.541  7.725 0.1000000015
14482  34.374  -50.601  6.311 0.1000000015
15073  32.365  -50.101  6.977 0.1000000015
14461  31.715  -50.625  8.431 0.1000000015
132158  35.896  -50.807  7.069 0.1000000015
14457  38.068  -50.591  9.350 0.1000000015
13906  36.321  -51.496  7.170 0.1000000015
111716  36.985  -52.166  7.447 0.1000000015
15029  38.207  -48.656  10.549 0.1000000015
13288  39.176  -51.014  9.923 0.1000000015
129465  39.508  -51.675  9.706 0.1000000015
130534  41.361  -51.855  11.119 0.1000000015
14444  32.169  -50.563  10.099 0.1000000015
15699  33.821  -48.567  7.657 0.1000000015
15692  32.894  -48.558  8.611 0.1000000015
15045  32.514  -49.240  8.158 0.1000000015
15669  38.371  -48.615  10.510 0.1000000015
13861  32.638  -51.555  12.197 0.1000000015
15671  37.148  -47.612  10.543 0.1000000015
15670  37.699  -47.999  10.526 0.1000000015
114642  32.474  -49.139  11.656 0.1000000015
13840  33.785  -51.007  14.246 0.1000000015
15722  46.772  -48.386  5.370 0.4000000060
121625  47.372  -51.514  7.584 0.3000000119
14478  47.109  -50.437  6.574 0.3000000119
15065  47.353  -49.688  6.075 0.3000000119
15721  47.645  -48.505  5.439 0.4000000060
16355  47.303  -47.796  5.033 0.4000000060
15064  48.216  -49.743  6.052 0.3000000119
117554  48.371  -48.049  5.099 0.4000000060
7002  42.813  -62.619  7.668 0.1000000015
7018  43.312  -61.932  7.330 0.1000000015
8705  45.544  -59.183  7.784 0.2000000030
11348  46.347  -56.148  7.832 0.3000000119
15758  50.473  -48.722  2.671 0.4000000060
13901  46.435  -51.751  7.669 0.3000000119
121509  47.546  -53.583  5.797 0.4000000060
13325  48.261  -52.558  5.055 0.4000000060
9950  46.190  -57.649  8.015 0.2000000030
11359  46.183  -55.239  7.267 0.3000000119
12664  47.591  -53.171  5.090 0.4000000060
116145  49.116  -51.109  4.165 0.4000000060
15104  50.378  -49.295  3.328 0.4000000060
6429  41.741  -63.791  7.924 0.1000000015
9951  45.630  -57.788  7.682 0.3000000119
133548  48.088  -52.343  4.612 0.4000000060
121404  49.510  -50.436  3.779 0.4000000060
15105  49.243  -49.944  3.232 0.4000000060
6442  42.236  -63.264  7.205 0.1000000015
16420  50.743  -47.520  1.715 0.5000000000
8706  45.064  -59.104  7.215 0.2000000030
10646  45.883  -56.895  7.751 0.3000000119
12018  46.479  -54.434  6.420 0.3000000119
14498  48.305  -51.270  4.077 0.4000000060
17117  51.080  -46.784  1.343 0.4000000060
17812  51.499  -45.484  1.099 0.4000000060
132542  47.087  -53.559  5.190 0.4000000060
130338  47.173  -52.584  4.546 0.4000000060
131446  48.456  -50.074  3.420 0.4000000060
15106  48.531  -49.470  3.041 0.4000000060
15759  49.707  -48.842  2.451 0.5000000000
6456  42.067  -63.198  5.957 0.2000000030
7019  43.021  -62.147  6.510 0.2000000030
7626  43.582  -61.409  6.468 0.2000000030
9952  44.925  -57.919  7.405 0.2000000030
132434  44.091  -60.838  6.847 0.2000000030
117898  45.766  -54.634  6.440 0.3000000119
12037  46.138  -54.109  5.644 0.3000000119
6443  41.339  -63.869  6.055 0.1000000015
14499  47.404  -51.216  4.138 0.4000000060
11349  45.770  -55.980  7.605 0.3000000119
12665  46.517  -53.670  5.131 0.4000000060
14518  47.941  -50.549  3.763 0.4000000060
16397  50.256  -48.237  2.022 0.5000000000
17118  50.224  -46.925  1.316 0.5000000000
17139  51.288  -46.072  0.934 0.4000000060
13929  46.873  -51.949  4.379 0.4000000060
15107  47.543  -49.648  3.404 0.4000000060
16398  49.215  -48.179  2.156 0.5000000000
17096  48.599  -47.417  1.886 0.5000000000
17140  50.611  -46.280  0.874 0.4000000060
8178  44.386  -60.200  6.668 0.2000000030
9329  44.632  -58.656  7.107 0.2000000030
10659  45.096  -56.348  7.465 0.4000000060
10660  44.541  -57.193  7.290 0.2000000030
11360  45.400  -55.373  7.144 0.3000000119
11361  44.642  -55.514  6.989 0.4000000060
15741  47.783  -48.838  2.898 0.5000000000
17813  49.527  -46.283  1.009 0.5000000000
17837  50.832  -45.483  0.522 0.4000000060
123254  51.574  -44.855  0.551 0.4000000060
12019  44.996  -54.798  6.442 0.4000000060
12683  46.168  -53.317  4.822 0.4000000060
8179  43.853  -60.679  6.097 0.2000000030
7038  42.630  -62.419  5.667 0.2000000030
8727  43.770  -59.877  6.066 0.2000000030
128866  50.844  -44.818  0.145 0.4000000060
9969  44.109  -58.034  7.148 0.2000000030
12666  45.758  -53.822  5.113 0.3000000119
120063  45.854  -51.867  4.456 0.4000000060
14519  46.940  -50.326  3.907 0.4000000060
8197  43.307  -60.599  5.538 0.2000000030
114942  44.196  -56.322  7.123 0.3000000119
18609  51.856  -44.175  0.272 0.4000000060
12038  45.354  -54.271  5.688 0.3000000119
15742  46.766  -48.849  3.052 0.5000000000
119639  48.067  -46.640  1.577 0.5000000000
20252  52.469  -42.176  0.293 0.4000000060
6457  41.493  -63.426  5.129 0.2000000030
7627  43.113  -61.721  5.638 0.2000000030
132063  45.282  -52.167  4.580 0.4000000060
14520  45.930  -50.169  3.966 0.4000000060
125378  48.760  -45.647  0.816 0.5000000000
18610  50.064  -44.856  0.275 0.4000000060
22788  51.903  -39.190  1.665 0.4000000060
122186  40.854  -63.751  4.642 0.2000000030
7647  42.977  -61.276  5.201 0.2000000030
8728  43.176  -59.386  6.047 0.2000000030
9970  43.400  -58.153  6.797 0.2000000030
12667  44.787  -53.885  5.187 0.4000000060
123262  46.246  -47.969  2.742 0.5000000000
17097  47.501  -47.197  2.046 0.5000000000
5852  40.139  -64.160  4.206 0.2000000030
12020  44.226  -54.957  6.425 0.4000000060
12684  45.294  -53.307  4.857 0.3000000119
15108  46.375  -49.533  3.520 0.5000000000
16399  47.043  -47.683  2.469 0.5000000000
17838  49.817  -45.600  0.618 0.5000000000
21131  52.985  -40.778  -0.404 0.4000000060
130652  53.015  -39.692  0.737 0.2000000030
126145  52.258  -42.881  -0.155 0.4000000060
19456  51.073  -43.691  -0.512 0.4000000060
121147  42.642  -61.943  4.974 0.2000000030
10661  43.558  -57.197  6.932 0.4000000060
17839  49.036  -44.895  0.449 0.4000000060
18628  50.460  -44.277  -0.231 0.4000000060
6472  41.309  -63.020  4.436 0.2000000030
8746  42.944  -60.007  5.560 0.2000000030
9331  42.925  -58.662  6.371 0.2000000030
7659  42.363  -61.470  4.792 0.2000000030
128730  51.291  -42.265  -0.670 0.4000000060
19457  49.817  -43.414  -0.519 0.4000000060
19440  48.646  -43.464  -0.206 0.4000000060
14501  45.396  -50.840  4.283 0.3000000119
17098  46.415  -47.056  2.205 0.5000000000
17814  47.741  -45.766  1.193 0.5000000000
18612  48.338  -44.189  0.310 0.4000000060
11374  43.347  -55.156  6.400 0.4000000060
12685  44.383  -53.171  4.937 0.4000000060
13930  44.809  -51.569  4.502 0.3000000119
15109  45.519  -49.538  3.559 0.4000000060
134791  43.802  -54.557  5.949 0.4000000060
16382  45.305  -47.995  2.793 0.5000000000
8198  42.621  -60.750  5.143 0.2000000030
21134  50.345  -42.042  -0.743 0.4000000060
18586  47.218  -45.058  0.903 0.5000000000
17815  46.605  -45.504  1.363 0.5000000000
14502  44.416  -50.611  4.201 0.4000000060
15743  45.623  -48.806  3.101 0.5000000000
17121  46.082  -46.219  1.795 0.5000000000
15744  44.532  -48.394  2.983 0.5000000000
123840  44.764  -49.256  3.370 0.5000000000
15706  47.911  -49.180  5.748 0.4000000060
14516  49.951  -49.872  3.452 0.4000000060
20289  52.563  -42.061  -0.231 0.4000000060
20290  51.656  -43.020  -0.524 0.4000000060
17099  45.610  -46.680  2.131 0.5000000000
133593  47.995  -52.632  9.109 0.3000000119
13888  48.292  -52.132  8.151 0.3000000119
14463  48.416  -51.315  6.872 0.2000000030
14476  48.888  -50.712  6.306 0.2000000030
129429  47.348  -54.523  10.622 0.2000000030
12626  48.087  -53.042  9.175 0.3000000119
12636  48.311  -53.191  8.362 0.3000000119
13910  48.752  -51.963  6.957 0.3000000119
11319  47.639  -55.331  9.630 0.2000000030
11332  47.401  -55.752  8.852 0.2000000030
12001  48.009  -54.198  8.285 0.2000000030
9308  45.899  -58.364  7.901 0.2000000030
5269  39.431  -66.020  2.960 0.1000000015
4727  39.002  -66.847  1.823 0.1000000015
9365  39.266  -58.248  4.606 0.1000000015
13283  45.877  -53.048  9.626 0.1000000015
115630  47.486  -51.880  8.299 0.2000000030
13900  48.114  -51.734  7.806 0.2000000030
13268  47.429  -53.094  9.683 0.2000000030
13879  47.530  -52.308  8.882 0.2000000030
12605  45.655  -53.999  11.219 0.1000000015
11297  46.842  -54.586  11.005 0.1000000015
11970  47.141  -53.985  10.602 0.2000000030
11960  46.022  -54.586  11.305 0.1000000015
10580  45.453  -56.189  10.972 0.1000000015
6458  40.987  -64.041  5.335 0.1000000015
5864  39.626  -64.776  3.662 0.1000000015
8213  40.806  -60.748  4.662 0.1000000015
8748  41.363  -59.530  5.426 0.1000000015
9353  41.381  -58.625  5.827 0.1000000015
119219  41.332  -57.653  6.161 0.1000000015
8229  40.260  -61.293  4.215 0.1000000015
8763  40.477  -59.805  4.948 0.1000000015
116348  40.639  -57.920  5.650 0.1000000015
10676  40.548  -56.015  5.954 0.1000000015
9364  39.835  -58.966  4.814 0.1000000015
10677  39.469  -56.650  5.323 0.1000000015
12043  40.208  -54.313  5.065 0.1000000015
12044  39.697  -54.910  5.256 0.1000000015
122684  40.010  -53.647  4.568 0.1000000015
13269  46.653  -53.243  9.955 0.2000000030
12615  46.359  -53.696  10.640 0.1000000015
10662  42.560  -56.670  6.600 0.1000000015
13330  43.830  -52.462  4.793 0.3000000119
129034  41.282  -62.085  4.160 0.1000000015
8212  41.790  -60.983  4.776 0.1000000015
9352  42.301  -59.291  5.854 0.1000000015
9972  42.032  -57.410  6.436 0.1000000015
11375  42.377  -55.067  6.261 0.2000000030
12686  43.527  -53.082  5.039 0.3000000119
124295  43.513  -50.479  4.133 0.3000000119
15111  43.314  -49.125  3.361 0.3000000119
5281  39.130  -65.691  2.655 0.1000000015
6487  40.239  -63.143  3.786 0.1000000015
114676  41.349  -55.280  6.093 0.1000000015
12669  42.437  -53.689  5.302 0.2000000030
13932  42.423  -51.433  4.415 0.3000000119
123201  40.077  -62.615  3.742 0.1000000015
12042  41.018  -54.364  5.432 0.1000000015
111895  41.129  -52.877  4.611 0.2000000030
14503  41.823  -50.637  4.154 0.3000000119
122479  40.400  -53.120  4.486 0.1000000015
113608  41.016  -52.074  4.373 0.2000000030
15093  41.326  -49.931  3.908 0.4000000060
12054  39.397  -54.290  4.662 0.1000000015
13334  39.800  -53.019  4.265 0.1000000015
125430  39.774  -51.086  4.175 0.3000000119
15040  40.439  -49.648  8.930 0.1000000015
14455  41.368  -50.660  8.656 0.1000000015
17816  45.675  -45.525  1.583 0.4000000060
16401  44.674  -47.492  2.640 0.4000000060
15110  43.995  -49.751  3.689 0.3000000119
117737  44.027  -49.008  3.251 0.4000000060
16383  43.835  -47.685  2.779 0.4000000060
15112  42.493  -49.155  3.491 0.4000000060
124474  42.398  -48.001  2.920 0.4000000060
15113  41.634  -49.157  3.601 0.4000000060
118850  41.081  -48.311  3.302 0.5000000000
14504  40.980  -50.674  4.106 0.3000000119
15114  40.709  -49.240  3.718 0.5000000000
12690  38.800  -53.782  4.185 0.2000000030
12689  39.428  -53.530  4.302 0.1000000015
15094  40.036  -49.779  3.932 0.4000000060
10695  37.736  -56.436  4.161 0.1000000015
12056  37.783  -54.868  4.123 0.1000000015
13335  39.050  -52.961  4.022 0.2000000030
129714  39.552  -52.457  4.161 0.2000000030
118438  37.370  -57.928  3.326 0.1000000015
10007  37.473  -57.154  3.747 0.1000000015
12697  38.264  -53.235  3.891 0.2000000030
123095  37.347  -58.691  2.868 0.1000000015
10008  36.694  -57.224  3.158 0.1000000015
18587  46.539  -44.699  0.919 0.4000000060
18613  47.303  -44.296  0.550 0.3000000119
131041  45.968  -44.966  1.293 0.4000000060
16402  44.030  -46.850  2.476 0.4000000060
17799  45.235  -46.106  1.900 0.4000000060
17078  43.196  -47.084  2.637 0.4000000060
17800  44.284  -45.911  2.007 0.4000000060
15747  42.023  -48.484  3.197 0.4000000060
17081  40.897  -47.196  3.013 0.4000000060
17080  41.773  -46.844  2.716 0.4000000060
15748  40.339  -48.524  3.529 0.5000000000
15731  39.907  -49.003  3.754 0.4000000060
13936  38.912  -52.093  4.063 0.3000000119
14506  39.389  -50.370  4.119 0.4000000060
15095  39.359  -49.472  3.996 0.4000000060
11402  36.596  -55.510  3.539 0.2000000030
11391  37.153  -54.985  3.818 0.2000000030
13940  38.159  -52.090  3.976 0.2000000030
10702  37.027  -56.390  3.647 0.2000000030
133241  37.150  -62.769  -1.661 0.1000000015
18614  46.429  -43.975  0.624 0.4000000060
119583  46.989  -43.588  0.397 0.4000000060
18589  44.435  -44.483  1.479 0.4000000060
17802  42.654  -45.613  2.332 0.4000000060
18567  43.152  -44.827  1.990 0.4000000060
17103  41.968  -46.090  2.577 0.4000000060
17781  41.135  -46.074  2.822 0.4000000060
16387  39.585  -47.519  3.501 0.3000000119
127035  38.576  -48.507  4.040 0.4000000060
16373  39.079  -48.004  3.796 0.4000000060
13941  37.417  -51.681  3.965 0.3000000119
14508  37.694  -50.815  4.206 0.3000000119
118877  38.679  -49.800  4.128 0.4000000060
10706  35.451  -56.344  2.631 0.2000000030
12064  35.952  -54.897  3.317 0.2000000030
12699  36.676  -53.722  3.630 0.2000000030
13339  37.674  -52.618  3.798 0.2000000030
10014  36.053  -57.646  2.540 0.2000000030
7141  39.025  -62.955  -2.032 0.1000000015
7142  37.884  -62.815  -1.956 0.1000000015
7726  37.259  -62.121  -1.942 0.1000000015
133686  49.759  -42.552  -0.686 0.3000000119
19442  46.399  -43.200  0.434 0.4000000060
20273  47.158  -42.958  0.143 0.3000000119
124816  44.257  -43.663  1.214 0.4000000060
19428  42.882  -43.016  1.532 0.4000000060
18590  43.683  -44.196  1.619 0.4000000060
18568  42.376  -44.666  2.263 0.4000000060
18591  42.858  -43.875  1.836 0.4000000060
131322  40.355  -45.584  3.010 0.4000000060
18551  40.946  -45.057  2.756 0.4000000060
17082  39.493  -46.695  3.429 0.4000000060
17782  40.233  -46.387  3.136 0.3000000119
15098  36.353  -49.901  3.972 0.3000000119
116579  36.544  -48.959  4.119 0.3000000119
15733  37.288  -48.804  4.194 0.3000000119
120039  37.754  -48.186  4.139 0.3000000119
16388  38.781  -47.179  3.737 0.3000000119
12075  34.725  -54.792  2.539 0.2000000030
12065  35.373  -54.292  3.051 0.2000000030
13341  35.970  -52.265  3.492 0.3000000119
13942  36.388  -51.589  3.768 0.2000000030
14509  37.210  -50.222  4.132 0.3000000119
15096  38.048  -49.144  4.189 0.3000000119
11405  34.955  -55.592  2.547 0.2000000030
116215  36.338  -52.950  3.500 0.2000000030
10015  35.311  -57.159  2.139 0.2000000030
21135  49.195  -41.766  -0.624 0.3000000119
21991  48.196  -41.165  -0.355 0.3000000119
115662  48.119  -42.053  -0.436 0.3000000119
20274  47.327  -42.270  -0.081 0.4000000060
20293  47.948  -42.820  -0.215 0.3000000119
20277  43.917  -42.130  0.712 0.3000000119
123046  44.295  -41.601  0.535 0.4000000060
130517  41.738  -42.575  1.886 0.4000000060
20256  42.467  -42.422  1.449 0.4000000060
19427  43.506  -43.309  1.378 0.4000000060
135014  41.116  -42.720  2.307 0.4000000060
134064  42.141  -43.915  2.216 0.4000000060
19391  40.036  -43.793  2.995 0.3000000119
18570  40.806  -44.127  2.734 0.4000000060
18569  41.600  -44.423  2.500 0.4000000060
17071  35.831  -46.824  3.923 0.3000000119
17070  36.627  -46.780  4.123 0.2000000030
17769  37.122  -46.035  3.999 0.2000000030
112135  38.713  -44.969  3.511 0.2000000030
17783  39.402  -45.634  3.351 0.3000000119
115986  40.051  -44.742  3.054 0.3000000119
15099  35.681  -49.048  3.846 0.3000000119
15734  36.823  -48.198  4.192 0.3000000119
16375  37.135  -47.469  4.178 0.2000000030
17068  38.050  -46.545  3.895 0.2000000030
17083  38.800  -46.328  3.642 0.2000000030
12711  34.015  -53.642  2.016 0.2000000030
13346  34.548  -52.406  2.833 0.3000000119
13944  34.722  -51.690  3.106 0.3000000119
14523  35.816  -50.783  3.783 0.3000000119
111980  50.944  -40.265  -0.399 0.3000000119
132484  51.868  -40.990  -0.580 0.3000000119
21133  50.987  -41.633  -0.689 0.3000000119
20242  40.496  -42.435  2.569 0.3000000119
19394  37.181  -43.100  3.502 0.2000000030
130987  37.614  -42.468  3.482 0.2000000030
20228  39.081  -42.573  3.238 0.2000000030
20243  39.755  -42.100  2.859 0.2000000030
18571  35.958  -43.974  2.932 0.2000000030
129458  37.170  -44.420  3.663 0.2000000030
113962  37.654  -43.880  3.604 0.2000000030
19393  38.251  -43.111  3.525 0.2000000030
22836  53.215  -40.029  -0.322 0.2000000030
8791  36.611  -59.519  1.928 0.1000000015
9374  36.720  -58.111  2.777 0.1000000015
12709  34.037  -52.620  2.161 0.3000000119
10707  34.615  -56.313  1.901 0.2000000030
15083  49.409  -49.586  5.613 0.3000000119
14475  49.293  -50.811  6.024 0.3000000119
13899  48.482  -51.875  7.365 0.3000000119
11347  47.376  -55.110  8.079 0.2000000030
15039  40.855  -50.092  7.942 0.1000000015
13890  45.859  -52.297  8.097 0.2000000030
14464  47.718  -51.179  6.984 0.2000000030
9971  42.742  -57.766  6.629 0.1000000015
133327  44.004  -53.596  5.197 0.3000000119
22006  51.958  -40.319  -0.561 0.3000000119
9332  42.093  -58.285  6.303 0.1000000015
19441  47.729  -43.509  0.195 0.3000000119
114430  43.880  -51.214  4.426 0.2000000030
12040  42.999  -54.336  5.762 0.2000000030
8747  42.095  -60.171  5.308 0.1000000015
12614  47.597  -53.532  9.973 0.2000000030
13294  48.191  -52.513  8.637 0.3000000119
11979  47.866  -54.393  9.748 0.1000000015
11988  48.096  -53.835  9.128 0.2000000030
9355  39.969  -58.103  5.109 0.1000000015
13282  46.954  -52.663  9.325 0.2000000030
7661  41.125  -61.530  4.363 0.1000000015
10663  41.465  -56.541  6.310 0.1000000015
9989  40.635  -56.990  5.951 0.1000000015
12670  41.549  -53.648  5.122 0.1000000015
11363  42.057  -55.842  6.428 0.2000000030
13931  43.359  -51.752  4.555 0.3000000119
12041  41.934  -54.358  5.702 0.2000000030
13331  42.821  -52.424  4.796 0.3000000119
125982  42.675  -50.537  4.154 0.4000000060
15745  43.581  -48.438  3.051 0.4000000060
12687  42.073  -52.970  4.962 0.3000000119
13332  41.797  -52.195  4.585 0.3000000119
13933  41.409  -51.412  4.308 0.3000000119
116054  44.984  -45.512  1.728 0.4000000060
17102  42.549  -46.544  2.548 0.4000000060
11401  37.420  -55.641  3.984 0.2000000030
12063  37.299  -54.278  3.840 0.2000000030
19426  45.023  -44.029  1.066 0.4000000060
17101  43.350  -46.259  2.339 0.4000000060
118678  36.100  -54.221  3.424 0.2000000030
19444  44.855  -43.199  0.783 0.4000000060
14522  36.807  -50.843  4.057 0.3000000119
13340  36.821  -52.339  3.670 0.2000000030
12700  35.868  -53.585  3.341 0.2000000030
20275  45.627  -42.623  0.497 0.4000000060
125030  46.584  -42.436  0.259 0.4000000060
20254  44.058  -42.827  0.941 0.4000000060
15735  35.986  -48.257  4.064 0.3000000119
12708  34.476  -53.164  2.637 0.2000000030
133503  34.948  -52.842  3.027 0.2000000030
21114  46.634  -41.206  0.158 0.4000000060
19412  40.650  -43.250  2.661 0.4000000060
125034  39.472  -44.190  3.229 0.2000000030
131025  35.547  -46.299  3.514 0.2000000030
133170  36.008  -45.116  3.390 0.2000000030
18555  36.399  -44.658  3.469 0.2000000030
116815  37.940  -44.684  3.671 0.2000000030
119904  45.199  -41.710  0.443 0.3000000119
21136  47.388  -41.528  -0.141 0.2000000030
21115  45.759  -41.041  0.337 0.3000000119
21989  50.229  -41.102  -0.545 0.2000000030
22841  48.234  -40.270  -0.144 0.2000000030
10617  47.426  -56.164  9.488 0.1000000015
9927  46.784  -57.571  9.331 0.1000000015
10634  47.086  -56.773  8.864 0.1000000015
13297  45.051  -52.587  8.237 0.1000000015
11333  46.941  -56.094  8.223 0.1000000015
8689  45.614  -59.567  8.667 0.1000000015
10645  46.547  -56.911  8.177 0.1000000015
9287  46.268  -58.168  8.316 0.1000000015
22786  53.377  -38.329  0.952 0.1000000015
23686  53.137  -38.597  -0.247 0.1000000015
23668  51.909  -37.339  -0.108 0.1000000015
23687  52.295  -38.334  -0.335 0.1000000015
22839  50.717  -39.496  -0.203 0.1000000015
23688  51.107  -38.443  -0.113 0.1000000015
127103  49.975  -40.124  -0.263 0.1000000015
115789  50.025  -39.236  0.031 0.1000000015
22840  49.099  -39.799  -0.088 0.1000000015
21969  47.330  -40.633  0.011 0.1000000015
21970  46.377  -40.440  0.300 0.2000000030
128700  47.599  -39.866  0.150 0.1000000015
23673  46.373  -38.722  0.620 0.2000000030
127043  43.989  -41.030  0.494 0.2000000030
23674  45.604  -38.853  0.698 0.2000000030
21971  45.483  -40.257  0.432 0.2000000030
128190  44.775  -40.154  0.518 0.2000000030
21116  44.782  -40.874  0.468 0.2000000030
23649  45.202  -38.213  1.031 0.2000000030
23675  44.771  -38.986  0.830 0.2000000030
22823  43.658  -40.014  0.792 0.2000000030
21118  42.940  -41.065  0.845 0.2000000030
20257  41.937  -41.776  1.465 0.2000000030
21089  41.121  -41.887  2.073 0.2000000030
115068  39.684  -41.309  2.577 0.1000000015
23648  46.042  -38.116  0.878 0.2000000030
21952  42.857  -40.367  1.018 0.2000000030
112895  42.220  -40.997  1.130 0.2000000030
21102  41.403  -41.113  1.563 0.1000000015
22808  40.618  -39.743  1.678 0.1000000015
21090  40.492  -41.024  2.025 0.1000000015
113053  52.573  -39.362  -0.460 0.1000000015
23647  53.379  -37.749  0.764 0.1000000015
24531  52.828  -37.551  -0.083 0.1000000015
24513  52.236  -36.892  0.390 0.1000000015
23669  50.710  -37.401  0.178 0.1000000015
23689  50.111  -38.420  0.219 0.1000000015
22819  46.934  -39.910  0.283 0.2000000030
22804  43.956  -39.209  1.011 0.2000000030
13951  33.981  -51.154  2.084 0.2000000030
15116  34.536  -49.515  3.170 0.2000000030
14533  34.214  -50.551  2.676 0.2000000030
13952  33.863  -51.508  1.303 0.2000000030
14535  33.930  -50.310  1.793 0.2000000030
117754  34.900  -48.985  3.398 0.2000000030
15129  34.112  -49.680  2.466 0.2000000030
122431  34.347  -48.935  2.782 0.2000000030
13956  34.071  -51.066  0.690 0.2000000030
15750  35.265  -48.279  3.605 0.2000000030
15763  34.320  -48.304  2.291 0.1000000015
15774  34.289  -48.512  1.470 0.2000000030
16403  34.633  -47.600  2.566 0.2000000030
17086  34.916  -47.001  2.847 0.2000000030
16441  34.674  -47.978  0.923 0.1000000015
16422  34.899  -47.148  1.250 0.1000000015
119313  35.077  -46.430  1.533 0.1000000015
16452  35.826  -47.910  -0.263 0.1000000015
15786  36.449  -48.338  -0.801 0.1000000015
24518  46.878  -38.117  0.732 0.1000000015
17804  35.426  -45.363  2.619 0.1000000015
123363  35.792  -45.771  0.680 0.1000000015
119501  35.123  -45.933  2.093 0.1000000015
17149  35.979  -47.066  -0.017 0.1000000015
17142  35.468  -46.550  0.764 0.1000000015
16450  37.243  -47.130  -0.967 0.1000000015
17148  36.636  -46.678  -0.500 0.1000000015
16461  38.708  -47.448  -1.424 0.1000000015
24500  44.831  -37.603  1.301 0.1000000015
25402  45.609  -36.238  1.530 0.1000000015
24499  45.657  -37.292  1.288 0.1000000015
19395  36.334  -43.111  3.119 0.1000000015
18556  35.785  -44.860  3.034 0.1000000015
113340  35.386  -45.775  1.358 0.1000000015
17819  35.369  -45.081  1.902 0.1000000015
134585  36.649  -45.951  -0.415 0.1000000015
17158  38.014  -46.789  -1.291 0.1000000015
17147  37.341  -46.142  -0.915 0.1000000015
114718  44.821  -35.875  1.659 0.1000000015
23650  44.285  -38.266  1.237 0.1000000015
20258  35.502  -42.550  1.486 0.1000000015
20244  35.982  -42.398  2.773 0.1000000015
124572  35.978  -43.151  0.277 0.1000000015
19429  35.605  -43.267  1.183 0.1000000015
18572  35.572  -44.508  2.443 0.1000000015
123919  35.621  -43.783  2.344 0.1000000015
19458  36.633  -43.460  -0.515 0.1000000015
18616  35.894  -44.008  0.778 0.1000000015
19463  37.315  -43.833  -1.095 0.1000000015
130514  36.865  -44.120  -0.527 0.1000000015
17841  36.291  -45.358  0.106 0.1000000015
18615  36.200  -44.599  0.348 0.1000000015
18635  38.748  -43.989  -2.155 0.1000000015
18632  38.011  -43.948  -1.696 0.1000000015
18629  37.251  -44.610  -0.782 0.1000000015
17864  38.419  -44.812  -1.645 0.1000000015
127290  44.134  -36.348  1.705 0.1000000015
119539  44.225  -37.381  1.470 0.1000000015
21092  36.225  -41.634  2.920 0.1000000015
20308  37.152  -42.476  -1.856 0.1000000015
20301  36.970  -42.969  -1.154 0.1000000015
19466  38.259  -43.322  -2.218 0.1000000015
21078  36.866  -41.466  3.255 0.1000000015
15777  34.545  -48.848  0.661 0.1000000015
15776  35.188  -48.369  0.214 0.1000000015
17856  37.673  -45.208  -1.100 0.1000000015
17865  38.218  -45.845  -1.388 0.1000000015
21103  35.510  -41.837  1.729 0.1000000015
8829  41.148  -59.248  -2.221 0.1000000015
9430  41.755  -58.098  -1.542 0.1000000015
8828  41.542  -58.780  -2.567 0.1000000015
115962  41.896  -60.284  -2.464 0.1000000015
122080  42.415  -60.313  -3.391 0.1000000015
119595  42.363  -60.174  -4.177 0.1000000015
8304  40.647  -60.511  -6.067 0.1000000015
8830  40.213  -59.389  -2.076 0.1000000015
9431  40.761  -58.465  -1.547 0.1000000015
8835  42.173  -59.695  -3.166 0.1000000015
119081  42.358  -60.597  -2.880 0.1000000015
9418  41.505  -57.430  -0.923 0.1000000015
9419  39.969  -57.771  -1.259 0.1000000015
9433  38.051  -58.670  -2.125 0.1000000015
8831  38.891  -59.304  -2.242 0.1000000015
117916  41.001  -60.399  -2.219 0.1000000015
124098  42.687  -57.607  -1.767 0.1000000015
10070  37.401  -57.934  -1.847 0.1000000015
9434  37.053  -58.942  -2.213 0.1000000015
9417  42.886  -57.101  -0.892 0.1000000015
10056  40.933  -56.491  -0.844 0.1000000015
10055  42.533  -56.375  -0.732 0.1000000015
112729  39.732  -58.695  -1.791 0.1000000015
7764  41.024  -60.792  -6.657 0.1000000015
4716  39.254  -66.472  2.447 0.1000000015
5282  38.656  -65.933  2.117 0.2000000030
5879  39.367  -64.934  3.006 0.2000000030
5898  37.278  -64.812  0.495 0.1000000015
6530  36.707  -63.353  -0.386 0.1000000015
7039  42.086  -62.638  4.857 0.2000000030
7051  42.186  -62.049  4.540 0.2000000030
7052  41.644  -62.353  4.331 0.1000000015
7066  40.857  -62.650  4.054 0.1000000015
7086  38.652  -62.772  2.558 0.1000000015
7109  37.080  -63.157  0.725 0.1000000015
7610  43.834  -61.368  7.719 0.1000000015
7646  43.444  -61.142  5.677 0.2000000030
7660  41.804  -61.775  4.406 0.1000000015
7678  40.615  -62.032  4.005 0.1000000015
7705  37.012  -61.453  1.112 0.1000000015
7711  36.257  -61.936  -0.143 0.2000000030
8158  44.954  -59.746  7.283 0.2000000030
8165  31.802  -60.653  8.110 0.1000000015
8242  37.838  -60.114  2.542 0.1000000015
8253  36.553  -60.181  1.471 0.2000000030
8254  36.011  -60.027  0.907 0.2000000030
8262  36.475  -60.868  0.853 0.2000000030
8275  36.339  -59.988  -1.854 0.1000000015
8693  29.675  -59.104  8.294 0.1000000015
8726  44.480  -59.417  6.742 0.2000000030
8729  36.438  -59.388  5.958 0.1000000015
8733  31.184  -60.280  7.508 0.1000000015
8762  41.295  -60.291  5.095 0.1000000015
8816  35.571  -59.597  0.220 0.1000000015
9200  38.509  -59.502  13.191 0.1000000015
9220  40.520  -59.452  13.270 0.1000000015
9242  37.783  -59.037  12.280 0.1000000015
9244  36.303  -58.973  12.274 0.1000000015
9257  38.026  -58.625  11.718 0.1000000015
9259  36.506  -58.851  11.868 0.1000000015
9281  28.918  -58.339  8.865 0.1000000015
9288  46.044  -58.820  8.415 0.1000000015
9291  29.264  -58.711  8.549 0.1000000015
9309  45.327  -58.512  7.493 0.3000000119
9330  43.800  -58.902  6.580 0.2000000030
9354  40.602  -58.826  5.296 0.1000000015
9380  36.681  -58.827  2.356 0.1000000015
9381  36.161  -58.320  2.312 0.1000000015
9396  35.187  -58.397  1.235 0.2000000030
9409  35.265  -58.791  -0.073 0.2000000030
9410  35.094  -58.163  -0.200 0.2000000030
9421  35.837  -58.882  -1.408 0.1000000015
9904  37.823  -58.025  11.299 0.1000000015
9908  26.923  -57.812  11.263 0.1000000015
9922  27.981  -57.219  10.219 0.1000000015
9924  26.863  -58.112  10.726 0.1000000015
9936  46.576  -57.595  8.551 0.1000000015
9940  30.968  -58.709  8.306 0.1000000015
9941  30.229  -58.572  8.532 0.1000000015
9955  38.646  -57.569  7.251 0.1000000015
9990  39.999  -57.269  5.487 0.1000000015
9991  35.114  -57.680  5.568 0.1000000015
9994  32.432  -57.092  6.012 0.1000000015
10009  35.970  -56.941  2.731 0.2000000030
10016  34.700  -57.088  1.552 0.2000000030
10029  34.593  -57.556  0.954 0.2000000030
10057  38.271  -57.029  -1.402 0.2000000030
10059  35.814  -57.253  -1.305 0.2000000030
10527  42.838  -58.248  15.308 0.1000000015
10569  34.366  -56.815  12.639 0.1000000015
10581  37.190  -57.409  11.418 0.1000000015
10583  28.076  -55.641  11.459 0.1000000015
10647  45.243  -57.240  7.538 0.4000000060
10666  35.744  -56.256  5.979 0.1000000015
10703  36.241  -56.349  3.175 0.1000000015
10727  34.491  -56.809  0.432 0.3000000119
10744  36.477  -56.760  -1.410 0.2000000030
11277  38.714  -55.872  12.797 0.1000000015
11282  29.264  -55.529  13.737 0.1000000015
11288  37.545  -55.897  11.921 0.1000000015
11299  45.485  -55.324  11.302 0.1000000015
11307  47.215  -55.187  10.784 0.2000000030
11362  43.953  -55.594  6.771 0.4000000060
11365  36.685  -55.337  6.607 0.1000000015
11376  40.383  -55.084  5.631 0.1000000015
11377  39.682  -55.762  5.504 0.1000000015
11389  39.031  -55.207  4.989 0.1000000015
11390  38.235  -55.640  4.521 0.1000000015
11403  35.740  -55.634  3.075 0.2000000030
11433  35.001  -55.221  -0.513 0.3000000119
11434  34.649  -56.044  -0.022 0.3000000119
11442  39.422  -55.049  -1.247 0.1000000015
11944  30.655  -54.559  13.521 0.1000000015
11969  47.667  -54.102  10.235 0.2000000030
11974  28.525  -54.367  10.739 0.1000000015
11978  47.922  -53.595  9.704 0.2000000030
11989  47.796  -54.792  8.976 0.2000000030
12002  47.630  -54.332  7.404 0.5000000000
12006  37.437  -54.363  7.044 0.1000000015
12007  30.078  -54.658  7.211 0.1000000015
12017  47.224  -54.161  6.485 0.4000000060
12036  46.842  -53.942  5.656 0.4000000060
12039  44.518  -54.415  5.795 0.4000000060
12055  38.542  -54.635  4.440 0.2000000030
12074  35.340  -55.051  2.928 0.2000000030
12078  33.942  -54.467  1.508 0.3000000119
12079  33.852  -53.649  1.166 0.4000000060
12101  34.531  -53.851  -0.133 0.3000000119
12113  36.782  -54.378  -1.073 0.2000000030
12114  35.849  -54.725  -0.899 0.2000000030
12532  38.983  -53.766  18.177 0.1000000015
12587  36.626  -53.413  13.051 0.1000000015
12593  35.405  -53.832  12.595 0.1000000015
12604  46.435  -54.157  11.006 0.1000000015
12610  30.044  -52.938  11.760 0.1000000015
12616  45.320  -53.555  10.866 0.2000000030
12618  43.587  -52.855  11.030 0.1000000015
12627  47.840  -53.047  9.474 0.2000000030
12630  40.115  -52.814  9.152 0.1000000015
12644  48.180  -53.749  7.634 0.2000000030
12648  30.057  -53.317  7.066 0.1000000015
12650  48.225  -53.087  6.420 0.4000000060
12668  43.915  -54.085  5.466 0.4000000060
12674  32.482  -53.323  5.495 0.1000000015
12675  31.821  -53.725  5.602 0.1000000015
12682  46.979  -53.195  4.776 0.4000000060
12688  40.727  -53.654  4.855 0.1000000015
12691  38.030  -54.042  4.048 0.2000000030
12698  37.495  -53.473  3.788 0.2000000030
12701  35.124  -53.463  3.013 0.2000000030
12714  34.138  -53.394  0.435 0.3000000119
12715  33.837  -52.908  0.908 0.3000000119
12744  39.396  -53.553  -1.298 0.1000000015
13217  38.454  -52.640  15.281 0.1000000015
13233  35.989  -52.264  14.055 0.1000000015
13275  41.520  -51.551  11.117 0.1000000015
13281  47.751  -52.649  9.215 0.2000000030
13295  46.766  -52.205  8.565 0.2000000030
13296  45.902  -52.635  8.845 0.2000000030
13298  44.173  -52.562  8.424 0.2000000030
13301  37.760  -51.961  8.028 0.1000000015
13304  48.498  -52.383  7.780 0.3000000119
13310  48.624  -52.536  7.014 0.3000000119
13313  34.971  -52.218  5.906 0.1000000015
13319  34.306  -52.798  5.600 0.1000000015
13326  47.648  -52.706  4.691 0.4000000060
13327  46.490  -52.682  4.569 0.4000000060
13328  45.670  -52.696  4.638 0.4000000060
13329  44.775  -52.482  4.702 0.4000000060
13333  40.295  -52.400  4.306 0.1000000015
13338  38.427  -52.598  3.926 0.2000000030
13342  35.172  -52.275  3.235 0.2000000030
13348  33.807  -52.317  1.311 0.2000000030
13352  34.011  -51.879  0.566 0.3000000119
13885  30.582  -51.653  9.284 0.1000000015
13889  48.026  -52.236  8.697 0.2000000030
13894  38.499  -51.008  9.376 0.1000000015
13898  48.878  -51.353  6.531 0.3000000119
13907  31.186  -51.263  7.141 0.1000000015
13909  49.237  -51.244  5.799 0.4000000060
13913  33.761  -50.983  5.968 0.1000000015
13919  48.870  -51.861  5.432 0.4000000060
13927  48.592  -51.846  4.596 0.4000000060
13928  47.753  -52.044  4.388 0.4000000060
13934  40.475  -51.435  4.227 0.2000000030
13935  39.689  -51.790  4.176 0.2000000030
13937  38.307  -51.435  4.155 0.3000000119
13943  35.466  -51.572  3.484 0.3000000119
13947  34.228  -51.832  2.538 0.3000000119
13948  33.923  -51.884  1.908 0.2000000030
13960  34.862  -51.121  -0.341 0.2000000030
13980  37.069  -51.924  -1.318 0.1000000015
14408  35.137  -51.090  15.174 0.1000000015
14433  32.478  -50.472  11.449 0.1000000015
14452  31.921  -50.608  9.358 0.1000000015
14471  35.609  -50.152  7.251 0.1000000015
14477  48.149  -50.440  6.471 0.2000000030
14481  35.260  -50.652  6.699 0.1000000015
14484  32.637  -50.508  6.409 0.1000000015
14492  33.051  -51.024  5.928 0.1000000015
14496  50.114  -50.125  4.113 0.4000000060
14500  46.406  -51.037  4.251 0.4000000060
14505  40.213  -50.567  4.093 0.4000000060
14507  38.517  -50.625  4.213 0.4000000060
14515  50.337  -49.659  3.834 0.4000000060
14517  48.804  -50.627  3.667 0.4000000060
14521  44.990  -50.002  3.863 0.4000000060
14524  34.849  -50.835  3.326 0.3000000119
14994  33.373  -49.515  14.577 0.1000000015
15020  32.492  -49.081  10.877 0.1000000015
15028  38.818  -49.107  10.679 0.1000000015
15035  37.775  -49.029  10.255 0.1000000015
15042  37.179  -49.574  9.311 0.1000000015
15052  36.024  -49.678  7.917 0.1000000015
15063  48.848  -50.014  6.059 0.3000000119
15072  33.047  -49.811  6.713 0.1000000015
15081  50.269  -49.578  4.938 0.5000000000
15082  49.942  -49.892  5.370 0.4000000060
15090  50.348  -49.634  4.400 0.5000000000
15091  43.023  -49.801  3.810 0.3000000119
15092  42.161  -49.861  3.876 0.4000000060
15097  37.240  -49.516  4.156 0.3000000119
15115  35.214  -49.888  3.575 0.3000000119
15127  49.870  -49.383  2.911 0.4000000060
15128  49.274  -49.325  2.821 0.4000000060
15139  34.085  -49.451  1.345 0.2000000030
15141  35.058  -49.209  -0.079 0.2000000030
15142  34.475  -49.740  0.376 0.3000000119
15163  38.948  -49.793  -1.345 0.1000000015
15700  33.084  -48.789  7.812 0.1000000015
15705  48.684  -49.343  5.749 0.4000000060
15709  42.836  -49.027  5.591 0.2000000030
15730  50.628  -48.651  4.112 0.5000000000
15732  39.258  -48.731  3.890 0.4000000060
15746  42.800  -48.523  3.109 0.4000000060
15749  39.745  -48.268  3.609 0.4000000060
15751  34.659  -48.269  3.040 0.2000000030
15760  48.766  -48.793  2.630 0.4000000060
15761  48.007  -48.008  2.483 0.5000000000
15762  47.149  -48.257  2.749 0.5000000000
15805  37.066  -48.664  -1.153 0.2000000030
16301  36.810  -47.149  10.460 0.1000000015
16311  35.566  -47.042  9.974 0.1000000015
16321  37.949  -47.474  9.766 0.1000000015
16344  38.989  -47.869  7.023 0.1000000015
16354  49.941  -48.350  4.917 0.5000000000
16371  49.871  -47.649  4.549 0.5000000000
16374  37.935  -47.338  4.017 0.2000000030
16376  36.294  -47.506  4.135 0.3000000119
16381  50.796  -48.095  3.571 0.5000000000
16384  43.028  -47.860  2.849 0.4000000060
16385  41.753  -47.717  2.909 0.4000000060
16386  40.282  -47.831  3.320 0.5000000000
16389  35.559  -47.545  3.792 0.2000000030
16390  34.988  -47.580  3.241 0.2000000030
16396  50.923  -47.947  2.304 0.5000000000
16400  45.510  -47.311  2.485 0.5000000000
16421  49.780  -47.616  1.642 0.5000000000
16423  34.488  -47.693  1.741 0.1000000015
16440  35.327  -47.503  0.483 0.1000000015
16451  36.530  -47.510  -0.628 0.1000000015
17020  37.384  -46.585  8.103 0.1000000015
17069  37.378  -46.826  4.095 0.2000000030
17079  42.434  -47.354  2.734 0.4000000060
17084  36.135  -46.121  3.888 0.2000000030
17085  35.274  -46.886  3.386 0.2000000030
17094  51.335  -46.547  2.242 0.5000000000
17095  51.250  -47.145  2.047 0.5000000000
17100  44.878  -46.725  2.275 0.4000000060
17104  35.172  -46.241  2.862 0.2000000030
17105  34.770  -46.821  2.138 0.1000000015
17119  49.115  -46.852  1.441 0.5000000000
17120  47.042  -46.404  1.678 0.5000000000
17141  36.114  -46.229  0.080 0.1000000015
17736  40.948  -45.494  5.460 0.5000000000
17739  37.743  -45.687  6.203 0.1000000015
17749  44.956  -45.746  4.390 0.4000000060
17765  47.593  -45.524  3.594 0.6000000238
17778  49.361  -45.469  3.101 0.5000000000
17784  38.182  -45.606  3.738 0.2000000030
17785  37.182  -45.113  3.811 0.2000000030
17786  36.389  -45.421  3.713 0.2000000030
17787  35.690  -45.599  3.325 0.2000000030
17798  51.418  -45.815  1.810 0.5000000000
17801  43.463  -45.533  2.093 0.4000000060
17803  41.779  -45.327  2.553 0.4000000060
17817  44.560  -45.155  1.702 0.4000000060
17818  43.920  -45.023  1.812 0.4000000060
17840  48.031  -44.985  0.670 0.4000000060
17842  35.766  -44.943  1.020 0.1000000015
17855  51.218  -44.998  0.363 0.4000000060
17857  36.982  -45.332  -0.582 0.1000000015
18547  50.547  -45.050  2.340 0.5000000000
18549  47.350  -44.311  2.947 0.5000000000
18552  39.278  -44.745  3.323 0.2000000030
18553  38.672  -44.152  3.489 0.2000000030
18554  36.729  -43.846  3.429 0.1000000015
18564  51.507  -45.059  1.486 0.4000000060
18588  45.793  -44.360  0.965 0.4000000060
18592  35.557  -44.102  1.693 0.1000000015
18611  49.374  -44.161  0.008 0.4000000060
18627  51.406  -44.431  -0.057 0.4000000060
18630  36.659  -44.679  -0.256 0.1000000015
19346  38.382  -43.841  5.642 0.3000000119
19361  40.645  -43.475  5.278 0.5000000000
19375  44.170  -43.396  3.884 0.5000000000
19376  43.518  -43.255  4.161 0.5000000000
19392  39.250  -43.466  3.263 0.2000000030
19410  42.260  -43.204  1.864 0.4000000060
19411  41.494  -43.452  2.345 0.4000000060
19413  35.797  -43.159  2.546 0.1000000015
19414  35.510  -43.220  1.936 0.1000000015
19439  52.134  -43.565  0.094 0.5000000000
19443  45.669  -43.585  0.689 0.4000000060
19459  36.357  -44.007  0.021 0.1000000015
19462  37.593  -43.208  -1.730 0.1000000015
19471  38.916  -43.373  -2.662 0.1000000015
20044  35.196  -42.306  16.738 0.1000000015
20074  33.511  -42.791  14.374 0.1000000015
20084  33.320  -42.292  13.124 0.1000000015
20159  35.594  -42.072  7.379 0.2000000030
20178  38.145  -42.955  5.594 0.4000000060
20227  39.901  -42.934  2.975 0.2000000030
20230  36.772  -42.256  3.313 0.2000000030
20238  50.115  -42.321  1.340 0.5000000000
20245  35.595  -42.485  2.166 0.1000000015
20255  43.290  -42.379  1.093 0.4000000060
20271  52.660  -42.173  -0.025 0.4000000060
20276  44.632  -42.357  0.612 0.4000000060
20278  35.601  -42.592  0.823 0.1000000015
20291  50.677  -42.848  -0.698 0.4000000060
20292  48.869  -42.698  -0.553 0.3000000119
20300  52.106  -42.277  -0.448 0.4000000060
20307  37.787  -42.640  -2.364 0.1000000015
20920  34.496  -41.145  15.850 0.1000000015
20976  33.356  -41.953  10.766 0.1000000015
20998  34.228  -41.462  8.531 0.1000000015
21032  36.584  -41.125  6.512 0.2000000030
21075  43.610  -41.849  3.756 0.5000000000
21077  37.614  -41.712  3.392 0.2000000030
21085  50.225  -41.429  1.367 0.5000000000
21087  48.266  -41.288  1.847 0.5000000000
21099  52.537  -41.436  0.445 0.5000000000
21101  42.725  -41.666  1.071 0.2000000030
21117  43.491  -41.506  0.709 0.2000000030
21132  53.030  -41.355  -0.134 0.4000000060
21144  52.554  -41.528  -0.379 0.4000000060
21145  51.812  -41.560  -0.588 0.3000000119
21792  33.918  -40.526  14.553 0.1000000015
21802  33.557  -40.613  13.767 0.1000000015
21823  33.238  -40.095  11.508 0.1000000015
21899  39.912  -40.672  4.909 0.3000000119
21913  40.016  -40.021  4.831 0.3000000119
21921  45.469  -40.610  2.801 0.5000000000
21922  44.322  -40.648  3.332 0.5000000000
21935  49.365  -40.369  1.723 0.4000000060
21941  36.571  -40.815  2.942 0.1000000015
21949  53.351  -39.072  0.491 0.2000000030
21953  41.659  -40.548  1.391 0.1000000015
21954  40.995  -40.428  1.621 0.1000000015
21967  53.299  -40.006  0.236 0.5000000000
21968  53.335  -40.699  0.006 0.5000000000
21972  44.157  -40.422  0.565 0.2000000030
21973  43.499  -40.749  0.683 0.2000000030
21988  53.273  -40.544  -0.157 0.4000000060
21990  49.106  -40.705  -0.406 0.2000000030
22005  52.392  -40.924  -0.527 0.3000000119
22659  36.561  -39.293  14.658 0.1000000015
22711  33.663  -39.576  9.998 0.1000000015
22732  36.130  -39.778  6.799 0.2000000030
22774  46.471  -39.491  2.603 0.4000000060
22787  52.917  -38.903  1.307 0.4000000060
22817  53.452  -39.803  -0.045 0.2000000030
22820  46.160  -39.534  0.473 0.2000000030
22821  45.178  -39.573  0.572 0.2000000030
22822  44.407  -39.733  0.674 0.2000000030
22837  53.086  -39.494  -0.396 0.2000000030
22838  51.615  -39.351  -0.385 0.1000000015
22859  52.803  -40.165  -0.505 0.3000000119
23549  34.417  -38.426  12.531 0.1000000015
23556  34.133  -38.194  11.753 0.1000000015
23557  33.786  -38.661  11.405 0.1000000015
23571  34.091  -38.599  9.970 0.1000000015
23603  40.382  -38.046  4.865 0.2000000030
23604  39.611  -38.087  5.134 0.2000000030
23612  45.499  -37.635  3.526 0.1000000015
23627  47.380  -38.109  2.768 0.2000000030
23629  44.727  -38.971  3.391 0.3000000119
23633  53.071  -37.935  1.411 0.1000000015
23646  53.454  -38.285  0.456 0.1000000015
23666  53.471  -38.778  0.040 0.1000000015
23667  53.359  -37.921  0.154 0.1000000015
23670  49.504  -38.013  0.443 0.1000000015
23685  53.320  -39.334  -0.190 0.2000000030
24371  36.760  -37.733  13.111 0.1000000015
24378  39.037  -37.575  12.581 0.1000000015
24396  34.792  -37.089  9.863 0.1000000015
24496  53.014  -37.368  1.113 0.1000000015
24512  53.019  -37.320  0.504 0.1000000015
25281  37.541  -35.983  12.265 0.1000000015
25341  35.960  -36.359  6.975 0.2000000030
25403  44.778  -36.804  1.506 0.1000000015
25404  43.713  -36.943  1.673 0.1000000015
26277  50.512  -35.964  2.529 0.1000000015
28043  37.510  -33.751  6.814 0.1000000015
112954  50.900  -48.200  2.940 0.4000000060
114379  38.590  -55.722  -1.168 0.2000000030
114884  33.646  -53.253  5.491 0.1000000015
115484  43.374  -56.104  6.802 0.4000000060
115840  35.799  -58.042  -1.393 0.1000000015
116068  36.274  -56.423  11.916 0.1000000015
116386  47.591  -54.888  10.276 0.1000000015
116556  34.350  -51.213  2.826 0.2000000030
116862  37.014  -52.999  3.663 0.2000000030
117608  51.533  -44.286  1.284 0.5000000000
117691  44.118  -51.895  4.598 0.3000000119
118204  29.122  -53.023  10.005 0.1000000015
118223  36.094  -39.079  6.740 0.2000000030
118351  48.366  -48.745  5.514 0.4000000060
118493  47.194  -48.997  5.642 0.4000000060
118732  37.909  -50.021  4.195 0.3000000119
119096  38.438  -47.838  3.960 0.3000000119
119108  40.650  -50.037  3.953 0.5000000000
119634  40.329  -41.742  2.436 0.3000000119
120220  50.447  -49.141  4.590 0.5000000000
120468  40.631  -47.052  5.553 0.2000000030
121236  43.288  -53.667  5.299 0.2000000030
121278  45.205  -44.849  1.426 0.4000000060
121862  39.106  -51.243  4.176 0.4000000060
122005  46.111  -41.800  0.308 0.3000000119
122139  29.242  -58.912  6.800 0.1000000015
122228  48.610  -46.228  1.221 0.5000000000
122268  35.713  -42.889  17.156 0.1000000015
122469  47.124  -53.503  10.189 0.2000000030
122726  34.595  -53.981  2.591 0.2000000030
122981  34.239  -55.289  1.887 0.3000000119
122987  48.290  -39.434  0.212 0.1000000015
123085  42.134  -40.319  1.253 0.2000000030
123366  38.212  -50.077  -1.351 0.1000000015
123548  34.072  -50.313  0.898 0.2000000030
123596  39.301  -59.256  12.643 0.1000000015
124162  36.583  -54.992  -1.094 0.2000000030
124786  34.508  -50.106  3.154 0.2000000030
124923  32.231  -60.776  8.059 0.1000000015
125379  34.071  -48.943  2.065 0.1000000015
125504  41.770  -59.532  15.684 0.1000000015
125647  51.294  -41.020  -0.583 0.3000000119
125772  35.403  -51.741  -0.686 0.2000000030
127412  42.563  -62.745  6.562 0.2000000030
127493  31.983  -50.373  7.234 0.1000000015
128259  47.516  -33.865  3.862 0.1000000015
128627  51.230  -45.297  2.044 0.5000000000
128726  50.164  -45.433  2.804 0.5000000000
128869  51.363  -45.419  0.683 0.4000000060
128920  35.672  -51.241  6.733 0.1000000015
129121  35.993  -54.496  15.436 0.1000000015
129163  44.969  -45.051  4.197 0.5000000000
129456  40.046  -56.526  5.682 0.1000000015
129874  35.577  -52.893  3.269 0.2000000030
130364  34.225  -54.449  2.128 0.2000000030
130500  34.114  -55.178  12.640 0.1000000015
130545  40.106  -47.125  3.282 0.3000000119
130616  44.333  -43.868  3.934 0.5000000000
130932  42.821  -53.158  5.108 0.3000000119
131237  33.914  -50.850  1.326 0.2000000030
131248  36.632  -54.606  3.615 0.2000000030
131299  37.978  -61.543  2.276 0.1000000015
131601  33.883  -59.228  6.522 0.1000000015
131657  41.695  -63.706  6.835 0.1000000015
131823  37.730  -44.490  -1.292 0.1000000015
132025  32.755  -56.507  5.585 0.1000000015
132610  38.264  -49.517  -1.357 0.1000000015
132730  28.937  -55.855  9.218 0.1000000015
132990  46.818  -41.837  0.116 0.4000000060
133301  44.200  -36.875  1.580 0.1000000015
133323  41.999  -39.080  4.279 0.2000000030
133379  45.518  -35.492  4.168 0.1000000015
133394  36.707  -62.338  -1.327 0.1000000015
133960  38.799  -49.135  4.088 0.4000000060
134515  39.495  -65.589  3.425 0.1000000015
134546  48.098  -42.009  1.874 0.5000000000
134609  41.563  -29.779  5.589 0.1000000015
134845  42.730  -55.752  6.534 0.1000000015
134940  30.285  -57.981  14.744 0.1000000015
134945  43.157  -51.074  4.361 0.3000000119
134980  33.039  -53.030  5.464 0.1000000015
