#!ascii label  , from subject sub-v1s20x0050340_ses-1 vox2ras=TkReg
494
14891  -22.580  -51.823  -18.786 0.6999999881
14906  -22.498  -51.266  -20.396 0.6000000238
14928  -22.291  -51.067  -22.221 0.4000000060
15422  -20.205  -50.533  -12.380 0.6999999881
16075  -21.632  -48.985  -13.606 0.6999999881
15423  -20.787  -50.707  -13.051 0.6999999881
16085  -21.543  -49.608  -13.699 0.6000000238
15446  -21.420  -50.396  -13.747 0.6999999881
119856  -22.174  -49.517  -14.755 0.6000000238
110517  -21.744  -50.853  -14.427 0.6000000238
111047  -21.913  -49.988  -14.460 0.6000000238
14838  -22.011  -51.248  -15.125 0.6000000238
16097  -22.308  -49.853  -15.277 0.6000000238
115940  -22.830  -48.772  -16.623 0.5000000000
15480  -22.544  -50.261  -17.033 0.5000000000
16847  -22.881  -48.914  -17.339 0.5000000000
16124  -22.813  -49.852  -18.574 0.6000000238
15488  -22.620  -50.829  -19.128 0.6000000238
102560  -22.891  -49.852  -19.544 0.6000000238
112214  -22.655  -50.361  -20.273 0.6000000238
16066  -21.078  -49.142  -12.998 0.6000000238
16806  -21.520  -48.555  -13.313 0.6000000238
16807  -21.994  -48.455  -13.807 0.6000000238
16818  -22.344  -48.387  -14.517 0.6000000238
17565  -22.777  -47.580  -15.684 0.6000000238
107350  -22.358  -49.059  -15.014 0.6000000238
101247  -22.635  -49.120  -15.901 0.6000000238
17582  -23.152  -48.119  -16.974 0.6000000238
16848  -23.148  -48.386  -17.885 0.6000000238
103818  -22.710  -49.670  -17.637 0.6000000238
120048  -23.392  -47.992  -18.411 0.6999999881
16856  -23.287  -48.547  -18.720 0.6000000238
16861  -23.377  -48.591  -19.570 0.6000000238
103322  -22.550  -50.004  -21.150 0.5000000000
15510  -22.330  -50.475  -21.721 0.5000000000
16797  -20.672  -48.600  -12.497 0.6000000238
112497  -21.749  -47.920  -13.333 0.6000000238
18262  -22.482  -46.731  -14.198 0.6000000238
18269  -22.744  -46.799  -15.251 0.6000000238
17553  -22.559  -47.592  -14.815 0.6000000238
18281  -22.922  -46.009  -15.822 0.6000000238
18280  -23.007  -46.916  -16.119 0.6000000238
121325  -23.418  -46.546  -17.130 0.6000000238
17575  -23.036  -47.609  -16.374 0.6000000238
18301  -23.497  -46.741  -17.762 0.6000000238
17583  -23.371  -47.627  -17.727 0.6999999881
16868  -23.151  -48.697  -20.550 0.6000000238
16130  -22.901  -49.588  -20.462 0.6000000238
15522  -22.414  -50.264  -22.374 0.4000000060
18255  -20.922  -47.123  -12.290 0.6000000238
17529  -21.334  -47.473  -12.768 0.6000000238
109885  -21.959  -47.081  -13.339 0.6000000238
111615  -22.680  -45.972  -14.859 0.6000000238
119257  -22.916  -45.224  -15.994 0.5000000000
19010  -23.147  -45.544  -16.559 0.6000000238
17595  -23.561  -47.154  -19.424 0.6000000238
17589  -23.524  -47.335  -18.501 0.6000000238
112964  -23.514  -47.934  -19.125 0.6000000238
107210  -23.472  -47.871  -20.051 0.6000000238
107585  -22.981  -47.815  -21.011 0.6000000238
17613  -22.414  -47.864  -22.003 0.6000000238
16136  -22.685  -49.222  -21.359 0.6000000238
16155  -22.475  -49.401  -22.665 0.4000000060
16146  -22.384  -49.688  -21.968 0.5000000000
105682  -20.307  -47.143  -11.903 0.5000000000
18256  -21.462  -46.564  -12.595 0.6000000238
18261  -22.090  -46.064  -13.341 0.6000000238
112619  -22.467  -45.841  -14.105 0.6000000238
18985  -22.547  -45.180  -14.490 0.5000000000
18998  -22.754  -45.234  -15.313 0.5000000000
19706  -23.090  -44.147  -17.081 0.6000000238
118385  -23.061  -43.670  -17.686 0.6000000238
103012  -23.251  -45.000  -17.206 0.6999999881
121720  -23.489  -45.083  -19.037 0.6999999881
109851  -23.541  -46.043  -18.147 0.6999999881
19728  -23.107  -44.777  -20.233 0.6000000238
18307  -23.593  -46.553  -18.748 0.6999999881
19029  -23.385  -45.416  -19.787 0.6000000238
18322  -23.248  -46.043  -20.340 0.6000000238
17603  -23.251  -46.917  -20.451 0.6000000238
17602  -22.616  -47.039  -21.522 0.6000000238
16887  -22.400  -48.732  -22.297 0.5000000000
16892  -22.388  -48.550  -23.104 0.4000000060
18240  -21.167  -45.855  -12.119 0.6000000238
18979  -21.842  -45.200  -13.022 0.6000000238
18980  -22.276  -45.201  -13.722 0.5000000000
19681  -22.590  -44.397  -14.922 0.6000000238
20367  -22.640  -43.750  -15.572 0.5000000000
19690  -22.803  -44.552  -15.774 0.6000000238
108697  -22.623  -43.037  -16.193 0.5000000000
19700  -23.016  -44.737  -16.482 0.6000000238
105924  -22.826  -43.163  -17.108 0.5000000000
102496  -22.842  -42.939  -18.948 0.5000000000
20392  -23.129  -43.676  -18.443 0.6000000238
21097  -22.433  -42.103  -19.468 0.5000000000
20399  -23.127  -43.776  -19.272 0.5000000000
19711  -23.360  -44.440  -18.727 0.6000000238
100633  -22.318  -42.538  -20.420 0.4000000060
19719  -23.291  -44.578  -19.538 0.6999999881
19727  -22.690  -44.500  -21.002 0.5000000000
103809  -22.268  -43.742  -21.540 0.5000000000
19036  -22.475  -45.486  -21.558 0.6000000238
20415  -22.041  -43.812  -22.043 0.5000000000
18331  -22.238  -46.338  -22.010 0.6000000238
115984  -22.052  -47.055  -23.761 0.5000000000
18338  -21.919  -46.458  -22.807 0.6000000238
109140  -21.862  -47.137  -23.271 0.6000000238
18973  -21.386  -45.156  -12.359 0.5000000000
19676  -22.377  -44.400  -14.107 0.5000000000
20358  -22.454  -43.607  -14.821 0.5000000000
21076  -22.587  -42.203  -17.691 0.4000000060
20391  -22.834  -42.950  -18.087 0.5000000000
21087  -22.556  -42.120  -18.533 0.5000000000
104898  -21.351  -41.184  -21.116 0.4000000060
119338  -21.787  -41.330  -20.417 0.4000000060
21104  -21.768  -42.028  -21.040 0.5000000000
20407  -22.093  -42.920  -21.275 0.5000000000
105304  -21.240  -41.812  -21.919 0.5000000000
115715  -21.969  -43.246  -21.832 0.5000000000
20422  -21.886  -43.168  -22.124 0.5000000000
19061  -22.319  -45.630  -23.316 0.5000000000
116092  -21.941  -46.477  -23.369 0.5000000000
19046  -22.107  -45.719  -22.377 0.6000000238
21748  -22.441  -41.363  -18.083 0.4000000060
114934  -22.253  -40.635  -18.924 0.5000000000
102985  -22.098  -41.123  -19.601 0.5000000000
22493  -21.649  -40.592  -20.269 0.5000000000
116406  -20.795  -40.809  -21.843 0.4000000060
113320  -21.418  -41.890  -22.464 0.5000000000
106663  -22.628  -44.162  -23.121 0.5000000000
19749  -23.027  -44.781  -23.537 0.3000000119
21785  -21.073  -41.260  -22.407 0.5000000000
116671  -22.099  -43.688  -22.294 0.5000000000
113538  -22.116  -45.201  -22.672 0.5000000000
111037  -21.838  -39.935  -19.845 0.4000000060
22502  -21.034  -40.496  -21.069 0.4000000060
23324  -21.155  -39.834  -20.582 0.4000000060
23332  -20.090  -39.371  -21.879 0.4000000060
22501  -20.530  -39.994  -21.478 0.4000000060
22511  -20.784  -40.612  -22.376 0.4000000060
23338  -20.330  -39.352  -22.499 0.4000000060
22510  -20.745  -40.074  -22.639 0.5000000000
110282  -23.372  -43.111  -23.326 0.4000000060
21794  -21.532  -41.499  -22.811 0.5000000000
20431  -22.518  -43.296  -23.028 0.5000000000
21121  -21.946  -42.342  -22.777 0.5000000000
20423  -22.277  -43.922  -22.714 0.5000000000
24125  -20.407  -38.600  -22.899 0.4000000060
23339  -20.911  -39.374  -22.985 0.4000000060
21796  -23.375  -41.732  -23.200 0.4000000060
21122  -22.781  -42.441  -23.212 0.5000000000
23350  -21.468  -40.137  -22.937 0.5000000000
22520  -21.911  -40.909  -23.038 0.5000000000
24909  -20.796  -37.764  -23.113 0.4000000060
22521  -22.988  -40.983  -23.045 0.4000000060
22522  -24.042  -41.135  -22.841 0.3000000119
24126  -21.415  -38.522  -23.070 0.5000000000
21795  -22.321  -41.678  -23.107 0.5000000000
105776  -21.159  -37.077  -23.188 0.4000000060
22512  -23.725  -40.354  -22.554 0.3000000119
23351  -22.587  -40.180  -22.891 0.5000000000
24127  -22.682  -38.483  -22.702 0.4000000060
23340  -22.041  -39.357  -22.898 0.5000000000
25705  -21.858  -36.647  -23.200 0.4000000060
113480  -24.355  -39.111  -21.821 0.3000000119
23342  -24.474  -39.864  -21.967 0.3000000119
24128  -23.802  -38.470  -22.000 0.4000000060
25706  -22.873  -36.766  -22.775 0.4000000060
26494  -21.954  -35.384  -23.293 0.5000000000
24119  -24.771  -38.472  -21.630 0.4000000060
110990  -25.168  -37.816  -21.525 0.4000000060
103956  -22.469  -36.023  -23.055 0.4000000060
24911  -23.328  -37.624  -22.393 0.5000000000
24912  -24.318  -37.694  -21.759 0.4000000060
107311  -23.351  -35.986  -22.505 0.5000000000
106180  -24.053  -35.890  -21.885 0.5000000000
25707  -23.945  -36.741  -21.959 0.4000000060
25695  -24.828  -36.177  -21.594 0.4000000060
110796  -25.009  -37.054  -21.530 0.4000000060
24899  -25.955  -37.456  -21.494 0.3000000119
26495  -22.948  -35.291  -22.965 0.5000000000
27286  -25.231  -34.770  -21.508 0.4000000060
112800  -26.009  -34.995  -21.464 0.3000000119
111643  -22.824  -33.891  -23.281 0.5000000000
26486  -24.597  -35.364  -21.668 0.4000000060
26487  -25.518  -35.564  -21.487 0.4000000060
26488  -26.419  -35.618  -21.570 0.4000000060
27295  -22.462  -34.646  -23.282 0.5000000000
26496  -23.750  -35.169  -22.228 0.5000000000
27296  -23.343  -34.458  -22.781 0.5000000000
28076  -25.572  -33.386  -21.464 0.4000000060
27287  -25.990  -34.168  -21.438 0.4000000060
119132  -23.052  -32.434  -23.250 0.5000000000
112665  -26.682  -34.846  -21.716 0.3000000119
28084  -23.449  -33.564  -22.766 0.5000000000
28085  -24.074  -33.232  -22.064 0.5000000000
27297  -23.944  -34.052  -22.197 0.5000000000
27285  -24.346  -34.634  -21.806 0.5000000000
119857  -23.822  -34.574  -22.241 0.5000000000
28868  -25.740  -32.667  -21.444 0.4000000060
116944  -22.719  -31.914  -23.410 0.5000000000
29598  -24.254  -31.353  -21.977 0.5000000000
28869  -26.612  -32.516  -21.626 0.3000000119
27298  -26.868  -33.989  -21.835 0.3000000119
28893  -23.292  -31.875  -23.049 0.5000000000
112340  -23.732  -31.871  -22.490 0.5000000000
28879  -23.526  -32.631  -22.722 0.5000000000
14915  -22.303  -51.224  -21.491 0.5000000000
103375  -22.496  -50.040  -16.174 0.6000000238
116349  -23.416  -45.924  -17.325 0.6999999881
16867  -22.701  -48.484  -21.476 0.6000000238
19018  -23.463  -45.234  -18.141 0.6999999881
109232  -22.116  -47.114  -22.500 0.6000000238
19023  -23.585  -45.768  -18.930 0.6999999881
19718  -22.981  -44.019  -20.103 0.5000000000
18321  -22.805  -46.201  -21.103 0.6000000238
102373  -22.750  -43.123  -19.817 0.4000000060
19740  -22.144  -44.362  -22.431 0.5000000000
19054  -21.911  -45.918  -22.931 0.5000000000
22507  -20.392  -40.070  -22.158 0.4000000060
109429  -20.433  -39.287  -21.116 0.4000000060
23341  -23.408  -39.397  -22.372 0.4000000060
25696  -25.948  -36.453  -21.461 0.3000000119
28880  -24.203  -32.336  -21.948 0.5000000000
9679  -20.573  -59.643  -12.515 0.5000000000
9696  -22.134  -59.691  -13.459 0.5000000000
9680  -21.424  -59.701  -12.970 0.5000000000
10298  -22.944  -58.089  -15.638 0.5000000000
10267  -23.292  -58.843  -14.662 0.5000000000
101843  -22.816  -58.914  -14.273 0.4000000060
118794  -20.382  -58.807  -12.476 0.5000000000
10254  -21.814  -58.904  -13.413 0.6000000238
10241  -21.043  -58.930  -12.826 0.6000000238
10279  -22.764  -58.346  -14.899 0.5000000000
10266  -22.306  -58.425  -14.148 0.5000000000
10928  -23.580  -57.230  -18.542 0.4000000060
10834  -18.796  -57.627  -11.535 0.6999999881
10835  -19.549  -57.530  -11.777 0.6999999881
10846  -20.907  -57.420  -12.911 0.6999999881
10870  -21.923  -57.835  -14.313 0.5000000000
10857  -21.483  -57.672  -13.635 0.6999999881
10900  -22.990  -57.712  -16.348 0.5000000000
10886  -22.572  -57.831  -15.522 0.5000000000
10871  -22.271  -57.982  -14.864 0.5000000000
11572  -23.229  -56.945  -19.333 0.5000000000
10911  -23.303  -57.226  -18.038 0.5000000000
10831  -17.048  -57.104  -11.984 0.5000000000
10832  -17.548  -57.482  -11.643 0.6999999881
111097  -18.625  -56.296  -11.406 0.6999999881
10833  -18.130  -57.750  -11.513 0.6999999881
11466  -19.106  -56.866  -11.443 0.6999999881
10845  -20.251  -57.459  -12.214 0.6000000238
11517  -22.092  -56.697  -15.652 0.6999999881
11504  -21.600  -56.424  -14.742 0.6000000238
11541  -22.895  -56.959  -17.801 0.5000000000
11529  -22.643  -56.484  -16.945 0.6000000238
11518  -22.497  -56.858  -16.343 0.6000000238
11557  -23.083  -57.014  -18.634 0.5000000000
113029  -22.768  -56.078  -20.870 0.5000000000
12142  -17.179  -55.747  -11.662 0.5000000000
107760  -17.915  -56.071  -11.415 0.6999999881
11467  -19.854  -56.751  -11.838 0.6999999881
12160  -20.416  -55.314  -12.844 0.6999999881
12159  -19.716  -55.228  -12.191 0.6999999881
11492  -21.289  -56.482  -13.810 0.8000000119
12177  -21.267  -55.730  -14.069 0.6999999881
12207  -22.258  -56.093  -16.177 0.6000000238
113363  -21.767  -55.685  -15.414 0.6999999881
101878  -22.787  -56.371  -18.434 0.6999999881
12243  -22.652  -56.013  -17.595 0.6000000238
105306  -22.837  -56.417  -19.120 0.6000000238
103135  -22.577  -55.471  -21.643 0.6000000238
119185  -15.969  -55.615  -12.939 0.5000000000
107762  -16.972  -54.880  -11.693 0.6000000238
12158  -16.535  -55.413  -12.036 0.5000000000
12143  -17.730  -55.206  -11.473 0.6000000238
12829  -18.477  -54.604  -11.637 0.6000000238
12830  -19.076  -55.163  -11.775 0.6999999881
12854  -20.605  -54.463  -13.314 0.6999999881
12841  -20.002  -54.460  -12.659 0.6000000238
12176  -20.925  -55.130  -13.626 0.6999999881
12855  -21.059  -54.475  -13.920 0.6999999881
12192  -21.455  -55.562  -14.716 0.6999999881
104668  -22.627  -55.394  -18.144 0.6999999881
12941  -22.640  -55.224  -20.579 0.6999999881
12925  -22.785  -54.895  -19.605 0.6999999881
12839  -16.402  -54.512  -12.163 0.5000000000
13470  -18.179  -53.820  -11.668 0.6000000238
13471  -18.880  -53.737  -11.884 0.6000000238
12840  -19.312  -54.462  -12.082 0.6000000238
111101  -21.246  -54.989  -14.334 0.8000000119
13519  -21.952  -52.971  -15.763 0.5000000000
13493  -20.958  -53.725  -13.757 0.6000000238
13531  -22.134  -54.458  -16.337 0.6999999881
13532  -22.201  -53.398  -16.483 0.6999999881
109324  -22.735  -53.853  -19.327 0.6999999881
13554  -22.569  -53.512  -18.343 0.6999999881
103157  -22.399  -54.492  -21.327 0.5000000000
13586  -22.202  -53.783  -22.065 0.5000000000
12838  -15.898  -54.042  -12.691 0.5000000000
13468  -16.936  -53.148  -11.934 0.5000000000
121606  -18.507  -52.100  -11.687 0.6000000238
13469  -17.568  -53.506  -11.717 0.6000000238
14122  -19.114  -52.353  -11.859 0.6000000238
14133  -19.705  -52.636  -12.280 0.6000000238
105818  -20.236  -52.127  -12.636 0.6000000238
14134  -20.239  -52.942  -12.786 0.6000000238
14828  -20.743  -51.645  -13.145 0.6000000238
14170  -22.226  -52.335  -16.346 0.6000000238
14829  -21.193  -52.084  -13.780 0.5000000000
14195  -22.487  -52.731  -17.776 0.6000000238
14182  -22.399  -52.777  -17.041 0.6000000238
119560  -22.639  -53.076  -19.107 0.6000000238
14212  -22.567  -52.598  -18.567 0.6000000238
14239  -22.464  -52.718  -20.837 0.5000000000
14132  -16.407  -52.733  -12.312 0.5000000000
111011  -17.809  -52.170  -11.682 0.6000000238
14818  -20.225  -51.282  -12.491 0.6000000238
14169  -21.895  -52.206  -15.303 0.5000000000
14862  -22.456  -51.987  -17.309 0.4000000060
116915  -22.379  -51.547  -16.644 0.5000000000
111028  -22.240  -51.483  -15.910 0.5000000000
14227  -22.601  -52.403  -19.361 0.6000000238
13478  -15.902  -53.119  -12.755 0.5000000000
14119  -16.972  -52.252  -11.920 0.6000000238
15412  -18.653  -50.800  -11.573 0.6000000238
14809  -18.981  -51.569  -11.705 0.6000000238
102807  -22.616  -50.503  -17.940 0.5000000000
14145  -15.602  -52.579  -13.393 0.5000000000
14806  -16.623  -51.439  -12.112 0.5000000000
15411  -17.741  -50.710  -11.554 0.6000000238
108797  -20.551  -49.906  -12.650 0.6000000238
14156  -15.503  -52.502  -14.213 0.5000000000
14817  -16.059  -51.487  -12.619 0.5000000000
15410  -16.896  -50.716  -11.844 0.6000000238
16064  -19.816  -49.882  -11.986 0.6000000238
14836  -15.681  -51.701  -14.572 0.5000000000
15420  -15.831  -50.855  -13.020 0.5000000000
16052  -16.519  -50.134  -12.121 0.5000000000
16054  -18.999  -49.344  -11.601 0.6000000238
16053  -18.281  -50.001  -11.515 0.6000000238
15433  -15.627  -51.011  -13.867 0.5000000000
16062  -16.079  -50.015  -12.783 0.5000000000
15434  -16.025  -50.035  -14.227 0.5000000000
16786  -20.116  -48.524  -12.037 0.5000000000
16074  -15.993  -49.702  -13.463 0.5000000000
110032  -17.986  -49.160  -11.568 0.5000000000
15445  -16.408  -50.086  -15.122 0.5000000000
107895  -16.215  -49.134  -13.928 0.5000000000
111625  -17.124  -48.897  -11.885 0.5000000000
16785  -19.365  -48.529  -11.707 0.4000000060
16084  -16.630  -49.247  -14.963 0.5000000000
16796  -17.067  -48.040  -12.257 0.5000000000
17512  -17.944  -47.607  -11.838 0.4000000060
17513  -18.856  -47.813  -11.638 0.4000000060
16795  -16.467  -48.244  -12.929 0.4000000060
18236  -17.951  -46.751  -11.932 0.4000000060
121660  -18.557  -47.111  -11.719 0.4000000060
119123  -22.540  -52.096  -18.094 0.6000000238
110780  -22.556  -52.191  -20.211 0.5000000000
14260  -22.063  -51.997  -22.215 0.4000000060
14157  -21.479  -52.551  -14.454 0.6000000238
110486  -19.420  -46.974  -11.651 0.4000000060
110287  -20.465  -45.880  -11.748 0.4000000060
11479  -20.475  -56.706  -12.411 0.6999999881
12882  -21.736  -54.712  -15.522 0.6999999881
107927  -22.524  -55.175  -17.423 0.6999999881
12895  -22.418  -54.677  -17.007 0.6999999881
13504  -21.315  -53.285  -14.348 0.6000000238
14146  -20.649  -53.148  -13.331 0.6000000238
103735  -22.686  -54.155  -20.303 0.6999999881
13518  -21.816  -53.794  -15.646 0.6999999881
118374  -22.354  -54.056  -16.957 0.6999999881
108973  -22.656  -53.105  -20.019 0.6000000238
13579  -22.402  -53.498  -21.048 0.6000000238
9697  -22.755  -59.615  -13.888 0.4000000060
10231  -19.955  -58.210  -12.188 0.6000000238
10240  -20.607  -58.177  -12.634 0.6999999881
10265  -21.801  -58.222  -13.725 0.5000000000
10844  -16.681  -57.439  -12.497 0.5000000000
10885  -22.040  -57.414  -15.107 0.5000000000
10927  -23.309  -57.112  -18.781 0.5000000000
11464  -16.811  -56.254  -11.974 0.5000000000
11465  -18.214  -56.971  -11.411 0.6999999881
11478  -16.289  -55.990  -12.536 0.5000000000
11480  -20.921  -56.598  -13.074 0.8000000119
11589  -22.933  -56.539  -20.070 0.5000000000
12144  -18.520  -55.556  -11.490 0.6999999881
12145  -19.339  -55.974  -11.643 0.6999999881
12146  -20.124  -56.000  -12.183 0.6999999881
12161  -20.915  -55.879  -13.333 0.6999999881
12225  -22.038  -55.267  -16.039 0.6999999881
12226  -22.423  -55.439  -16.762 0.6000000238
12271  -22.797  -55.915  -19.841 0.6999999881
12827  -16.918  -54.004  -11.822 0.5000000000
12828  -17.609  -54.337  -11.593 0.6000000238
12868  -21.394  -54.132  -14.694 0.8000000119
12903  -22.497  -54.390  -17.689 0.6999999881
12914  -22.693  -54.597  -18.671 0.6999999881
13479  -16.391  -53.598  -12.271 0.5000000000
13480  -19.675  -53.572  -12.387 0.6000000238
13481  -20.363  -53.715  -13.028 0.6000000238
13543  -22.432  -53.465  -17.366 0.6999999881
13594  -22.109  -53.069  -22.697 0.5000000000
14120  -17.517  -52.800  -11.764 0.5000000000
14121  -18.359  -52.939  -11.736 0.6000000238
14131  -15.940  -52.262  -12.750 0.5000000000
14147  -21.057  -52.876  -13.813 0.6000000238
14167  -15.816  -52.490  -15.071 0.5000000000
14247  -22.168  -52.829  -21.722 0.6000000238
14807  -17.345  -51.455  -11.722 0.6000000238
14808  -18.179  -51.469  -11.577 0.6000000238
14816  -15.700  -51.670  -13.224 0.5000000000
14827  -15.502  -51.878  -13.837 0.5000000000
14837  -15.995  -50.819  -14.861 0.5000000000
14849  -21.640  -51.702  -14.464 0.5000000000
14878  -22.560  -51.378  -18.074 0.4000000060
14900  -22.567  -51.691  -19.560 0.6999999881
15413  -19.551  -50.869  -11.915 0.6000000238
15421  -16.275  -50.755  -12.396 0.5000000000
15435  -21.072  -49.952  -13.229 0.6999999881
15447  -22.089  -50.531  -14.988 0.6000000238
15460  -22.295  -50.675  -15.647 0.6000000238
15473  -22.426  -50.851  -16.435 0.5000000000
15500  -22.445  -50.646  -21.008 0.5000000000
16055  -19.748  -49.101  -11.880 0.6000000238
16061  -15.839  -50.315  -13.449 0.5000000000
16063  -16.526  -49.418  -12.253 0.5000000000
16065  -20.345  -49.199  -12.315 0.6000000238
16086  -22.023  -49.146  -14.264 0.6000000238
16108  -22.674  -49.462  -16.779 0.5000000000
16125  -23.118  -49.194  -19.074 0.6000000238
16783  -17.807  -48.380  -11.742 0.5000000000
16784  -18.565  -48.556  -11.612 0.5000000000
16798  -21.174  -48.263  -12.855 0.6000000238
16805  -16.352  -48.514  -13.558 0.4000000060
16828  -22.589  -48.332  -15.350 0.6000000238
16839  -22.831  -48.256  -16.156 0.6000000238
16855  -22.950  -49.088  -18.194 0.6000000238
17514  -19.806  -47.813  -11.801 0.4000000060
17515  -20.636  -47.857  -12.281 0.6000000238
17539  -22.293  -47.710  -13.948 0.6000000238
17576  -23.352  -47.151  -16.925 0.6000000238
17620  -22.090  -47.858  -22.920 0.5000000000
17626  -22.214  -47.752  -23.620 0.4000000060
18239  -20.783  -46.522  -12.012 0.6000000238
18293  -23.247  -46.353  -16.630 0.6000000238
18313  -23.512  -46.305  -19.620 0.6000000238
19037  -22.988  -45.400  -20.690 0.6000000238
19707  -23.276  -44.366  -17.849 0.6999999881
19748  -22.330  -44.704  -22.986 0.5000000000
20378  -22.864  -43.904  -16.354 0.5000000000
20408  -22.554  -43.457  -20.704 0.5000000000
20430  -22.063  -43.134  -22.484 0.5000000000
21107  -21.692  -42.637  -21.806 0.5000000000
21113  -21.636  -42.514  -22.274 0.5000000000
21759  -22.344  -41.289  -18.813 0.5000000000
21778  -22.100  -41.790  -20.176 0.4000000060
22494  -22.091  -40.311  -19.372 0.4000000060
22519  -21.160  -40.782  -22.759 0.5000000000
24910  -22.022  -37.552  -23.046 0.4000000060
28077  -26.362  -33.312  -21.545 0.3000000119
28097  -22.985  -33.102  -23.260 0.5000000000
100637  -22.760  -55.657  -18.987 0.6999999881
101683  -16.154  -49.065  -13.000 0.5000000000
103753  -19.184  -53.049  -11.992 0.6000000238
104117  -20.689  -52.467  -13.242 0.6000000238
105600  -18.295  -48.091  -11.678 0.4000000060
106146  -21.266  -57.073  -13.510 0.6999999881
106326  -21.246  -58.247  -13.207 0.6999999881
106725  -23.208  -43.898  -23.396 0.4000000060
106914  -20.580  -56.090  -12.724 0.6999999881
107204  -23.254  -57.459  -17.229 0.5000000000
108230  -21.588  -57.179  -14.214 0.6999999881
108560  -22.893  -57.265  -16.938 0.5000000000
108567  -22.392  -52.026  -21.166 0.5000000000
109077  -17.243  -49.846  -11.690 0.5000000000
109953  -21.624  -45.777  -12.642 0.6000000238
110115  -22.486  -51.082  -17.238 0.5000000000
110463  -19.662  -51.805  -12.108 0.6000000238
110561  -16.388  -52.032  -12.330 0.5000000000
110954  -21.301  -51.237  -13.737 0.6000000238
111423  -19.081  -50.181  -11.649 0.6000000238
111566  -17.430  -56.611  -11.652 0.6999999881
113334  -22.584  -57.365  -15.994 0.6000000238
114807  -20.132  -46.509  -11.716 0.4000000060
116131  -23.183  -49.207  -19.840 0.6000000238
116384  -21.624  -53.149  -15.045 0.6000000238
117424  -22.183  -44.707  -21.961 0.5000000000
117693  -22.409  -59.087  -13.799 0.5000000000
117783  -16.608  -48.717  -12.436 0.5000000000
117791  -21.474  -55.005  -14.961 0.6999999881
119384  -22.447  -44.019  -14.494 0.5000000000
121031  -23.146  -57.297  -17.540 0.5000000000
