#!ascii label  , from subject sub-v1s20x0050340_ses-1 vox2ras=TkReg
704
46495  -17.862  -11.209  -21.959 0.4285714328
48227  -18.125  -10.179  -23.224 0.2857142985
108448  -18.209  -10.669  -22.432 0.4285714328
47371  -18.754  -10.426  -22.564 0.4285714328
112672  -19.962  -9.872  -22.770 0.4285714328
112328  -18.085  -9.595  -23.894 0.2857142985
48247  -18.758  -9.570  -23.651 0.4285714328
48248  -19.550  -9.440  -23.417 0.4285714328
49139  -18.748  -8.487  -24.574 0.4285714328
49140  -19.511  -8.352  -24.345 0.4285714328
50015  -19.129  -7.820  -24.995 0.4285714328
50034  -19.885  -7.185  -25.095 0.4285714328
50902  -18.064  -6.013  -26.410 0.5714285970
50891  -18.428  -6.800  -25.902 0.5714285970
50892  -19.431  -6.596  -25.711 0.4285714328
50893  -20.303  -6.365  -25.432 0.2857142985
50903  -18.964  -5.999  -26.204 0.7142857313
50904  -19.849  -5.847  -25.955 0.7142857313
51889  -20.295  -5.207  -26.291 0.7142857313
51890  -20.962  -5.084  -26.110 0.4285714328
116804  -19.464  -5.331  -26.480 0.7142857313
52844  -21.033  -3.972  -27.140 0.5714285970
52832  -19.926  -4.734  -26.777 0.5714285970
52843  -20.315  -4.238  -27.072 0.5714285970
53709  -21.767  -3.583  -27.232 0.5714285970
54544  -21.706  -2.810  -27.458 0.5714285970
112858  -22.043  -1.986  -27.591 0.5714285970
107620  -19.758  -2.924  -27.448 0.7142857313
120544  -21.260  -2.178  -27.495 0.7142857313
55392  -22.920  -1.619  -27.712 0.5714285970
54543  -20.626  -2.722  -27.438 0.5714285970
54541  -18.063  -2.385  -27.685 0.5714285970
55390  -20.501  -1.830  -27.470 0.8571428657
109595  -22.181  -1.205  -27.630 0.7142857313
121317  -22.882  -0.934  -27.828 0.5714285970
55389  -19.624  -1.388  -27.593 0.7142857313
55388  -18.711  -1.766  -27.684 0.5714285970
56234  -22.287  -0.447  -27.672 0.7142857313
56232  -20.483  -1.002  -27.466 0.7142857313
56233  -21.384  -0.682  -27.466 0.7142857313
57153  -22.417  0.401  -27.830 0.5714285970
57154  -23.486  0.307  -28.509 0.5714285970
110269  -20.519  -0.110  -27.505 0.7142857313
111434  -21.348  0.763  -27.586 0.7142857313
57998  -21.971  1.330  -27.761 0.7142857313
57999  -22.908  1.049  -28.276 0.7142857313
57151  -20.373  0.724  -27.716 0.7142857313
58790  -22.472  1.887  -28.133 0.7142857313
57997  -20.920  1.469  -27.745 0.7142857313
57167  -19.614  0.144  -27.967 0.5714285970
59613  -22.995  2.238  -28.566 0.5714285970
59632  -23.616  2.211  -29.754 0.5714285970
111104  -20.500  2.148  -28.151 0.8571428657
58019  -19.981  1.403  -28.233 0.8571428657
59631  -22.770  3.353  -28.429 0.7142857313
59630  -21.688  3.668  -27.923 0.7142857313
58789  -21.548  2.133  -27.866 0.8571428657
59611  -21.065  2.913  -28.043 0.7142857313
60398  -21.593  4.928  -28.047 0.8571428657
103419  -22.951  4.340  -28.615 0.5714285970
104472  -20.547  3.715  -28.240 0.8571428657
61153  -21.024  5.363  -28.169 0.8571428657
61924  -21.546  6.112  -28.229 0.8571428657
61932  -20.959  6.899  -28.429 0.8571428657
60406  -21.057  4.535  -28.110 0.8571428657
100835  -19.947  6.855  -28.772 1.0000000000
61923  -20.440  6.132  -28.466 1.0000000000
103091  -20.772  8.196  -28.739 1.0000000000
64474  -19.717  9.344  -29.658 0.7142857313
62801  -20.437  7.569  -28.727 1.0000000000
63642  -20.494  8.915  -29.093 1.0000000000
112673  -21.276  11.254  -29.728 1.0000000000
66102  -20.326  11.598  -30.051 0.8571428657
66908  -21.070  13.078  -29.658 0.8571428657
66909  -21.930  12.724  -29.729 1.0000000000
69525  -22.134  15.353  -31.381 0.8571428657
68669  -21.800  14.816  -30.742 0.8571428657
68663  -21.686  14.119  -30.154 1.0000000000
110801  -22.502  16.656  -32.967 0.8571428657
70385  -22.460  16.178  -32.419 0.8571428657
71079  -22.318  17.548  -32.959 0.7142857313
119013  -21.584  16.894  -31.867 0.5714285970
71759  -22.260  18.393  -33.295 0.7142857313
71767  -22.502  18.503  -34.119 0.5714285970
71745  -21.078  18.569  -32.327 0.5714285970
71078  -21.511  17.659  -32.187 0.5714285970
72368  -20.741  19.384  -32.598 0.4285714328
73052  -21.192  20.506  -33.564 0.4285714328
73063  -21.733  20.909  -34.380 0.4285714328
73044  -19.513  20.478  -32.835 0.2857142985
73050  -19.171  21.055  -32.950 0.2857142985
73051  -20.191  20.864  -33.254 0.2857142985
73737  -18.949  21.716  -33.019 0.2857142985
101316  -21.109  -3.378  -27.346 0.5714285970
59612  -22.197  2.770  -27.957 0.7142857313
60407  -22.125  4.406  -28.025 0.8571428657
61154  -22.193  5.238  -28.145 0.8571428657
61933  -22.171  6.770  -28.360 0.8571428657
64457  -20.572  9.910  -29.292 0.8571428657
73726  -18.577  22.099  -32.061 0.1428571492
48246  -17.390  -9.809  -23.934 0.2857142985
48264  -17.668  -9.216  -24.362 0.2857142985
48265  -18.419  -9.098  -24.220 0.2857142985
49116  -19.168  -8.992  -24.028 0.4285714328
49141  -20.242  -8.189  -24.069 0.4285714328
111981  -17.980  -8.620  -24.699 0.2857142985
106948  -19.095  -7.224  -25.495 0.4285714328
108102  -19.856  -7.819  -24.600 0.4285714328
50033  -18.485  -7.495  -25.467 0.5714285970
51870  -20.668  -5.645  -25.766 0.4285714328
51888  -18.553  -5.332  -26.752 0.2857142985
103703  -20.838  -4.583  -26.647 0.4285714328
52842  -19.401  -4.190  -27.233 0.5714285970
53711  -22.987  -2.976  -27.197 0.4285714328
53707  -19.206  -3.373  -27.444 0.7142857313
54545  -22.584  -2.477  -27.487 0.4285714328
55391  -21.321  -1.479  -27.486 0.7142857313
105368  -19.692  -2.213  -27.492 0.5714285970
55404  -18.937  -1.034  -27.856 0.5714285970
105886  -23.161  -0.351  -28.068 0.5714285970
114289  -20.923  0.390  -27.501 0.7142857313
57152  -21.487  0.079  -27.513 0.7142857313
113539  -19.994  4.493  -28.502 1.0000000000
62802  -21.594  7.689  -28.504 1.0000000000
61931  -19.455  6.009  -29.027 1.0000000000
63641  -19.596  8.465  -29.561 0.8571428657
65269  -19.746  10.217  -29.781 0.7142857313
65255  -21.466  10.443  -29.367 1.0000000000
65254  -20.549  10.728  -29.696 0.7142857313
66089  -21.205  12.165  -29.762 0.8571428657
67792  -22.218  13.512  -30.090 1.0000000000
70384  -22.171  16.855  -32.383 0.7142857313
72378  -21.473  19.730  -33.193 0.7142857313
116318  -21.879  18.239  -32.691 0.7142857313
72379  -22.182  19.201  -33.584 0.7142857313
71744  -19.873  18.886  -32.291 0.4285714328
72390  -22.386  19.416  -34.409 0.4285714328
73738  -19.830  21.623  -33.537 0.2857142985
73062  -20.823  21.228  -33.904 0.4285714328
110454  -18.455  -4.551  -27.219 0.4285714328
101665  -18.381  -3.727  -27.475 0.4285714328
47381  -17.052  -10.363  -23.390 0.2857142985
47370  -17.489  -10.711  -22.661 0.2857142985
47372  -19.486  -10.412  -22.314 0.4285714328
48228  -19.120  -10.012  -23.019 0.4285714328
49148  -18.243  -8.040  -25.121 0.2857142985
114339  -19.170  -4.845  -26.918 0.5714285970
53708  -20.238  -3.590  -27.343 0.5714285970
53710  -22.341  -3.144  -27.310 0.4285714328
54542  -18.971  -2.625  -27.546 0.7142857313
118542  -18.430  -3.037  -27.572 0.7142857313
56231  -19.610  -0.610  -27.708 0.7142857313
114606  -19.639  0.756  -28.336 0.8571428657
103269  -20.115  8.149  -29.035 1.0000000000
71758  -21.717  18.960  -32.857 0.5714285970
72389  -22.018  20.039  -33.928 0.4285714328
73043  -18.720  20.438  -32.581 0.2857142985
72377  -20.451  20.145  -32.952 0.2857142985
73732  -18.649  21.823  -32.514 0.1428571492
75177  -20.503  23.661  -36.658 0.2857142985
75176  -20.006  24.184  -35.980 0.1428571492
74478  -21.444  22.215  -35.575 0.2857142985
103857  -20.825  23.111  -37.255 0.2857142985
75902  -19.405  24.770  -36.239 0.1428571492
74464  -20.398  22.553  -34.547 0.1428571492
74465  -21.139  22.166  -34.812 0.2857142985
75159  -20.154  23.238  -34.850 0.1428571492
74493  -21.459  21.739  -37.304 0.2857142985
74484  -21.110  22.905  -36.299 0.2857142985
103018  -21.498  16.771  -37.121 0.2857142985
72405  -22.003  19.089  -36.841 0.2857142985
75896  -19.369  24.530  -35.368 0.1428571492
73744  -21.732  21.624  -34.988 0.2857142985
71108  -22.401  17.347  -35.224 0.2857142985
73773  -21.804  21.123  -36.859 0.2857142985
69567  -22.244  15.446  -35.338 0.1428571492
103645  -22.327  18.141  -35.617 0.2857142985
72406  -22.223  19.822  -36.202 0.2857142985
75169  -19.831  23.887  -35.145 0.1428571492
117272  -22.316  20.287  -35.463 0.2857142985
73760  -21.900  21.493  -35.824 0.2857142985
66959  -22.043  12.793  -35.810 0.1428571492
67860  -22.099  13.752  -35.554 0.1428571492
70414  -22.309  16.439  -35.339 0.4285714328
71775  -22.522  18.795  -35.014 0.2857142985
67844  -23.029  13.715  -33.207 0.2857142985
69556  -22.640  15.398  -33.694 0.4285714328
71099  -22.543  17.625  -34.322 0.2857142985
66949  -23.399  12.173  -32.969 0.1428571492
118457  -22.722  14.015  -33.919 0.2857142985
103544  -22.497  16.840  -34.519 0.4285714328
103640  -22.808  15.165  -32.871 0.5714285970
102972  -22.569  16.274  -33.609 0.7142857313
66120  -23.635  11.581  -32.308 0.1428571492
66944  -23.568  12.431  -32.148 0.1428571492
100665  -22.657  15.869  -32.882 0.7142857313
71090  -22.482  17.841  -33.659 0.4285714328
67839  -23.328  13.757  -32.206 0.4285714328
65271  -23.973  9.908  -31.074 0.2857142985
66103  -23.583  11.558  -30.855 0.7142857313
69542  -22.717  15.323  -32.077 0.7142857313
67806  -23.234  12.845  -30.828 0.8571428657
68688  -23.052  14.341  -31.743 0.5714285970
64476  -24.002  9.044  -30.845 0.2857142985
67823  -23.255  13.505  -31.402 0.7142857313
69513  -20.950  15.250  -30.814 0.5714285970
67822  -22.893  14.071  -31.111 0.8571428657
66092  -23.091  11.259  -30.288 0.7142857313
63660  -23.895  7.709  -31.234 0.1428571492
61189  -18.707  5.430  -30.713 0.5714285970
62800  -19.529  7.560  -29.315 0.8571428657
61950  -18.942  7.057  -30.177 0.4285714328
114342  -22.177  9.167  -28.691 0.8571428657
66091  -22.448  11.322  -29.942 0.8571428657
63645  -23.543  8.244  -29.469 0.2857142985
65256  -22.622  10.607  -29.792 0.8571428657
67805  -22.835  13.517  -30.650 0.8571428657
62815  -23.826  7.169  -30.493 0.4285714328
108359  -23.481  9.139  -29.679 0.7142857313
65257  -23.268  10.437  -30.131 0.7142857313
61194  -18.143  5.244  -31.335 0.2857142985
61930  -18.970  6.213  -30.078 0.5714285970
63643  -21.473  8.657  -28.607 0.8571428657
64458  -21.391  9.580  -28.892 0.8571428657
104022  -22.277  9.944  -29.156 0.8571428657
119912  -22.111  10.512  -29.484 0.8571428657
64459  -22.983  9.158  -29.022 0.8571428657
64460  -23.100  9.872  -29.604 0.8571428657
62804  -23.610  6.976  -29.441 0.4285714328
104244  -18.623  0.882  -29.639 0.7142857313
58817  -18.594  1.929  -30.433 0.4285714328
58018  -19.197  1.124  -29.050 0.7142857313
121228  -19.433  2.488  -28.895 0.8571428657
115070  -18.850  2.586  -30.038 0.5714285970
107068  -18.599  3.728  -30.859 0.5714285970
59661  -18.264  3.479  -31.945 0.4285714328
110795  -19.722  3.655  -28.635 0.8571428657
120908  -20.517  4.956  -28.308 0.8571428657
61170  -19.297  5.017  -29.038 0.7142857313
61169  -19.000  5.480  -29.761 0.5714285970
63644  -22.718  8.205  -28.681 0.7142857313
61935  -23.730  5.536  -30.274 0.2857142985
61934  -23.260  6.353  -28.880 0.4285714328
57176  -18.733  0.285  -29.219 0.4285714328
58031  -18.309  1.320  -30.292 0.4285714328
58805  -19.661  1.998  -28.705 0.7142857313
59629  -19.931  2.867  -28.456 0.7142857313
61155  -23.087  5.070  -28.724 0.7142857313
61171  -23.546  5.307  -29.339 0.2857142985
61925  -22.701  5.879  -28.490 0.5714285970
55403  -18.245  -1.166  -28.119 0.4285714328
56249  -18.090  -0.895  -28.743 0.5714285970
120649  -19.212  0.336  -28.726 0.5714285970
60408  -23.569  3.293  -29.721 0.4285714328
61156  -23.598  4.241  -29.931 0.4285714328
61172  -23.716  4.487  -31.008 0.4285714328
56235  -23.497  -0.897  -27.910 0.4285714328
58806  -24.137  1.231  -30.856 0.4285714328
103747  -24.013  2.283  -30.961 0.4285714328
50872  -20.790  -6.791  -24.778 0.1428571492
58000  -23.766  0.831  -29.163 0.4285714328
58020  -24.343  0.776  -30.209 0.4285714328
50894  -21.149  -6.024  -25.165 0.1428571492
51871  -21.433  -5.329  -25.649 0.1428571492
53693  -22.501  -3.688  -26.867 0.2857142985
55394  -24.193  -1.418  -27.483 0.2857142985
56237  -24.838  -0.039  -27.894 0.2857142985
114284  -24.299  -0.341  -28.189 0.2857142985
54546  -23.322  -2.232  -27.453 0.4285714328
57155  -24.442  0.261  -28.829 0.2857142985
104596  -23.928  -0.222  -28.463 0.2857142985
57169  -24.735  0.626  -29.879 0.2857142985
57168  -24.197  0.459  -29.284 0.4285714328
50873  -21.645  -6.432  -24.435 0.1428571492
52809  -22.151  -4.897  -25.674 0.2857142985
53695  -24.020  -3.071  -26.231 0.2857142985
54525  -24.304  -2.420  -26.541 0.2857142985
54547  -23.994  -2.025  -27.230 0.2857142985
51848  -22.093  -5.575  -24.897 0.1428571492
52810  -24.106  -4.107  -25.089 0.2857142985
51849  -23.096  -5.475  -24.378 0.2857142985
106717  -23.334  -4.343  -25.474 0.2857142985
116720  -22.719  -4.505  -25.779 0.2857142985
53669  -23.695  -3.717  -25.859 0.2857142985
49995  -20.997  -7.961  -23.784 0.1428571492
50016  -21.305  -7.214  -24.081 0.1428571492
113556  -18.458  -11.686  -21.531 0.2857142985
119408  -17.888  -11.757  -21.612 0.2857142985
46494  -17.302  -11.829  -21.720 0.2857142985
49118  -20.678  -8.669  -23.528 0.2857142985
46496  -19.329  -11.596  -21.354 0.1428571492
45592  -17.922  -12.398  -21.345 0.2857142985
45591  -16.894  -12.673  -21.452 0.1428571492
51872  -22.822  -4.904  -25.124 0.2857142985
55369  -24.644  -1.689  -26.756 0.2857142985
54524  -23.666  -2.692  -26.918 0.2857142985
56207  -24.669  -0.891  -27.456 0.2857142985
118662  -25.116  0.796  -29.977 0.2857142985
60427  -18.847  4.538  -30.050 0.5714285970
67790  -21.002  13.872  -29.950 0.7142857313
62803  -22.788  7.271  -28.622 0.7142857313
66090  -21.945  11.759  -29.732 0.8571428657
70373  -22.111  16.163  -31.808 0.4285714328
68687  -22.547  14.680  -31.286 0.7142857313
61951  -23.764  5.718  -31.148 0.2857142985
66910  -22.557  12.021  -30.050 0.8571428657
72397  -22.435  19.602  -35.276 0.2857142985
67845  -23.337  13.002  -32.673 0.4285714328
75886  -19.314  24.164  -34.593 0.1428571492
68726  -22.357  14.583  -35.034 0.1428571492
46511  -18.831  -10.937  -21.919 0.1428571492
113680  -16.744  -10.807  -22.877 0.2857142985
49117  -19.904  -8.804  -23.740 0.2857142985
50874  -22.545  -6.201  -24.089 0.1428571492
50875  -23.447  -6.099  -23.680 0.1428571492
53692  -21.683  -4.166  -26.788 0.2857142985
53694  -23.320  -3.375  -26.589 0.2857142985
55350  -24.844  -2.219  -26.127 0.2857142985
57175  -18.216  0.434  -29.663 0.2857142985
58001  -25.037  0.635  -28.706 0.2857142985
118490  -25.298  1.162  -30.122 0.2857142985
58032  -18.736  1.435  -29.787 0.7142857313
109543  -18.264  2.704  -32.201 0.4285714328
58021  -24.928  0.887  -30.776 0.4285714328
60441  -18.387  4.463  -31.198 0.5714285970
120698  -23.216  1.507  -28.643 0.4285714328
104699  -18.866  3.445  -30.010 0.7142857313
61949  -18.494  6.391  -31.069 0.2857142985
59633  -24.700  1.630  -31.204 0.1428571492
60409  -23.925  3.313  -31.080 0.4285714328
60430  -24.004  3.416  -31.550 0.1428571492
60429  -23.793  3.879  -31.389 0.1428571492
62816  -23.792  5.905  -31.701 0.2857142985
73743  -20.580  21.899  -34.221 0.2857142985
64489  -23.977  8.925  -31.495 0.1428571492
116368  -23.501  12.253  -30.983 0.5714285970
65282  -23.822  10.915  -31.496 0.1428571492
66123  -23.460  11.295  -33.211 0.1428571492
75158  -19.587  23.563  -34.507 0.1428571492
116273  -23.495  13.109  -31.962 0.5714285970
65286  -23.688  10.634  -32.538 0.1428571492
69564  -22.487  15.207  -34.554 0.2857142985
67852  -22.723  13.311  -34.128 0.2857142985
66953  -22.752  12.463  -34.432 0.1428571492
67861  -22.433  13.056  -34.998 0.1428571492
70413  -21.977  16.565  -36.167 0.2857142985
70417  -21.620  15.977  -36.651 0.2857142985
69566  -21.775  15.318  -36.210 0.1428571492
68728  -21.515  14.629  -36.590 0.1428571492
47353  -20.460  -10.385  -22.057 0.1428571492
49996  -21.907  -7.791  -23.519 0.1428571492
115287  -23.866  4.755  -31.645 0.2857142985
120210  -21.668  13.329  -36.347 0.1428571492
70422  -21.101  16.011  -37.542 0.2857142985
103119  -16.975  -11.259  -22.247 0.2857142985
47352  -19.807  -10.946  -21.657 0.1428571492
48229  -20.823  -9.802  -22.686 0.1428571492
48249  -20.354  -9.323  -23.227 0.1428571492
52833  -21.560  -4.724  -26.208 0.2857142985
56250  -18.816  -0.437  -28.541 0.4285714328
117151  -19.327  6.758  -29.416 0.8571428657
61152  -20.066  5.352  -28.518 0.8571428657
102674  -22.541  17.060  -33.712 0.5714285970
108370  -22.505  18.090  -34.833 0.2857142985
73075  -22.169  20.940  -35.198 0.2857142985
110644  -20.504  -7.520  -24.394 0.1428571492
108260  -22.003  10.978  -29.679 0.8571428657
66922  -22.684  12.811  -30.246 0.8571428657
117873  -21.256  21.585  -34.462 0.2857142985
73064  -22.277  20.236  -34.741 0.2857142985
59651  -19.247  3.028  -29.169 0.8571428657
75903  -19.909  24.329  -36.960 0.1428571492
75170  -20.480  23.500  -35.676 0.2857142985
74477  -20.864  22.815  -35.263 0.2857142985
74492  -21.189  22.430  -37.263 0.2857142985
74485  -21.569  22.039  -36.506 0.2857142985
70418  -22.036  17.382  -36.232 0.2857142985
102760  -21.894  19.751  -37.038 0.2857142985
71783  -22.342  18.955  -35.931 0.2857142985
121182  -22.227  16.929  -35.730 0.2857142985
105203  -22.167  20.706  -36.035 0.2857142985
73086  -21.966  20.335  -36.757 0.2857142985
70406  -22.481  16.022  -34.448 0.2857142985
68725  -21.953  14.624  -35.816 0.1428571492
106921  -22.494  13.882  -34.650 0.1428571492
67867  -21.719  14.039  -36.238 0.1428571492
120165  -21.993  15.946  -35.934 0.1428571492
66948  -23.054  12.761  -33.550 0.1428571492
66954  -23.123  11.892  -33.833 0.1428571492
68722  -22.598  14.607  -34.214 0.2857142985
68718  -22.813  14.577  -33.396 0.4285714328
67838  -23.049  14.523  -32.547 0.5714285970
66114  -23.664  11.926  -31.510 0.4285714328
66938  -23.508  12.697  -31.453 0.5714285970
65270  -23.645  10.656  -30.690 0.5714285970
66923  -23.162  12.144  -30.512 0.7142857313
64475  -23.655  9.687  -30.330 0.5714285970
63659  -23.846  8.561  -30.284 0.4285714328
62814  -18.922  7.942  -30.125 0.4285714328
58818  -19.111  2.041  -29.464 0.7142857313
59650  -18.468  2.755  -31.061 0.4285714328
59669  -17.640  3.357  -32.984 0.2857142985
60428  -19.226  4.057  -29.129 0.7142857313
56255  -18.222  -0.339  -29.166 0.5714285970
56236  -24.038  -0.906  -27.965 0.2857142985
58791  -23.733  1.353  -29.697 0.4285714328
52834  -22.279  -4.343  -26.289 0.2857142985
52835  -23.000  -4.035  -26.215 0.2857142985
55393  -23.656  -1.492  -27.645 0.2857142985
50017  -22.136  -6.945  -23.795 0.1428571492
45593  -18.916  -12.389  -21.136 0.1428571492
47373  -21.249  -10.156  -22.167 0.1428571492
74463  -19.594  22.882  -34.134 0.1428571492
68668  -20.329  14.216  -30.335 0.5714285970
112165  -19.715  12.202  -30.404 0.4285714328
66920  -19.626  12.985  -30.458 0.4285714328
67804  -20.340  13.446  -30.113 0.5714285970
113693  -19.744  10.928  -30.033 0.4285714328
66101  -19.114  11.527  -30.480 0.4285714328
66921  -20.413  12.563  -30.070 0.5714285970
57131  -25.625  0.361  -27.271 0.1428571492
50890  -17.404  -6.525  -26.090 0.2857142985
57133  -27.392  0.745  -26.378 0.1428571492
56209  -26.548  0.100  -26.247 0.1428571492
57132  -26.458  0.754  -26.814 0.1428571492
57985  -28.270  1.266  -26.687 0.1428571492
120799  -25.896  -1.361  -25.724 0.1428571492
56194  -26.185  -0.764  -25.960 0.1428571492
55370  -25.358  -1.146  -26.452 0.1428571492
56211  -28.760  -0.011  -26.097 0.1428571492
57158  -30.740  0.624  -27.969 0.1428571492
57135  -29.078  0.648  -26.587 0.1428571492
107349  -30.223  1.417  -27.680 0.1428571492
50032  -17.524  -7.484  -25.604 0.2857142985
105466  -16.633  -6.834  -25.804 0.2857142985
53671  -25.200  -3.113  -25.148 0.1428571492
54503  -25.334  -2.420  -25.507 0.1428571492
54502  -24.686  -2.788  -25.857 0.1428571492
55351  -25.324  -1.780  -25.955 0.1428571492
55353  -27.839  -1.181  -24.995 0.1428571492
55352  -26.741  -1.321  -25.165 0.1428571492
56196  -28.319  -0.616  -25.561 0.1428571492
56238  -30.352  0.031  -27.722 0.1428571492
57157  -29.867  0.690  -27.347 0.1428571492
49147  -16.898  -8.129  -25.246 0.2857142985
49137  -16.433  -8.716  -24.892 0.2857142985
53659  -25.773  -3.499  -24.436 0.1428571492
53672  -26.066  -2.636  -24.700 0.1428571492
54504  -25.982  -1.892  -25.238 0.1428571492
54506  -28.701  -1.436  -25.382 0.1428571492
56212  -29.540  -0.000  -26.790 0.1428571492
56197  -29.166  -0.682  -26.139 0.1428571492
109854  -30.928  1.162  -28.030 0.1428571492
51873  -23.663  -4.783  -24.687 0.1428571492
52811  -24.935  -3.830  -24.766 0.1428571492
52795  -24.643  -4.643  -24.308 0.1428571492
53660  -26.683  -3.218  -24.038 0.1428571492
52797  -26.331  -3.906  -23.778 0.1428571492
54496  -27.957  -2.378  -24.352 0.1428571492
55346  -28.164  -1.782  -24.700 0.1428571492
53673  -27.102  -2.490  -24.266 0.1428571492
55354  -29.474  -1.389  -26.417 0.1428571492
56239  -31.044  -0.163  -28.322 0.1428571492
119684  -24.740  -5.119  -23.812 0.1428571492
52789  -27.632  -4.473  -23.371 0.1428571492
52788  -26.778  -4.405  -23.341 0.1428571492
51851  -25.366  -4.898  -23.600 0.1428571492
52796  -25.530  -4.239  -24.119 0.1428571492
118834  -29.098  -2.843  -25.402 0.1428571492
53663  -28.830  -3.254  -24.806 0.1428571492
54507  -29.223  -2.152  -25.790 0.1428571492
54497  -28.634  -2.348  -24.841 0.1428571492
55371  -29.979  -0.689  -27.327 0.1428571492
51842  -28.065  -5.238  -23.279 0.1428571492
51840  -26.232  -4.930  -23.152 0.1428571492
52799  -28.774  -4.534  -24.218 0.1428571492
52790  -28.370  -4.538  -23.679 0.1428571492
52812  -29.207  -3.548  -25.588 0.1428571492
52800  -28.984  -4.068  -24.836 0.1428571492
105823  -30.028  -1.420  -27.527 0.1428571492
103624  -29.432  -2.885  -26.354 0.1428571492
53654  -27.960  -3.907  -23.623 0.1428571492
53661  -27.753  -3.166  -23.918 0.1428571492
54505  -27.475  -1.813  -24.582 0.1428571492
57159  -31.027  0.458  -28.168 0.1428571492
106419  -31.413  1.023  -27.736 0.1428571492
56210  -27.762  0.094  -25.861 0.1428571492
57156  -25.770  1.034  -27.567 0.1428571492
49138  -17.228  -8.725  -24.830 0.2857142985
112221  -30.706  -0.504  -28.228 0.1428571492
64473  -18.970  9.712  -30.253 0.4285714328
57986  -29.303  1.314  -27.103 0.1428571492
109228  -20.400  14.787  -30.671 0.4285714328
69573  -20.642  15.392  -37.914 0.1428571492
68662  -21.028  14.559  -30.332 0.4285714328
121107  -17.566  -8.203  -25.122 0.2857142985
71123  -20.970  17.281  -38.033 0.1428571492
53670  -24.440  -3.434  -25.506 0.1428571492
51850  -24.119  -5.411  -23.949 0.1428571492
58022  -25.125  1.390  -30.864 0.1428571492
56208  -25.500  -0.392  -26.850 0.1428571492
57134  -28.288  0.562  -26.238 0.1428571492
57984  -26.909  1.402  -27.008 0.1428571492
113339  -27.783  1.870  -27.135 0.1428571492
56195  -27.210  -0.569  -25.538 0.1428571492
118441  -26.675  -1.969  -24.663 0.1428571492
52798  -27.227  -3.803  -23.569 0.1428571492
51852  -26.033  -4.454  -23.555 0.1428571492
111639  -28.357  -2.966  -24.363 0.1428571492
53662  -28.524  -3.752  -24.118 0.1428571492
117858  -15.444  -12.987  -21.552 0.1428571492
46510  -16.324  -11.906  -21.929 0.1428571492
46508  -14.696  -11.866  -22.140 0.1428571492
47369  -16.147  -11.206  -22.672 0.1428571492
48244  -15.529  -10.029  -24.137 0.1428571492
48262  -15.970  -9.409  -24.592 0.1428571492
48245  -16.472  -10.012  -24.112 0.1428571492
48263  -16.859  -9.356  -24.513 0.1428571492
48243  -14.648  -9.752  -23.750 0.1428571492
49115  -15.093  -9.204  -24.318 0.1428571492
50013  -15.226  -7.514  -24.811 0.1428571492
50030  -15.785  -6.945  -25.413 0.1428571492
109375  -16.012  -6.291  -25.783 0.2857142985
50889  -16.566  -6.060  -26.112 0.1428571492
51899  -17.917  -4.981  -27.085 0.2857142985
54540  -17.180  -2.292  -27.780 0.4285714328
63658  -18.974  8.822  -30.222 0.2857142985
66936  -17.908  12.826  -31.603 0.2857142985
67821  -18.834  13.360  -31.068 0.2857142985
67803  -19.587  13.832  -30.603 0.2857142985
50031  -16.580  -7.488  -25.493 0.1428571492
51869  -15.778  -5.565  -26.010 0.1428571492
50900  -16.371  -5.265  -26.487 0.2857142985
51887  -17.780  -5.437  -26.771 0.1428571492
47368  -15.361  -11.034  -23.033 0.1428571492
49135  -14.617  -8.148  -24.269 0.1428571492
50888  -15.310  -5.959  -25.549 0.1428571492
51886  -15.531  -4.685  -26.314 0.2857142985
50901  -17.215  -5.743  -26.499 0.2857142985
52831  -16.166  -4.452  -26.837 0.2857142985
51898  -17.111  -4.917  -26.951 0.2857142985
116093  -17.644  -4.384  -27.291 0.2857142985
53706  -17.692  -2.991  -27.635 0.4285714328
54554  -16.773  -2.020  -27.827 0.2857142985
63657  -18.343  8.330  -30.828 0.2857142985
113578  -18.270  9.210  -30.883 0.2857142985
65268  -18.946  10.598  -30.277 0.2857142985
66113  -18.146  11.860  -31.324 0.2857142985
104590  -17.578  11.303  -31.741 0.2857142985
66937  -18.900  12.454  -30.864 0.2857142985
52840  -16.758  -3.909  -27.286 0.2857142985
62813  -18.445  7.450  -30.850 0.2857142985
63673  -17.861  7.905  -31.323 0.2857142985
64487  -17.592  9.647  -31.689 0.2857142985
65281  -17.564  10.555  -31.716 0.2857142985
64472  -18.262  10.102  -30.965 0.2857142985
112422  -17.698  8.748  -31.515 0.2857142985
120963  -18.013  -4.117  -27.428 0.4285714328
47380  -16.054  -10.604  -23.466 0.1428571492
65267  -18.287  10.983  -31.077 0.2857142985
50014  -16.093  -7.903  -25.109 0.1428571492
45599  -15.447  -12.303  -21.867 0.1428571492
49136  -15.572  -8.523  -24.707 0.1428571492
52841  -17.545  -3.686  -27.490 0.4285714328
64486  -16.845  10.289  -32.346 0.2857142985
56248  -17.483  -0.863  -28.821 0.2857142985
55402  -17.551  -1.348  -28.314 0.2857142985
112855  -19.367  21.096  -40.342 0.1428571492
73111  -19.390  20.428  -40.448 0.1428571492
72425  -20.897  19.639  -38.622 0.1428571492
72416  -21.513  19.295  -37.703 0.1428571492
102545  -21.139  17.952  -38.033 0.1428571492
73110  -18.990  20.906  -41.070 0.1428571492
73781  -21.087  21.863  -38.026 0.1428571492
75188  -19.670  23.941  -38.823 0.1428571492
56254  -17.768  -0.196  -29.330 0.2857142985
72424  -19.968  19.136  -39.652 0.1428571492
71115  -21.576  17.678  -37.232 0.1428571492
71801  -20.770  18.642  -38.564 0.1428571492
71782  -21.999  18.281  -36.552 0.1428571492
73782  -21.370  21.135  -37.859 0.1428571492
71792  -21.552  18.478  -37.482 0.1428571492
73790  -20.477  21.815  -38.879 0.1428571492
74498  -20.607  22.668  -38.225 0.1428571492
75182  -20.236  23.678  -37.855 0.1428571492
73095  -21.561  20.253  -37.656 0.1428571492
54556  -17.744  -1.753  -27.872 0.2857142985
108374  -20.143  20.040  -39.561 0.1428571492
73797  -18.972  21.591  -40.823 0.1428571492
73103  -20.929  20.543  -38.619 0.1428571492
73102  -20.192  20.974  -39.447 0.1428571492
74512  -18.837  22.379  -41.289 0.1428571492
73791  -20.880  21.263  -38.555 0.1428571492
63672  -17.195  8.335  -31.752 0.1428571492
65285  -16.016  11.294  -32.907 0.1428571492
66119  -16.396  11.562  -32.760 0.1428571492
62835  -18.037  7.157  -31.291 0.1428571492
65280  -16.955  11.116  -32.400 0.1428571492
66943  -16.187  12.391  -32.784 0.1428571492
121396  -16.702  12.783  -32.510 0.1428571492
67836  -16.782  13.750  -32.307 0.2857142985
100954  -18.248  1.993  -31.450 0.2857142985
58826  -17.874  1.931  -31.660 0.1428571492
100354  -17.513  5.050  -31.585 0.1428571492
100452  -17.900  5.873  -31.444 0.1428571492
66112  -17.146  12.030  -32.291 0.1428571492
67820  -18.012  13.829  -31.616 0.1428571492
67837  -17.264  13.387  -32.063 0.1428571492
67819  -17.314  14.260  -32.002 0.2857142985
68686  -18.862  15.259  -31.633 0.2857142985
71061  -19.507  17.522  -31.856 0.2857142985
71060  -18.207  17.814  -32.149 0.2857142985
71076  -19.033  18.324  -32.164 0.2857142985
73742  -19.924  22.245  -33.990 0.1428571492
73042  -18.289  20.394  -32.210 0.1428571492
68667  -19.717  14.557  -31.009 0.2857142985
68685  -17.975  14.758  -31.811 0.2857142985
69512  -19.970  15.286  -31.160 0.2857142985
70372  -21.075  16.463  -31.469 0.2857142985
106450  -19.413  16.069  -31.558 0.2857142985
70370  -18.839  16.937  -31.882 0.2857142985
71062  -20.671  17.231  -31.707 0.2857142985
71077  -20.290  18.064  -31.970 0.2857142985
72367  -19.367  19.760  -32.580 0.1428571492
71075  -18.125  18.514  -32.229 0.2857142985
74455  -18.880  22.426  -33.009 0.1428571492
70369  -17.738  17.090  -32.067 0.1428571492
121451  -17.419  16.453  -32.041 0.1428571492
71743  -18.605  19.053  -32.339 0.1428571492
72366  -18.293  19.713  -32.289 0.1428571492
67834  -15.425  13.367  -32.293 0.2857142985
71732  -17.500  18.423  -31.923 0.1428571492
71742  -17.806  18.972  -32.156 0.1428571492
67800  -14.600  13.343  -31.463 0.1428571492
61967  -16.773  6.654  -31.556 0.1428571492
62834  -17.263  7.432  -31.566 0.1428571492
63671  -16.454  8.703  -32.052 0.1428571492
102248  -16.222  9.617  -32.385 0.1428571492
121588  -16.523  9.951  -32.419 0.1428571492
65279  -15.629  11.011  -32.785 0.1428571492
66942  -15.657  12.409  -32.744 0.1428571492
120991  -17.205  12.760  -32.161 0.1428571492
67835  -16.140  13.278  -32.575 0.2857142985
117226  -17.700  15.686  -32.015 0.1428571492
69522  -18.272  16.285  -31.949 0.1428571492
71074  -17.673  18.336  -32.136 0.2857142985
61952  -23.838  5.020  -32.114 0.1428571492
73049  -18.577  21.099  -32.580 0.1428571492
100148  -17.698  4.323  -32.235 0.1428571492
100421  -17.313  4.091  -33.391 0.1428571492
69524  -21.426  15.746  -31.280 0.2857142985
61173  -23.849  4.010  -31.664 0.1428571492
67802  -18.851  14.252  -31.299 0.1428571492
101445  -16.969  9.285  -32.182 0.1428571492
104211  -16.661  7.985  -31.718 0.1428571492
64493  -16.379  11.001  -32.699 0.1428571492
111056  -16.414  12.077  -32.745 0.1428571492
61968  -17.680  6.589  -31.465 0.1428571492
111380  -17.226  5.906  -31.529 0.1428571492
111382  -18.356  21.207  -32.118 0.1428571492
69523  -20.450  15.910  -31.256 0.2857142985
70371  -20.002  16.702  -31.520 0.2857142985
74462  -19.130  22.872  -33.519 0.1428571492
68684  -17.203  15.095  -32.077 0.1428571492
72365  -17.949  19.657  -32.020 0.1428571492
52808  -14.848  -4.330  -25.989 0.1428571492
118830  -15.624  -4.167  -26.661 0.1428571492
53668  -14.213  -3.446  -25.838 0.1428571492
53690  -14.569  -3.030  -26.380 0.1428571492
54523  -15.021  -2.678  -26.931 0.1428571492
53691  -15.091  -3.291  -26.726 0.1428571492
54538  -15.056  -2.146  -27.081 0.1428571492
53703  -15.486  -2.937  -27.165 0.1428571492
102549  -15.588  -1.954  -27.433 0.1428571492
102695  -15.679  -2.379  -27.382 0.1428571492
53705  -16.815  -3.003  -27.594 0.1428571492
55387  -16.190  -1.903  -27.728 0.1428571492
54539  -16.411  -2.361  -27.661 0.1428571492
55368  -14.447  -1.717  -26.718 0.1428571492
110357  -15.736  -1.505  -27.655 0.1428571492
56247  -16.703  -0.969  -28.437 0.1428571492
57174  -17.580  0.347  -29.657 0.1428571492
57179  -17.958  0.917  -30.155 0.1428571492
68708  -16.400  14.288  -32.235 0.1428571492
104345  -15.786  -3.594  -27.059 0.1428571492
51867  -14.340  -4.620  -25.451 0.1428571492
118953  -14.413  -4.005  -25.767 0.1428571492
71059  -17.459  17.785  -32.033 0.1428571492
54555  -17.158  -1.759  -27.972 0.1428571492
52830  -15.217  -3.940  -26.478 0.1428571492
118809  -16.322  -3.292  -27.391 0.1428571492
55401  -16.851  -1.502  -28.143 0.1428571492
52829  -14.714  -3.670  -26.195 0.1428571492
54501  -13.967  -2.748  -25.917 0.1428571492
53704  -16.048  -2.858  -27.442 0.1428571492
55386  -15.105  -1.627  -27.246 0.1428571492
45590  -16.085  -12.741  -21.587 0.1428571492
67791  -21.589  13.492  -29.830 1.0000000000
68670  -22.380  14.164  -30.597 1.0000000000
73806  -18.892  21.544  -41.516 0.1428571492
74505  -19.241  22.186  -40.294 0.1428571492
74506  -19.928  22.422  -39.356 0.1428571492
114487  -22.542  16.552  -34.070 0.4285714328
121643  -21.600  15.290  -31.065 0.5714285970
