#!ascii label  , from subject sub-v1s20x0050305_ses-1 vox2ras=TkReg
957
43863  -4.594  -22.536  55.932 0.0000000000
49514  -28.201  -17.460  43.802 0.0000000000
56485  -23.978  -10.582  41.343 0.0000000000
112505  -23.087  -18.176  49.031 0.0000000000
61975  -31.772  -4.809  27.601 0.0000000000
112928  -26.575  -6.737  32.681 0.0000000000
50520  -30.111  -16.910  48.505 0.0000000000
111386  -26.038  -19.427  46.218 0.0000000000
127002  -38.448  -2.359  29.370 0.0000000000
64797  -41.878  -1.050  25.934 0.0000000000
66723  -43.925  0.797  23.705 0.0000000000
60021  -27.998  -6.441  41.979 0.0000000000
130382  -24.102  -8.054  37.174 0.0000000000
60068  -30.793  -5.165  38.418 0.0000000000
60112  -33.344  -6.175  34.525 0.0000000000
120681  -15.845  -19.622  50.063 0.0000000000
42895  -3.081  -23.682  60.247 0.0000000000
52627  -25.966  -14.397  43.420 0.0000000000
57335  -27.965  -9.195  45.645 0.0000000000
47254  -18.581  -19.427  47.318 0.0000000000
47299  -21.402  -18.976  43.852 0.0000000000
65841  -42.321  -0.383  18.211 0.0000000000
118575  -46.624  2.314  21.908 0.0000000000
59244  -29.913  -5.976  30.040 0.0000000000
61047  -36.664  -5.419  32.334 0.0000000000
42114  -7.879  -23.606  51.746 0.0000000000
39393  -1.517  -28.113  60.675 0.0000000000
63823  -40.416  -1.572  28.184 0.0000000000
59133  -29.315  -6.276  40.108 0.0000000000
45074  -14.238  -20.884  49.260 0.0000000000
42910  -3.370  -22.925  57.849 0.0000000000
50598  -25.830  -16.788  41.647 0.0000000000
129548  -27.273  -15.423  43.757 0.0000000000
47256  -20.215  -18.958  47.936 0.0000000000
48462  -19.863  -18.782  45.420 0.0000000000
123895  -21.969  -18.149  46.689 0.0000000000
47306  -27.720  -18.630  45.280 0.0000000000
121874  -25.015  -19.298  43.939 0.0000000000
115768  -26.082  -18.976  42.834 0.0000000000
48402  -21.968  -18.579  51.008 0.0000000000
47223  -19.342  -19.281  49.758 0.0000000000
65812  -37.369  -0.269  22.889 0.0000000000
65834  -40.320  -0.491  19.751 0.0000000000
66732  -44.913  1.594  22.688 0.0000000000
113202  -25.027  -7.174  34.982 0.0000000000
59228  -29.163  -6.475  31.566 0.0000000000
60123  -35.419  -6.339  33.983 0.0000000000
123609  -11.776  -21.615  51.236 0.0000000000
42931  -10.803  -21.898  51.899 0.0000000000
43890  -9.106  -21.828  52.608 0.0000000000
42096  -10.057  -23.967  49.635 0.0000000000
39399  -2.718  -28.253  58.120 0.0000000000
49481  -29.488  -17.512  45.875 0.0000000000
51634  -29.507  -15.312  45.940 0.0000000000
52558  -30.230  -14.879  48.015 0.0000000000
47208  -24.853  -19.288  50.005 0.0000000000
47243  -24.128  -19.305  47.850 0.0000000000
111480  -26.888  -20.038  49.009 0.0000000000
120129  -28.178  -18.325  47.198 0.0000000000
62806  -35.266  -3.034  28.940 0.0000000000
63838  -36.614  -1.621  27.241 0.0000000000
64794  -38.607  -0.883  25.895 0.0000000000
65814  -40.282  0.390  24.000 0.0000000000
66728  -41.264  0.649  22.691 0.0000000000
65803  -42.991  -0.340  24.885 0.0000000000
58257  -25.683  -8.027  41.585 0.0000000000
57412  -22.922  -9.207  39.697 0.0000000000
110858  -25.745  -7.222  39.024 0.0000000000
58312  -26.295  -6.285  37.520 0.0000000000
59175  -27.865  -6.078  35.473 0.0000000000
121011  -30.082  -5.784  33.815 0.0000000000
60088  -32.170  -5.261  36.089 0.0000000000
46109  -14.481  -20.282  51.639 0.0000000000
134055  -12.906  -21.346  50.842 0.0000000000
68592  -46.176  2.763  17.662 0.0000000000
42889  -1.242  -23.086  61.296 0.0000000000
51666  -24.567  -15.305  41.821 0.0000000000
54475  -25.509  -12.823  42.385 0.0000000000
53525  -27.453  -13.295  45.472 0.0000000000
55403  -27.878  -11.460  43.998 0.0000000000
56465  -26.259  -9.619  43.394 0.0000000000
59083  -27.452  -7.399  43.483 0.0000000000
47286  -23.671  -19.256  45.280 0.0000000000
47190  -18.569  -18.812  51.730 0.0000000000
117817  -17.102  -19.672  48.676 0.0000000000
124886  -42.585  1.038  21.435 0.0000000000
66741  -43.573  1.553  20.288 0.0000000000
121662  -44.675  2.281  18.744 0.0000000000
68573  -47.631  2.518  20.743 0.0000000000
41203  -4.758  -25.044  52.874 0.0000000000
41178  -4.051  -25.175  55.828 0.0000000000
60158  -31.164  -5.834  29.593 0.0000000000
121754  -31.531  -6.329  32.301 0.0000000000
59247  -33.616  -7.110  30.924 0.0000000000
61076  -34.564  -5.112  29.784 0.0000000000
62787  -37.627  -3.899  30.523 0.0000000000
42947  -6.159  -23.067  53.106 0.0000000000
131375  -2.995  -26.088  58.003 0.0000000000
41164  -2.122  -26.124  60.060 0.0000000000
40264  -0.552  -26.191  62.299 0.0000000000
42914  -3.934  -22.941  56.333 0.0000000000
49526  -26.793  -17.224  43.006 0.0000000000
50599  -26.595  -16.526  42.835 0.0000000000
51651  -27.800  -16.109  43.580 0.0000000000
48426  -21.620  -18.306  48.611 0.0000000000
112819  -21.219  -18.228  46.917 0.0000000000
48427  -22.955  -18.245  48.111 0.0000000000
118841  -28.471  -17.904  44.416 0.0000000000
47318  -26.681  -18.657  44.379 0.0000000000
48499  -26.854  -17.955  43.352 0.0000000000
48498  -26.354  -18.458  42.808 0.0000000000
48404  -23.569  -18.667  50.427 0.0000000000
48392  -22.676  -18.675  51.487 0.0000000000
110855  -21.921  -18.459  50.229 0.0000000000
48415  -21.305  -18.639  49.429 0.0000000000
114660  -39.831  -0.146  20.498 0.0000000000
54489  -23.722  -12.352  40.965 0.0000000000
55462  -22.976  -11.141  40.237 0.0000000000
58357  -25.836  -6.858  33.533 0.0000000000
126954  -25.117  -8.186  32.381 0.0000000000
58366  -27.260  -6.768  31.998 0.0000000000
42973  -11.266  -21.931  50.491 0.0000000000
42950  -11.025  -21.912  51.342 0.0000000000
42098  -10.692  -22.175  50.678 0.0000000000
42078  -10.342  -23.117  49.692 0.0000000000
41188  -10.695  -23.391  48.952 0.0000000000
49482  -30.061  -17.459  46.820 0.0000000000
123906  -30.405  -15.855  47.156 0.0000000000
51589  -30.250  -15.608  48.634 0.0000000000
114142  -26.335  -19.575  50.969 0.0000000000
47227  -25.474  -19.600  49.685 0.0000000000
47210  -26.932  -19.973  50.344 0.0000000000
48419  -29.709  -17.962  49.251 0.0000000000
115019  -29.070  -18.582  48.213 0.0000000000
127266  -29.296  -18.009  47.630 0.0000000000
48454  -29.065  -17.730  46.193 0.0000000000
62808  -37.159  -2.838  29.150 0.0000000000
127574  -36.064  -2.559  28.583 0.0000000000
62809  -37.757  -2.358  28.896 0.0000000000
64760  -41.092  -1.511  27.258 0.0000000000
64777  -38.751  -1.301  26.551 0.0000000000
130415  -40.136  -1.091  26.163 0.0000000000
65785  -39.307  -0.450  25.343 0.0000000000
65786  -40.899  -0.484  25.202 0.0000000000
65801  -41.591  -0.192  24.712 0.0000000000
65788  -42.460  -0.688  25.388 0.0000000000
59119  -26.383  -6.908  41.078 0.0000000000
58275  -25.810  -7.397  40.501 0.0000000000
59120  -27.400  -6.452  40.580 0.0000000000
59143  -30.004  -5.647  39.210 0.0000000000
115777  -28.025  -5.535  38.889 0.0000000000
59154  -28.599  -5.376  38.035 0.0000000000
59164  -27.548  -5.937  36.546 0.0000000000
120704  -29.108  -5.269  37.099 0.0000000000
126503  -29.697  -5.385  35.963 0.0000000000
60078  -30.911  -5.216  37.436 0.0000000000
47188  -16.827  -18.781  51.739 0.0000000000
46111  -16.064  -18.945  52.535 0.0000000000
46122  -15.047  -19.771  51.265 0.0000000000
45063  -13.159  -21.371  50.159 0.0000000000
127797  -47.165  2.970  18.232 0.0000000000
68594  -48.395  3.404  18.009 0.0000000000
42894  -2.429  -23.492  60.576 0.0000000000
51667  -25.393  -15.426  42.498 0.0000000000
51683  -25.129  -16.073  41.776 0.0000000000
52638  -24.840  -14.680  42.359 0.0000000000
53567  -24.671  -13.965  42.197 0.0000000000
54453  -25.871  -13.143  42.963 0.0000000000
53510  -29.476  -14.005  46.961 0.0000000000
52602  -28.007  -14.038  45.571 0.0000000000
122214  -28.365  -12.978  46.698 0.0000000000
57315  -28.208  -9.710  46.132 0.0000000000
55385  -28.246  -11.045  45.521 0.0000000000
57351  -27.693  -10.139  44.600 0.0000000000
55424  -27.370  -11.210  43.525 0.0000000000
57350  -27.059  -9.704  44.088 0.0000000000
115068  -26.525  -8.944  43.763 0.0000000000
123465  -27.411  -8.000  44.309 0.0000000000
48475  -21.009  -18.622  44.535 0.0000000000
47259  -25.181  -19.965  47.290 0.0000000000
47272  -23.892  -19.252  46.224 0.0000000000
47287  -24.643  -19.320  45.705 0.0000000000
123021  -23.874  -19.508  42.838 0.0000000000
118927  -19.297  -18.691  52.379 0.0000000000
47241  -19.308  -19.316  48.942 0.0000000000
47222  -18.608  -19.372  49.313 0.0000000000
47239  -17.834  -19.758  47.947 0.0000000000
46151  -17.018  -20.169  47.510 0.0000000000
111880  -42.620  0.605  23.424 0.0000000000
66735  -42.010  0.837  21.624 0.0000000000
66730  -43.449  0.943  22.925 0.0000000000
67612  -45.846  2.041  22.259 0.0000000000
67611  -44.876  1.760  21.727 0.0000000000
134105  -45.131  2.023  21.200 0.0000000000
67623  -44.219  1.899  19.982 0.0000000000
68572  -46.339  2.526  20.730 0.0000000000
68578  -46.618  2.737  19.779 0.0000000000
131029  -47.618  2.437  21.397 0.0000000000
58297  -23.518  -8.497  38.387 0.0000000000
123143  -22.025  -9.762  38.072 0.0000000000
59266  -29.877  -6.978  28.404 0.0000000000
59255  -30.630  -5.871  29.780 0.0000000000
60110  -31.914  -5.938  34.225 0.0000000000
59198  -31.163  -6.080  32.878 0.0000000000
59186  -32.336  -6.520  33.629 0.0000000000
60135  -35.971  -5.793  32.705 0.0000000000
59235  -34.519  -6.801  32.063 0.0000000000
60140  -34.717  -6.321  31.465 0.0000000000
60149  -34.183  -6.426  30.755 0.0000000000
61053  -35.890  -5.483  31.064 0.0000000000
61078  -36.074  -4.824  29.963 0.0000000000
61950  -37.496  -4.457  31.430 0.0000000000
43911  -8.786  -22.198  51.932 0.0000000000
43888  -7.460  -22.156  53.195 0.0000000000
43887  -6.632  -22.311  53.465 0.0000000000
42969  -6.884  -23.609  52.500 0.0000000000
42113  -6.087  -24.654  52.272 0.0000000000
119885  -7.198  -24.526  51.989 0.0000000000
41174  -4.011  -26.269  56.063 0.0000000000
41173  -3.517  -25.546  56.719 0.0000000000
40281  -3.261  -27.264  56.823 0.0000000000
123555  -2.004  -28.038  59.699 0.0000000000
40276  -2.206  -27.027  59.201 0.0000000000
40274  -1.675  -27.186  60.216 0.0000000000
41160  -1.253  -25.735  61.491 0.0000000000
39392  -1.248  -27.364  61.259 0.0000000000
47212  -28.307  -19.295  50.858 0.0000000000
63784  -40.671  -1.854  30.070 0.0000000000
63805  -39.485  -1.809  28.938 0.0000000000
63792  -40.851  -1.646  29.289 0.0000000000
59107  -29.018  -6.618  40.818 0.0000000000
46143  -16.069  -19.828  49.014 0.0000000000
46142  -15.142  -20.304  49.358 0.0000000000
43843  -3.715  -22.501  58.630 0.0000000000
42906  -3.216  -23.479  58.734 0.0000000000
49525  -26.341  -17.214  42.165 0.0000000000
51668  -26.247  -15.803  42.924 0.0000000000
51650  -26.570  -14.706  43.809 0.0000000000
59039  -28.142  -7.535  46.301 0.0000000000
47255  -19.540  -19.086  47.199 0.0000000000
48449  -19.701  -18.892  46.316 0.0000000000
48436  -20.374  -18.604  47.061 0.0000000000
48451  -21.308  -18.351  46.076 0.0000000000
48464  -21.487  -18.540  45.364 0.0000000000
47289  -26.526  -19.166  45.675 0.0000000000
47303  -25.276  -19.183  44.822 0.0000000000
111756  -25.872  -18.962  44.141 0.0000000000
121337  -25.664  -19.183  43.296 0.0000000000
47336  -26.068  -18.859  42.065 0.0000000000
48390  -21.051  -18.647  51.870 0.0000000000
130177  -20.480  -18.785  51.394 0.0000000000
47225  -20.987  -18.906  50.218 0.0000000000
47242  -20.046  -19.133  48.742 0.0000000000
64816  -35.931  -0.983  23.399 0.0000000000
131163  -41.257  -0.078  19.217 0.0000000000
66725  -45.494  1.225  24.255 0.0000000000
66724  -44.767  1.304  23.582 0.0000000000
58336  -24.417  -7.818  35.402 0.0000000000
127141  -28.480  -7.227  29.839 0.0000000000
131992  -29.222  -6.569  30.779 0.0000000000
60100  -35.209  -5.760  35.569 0.0000000000
60122  -34.743  -6.450  34.413 0.0000000000
129890  -36.261  -5.829  34.903 0.0000000000
118998  -12.980  -21.295  52.573 0.0000000000
43893  -12.091  -21.716  53.155 0.0000000000
115725  -10.621  -21.930  53.100 0.0000000000
43876  -9.937  -21.895  52.463 0.0000000000
42949  -10.014  -22.674  51.118 0.0000000000
41238  -9.138  -23.952  50.502 0.0000000000
41225  -8.677  -24.764  50.906 0.0000000000
41226  -9.770  -24.605  50.196 0.0000000000
49501  -29.114  -17.487  45.065 0.0000000000
50553  -28.832  -16.232  44.606 0.0000000000
50554  -29.385  -16.162  45.394 0.0000000000
52584  -29.925  -14.786  46.705 0.0000000000
48416  -23.696  -18.634  49.589 0.0000000000
48428  -23.798  -18.754  48.581 0.0000000000
47226  -24.890  -19.524  49.310 0.0000000000
47245  -25.190  -20.236  48.063 0.0000000000
47260  -26.487  -19.996  47.620 0.0000000000
129104  -28.187  -19.584  49.235 0.0000000000
47261  -27.754  -19.265  48.062 0.0000000000
47276  -27.311  -19.161  46.772 0.0000000000
47291  -28.069  -18.479  45.847 0.0000000000
48478  -28.363  -18.279  45.157 0.0000000000
47193  -24.765  -19.128  50.948 0.0000000000
133035  -34.038  -3.363  28.806 0.0000000000
62816  -32.862  -3.112  27.535 0.0000000000
63818  -34.222  -2.385  27.597 0.0000000000
119420  -34.978  -1.839  27.315 0.0000000000
64774  -36.083  -1.260  26.353 0.0000000000
122606  -38.076  -1.642  27.774 0.0000000000
64775  -36.982  -1.217  26.463 0.0000000000
124751  -36.553  -0.907  25.706 0.0000000000
65782  -37.078  -0.357  24.553 0.0000000000
65813  -38.345  0.185  23.423 0.0000000000
66720  -39.855  0.518  23.074 0.0000000000
66727  -40.408  0.610  22.209 0.0000000000
66721  -40.811  0.560  23.300 0.0000000000
65816  -42.111  0.226  24.180 0.0000000000
66709  -43.573  0.223  24.490 0.0000000000
65790  -43.752  -0.691  25.920 0.0000000000
118240  -44.259  0.194  24.973 0.0000000000
57385  -24.533  -9.197  41.614 0.0000000000
57394  -22.796  -9.814  40.205 0.0000000000
58273  -24.548  -8.326  40.492 0.0000000000
58289  -24.422  -8.163  39.627 0.0000000000
113973  -24.788  -7.651  38.040 0.0000000000
59131  -27.388  -6.234  39.822 0.0000000000
58300  -26.191  -6.632  38.599 0.0000000000
58322  -25.059  -6.870  36.907 0.0000000000
58323  -25.649  -6.583  36.412 0.0000000000
58339  -26.397  -6.575  35.239 0.0000000000
114083  -27.561  -6.388  33.808 0.0000000000
59196  -28.576  -6.287  33.189 0.0000000000
127430  -29.263  -5.786  34.229 0.0000000000
60095  -30.785  -5.539  35.322 0.0000000000
60097  -32.763  -5.502  35.105 0.0000000000
60090  -32.937  -4.843  36.629 0.0000000000
60092  -34.688  -5.044  36.199 0.0000000000
121475  -14.432  -20.086  52.360 0.0000000000
46121  -14.534  -20.495  50.767 0.0000000000
45055  -13.795  -20.979  51.078 0.0000000000
45054  -13.141  -21.220  51.740 0.0000000000
43931  -12.238  -21.525  50.898 0.0000000000
119107  -24.068  -13.029  41.432 0.0000000000
55454  -25.212  -11.665  41.816 0.0000000000
51641  -28.131  -15.569  44.280 0.0000000000
51640  -27.329  -14.752  44.415 0.0000000000
53543  -26.942  -13.506  44.894 0.0000000000
54421  -27.550  -12.470  45.333 0.0000000000
54434  -26.671  -12.755  44.125 0.0000000000
55445  -26.435  -12.012  42.771 0.0000000000
55444  -25.912  -11.415  42.471 0.0000000000
56475  -25.287  -10.013  42.377 0.0000000000
58244  -25.549  -8.805  42.409 0.0000000000
59082  -26.785  -7.722  42.973 0.0000000000
60008  -27.994  -6.697  42.887 0.0000000000
59069  -28.146  -7.045  44.579 0.0000000000
59993  -28.577  -6.412  44.145 0.0000000000
48440  -23.537  -18.701  47.574 0.0000000000
48466  -23.076  -18.957  45.813 0.0000000000
47300  -22.340  -19.197  44.007 0.0000000000
47302  -24.328  -19.310  44.628 0.0000000000
47315  -22.980  -19.355  43.171 0.0000000000
47173  -17.744  -18.686  52.267 0.0000000000
112938  -17.148  -18.919  50.822 0.0000000000
113537  -18.907  -19.077  50.988 0.0000000000
47203  -17.773  -19.074  50.474 0.0000000000
47202  -16.867  -19.240  49.900 0.0000000000
47238  -16.261  -20.287  47.962 0.0000000000
65829  -40.518  0.499  21.186 0.0000000000
65831  -41.903  0.982  20.555 0.0000000000
66743  -42.142  1.078  19.796 0.0000000000
66731  -44.094  1.339  22.249 0.0000000000
66740  -42.852  1.258  20.705 0.0000000000
66744  -42.700  1.246  19.365 0.0000000000
66747  -43.041  0.915  18.394 0.0000000000
66748  -43.666  1.245  18.198 0.0000000000
66752  -44.831  0.890  17.346 0.0000000000
68591  -45.251  2.498  18.052 0.0000000000
131759  -47.212  2.858  19.071 0.0000000000
42094  -4.721  -24.217  53.604 0.0000000000
42069  -4.204  -24.346  55.444 0.0000000000
126285  -4.611  -25.601  54.355 0.0000000000
56505  -22.418  -9.993  39.564 0.0000000000
61090  -31.404  -5.438  28.144 0.0000000000
59197  -29.554  -6.117  32.650 0.0000000000
120752  -30.536  -5.959  32.259 0.0000000000
59231  -31.340  -6.187  31.282 0.0000000000
59201  -33.620  -7.042  33.310 0.0000000000
59232  -32.475  -7.255  31.627 0.0000000000
111900  -32.007  -6.843  31.027 0.0000000000
60159  -32.303  -6.166  30.069 0.0000000000
61074  -32.541  -5.337  29.658 0.0000000000
61956  -33.436  -4.274  29.448 0.0000000000
61958  -35.099  -4.453  29.372 0.0000000000
61959  -36.782  -4.313  29.929 0.0000000000
116640  -37.992  -3.020  29.954 0.0000000000
43864  -5.356  -22.050  55.666 0.0000000000
43872  -5.704  -22.143  54.634 0.0000000000
42928  -5.211  -22.897  54.172 0.0000000000
129575  -4.995  -24.256  52.987 0.0000000000
41222  -5.208  -25.554  52.027 0.0000000000
42067  -3.640  -24.521  56.397 0.0000000000
42064  -3.157  -23.991  57.769 0.0000000000
42059  -3.036  -24.418  59.216 0.0000000000
39402  -2.733  -27.166  57.670 0.0000000000
41167  -2.571  -25.839  59.289 0.0000000000
41165  -2.736  -25.227  60.020 0.0000000000
42053  -1.511  -24.845  60.913 0.0000000000
42050  -1.100  -25.094  61.986 0.0000000000
38447  -1.026  -28.036  61.378 0.0000000000
38446  -0.344  -27.694  61.700 0.0000000000
49513  -27.495  -17.341  43.470 0.0000000000
50583  -27.309  -16.652  43.283 0.0000000000
50584  -28.097  -16.829  43.607 0.0000000000
112676  -22.214  -18.239  49.321 0.0000000000
130811  -22.405  -18.142  48.558 0.0000000000
121830  -27.652  -17.941  43.891 0.0000000000
112139  -22.938  -18.313  49.936 0.0000000000
48403  -22.773  -18.569  50.765 0.0000000000
65828  -39.204  -0.162  21.031 0.0000000000
55452  -23.579  -11.284  40.826 0.0000000000
112369  -23.224  -11.896  40.412 0.0000000000
115177  -25.694  -7.409  32.534 0.0000000000
59195  -27.739  -6.523  32.723 0.0000000000
42099  -10.949  -22.266  49.918 0.0000000000
119810  -10.916  -23.090  48.878 0.0000000000
126073  -30.072  -17.319  47.691 0.0000000000
113439  -30.257  -16.347  47.876 0.0000000000
113975  -26.176  -19.724  50.077 0.0000000000
112464  -27.089  -19.695  50.950 0.0000000000
49466  -29.937  -17.458  48.797 0.0000000000
48429  -29.636  -17.993  48.222 0.0000000000
48442  -29.650  -17.692  47.276 0.0000000000
127398  -26.200  -19.348  51.812 0.0000000000
62796  -37.662  -2.754  29.410 0.0000000000
119282  -41.389  -1.321  26.507 0.0000000000
64779  -40.533  -1.316  26.629 0.0000000000
64796  -40.969  -0.944  25.914 0.0000000000
116202  -40.153  -0.738  25.634 0.0000000000
65787  -41.724  -0.629  25.289 0.0000000000
59105  -27.205  -6.544  41.563 0.0000000000
127974  -29.202  -5.570  38.894 0.0000000000
59155  -29.871  -5.304  38.096 0.0000000000
60077  -30.110  -5.217  37.024 0.0000000000
116201  -16.309  -19.092  50.820 0.0000000000
46123  -15.763  -19.143  51.583 0.0000000000
114437  -15.590  -19.477  50.828 0.0000000000
68586  -48.082  2.934  18.878 0.0000000000
68593  -47.962  3.132  18.042 0.0000000000
68587  -48.718  3.161  18.796 0.0000000000
126254  -3.407  -23.068  60.129 0.0000000000
43829  -2.892  -22.766  60.499 0.0000000000
126825  -25.489  -14.585  42.894 0.0000000000
52639  -25.188  -14.134  42.631 0.0000000000
53555  -25.695  -13.867  43.214 0.0000000000
53509  -28.764  -13.677  46.544 0.0000000000
54398  -28.666  -12.490  47.347 0.0000000000
56427  -28.052  -10.138  45.377 0.0000000000
57334  -27.595  -9.404  44.868 0.0000000000
58224  -27.150  -8.820  44.356 0.0000000000
58214  -27.677  -8.484  45.085 0.0000000000
47253  -17.659  -19.837  46.907 0.0000000000
47270  -18.311  -19.626  46.297 0.0000000000
47274  -25.325  -19.523  46.480 0.0000000000
47273  -24.609  -19.520  46.797 0.0000000000
47240  -18.605  -19.435  48.389 0.0000000000
126754  -43.300  0.565  23.803 0.0000000000
67619  -45.874  2.277  21.448 0.0000000000
67624  -45.204  2.225  20.634 0.0000000000
67620  -46.969  2.461  21.393 0.0000000000
125146  -23.467  -8.505  37.536 0.0000000000
57435  -22.833  -9.075  37.043 0.0000000000
58308  -23.581  -8.452  36.692 0.0000000000
58395  -29.304  -6.709  29.887 0.0000000000
58405  -28.956  -7.240  29.165 0.0000000000
58406  -29.358  -6.877  29.292 0.0000000000
59254  -29.832  -6.486  29.208 0.0000000000
60111  -32.631  -6.084  34.327 0.0000000000
60141  -35.202  -6.125  32.233 0.0000000000
60142  -35.980  -5.628  31.882 0.0000000000
60150  -35.048  -5.773  30.896 0.0000000000
61054  -36.712  -5.104  31.449 0.0000000000
42970  -8.528  -22.939  51.409 0.0000000000
43910  -7.879  -22.666  52.303 0.0000000000
124109  -8.004  -24.357  51.413 0.0000000000
126077  -3.916  -27.194  56.265 0.0000000000
60037  -30.136  -6.231  41.337 0.0000000000
46150  -15.429  -20.455  48.264 0.0000000000
43849  -4.011  -22.130  58.018 0.0000000000
130609  -4.171  -22.041  58.503 0.0000000000
43837  -3.667  -22.693  59.553 0.0000000000
51669  -27.017  -15.976  43.258 0.0000000000
126951  -26.622  -15.403  43.386 0.0000000000
133733  -21.914  -18.380  46.002 0.0000000000
47305  -27.068  -18.841  45.098 0.0000000000
47304  -26.189  -19.006  44.937 0.0000000000
48488  -26.374  -18.698  43.552 0.0000000000
47335  -25.457  -19.302  42.287 0.0000000000
47346  -26.252  -18.962  40.813 0.0000000000
48391  -21.862  -18.632  51.674 0.0000000000
47207  -21.163  -18.751  51.063 0.0000000000
134119  -21.475  -18.680  50.650 0.0000000000
48414  -20.791  -18.763  48.682 0.0000000000
47224  -20.550  -19.043  49.408 0.0000000000
65797  -36.763  -0.416  23.759 0.0000000000
112572  -24.510  -8.014  34.483 0.0000000000
58393  -28.448  -7.074  30.706 0.0000000000
58394  -29.103  -6.883  30.399 0.0000000000
58381  -29.054  -6.729  31.031 0.0000000000
60101  -36.043  -5.692  35.538 0.0000000000
60114  -35.540  -6.131  34.843 0.0000000000
61039  -37.345  -5.333  33.369 0.0000000000
43913  -12.298  -21.562  52.476 0.0000000000
45034  -12.818  -21.424  53.302 0.0000000000
43892  -11.396  -21.841  52.791 0.0000000000
42930  -10.431  -22.263  51.213 0.0000000000
42929  -10.199  -23.081  50.173 0.0000000000
42097  -10.099  -23.412  50.199 0.0000000000
42130  -9.381  -23.282  50.700 0.0000000000
42116  -9.788  -23.763  50.132 0.0000000000
50567  -29.161  -16.804  45.004 0.0000000000
116051  -29.721  -16.912  45.736 0.0000000000
51605  -30.311  -15.148  47.217 0.0000000000
51620  -30.204  -15.643  46.571 0.0000000000
52569  -30.087  -14.368  47.422 0.0000000000
48405  -24.224  -18.967  50.185 0.0000000000
48417  -24.335  -19.118  49.366 0.0000000000
47228  -26.121  -19.921  49.293 0.0000000000
124279  -25.372  -19.899  48.911 0.0000000000
47246  -26.101  -20.188  48.394 0.0000000000
112756  -25.741  -20.180  47.696 0.0000000000
47231  -28.895  -18.905  50.274 0.0000000000
47230  -28.252  -19.582  49.976 0.0000000000
47262  -28.323  -18.652  47.825 0.0000000000
47248  -28.383  -19.188  48.534 0.0000000000
127622  -27.196  -19.446  47.515 0.0000000000
113684  -27.786  -18.867  47.342 0.0000000000
47277  -27.870  -18.631  46.587 0.0000000000
131643  -28.569  -18.054  45.835 0.0000000000
48467  -28.937  -17.867  45.506 0.0000000000
131393  -28.776  -17.960  44.982 0.0000000000
127657  -25.552  -19.378  51.471 0.0000000000
61966  -34.635  -3.685  29.019 0.0000000000
132893  -34.311  -2.907  28.502 0.0000000000
128028  -36.662  -2.113  28.107 0.0000000000
63819  -35.899  -1.978  27.791 0.0000000000
63837  -35.714  -1.588  26.997 0.0000000000
63822  -39.290  -1.595  28.133 0.0000000000
63821  -38.461  -1.670  28.077 0.0000000000
64776  -37.856  -1.183  26.381 0.0000000000
133675  -37.274  -0.921  25.926 0.0000000000
64793  -37.844  -0.724  25.658 0.0000000000
64792  -37.114  -0.601  25.281 0.0000000000
65783  -37.765  -0.332  24.921 0.0000000000
65799  -39.730  0.054  24.622 0.0000000000
65798  -38.629  0.011  24.555 0.0000000000
111314  -39.310  0.344  23.819 0.0000000000
110784  -39.014  0.358  22.927 0.0000000000
65802  -42.369  -0.307  24.776 0.0000000000
65817  -42.851  0.136  24.366 0.0000000000
58243  -25.132  -8.817  41.824 0.0000000000
58255  -24.011  -8.891  41.006 0.0000000000
58256  -24.830  -8.570  41.245 0.0000000000
58291  -26.001  -7.186  39.700 0.0000000000
58290  -25.264  -7.708  39.897 0.0000000000
113515  -25.023  -7.694  39.156 0.0000000000
58298  -24.430  -8.049  38.678 0.0000000000
58299  -25.205  -7.411  38.481 0.0000000000
59122  -29.413  -6.463  40.456 0.0000000000
59121  -28.580  -6.413  40.328 0.0000000000
59132  -28.321  -5.968  39.734 0.0000000000
59152  -26.904  -5.890  38.061 0.0000000000
115240  -27.007  -6.032  38.986 0.0000000000
58301  -26.406  -6.281  38.206 0.0000000000
119342  -25.894  -6.573  37.942 0.0000000000
58311  -25.728  -6.545  37.238 0.0000000000
58324  -26.259  -6.390  36.708 0.0000000000
59174  -26.944  -6.425  35.981 0.0000000000
59181  -27.296  -6.422  34.863 0.0000000000
59182  -28.352  -6.093  34.280 0.0000000000
59176  -28.845  -5.609  35.082 0.0000000000
60087  -30.854  -5.395  36.393 0.0000000000
115875  -31.540  -5.479  35.759 0.0000000000
60096  -32.116  -5.584  35.028 0.0000000000
60082  -33.273  -4.577  37.236 0.0000000000
61003  -34.192  -4.530  37.070 0.0000000000
60091  -33.737  -4.794  36.369 0.0000000000
46110  -15.069  -19.512  52.252 0.0000000000
46099  -14.712  -19.697  53.030 0.0000000000
46132  -14.639  -20.556  50.008 0.0000000000
45046  -13.934  -20.716  52.023 0.0000000000
113261  -1.184  -24.144  61.764 0.0000000000
50612  -25.153  -16.522  40.940 0.0000000000
51682  -23.986  -15.024  41.070 0.0000000000
53586  -24.775  -13.134  41.938 0.0000000000
53585  -24.095  -13.748  41.624 0.0000000000
126470  -24.605  -12.351  41.514 0.0000000000
127682  -25.227  -12.410  41.937 0.0000000000
51633  -28.789  -15.447  45.129 0.0000000000
52620  -27.357  -14.064  45.028 0.0000000000
52619  -26.726  -14.049  44.497 0.0000000000
55384  -27.999  -11.652  44.902 0.0000000000
54435  -27.444  -12.240  44.422 0.0000000000
114949  -26.387  -12.608  43.278 0.0000000000
55402  -27.155  -11.957  43.464 0.0000000000
56466  -26.798  -10.485  43.507 0.0000000000
56477  -26.686  -11.281  43.033 0.0000000000
56476  -25.946  -10.426  42.836 0.0000000000
56487  -25.298  -10.750  42.123 0.0000000000
57376  -25.637  -9.509  42.760 0.0000000000
58236  -26.949  -8.235  43.716 0.0000000000
130097  -26.433  -8.412  43.298 0.0000000000
59093  -27.261  -6.877  42.526 0.0000000000
59950  -28.376  -6.611  46.017 0.0000000000
59054  -28.144  -7.217  45.409 0.0000000000
59973  -28.519  -6.502  45.070 0.0000000000
60009  -28.565  -6.333  43.214 0.0000000000
47285  -18.964  -19.294  45.621 0.0000000000
48473  -19.334  -19.183  44.821 0.0000000000
48477  -22.736  -19.171  44.949 0.0000000000
47316  -24.069  -19.417  43.666 0.0000000000
47189  -17.742  -18.838  51.305 0.0000000000
47205  -19.498  -19.147  50.526 0.0000000000
112259  -17.984  -19.490  48.785 0.0000000000
47221  -17.829  -19.304  49.576 0.0000000000
66734  -41.282  0.691  21.874 0.0000000000
132766  -44.200  1.204  23.025 0.0000000000
67618  -44.480  1.758  20.885 0.0000000000
66737  -43.868  1.434  21.301 0.0000000000
66745  -43.452  1.570  19.189 0.0000000000
67628  -44.827  2.288  19.640 0.0000000000
67627  -44.060  1.927  18.929 0.0000000000
67630  -44.364  1.712  17.899 0.0000000000
68579  -47.837  2.687  19.727 0.0000000000
111440  -48.492  2.579  20.290 0.0000000000
41202  -4.532  -24.932  53.867 0.0000000000
41186  -4.671  -25.749  53.404 0.0000000000
59267  -30.325  -6.232  28.936 0.0000000000
60169  -30.868  -5.933  28.585 0.0000000000
60170  -31.658  -5.566  29.185 0.0000000000
59183  -29.319  -5.991  33.490 0.0000000000
59199  -31.952  -6.581  32.926 0.0000000000
112403  -30.237  -5.874  31.538 0.0000000000
112383  -31.089  -5.991  31.747 0.0000000000
59202  -34.558  -6.689  33.515 0.0000000000
59234  -34.133  -7.035  31.384 0.0000000000
59233  -33.371  -7.377  31.607 0.0000000000
59246  -32.907  -7.251  30.931 0.0000000000
59256  -31.728  -6.220  30.358 0.0000000000
127149  -32.512  -6.839  30.560 0.0000000000
60161  -33.953  -5.851  30.235 0.0000000000
60160  -33.145  -5.937  30.091 0.0000000000
61075  -33.563  -5.078  29.777 0.0000000000
61957  -34.218  -4.392  29.477 0.0000000000
61953  -37.038  -4.593  30.753 0.0000000000
62795  -37.275  -3.388  29.687 0.0000000000
43873  -6.359  -21.754  54.063 0.0000000000
43886  -5.859  -22.616  53.784 0.0000000000
42946  -5.251  -23.477  53.500 0.0000000000
42095  -5.769  -23.980  52.857 0.0000000000
41223  -6.396  -25.470  51.799 0.0000000000
40311  -5.844  -26.415  51.633 0.0000000000
133003  -3.951  -24.471  55.934 0.0000000000
41171  -3.111  -25.215  57.704 0.0000000000
42061  -3.021  -24.478  58.410 0.0000000000
41169  -2.865  -25.340  58.654 0.0000000000
39403  -3.067  -28.203  57.219 0.0000000000
119348  -2.504  -27.413  58.428 0.0000000000
42054  -2.507  -24.460  60.422 0.0000000000
113845  -2.224  -25.295  60.396 0.0000000000
40265  -0.982  -25.836  62.164 0.0000000000
42049  -0.663  -24.624  62.123 0.0000000000
38449  -0.535  -28.472  61.019 0.0000000000
43855  -3.774  -22.478  57.161 0.0000000000
48437  -21.034  -18.374  47.835 0.0000000000
48438  -22.011  -18.110  47.701 0.0000000000
48439  -22.750  -18.236  47.163 0.0000000000
48489  -27.617  -18.431  44.559 0.0000000000
126969  -26.970  -18.289  43.991 0.0000000000
123433  -26.564  -17.807  42.654 0.0000000000
48393  -23.439  -18.781  51.197 0.0000000000
53602  -23.535  -13.484  40.904 0.0000000000
58350  -25.721  -6.776  34.610 0.0000000000
58349  -25.094  -7.392  34.047 0.0000000000
58356  -25.114  -7.718  33.128 0.0000000000
58380  -27.274  -7.202  31.117 0.0000000000
58367  -28.352  -6.750  31.630 0.0000000000
43912  -11.577  -21.686  52.056 0.0000000000
42079  -10.594  -22.475  50.197 0.0000000000
41187  -10.470  -23.705  49.222 0.0000000000
41204  -10.592  -24.589  49.656 0.0000000000
41205  -11.010  -24.521  49.063 0.0000000000
126843  -30.010  -17.309  46.279 0.0000000000
50542  -30.289  -16.680  46.677 0.0000000000
47209  -25.517  -19.435  50.517 0.0000000000
132090  -26.737  -20.048  49.694 0.0000000000
115388  -28.904  -19.091  49.232 0.0000000000
124638  -29.401  -18.472  48.887 0.0000000000
47263  -28.768  -18.164  47.427 0.0000000000
47278  -28.467  -18.039  46.595 0.0000000000
48441  -29.185  -17.780  46.952 0.0000000000
48455  -29.652  -17.611  46.538 0.0000000000
61968  -36.024  -3.319  29.125 0.0000000000
62807  -36.623  -2.800  28.941 0.0000000000
63803  -37.153  -2.334  28.542 0.0000000000
64759  -39.980  -1.498  27.386 0.0000000000
64778  -39.618  -1.340  26.656 0.0000000000
64795  -39.434  -1.009  26.035 0.0000000000
65784  -38.429  -0.453  25.308 0.0000000000
115952  -40.161  -0.329  25.105 0.0000000000
65800  -40.676  0.004  24.666 0.0000000000
58274  -25.226  -8.025  40.772 0.0000000000
59130  -26.544  -6.758  40.085 0.0000000000
59142  -29.218  -5.894  39.596 0.0000000000
59153  -27.562  -5.662  37.638 0.0000000000
59163  -26.832  -6.072  37.044 0.0000000000
114053  -28.182  -5.550  37.111 0.0000000000
59165  -28.467  -5.600  36.191 0.0000000000
115836  -31.578  -5.263  36.753 0.0000000000
45073  -13.381  -21.384  49.277 0.0000000000
45062  -12.365  -21.639  50.086 0.0000000000
68601  -46.284  2.448  16.736 0.0000000000
120711  -47.002  3.039  17.325 0.0000000000
69493  -47.808  3.426  17.161 0.0000000000
42893  -1.708  -23.780  60.871 0.0000000000
50597  -25.912  -16.316  42.321 0.0000000000
52656  -24.238  -14.525  41.758 0.0000000000
53568  -25.290  -13.540  42.552 0.0000000000
52583  -29.187  -14.391  46.282 0.0000000000
52603  -28.709  -14.645  45.635 0.0000000000
131847  -28.593  -14.005  45.980 0.0000000000
53526  -28.155  -13.430  46.054 0.0000000000
56410  -28.241  -10.436  46.292 0.0000000000
56426  -28.125  -10.878  44.622 0.0000000000
56446  -27.640  -10.701  43.985 0.0000000000
59974  -28.907  -5.904  45.611 0.0000000000
48474  -20.083  -18.839  44.477 0.0000000000
47258  -24.608  -19.784  47.603 0.0000000000
47257  -24.062  -19.289  47.112 0.0000000000
47317  -24.767  -19.432  43.045 0.0000000000
66729  -41.978  0.722  22.579 0.0000000000
113364  -42.709  0.850  22.307 0.0000000000
66736  -43.281  1.121  21.837 0.0000000000
68584  -45.495  2.646  19.188 0.0000000000
68571  -45.680  2.567  20.043 0.0000000000
114272  -4.728  -25.918  52.511 0.0000000000
40297  -4.834  -26.569  52.975 0.0000000000
124926  -22.950  -8.926  38.887 0.0000000000
57428  -22.426  -9.517  38.876 0.0000000000
129144  -22.704  -9.121  38.039 0.0000000000
57434  -22.082  -9.559  37.305 0.0000000000
58418  -29.447  -7.178  28.741 0.0000000000
60109  -30.968  -5.820  34.265 0.0000000000
59184  -30.835  -5.952  33.473 0.0000000000
59185  -31.579  -6.158  33.532 0.0000000000
60134  -35.336  -6.269  33.126 0.0000000000
59216  -34.766  -6.605  32.738 0.0000000000
60148  -33.257  -6.685  30.490 0.0000000000
61061  -34.792  -5.571  30.285 0.0000000000
61077  -35.408  -4.992  29.793 0.0000000000
61062  -35.640  -5.325  30.348 0.0000000000
43889  -8.302  -21.984  52.841 0.0000000000
42948  -7.005  -22.746  52.903 0.0000000000
41224  -7.630  -25.205  51.595 0.0000000000
40283  -3.571  -26.549  56.644 0.0000000000
112014  -3.181  -26.305  57.274 0.0000000000
39396  -2.499  -28.093  58.936 0.0000000000
41163  -1.648  -25.678  60.653 0.0000000000
40273  -1.434  -26.429  60.860 0.0000000000
40269  -1.046  -26.616  62.021 0.0000000000
47211  -27.625  -19.794  50.533 0.0000000000
131769  -39.321  -2.195  29.651 0.0000000000
111781  -40.082  -1.879  29.524 0.0000000000
63806  -40.398  -1.658  28.907 0.0000000000
117616  -41.081  -1.595  28.638 0.0000000000
131342  -41.666  -1.491  26.851 0.0000000000
64780  -42.046  -1.395  26.522 0.0000000000
60035  -28.880  -6.562  41.474 0.0000000000
59106  -28.260  -6.519  41.059 0.0000000000
60036  -29.499  -6.538  41.023 0.0000000000
59123  -29.711  -6.288  40.233 0.0000000000
59134  -29.828  -6.002  39.893 0.0000000000
42901  -3.337  -23.680  59.738 0.0000000000
131233  -26.177  -17.236  41.523 0.0000000000
51649  -26.046  -15.042  43.143 0.0000000000
58203  -28.038  -8.383  45.942 0.0000000000
47271  -18.995  -19.244  46.532 0.0000000000
48450  -20.529  -18.494  46.171 0.0000000000
48463  -20.706  -18.503  45.315 0.0000000000
48476  -21.839  -18.909  44.705 0.0000000000
47288  -25.659  -19.266  45.628 0.0000000000
47192  -20.190  -18.643  52.113 0.0000000000
47206  -20.321  -19.006  50.760 0.0000000000
115031  -20.115  -19.151  50.019 0.0000000000
124689  -19.883  -19.209  49.383 0.0000000000
110926  -19.377  -19.235  48.076 0.0000000000
64806  -35.335  -1.148  24.246 0.0000000000
65840  -41.512  -0.541  18.640 0.0000000000
111175  -44.492  0.743  24.368 0.0000000000
67621  -47.462  2.380  21.914 0.0000000000
58321  -24.398  -7.654  36.455 0.0000000000
58320  -23.689  -8.416  35.800 0.0000000000
59243  -29.570  -6.194  30.633 0.0000000000
60113  -34.138  -6.250  34.811 0.0000000000
128065  -34.813  -6.184  35.066 0.0000000000
60124  -36.053  -5.939  33.515 0.0000000000
61038  -36.679  -5.585  33.079 0.0000000000
129804  -37.168  -5.278  32.755 0.0000000000
61048  -37.303  -4.914  32.184 0.0000000000
124900  -11.869  -21.834  53.742 0.0000000000
43891  -9.486  -22.150  51.724 0.0000000000
42971  -9.148  -22.695  51.230 0.0000000000
42988  -8.946  -23.291  50.885 0.0000000000
42115  -8.539  -23.772  51.035 0.0000000000
38451  -1.909  -28.916  59.935 0.0000000000
49500  -28.721  -17.053  44.233 0.0000000000
50541  -30.011  -16.152  45.980 0.0000000000
111168  -30.237  -14.692  48.872 0.0000000000
47244  -24.573  -19.585  48.519 0.0000000000
47275  -25.984  -19.724  46.972 0.0000000000
47229  -27.512  -20.007  49.683 0.0000000000
47247  -27.674  -19.730  48.805 0.0000000000
111479  -27.044  -19.923  48.234 0.0000000000
128268  -26.729  -19.540  47.041 0.0000000000
112912  -26.668  -19.331  46.404 0.0000000000
47290  -27.380  -18.992  45.897 0.0000000000
48381  -24.136  -19.006  51.632 0.0000000000
48394  -24.062  -18.866  50.851 0.0000000000
61965  -32.892  -3.986  28.955 0.0000000000
61976  -32.400  -3.888  27.937 0.0000000000
62805  -33.389  -3.343  28.404 0.0000000000
131860  -33.592  -2.817  27.824 0.0000000000
62817  -35.121  -2.369  28.215 0.0000000000
63836  -34.037  -1.945  26.616 0.0000000000
63804  -38.485  -1.901  28.644 0.0000000000
110839  -37.848  -1.918  28.308 0.0000000000
63820  -37.384  -1.769  27.769 0.0000000000
64758  -38.858  -1.530  27.395 0.0000000000
64757  -38.040  -1.472  27.166 0.0000000000
63839  -37.387  -1.470  27.014 0.0000000000
64791  -35.637  -1.107  25.347 0.0000000000
64807  -36.299  -0.699  24.643 0.0000000000
115012  -37.614  -0.071  24.046 0.0000000000
65822  -38.261  0.026  22.213 0.0000000000
65823  -39.295  0.351  22.015 0.0000000000
65824  -39.822  0.345  21.358 0.0000000000
65815  -41.228  0.343  24.101 0.0000000000
66722  -41.700  0.541  23.436 0.0000000000
64798  -42.565  -1.059  26.054 0.0000000000
65789  -43.100  -0.708  25.572 0.0000000000
65804  -43.664  -0.270  25.223 0.0000000000
66710  -45.267  0.529  25.119 0.0000000000
57384  -23.815  -9.664  41.311 0.0000000000
56496  -23.190  -10.287  40.770 0.0000000000
57395  -23.293  -9.369  40.610 0.0000000000
58272  -23.721  -8.680  40.165 0.0000000000
58288  -23.593  -8.534  39.269 0.0000000000
58309  -24.222  -8.074  37.844 0.0000000000
113972  -24.679  -7.480  37.361 0.0000000000
59141  -26.470  -6.678  39.311 0.0000000000
125991  -25.659  -6.943  38.350 0.0000000000
58310  -25.261  -6.990  37.795 0.0000000000
58337  -24.951  -6.938  35.940 0.0000000000
58338  -25.647  -6.684  35.544 0.0000000000
129060  -26.166  -6.536  36.007 0.0000000000
58351  -26.599  -6.557  34.277 0.0000000000
58358  -26.829  -6.530  33.416 0.0000000000
60108  -29.914  -5.555  34.725 0.0000000000
127101  -31.506  -5.637  34.903 0.0000000000
60069  -31.499  -4.917  38.000 0.0000000000
60080  -32.006  -4.910  37.474 0.0000000000
112410  -31.987  -5.105  37.021 0.0000000000
60089  -32.366  -5.001  36.835 0.0000000000
113286  -32.813  -5.063  35.925 0.0000000000
114542  -33.406  -5.015  35.857 0.0000000000
60099  -34.206  -5.481  35.529 0.0000000000
60093  -35.719  -5.344  36.144 0.0000000000
46133  -15.143  -20.024  50.412 0.0000000000
45064  -13.990  -20.959  50.114 0.0000000000
133525  -12.484  -21.454  51.880 0.0000000000
43930  -11.755  -21.750  50.263 0.0000000000
52655  -23.785  -14.262  41.220 0.0000000000
55453  -24.334  -11.536  41.329 0.0000000000
51652  -28.404  -16.352  43.967 0.0000000000
52621  -28.075  -14.742  44.988 0.0000000000
52628  -26.221  -13.934  43.915 0.0000000000
53508  -27.862  -12.718  46.074 0.0000000000
53524  -26.918  -12.905  44.918 0.0000000000
53542  -26.536  -13.403  44.419 0.0000000000
53556  -26.168  -13.301  43.728 0.0000000000
54476  -26.027  -12.534  42.706 0.0000000000
116169  -25.794  -12.143  42.275 0.0000000000
116042  -24.721  -10.933  41.655 0.0000000000
56486  -24.613  -10.050  41.843 0.0000000000
57375  -25.138  -9.406  42.122 0.0000000000
58235  -25.984  -8.904  43.142 0.0000000000
58245  -26.110  -8.195  42.625 0.0000000000
59104  -26.444  -7.214  42.113 0.0000000000
59053  -27.944  -7.857  45.532 0.0000000000
59068  -27.827  -7.684  44.862 0.0000000000
59084  -28.093  -6.917  43.740 0.0000000000
60022  -28.676  -6.390  42.319 0.0000000000
48453  -23.348  -18.746  46.671 0.0000000000
48452  -22.543  -18.452  46.309 0.0000000000
48465  -22.252  -18.731  45.527 0.0000000000
47301  -23.358  -19.316  44.299 0.0000000000
47172  -17.045  -18.718  52.819 0.0000000000
47191  -19.598  -18.888  51.413 0.0000000000
122786  -18.317  -19.012  50.944 0.0000000000
47204  -18.619  -19.225  50.246 0.0000000000
112221  -40.544  0.258  20.393 0.0000000000
65830  -41.237  0.702  20.909 0.0000000000
65835  -41.016  0.324  19.808 0.0000000000
111162  -41.586  0.489  19.395 0.0000000000
121192  -42.049  0.507  18.873 0.0000000000
65838  -42.564  0.489  18.481 0.0000000000
65843  -43.656  0.113  17.763 0.0000000000
67633  -45.078  1.684  17.309 0.0000000000
68600  -45.599  2.325  17.236 0.0000000000
68585  -46.281  2.858  18.675 0.0000000000
111437  -48.818  2.840  19.602 0.0000000000
42927  -4.757  -23.497  54.298 0.0000000000
42917  -4.391  -23.449  55.375 0.0000000000
42077  -4.497  -24.200  54.536 0.0000000000
41185  -4.454  -25.025  54.907 0.0000000000
40289  -4.474  -25.931  55.215 0.0000000000
55461  -22.712  -10.430  40.074 0.0000000000
55469  -22.508  -10.974  39.409 0.0000000000
57444  -22.967  -9.060  36.157 0.0000000000
61091  -32.148  -4.781  28.730 0.0000000000
59212  -28.897  -6.439  32.260 0.0000000000
124723  -30.254  -5.956  33.048 0.0000000000
59213  -29.673  -6.106  31.877 0.0000000000
59229  -29.531  -6.207  31.199 0.0000000000
132548  -29.922  -5.889  31.100 0.0000000000
59230  -30.483  -5.815  31.027 0.0000000000
59188  -33.911  -6.694  34.111 0.0000000000
59200  -32.730  -7.150  33.010 0.0000000000
59215  -34.182  -7.041  32.696 0.0000000000
115822  -32.789  -7.370  32.225 0.0000000000
121757  -32.199  -7.010  32.313 0.0000000000
113110  -31.792  -6.700  31.744 0.0000000000
59245  -31.107  -5.953  30.635 0.0000000000
122798  -33.766  -3.768  29.072 0.0000000000
61967  -35.456  -3.897  29.075 0.0000000000
113042  -35.980  -4.292  29.409 0.0000000000
62794  -36.648  -3.504  29.359 0.0000000000
114073  -38.105  -4.395  32.239 0.0000000000
42918  -5.028  -22.822  55.018 0.0000000000
42112  -5.243  -24.727  52.545 0.0000000000
42916  -3.862  -23.809  56.060 0.0000000000
116022  -3.408  -23.520  56.893 0.0000000000
127247  -3.291  -24.561  57.078 0.0000000000
42055  -3.115  -24.481  59.980 0.0000000000
40279  -2.648  -26.428  58.512 0.0000000000
132182  -2.889  -25.053  59.500 0.0000000000
38450  -1.282  -28.712  60.733 0.0000000000
116196  -0.793  -27.360  61.853 0.0000000000
40268  -0.240  -26.883  62.230 0.0000000000
42117  -9.826  -23.175  50.601 0.0000000000
42972  -9.624  -22.756  51.064 0.0000000000
59187  -33.101  -6.746  33.822 0.0000000000
59214  -33.451  -7.327  32.492 0.0000000000
60079  -31.542  -5.027  37.563 0.0000000000
60098  -33.459  -5.539  35.217 0.0000000000
60115  -36.154  -5.966  34.278 0.0000000000
61063  -36.377  -4.969  30.561 0.0000000000
61092  -32.842  -4.597  29.445 0.0000000000
114415  -27.773  -7.428  44.199 0.0000000000
124186  -30.290  -15.549  47.758 0.0000000000
127782  -33.993  -7.234  32.016 0.0000000000
128279  -35.336  -5.808  31.526 0.0000000000
132984  -36.152  -5.532  35.915 0.0000000000
133138  -36.660  -2.456  28.559 0.0000000000
