#!ascii label  , from subject sub-v1s20x0050305_ses-1 vox2ras=TkReg
579
12750  -30.941  -59.236  -21.251 0.5000000000
12748  -29.607  -59.708  -20.679 0.8000000119
14312  -28.200  -58.048  -19.480 0.8000000119
13551  -28.647  -58.848  -19.859 0.8000000119
13552  -29.394  -58.921  -20.285 0.8000000119
107421  -31.828  -60.173  -22.845 0.5000000000
12006  -30.285  -59.726  -21.131 0.5000000000
12749  -30.158  -59.018  -20.729 0.6000000238
14311  -27.513  -57.155  -19.157 0.6999999881
119939  -28.530  -57.181  -19.586 0.6999999881
131566  -29.660  -57.726  -20.149 0.8000000119
119793  -29.906  -58.240  -20.365 0.6999999881
110988  -32.511  -59.561  -22.720 0.6000000238
12751  -31.738  -59.484  -21.935 0.5000000000
13565  -31.676  -58.664  -21.427 0.6000000238
15124  -26.169  -56.121  -20.325 0.6999999881
13554  -31.630  -57.896  -21.239 0.6000000238
15981  -26.884  -55.766  -19.882 0.6999999881
14310  -26.609  -56.830  -18.979 0.6999999881
13553  -30.835  -58.267  -20.822 0.6000000238
14328  -31.168  -57.288  -20.872 0.6000000238
14313  -29.374  -57.191  -19.940 0.8000000119
14327  -30.205  -57.390  -20.382 0.8000000119
130766  -33.734  -58.777  -23.013 0.4000000060
107423  -32.339  -58.937  -21.988 0.6000000238
15137  -26.163  -56.202  -21.480 0.6999999881
14344  -32.061  -57.151  -21.408 0.6000000238
15995  -26.570  -55.600  -20.653 0.6999999881
15110  -27.187  -56.309  -19.383 0.6999999881
15111  -28.017  -56.351  -19.497 0.6999999881
15112  -28.862  -56.382  -19.744 0.6999999881
119397  -30.668  -56.456  -20.591 0.6999999881
122482  -31.161  -55.634  -20.863 0.5000000000
15983  -28.355  -55.706  -19.739 0.6000000238
15125  -29.749  -56.408  -20.084 0.6000000238
15999  -30.113  -55.388  -20.370 0.6000000238
107427  -34.518  -58.141  -23.011 0.4000000060
111857  -33.024  -58.795  -22.547 0.5000000000
16016  -26.949  -56.831  -22.791 0.6999999881
111578  -32.492  -58.063  -21.811 0.6000000238
15139  -33.167  -57.004  -21.912 0.6000000238
15996  -27.229  -55.088  -20.487 0.6999999881
15982  -27.648  -55.627  -19.758 0.6999999881
15126  -31.583  -56.425  -21.069 0.5000000000
15997  -28.190  -54.835  -20.071 0.6999999881
15998  -29.091  -55.524  -19.920 0.6000000238
16000  -30.827  -54.852  -20.723 0.5000000000
16865  -29.143  -54.533  -20.259 0.5000000000
15160  -26.065  -57.458  -24.201 0.6000000238
15161  -26.761  -57.399  -24.347 0.6000000238
14356  -35.133  -57.359  -22.885 0.5000000000
15157  -26.764  -57.856  -23.937 0.6999999881
15148  -26.699  -57.632  -23.484 0.6999999881
107424  -33.532  -57.981  -22.477 0.5000000000
15140  -33.988  -56.597  -21.956 0.4000000060
16007  -26.749  -55.503  -21.547 0.6999999881
16008  -27.207  -54.857  -21.486 0.6999999881
114455  -33.370  -56.037  -21.553 0.5000000000
16863  -27.663  -54.290  -20.948 0.6999999881
129615  -31.996  -55.669  -21.239 0.5000000000
16009  -31.858  -54.827  -21.161 0.5000000000
16864  -28.455  -53.928  -20.634 0.5000000000
126931  -29.167  -53.746  -20.602 0.5000000000
16866  -30.051  -54.168  -20.585 0.5000000000
16867  -31.090  -54.216  -20.831 0.5000000000
16872  -32.099  -53.804  -21.078 0.3000000119
15142  -35.321  -56.807  -22.065 0.3000000119
15159  -25.155  -56.542  -24.300 0.6000000238
16026  -26.104  -56.714  -24.656 0.6000000238
15151  -35.296  -57.093  -22.607 0.4000000060
15150  -34.691  -56.973  -22.342 0.4000000060
15149  -27.479  -57.454  -23.809 0.6000000238
16017  -27.859  -56.799  -23.438 0.6999999881
129485  -27.431  -55.660  -22.442 0.6999999881
16010  -32.837  -55.260  -21.340 0.5000000000
120316  -32.750  -54.467  -21.145 0.4000000060
17693  -30.756  -53.504  -20.943 0.5000000000
132481  -24.737  -55.441  -24.379 0.6000000238
16884  -25.464  -55.687  -24.664 0.6000000238
118445  -26.235  -55.890  -24.930 0.6000000238
16027  -27.008  -56.675  -24.665 0.6000000238
16028  -28.093  -56.606  -24.419 0.6000000238
16012  -33.882  -56.078  -21.517 0.3000000119
16011  -33.499  -55.457  -21.243 0.3000000119
16018  -28.451  -55.978  -23.480 0.6000000238
16874  -33.192  -54.674  -21.037 0.3000000119
16876  -27.718  -54.603  -22.130 0.6000000238
16873  -32.983  -53.868  -20.864 0.3000000119
16877  -28.550  -54.397  -22.751 0.5000000000
16871  -28.194  -53.776  -21.525 0.5000000000
17701  -32.894  -53.046  -20.965 0.3000000119
17691  -28.871  -53.325  -21.096 0.5000000000
17700  -31.652  -52.863  -21.204 0.3000000119
17697  -28.849  -53.398  -22.070 0.5000000000
17699  -30.424  -52.847  -21.296 0.4000000060
16881  -24.984  -54.664  -24.387 0.5000000000
16885  -25.777  -54.870  -24.830 0.6000000238
16024  -28.267  -57.017  -23.978 0.6000000238
16887  -28.357  -55.382  -24.978 0.5000000000
17683  -33.204  -53.166  -20.370 0.3000000119
18473  -33.412  -52.458  -20.383 0.3000000119
17694  -33.168  -53.109  -20.624 0.3000000119
17705  -29.488  -53.224  -22.676 0.5000000000
18482  -30.341  -52.378  -21.835 0.4000000060
17712  -26.094  -54.021  -24.930 0.5000000000
17713  -27.125  -54.199  -25.531 0.5000000000
16886  -26.966  -55.464  -25.172 0.5000000000
17714  -28.247  -54.230  -25.605 0.5000000000
17674  -32.857  -53.459  -19.819 0.3000000119
17682  -33.294  -52.524  -19.954 0.3000000119
16025  -28.832  -56.198  -24.181 0.6000000238
16882  -29.207  -55.277  -23.861 0.6000000238
18483  -31.466  -51.929  -21.530 0.4000000060
19240  -30.894  -51.534  -22.069 0.4000000060
18493  -26.395  -53.056  -24.840 0.5000000000
18494  -27.317  -52.937  -25.430 0.5000000000
123312  -32.101  -53.824  -19.129 0.4000000060
17673  -32.382  -52.875  -19.403 0.4000000060
16890  -29.046  -54.807  -25.170 0.5000000000
18472  -33.429  -51.822  -20.081 0.3000000119
17716  -29.194  -54.136  -25.579 0.4000000060
16888  -29.248  -55.186  -24.462 0.5000000000
16883  -29.888  -54.586  -24.304 0.4000000060
17710  -30.336  -53.770  -23.897 0.4000000060
19250  -26.682  -52.179  -24.472 0.5000000000
19251  -27.357  -51.808  -24.952 0.5000000000
131596  -31.784  -53.423  -18.959 0.4000000060
18498  -28.324  -53.333  -25.731 0.4000000060
18465  -31.887  -52.165  -19.207 0.4000000060
18471  -32.974  -51.901  -19.651 0.4000000060
18499  -29.221  -53.115  -25.801 0.4000000060
16889  -29.836  -54.573  -24.957 0.4000000060
19223  -33.166  -51.321  -19.892 0.4000000060
17715  -30.616  -54.158  -24.849 0.4000000060
18490  -29.927  -52.704  -22.640 0.4000000060
18491  -30.657  -52.784  -23.745 0.4000000060
18485  -30.340  -52.101  -22.597 0.4000000060
19247  -26.987  -51.369  -23.943 0.5000000000
17664  -30.604  -53.388  -18.078 0.4000000060
17672  -31.403  -53.058  -18.813 0.4000000060
18495  -28.055  -52.381  -25.580 0.4000000060
128214  -30.238  -53.990  -25.451 0.4000000060
19222  -32.354  -51.261  -19.574 0.4000000060
17717  -31.068  -53.636  -25.390 0.4000000060
19237  -31.905  -50.788  -21.415 0.3000000119
20040  -27.635  -50.953  -24.447 0.4000000060
19252  -28.096  -51.466  -25.315 0.4000000060
19210  -31.096  -51.657  -18.994 0.4000000060
19254  -29.051  -51.433  -25.643 0.4000000060
122739  -28.749  -52.096  -25.687 0.4000000060
123843  -29.811  -52.405  -25.877 0.4000000060
18500  -30.493  -53.346  -25.771 0.4000000060
127514  -31.144  -52.804  -25.762 0.4000000060
17711  -31.150  -53.566  -24.798 0.4000000060
18496  -31.357  -52.751  -24.774 0.4000000060
19241  -31.397  -50.761  -22.565 0.4000000060
19248  -30.889  -51.692  -23.431 0.4000000060
128710  -28.530  -49.792  -24.388 0.4000000060
20041  -28.419  -50.541  -25.050 0.4000000060
20042  -29.168  -49.857  -25.151 0.4000000060
20044  -29.457  -50.741  -25.530 0.4000000060
19255  -30.305  -51.703  -25.806 0.4000000060
19256  -31.218  -51.851  -25.564 0.4000000060
133703  -31.948  -50.297  -21.795 0.4000000060
19257  -31.404  -51.509  -25.202 0.4000000060
19253  -31.463  -51.826  -24.768 0.4000000060
19249  -31.549  -50.964  -23.971 0.4000000060
20859  -28.873  -49.132  -24.330 0.4000000060
132667  -29.728  -50.289  -25.514 0.4000000060
20863  -30.093  -49.871  -25.540 0.4000000060
20045  -30.490  -50.827  -25.615 0.4000000060
20864  -31.103  -50.228  -25.588 0.4000000060
20046  -31.299  -51.021  -25.377 0.4000000060
20047  -31.792  -50.383  -25.234 0.4000000060
20031  -31.946  -50.151  -22.409 0.3000000119
20039  -32.134  -50.171  -24.363 0.4000000060
132950  -31.800  -50.415  -23.282 0.4000000060
21716  -29.079  -48.286  -24.368 0.4000000060
21717  -29.665  -48.090  -24.868 0.4000000060
21720  -30.199  -48.398  -25.285 0.4000000060
21721  -30.940  -48.273  -25.604 0.4000000060
128064  -31.606  -49.677  -25.535 0.4000000060
20865  -32.333  -49.331  -25.353 0.4000000060
129958  -32.010  -49.720  -21.600 0.4000000060
20048  -32.473  -49.676  -25.038 0.4000000060
20856  -32.221  -49.883  -23.150 0.4000000060
23514  -29.749  -46.662  -24.816 0.4000000060
23515  -30.510  -46.645  -25.260 0.4000000060
22605  -30.186  -47.534  -25.144 0.4000000060
22609  -31.132  -47.372  -25.617 0.4000000060
20866  -33.105  -49.123  -25.075 0.4000000060
20857  -32.626  -49.459  -23.848 0.5000000000
121829  -29.518  -45.935  -24.546 0.4000000060
129321  -30.053  -46.074  -24.978 0.4000000060
23507  -30.650  -45.832  -25.294 0.4000000060
20862  -33.596  -48.936  -24.823 0.4000000060
20858  -33.167  -49.093  -24.292 0.5000000000
24312  -29.486  -45.165  -24.144 0.4000000060
24313  -30.058  -45.307  -24.846 0.4000000060
24321  -30.738  -44.993  -25.364 0.4000000060
21718  -34.174  -48.463  -24.931 0.5000000000
25938  -29.789  -43.161  -23.910 0.4000000060
25122  -29.603  -44.182  -23.743 0.4000000060
124207  -30.107  -43.768  -24.554 0.4000000060
25130  -29.921  -44.605  -24.453 0.4000000060
25939  -30.579  -43.561  -25.267 0.4000000060
117709  -31.391  -43.622  -25.836 0.5000000000
17698  -29.544  -52.889  -21.636 0.5000000000
12007  -30.919  -60.176  -21.871 0.5000000000
13507  -27.333  -58.130  -19.020 0.8000000119
14297  -26.629  -57.543  -18.773 0.6999999881
107420  -32.587  -60.201  -23.957 0.5000000000
112195  -26.055  -56.813  -19.125 0.6999999881
110739  -33.291  -60.091  -23.749 0.5000000000
15123  -25.616  -56.808  -21.022 0.6999999881
110344  -33.925  -59.401  -23.496 0.4000000060
110790  -33.237  -59.539  -23.313 0.4000000060
123970  -34.778  -58.594  -23.324 0.4000000060
14362  -35.449  -57.664  -23.246 0.4000000060
126128  -25.320  -57.277  -23.825 0.6000000238
118253  -24.258  -54.663  -24.034 0.5000000000
17709  -25.384  -53.875  -24.240 0.5000000000
18492  -25.817  -53.137  -24.064 0.5000000000
18489  -26.166  -52.492  -23.961 0.4000000060
20037  -27.249  -50.577  -23.583 0.4000000060
20854  -27.383  -49.707  -23.249 0.4000000060
20038  -27.980  -50.186  -23.890 0.4000000060
20855  -28.192  -49.330  -23.592 0.4000000060
21711  -28.513  -48.602  -23.795 0.4000000060
22604  -29.245  -47.343  -24.474 0.4000000060
23506  -29.182  -46.504  -24.334 0.4000000060
25922  -29.306  -42.728  -23.285 0.4000000060
12747  -28.858  -59.608  -20.242 0.8000000119
13530  -29.123  -58.036  -19.932 0.8000000119
15138  -32.528  -56.226  -21.449 0.5000000000
15158  -27.551  -57.420  -24.116 0.6000000238
14355  -34.212  -57.320  -22.415 0.5000000000
17692  -29.704  -53.323  -20.914 0.5000000000
17704  -29.390  -54.098  -23.354 0.5000000000
18497  -31.442  -52.477  -25.321 0.4000000060
20043  -31.618  -50.977  -24.825 0.4000000060
25131  -30.319  -44.415  -25.018 0.4000000060
8315  -22.299  -65.630  -23.194 0.4000000060
7597  -22.770  -66.383  -22.961 0.4000000060
7585  -23.275  -66.960  -21.453 0.4000000060
7586  -24.121  -67.095  -21.125 0.4000000060
7570  -22.810  -66.390  -20.960 0.4000000060
7584  -22.740  -66.465  -21.977 0.4000000060
7571  -23.575  -66.587  -20.632 0.4000000060
8272  -26.206  -65.260  -20.674 0.5000000000
8281  -22.372  -65.773  -21.559 0.4000000060
7558  -24.628  -65.702  -19.746 0.5000000000
9021  -25.960  -64.811  -20.056 0.6000000238
8268  -21.903  -65.129  -21.054 0.4000000060
8269  -22.448  -65.700  -20.471 0.4000000060
8253  -23.739  -65.517  -19.415 0.4000000060
8271  -25.451  -65.588  -20.183 0.5000000000
118356  -34.839  -59.096  -23.457 0.4000000060
123739  -36.616  -57.445  -23.297 0.3000000119
11271  -31.296  -60.935  -24.236 0.5000000000
112648  -33.018  -60.263  -24.906 0.4000000060
9745  -21.903  -63.852  -18.484 0.4000000060
133364  -24.597  -65.210  -19.226 0.5000000000
8254  -25.288  -65.108  -19.539 0.5000000000
8983  -21.720  -64.347  -19.231 0.4000000060
8252  -22.752  -65.403  -19.578 0.4000000060
9022  -26.511  -64.398  -20.594 0.6000000238
9023  -27.183  -64.035  -21.212 0.6000000238
10529  -27.915  -62.722  -21.221 0.6999999881
127302  -31.752  -60.494  -23.934 0.5000000000
9797  -27.871  -63.442  -21.515 0.6999999881
10539  -29.543  -62.484  -23.071 0.6999999881
11270  -30.604  -61.378  -23.398 0.6999999881
129576  -28.358  -63.020  -21.773 0.6999999881
10531  -29.209  -62.150  -22.128 0.6999999881
9002  -24.127  -64.816  -18.829 0.5000000000
126971  -25.018  -64.605  -19.035 0.6000000238
129041  -26.192  -64.081  -20.075 0.6000000238
10517  -27.019  -62.758  -20.328 0.6000000238
114640  -22.627  -64.229  -18.471 0.4000000060
8985  -23.590  -64.179  -18.484 0.5000000000
9762  -25.418  -63.783  -19.070 0.6000000238
9778  -26.695  -63.504  -20.356 0.6000000238
10518  -27.463  -62.381  -20.654 0.6000000238
15152  -36.042  -57.120  -22.895 0.3000000119
9779  -27.357  -63.129  -20.868 0.6000000238
10530  -28.538  -62.431  -21.612 0.6999999881
12008  -31.117  -60.709  -23.085 0.6000000238
10478  -23.500  -62.676  -17.866 0.6000000238
10495  -24.587  -62.437  -18.101 0.6000000238
11235  -25.265  -61.821  -18.284 0.6999999881
10508  -25.777  -62.966  -19.102 0.6000000238
10509  -26.473  -62.684  -19.731 0.6000000238
11258  -27.617  -61.678  -20.331 0.6000000238
9747  -23.118  -63.520  -18.122 0.5000000000
9003  -24.561  -64.004  -18.675 0.6000000238
10519  -28.070  -62.013  -20.959 0.6000000238
11265  -28.813  -61.730  -21.295 0.6999999881
11266  -29.610  -61.448  -21.685 0.6999999881
11267  -30.404  -61.073  -22.229 0.6999999881
122039  -24.635  -61.632  -17.844 0.6000000238
11236  -25.647  -61.124  -18.500 0.6999999881
10497  -25.978  -62.046  -18.980 0.6999999881
11249  -27.086  -61.298  -19.691 0.6000000238
11259  -28.426  -61.212  -20.539 0.6999999881
11260  -29.190  -61.105  -21.001 0.6999999881
12718  -26.384  -59.582  -18.796 0.6999999881
12737  -27.656  -59.677  -19.568 0.6999999881
11982  -25.980  -60.309  -18.627 0.6999999881
11996  -26.706  -60.464  -19.245 0.6000000238
11997  -27.431  -60.466  -19.657 0.5000000000
11248  -26.350  -61.213  -19.108 0.6999999881
11998  -28.231  -60.290  -20.050 0.6999999881
12004  -29.045  -60.425  -20.599 0.6999999881
12005  -29.872  -60.529  -21.270 0.6000000238
12719  -27.008  -58.994  -19.027 0.6999999881
13529  -27.888  -58.882  -19.442 0.6999999881
12738  -28.274  -59.474  -19.831 0.6999999881
12009  -31.993  -60.402  -25.017 0.5000000000
7572  -24.658  -66.389  -20.444 0.4000000060
9001  -22.027  -65.062  -19.886 0.4000000060
8270  -23.119  -66.043  -20.130 0.4000000060
8238  -23.178  -64.909  -18.849 0.4000000060
8984  -22.354  -64.794  -19.034 0.4000000060
11269  -29.936  -61.807  -22.658 0.6999999881
9763  -26.064  -63.538  -19.673 0.6000000238
10510  -27.048  -62.127  -20.045 0.6000000238
9748  -24.069  -63.341  -18.302 0.6999999881
9749  -25.029  -63.194  -18.601 0.6000000238
118026  -26.574  -61.879  -19.549 0.6000000238
11250  -27.817  -61.039  -19.976 0.6000000238
12736  -27.016  -59.843  -19.340 0.6000000238
119417  -24.952  -61.055  -17.910 0.5000000000
9728  -22.599  -62.910  -17.905 0.4000000060
11219  -23.814  -61.704  -17.622 0.5000000000
11981  -25.191  -60.266  -18.062 0.6000000238
10494  -21.912  -62.380  -17.999 0.4000000060
11233  -22.305  -61.408  -17.844 0.5000000000
11218  -22.820  -62.055  -17.667 0.5000000000
11967  -23.697  -60.793  -17.589 0.5000000000
11980  -24.415  -60.444  -17.751 0.5000000000
12716  -24.533  -59.581  -18.094 0.5000000000
11220  -24.314  -61.101  -17.641 0.5000000000
12717  -25.448  -59.292  -18.347 0.5000000000
130919  -25.463  -58.404  -18.512 0.6999999881
13504  -24.752  -58.715  -18.550 0.6000000238
14296  -25.971  -57.294  -18.756 0.6000000238
11232  -21.529  -61.539  -18.372 0.5000000000
11978  -21.958  -60.739  -18.312 0.5000000000
11979  -22.822  -60.516  -17.933 0.5000000000
12735  -23.798  -59.247  -18.727 0.5000000000
12715  -23.684  -59.967  -17.940 0.5000000000
13506  -26.593  -58.209  -18.692 0.6000000238
13527  -24.400  -58.497  -19.095 0.6000000238
13528  -25.261  -57.885  -18.747 0.5000000000
14309  -25.561  -57.261  -19.223 0.6000000238
12714  -22.249  -60.065  -18.585 0.5000000000
12734  -22.392  -59.507  -18.952 0.5000000000
117380  -22.979  -59.787  -18.606 0.5000000000
13505  -25.945  -57.903  -18.548 0.6000000238
14326  -25.273  -57.415  -20.360 0.6000000238
11995  -21.236  -60.817  -18.657 0.5000000000
132700  -21.618  -60.246  -18.637 0.5000000000
12733  -21.607  -59.560  -18.910 0.5000000000
13525  -22.167  -59.077  -19.460 0.5000000000
13548  -22.745  -58.827  -20.277 0.6000000238
12746  -22.973  -59.337  -19.546 0.4000000060
13563  -22.916  -58.081  -20.984 0.4000000060
13549  -23.503  -58.704  -20.720 0.5000000000
133739  -23.221  -59.106  -20.256 0.5000000000
13526  -23.631  -59.036  -19.929 0.4000000060
115704  -22.957  -57.606  -21.880 0.4000000060
14341  -23.864  -57.768  -22.041 0.5000000000
13564  -24.068  -58.244  -21.313 0.5000000000
14351  -23.476  -57.448  -22.609 0.4000000060
13550  -24.193  -58.577  -20.380 0.6000000238
14308  -24.917  -57.937  -19.632 0.6000000238
15136  -25.944  -57.311  -22.491 0.6000000238
129703  -23.520  -58.093  -21.386 0.5000000000
14352  -24.361  -57.700  -22.831 0.5000000000
14342  -24.642  -57.698  -22.142 0.5000000000
14358  -23.022  -56.979  -22.950 0.4000000060
14359  -23.911  -57.337  -23.180 0.5000000000
14353  -25.426  -57.690  -22.697 0.6000000238
14360  -24.887  -57.552  -23.389 0.5000000000
16023  -24.131  -55.705  -24.050 0.4000000060
15156  -23.395  -56.736  -23.345 0.4000000060
111775  -24.289  -56.793  -23.688 0.5000000000
14361  -25.868  -57.707  -23.645 0.5000000000
14354  -26.053  -57.780  -23.388 0.6000000238
19246  -26.177  -51.662  -23.614 0.3000000119
127736  -25.565  -52.360  -23.617 0.3000000119
17708  -24.664  -53.837  -23.807 0.4000000060
114258  -26.578  -50.181  -23.264 0.3000000119
21710  -27.756  -48.474  -23.383 0.3000000119
131665  -27.616  -49.105  -23.224 0.3000000119
22598  -28.342  -47.710  -23.788 0.3000000119
23500  -28.564  -46.745  -23.885 0.3000000119
24311  -28.852  -45.846  -23.860 0.3000000119
24303  -28.889  -44.951  -23.488 0.3000000119
20036  -26.585  -50.910  -23.445 0.3000000119
121032  -26.103  -58.660  -18.549 0.5000000000
14343  -25.163  -57.485  -21.666 0.6000000238
10540  -30.113  -62.058  -23.693 0.6000000238
11272  -30.819  -61.625  -24.240 0.6000000238
109566  -36.973  -60.074  -22.965 0.3000000119
107408  -36.476  -60.406  -23.189 0.3000000119
107411  -34.744  -60.444  -23.779 0.3000000119
107417  -35.215  -59.717  -23.580 0.3000000119
107407  -35.286  -61.106  -23.622 0.3000000119
107414  -33.826  -60.225  -23.963 0.3000000119
107416  -34.081  -59.594  -23.561 0.3000000119
11273  -31.576  -61.159  -24.806 0.5000000000
125360  -36.247  -59.871  -22.252 0.3000000119
109918  -37.146  -59.783  -23.097 0.3000000119
113686  -36.372  -59.693  -23.434 0.3000000119
115811  -35.986  -58.807  -23.589 0.3000000119
107413  -34.119  -60.859  -24.380 0.3000000119
12010  -32.639  -60.453  -25.245 0.3000000119
11274  -32.156  -60.693  -25.222 0.4000000060
120974  -22.013  -63.192  -18.112 0.4000000060
125652  -35.840  -59.228  -21.530 0.3000000119
125817  -37.450  -59.596  -22.718 0.3000000119
13568  -38.249  -58.963  -22.768 0.3000000119
13570  -37.599  -58.370  -23.450 0.3000000119
6913  -25.419  -67.450  -21.984 0.5000000000
6914  -26.214  -67.025  -22.158 0.5000000000
7598  -23.209  -67.047  -22.409 0.4000000060
6911  -23.812  -67.455  -21.926 0.4000000060
6912  -24.582  -67.449  -21.649 0.4000000060
6920  -25.318  -67.972  -22.742 0.5000000000
118772  -28.089  -64.789  -22.509 0.5000000000
8291  -27.201  -65.974  -22.262 0.5000000000
7588  -25.970  -66.684  -21.507 0.5000000000
7587  -25.113  -66.995  -21.141 0.4000000060
9831  -28.929  -64.288  -23.734 0.6000000238
9044  -28.569  -64.272  -22.774 0.6000000238
8283  -27.398  -65.001  -21.871 0.5000000000
7573  -25.689  -66.130  -20.851 0.4000000060
8282  -26.575  -65.751  -21.431 0.5000000000
114398  -29.375  -63.561  -24.078 0.6000000238
9036  -28.491  -63.592  -22.231 0.6000000238
123301  -27.950  -64.187  -21.978 0.6000000238
9035  -26.787  -64.864  -21.142 0.4000000060
10545  -30.349  -62.350  -24.273 0.6000000238
10555  -34.072  -61.399  -24.434 0.3000000119
11275  -32.013  -61.157  -25.100 0.4000000060
130017  -29.322  -63.068  -23.415 0.6000000238
110689  -34.941  -61.654  -23.756 0.3000000119
111044  -36.083  -61.069  -23.171 0.3000000119
11277  -33.296  -60.846  -25.080 0.3000000119
10546  -30.979  -61.887  -24.487 0.5000000000
10538  -28.952  -62.919  -22.470 0.6000000238
9814  -29.737  -62.769  -23.945 0.6000000238
9813  -29.024  -63.646  -23.116 0.6000000238
10554  -33.407  -61.633  -24.654 0.3000000119
9839  -29.761  -63.921  -24.574 0.5000000000
9840  -30.394  -63.553  -24.586 0.5000000000
9832  -29.956  -63.106  -24.452 0.5000000000
9082  -30.996  -64.099  -24.481 0.4000000060
9841  -31.202  -63.134  -24.492 0.5000000000
9081  -30.230  -64.380  -24.602 0.5000000000
9833  -31.909  -63.833  -23.920 0.4000000060
9842  -32.205  -62.861  -24.247 0.4000000060
10552  -31.529  -61.975  -24.603 0.5000000000
8293  -28.523  -64.977  -23.271 0.5000000000
9066  -29.313  -64.401  -24.300 0.5000000000
10553  -32.471  -61.836  -24.737 0.4000000060
4951  -22.245  -70.832  -24.854 0.3000000119
4325  -22.699  -71.212  -25.251 0.3000000119
4965  -24.107  -71.155  -25.429 0.3000000119
4327  -24.474  -71.002  -24.397 0.4000000060
4340  -23.158  -71.356  -25.798 0.3000000119
4979  -23.268  -71.006  -26.272 0.3000000119
4952  -25.258  -70.475  -23.933 0.4000000060
4966  -24.799  -70.432  -25.279 0.4000000060
4980  -24.147  -70.914  -26.012 0.3000000119
5671  -24.021  -70.431  -26.196 0.3000000119
4953  -26.037  -70.186  -23.507 0.4000000060
5637  -26.422  -69.545  -23.429 0.4000000060
127561  -24.600  -70.257  -25.854 0.4000000060
6364  -24.580  -69.852  -25.812 0.4000000060
6306  -28.759  -68.563  -22.517 0.3000000119
5622  -27.274  -69.408  -22.818 0.4000000060
6319  -27.652  -68.467  -23.326 0.4000000060
5654  -26.164  -69.175  -23.657 0.4000000060
123087  -25.437  -69.423  -23.947 0.4000000060
6342  -24.823  -69.286  -24.981 0.4000000060
6922  -30.513  -68.031  -22.583 0.3000000119
6320  -28.276  -68.314  -23.179 0.4000000060
6963  -27.959  -67.555  -23.657 0.4000000060
6344  -27.567  -68.108  -23.581 0.4000000060
6962  -27.491  -67.870  -23.593 0.4000000060
6940  -27.721  -67.385  -23.610 0.4000000060
6318  -26.032  -68.749  -23.577 0.4000000060
6939  -26.821  -67.939  -23.524 0.4000000060
6317  -25.221  -68.932  -23.883 0.4000000060
6941  -29.199  -67.211  -23.561 0.4000000060
6964  -28.411  -67.249  -23.667 0.4000000060
6938  -25.789  -68.361  -23.389 0.4000000060
6316  -24.397  -68.512  -24.048 0.4000000060
6315  -23.858  -68.480  -24.979 0.4000000060
7637  -28.775  -66.643  -23.727 0.4000000060
7636  -28.196  -66.928  -23.678 0.4000000060
7620  -27.242  -67.140  -23.429 0.4000000060
6921  -26.249  -67.564  -22.923 0.4000000060
6304  -24.851  -68.339  -23.233 0.4000000060
8330  -29.044  -65.823  -23.935 0.4000000060
8316  -28.448  -65.888  -23.550 0.4000000060
8292  -27.910  -65.500  -22.761 0.4000000060
8332  -30.050  -65.145  -24.377 0.4000000060
9065  -28.949  -65.058  -23.970 0.4000000060
9068  -32.619  -64.562  -23.043 0.3000000119
9834  -32.898  -63.672  -23.394 0.3000000119
7599  -26.862  -66.750  -22.697 0.4000000060
9080  -29.713  -64.701  -24.457 0.4000000060
10547  -33.409  -62.737  -23.766 0.3000000119
5636  -25.478  -69.769  -24.156 0.4000000060
4981  -25.024  -69.838  -25.273 0.4000000060
6321  -28.968  -68.069  -23.195 0.4000000060
6307  -29.558  -68.286  -22.525 0.3000000119
6343  -26.747  -68.588  -23.426 0.4000000060
7624  -30.860  -67.487  -23.020 0.3000000119
6322  -29.693  -67.883  -23.102 0.4000000060
6346  -28.592  -67.500  -23.596 0.4000000060
7623  -30.003  -66.817  -23.561 0.4000000060
7621  -28.024  -66.759  -23.632 0.4000000060
7600  -27.656  -66.363  -23.115 0.4000000060
8331  -29.562  -65.424  -24.155 0.4000000060
4942  -27.512  -70.360  -22.130 0.3000000119
133569  -25.708  -71.343  -22.608 0.3000000119
4940  -25.948  -70.842  -23.099 0.3000000119
4941  -26.721  -70.399  -22.786 0.3000000119
4328  -25.089  -71.169  -23.313 0.3000000119
119442  -27.948  -69.717  -22.176 0.3000000119
6305  -28.054  -68.922  -22.616 0.3000000119
8317  -30.708  -66.524  -23.393 0.3000000119
129810  -30.490  -65.635  -23.806 0.3000000119
9067  -31.650  -64.780  -23.570 0.3000000119
5623  -28.621  -69.345  -21.880 0.3000000119
7638  -29.355  -66.244  -23.833 0.3000000119
4307  -26.429  -71.208  -22.350 0.3000000119
5638  -26.974  -68.782  -23.463 0.4000000060
6345  -28.153  -67.843  -23.615 0.4000000060
6942  -30.074  -67.511  -23.194 0.3000000119
7557  -23.903  -66.139  -20.000 0.5000000000
7622  -28.585  -66.473  -23.679 0.4000000060
7639  -29.933  -65.919  -23.917 0.3000000119
8333  -30.734  -64.935  -24.087 0.4000000060
9004  -25.692  -64.314  -19.568 0.6000000238
9079  -29.359  -65.055  -24.204 0.4000000060
9746  -22.422  -63.564  -18.171 0.4000000060
10496  -25.397  -62.515  -18.586 0.6999999881
10551  -30.673  -62.649  -24.456 0.5000000000
11234  -23.064  -61.270  -17.583 0.5000000000
11276  -32.597  -60.964  -25.288 0.3000000119
12752  -38.011  -59.019  -23.121 0.3000000119
14325  -24.666  -58.007  -20.968 0.6000000238
14357  -35.839  -57.333  -23.165 0.4000000060
15108  -25.813  -56.716  -19.848 0.6000000238
15109  -26.480  -56.373  -19.502 0.6999999881
20860  -29.630  -48.948  -25.095 0.4000000060
20861  -32.872  -49.387  -24.691 0.5000000000
25138  -30.877  -44.234  -25.445 0.4000000060
107404  -35.686  -61.701  -23.186 0.3000000119
107409  -36.537  -60.684  -22.991 0.3000000119
107412  -35.783  -60.443  -23.467 0.3000000119
107415  -33.354  -60.272  -24.157 0.3000000119
107418  -37.104  -58.966  -23.494 0.3000000119
107426  -33.171  -60.574  -25.273 0.3000000119
107429  -36.638  -58.066  -23.600 0.3000000119
109991  -32.764  -60.188  -24.921 0.4000000060
113674  -22.110  -66.060  -23.372 0.4000000060
117131  -25.269  -57.780  -23.106 0.5000000000
124089  -25.105  -53.075  -23.687 0.4000000060
125564  -37.730  -59.452  -22.919 0.3000000119
129565  -26.576  -66.430  -21.974 0.5000000000
129830  -31.402  -53.172  -25.297 0.4000000060
131524  -22.105  -64.358  -18.734 0.4000000060
