#!ascii label  , from subject sub-v1s20x0050277_ses-1 vox2ras=TkReg
909
108731  23.534  -16.500  68.574 0.0000000000
57412  41.363  -10.095  49.553 0.0000000000
50568  32.348  -16.930  56.997 0.0000000000
118505  12.801  -25.102  77.358 0.0000000000
48492  22.901  -20.058  71.987 0.0000000000
54498  33.326  -13.111  53.448 0.0000000000
43693  18.348  -24.217  71.904 0.0000000000
102984  16.654  -25.951  75.805 0.0000000000
42789  21.746  -25.265  70.534 0.0000000000
58291  44.626  -9.591  49.031 0.0000000000
54364  24.644  -13.780  65.628 0.0000000000
50480  27.407  -17.062  62.697 0.0000000000
51447  27.660  -16.687  66.447 0.0000000000
61694  42.013  -5.373  48.298 0.0000000000
60846  45.457  -6.314  45.326 0.0000000000
59141  38.224  -8.873  51.215 0.0000000000
54507  41.558  -13.740  52.503 0.0000000000
53627  37.526  -14.031  52.690 0.0000000000
51600  36.510  -16.867  56.182 0.0000000000
48514  26.416  -19.571  69.612 0.0000000000
40783  11.817  -27.813  80.274 0.0000000000
39827  8.669  -28.449  82.539 0.0000000000
106337  6.486  -27.535  86.217 0.0000000000
50403  21.571  -17.241  70.494 0.0000000000
118147  25.585  -24.019  68.501 0.0000000000
54445  27.489  -14.037  58.533 0.0000000000
51510  31.808  -16.143  61.063 0.0000000000
63587  47.485  -3.531  43.347 0.0000000000
58284  43.175  -9.971  49.045 0.0000000000
112691  43.323  -11.724  50.568 0.0000000000
52495  23.426  -15.026  66.644 0.0000000000
51469  25.329  -16.589  65.442 0.0000000000
51431  25.158  -16.534  67.247 0.0000000000
59951  40.310  -7.662  49.509 0.0000000000
61679  41.933  -5.865  49.713 0.0000000000
59962  41.103  -7.525  48.238 0.0000000000
59182  42.880  -8.180  47.753 0.0000000000
36900  7.087  -31.924  85.598 0.0000000000
56442  37.448  -11.420  51.494 0.0000000000
56429  35.739  -11.133  52.056 0.0000000000
52646  32.597  -15.808  54.852 0.0000000000
52644  34.713  -16.000  54.832 0.0000000000
50565  35.069  -17.401  56.641 0.0000000000
50509  34.687  -17.605  58.797 0.0000000000
103078  14.645  -25.422  76.245 0.0000000000
41763  16.770  -26.580  78.081 0.0000000000
41765  14.512  -26.563  78.428 0.0000000000
104547  14.253  -26.946  80.130 0.0000000000
41766  12.551  -26.769  79.009 0.0000000000
41727  9.782  -26.312  81.656 0.0000000000
40744  7.607  -27.927  83.584 0.0000000000
49386  21.658  -18.651  71.296 0.0000000000
48530  23.506  -20.378  68.411 0.0000000000
45619  22.846  -22.305  68.410 0.0000000000
42757  21.782  -26.141  72.797 0.0000000000
105748  23.557  -25.641  72.479 0.0000000000
103218  29.350  -16.757  63.951 0.0000000000
111027  29.974  -16.399  62.268 0.0000000000
57368  34.357  -10.801  53.091 0.0000000000
110159  31.856  -12.274  55.055 0.0000000000
53594  30.598  -14.258  55.459 0.0000000000
103968  19.726  -26.281  73.813 0.0000000000
102929  19.038  -26.402  75.776 0.0000000000
42747  16.905  -25.741  74.121 0.0000000000
43660  14.998  -24.346  75.125 0.0000000000
45534  13.893  -22.565  76.666 0.0000000000
45612  22.706  -23.088  69.998 0.0000000000
44589  22.232  -23.299  71.404 0.0000000000
42778  19.807  -25.045  71.417 0.0000000000
55300  26.316  -13.464  64.132 0.0000000000
53525  25.889  -14.763  61.895 0.0000000000
52522  25.165  -15.832  63.355 0.0000000000
50441  26.877  -17.258  64.946 0.0000000000
63581  44.555  -4.159  45.552 0.0000000000
106309  43.420  -5.498  46.264 0.0000000000
109711  44.837  -7.658  47.300 0.0000000000
57402  39.920  -10.369  50.123 0.0000000000
55464  41.273  -12.227  50.955 0.0000000000
55443  39.654  -12.230  51.165 0.0000000000
53625  39.191  -14.517  52.558 0.0000000000
52655  39.427  -15.732  54.443 0.0000000000
54496  34.984  -13.809  53.052 0.0000000000
122952  37.136  -15.960  54.678 0.0000000000
49400  24.390  -17.454  69.636 0.0000000000
51399  26.137  -16.711  69.794 0.0000000000
59932  39.787  -7.573  51.916 0.0000000000
43608  11.572  -24.395  79.695 0.0000000000
42679  11.001  -25.878  80.264 0.0000000000
113525  10.258  -28.120  81.233 0.0000000000
38858  10.845  -30.219  83.680 0.0000000000
37887  9.042  -30.567  83.711 0.0000000000
38841  6.900  -29.619  84.396 0.0000000000
38824  5.809  -29.824  85.738 0.0000000000
38810  4.458  -29.245  86.913 0.0000000000
51402  22.356  -16.402  69.243 0.0000000000
49410  23.774  -18.518  69.434 0.0000000000
46639  26.847  -21.769  68.330 0.0000000000
42786  23.976  -25.505  69.796 0.0000000000
52622  29.454  -15.673  56.979 0.0000000000
52573  27.084  -15.804  60.177 0.0000000000
51553  29.686  -16.498  59.628 0.0000000000
51551  31.449  -16.733  59.183 0.0000000000
51413  28.128  -16.268  69.006 0.0000000000
62690  49.172  -4.162  42.413 0.0000000000
62673  46.098  -4.516  43.956 0.0000000000
61737  47.697  -5.312  43.620 0.0000000000
58285  42.237  -9.718  48.943 0.0000000000
57410  43.488  -10.581  49.596 0.0000000000
57400  42.032  -11.049  49.977 0.0000000000
52480  23.031  -15.327  67.276 0.0000000000
51451  23.757  -15.705  66.912 0.0000000000
51432  24.339  -16.317  67.345 0.0000000000
58287  40.517  -9.114  49.168 0.0000000000
59158  40.631  -8.191  48.695 0.0000000000
58286  41.361  -9.141  48.772 0.0000000000
58294  42.086  -9.107  48.455 0.0000000000
36901  6.156  -31.471  85.805 0.0000000000
58253  36.347  -9.616  52.383 0.0000000000
58241  35.663  -9.909  52.802 0.0000000000
51625  32.117  -16.312  55.606 0.0000000000
51624  33.146  -16.390  55.497 0.0000000000
50567  33.262  -17.111  56.823 0.0000000000
110402  34.625  -17.658  57.926 0.0000000000
50548  32.948  -17.156  57.496 0.0000000000
42727  13.344  -25.252  76.896 0.0000000000
42715  13.986  -25.966  77.169 0.0000000000
42716  13.185  -25.896  77.627 0.0000000000
114055  13.134  -26.484  78.381 0.0000000000
42705  12.724  -25.958  78.155 0.0000000000
48484  22.128  -19.160  72.014 0.0000000000
116484  22.232  -20.322  70.288 0.0000000000
47596  22.702  -21.103  70.066 0.0000000000
41797  21.908  -26.257  74.894 0.0000000000
55319  27.791  -12.783  62.389 0.0000000000
51487  30.205  -16.341  63.792 0.0000000000
54474  31.123  -13.527  55.194 0.0000000000
55391  30.785  -12.911  55.696 0.0000000000
104317  18.723  -25.658  72.585 0.0000000000
41820  18.798  -26.075  73.536 0.0000000000
42769  17.311  -25.037  72.821 0.0000000000
44563  15.971  -23.435  74.232 0.0000000000
45550  15.108  -22.780  75.335 0.0000000000
44553  14.679  -23.425  75.458 0.0000000000
104663  23.226  -22.731  71.805 0.0000000000
44581  19.454  -23.334  71.726 0.0000000000
44592  19.759  -23.775  71.165 0.0000000000
43692  19.088  -24.653  71.605 0.0000000000
42758  19.734  -26.035  72.873 0.0000000000
54393  25.770  -14.151  63.745 0.0000000000
53488  25.107  -14.549  64.200 0.0000000000
51448  26.052  -16.659  66.069 0.0000000000
51468  26.065  -17.007  65.256 0.0000000000
51467  27.688  -16.938  65.626 0.0000000000
117461  28.336  -16.910  65.486 0.0000000000
51466  28.416  -16.750  66.170 0.0000000000
61695  41.425  -5.777  48.838 0.0000000000
62655  43.415  -4.571  46.662 0.0000000000
61707  42.967  -5.803  46.853 0.0000000000
59166  44.443  -8.868  48.426 0.0000000000
59970  44.144  -7.752  47.369 0.0000000000
59180  44.651  -8.177  47.859 0.0000000000
57403  39.071  -10.154  50.338 0.0000000000
56458  39.662  -10.974  50.531 0.0000000000
56459  38.876  -10.876  50.778 0.0000000000
54521  37.661  -12.886  51.935 0.0000000000
54520  38.500  -13.052  51.719 0.0000000000
53626  38.335  -14.302  52.561 0.0000000000
53611  39.598  -15.019  53.185 0.0000000000
53613  37.815  -14.710  53.092 0.0000000000
56432  33.735  -11.805  53.172 0.0000000000
55430  34.311  -12.366  52.908 0.0000000000
54497  34.245  -13.377  53.182 0.0000000000
51621  36.072  -16.386  55.546 0.0000000000
119468  36.008  -15.604  54.418 0.0000000000
51620  37.076  -16.408  55.432 0.0000000000
51619  38.126  -16.523  55.633 0.0000000000
49399  24.940  -18.444  69.970 0.0000000000
120073  25.240  -17.670  70.303 0.0000000000
59130  38.288  -8.312  52.027 0.0000000000
114268  38.676  -8.380  51.380 0.0000000000
59152  39.367  -8.608  50.216 0.0000000000
41788  18.391  -26.344  76.266 0.0000000000
103738  17.838  -26.334  76.839 0.0000000000
110538  12.549  -27.707  79.943 0.0000000000
40770  13.892  -27.602  81.835 0.0000000000
39832  12.433  -28.365  81.455 0.0000000000
44506  11.342  -23.839  80.418 0.0000000000
43593  11.147  -24.793  80.298 0.0000000000
42680  10.574  -25.070  80.888 0.0000000000
41716  9.195  -26.678  82.225 0.0000000000
40757  9.698  -27.534  81.565 0.0000000000
39826  9.386  -28.485  82.007 0.0000000000
39825  10.099  -29.270  82.025 0.0000000000
38877  9.177  -29.262  82.448 0.0000000000
120601  9.417  -30.260  83.298 0.0000000000
114092  8.536  -29.112  82.832 0.0000000000
40727  6.934  -27.335  85.251 0.0000000000
39808  7.034  -28.865  84.155 0.0000000000
39809  6.516  -28.907  84.794 0.0000000000
38823  6.337  -29.708  85.003 0.0000000000
39793  6.064  -29.018  85.608 0.0000000000
114081  21.058  -15.805  70.677 0.0000000000
52451  21.433  -15.083  69.398 0.0000000000
51403  21.720  -16.477  69.914 0.0000000000
109450  22.803  -17.181  69.561 0.0000000000
111535  22.466  -17.974  69.868 0.0000000000
46648  25.217  -22.294  67.281 0.0000000000
47609  25.252  -20.837  67.926 0.0000000000
45625  26.590  -22.701  68.614 0.0000000000
43711  22.170  -24.756  69.984 0.0000000000
44617  22.808  -24.366  69.441 0.0000000000
42787  23.414  -25.514  70.046 0.0000000000
43691  24.458  -25.270  72.252 0.0000000000
54517  41.652  -13.232  51.802 0.0000000000
55441  42.374  -12.851  51.519 0.0000000000
54506  42.276  -13.395  52.323 0.0000000000
54444  27.881  -13.468  58.009 0.0000000000
53585  28.676  -14.110  56.679 0.0000000000
53568  28.102  -15.087  57.920 0.0000000000
52538  25.850  -15.608  62.056 0.0000000000
53536  26.261  -14.750  61.016 0.0000000000
51514  27.032  -16.502  61.677 0.0000000000
51511  30.465  -16.220  61.645 0.0000000000
51534  29.366  -16.450  60.544 0.0000000000
51533  30.333  -16.499  60.294 0.0000000000
51552  30.600  -16.603  59.480 0.0000000000
51532  31.378  -16.591  60.163 0.0000000000
51549  33.115  -17.143  59.910 0.0000000000
51398  27.095  -16.373  69.668 0.0000000000
63592  48.500  -3.551  42.539 0.0000000000
108107  44.479  -4.931  45.178 0.0000000000
62667  45.011  -4.467  44.900 0.0000000000
61727  45.493  -5.571  44.763 0.0000000000
60859  47.696  -6.234  44.586 0.0000000000
60858  48.602  -6.316  44.430 0.0000000000
45591  17.999  -22.962  72.725 0.0000000000
44582  17.455  -23.528  72.756 0.0000000000
58292  43.763  -9.454  48.736 0.0000000000
57408  45.014  -10.317  50.076 0.0000000000
57409  44.302  -10.549  49.822 0.0000000000
54365  24.066  -14.095  66.148 0.0000000000
53480  24.425  -14.521  65.512 0.0000000000
52505  24.435  -15.475  65.652 0.0000000000
51449  25.169  -16.468  66.322 0.0000000000
51430  25.967  -16.602  66.974 0.0000000000
111724  41.694  -6.445  50.967 0.0000000000
59941  41.023  -6.916  50.160 0.0000000000
60813  41.075  -6.575  48.486 0.0000000000
106235  41.586  -7.103  47.905 0.0000000000
60823  42.450  -6.532  47.386 0.0000000000
59961  41.933  -7.919  47.819 0.0000000000
59167  43.366  -8.806  48.242 0.0000000000
36899  7.738  -31.922  85.835 0.0000000000
58263  37.347  -9.071  51.800 0.0000000000
111279  38.007  -10.993  51.144 0.0000000000
57387  36.649  -10.131  51.668 0.0000000000
56443  36.615  -11.104  51.683 0.0000000000
55428  36.831  -12.817  52.199 0.0000000000
53604  32.859  -14.632  53.908 0.0000000000
52671  34.243  -14.908  53.682 0.0000000000
52645  33.652  -15.823  54.721 0.0000000000
51622  35.162  -16.442  55.525 0.0000000000
50564  35.952  -17.547  56.690 0.0000000000
50545  35.328  -17.750  57.332 0.0000000000
50508  35.535  -17.610  59.139 0.0000000000
47595  27.668  -20.501  70.464 0.0000000000
41791  15.283  -25.762  76.302 0.0000000000
41777  16.472  -26.292  77.287 0.0000000000
103583  15.594  -26.107  77.098 0.0000000000
41764  15.288  -26.606  78.545 0.0000000000
41748  14.618  -26.752  79.233 0.0000000000
40797  12.912  -27.333  79.440 0.0000000000
40798  12.176  -27.312  79.579 0.0000000000
42665  10.157  -25.277  81.750 0.0000000000
41700  8.948  -26.186  82.985 0.0000000000
41717  8.669  -26.918  82.722 0.0000000000
39816  8.087  -28.510  83.119 0.0000000000
41702  7.771  -27.097  83.812 0.0000000000
41683  7.573  -26.807  84.729 0.0000000000
41667  7.423  -26.505  85.584 0.0000000000
121556  21.693  -18.429  70.732 0.0000000000
49412  22.096  -18.892  69.873 0.0000000000
47585  21.930  -19.656  70.012 0.0000000000
46633  22.770  -21.449  68.604 0.0000000000
120952  24.501  -23.317  67.519 0.0000000000
42765  22.154  -25.930  71.984 0.0000000000
42764  22.904  -25.829  71.718 0.0000000000
110130  22.692  -25.875  72.657 0.0000000000
54495  41.363  -14.207  53.221 0.0000000000
54431  27.130  -13.766  59.312 0.0000000000
50472  28.544  -17.023  63.694 0.0000000000
51497  27.808  -16.860  62.012 0.0000000000
51495  29.639  -16.581  63.057 0.0000000000
51494  30.433  -16.179  62.980 0.0000000000
63583  46.927  -3.157  43.879 0.0000000000
36893  4.558  -31.547  86.591 0.0000000000
56410  34.009  -11.369  54.503 0.0000000000
56412  32.664  -11.851  53.937 0.0000000000
55400  32.107  -12.320  54.323 0.0000000000
53605  31.721  -13.908  54.552 0.0000000000
52662  31.332  -14.708  55.036 0.0000000000
52647  31.364  -15.796  55.622 0.0000000000
105349  21.026  -26.462  75.157 0.0000000000
41799  20.767  -26.457  75.949 0.0000000000
41800  19.640  -26.448  75.243 0.0000000000
41801  18.208  -26.231  75.348 0.0000000000
41813  17.198  -26.017  75.122 0.0000000000
43682  16.607  -24.945  73.442 0.0000000000
42748  16.082  -25.179  74.225 0.0000000000
41802  15.756  -25.677  75.635 0.0000000000
42737  14.896  -25.172  75.629 0.0000000000
43649  13.667  -24.428  76.326 0.0000000000
43635  12.960  -24.343  77.022 0.0000000000
46616  23.418  -21.877  70.702 0.0000000000
45598  23.327  -22.630  70.834 0.0000000000
45599  22.758  -23.239  70.742 0.0000000000
44606  21.610  -24.073  70.349 0.0000000000
44579  21.100  -23.090  71.843 0.0000000000
44591  20.370  -23.768  70.866 0.0000000000
42776  21.342  -25.509  71.021 0.0000000000
41827  20.802  -26.205  72.707 0.0000000000
41819  20.488  -26.359  73.603 0.0000000000
54391  27.082  -13.171  63.664 0.0000000000
54407  27.129  -13.310  62.801 0.0000000000
54392  26.433  -13.763  63.267 0.0000000000
53526  25.509  -15.284  62.702 0.0000000000
52539  25.537  -16.132  62.781 0.0000000000
52515  24.837  -16.096  64.859 0.0000000000
51481  25.559  -17.054  63.966 0.0000000000
50474  26.872  -17.225  63.316 0.0000000000
50459  28.154  -17.119  64.285 0.0000000000
51464  29.901  -16.468  65.524 0.0000000000
63572  44.092  -3.864  46.411 0.0000000000
62654  43.917  -4.726  45.841 0.0000000000
60848  43.851  -6.197  45.894 0.0000000000
60822  43.014  -6.943  47.109 0.0000000000
59978  44.426  -7.356  46.880 0.0000000000
57413  40.262  -9.762  49.715 0.0000000000
57401  41.190  -10.962  50.230 0.0000000000
106016  40.418  -11.006  50.406 0.0000000000
55465  40.507  -12.232  51.047 0.0000000000
113585  40.181  -12.809  51.361 0.0000000000
56441  38.860  -11.723  51.148 0.0000000000
54519  39.456  -13.163  51.577 0.0000000000
109177  40.720  -14.173  52.432 0.0000000000
53610  40.616  -14.813  53.336 0.0000000000
52654  40.231  -15.333  54.810 0.0000000000
57379  34.693  -10.741  52.762 0.0000000000
54512  35.859  -12.760  52.464 0.0000000000
53628  36.652  -13.650  52.745 0.0000000000
52670  34.970  -15.057  53.684 0.0000000000
52669  35.920  -15.014  53.863 0.0000000000
52668  37.316  -15.100  53.611 0.0000000000
52656  38.502  -15.824  54.219 0.0000000000
51400  24.147  -16.933  69.108 0.0000000000
116500  24.807  -16.736  68.985 0.0000000000
50400  25.225  -17.030  69.676 0.0000000000
51381  26.016  -17.149  70.374 0.0000000000
59139  39.940  -7.930  50.972 0.0000000000
58276  39.796  -8.953  49.550 0.0000000000
45498  12.553  -23.075  78.415 0.0000000000
44519  12.159  -23.231  78.987 0.0000000000
43621  12.207  -24.624  78.428 0.0000000000
42707  11.848  -24.963  79.035 0.0000000000
113441  11.549  -26.186  79.629 0.0000000000
41735  11.427  -26.964  79.968 0.0000000000
106891  10.341  -26.012  81.029 0.0000000000
40772  10.428  -27.529  81.013 0.0000000000
39840  11.261  -28.254  80.922 0.0000000000
38887  10.923  -29.286  81.952 0.0000000000
38857  11.532  -29.786  83.280 0.0000000000
37881  8.311  -30.806  84.189 0.0000000000
39817  7.525  -28.735  83.597 0.0000000000
38840  7.483  -29.537  83.813 0.0000000000
36907  7.808  -31.078  84.608 0.0000000000
36908  7.132  -31.119  84.891 0.0000000000
37875  6.344  -30.634  85.251 0.0000000000
37869  5.153  -30.969  86.234 0.0000000000
40717  5.557  -28.297  87.153 0.0000000000
121191  4.942  -29.242  86.972 0.0000000000
37870  4.473  -30.388  86.544 0.0000000000
52481  22.333  -14.986  67.797 0.0000000000
52465  21.808  -15.032  68.582 0.0000000000
51416  22.922  -16.099  68.532 0.0000000000
121144  23.579  -17.209  69.356 0.0000000000
50401  23.401  -17.792  69.610 0.0000000000
48515  25.538  -19.289  69.371 0.0000000000
48517  23.286  -19.515  68.845 0.0000000000
48528  25.374  -19.921  68.549 0.0000000000
47601  26.885  -20.413  68.980 0.0000000000
45611  22.513  -22.863  69.100 0.0000000000
44627  23.897  -23.860  68.173 0.0000000000
43725  25.112  -24.634  68.724 0.0000000000
42763  23.742  -25.629  71.455 0.0000000000
43701  24.506  -25.303  71.125 0.0000000000
44603  25.769  -24.243  70.161 0.0000000000
56455  42.474  -11.696  50.459 0.0000000000
54465  29.286  -13.548  56.320 0.0000000000
52631  29.677  -15.249  56.353 0.0000000000
103402  30.811  -16.276  56.739 0.0000000000
54411  26.389  -14.110  61.407 0.0000000000
120750  26.482  -14.797  60.343 0.0000000000
53556  27.151  -14.766  59.068 0.0000000000
51513  28.291  -16.644  61.442 0.0000000000
51555  27.786  -16.204  59.868 0.0000000000
52609  27.760  -15.416  58.619 0.0000000000
51571  29.595  -16.237  58.175 0.0000000000
51570  30.459  -16.496  58.133 0.0000000000
51568  32.296  -16.933  57.873 0.0000000000
50511  33.066  -17.217  59.079 0.0000000000
103507  25.522  -16.635  69.024 0.0000000000
104943  26.409  -16.536  68.833 0.0000000000
104043  27.573  -16.522  67.364 0.0000000000
51412  29.058  -16.241  68.522 0.0000000000
51428  29.136  -16.398  67.609 0.0000000000
63590  49.789  -3.622  41.850 0.0000000000
63584  46.225  -3.620  44.156 0.0000000000
63588  46.797  -4.046  43.593 0.0000000000
60860  46.842  -6.123  44.702 0.0000000000
61738  46.875  -4.938  43.723 0.0000000000
62680  47.618  -4.466  43.282 0.0000000000
61747  48.899  -5.019  43.000 0.0000000000
61746  49.753  -5.093  42.747 0.0000000000
57411  42.547  -10.469  49.468 0.0000000000
51433  23.458  -16.052  67.789 0.0000000000
36892  5.481  -32.083  86.425 0.0000000000
122841  32.028  -16.653  56.348 0.0000000000
51604  32.737  -16.788  56.198 0.0000000000
42717  12.565  -25.276  77.947 0.0000000000
47584  23.046  -20.889  71.106 0.0000000000
41798  21.588  -26.359  75.788 0.0000000000
105182  22.253  -26.168  75.673 0.0000000000
42768  18.019  -25.056  72.350 0.0000000000
42759  17.908  -25.695  72.969 0.0000000000
44593  19.079  -23.856  71.510 0.0000000000
113383  18.668  -25.069  72.015 0.0000000000
54375  24.806  -14.043  64.879 0.0000000000
103061  26.835  -16.634  66.716 0.0000000000
102680  26.885  -16.850  65.839 0.0000000000
51446  28.392  -16.500  67.034 0.0000000000
61685  42.101  -5.198  49.159 0.0000000000
62641  42.497  -4.694  48.583 0.0000000000
62647  42.554  -4.909  47.764 0.0000000000
62656  42.915  -5.140  47.038 0.0000000000
61701  42.452  -5.729  47.476 0.0000000000
59165  45.281  -8.386  48.435 0.0000000000
36905  9.125  -31.301  85.172 0.0000000000
57385  38.254  -9.863  50.827 0.0000000000
54511  37.331  -13.415  52.357 0.0000000000
54510  38.032  -13.602  52.188 0.0000000000
55411  33.152  -12.150  53.510 0.0000000000
55410  33.735  -12.554  53.220 0.0000000000
51599  37.472  -16.847  56.316 0.0000000000
48505  25.827  -18.856  70.157 0.0000000000
48504  26.552  -19.029  70.599 0.0000000000
58277  38.752  -9.028  50.538 0.0000000000
103065  17.563  -26.160  76.031 0.0000000000
41789  17.015  -26.185  76.661 0.0000000000
40782  12.529  -27.992  80.608 0.0000000000
40771  13.220  -27.873  81.189 0.0000000000
39839  11.898  -28.251  80.948 0.0000000000
43594  10.854  -24.346  80.818 0.0000000000
40758  8.926  -27.626  82.280 0.0000000000
40733  6.845  -28.169  84.619 0.0000000000
119409  6.449  -28.199  85.459 0.0000000000
51371  20.999  -16.264  71.353 0.0000000000
52425  21.086  -15.383  71.048 0.0000000000
51382  21.215  -16.476  70.584 0.0000000000
50402  22.138  -17.221  69.975 0.0000000000
49401  21.883  -18.130  70.343 0.0000000000
44635  25.233  -23.053  67.397 0.0000000000
44625  25.797  -23.339  68.047 0.0000000000
44614  26.165  -23.544  68.962 0.0000000000
111745  26.239  -23.767  69.727 0.0000000000
43728  23.086  -25.151  69.666 0.0000000000
42788  22.617  -25.393  70.329 0.0000000000
53579  27.841  -14.319  57.834 0.0000000000
106459  26.457  -16.595  62.374 0.0000000000
52558  26.364  -15.956  61.456 0.0000000000
116755  27.188  -16.781  62.195 0.0000000000
118472  31.309  -15.895  61.901 0.0000000000
108306  30.153  -16.322  60.975 0.0000000000
108360  30.907  -16.195  61.003 0.0000000000
51509  32.679  -16.133  61.132 0.0000000000
64456  48.053  -3.066  42.988 0.0000000000
63593  48.010  -3.831  42.979 0.0000000000
61715  44.808  -5.637  45.121 0.0000000000
120335  45.000  -5.111  44.787 0.0000000000
117094  18.681  -22.704  72.900 0.0000000000
45579  18.088  -22.606  73.494 0.0000000000
122272  19.191  -22.589  73.067 0.0000000000
58283  44.028  -10.085  49.227 0.0000000000
57398  43.838  -11.141  50.198 0.0000000000
53473  23.379  -14.329  66.588 0.0000000000
52506  24.003  -14.786  66.162 0.0000000000
52494  24.052  -15.389  66.357 0.0000000000
122906  24.761  -16.371  66.793 0.0000000000
59942  40.463  -7.488  50.632 0.0000000000
59950  40.632  -7.111  48.947 0.0000000000
58293  42.859  -9.295  48.581 0.0000000000
59168  42.456  -8.662  48.135 0.0000000000
57386  37.386  -9.910  51.298 0.0000000000
58264  36.873  -9.467  51.886 0.0000000000
57377  35.951  -10.279  52.096 0.0000000000
105573  36.291  -11.975  52.017 0.0000000000
111999  32.944  -15.314  54.298 0.0000000000
122843  34.172  -16.887  56.108 0.0000000000
51623  34.170  -16.495  55.562 0.0000000000
51602  34.730  -16.902  56.103 0.0000000000
51601  35.590  -16.886  56.132 0.0000000000
50528  35.483  -17.761  58.201 0.0000000000
50497  34.717  -17.472  59.699 0.0000000000
59131  37.702  -8.648  52.369 0.0000000000
41792  14.754  -25.841  76.826 0.0000000000
41779  13.909  -26.400  77.950 0.0000000000
41778  14.869  -26.320  77.697 0.0000000000
41749  13.824  -26.670  78.726 0.0000000000
40807  13.199  -26.886  78.973 0.0000000000
41701  8.354  -26.627  83.385 0.0000000000
49380  21.749  -18.430  72.100 0.0000000000
50375  21.290  -17.782  71.792 0.0000000000
114316  21.028  -16.996  71.825 0.0000000000
111486  21.836  -18.930  70.491 0.0000000000
46628  22.536  -21.148  69.262 0.0000000000
46642  23.537  -21.788  67.756 0.0000000000
42756  22.450  -25.958  73.433 0.0000000000
55331  27.634  -12.861  59.892 0.0000000000
114365  26.944  -13.549  60.152 0.0000000000
51488  28.936  -16.870  63.152 0.0000000000
52521  30.934  -15.859  63.615 0.0000000000
113162  4.129  -30.903  86.579 0.0000000000
56411  33.165  -11.544  54.180 0.0000000000
54484  32.107  -13.229  54.147 0.0000000000
54485  31.633  -12.904  54.729 0.0000000000
121357  31.309  -15.347  55.300 0.0000000000
52648  30.785  -15.204  55.560 0.0000000000
41810  20.258  -26.449  74.578 0.0000000000
116333  20.327  -26.488  75.409 0.0000000000
41811  19.320  -26.339  74.463 0.0000000000
42746  17.816  -25.928  73.794 0.0000000000
41812  18.475  -26.196  74.463 0.0000000000
120651  17.718  -26.065  74.559 0.0000000000
44571  17.008  -23.446  73.209 0.0000000000
43681  17.001  -24.218  72.956 0.0000000000
44572  16.501  -23.801  73.566 0.0000000000
43672  15.591  -24.374  74.498 0.0000000000
43671  16.090  -24.395  73.941 0.0000000000
42736  16.280  -25.713  74.907 0.0000000000
42749  15.532  -25.187  74.938 0.0000000000
44539  13.981  -23.376  76.044 0.0000000000
43661  14.365  -24.286  75.709 0.0000000000
44525  13.405  -23.415  76.816 0.0000000000
46608  23.727  -21.533  71.669 0.0000000000
103874  23.727  -22.092  71.689 0.0000000000
104703  22.012  -23.593  70.526 0.0000000000
120279  19.552  -24.283  71.245 0.0000000000
43702  20.218  -24.481  70.921 0.0000000000
42790  20.978  -25.005  70.671 0.0000000000
42777  20.611  -25.379  71.221 0.0000000000
42766  21.293  -25.894  71.788 0.0000000000
41828  20.271  -25.736  71.983 0.0000000000
41809  21.152  -26.437  74.259 0.0000000000
108055  26.916  -13.035  64.523 0.0000000000
53504  25.286  -14.973  63.443 0.0000000000
50442  26.012  -17.231  64.576 0.0000000000
50461  26.382  -17.326  64.043 0.0000000000
50460  27.329  -17.296  64.192 0.0000000000
50440  27.837  -17.114  64.927 0.0000000000
51465  29.089  -16.769  65.752 0.0000000000
61678  42.598  -5.256  50.103 0.0000000000
64437  44.548  -3.224  46.663 0.0000000000
63564  44.188  -3.438  47.094 0.0000000000
61716  44.096  -5.572  45.541 0.0000000000
59972  42.360  -7.299  47.472 0.0000000000
59971  43.327  -7.661  47.383 0.0000000000
59979  43.756  -7.194  46.899 0.0000000000
60834  44.267  -6.845  46.252 0.0000000000
122900  40.652  -10.451  50.024 0.0000000000
116162  39.458  -11.510  50.890 0.0000000000
56457  40.109  -11.602  50.791 0.0000000000
55445  38.106  -12.112  51.523 0.0000000000
54509  38.867  -13.787  52.079 0.0000000000
54508  39.765  -14.036  52.085 0.0000000000
53624  40.002  -14.643  52.645 0.0000000000
52666  39.083  -15.462  53.668 0.0000000000
53603  40.010  -15.316  53.929 0.0000000000
57367  34.945  -10.355  53.164 0.0000000000
54513  35.013  -13.040  52.813 0.0000000000
55429  34.989  -12.124  52.539 0.0000000000
53629  35.707  -13.652  52.966 0.0000000000
52660  34.418  -15.487  54.112 0.0000000000
52658  36.729  -15.468  54.165 0.0000000000
115078  36.657  -14.858  53.643 0.0000000000
52657  37.601  -15.688  54.136 0.0000000000
49385  26.472  -18.199  71.175 0.0000000000
50387  26.143  -17.624  70.824 0.0000000000
59931  40.535  -7.360  51.621 0.0000000000
111407  39.412  -9.532  49.923 0.0000000000
102930  19.869  -26.477  76.077 0.0000000000
41786  20.457  -26.476  76.695 0.0000000000
103468  19.729  -26.499  76.868 0.0000000000
105452  14.101  -27.214  81.054 0.0000000000
45515  13.014  -22.674  78.149 0.0000000000
44512  11.798  -23.544  79.671 0.0000000000
43622  11.929  -24.034  79.018 0.0000000000
39841  10.720  -28.098  80.991 0.0000000000
39824  11.575  -28.803  81.593 0.0000000000
39833  10.674  -28.720  81.390 0.0000000000
38876  10.815  -29.746  82.667 0.0000000000
38860  8.879  -29.855  83.095 0.0000000000
120092  9.663  -30.758  84.267 0.0000000000
37880  9.097  -31.021  84.514 0.0000000000
37888  8.162  -30.139  83.632 0.0000000000
37882  7.484  -30.404  84.254 0.0000000000
37883  6.795  -30.321  84.691 0.0000000000
37876  5.695  -30.561  85.850 0.0000000000
40716  6.012  -27.611  87.214 0.0000000000
39756  4.919  -28.558  87.312 0.0000000000
106088  4.136  -29.798  86.611 0.0000000000
53465  22.384  -14.297  67.585 0.0000000000
51418  21.770  -15.702  69.250 0.0000000000
51417  22.269  -15.602  68.522 0.0000000000
51401  23.167  -16.729  69.040 0.0000000000
48516  24.503  -19.219  69.049 0.0000000000
48518  22.308  -19.618  69.345 0.0000000000
103444  26.170  -21.358  67.937 0.0000000000
47608  26.180  -20.538  68.356 0.0000000000
46638  26.796  -21.023  68.367 0.0000000000
46632  27.212  -21.201  68.806 0.0000000000
45609  27.334  -21.913  69.301 0.0000000000
106124  22.973  -22.393  69.957 0.0000000000
44604  22.606  -23.571  69.443 0.0000000000
42801  23.742  -25.337  69.513 0.0000000000
44616  23.048  -23.765  68.910 0.0000000000
43727  23.655  -24.805  68.947 0.0000000000
43737  24.505  -24.608  68.556 0.0000000000
43726  24.391  -25.181  69.221 0.0000000000
122030  25.019  -24.874  72.516 0.0000000000
43690  25.247  -24.762  71.819 0.0000000000
43700  25.173  -24.815  70.666 0.0000000000
56456  41.649  -11.642  50.518 0.0000000000
55463  42.044  -12.253  50.915 0.0000000000
102440  30.120  -12.394  56.703 0.0000000000
52632  28.981  -14.953  56.765 0.0000000000
51606  30.143  -15.861  56.562 0.0000000000
51587  30.073  -16.200  57.352 0.0000000000
54408  26.400  -14.012  62.347 0.0000000000
54410  27.110  -13.481  61.942 0.0000000000
52574  26.509  -15.405  60.698 0.0000000000
116978  26.701  -14.397  59.817 0.0000000000
52594  26.763  -15.151  59.852 0.0000000000
51496  28.933  -16.755  62.175 0.0000000000
118003  28.889  -16.524  61.248 0.0000000000
51535  28.273  -16.442  60.628 0.0000000000
51554  28.704  -16.389  59.745 0.0000000000
52592  28.168  -16.066  59.078 0.0000000000
52608  28.669  -15.817  58.237 0.0000000000
51572  29.134  -16.278  58.939 0.0000000000
103747  30.778  -16.616  58.778 0.0000000000
51569  31.406  -16.733  58.239 0.0000000000
118641  32.260  -16.932  58.713 0.0000000000
51530  33.927  -17.192  60.191 0.0000000000
51414  27.384  -16.450  68.429 0.0000000000
63591  48.955  -3.118  41.860 0.0000000000
111063  50.041  -4.422  42.268 0.0000000000
63571  44.802  -3.368  45.988 0.0000000000
62674  45.483  -4.880  44.406 0.0000000000
63585  45.565  -4.046  44.504 0.0000000000
61725  47.933  -5.899  44.061 0.0000000000
61726  47.190  -5.669  44.145 0.0000000000
62679  48.195  -5.004  43.204 0.0000000000
57399  42.951  -11.140  49.997 0.0000000000
59159  40.147  -8.420  49.284 0.0000000000
59169  41.536  -8.436  48.241 0.0000000000
36891  6.464  -32.471  86.303 0.0000000000
58240  36.344  -9.481  53.192 0.0000000000
57378  35.240  -10.476  52.505 0.0000000000
51603  33.610  -16.859  56.123 0.0000000000
50566  34.168  -17.228  56.629 0.0000000000
50546  34.587  -17.568  57.204 0.0000000000
50547  33.780  -17.404  57.541 0.0000000000
50529  33.846  -17.477  58.492 0.0000000000
42726  14.063  -25.356  76.505 0.0000000000
110469  12.525  -26.200  78.572 0.0000000000
42631  8.721  -25.720  84.725 0.0000000000
48493  22.015  -19.718  71.003 0.0000000000
46627  22.525  -21.977  69.109 0.0000000000
41817  21.857  -26.185  73.848 0.0000000000
55323  27.716  -12.876  61.571 0.0000000000
51478  30.032  -16.448  64.655 0.0000000000
52513  30.763  -15.970  64.443 0.0000000000
55390  31.365  -12.699  55.393 0.0000000000
54475  30.477  -13.500  55.624 0.0000000000
42760  17.256  -25.538  73.366 0.0000000000
120488  16.444  -23.135  73.927 0.0000000000
44552  15.289  -23.442  74.861 0.0000000000
44580  20.235  -23.360  71.339 0.0000000000
42767  19.360  -25.462  72.028 0.0000000000
54374  25.514  -13.697  64.498 0.0000000000
52514  24.897  -15.532  64.063 0.0000000000
51445  29.144  -16.539  66.708 0.0000000000
62631  42.753  -4.645  49.388 0.0000000000
63565  43.564  -3.897  47.346 0.0000000000
107586  43.042  -4.542  47.351 0.0000000000
59181  43.809  -8.290  47.825 0.0000000000
59179  45.333  -7.817  47.860 0.0000000000
55446  37.180  -12.074  51.789 0.0000000000
53612  38.680  -14.908  53.093 0.0000000000
57361  33.956  -11.261  53.318 0.0000000000
56431  34.349  -11.378  52.834 0.0000000000
52643  35.621  -15.975  54.938 0.0000000000
52659  35.269  -15.614  54.208 0.0000000000
52642  36.441  -15.970  54.877 0.0000000000
52641  37.870  -16.157  54.807 0.0000000000
119067  24.329  -17.940  69.896 0.0000000000
49398  25.849  -18.232  70.587 0.0000000000
107630  38.754  -8.007  52.817 0.0000000000
59129  39.036  -7.873  52.085 0.0000000000
59140  39.250  -8.178  51.173 0.0000000000
41787  19.106  -26.467  76.569 0.0000000000
117864  18.516  -26.440  76.956 0.0000000000
40781  13.288  -27.532  80.189 0.0000000000
39823  13.153  -28.197  82.228 0.0000000000
38874  12.330  -28.852  82.360 0.0000000000
39834  9.972  -28.493  81.567 0.0000000000
38859  9.864  -29.991  82.880 0.0000000000
40732  7.275  -27.581  84.300 0.0000000000
108012  7.209  -28.245  84.006 0.0000000000
39757  4.279  -28.325  87.229 0.0000000000
103231  21.337  -15.782  70.008 0.0000000000
49411  22.718  -18.712  69.430 0.0000000000
47610  24.120  -20.943  68.001 0.0000000000
46641  24.692  -21.661  67.419 0.0000000000
46640  25.505  -21.699  67.531 0.0000000000
44605  22.245  -23.787  69.865 0.0000000000
42754  24.139  -25.328  73.262 0.0000000000
120901  41.649  -12.684  51.305 0.0000000000
54505  42.910  -13.165  52.069 0.0000000000
55356  28.333  -12.555  58.285 0.0000000000
118096  28.287  -13.092  57.515 0.0000000000
55380  28.650  -13.277  56.874 0.0000000000
54457  28.143  -13.810  57.255 0.0000000000
53578  28.344  -14.629  57.259 0.0000000000
52623  28.787  -15.388  57.447 0.0000000000
106350  26.108  -15.261  61.402 0.0000000000
51537  26.907  -16.135  60.889 0.0000000000
51512  29.630  -16.432  61.464 0.0000000000
51550  32.284  -16.878  59.598 0.0000000000
51531  32.398  -16.673  60.406 0.0000000000
51380  26.664  -16.723  70.480 0.0000000000
61736  48.548  -5.697  43.626 0.0000000000
112456  17.962  -23.587  72.305 0.0000000000
43694  17.626  -24.287  72.445 0.0000000000
45580  17.437  -22.901  73.303 0.0000000000
45589  20.107  -22.949  72.232 0.0000000000
45590  19.304  -22.835  72.519 0.0000000000
110890  18.640  -23.280  72.137 0.0000000000
58282  45.211  -9.668  49.625 0.0000000000
114073  44.657  -10.066  49.528 0.0000000000
57397  44.678  -10.991  50.465 0.0000000000
51470  24.797  -16.182  65.689 0.0000000000
51450  24.455  -16.025  66.409 0.0000000000
60795  41.670  -6.324  50.184 0.0000000000
60803  41.190  -6.386  49.360 0.0000000000
60812  41.797  -6.299  47.931 0.0000000000
119495  7.807  -31.527  85.199 0.0000000000
104971  37.797  -9.251  51.307 0.0000000000
108226  37.218  -10.736  51.400 0.0000000000
53617  32.757  -13.676  53.746 0.0000000000
117830  33.656  -14.224  53.550 0.0000000000
113609  33.605  -15.146  53.941 0.0000000000
50544  36.235  -17.813  57.520 0.0000000000
50527  36.465  -17.695  58.570 0.0000000000
48513  27.214  -19.951  69.896 0.0000000000
59142  37.849  -8.771  51.716 0.0000000000
41790  16.135  -26.017  76.465 0.0000000000
102389  15.877  -26.451  77.902 0.0000000000
40796  13.658  -26.950  79.458 0.0000000000
42652  9.573  -25.680  82.492 0.0000000000
40743  8.230  -27.572  83.008 0.0000000000
41682  8.154  -26.318  84.253 0.0000000000
41668  6.846  -26.846  86.015 0.0000000000
104551  21.094  -17.157  71.171 0.0000000000
50388  21.479  -17.918  70.950 0.0000000000
47602  22.670  -20.489  68.848 0.0000000000
108025  22.244  -20.356  69.578 0.0000000000
47611  23.254  -21.015  68.308 0.0000000000
45627  24.478  -22.521  67.277 0.0000000000
44626  25.054  -24.005  67.919 0.0000000000
42775  22.147  -25.675  71.127 0.0000000000
42755  23.262  -25.660  73.570 0.0000000000
54494  42.199  -13.731  53.240 0.0000000000
50479  28.242  -17.042  62.868 0.0000000000
119240  30.675  -16.082  62.318 0.0000000000
60833  45.782  -6.909  46.046 0.0000000000
57360  34.389  -10.887  53.748 0.0000000000
117318  33.748  -11.338  53.796 0.0000000000
56419  33.389  -11.636  53.642 0.0000000000
55412  32.576  -12.608  53.800 0.0000000000
118409  32.287  -14.112  54.092 0.0000000000
52661  32.133  -14.950  54.386 0.0000000000
109786  31.751  -15.584  55.039 0.0000000000
51605  31.454  -16.270  56.219 0.0000000000
120375  18.953  -26.336  75.080 0.0000000000
42738  14.289  -24.950  76.033 0.0000000000
44590  21.104  -23.556  70.865 0.0000000000
44607  20.875  -24.206  70.572 0.0000000000
41818  21.217  -26.360  73.416 0.0000000000
104757  27.822  -12.761  63.220 0.0000000000
53503  25.798  -14.497  62.869 0.0000000000
53489  24.631  -15.044  64.795 0.0000000000
51482  25.064  -16.418  64.008 0.0000000000
102709  25.383  -16.856  64.666 0.0000000000
51490  25.360  -16.523  63.438 0.0000000000
51489  25.925  -16.931  63.258 0.0000000000
50473  27.779  -17.199  63.512 0.0000000000
50458  28.785  -16.945  64.364 0.0000000000
51480  28.585  -16.950  64.959 0.0000000000
51479  29.291  -16.767  64.882 0.0000000000
60847  44.540  -6.257  45.603 0.0000000000
60836  42.835  -6.298  47.055 0.0000000000
60835  43.391  -6.446  46.541 0.0000000000
117766  45.028  -6.741  45.933 0.0000000000
110492  40.868  -11.608  50.669 0.0000000000
55442  40.951  -12.911  51.399 0.0000000000
114181  41.073  -13.592  51.908 0.0000000000
55444  38.925  -12.484  51.399 0.0000000000
54518  40.358  -13.504  51.720 0.0000000000
53609  41.227  -14.527  53.836 0.0000000000
53602  40.769  -14.901  54.295 0.0000000000
56430  35.054  -11.256  52.441 0.0000000000
123108  35.565  -11.866  52.246 0.0000000000
53616  34.586  -14.342  53.368 0.0000000000
53615  35.404  -14.378  53.357 0.0000000000
114414  36.252  -14.315  53.327 0.0000000000
53614  37.039  -14.439  53.197 0.0000000000
52667  38.147  -15.353  53.572 0.0000000000
52640  38.782  -16.072  55.044 0.0000000000
51415  24.169  -16.582  68.345 0.0000000000
59151  39.892  -8.165  49.936 0.0000000000
41776  17.331  -26.427  77.448 0.0000000000
45514  13.422  -22.676  77.422 0.0000000000
44526  12.852  -23.434  77.681 0.0000000000
43636  12.564  -24.397  77.783 0.0000000000
44518  12.351  -23.754  78.380 0.0000000000
42706  12.271  -25.510  78.497 0.0000000000
41767  11.983  -25.977  79.060 0.0000000000
42693  11.512  -25.360  79.663 0.0000000000
41750  11.905  -26.675  79.388 0.0000000000
43583  10.569  -24.432  81.465 0.0000000000
41726  10.178  -26.844  81.170 0.0000000000
41736  10.702  -26.821  80.622 0.0000000000
40784  11.024  -27.644  80.548 0.0000000000
38875  11.589  -29.383  82.501 0.0000000000
37886  9.885  -30.477  83.660 0.0000000000
36906  8.466  -31.283  84.860 0.0000000000
38861  8.077  -29.337  83.283 0.0000000000
121630  6.722  -31.371  85.313 0.0000000000
39773  6.045  -28.330  86.445 0.0000000000
39774  5.459  -29.076  86.589 0.0000000000
38816  5.062  -29.928  86.412 0.0000000000
53474  22.831  -14.619  67.087 0.0000000000
51434  22.777  -15.596  67.948 0.0000000000
48529  24.371  -20.037  68.322 0.0000000000
48527  26.128  -19.933  68.905 0.0000000000
103291  27.461  -20.885  69.528 0.0000000000
120184  22.914  -21.778  69.806 0.0000000000
105876  23.056  -23.105  68.413 0.0000000000
42774  23.100  -25.673  70.798 0.0000000000
42773  23.854  -25.579  70.495 0.0000000000
43710  24.494  -25.298  70.109 0.0000000000
43709  25.122  -24.829  69.621 0.0000000000
44615  25.708  -24.238  69.238 0.0000000000
55462  42.851  -12.285  50.959 0.0000000000
55378  30.733  -12.457  56.354 0.0000000000
54464  30.004  -12.983  56.017 0.0000000000
53595  29.915  -13.889  55.816 0.0000000000
53584  29.392  -14.434  56.244 0.0000000000
52649  30.065  -14.764  55.834 0.0000000000
52630  30.782  -15.866  56.088 0.0000000000
51586  31.548  -16.598  56.863 0.0000000000
54418  26.955  -13.500  61.025 0.0000000000
54419  26.493  -14.169  60.571 0.0000000000
51536  27.607  -16.478  61.194 0.0000000000
122701  27.490  -16.244  60.525 0.0000000000
52593  27.383  -15.617  59.403 0.0000000000
121824  29.305  -15.904  57.624 0.0000000000
102873  30.030  -16.487  58.847 0.0000000000
103315  30.984  -16.534  57.460 0.0000000000
106629  31.713  -16.745  57.488 0.0000000000
50530  33.027  -17.237  58.209 0.0000000000
50510  33.886  -17.423  59.393 0.0000000000
104553  24.942  -16.610  68.211 0.0000000000
103084  25.787  -16.636  68.007 0.0000000000
103330  26.681  -16.578  67.721 0.0000000000
51397  27.973  -16.131  70.068 0.0000000000
51429  28.306  -16.426  67.990 0.0000000000
63580  45.229  -3.688  45.250 0.0000000000
64450  46.602  -2.861  44.684 0.0000000000
60861  46.080  -6.050  44.839 0.0000000000
105970  46.252  -5.422  44.302 0.0000000000
62691  48.390  -4.352  42.881 0.0000000000
43712  21.437  -24.675  70.388 0.0000000000
45626  25.979  -22.360  67.710 0.0000000000
45628  23.623  -22.828  67.759 0.0000000000
50368  21.484  -17.164  72.384 0.0000000000
53569  27.633  -14.746  58.373 0.0000000000
106340  21.854  -17.857  72.578 0.0000000000
108134  30.265  -15.431  56.036 0.0000000000
