#!ascii label  , from subject sub-v1s20x0050324_ses-1 vox2ras=TkReg
926
135583  -27.825  -24.463  46.532 0.0000000000
46419  -21.118  -33.613  50.617 0.0000000000
51709  -24.745  -28.589  46.908 0.0000000000
80859  -41.262  -1.537  29.342 0.0000000000
84921  -48.220  2.386  26.525 0.0000000000
49505  -13.455  -30.364  51.645 0.0000000000
78936  -37.410  -3.416  31.282 0.0000000000
58468  -30.152  -22.118  44.856 0.0000000000
139022  -23.832  -24.234  48.386 0.0000000000
157319  -17.888  -30.949  49.329 0.0000000000
46381  -15.905  -33.393  53.122 0.0000000000
58465  -23.065  -22.331  44.102 0.0000000000
58498  -24.475  -22.370  41.225 0.0000000000
47445  -24.545  -32.842  49.858 0.0000000000
59594  -19.997  -21.702  47.418 0.0000000000
71919  -31.386  -10.047  32.809 0.0000000000
75011  -36.072  -8.338  30.940 0.0000000000
76080  -41.439  -6.463  29.849 0.0000000000
43193  -8.192  -36.781  52.847 0.0000000000
42197  -3.645  -37.775  53.831 0.0000000000
61819  -25.096  -19.097  38.613 0.0000000000
66100  -26.104  -16.245  36.705 0.0000000000
68664  -28.538  -13.353  34.261 0.0000000000
44255  -11.821  -35.684  51.592 0.0000000000
45254  -20.483  -34.567  52.106 0.0000000000
159836  -22.516  -34.777  52.606 0.0000000000
56090  -25.345  -23.999  47.625 0.0000000000
48507  -21.162  -32.240  50.697 0.0000000000
46442  -19.738  -33.112  50.268 0.0000000000
46416  -18.387  -33.545  51.818 0.0000000000
157537  -24.052  -20.838  45.508 0.0000000000
59609  -21.239  -21.705  45.609 0.0000000000
75006  -31.720  -6.698  31.916 0.0000000000
140548  -34.027  -9.225  32.439 0.0000000000
76054  -33.813  -5.762  30.795 0.0000000000
77018  -38.490  -5.344  29.537 0.0000000000
140392  -41.123  -3.780  28.962 0.0000000000
77010  -43.785  -6.080  29.906 0.0000000000
78971  -43.146  -3.111  28.602 0.0000000000
80862  -44.837  -1.635  27.943 0.0000000000
61784  -24.176  -19.177  42.038 0.0000000000
59671  -24.884  -21.122  39.669 0.0000000000
155354  -23.709  -17.942  40.816 0.0000000000
67350  -24.029  -14.646  37.187 0.0000000000
68645  -24.777  -12.919  36.113 0.0000000000
67404  -27.458  -14.646  35.014 0.0000000000
69773  -26.354  -11.933  34.747 0.0000000000
72894  -28.136  -9.491  33.549 0.0000000000
48538  -25.225  -31.165  47.698 0.0000000000
46392  -10.489  -33.902  51.867 0.0000000000
46436  -12.429  -33.828  50.501 0.0000000000
41115  -2.419  -38.772  56.110 0.0000000000
41114  -0.580  -38.686  56.272 0.0000000000
77954  -35.225  -3.951  32.317 0.0000000000
60776  -30.976  -20.833  44.129 0.0000000000
53775  -23.028  -25.938  48.144 0.0000000000
50554  -15.684  -29.238  50.358 0.0000000000
47435  -14.374  -32.204  50.034 0.0000000000
47421  -16.414  -32.090  50.990 0.0000000000
86850  -49.669  4.904  25.911 0.0000000000
56133  -24.997  -23.959  44.790 0.0000000000
56157  -25.957  -23.772  43.378 0.0000000000
58477  -24.179  -22.706  42.854 0.0000000000
47442  -21.943  -32.577  50.519 0.0000000000
46446  -23.214  -33.407  50.213 0.0000000000
49543  -23.830  -30.866  49.263 0.0000000000
150269  -23.563  -30.684  47.865 0.0000000000
51706  -21.416  -28.299  47.243 0.0000000000
141248  -19.663  -23.889  48.758 0.0000000000
54890  -20.707  -25.638  47.638 0.0000000000
57275  -21.912  -24.026  47.057 0.0000000000
57290  -23.203  -23.693  45.966 0.0000000000
140560  -32.575  -12.492  34.433 0.0000000000
76075  -36.589  -6.144  29.958 0.0000000000
146649  -38.894  -7.751  30.335 0.0000000000
80872  -46.235  -0.924  27.271 0.0000000000
42200  -5.947  -37.661  53.625 0.0000000000
161046  -4.549  -39.315  55.194 0.0000000000
58491  -27.373  -22.708  42.192 0.0000000000
59649  -28.204  -21.460  41.468 0.0000000000
61801  -28.599  -19.427  40.795 0.0000000000
66076  -23.358  -15.980  38.885 0.0000000000
63790  -25.742  -17.585  37.911 0.0000000000
63776  -28.649  -17.274  39.812 0.0000000000
64899  -29.314  -16.521  38.513 0.0000000000
66121  -30.146  -15.435  36.472 0.0000000000
68648  -31.554  -13.823  35.246 0.0000000000
70880  -30.382  -11.397  33.281 0.0000000000
73970  -29.861  -8.407  32.697 0.0000000000
45258  -24.534  -34.166  52.417 0.0000000000
45228  -9.168  -34.458  52.887 0.0000000000
43201  -9.717  -36.406  52.282 0.0000000000
45249  -13.667  -35.025  51.714 0.0000000000
38952  0.686  -40.189  57.351 0.0000000000
45274  -20.824  -34.197  51.271 0.0000000000
44260  -21.800  -34.894  52.701 0.0000000000
45275  -21.734  -34.141  51.105 0.0000000000
56102  -26.814  -24.473  46.557 0.0000000000
47441  -20.860  -32.586  50.367 0.0000000000
47440  -19.887  -32.401  50.154 0.0000000000
46418  -20.297  -33.673  50.728 0.0000000000
45273  -19.976  -34.175  51.444 0.0000000000
76981  -32.420  -5.240  32.486 0.0000000000
75007  -32.384  -6.640  31.568 0.0000000000
158928  -33.356  -4.915  31.800 0.0000000000
79859  -40.188  -2.317  29.610 0.0000000000
135159  -40.230  -3.699  29.268 0.0000000000
78954  -41.427  -2.948  28.834 0.0000000000
139269  -42.128  -3.730  28.851 0.0000000000
79870  -42.501  -2.067  28.573 0.0000000000
79871  -43.321  -2.299  28.394 0.0000000000
62772  -24.026  -18.651  41.170 0.0000000000
69749  -24.499  -12.748  36.855 0.0000000000
69763  -25.883  -12.557  35.137 0.0000000000
70848  -25.953  -11.060  35.580 0.0000000000
155987  -27.087  -9.816  34.870 0.0000000000
49566  -25.211  -29.849  46.907 0.0000000000
48539  -25.960  -31.106  47.893 0.0000000000
48540  -26.450  -30.434  47.742 0.0000000000
47419  -12.160  -32.447  51.492 0.0000000000
48486  -12.706  -31.783  51.081 0.0000000000
83985  -48.341  1.466  26.300 0.0000000000
41104  -1.669  -38.660  56.840 0.0000000000
58448  -30.807  -22.503  46.050 0.0000000000
59623  -30.612  -21.496  44.483 0.0000000000
54886  -23.565  -25.343  48.786 0.0000000000
54878  -24.397  -25.528  49.398 0.0000000000
49542  -18.744  -30.492  49.548 0.0000000000
146224  -17.812  -29.143  50.138 0.0000000000
51654  -17.093  -28.749  50.685 0.0000000000
49540  -17.158  -29.937  49.442 0.0000000000
48503  -15.870  -31.023  49.844 0.0000000000
48488  -16.994  -31.731  50.234 0.0000000000
45252  -18.868  -34.031  52.519 0.0000000000
157959  -18.051  -33.283  52.972 0.0000000000
57319  -24.272  -23.616  44.444 0.0000000000
57320  -24.998  -23.840  44.043 0.0000000000
58476  -23.683  -22.615  43.608 0.0000000000
48508  -22.901  -31.867  50.400 0.0000000000
47443  -23.029  -32.371  50.050 0.0000000000
49534  -23.749  -30.658  50.205 0.0000000000
139590  -22.778  -29.536  48.992 0.0000000000
51689  -21.737  -29.124  48.385 0.0000000000
50580  -22.499  -29.492  47.134 0.0000000000
51675  -20.566  -27.888  48.526 0.0000000000
59585  -20.162  -21.008  48.251 0.0000000000
58436  -19.655  -22.524  47.781 0.0000000000
56070  -19.949  -24.860  48.064 0.0000000000
56086  -20.176  -24.248  47.547 0.0000000000
54891  -21.452  -25.130  47.636 0.0000000000
58446  -20.489  -22.894  46.500 0.0000000000
58456  -22.209  -22.585  44.962 0.0000000000
57303  -22.549  -23.238  45.323 0.0000000000
57304  -23.461  -23.492  44.991 0.0000000000
142607  -24.292  -23.784  45.197 0.0000000000
70882  -32.236  -11.506  33.598 0.0000000000
137837  -33.605  -11.661  34.349 0.0000000000
71908  -32.676  -10.716  33.282 0.0000000000
157115  -34.756  -8.575  31.467 0.0000000000
72909  -35.484  -9.444  32.577 0.0000000000
77955  -36.049  -3.791  32.009 0.0000000000
154192  -35.743  -4.804  30.716 0.0000000000
77968  -36.401  -4.508  30.614 0.0000000000
141737  -39.867  -5.938  29.455 0.0000000000
76060  -38.861  -6.997  29.944 0.0000000000
76061  -40.480  -7.489  30.285 0.0000000000
73993  -40.462  -8.540  31.511 0.0000000000
80863  -45.736  -1.740  27.829 0.0000000000
81958  -45.455  -0.123  27.137 0.0000000000
81959  -46.334  0.184  26.874 0.0000000000
44238  -7.675  -36.212  53.238 0.0000000000
44237  -6.925  -36.508  53.551 0.0000000000
43192  -7.454  -37.152  53.106 0.0000000000
41127  -5.668  -39.072  54.814 0.0000000000
133613  -3.954  -38.981  57.118 0.0000000000
57350  -25.310  -23.263  42.028 0.0000000000
144822  -26.250  -23.560  42.888 0.0000000000
57371  -25.833  -23.155  41.646 0.0000000000
60815  -25.310  -20.697  39.290 0.0000000000
59661  -26.169  -21.729  40.086 0.0000000000
60816  -26.036  -20.576  39.235 0.0000000000
146232  -28.088  -20.560  40.717 0.0000000000
61810  -26.705  -19.306  39.213 0.0000000000
148321  -23.258  -14.268  39.310 0.0000000000
66117  -24.660  -15.256  36.712 0.0000000000
64910  -24.584  -16.400  37.302 0.0000000000
64911  -25.672  -16.709  37.144 0.0000000000
63792  -27.572  -17.364  38.712 0.0000000000
152615  -27.902  -17.044  38.449 0.0000000000
64879  -29.063  -16.778  39.275 0.0000000000
150895  -28.449  -16.484  37.573 0.0000000000
67432  -27.973  -13.985  34.605 0.0000000000
66137  -28.830  -15.255  35.547 0.0000000000
67406  -29.198  -14.671  35.023 0.0000000000
67377  -30.668  -14.879  35.968 0.0000000000
67434  -30.084  -13.940  34.818 0.0000000000
69777  -31.047  -12.715  34.094 0.0000000000
69791  -29.442  -12.135  33.704 0.0000000000
73950  -28.484  -8.279  34.374 0.0000000000
72895  -28.642  -8.900  33.313 0.0000000000
74987  -29.333  -7.620  33.588 0.0000000000
47444  -23.788  -33.005  49.779 0.0000000000
133793  -23.776  -33.819  50.853 0.0000000000
46421  -24.623  -33.714  51.360 0.0000000000
45268  -11.379  -34.796  50.881 0.0000000000
44264  -10.155  -35.329  51.669 0.0000000000
43210  -11.013  -35.897  51.615 0.0000000000
154236  -15.107  -33.226  51.095 0.0000000000
46413  -14.410  -33.645  50.672 0.0000000000
45251  -15.249  -34.069  52.548 0.0000000000
45235  -20.136  -34.808  52.944 0.0000000000
44246  -21.457  -35.224  53.593 0.0000000000
155999  -22.378  -35.082  53.331 0.0000000000
45256  -23.231  -34.779  53.031 0.0000000000
160745  -24.693  -23.821  47.813 0.0000000000
56073  -25.108  -24.684  49.047 0.0000000000
154223  -19.953  -31.166  50.688 0.0000000000
48505  -19.628  -31.456  49.981 0.0000000000
47456  -18.711  -31.844  49.581 0.0000000000
47438  -18.407  -32.490  49.924 0.0000000000
46441  -18.960  -33.180  50.300 0.0000000000
45272  -19.179  -33.997  51.637 0.0000000000
59620  -23.150  -21.388  44.477 0.0000000000
59621  -23.869  -21.351  43.967 0.0000000000
60734  -21.540  -20.479  47.201 0.0000000000
59602  -20.784  -21.627  46.204 0.0000000000
59603  -22.057  -20.941  45.601 0.0000000000
73972  -31.430  -8.521  32.293 0.0000000000
72907  -32.682  -9.355  32.630 0.0000000000
73973  -32.709  -8.026  31.897 0.0000000000
75009  -33.843  -7.198  30.914 0.0000000000
75018  -34.999  -7.141  30.582 0.0000000000
77008  -37.802  -4.425  29.920 0.0000000000
78952  -39.259  -3.373  29.664 0.0000000000
77980  -39.786  -4.461  29.328 0.0000000000
77021  -41.315  -5.530  29.417 0.0000000000
77009  -42.848  -6.064  29.826 0.0000000000
77022  -42.307  -5.375  29.418 0.0000000000
77984  -43.597  -4.578  29.161 0.0000000000
78957  -45.037  -3.920  28.910 0.0000000000
79872  -44.258  -2.236  28.248 0.0000000000
80861  -44.161  -1.496  28.041 0.0000000000
42203  -8.882  -37.455  53.118 0.0000000000
41165  -7.624  -38.245  53.477 0.0000000000
41147  -8.003  -38.431  53.932 0.0000000000
60799  -24.185  -20.627  41.084 0.0000000000
58509  -24.816  -22.159  40.597 0.0000000000
61793  -24.211  -19.712  40.896 0.0000000000
139860  -24.125  -19.127  40.261 0.0000000000
62785  -24.192  -18.948  39.512 0.0000000000
68595  -23.605  -13.693  38.900 0.0000000000
68613  -24.117  -13.236  37.389 0.0000000000
67374  -24.486  -14.308  36.584 0.0000000000
67375  -25.157  -14.669  36.113 0.0000000000
147443  -26.529  -15.692  36.209 0.0000000000
67403  -26.514  -14.395  35.231 0.0000000000
145561  -26.673  -12.816  34.672 0.0000000000
69774  -27.255  -12.081  34.267 0.0000000000
69789  -27.984  -11.791  33.908 0.0000000000
71895  -27.110  -10.318  34.381 0.0000000000
48519  -25.226  -31.854  48.711 0.0000000000
47446  -25.464  -32.637  49.950 0.0000000000
47461  -25.764  -32.182  49.266 0.0000000000
46435  -11.764  -34.175  50.711 0.0000000000
45269  -12.462  -34.920  50.751 0.0000000000
41141  -3.055  -38.518  54.259 0.0000000000
42196  -2.355  -37.404  54.162 0.0000000000
139982  -1.744  -38.516  54.837 0.0000000000
41126  -0.720  -38.378  55.242 0.0000000000
41125  0.325  -38.589  55.762 0.0000000000
61778  -30.842  -19.824  43.162 0.0000000000
52769  -23.509  -26.909  47.673 0.0000000000
51711  -26.097  -29.025  47.692 0.0000000000
51652  -15.664  -28.503  51.510 0.0000000000
49516  -14.371  -29.873  50.775 0.0000000000
48501  -13.748  -31.275  50.180 0.0000000000
48502  -14.775  -31.221  49.961 0.0000000000
47436  -15.432  -31.834  50.210 0.0000000000
47407  -16.238  -32.443  51.921 0.0000000000
47422  -17.196  -32.305  51.151 0.0000000000
47408  -16.842  -32.438  52.079 0.0000000000
46382  -16.612  -32.933  53.584 0.0000000000
148781  -49.109  4.182  26.494 0.0000000000
137637  -26.305  -24.352  45.851 0.0000000000
56136  -26.974  -24.204  44.818 0.0000000000
56134  -25.675  -24.054  44.446 0.0000000000
57335  -25.200  -23.669  43.358 0.0000000000
158257  -24.147  -22.432  42.309 0.0000000000
59629  -23.839  -21.923  43.318 0.0000000000
139892  -23.997  -21.995  42.664 0.0000000000
60792  -24.074  -21.050  41.730 0.0000000000
61785  -24.775  -19.661  42.710 0.0000000000
46444  -21.429  -33.055  50.299 0.0000000000
156117  -22.428  -33.730  50.650 0.0000000000
46445  -22.381  -33.046  50.165 0.0000000000
46456  -23.336  -32.745  49.802 0.0000000000
47459  -24.110  -32.333  49.476 0.0000000000
50565  -23.543  -30.078  49.596 0.0000000000
49549  -23.904  -31.037  48.460 0.0000000000
48527  -24.302  -31.419  48.454 0.0000000000
49556  -23.683  -30.464  47.202 0.0000000000
50598  -23.665  -29.741  46.622 0.0000000000
52804  -22.861  -28.571  46.574 0.0000000000
53762  -19.739  -26.060  49.055 0.0000000000
53773  -19.913  -26.168  48.440 0.0000000000
53782  -20.980  -26.587  47.458 0.0000000000
52790  -23.103  -27.750  46.800 0.0000000000
53774  -22.137  -25.965  47.614 0.0000000000
54884  -22.229  -24.816  47.945 0.0000000000
156100  -22.473  -24.360  47.753 0.0000000000
57288  -21.118  -23.399  46.361 0.0000000000
57276  -22.742  -23.910  46.975 0.0000000000
56089  -24.104  -23.834  47.881 0.0000000000
143360  -24.713  -23.849  47.060 0.0000000000
141926  -25.602  -24.198  45.873 0.0000000000
71921  -33.857  -9.844  33.022 0.0000000000
76993  -34.239  -5.061  31.051 0.0000000000
76056  -35.181  -6.359  30.393 0.0000000000
75019  -35.808  -7.283  30.497 0.0000000000
77017  -37.608  -5.520  29.728 0.0000000000
76059  -37.998  -6.929  29.954 0.0000000000
73998  -37.634  -8.179  30.714 0.0000000000
73991  -38.808  -8.718  31.228 0.0000000000
81965  -47.357  0.137  26.704 0.0000000000
82970  -46.937  1.138  26.826 0.0000000000
83981  -47.059  2.121  27.185 0.0000000000
43178  -5.201  -36.713  54.524 0.0000000000
43189  -4.569  -37.450  53.978 0.0000000000
41164  -6.843  -38.389  53.547 0.0000000000
41144  -5.391  -38.837  54.191 0.0000000000
41142  -3.802  -38.784  54.237 0.0000000000
40034  -3.949  -39.264  55.341 0.0000000000
57321  -27.431  -23.746  44.198 0.0000000000
57337  -28.125  -23.275  43.931 0.0000000000
58479  -28.355  -22.709  43.361 0.0000000000
58510  -25.667  -22.338  40.541 0.0000000000
58502  -27.819  -22.109  41.798 0.0000000000
58493  -28.848  -21.946  42.910 0.0000000000
59638  -29.156  -21.259  42.414 0.0000000000
61787  -29.834  -20.054  42.152 0.0000000000
61794  -29.846  -19.106  41.803 0.0000000000
149170  -23.361  -16.779  40.469 0.0000000000
63789  -24.118  -17.725  38.506 0.0000000000
66097  -23.510  -15.350  38.268 0.0000000000
64895  -24.276  -16.998  37.922 0.0000000000
62791  -25.078  -18.192  38.270 0.0000000000
62786  -27.206  -18.482  39.391 0.0000000000
62787  -28.388  -18.032  40.157 0.0000000000
66119  -28.390  -15.708  36.254 0.0000000000
66103  -29.653  -15.979  37.093 0.0000000000
68649  -32.319  -13.527  35.237 0.0000000000
69793  -31.560  -12.073  33.858 0.0000000000
71906  -30.911  -10.770  32.983 0.0000000000
149101  -28.595  -10.503  33.283 0.0000000000
71917  -29.649  -9.861  32.821 0.0000000000
72905  -30.976  -9.281  32.495 0.0000000000
74996  -30.357  -7.628  32.549 0.0000000000
76027  -30.911  -6.001  33.142 0.0000000000
46420  -23.121  -34.031  51.072 0.0000000000
45257  -23.743  -34.422  52.459 0.0000000000
46422  -25.651  -33.368  51.484 0.0000000000
44239  -8.352  -35.867  52.900 0.0000000000
45229  -9.799  -34.117  52.481 0.0000000000
44254  -9.567  -35.836  52.037 0.0000000000
44253  -8.960  -36.390  52.511 0.0000000000
153908  -9.515  -37.192  53.157 0.0000000000
47434  -13.676  -32.555  50.161 0.0000000000
45270  -13.261  -34.716  50.878 0.0000000000
44267  -12.707  -35.332  51.458 0.0000000000
40003  0.465  -39.489  58.333 0.0000000000
150164  0.462  -39.542  57.532 0.0000000000
41124  1.065  -39.104  56.004 0.0000000000
56116  -28.221  -24.177  45.879 0.0000000000
45255  -21.330  -34.615  51.953 0.0000000000
46443  -20.576  -33.064  50.324 0.0000000000
76991  -32.855  -5.289  31.702 0.0000000000
76982  -33.258  -4.713  32.524 0.0000000000
79860  -40.912  -2.240  29.177 0.0000000000
78969  -41.697  -2.125  28.833 0.0000000000
51729  -24.834  -29.336  46.716 0.0000000000
51710  -25.421  -29.190  47.138 0.0000000000
48473  -12.927  -31.051  51.942 0.0000000000
48487  -13.265  -31.102  50.856 0.0000000000
59612  -30.888  -21.872  45.297 0.0000000000
59622  -29.929  -21.812  44.073 0.0000000000
56071  -23.151  -24.652  48.337 0.0000000000
56072  -24.178  -24.841  48.950 0.0000000000
50557  -18.399  -29.733  49.714 0.0000000000
49541  -17.963  -30.351  49.356 0.0000000000
156434  -17.699  -29.606  49.586 0.0000000000
49531  -17.375  -30.724  49.443 0.0000000000
149227  -17.801  -31.551  49.610 0.0000000000
57318  -23.556  -23.169  44.179 0.0000000000
48509  -23.653  -31.528  49.803 0.0000000000
52752  -20.796  -27.725  49.519 0.0000000000
51676  -21.215  -28.454  48.983 0.0000000000
52751  -20.205  -27.197  49.104 0.0000000000
158058  -20.366  -21.033  47.583 0.0000000000
57272  -19.817  -23.390  47.545 0.0000000000
58437  -20.033  -22.698  47.059 0.0000000000
57273  -20.417  -23.453  47.005 0.0000000000
59601  -20.368  -22.094  46.598 0.0000000000
57317  -22.794  -22.904  44.603 0.0000000000
71907  -31.808  -10.818  33.077 0.0000000000
71920  -32.240  -10.037  32.949 0.0000000000
153997  -35.551  -8.910  31.624 0.0000000000
147401  -36.915  -8.590  31.143 0.0000000000
77962  -36.570  -3.851  31.249 0.0000000000
77969  -37.067  -4.034  30.532 0.0000000000
76079  -40.610  -6.147  29.612 0.0000000000
141542  -39.909  -6.718  29.859 0.0000000000
160168  -40.789  -6.840  29.968 0.0000000000
82965  -45.562  0.717  27.196 0.0000000000
58499  -25.194  -22.841  41.204 0.0000000000
61809  -25.363  -19.990  38.932 0.0000000000
140169  -26.208  -19.921  39.062 0.0000000000
60817  -26.960  -20.172  39.549 0.0000000000
61820  -25.911  -19.305  38.734 0.0000000000
66099  -25.132  -16.062  36.766 0.0000000000
64912  -26.723  -16.818  37.313 0.0000000000
64898  -27.241  -17.144  38.036 0.0000000000
64913  -27.751  -16.764  37.669 0.0000000000
66101  -27.102  -16.339  36.788 0.0000000000
67433  -28.848  -14.079  34.619 0.0000000000
153526  -29.478  -14.125  34.767 0.0000000000
144058  -29.517  -13.496  34.334 0.0000000000
68682  -29.081  -12.732  33.934 0.0000000000
46447  -24.131  -33.399  50.320 0.0000000000
44266  -11.480  -35.394  51.114 0.0000000000
43203  -11.446  -36.224  52.414 0.0000000000
46394  -15.671  -33.072  52.083 0.0000000000
46414  -14.889  -33.926  51.527 0.0000000000
154824  -3.921  -37.297  54.003 0.0000000000
43188  -3.161  -37.314  54.071 0.0000000000
57308  -30.020  -22.934  45.926 0.0000000000
160892  -20.633  -35.074  53.469 0.0000000000
44259  -20.974  -34.899  52.792 0.0000000000
150322  -22.154  -34.582  51.930 0.0000000000
143560  -25.701  -24.314  48.321 0.0000000000
48490  -21.014  -31.790  51.224 0.0000000000
48506  -20.347  -31.883  50.536 0.0000000000
47457  -19.273  -31.939  49.740 0.0000000000
47439  -19.184  -32.532  49.888 0.0000000000
45253  -19.644  -34.421  52.294 0.0000000000
59611  -23.153  -20.797  45.345 0.0000000000
60761  -23.929  -21.056  44.767 0.0000000000
60750  -21.320  -20.929  46.285 0.0000000000
155493  -23.808  -20.539  46.267 0.0000000000
152789  -22.447  -21.315  44.933 0.0000000000
74998  -31.894  -7.575  31.960 0.0000000000
145356  -32.300  -8.596  32.238 0.0000000000
76044  -33.570  -6.400  30.834 0.0000000000
75008  -33.083  -6.869  31.159 0.0000000000
156273  -34.512  -7.404  30.762 0.0000000000
76055  -34.344  -6.519  30.593 0.0000000000
78945  -38.300  -3.478  29.991 0.0000000000
77981  -40.742  -4.600  29.150 0.0000000000
77020  -40.297  -5.352  29.317 0.0000000000
77982  -41.711  -4.612  29.113 0.0000000000
160555  -42.657  -3.393  28.742 0.0000000000
78955  -43.029  -3.861  28.868 0.0000000000
78956  -43.989  -3.730  28.815 0.0000000000
78972  -44.681  -3.073  28.581 0.0000000000
146677  -43.884  -2.907  28.503 0.0000000000
80860  -42.959  -1.331  28.441 0.0000000000
142951  -43.670  -1.685  28.210 0.0000000000
136738  -24.147  -20.079  41.904 0.0000000000
62779  -23.850  -18.416  40.140 0.0000000000
68629  -24.403  -13.474  36.638 0.0000000000
68630  -24.882  -13.772  36.019 0.0000000000
67402  -25.623  -14.088  35.559 0.0000000000
68646  -25.353  -13.170  35.541 0.0000000000
154550  -27.590  -13.106  34.375 0.0000000000
70877  -27.485  -11.127  34.010 0.0000000000
70865  -26.757  -11.188  34.517 0.0000000000
48529  -25.445  -31.481  48.174 0.0000000000
48521  -27.106  -31.590  48.876 0.0000000000
47462  -27.177  -32.075  49.577 0.0000000000
47433  -12.761  -32.793  50.503 0.0000000000
46412  -11.826  -33.399  50.977 0.0000000000
45284  -12.100  -34.534  50.620 0.0000000000
40033  -3.109  -39.053  55.524 0.0000000000
40032  -2.604  -38.774  54.705 0.0000000000
155840  -2.278  -38.819  55.230 0.0000000000
41103  -0.645  -38.769  57.402 0.0000000000
41113  0.257  -39.003  56.809 0.0000000000
59624  -31.293  -21.195  44.819 0.0000000000
60788  -31.230  -20.137  43.793 0.0000000000
60787  -30.651  -20.517  43.460 0.0000000000
52770  -24.412  -27.169  48.224 0.0000000000
51666  -16.378  -28.878  50.382 0.0000000000
51653  -16.353  -28.500  51.188 0.0000000000
51665  -15.819  -28.653  50.845 0.0000000000
51651  -14.994  -28.755  51.752 0.0000000000
50553  -14.963  -29.599  50.530 0.0000000000
49528  -14.595  -30.441  50.218 0.0000000000
49529  -15.550  -30.243  49.983 0.0000000000
47437  -16.280  -31.503  50.110 0.0000000000
47420  -15.690  -32.504  51.116 0.0000000000
46440  -18.060  -33.035  50.832 0.0000000000
153642  -17.631  -32.284  50.250 0.0000000000
46415  -17.544  -32.860  52.053 0.0000000000
149173  -17.178  -32.788  52.950 0.0000000000
56113  -25.781  -24.199  45.202 0.0000000000
56114  -26.540  -24.312  45.245 0.0000000000
57334  -24.350  -23.366  43.568 0.0000000000
57349  -24.812  -23.316  42.698 0.0000000000
60773  -24.635  -21.048  44.047 0.0000000000
60784  -25.023  -20.668  43.312 0.0000000000
60783  -24.145  -21.242  42.566 0.0000000000
60793  -24.557  -20.441  42.597 0.0000000000
47458  -23.721  -32.112  49.620 0.0000000000
48517  -24.073  -31.596  49.121 0.0000000000
50574  -23.347  -30.286  48.497 0.0000000000
49550  -24.070  -31.097  47.837 0.0000000000
49548  -23.049  -30.117  47.536 0.0000000000
50581  -23.072  -29.870  46.908 0.0000000000
50597  -22.894  -29.290  46.668 0.0000000000
51727  -23.419  -29.070  46.466 0.0000000000
58428  -19.607  -22.357  48.624 0.0000000000
58420  -19.750  -22.165  49.513 0.0000000000
57251  -19.622  -23.040  49.123 0.0000000000
57241  -19.853  -23.773  49.675 0.0000000000
56053  -19.742  -24.502  49.142 0.0000000000
53761  -19.731  -25.781  48.745 0.0000000000
56069  -19.758  -24.711  48.539 0.0000000000
142928  -20.337  -25.021  47.788 0.0000000000
54889  -20.128  -25.609  48.025 0.0000000000
53783  -21.643  -26.844  47.235 0.0000000000
53784  -22.497  -26.898  47.240 0.0000000000
147621  -21.398  -25.922  47.527 0.0000000000
135395  -21.656  -24.569  47.453 0.0000000000
58447  -20.842  -22.483  46.006 0.0000000000
57302  -21.638  -22.759  45.534 0.0000000000
57289  -22.145  -23.565  46.136 0.0000000000
57277  -23.676  -23.811  47.040 0.0000000000
57291  -24.257  -23.807  46.063 0.0000000000
56112  -25.016  -24.004  45.537 0.0000000000
56100  -25.086  -24.017  46.216 0.0000000000
68667  -32.912  -12.940  34.940 0.0000000000
69780  -34.032  -12.100  34.924 0.0000000000
154220  -33.382  -9.442  32.675 0.0000000000
77953  -34.527  -4.127  32.570 0.0000000000
76983  -33.936  -4.616  31.920 0.0000000000
77961  -34.725  -4.477  31.647 0.0000000000
77006  -36.280  -5.395  30.225 0.0000000000
156666  -35.452  -5.532  30.425 0.0000000000
76057  -35.962  -6.249  30.216 0.0000000000
75021  -38.209  -7.590  30.281 0.0000000000
75020  -37.404  -7.335  30.204 0.0000000000
73999  -38.492  -8.210  30.687 0.0000000000
146505  -38.154  -8.621  31.137 0.0000000000
79873  -45.225  -2.408  28.269 0.0000000000
80864  -46.775  -1.891  27.906 0.0000000000
140138  -46.995  -0.506  26.995 0.0000000000
82966  -46.149  1.071  27.060 0.0000000000
43191  -6.043  -36.780  53.915 0.0000000000
43190  -5.217  -37.295  54.026 0.0000000000
42199  -5.140  -37.821  53.752 0.0000000000
41146  -7.286  -38.662  53.965 0.0000000000
40035  -4.915  -39.197  54.675 0.0000000000
41143  -4.558  -38.884  54.208 0.0000000000
40059  -4.201  -39.205  54.665 0.0000000000
156891  -26.389  -23.972  44.116 0.0000000000
57305  -27.804  -23.995  45.095 0.0000000000
57352  -26.917  -23.307  42.664 0.0000000000
57336  -27.573  -23.310  43.394 0.0000000000
58478  -27.694  -22.905  42.832 0.0000000000
58466  -28.760  -22.875  44.180 0.0000000000
59659  -24.610  -21.517  40.213 0.0000000000
59660  -25.261  -21.729  40.055 0.0000000000
59662  -27.078  -21.501  40.356 0.0000000000
59648  -27.458  -21.819  41.071 0.0000000000
59637  -28.517  -21.699  42.156 0.0000000000
59650  -28.762  -21.156  41.828 0.0000000000
61800  -27.924  -19.916  40.319 0.0000000000
159672  -28.921  -20.362  41.434 0.0000000000
60808  -29.259  -19.912  41.490 0.0000000000
61802  -29.170  -19.201  41.192 0.0000000000
66050  -23.169  -15.654  39.816 0.0000000000
64862  -23.241  -16.169  40.379 0.0000000000
64878  -23.400  -16.634  39.628 0.0000000000
152292  -23.655  -17.396  39.214 0.0000000000
67349  -23.751  -13.917  37.874 0.0000000000
67321  -23.429  -14.476  38.545 0.0000000000
152171  -23.703  -14.789  37.828 0.0000000000
64896  -25.207  -17.105  37.540 0.0000000000
144260  -24.813  -17.537  37.948 0.0000000000
146636  -26.173  -18.030  38.338 0.0000000000
62792  -26.463  -18.566  38.818 0.0000000000
63775  -27.845  -17.701  39.450 0.0000000000
62773  -29.493  -18.321  41.198 0.0000000000
63764  -29.147  -17.581  40.550 0.0000000000
66135  -26.965  -15.224  35.560 0.0000000000
66118  -27.490  -15.756  36.213 0.0000000000
66136  -27.915  -15.315  35.506 0.0000000000
66138  -29.770  -14.979  35.653 0.0000000000
66120  -29.273  -15.584  36.330 0.0000000000
66104  -30.502  -15.783  37.222 0.0000000000
140827  -31.155  -14.323  35.579 0.0000000000
67378  -31.491  -14.743  36.212 0.0000000000
67408  -31.915  -14.112  35.819 0.0000000000
144444  -29.989  -11.931  33.575 0.0000000000
69792  -30.723  -12.050  33.684 0.0000000000
70881  -31.281  -11.460  33.380 0.0000000000
71903  -27.813  -10.259  33.682 0.0000000000
70878  -28.288  -11.192  33.577 0.0000000000
159097  -28.289  -9.991  33.358 0.0000000000
73961  -29.203  -8.304  33.133 0.0000000000
72903  -29.322  -9.059  32.844 0.0000000000
72904  -30.134  -9.190  32.598 0.0000000000
73971  -30.624  -8.498  32.413 0.0000000000
150734  -22.493  -34.249  51.320 0.0000000000
45277  -23.811  -34.134  51.691 0.0000000000
46449  -26.160  -32.836  50.750 0.0000000000
46448  -25.095  -33.169  50.604 0.0000000000
50583  -26.764  -29.646  47.909 0.0000000000
45227  -8.537  -34.863  53.249 0.0000000000
45248  -10.064  -34.643  51.809 0.0000000000
43209  -10.259  -35.941  51.736 0.0000000000
42212  -9.269  -36.925  52.687 0.0000000000
42213  -9.949  -36.746  52.817 0.0000000000
149311  -13.997  -31.691  49.944 0.0000000000
46438  -14.016  -33.159  50.221 0.0000000000
45271  -14.106  -34.411  51.097 0.0000000000
45286  -13.661  -34.005  50.465 0.0000000000
160026  0.641  -40.000  57.989 0.0000000000
40015  0.748  -39.705  56.676 0.0000000000
56091  -26.304  -24.371  47.438 0.0000000000
76036  -32.102  -5.926  31.804 0.0000000000
76043  -32.963  -5.951  31.156 0.0000000000
76992  -33.483  -5.226  31.286 0.0000000000
143269  -39.911  -2.918  29.536 0.0000000000
78953  -40.599  -2.973  29.167 0.0000000000
78970  -42.325  -2.858  28.659 0.0000000000
158744  -42.826  -2.595  28.542 0.0000000000
62765  -24.222  -18.324  42.241 0.0000000000
63753  -23.822  -17.780  41.617 0.0000000000
69762  -25.247  -12.330  35.668 0.0000000000
69772  -25.741  -11.747  35.286 0.0000000000
70864  -26.192  -11.254  35.004 0.0000000000
71883  -26.528  -10.495  35.093 0.0000000000
49565  -24.822  -30.283  46.926 0.0000000000
49558  -25.477  -30.523  47.346 0.0000000000
48530  -26.843  -31.048  48.271 0.0000000000
82971  -47.870  0.841  26.507 0.0000000000
134235  -2.581  -38.707  56.914 0.0000000000
59631  -30.356  -21.169  43.736 0.0000000000
53776  -24.001  -26.153  48.906 0.0000000000
53763  -24.721  -26.066  49.739 0.0000000000
49518  -19.528  -30.634  50.437 0.0000000000
49532  -19.102  -30.016  50.014 0.0000000000
50544  -18.516  -29.435  50.551 0.0000000000
50543  -17.826  -28.929  51.150 0.0000000000
50556  -17.084  -29.197  49.850 0.0000000000
50555  -16.392  -29.614  49.840 0.0000000000
49530  -16.511  -30.436  49.602 0.0000000000
48504  -16.802  -31.117  49.751 0.0000000000
149267  -18.710  -33.904  53.325 0.0000000000
51677  -22.190  -28.870  49.615 0.0000000000
50573  -22.434  -29.653  47.918 0.0000000000
50572  -21.751  -29.060  47.492 0.0000000000
51688  -21.021  -28.596  47.927 0.0000000000
51687  -20.742  -27.810  47.675 0.0000000000
154398  -20.236  -20.872  49.110 0.0000000000
59572  -19.843  -21.532  48.943 0.0000000000
57262  -19.533  -23.233  48.223 0.0000000000
56085  -19.712  -24.064  48.032 0.0000000000
56087  -20.815  -24.787  47.518 0.0000000000
57274  -20.945  -24.069  47.147 0.0000000000
59610  -21.856  -21.850  45.049 0.0000000000
160235  -23.796  -23.675  45.528 0.0000000000
69794  -32.218  -12.109  34.064 0.0000000000
69779  -33.296  -12.343  34.620 0.0000000000
70866  -32.859  -11.913  34.102 0.0000000000
70883  -33.150  -11.229  33.781 0.0000000000
70884  -33.989  -10.959  34.030 0.0000000000
150227  -34.095  -8.592  31.800 0.0000000000
73975  -34.778  -9.091  32.101 0.0000000000
145089  -35.441  -4.339  31.428 0.0000000000
159509  -36.008  -4.249  31.191 0.0000000000
76078  -39.126  -6.119  29.501 0.0000000000
75022  -39.594  -7.592  30.269 0.0000000000
74000  -39.256  -8.252  30.696 0.0000000000
75023  -40.080  -8.187  30.735 0.0000000000
75012  -40.936  -7.992  30.872 0.0000000000
80871  -45.208  -0.933  27.536 0.0000000000
145498  -6.687  -37.423  53.357 0.0000000000
40017  -4.478  -39.236  55.791 0.0000000000
136855  -25.581  -23.534  42.747 0.0000000000
143853  -26.760  -23.669  43.428 0.0000000000
57351  -26.068  -23.392  42.263 0.0000000000
58490  -26.557  -23.010  41.875 0.0000000000
59672  -25.698  -21.218  39.574 0.0000000000
60805  -26.607  -21.055  39.732 0.0000000000
59663  -27.841  -21.160  40.814 0.0000000000
60806  -27.454  -20.761  40.195 0.0000000000
61811  -27.456  -19.230  39.792 0.0000000000
137885  -23.176  -15.039  39.146 0.0000000000
66098  -24.047  -15.540  37.398 0.0000000000
158334  -24.563  -15.849  36.994 0.0000000000
64897  -26.289  -17.177  37.659 0.0000000000
63791  -26.762  -17.505  38.233 0.0000000000
63793  -28.250  -17.082  39.081 0.0000000000
147157  -28.552  -16.758  38.378 0.0000000000
67405  -28.376  -14.736  34.961 0.0000000000
155608  -29.789  -14.448  35.084 0.0000000000
153649  -30.867  -13.855  35.005 0.0000000000
68665  -30.520  -13.359  34.429 0.0000000000
69776  -30.050  -12.660  33.927 0.0000000000
143297  -28.176  -8.805  33.933 0.0000000000
73960  -28.742  -8.251  33.739 0.0000000000
74988  -29.917  -7.144  33.142 0.0000000000
45267  -10.624  -34.730  51.305 0.0000000000
44265  -10.810  -35.392  51.312 0.0000000000
43202  -10.485  -36.320  52.246 0.0000000000
46439  -14.771  -32.770  50.439 0.0000000000
45250  -14.470  -34.613  52.087 0.0000000000
58467  -29.467  -22.459  44.505 0.0000000000
44220  -19.893  -34.892  53.878 0.0000000000
140991  -24.666  -24.119  48.404 0.0000000000
49533  -19.258  -30.743  49.801 0.0000000000
48516  -19.011  -31.278  49.574 0.0000000000
48515  -18.368  -31.092  49.392 0.0000000000
156035  -18.806  -33.575  51.032 0.0000000000
46417  -19.497  -33.668  50.853 0.0000000000
45234  -19.350  -34.461  53.164 0.0000000000
60733  -20.882  -20.585  47.819 0.0000000000
59595  -20.647  -21.110  46.948 0.0000000000
58464  -22.457  -22.030  44.567 0.0000000000
72906  -31.833  -9.312  32.569 0.0000000000
73974  -33.254  -8.726  32.180 0.0000000000
73987  -32.675  -7.370  31.571 0.0000000000
73988  -33.412  -7.847  31.486 0.0000000000
73989  -34.256  -8.022  31.108 0.0000000000
75010  -35.111  -8.048  30.851 0.0000000000
78944  -37.675  -3.601  30.424 0.0000000000
77979  -38.825  -4.379  29.634 0.0000000000
77019  -39.406  -5.292  29.381 0.0000000000
76063  -42.352  -6.788  30.185 0.0000000000
76081  -42.057  -6.051  29.721 0.0000000000
77023  -43.225  -5.336  29.492 0.0000000000
77983  -42.666  -4.585  29.136 0.0000000000
80870  -44.366  -0.886  27.792 0.0000000000
42211  -8.653  -37.066  52.761 0.0000000000
42202  -8.045  -37.618  53.035 0.0000000000
42190  -8.466  -38.041  53.536 0.0000000000
59646  -24.237  -21.563  40.904 0.0000000000
60804  -24.371  -20.720  40.210 0.0000000000
61799  -24.316  -19.780  39.799 0.0000000000
60814  -24.718  -20.362  39.406 0.0000000000
61808  -24.587  -19.532  39.077 0.0000000000
146068  -24.082  -13.913  37.102 0.0000000000
146018  -25.556  -15.514  36.321 0.0000000000
67376  -26.010  -14.984  35.755 0.0000000000
68647  -26.160  -13.455  35.112 0.0000000000
67431  -27.037  -13.756  34.759 0.0000000000
69775  -28.197  -12.522  34.058 0.0000000000
72893  -27.602  -9.446  34.279 0.0000000000
72885  -28.000  -8.794  34.563 0.0000000000
73951  -28.954  -7.804  34.744 0.0000000000
47460  -24.908  -32.319  49.330 0.0000000000
148449  -26.363  -32.406  49.853 0.0000000000
48520  -26.137  -31.656  48.591 0.0000000000
143709  -11.168  -33.474  51.625 0.0000000000
47405  -11.555  -32.835  52.026 0.0000000000
46411  -11.151  -34.100  51.085 0.0000000000
44272  -11.866  -35.042  50.738 0.0000000000
146409  -12.052  -35.317  51.029 0.0000000000
41160  -3.486  -38.296  53.963 0.0000000000
154320  -2.934  -37.914  53.937 0.0000000000
147626  -2.161  -38.167  54.315 0.0000000000
41140  -1.102  -38.082  54.677 0.0000000000
137219  -1.544  -38.650  55.684 0.0000000000
41139  0.003  -38.050  55.123 0.0000000000
77945  -35.020  -3.740  33.245 0.0000000000
154934  -36.850  -3.538  31.976 0.0000000000
52791  -24.140  -27.759  47.161 0.0000000000
150957  -25.459  -28.591  47.486 0.0000000000
52792  -25.033  -27.954  47.668 0.0000000000
51690  -25.786  -28.343  48.115 0.0000000000
56055  -24.917  -25.273  49.523 0.0000000000
50529  -14.938  -28.948  52.411 0.0000000000
50528  -14.420  -29.207  52.053 0.0000000000
49515  -14.032  -29.758  51.449 0.0000000000
49527  -13.878  -30.509  50.625 0.0000000000
140928  -14.154  -31.066  49.966 0.0000000000
46395  -16.417  -32.760  52.704 0.0000000000
85900  -48.574  3.318  26.702 0.0000000000
56115  -27.248  -24.375  45.680 0.0000000000
56135  -26.283  -24.192  44.756 0.0000000000
144107  -25.632  -23.891  43.853 0.0000000000
58489  -24.559  -22.782  41.972 0.0000000000
59628  -23.470  -21.820  43.862 0.0000000000
148431  -24.291  -21.344  43.266 0.0000000000
59636  -24.077  -22.002  41.843 0.0000000000
61786  -25.707  -19.205  43.091 0.0000000000
148834  -21.802  -33.501  50.510 0.0000000000
48518  -24.573  -31.830  48.884 0.0000000000
48528  -24.735  -31.444  48.113 0.0000000000
49557  -24.593  -30.824  47.352 0.0000000000
49564  -24.247  -30.276  46.842 0.0000000000
51728  -24.159  -29.175  46.473 0.0000000000
51708  -23.735  -28.474  46.557 0.0000000000
54877  -20.008  -25.718  49.798 0.0000000000
160447  -19.916  -26.633  48.858 0.0000000000
52768  -20.253  -27.065  48.248 0.0000000000
52787  -20.700  -27.089  47.615 0.0000000000
53781  -20.411  -26.382  47.851 0.0000000000
52788  -21.220  -27.450  47.239 0.0000000000
52789  -22.053  -27.835  46.815 0.0000000000
159299  -21.967  -25.323  47.760 0.0000000000
54885  -22.658  -25.242  48.199 0.0000000000
56088  -23.189  -24.011  47.856 0.0000000000
158291  -22.580  -24.147  47.494 0.0000000000
56101  -25.756  -24.206  46.645 0.0000000000
150605  -33.059  -9.990  33.031 0.0000000000
71909  -33.529  -10.507  33.460 0.0000000000
71910  -34.455  -10.231  33.590 0.0000000000
72908  -34.666  -9.600  32.856 0.0000000000
76994  -35.009  -4.933  30.841 0.0000000000
77005  -34.642  -5.645  30.575 0.0000000000
73997  -36.734  -7.810  30.562 0.0000000000
77007  -36.991  -4.922  30.097 0.0000000000
156034  -36.933  -5.693  29.867 0.0000000000
76077  -38.235  -6.253  29.636 0.0000000000
76076  -37.319  -6.417  29.833 0.0000000000
76058  -36.616  -6.900  30.157 0.0000000000
73978  -38.240  -9.070  31.803 0.0000000000
73992  -39.609  -8.709  31.338 0.0000000000
83984  -47.633  1.768  26.671 0.0000000000
84920  -47.625  2.444  27.001 0.0000000000
43177  -4.422  -37.095  54.272 0.0000000000
42201  -7.189  -37.939  53.137 0.0000000000
155883  -6.538  -38.048  53.337 0.0000000000
41145  -6.371  -38.780  54.165 0.0000000000
41163  -5.928  -38.342  53.724 0.0000000000
41162  -4.920  -38.408  53.882 0.0000000000
42198  -4.377  -37.793  53.780 0.0000000000
41161  -4.116  -38.372  53.920 0.0000000000
40058  -3.426  -39.076  54.706 0.0000000000
40016  -3.928  -39.122  56.178 0.0000000000
147179  -3.211  -38.887  56.579 0.0000000000
57322  -28.311  -23.474  44.621 0.0000000000
58480  -29.192  -22.220  43.704 0.0000000000
58500  -26.152  -22.771  41.156 0.0000000000
58501  -27.028  -22.488  41.426 0.0000000000
59647  -26.617  -22.181  40.705 0.0000000000
58492  -28.132  -22.359  42.541 0.0000000000
59630  -29.642  -21.420  43.224 0.0000000000
60786  -30.151  -20.825  43.160 0.0000000000
60807  -28.535  -20.774  41.311 0.0000000000
60800  -29.215  -20.620  41.864 0.0000000000
60795  -30.306  -20.270  42.813 0.0000000000
61788  -30.411  -19.504  42.521 0.0000000000
63752  -23.471  -17.226  41.025 0.0000000000
66027  -23.168  -15.446  40.749 0.0000000000
63763  -23.528  -17.532  40.073 0.0000000000
63774  -23.849  -18.149  39.314 0.0000000000
61818  -24.388  -18.648  38.815 0.0000000000
66077  -23.798  -16.225  37.992 0.0000000000
63788  -23.710  -16.839  38.669 0.0000000000
149144  -25.728  -18.645  38.467 0.0000000000
62793  -27.020  -17.836  38.877 0.0000000000
158825  -27.787  -18.450  39.873 0.0000000000
61812  -28.160  -18.951  40.301 0.0000000000
62780  -28.825  -18.583  40.719 0.0000000000
62768  -30.541  -18.571  42.345 0.0000000000
63777  -29.305  -16.941  40.079 0.0000000000
150796  -28.015  -16.249  36.902 0.0000000000
66102  -28.820  -16.113  36.972 0.0000000000
155975  -32.234  -12.973  34.714 0.0000000000
68666  -31.496  -13.294  34.677 0.0000000000
69778  -31.861  -12.616  34.292 0.0000000000
69790  -28.732  -11.969  33.743 0.0000000000
70879  -29.336  -11.317  33.337 0.0000000000
71904  -28.782  -9.741  33.088 0.0000000000
153036  -29.263  -10.440  33.047 0.0000000000
71905  -30.012  -10.666  32.973 0.0000000000
71918  -30.511  -9.986  32.754 0.0000000000
156863  -31.060  -7.865  32.237 0.0000000000
74997  -31.098  -7.123  32.183 0.0000000000
76034  -30.560  -6.722  32.726 0.0000000000
76035  -31.306  -6.340  32.337 0.0000000000
76972  -31.673  -5.661  32.716 0.0000000000
76973  -32.138  -5.268  33.293 0.0000000000
45276  -23.019  -34.476  52.006 0.0000000000
46396  -25.347  -33.774  52.212 0.0000000000
46397  -26.133  -33.544  52.236 0.0000000000
141509  -24.757  -34.381  53.166 0.0000000000
49551  -27.282  -30.352  48.238 0.0000000000
44215  -7.904  -35.243  53.608 0.0000000000
45247  -9.517  -35.025  52.088 0.0000000000
44240  -8.944  -35.451  52.492 0.0000000000
42204  -10.127  -37.092  53.471 0.0000000000
48500  -13.338  -31.871  50.308 0.0000000000
46437  -13.264  -33.479  50.342 0.0000000000
45285  -12.845  -34.274  50.483 0.0000000000
45230  -14.767  -34.772  53.077 0.0000000000
44257  -13.224  -35.493  52.411 0.0000000000
44256  -12.393  -35.810  52.330 0.0000000000
84922  -48.839  2.651  26.151 0.0000000000
41086  0.173  -38.993  58.634 0.0000000000
41102  0.015  -39.027  57.883 0.0000000000
38972  0.854  -40.379  56.489 0.0000000000
38991  1.277  -40.562  55.507 0.0000000000
40031  1.350  -39.834  55.840 0.0000000000
50541  -14.602  -29.253  51.242 0.0000000000
50542  -15.228  -28.858  50.994 0.0000000000
50582  -25.984  -29.776  47.348 0.0000000000
50599  -24.505  -29.793  46.656 0.0000000000
51707  -22.190  -28.785  46.882 0.0000000000
52739  -20.491  -27.024  49.951 0.0000000000
54876  -19.719  -25.319  49.058 0.0000000000
54883  -19.829  -25.449  48.462 0.0000000000
58457  -29.706  -22.699  45.247 0.0000000000
59584  -19.742  -21.784  48.187 0.0000000000
60794  -29.736  -20.742  42.596 0.0000000000
64914  -29.114  -16.364  37.771 0.0000000000
67407  -30.390  -14.412  35.337 0.0000000000
74995  -29.671  -7.778  32.960 0.0000000000
140129  -28.596  -20.100  41.047 0.0000000000
145353  -20.055  -26.512  49.493 0.0000000000
150836  -26.513  -31.998  49.232 0.0000000000
156313  -28.898  -19.683  41.148 0.0000000000
159960  0.661  -40.532  57.926 0.0000000000
