#!ascii label  , from subject sub-v1s20x0050324_ses-1 vox2ras=TkReg
2038
7842  -17.186  -72.599  -22.728 0.5000000000
6420  -20.411  -74.713  -20.591 0.5000000000
6408  -21.662  -74.559  -19.707 0.5000000000
6409  -22.443  -74.814  -19.721 0.5000000000
8615  -14.139  -70.489  -22.600 0.5000000000
8617  -15.958  -71.333  -21.980 0.5000000000
9461  -15.377  -70.300  -21.593 0.5000000000
8598  -16.859  -71.457  -21.364 0.5000000000
8597  -16.081  -70.628  -21.302 0.6000000238
7833  -18.134  -72.829  -21.495 0.5000000000
5703  -22.998  -75.341  -19.625 0.5000000000
6419  -19.672  -74.534  -20.865 0.5000000000
144174  -23.435  -75.533  -17.835 0.5000000000
6407  -20.667  -74.505  -19.758 0.6000000238
155634  -23.220  -74.930  -18.346 0.6000000238
7088  -20.319  -73.776  -18.299 0.6000000238
6394  -22.661  -74.472  -18.281 0.6000000238
142110  -23.060  -75.249  -16.898 0.6999999881
7072  -20.592  -73.357  -17.539 0.6999999881
6377  -22.556  -74.353  -17.545 0.6999999881
7060  -21.617  -73.222  -16.539 0.6999999881
7061  -22.518  -73.927  -16.218 0.6999999881
6364  -22.834  -74.708  -15.964 0.6999999881
9452  -14.787  -69.726  -22.004 0.5000000000
9453  -15.791  -69.651  -21.314 0.6000000238
146242  -15.131  -69.164  -22.306 0.6000000238
11306  -15.998  -68.725  -21.770 0.6000000238
7112  -18.812  -73.217  -20.058 0.5000000000
135203  -23.366  -76.115  -16.869 0.5000000000
134860  -23.406  -76.646  -16.133 0.5000000000
145251  -23.470  -76.839  -14.457 0.6999999881
5665  -23.185  -75.819  -15.869 0.6999999881
146039  -23.107  -76.154  -14.716 0.6999999881
7101  -19.320  -73.784  -19.503 0.6000000238
7100  -18.839  -72.867  -19.156 0.6999999881
5651  -22.857  -75.268  -14.987 0.6999999881
7806  -19.807  -73.080  -17.869 0.6999999881
7794  -20.838  -72.965  -16.811 0.6999999881
137932  -22.641  -74.209  -13.431 0.6999999881
7781  -21.846  -72.646  -15.877 0.6999999881
7050  -22.377  -73.232  -15.611 0.6999999881
7051  -22.604  -73.868  -15.391 0.6999999881
7031  -22.905  -73.629  -12.732 0.6999999881
7768  -22.322  -72.418  -15.223 0.6999999881
7759  -23.031  -72.445  -13.935 0.6999999881
153028  -23.089  -72.834  -13.109 0.6999999881
8498  -23.325  -71.930  -13.053 0.6999999881
10400  -13.814  -69.279  -23.134 0.5000000000
10418  -14.880  -68.816  -23.726 0.6000000238
10419  -15.913  -69.266  -24.384 0.6000000238
10401  -15.674  -69.226  -23.572 0.6000000238
9473  -16.741  -69.902  -24.372 0.6000000238
9454  -16.660  -70.385  -20.727 0.6000000238
10383  -16.105  -68.756  -22.458 0.6000000238
8580  -17.326  -70.734  -20.095 0.6000000238
155150  -24.346  -76.883  -12.974 0.6999999881
7816  -18.423  -72.499  -19.838 0.6999999881
5010  -23.688  -76.424  -13.005 0.6999999881
4998  -25.069  -76.361  -12.527 0.6999999881
5600  -25.455  -75.924  -12.628 0.6999999881
8567  -17.801  -70.925  -19.397 0.6999999881
5599  -24.710  -75.677  -12.311 0.6999999881
136222  -26.464  -75.323  -13.694 0.6999999881
7805  -19.194  -72.548  -18.321 0.6999999881
8559  -18.999  -71.238  -18.089 0.6999999881
6333  -22.705  -75.079  -13.242 0.6999999881
6317  -23.472  -74.863  -12.085 0.6999999881
5618  -25.143  -75.035  -12.359 0.6999999881
6335  -26.038  -74.464  -13.554 0.6999999881
7793  -19.599  -72.083  -17.646 0.6999999881
138392  -19.988  -71.761  -17.134 0.6999999881
136122  -22.855  -74.503  -12.574 0.6999999881
6334  -25.584  -74.370  -12.656 0.6999999881
160319  -21.849  -71.915  -15.457 0.6999999881
148370  -23.772  -73.230  -11.677 0.6999999881
6301  -23.840  -74.085  -11.767 0.6999999881
8506  -22.681  -71.286  -14.546 0.6999999881
7745  -23.356  -72.831  -12.248 0.6999999881
7019  -24.662  -73.332  -11.615 0.6999999881
135312  -23.356  -71.077  -13.442 0.6999999881
7735  -23.733  -72.387  -11.753 0.6999999881
135906  -23.548  -71.031  -12.603 0.6999999881
11350  -14.451  -68.567  -23.504 0.5000000000
11351  -15.328  -68.638  -24.081 0.6000000238
11360  -16.484  -68.870  -24.948 0.6000000238
156722  -15.558  -67.493  -23.995 0.5000000000
11361  -17.343  -68.701  -25.272 0.6000000238
13137  -14.336  -66.986  -23.125 0.5000000000
160774  -14.938  -67.449  -23.581 0.5000000000
9489  -16.881  -69.908  -24.921 0.6000000238
11362  -18.223  -68.371  -25.759 0.6000000238
9490  -17.531  -70.431  -24.940 0.6000000238
10427  -17.899  -69.892  -25.669 0.6000000238
11307  -16.756  -68.547  -21.367 0.6000000238
9436  -17.180  -69.744  -20.278 0.6999999881
11308  -17.544  -68.204  -21.280 0.6999999881
9414  -18.282  -69.634  -19.054 0.6999999881
10357  -17.673  -68.753  -20.274 0.6999999881
6354  -26.662  -74.664  -15.397 0.6999999881
9397  -18.765  -69.821  -18.325 0.6999999881
10336  -18.872  -68.460  -19.427 0.6999999881
6346  -26.417  -74.572  -14.483 0.6999999881
6365  -26.788  -74.839  -16.325 0.6999999881
10314  -19.479  -68.957  -18.260 0.6999999881
7041  -26.271  -73.695  -14.144 0.6999999881
135027  -26.495  -74.147  -16.019 0.6999999881
5685  -26.807  -75.670  -17.580 0.6999999881
9379  -20.893  -69.925  -15.952 0.6000000238
7033  -25.904  -73.617  -13.150 0.6999999881
7052  -26.406  -73.800  -15.192 0.6999999881
134668  -26.544  -74.281  -16.661 0.6999999881
6396  -26.521  -74.987  -18.112 0.6999999881
137786  -26.926  -75.701  -18.482 0.6999999881
8520  -21.684  -71.130  -15.420 0.6999999881
7750  -25.800  -72.805  -12.420 0.6999999881
146981  -26.291  -72.708  -13.578 0.6000000238
7770  -26.634  -72.915  -15.445 0.6999999881
7062  -26.532  -73.636  -16.492 0.6999999881
9336  -23.415  -70.310  -13.219 0.6000000238
8488  -23.601  -71.764  -12.068 0.6999999881
9311  -24.850  -71.089  -11.585 0.6999999881
8489  -25.338  -71.512  -11.681 0.6999999881
7746  -26.136  -71.864  -12.728 0.6000000238
8522  -26.891  -72.263  -14.921 0.6000000238
138335  -23.670  -69.678  -12.954 0.6000000238
9321  -24.549  -70.555  -11.883 0.6000000238
8490  -25.850  -71.205  -12.124 0.6000000238
143302  -26.731  -70.803  -13.860 0.5000000000
139372  -26.533  -71.679  -13.624 0.5000000000
138192  -27.243  -71.622  -15.076 0.5000000000
10228  -24.685  -69.739  -12.465 0.6000000238
155644  -25.461  -69.407  -12.766 0.5000000000
9337  -26.341  -69.869  -13.235 0.5000000000
13157  -17.179  -67.277  -24.713 0.6000000238
14082  -16.233  -65.848  -23.621 0.6000000238
13159  -18.919  -66.710  -25.676 0.5000000000
14093  -18.925  -65.692  -25.052 0.6999999881
14081  -15.426  -65.935  -23.356 0.5000000000
14069  -15.762  -65.110  -23.331 0.6000000238
14070  -16.559  -65.061  -23.501 0.6000000238
15056  -13.632  -64.548  -22.391 0.6000000238
13124  -14.621  -66.048  -22.986 0.6000000238
11368  -19.202  -68.331  -26.211 0.4000000060
15057  -14.761  -64.070  -22.709 0.6000000238
10433  -18.728  -69.438  -26.108 0.5000000000
9504  -18.244  -70.729  -25.365 0.6000000238
10403  -17.722  -69.670  -23.310 0.6000000238
153712  -18.171  -68.009  -21.208 0.6999999881
10385  -18.214  -68.802  -22.420 0.6000000238
139281  -19.396  -68.610  -19.011 0.6999999881
9378  -20.432  -69.545  -16.473 0.6000000238
138492  -20.073  -68.740  -18.746 0.6000000238
9363  -21.479  -70.180  -15.446 0.6000000238
7782  -26.760  -72.912  -16.207 0.6000000238
7076  -26.994  -73.310  -17.636 0.6000000238
7075  -26.572  -74.080  -17.822 0.6999999881
6410  -26.664  -74.736  -19.145 0.6999999881
5096  -27.220  -76.047  -20.788 0.6999999881
144313  -22.506  -69.730  -14.495 0.6000000238
7771  -27.208  -72.145  -15.727 0.6000000238
154897  -27.245  -76.239  -21.457 0.6999999881
11168  -24.311  -68.452  -13.218 0.6000000238
8509  -27.249  -70.780  -14.754 0.4000000060
8538  -27.727  -71.730  -16.275 0.4000000060
7783  -27.370  -72.373  -16.597 0.5000000000
7795  -27.602  -72.666  -17.361 0.6000000238
7114  -26.762  -74.077  -19.868 0.6000000238
152268  -26.758  -75.900  -21.207 0.6000000238
11182  -25.497  -68.321  -13.248 0.5000000000
11192  -26.783  -68.109  -13.984 0.5000000000
10254  -26.708  -69.137  -13.780 0.5000000000
9349  -26.944  -69.952  -14.141 0.5000000000
7796  -28.428  -72.470  -17.758 0.4000000060
156980  -28.176  -73.206  -18.862 0.6000000238
155709  -18.803  -64.923  -24.726 0.6000000238
14092  -18.243  -66.218  -24.756 0.6000000238
14095  -20.240  -65.107  -25.964 0.6000000238
151562  -16.122  -64.481  -23.289 0.6000000238
147041  -17.521  -64.036  -23.706 0.5000000000
16021  -17.979  -63.355  -23.785 0.6000000238
18034  -17.092  -61.658  -23.183 0.6000000238
12307  -19.647  -67.475  -26.290 0.6000000238
16011  -13.981  -63.843  -22.442 0.6999999881
144321  -16.224  -62.048  -22.984 0.6000000238
18033  -16.205  -61.173  -22.933 0.6000000238
10434  -19.901  -69.641  -26.454 0.5000000000
148186  -20.146  -68.253  -26.637 0.6000000238
17017  -13.256  -62.628  -22.084 0.6000000238
18021  -14.921  -61.307  -22.486 0.6999999881
8647  -19.055  -71.111  -25.282 0.5000000000
18011  -13.636  -61.923  -22.004 0.6999999881
9475  -18.354  -70.698  -24.015 0.6000000238
18003  -14.451  -61.398  -21.063 0.6000000238
10372  -19.300  -68.656  -21.337 0.6000000238
9462  -18.767  -69.818  -23.057 0.6000000238
9455  -19.775  -69.785  -21.850 0.6000000238
10359  -19.442  -68.439  -20.514 0.6000000238
10285  -20.706  -68.804  -16.723 0.6000000238
11215  -21.292  -68.562  -16.249 0.6000000238
12152  -23.604  -67.538  -14.984 0.6000000238
11179  -23.023  -68.498  -14.010 0.6000000238
12154  -25.093  -67.012  -15.328 0.6000000238
11181  -24.960  -67.977  -13.314 0.6000000238
7115  -27.329  -73.706  -20.129 0.6000000238
7122  -26.763  -74.035  -20.659 0.6000000238
5737  -26.362  -75.340  -21.704 0.6000000238
12129  -25.589  -67.479  -13.619 0.5000000000
11203  -27.618  -68.224  -14.797 0.5000000000
10271  -27.729  -69.319  -15.095 0.5000000000
5755  -25.794  -75.029  -23.805 0.6000000238
7105  -28.886  -73.225  -19.452 0.4000000060
7123  -27.464  -73.606  -20.971 0.6000000238
149917  -26.859  -73.845  -21.612 0.6000000238
152261  -19.567  -63.533  -24.899 0.6000000238
17043  -20.073  -62.828  -25.006 0.5000000000
16031  -20.322  -63.640  -25.565 0.6000000238
155528  -21.555  -62.740  -26.157 0.5000000000
15072  -18.265  -64.318  -24.225 0.6000000238
18043  -19.682  -61.144  -24.043 0.6000000238
15085  -19.866  -64.322  -25.441 0.5000000000
15086  -20.675  -64.419  -26.108 0.5000000000
14109  -21.201  -65.220  -26.609 0.5000000000
18042  -18.844  -61.333  -23.649 0.5000000000
16023  -19.312  -62.688  -24.460 0.6000000238
19064  -17.929  -61.013  -23.321 0.5000000000
13178  -21.101  -66.576  -26.728 0.6000000238
18013  -14.709  -60.871  -21.624 0.6999999881
19049  -16.217  -60.442  -22.841 0.6000000238
19038  -15.827  -59.908  -21.918 0.6000000238
8648  -19.924  -71.316  -24.944 0.5000000000
16991  -15.003  -61.745  -20.083 0.5000000000
18004  -15.350  -60.950  -20.711 0.6999999881
9463  -19.671  -70.197  -22.789 0.5000000000
10360  -20.170  -69.079  -20.106 0.5000000000
10338  -20.525  -68.971  -19.175 0.6000000238
11233  -22.740  -68.139  -16.812 0.6000000238
11216  -22.019  -68.042  -16.093 0.5000000000
12166  -23.619  -67.578  -15.660 0.6000000238
11202  -22.968  -67.734  -15.161 0.6000000238
12987  -26.891  -66.792  -14.629 0.5000000000
7117  -29.223  -73.236  -20.317 0.5000000000
7124  -28.186  -73.443  -21.261 0.5000000000
7133  -26.259  -73.945  -22.256 0.6000000238
6438  -25.806  -74.233  -22.982 0.6000000238
18055  -20.952  -61.114  -24.984 0.6000000238
17044  -20.663  -62.044  -25.270 0.6000000238
19080  -20.839  -60.315  -24.559 0.6000000238
156152  -21.890  -64.268  -26.790 0.5000000000
19065  -19.542  -60.570  -23.684 0.6000000238
139599  -18.858  -60.502  -23.414 0.6999999881
13179  -21.827  -66.435  -26.700 0.6000000238
20069  -17.127  -59.473  -22.879 0.6000000238
20077  -17.828  -60.165  -23.211 0.6000000238
149547  -21.479  -68.060  -26.700 0.6000000238
19018  -15.980  -60.237  -21.052 0.6000000238
20050  -16.324  -59.541  -21.513 0.6000000238
9513  -20.270  -70.289  -26.189 0.5000000000
9456  -20.456  -70.610  -21.447 0.5000000000
153660  -15.522  -62.314  -19.360 0.5000000000
17995  -15.877  -61.572  -19.696 0.6000000238
155200  -20.960  -68.789  -18.265 0.5000000000
159869  -22.243  -69.090  -18.050 0.6000000238
11252  -21.637  -68.674  -17.677 0.5000000000
11219  -24.909  -67.888  -16.839 0.5000000000
12167  -24.498  -67.464  -15.995 0.5000000000
147394  -28.473  -73.326  -21.929 0.6000000238
7134  -26.980  -73.465  -22.598 0.6000000238
20098  -21.435  -59.763  -24.777 0.6000000238
18057  -22.221  -61.049  -25.886 0.5000000000
18063  -22.314  -62.065  -26.346 0.5000000000
137836  -21.332  -59.446  -24.540 0.6999999881
17049  -22.591  -63.029  -26.722 0.5000000000
20078  -19.787  -59.849  -23.561 0.6999999881
20086  -20.380  -59.875  -23.854 0.6000000238
16032  -23.436  -64.123  -26.542 0.5000000000
20070  -18.043  -59.473  -23.039 0.6000000238
15094  -21.984  -64.924  -26.791 0.5000000000
12309  -21.966  -67.498  -26.425 0.6000000238
21108  -17.088  -58.570  -21.600 0.6999999881
10437  -22.091  -68.844  -26.453 0.6000000238
19019  -16.934  -60.206  -20.455 0.6000000238
9514  -21.274  -70.274  -26.229 0.6000000238
17979  -17.727  -61.874  -19.158 0.6999999881
17997  -17.319  -61.071  -19.712 0.6999999881
9477  -20.435  -70.966  -23.465 0.5000000000
8649  -20.826  -71.209  -24.747 0.5000000000
16977  -17.080  -62.269  -18.940 0.6000000238
8599  -21.265  -71.487  -22.119 0.5000000000
16957  -17.638  -62.633  -18.669 0.5000000000
9457  -21.082  -71.260  -20.963 0.6000000238
137212  -20.460  -70.185  -20.601 0.5000000000
14982  -17.173  -63.992  -18.316 0.6000000238
10339  -21.454  -69.658  -18.943 0.5000000000
10298  -23.622  -68.725  -17.457 0.6000000238
11235  -25.461  -68.547  -17.580 0.5000000000
20099  -22.629  -59.061  -25.449 0.6999999881
161049  -22.856  -59.694  -25.630 0.5000000000
18064  -23.027  -61.440  -26.409 0.5000000000
21134  -21.383  -58.955  -22.931 0.8000000119
21148  -21.682  -59.001  -24.206 0.6999999881
137665  -23.882  -61.961  -26.473 0.5000000000
16033  -24.057  -63.660  -26.141 0.5000000000
22151  -18.905  -57.766  -22.456 0.6999999881
21133  -20.502  -59.194  -22.986 0.6999999881
21147  -20.962  -59.316  -23.928 0.8000000119
21118  -18.915  -58.732  -22.618 0.6999999881
16025  -23.866  -63.475  -25.167 0.5000000000
22126  -17.860  -57.482  -21.474 0.6999999881
22150  -18.110  -57.893  -22.349 0.6999999881
156099  -22.266  -65.974  -26.581 0.6000000238
15087  -23.267  -64.865  -26.253 0.5000000000
20039  -18.374  -59.606  -19.832 0.6000000238
20052  -17.677  -59.050  -20.603 0.6000000238
10430  -22.282  -69.793  -26.187 0.6000000238
18986  -18.910  -61.014  -19.117 0.6999999881
19004  -17.705  -60.554  -19.816 0.6999999881
8633  -21.154  -71.181  -24.067 0.6000000238
8665  -21.435  -71.029  -25.163 0.6000000238
145122  -18.232  -62.334  -18.691 0.6000000238
9415  -21.917  -70.976  -19.370 0.6000000238
14967  -17.737  -64.587  -17.795 0.6000000238
9399  -22.811  -69.756  -18.397 0.6000000238
10299  -24.314  -69.282  -17.948 0.5000000000
21136  -23.422  -58.562  -23.312 0.6000000238
21149  -23.834  -58.609  -24.886 0.5000000000
20100  -23.898  -59.236  -26.149 0.5000000000
17040  -24.806  -62.169  -25.667 0.5000000000
21120  -20.873  -58.438  -22.485 0.8000000119
17039  -24.328  -62.636  -25.105 0.5000000000
22139  -18.304  -57.034  -22.240 0.6999999881
142568  -22.485  -66.573  -25.825 0.6000000238
13935  -19.601  -65.580  -13.186 0.6000000238
21099  -18.371  -57.909  -20.450 0.8000000119
14910  -20.422  -64.391  -13.229 0.6000000238
136963  -19.152  -60.121  -19.292 0.6999999881
21083  -19.235  -58.544  -19.600 0.8000000119
12299  -22.362  -68.229  -26.062 0.6000000238
13959  -19.649  -65.328  -14.969 0.6000000238
17981  -19.371  -61.611  -18.406 0.6000000238
8634  -22.142  -71.260  -23.863 0.6000000238
8635  -22.973  -71.242  -23.643 0.6000000238
14956  -19.472  -64.246  -16.380 0.6000000238
15936  -18.737  -63.562  -17.686 0.6000000238
16934  -19.010  -62.947  -17.914 0.6000000238
8582  -22.047  -71.557  -20.490 0.6000000238
8601  -23.253  -71.794  -21.531 0.6000000238
15950  -18.291  -62.982  -18.221 0.5000000000
9400  -23.755  -70.448  -18.659 0.5000000000
10300  -25.096  -69.317  -18.115 0.5000000000
9401  -24.511  -70.794  -19.125 0.5000000000
21150  -24.952  -58.607  -24.920 0.5000000000
21161  -25.406  -58.865  -25.936 0.5000000000
21122  -23.004  -58.241  -22.466 0.6000000238
21123  -24.007  -58.146  -22.561 0.5000000000
22152  -19.997  -57.774  -22.450 0.8000000119
22153  -21.260  -57.648  -22.378 0.6999999881
24352  -19.138  -55.813  -22.680 0.8000000119
23214  -18.206  -56.771  -21.706 0.8000000119
14072  -22.772  -65.454  -24.888 0.6000000238
16015  -23.545  -62.698  -24.231 0.5000000000
15873  -19.184  -63.290  -12.368 0.6000000238
23215  -18.676  -56.465  -20.710 0.8000000119
15061  -22.645  -64.868  -24.265 0.5000000000
15875  -20.524  -63.678  -12.891 0.6999999881
14893  -20.098  -64.374  -12.628 0.6000000238
21072  -20.078  -58.785  -18.922 0.8000000119
148796  -22.519  -68.599  -25.530 0.6000000238
12288  -22.334  -67.806  -25.296 0.6000000238
14085  -22.559  -66.131  -25.158 0.6000000238
16888  -20.997  -63.044  -14.029 0.6000000238
9478  -22.834  -70.881  -24.150 0.6000000238
9494  -22.316  -70.602  -25.050 0.6000000238
11353  -22.282  -68.445  -24.627 0.6000000238
15904  -19.930  -64.062  -15.781 0.6000000238
17953  -20.018  -61.727  -17.795 0.6000000238
18988  -20.306  -60.381  -18.125 0.5000000000
9465  -23.522  -71.062  -23.308 0.6000000238
16921  -20.014  -62.858  -16.796 0.6000000238
8568  -23.459  -71.510  -20.064 0.6000000238
8602  -24.235  -71.426  -22.081 0.6000000238
8585  -24.707  -71.172  -21.378 0.5000000000
160524  -25.410  -70.763  -20.038 0.5000000000
10319  -25.573  -69.896  -18.929 0.5000000000
10341  -25.982  -70.274  -19.825 0.5000000000
22155  -23.499  -57.606  -22.266 0.6000000238
23236  -21.050  -56.473  -23.048 0.6999999881
137241  -17.354  -62.125  -13.761 0.6000000238
16870  -18.272  -63.010  -12.673 0.6000000238
24339  -18.951  -55.415  -21.908 0.8000000119
137877  -22.372  -64.032  -23.704 0.5000000000
17854  -19.378  -61.967  -12.528 0.6000000238
23216  -19.254  -55.562  -20.709 0.8000000119
16013  -21.620  -63.872  -22.862 0.5000000000
16862  -20.574  -62.903  -12.657 0.6999999881
21073  -20.644  -58.063  -18.496 0.8000000119
13140  -21.949  -66.511  -24.211 0.6000000238
15060  -21.720  -64.727  -23.396 0.6000000238
16889  -21.397  -62.414  -13.999 0.8000000119
20014  -20.818  -59.536  -17.819 0.6999999881
10404  -22.506  -70.220  -24.687 0.6000000238
13125  -21.501  -66.699  -23.455 0.6000000238
142582  -21.477  -62.037  -14.731 0.6999999881
16922  -20.709  -62.473  -16.192 0.6999999881
17954  -20.572  -61.215  -17.445 0.6000000238
10387  -23.072  -70.391  -23.584 0.6000000238
11325  -21.906  -68.219  -22.416 0.6000000238
15905  -20.378  -63.308  -15.814 0.6000000238
11326  -22.539  -69.169  -23.016 0.5000000000
10375  -24.297  -70.558  -22.115 0.5000000000
23237  -22.866  -56.912  -22.551 0.6000000238
23239  -24.619  -56.698  -22.737 0.5000000000
17916  -15.930  -61.259  -14.779 0.6000000238
155203  -22.101  -56.091  -23.523 0.6999999881
16885  -16.742  -62.133  -14.145 0.6000000238
24364  -20.118  -55.611  -23.151 0.6999999881
25513  -20.622  -54.774  -22.742 0.6000000238
17870  -18.661  -61.501  -13.025 0.6000000238
17896  -17.853  -61.445  -13.782 0.6000000238
24340  -19.670  -54.740  -21.378 0.6000000238
24322  -20.151  -55.019  -20.430 0.6999999881
149818  -20.272  -61.220  -12.555 0.8000000119
144636  -20.204  -56.487  -19.037 0.6999999881
23179  -20.772  -56.162  -18.692 0.6000000238
16863  -21.048  -62.171  -12.821 0.8000000119
21058  -20.961  -58.742  -17.911 0.8000000119
21059  -21.394  -58.110  -17.568 0.6999999881
17897  -21.718  -61.541  -14.059 0.6999999881
138120  -21.702  -61.349  -15.030 0.6999999881
18954  -21.473  -60.264  -16.417 0.6000000238
20001  -21.644  -59.364  -16.497 0.8000000119
17931  -15.350  -60.780  -15.293 0.6000000238
17917  -16.938  -60.817  -14.828 0.6000000238
18904  -18.437  -60.650  -13.780 0.6999999881
24303  -21.645  -55.289  -19.007 0.6000000238
18885  -19.085  -60.794  -13.069 0.6999999881
18873  -19.845  -60.498  -12.715 0.6999999881
22087  -21.218  -56.630  -18.064 0.6999999881
23164  -21.798  -56.334  -17.568 0.6000000238
18874  -20.866  -60.767  -12.604 0.8000000119
19955  -21.743  -59.786  -12.954 0.6000000238
18907  -22.247  -59.944  -14.081 0.5000000000
22057  -21.958  -57.668  -16.825 0.6999999881
22058  -22.358  -57.222  -16.282 0.6999999881
23181  -22.219  -55.596  -17.655 0.6000000238
17872  -21.619  -61.146  -13.426 0.8000000119
19992  -22.291  -59.294  -15.128 0.6000000238
21030  -22.082  -58.929  -15.807 0.6000000238
17951  -14.893  -60.653  -16.352 0.6000000238
17952  -15.382  -60.451  -16.442 0.6000000238
18932  -17.272  -60.078  -15.167 0.6999999881
17932  -15.926  -60.520  -15.465 0.6000000238
18933  -18.082  -60.024  -14.560 0.6999999881
19970  -18.548  -59.292  -14.478 0.6999999881
18905  -19.126  -60.110  -13.333 0.6999999881
20992  -19.936  -58.716  -13.259 0.6000000238
24304  -22.242  -55.162  -18.458 0.6000000238
20982  -21.207  -59.401  -12.722 0.6000000238
20995  -22.484  -58.593  -13.689 0.6000000238
25463  -23.091  -54.710  -18.714 0.5000000000
24287  -22.727  -55.407  -16.802 0.6000000238
25449  -22.882  -54.862  -17.692 0.5000000000
25464  -23.580  -54.225  -18.069 0.5000000000
24273  -23.023  -55.532  -15.818 0.6000000238
24288  -23.128  -54.721  -16.907 0.5000000000
17976  -13.568  -61.321  -18.236 0.6000000238
156900  -14.568  -60.941  -17.167 0.6000000238
18951  -15.999  -59.980  -16.343 0.6999999881
18968  -15.369  -60.508  -17.366 0.6999999881
19990  -17.146  -59.344  -15.732 0.6999999881
19991  -17.824  -59.312  -15.116 0.6999999881
21028  -18.375  -58.495  -15.048 0.6000000238
21008  -19.079  -58.591  -14.176 0.5000000000
21010  -20.519  -57.990  -13.144 0.6999999881
22034  -19.793  -56.891  -14.154 0.6000000238
20993  -20.950  -58.615  -12.792 0.6000000238
22023  -22.106  -57.203  -13.287 0.6000000238
136106  -21.819  -56.077  -13.569 0.6000000238
147467  -22.721  -56.933  -14.455 0.6000000238
24239  -22.870  -55.248  -14.536 0.5000000000
26537  -23.298  -53.650  -14.982 0.5000000000
26565  -23.735  -53.470  -16.479 0.5000000000
19014  -10.338  -60.782  -20.996 0.6999999881
19034  -11.399  -60.239  -21.174 0.6999999881
20057  -10.794  -59.931  -21.219 0.6999999881
17994  -13.204  -61.251  -18.946 0.6000000238
19017  -12.917  -60.351  -20.270 0.6999999881
21107  -11.522  -59.333  -21.054 0.6999999881
21095  -11.465  -58.636  -20.730 0.6999999881
23209  -11.724  -57.471  -20.024 0.6000000238
18985  -15.141  -61.048  -18.057 0.6999999881
19002  -13.633  -60.796  -19.302 0.6999999881
20049  -13.152  -59.499  -20.634 0.6999999881
21096  -12.380  -58.646  -20.904 0.6999999881
155929  -15.406  -60.428  -17.867 0.6999999881
19003  -14.227  -60.183  -19.093 0.6999999881
21097  -13.608  -58.781  -20.607 0.6999999881
21027  -17.618  -58.654  -15.692 0.6999999881
22047  -18.471  -57.542  -15.262 0.6000000238
21029  -18.939  -57.944  -14.632 0.6000000238
23122  -19.756  -56.130  -14.437 0.6000000238
25423  -19.777  -54.620  -15.256 0.6000000238
22035  -20.546  -57.215  -13.478 0.6000000238
24215  -21.217  -55.755  -13.726 0.6000000238
25406  -21.182  -54.492  -14.262 0.6000000238
24237  -21.594  -55.062  -13.926 0.5000000000
26535  -22.206  -53.333  -14.588 0.6000000238
26552  -21.546  -52.840  -14.981 0.6000000238
25408  -22.650  -54.741  -14.286 0.5000000000
26536  -22.839  -53.744  -14.550 0.5000000000
27688  -22.818  -52.909  -14.786 0.5000000000
19013  -9.559  -60.299  -20.758 0.6999999881
21106  -10.694  -59.248  -20.927 0.6999999881
22121  -11.227  -58.048  -20.293 0.6000000238
23198  -11.572  -57.414  -19.484 0.6000000238
24316  -11.924  -56.590  -18.932 0.6000000238
137193  -12.389  -55.977  -19.040 0.4000000060
22123  -13.767  -57.567  -20.611 0.6000000238
141296  -12.890  -57.749  -20.684 0.5000000000
24337  -12.785  -56.529  -19.612 0.5000000000
25460  -12.595  -54.224  -18.447 0.4000000060
26585  -12.008  -53.665  -17.966 0.5000000000
20012  -16.240  -59.254  -16.822 0.6999999881
20038  -15.035  -58.984  -18.585 0.8000000119
21080  -14.382  -58.539  -20.171 0.6999999881
23211  -14.028  -56.850  -20.202 0.5000000000
142735  -14.033  -56.086  -19.584 0.4000000060
145294  -13.277  -54.740  -18.886 0.4000000060
136219  -12.963  -53.431  -18.130 0.4000000060
27734  -14.382  -52.753  -18.038 0.4000000060
20026  -15.817  -59.001  -17.507 0.8000000119
147792  -15.714  -58.175  -17.790 0.8000000119
21081  -15.027  -58.214  -19.499 0.8000000119
153300  -15.260  -57.491  -19.873 0.8000000119
22125  -15.148  -57.117  -20.091 0.6000000238
24319  -14.693  -55.634  -19.327 0.5000000000
25479  -14.591  -54.710  -19.028 0.4000000060
26586  -14.034  -53.567  -18.506 0.4000000060
20013  -16.907  -58.726  -16.345 0.6999999881
21040  -17.464  -58.027  -16.175 0.8000000119
22055  -17.265  -57.250  -16.583 0.6999999881
23138  -18.335  -56.025  -15.649 0.5000000000
25480  -15.140  -54.881  -18.926 0.5000000000
159639  -15.537  -53.750  -18.481 0.4000000060
27735  -15.243  -52.500  -18.027 0.4000000060
141266  -18.215  -56.856  -15.618 0.6000000238
23139  -19.039  -55.979  -14.989 0.5000000000
24255  -18.979  -55.179  -15.584 0.5000000000
26550  -19.883  -53.793  -15.633 0.6000000238
25424  -20.529  -54.107  -14.894 0.6000000238
27698  -20.879  -52.348  -15.766 0.6000000238
20047  -9.763  -59.718  -20.978 0.6000000238
142853  -9.563  -58.295  -20.256 0.5000000000
23197  -10.631  -57.700  -19.413 0.5000000000
24315  -11.324  -57.471  -18.836 0.4000000060
24301  -11.641  -56.487  -18.330 0.5000000000
25458  -11.407  -54.947  -18.083 0.5000000000
25459  -11.828  -54.518  -18.151 0.5000000000
26572  -10.717  -53.265  -17.099 0.5000000000
27719  -11.279  -52.329  -17.216 0.5000000000
29809  -12.423  -50.945  -16.022 0.5000000000
156114  -12.967  -52.716  -17.708 0.5000000000
29824  -13.013  -50.476  -16.203 0.5000000000
160073  -15.589  -57.594  -18.282 0.6999999881
148197  -15.845  -56.151  -18.390 0.6000000238
24285  -16.184  -55.680  -17.985 0.5000000000
24321  -15.719  -55.569  -18.545 0.5000000000
29853  -13.736  -51.069  -17.471 0.5000000000
29839  -13.947  -50.305  -17.181 0.5000000000
21057  -16.917  -57.971  -16.630 0.8000000119
23163  -16.743  -56.825  -17.240 0.6999999881
23152  -17.296  -56.313  -16.826 0.6000000238
25461  -16.078  -54.937  -18.154 0.5000000000
26589  -16.160  -53.665  -18.259 0.4000000060
26588  -15.814  -53.081  -18.265 0.5000000000
28805  -14.503  -51.790  -17.740 0.4000000060
29854  -14.613  -50.825  -17.544 0.5000000000
24254  -18.284  -55.290  -16.092 0.5000000000
25448  -17.975  -53.916  -16.772 0.5000000000
25447  -17.259  -54.478  -17.226 0.6000000238
26573  -17.388  -53.546  -17.538 0.5000000000
27737  -17.321  -52.350  -17.804 0.5000000000
143608  -17.004  -51.799  -17.836 0.5000000000
25436  -19.209  -54.294  -15.918 0.5000000000
26562  -18.643  -53.309  -16.684 0.5000000000
26574  -18.079  -53.026  -17.271 0.5000000000
26591  -17.624  -52.705  -17.685 0.5000000000
26564  -19.903  -52.902  -16.095 0.6000000238
27710  -19.417  -52.297  -16.758 0.6000000238
22102  -8.403  -57.617  -20.078 0.5000000000
23177  -9.326  -56.845  -18.715 0.5000000000
23178  -10.407  -57.533  -18.816 0.5000000000
24283  -11.074  -57.506  -18.152 0.4000000060
134774  -11.343  -57.317  -17.756 0.4000000060
23195  -7.973  -56.976  -19.572 0.5000000000
133893  -10.501  -57.185  -18.267 0.4000000060
25445  -11.506  -55.984  -17.903 0.5000000000
26571  -11.051  -54.382  -17.415 0.6000000238
26561  -11.256  -53.734  -16.567 0.5000000000
27708  -11.232  -52.765  -16.332 0.5000000000
27695  -13.223  -52.412  -15.768 0.4000000060
135022  -13.502  -51.467  -15.619 0.4000000060
28770  -14.526  -51.331  -15.371 0.4000000060
141961  -10.343  -57.169  -16.708 0.4000000060
23160  -10.928  -57.428  -17.380 0.4000000060
23161  -11.626  -57.439  -17.178 0.4000000060
24284  -11.764  -56.452  -17.631 0.5000000000
24269  -12.026  -55.338  -16.840 0.5000000000
25419  -12.377  -54.387  -16.467 0.5000000000
24270  -13.065  -56.835  -16.492 0.4000000060
24271  -13.728  -56.262  -16.051 0.4000000060
25420  -13.801  -55.128  -16.095 0.5000000000
26547  -14.165  -54.230  -15.827 0.4000000060
148489  -13.947  -53.303  -15.744 0.4000000060
27696  -14.394  -52.572  -15.470 0.4000000060
27697  -15.389  -52.433  -15.094 0.4000000060
158052  -10.535  -57.245  -16.168 0.4000000060
23149  -11.032  -57.574  -16.488 0.4000000060
23151  -12.254  -57.434  -16.514 0.4000000060
24231  -10.565  -56.385  -14.187 0.4000000060
24232  -11.699  -56.731  -13.966 0.4000000060
23136  -12.789  -57.354  -15.575 0.4000000060
23137  -13.692  -56.979  -15.421 0.4000000060
24252  -14.295  -56.167  -15.377 0.5000000000
25421  -14.828  -55.206  -15.338 0.5000000000
26548  -14.794  -53.932  -15.470 0.4000000060
24234  -14.087  -56.554  -14.492 0.4000000060
24214  -15.390  -55.337  -13.628 0.4000000060
147032  -15.929  -54.895  -14.024 0.4000000060
26549  -15.424  -53.531  -15.088 0.4000000060
27685  -16.180  -52.519  -14.758 0.4000000060
25400  -9.984  -55.359  -13.961 0.4000000060
144327  -10.795  -54.817  -13.739 0.3000000119
25402  -12.584  -56.300  -13.677 0.3000000119
24233  -13.429  -56.688  -13.984 0.4000000060
26518  -10.798  -53.591  -13.764 0.4000000060
25381  -11.613  -54.383  -13.553 0.3000000119
25382  -12.420  -55.185  -13.382 0.3000000119
24211  -13.327  -55.836  -13.458 0.4000000060
26502  -14.152  -54.063  -12.642 0.5000000000
25369  -15.525  -54.925  -12.959 0.4000000060
150525  -15.901  -54.929  -13.312 0.4000000060
26521  -17.004  -54.034  -13.332 0.4000000060
27687  -17.716  -52.455  -14.032 0.3000000119
27653  -13.879  -52.766  -12.428 0.5000000000
27654  -14.684  -53.517  -12.214 0.5000000000
26504  -16.058  -54.344  -12.328 0.4000000060
148767  -16.809  -54.290  -12.805 0.4000000060
144986  -17.423  -53.898  -12.570 0.3000000119
147808  -10.066  -54.207  -14.002 0.4000000060
28748  -10.618  -51.843  -13.513 0.4000000060
159169  -11.817  -52.555  -13.391 0.4000000060
27669  -12.535  -53.052  -13.224 0.5000000000
26520  -13.198  -54.062  -12.991 0.5000000000
28749  -11.458  -51.870  -13.306 0.4000000060
27652  -13.005  -52.394  -12.833 0.5000000000
153545  -13.330  -51.911  -12.325 0.5000000000
27636  -14.682  -52.667  -11.825 0.4000000060
27637  -16.063  -53.012  -11.492 0.4000000060
26506  -17.774  -53.698  -12.047 0.3000000119
28718  -13.158  -51.135  -11.840 0.3000000119
28719  -13.943  -51.852  -11.786 0.3000000119
28720  -14.772  -51.705  -11.239 0.3000000119
27667  -10.295  -52.619  -13.807 0.4000000060
29782  -10.948  -51.113  -13.001 0.3000000119
29764  -11.469  -50.664  -12.270 0.4000000060
28722  -16.816  -52.287  -11.176 0.3000000119
135019  -10.100  -50.693  -12.811 0.3000000119
30696  -9.818  -49.181  -11.101 0.3000000119
14083  -17.546  -65.872  -24.221 0.6000000238
15071  -17.432  -64.944  -23.834 0.5000000000
22049  -22.657  -57.123  -15.473 0.6000000238
141135  -22.646  -57.842  -14.818 0.6000000238
6422  -22.035  -74.782  -20.313 0.5000000000
6393  -21.113  -74.270  -18.876 0.6000000238
7824  -17.671  -72.037  -21.019 0.5000000000
7090  -22.031  -74.071  -17.741 0.6999999881
6353  -22.717  -74.481  -15.069 0.6999999881
7780  -20.515  -71.977  -16.580 0.6999999881
7040  -22.682  -73.923  -14.463 0.6999999881
137342  -22.706  -73.027  -14.744 0.6999999881
10384  -17.178  -68.670  -22.517 0.5000000000
6318  -24.383  -74.786  -11.958 0.6999999881
9389  -19.949  -69.978  -16.852 0.6999999881
8536  -20.544  -70.711  -16.305 0.6999999881
6319  -25.052  -74.086  -11.964 0.6999999881
9348  -22.986  -70.567  -14.129 0.6999999881
13158  -18.035  -67.037  -24.994 0.6000000238
7760  -26.515  -72.959  -14.616 0.6999999881
10269  -21.255  -69.265  -15.635 0.6000000238
10241  -23.620  -68.851  -13.341 0.6000000238
148064  -25.133  -70.185  -12.199 0.5000000000
134570  -15.271  -63.557  -22.842 0.6999999881
10253  -22.376  -68.892  -14.509 0.6000000238
148254  -27.030  -73.497  -18.193 0.6000000238
6423  -26.663  -74.815  -20.042 0.6000000238
11180  -23.783  -68.139  -13.699 0.5000000000
12142  -27.222  -67.275  -14.503 0.5000000000
7116  -28.296  -73.441  -20.399 0.5000000000
140731  -16.335  -62.819  -23.098 0.6000000238
17019  -14.744  -62.021  -22.512 0.6999999881
10435  -20.929  -69.650  -26.586 0.6000000238
11231  -21.213  -68.497  -17.024 0.5000000000
11190  -22.556  -68.212  -14.745 0.5000000000
12127  -24.210  -67.586  -13.995 0.6000000238
11191  -23.387  -67.859  -14.407 0.5000000000
12140  -25.630  -66.896  -14.000 0.5000000000
144913  -26.191  -74.648  -22.174 0.6000000238
138124  -27.630  -73.508  -21.804 0.6000000238
7125  -29.046  -73.273  -21.186 0.5000000000
21116  -17.356  -58.836  -22.485 0.6000000238
16024  -23.184  -64.184  -24.680 0.5000000000
14924  -20.089  -65.070  -13.886 0.6000000238
14955  -18.984  -64.804  -16.637 0.6000000238
9438  -22.595  -71.465  -19.902 0.6000000238
14925  -20.451  -64.202  -14.189 0.6000000238
21084  -19.871  -58.033  -19.221 0.8000000119
160878  -20.635  -63.369  -15.112 0.6000000238
11340  -21.971  -68.298  -23.515 0.6000000238
16936  -20.409  -62.120  -17.171 0.6000000238
10388  -23.805  -70.747  -22.895 0.6000000238
22086  -20.668  -57.005  -18.549 0.8000000119
14054  -21.214  -65.469  -23.044 0.6000000238
18970  -21.282  -59.719  -17.098 0.6000000238
18953  -21.135  -60.957  -16.799 0.6999999881
18934  -21.835  -60.535  -15.402 0.6000000238
20994  -21.924  -58.781  -12.909 0.6000000238
21043  -22.318  -58.009  -15.853 0.6999999881
145139  -22.693  -57.831  -13.987 0.6000000238
25425  -23.450  -54.063  -15.632 0.5000000000
155828  -19.264  -56.593  -14.667 0.5000000000
23110  -22.585  -56.355  -13.971 0.6000000238
27689  -23.213  -53.133  -14.886 0.5000000000
17992  -11.565  -61.156  -19.868 0.6999999881
17993  -12.433  -61.254  -19.331 0.6000000238
20048  -12.499  -59.758  -20.911 0.6999999881
20037  -14.509  -59.242  -19.273 0.8000000119
144442  -14.181  -58.024  -20.633 0.6000000238
22120  -10.419  -58.198  -20.194 0.6000000238
24317  -13.175  -55.677  -19.252 0.5000000000
152653  -13.242  -57.057  -20.239 0.5000000000
146907  -16.102  -52.217  -17.915 0.5000000000
23196  -9.426  -57.510  -19.551 0.5000000000
29838  -12.601  -50.879  -17.009 0.5000000000
23162  -16.218  -56.469  -17.868 0.6000000238
24272  -17.268  -55.408  -17.013 0.6000000238
27709  -18.712  -52.563  -17.030 0.5000000000
26546  -13.082  -53.559  -16.114 0.5000000000
25433  -13.063  -55.633  -16.549 0.6000000238
23118  -10.277  -56.659  -14.901 0.4000000060
23119  -11.185  -57.210  -14.764 0.4000000060
23135  -11.728  -57.615  -15.766 0.4000000060
25401  -11.648  -55.545  -13.599 0.3000000119
140246  -12.737  -57.081  -14.118 0.4000000060
24253  -14.771  -56.018  -14.693 0.5000000000
25422  -15.482  -54.629  -14.875 0.4000000060
24212  -14.135  -56.054  -13.735 0.4000000060
24213  -14.788  -55.908  -14.006 0.4000000060
26533  -16.115  -53.372  -14.624 0.4000000060
27686  -16.912  -53.218  -14.121 0.4000000060
134539  -11.708  -53.342  -13.509 0.3000000119
26519  -12.403  -54.100  -13.336 0.5000000000
25383  -13.977  -55.200  -13.053 0.4000000060
26503  -15.186  -54.370  -12.425 0.5000000000
25368  -14.812  -54.967  -12.838 0.4000000060
27670  -17.672  -53.429  -13.260 0.4000000060
26492  -15.530  -53.571  -11.880 0.4000000060
26493  -16.510  -53.771  -11.814 0.4000000060
28750  -12.252  -52.077  -13.129 0.5000000000
28736  -11.845  -51.345  -12.757 0.5000000000
28737  -12.639  -51.602  -12.524 0.4000000060
28721  -15.823  -52.068  -11.188 0.4000000060
29765  -12.291  -50.853  -12.118 0.4000000060
153597  -10.159  -49.908  -12.017 0.3000000119
29747  -11.100  -49.990  -11.730 0.3000000119
135234  -11.900  -50.207  -11.574 0.3000000119
141080  -28.725  -79.070  -23.760 0.5000000000
154611  -26.987  -80.134  -24.046 0.5000000000
2722  -27.218  -81.126  -25.331 0.5000000000
3321  -26.589  -80.238  -25.439 0.5000000000
2727  -28.193  -80.800  -26.537 0.5000000000
3329  -26.975  -79.973  -26.508 0.5000000000
3330  -28.491  -80.028  -26.953 0.6000000238
3902  -28.408  -78.592  -24.000 0.5000000000
3915  -27.352  -79.158  -24.262 0.5000000000
3309  -25.953  -79.372  -25.266 0.5000000000
3320  -26.199  -79.410  -26.205 0.5000000000
3331  -29.465  -79.505  -27.177 0.6000000238
3928  -26.791  -79.031  -27.053 0.6000000238
156225  -27.747  -80.293  -26.735 0.6000000238
4533  -29.700  -77.550  -23.312 0.4000000060
137364  -29.550  -75.608  -16.634 0.4000000060
5688  -29.655  -75.485  -18.487 0.4000000060
5707  -30.844  -75.368  -19.402 0.5000000000
5109  -30.537  -76.025  -20.923 0.5000000000
5121  -30.472  -76.586  -21.632 0.5000000000
5120  -29.695  -76.532  -21.957 0.5000000000
5108  -28.997  -76.316  -21.372 0.5000000000
157094  -30.313  -76.911  -22.249 0.5000000000
4525  -29.058  -76.919  -23.369 0.5000000000
3339  -30.523  -79.335  -27.372 0.6000000238
3936  -31.837  -78.886  -28.582 0.6000000238
160974  -28.537  -77.020  -23.787 0.5000000000
4541  -27.780  -78.013  -24.382 0.5000000000
4531  -27.798  -77.189  -24.128 0.5000000000
140450  -29.194  -78.636  -27.704 0.6000000238
3913  -26.013  -78.308  -25.232 0.5000000000
3927  -26.098  -78.492  -26.965 0.6000000238
154002  -27.486  -78.562  -27.538 0.6000000238
3944  -30.560  -78.312  -28.196 0.6000000238
3941  -27.788  -77.860  -27.991 0.6000000238
3943  -29.738  -78.113  -28.083 0.6000000238
4565  -30.425  -77.844  -28.167 0.6999999881
4564  -28.161  -77.342  -28.122 0.6000000238
4556  -29.277  -77.563  -28.045 0.6999999881
5011  -26.939  -76.787  -13.167 0.6000000238
5653  -27.772  -75.463  -15.168 0.6000000238
5635  -27.073  -75.373  -14.561 0.6000000238
5654  -28.770  -75.839  -15.090 0.5000000000
5674  -28.744  -75.525  -16.688 0.5000000000
5673  -27.478  -75.634  -17.007 0.6000000238
5082  -29.365  -75.872  -20.427 0.5000000000
5687  -28.441  -75.798  -18.251 0.5000000000
5081  -28.085  -76.151  -20.024 0.5000000000
5119  -28.793  -76.541  -22.366 0.5000000000
5107  -28.013  -76.368  -21.415 0.5000000000
5131  -27.966  -76.680  -23.150 0.5000000000
3948  -34.061  -78.165  -29.023 0.6999999881
3946  -32.523  -78.576  -28.954 0.6000000238
4569  -34.274  -77.250  -28.902 0.8000000119
4540  -26.840  -77.695  -24.615 0.5000000000
4546  -25.582  -77.619  -25.801 0.5000000000
4550  -25.765  -77.658  -26.691 0.6000000238
143996  -32.056  -78.165  -28.843 0.6999999881
4567  -32.655  -77.676  -28.949 0.6999999881
3933  -26.840  -77.962  -27.756 0.6000000238
4558  -31.270  -77.455  -28.083 0.6999999881
4562  -26.654  -76.992  -28.120 0.6000000238
159470  -27.685  -76.861  -28.231 0.6000000238
5156  -27.599  -76.324  -27.880 0.6999999881
5162  -29.448  -77.204  -27.652 0.6999999881
141866  -31.511  -76.904  -27.559 0.6000000238
4422  -26.462  -77.164  -13.213 0.5000000000
5620  -27.202  -76.166  -13.609 0.6000000238
5666  -27.335  -75.250  -16.224 0.6000000238
155925  -27.602  -75.990  -19.055 0.6000000238
5097  -27.660  -76.212  -20.741 0.6000000238
145132  -27.711  -76.422  -22.067 0.5000000000
5118  -26.982  -76.419  -22.350 0.6000000238
4570  -35.166  -77.121  -28.915 0.6999999881
5130  -26.754  -76.598  -23.458 0.5000000000
5129  -25.962  -76.085  -23.334 0.5000000000
149909  -34.848  -76.714  -28.796 0.5000000000
5178  -36.752  -75.759  -29.357 0.6000000238
5141  -26.015  -76.529  -24.160 0.6000000238
4538  -25.125  -76.718  -25.529 0.5000000000
5173  -34.209  -76.709  -28.676 0.6000000238
4549  -25.496  -76.696  -27.250 0.5000000000
4566  -32.024  -77.558  -28.642 0.6999999881
5171  -32.956  -76.993  -28.824 0.6000000238
4554  -26.021  -76.442  -27.840 0.5000000000
5164  -32.124  -77.019  -28.216 0.6000000238
5794  -32.468  -76.549  -27.762 0.6000000238
146669  -25.929  -75.376  -27.808 0.5000000000
142208  -26.817  -75.367  -27.333 0.6000000238
5158  -31.194  -76.276  -26.842 0.5000000000
5779  -28.928  -75.642  -25.707 0.5000000000
144449  -31.483  -74.969  -26.801 0.5000000000
4398  -25.022  -76.895  -12.713 0.6000000238
4999  -25.854  -76.728  -12.794 0.6000000238
4420  -23.936  -77.107  -13.753 0.4000000060
5747  -26.067  -75.457  -22.561 0.5000000000
5177  -36.126  -75.522  -29.215 0.6000000238
5128  -25.636  -75.926  -24.097 0.5000000000
134400  -35.118  -76.136  -28.687 0.5000000000
5151  -24.608  -76.154  -26.148 0.5000000000
5797  -34.257  -76.409  -28.477 0.5000000000
5795  -34.883  -75.654  -28.308 0.5000000000
6488  -35.785  -74.804  -28.913 0.5000000000
5775  -24.521  -74.480  -26.883 0.5000000000
138438  -33.716  -76.329  -28.058 0.5000000000
5788  -33.127  -75.814  -27.055 0.5000000000
6482  -25.305  -74.308  -27.408 0.6000000238
6462  -26.619  -74.044  -25.760 0.6000000238
5786  -31.840  -75.974  -26.907 0.5000000000
5787  -32.324  -75.790  -26.897 0.6000000238
6463  -27.969  -74.251  -25.409 0.6000000238
6464  -28.887  -75.014  -25.684 0.5000000000
5037  -23.379  -76.791  -15.302 0.4000000060
5765  -25.194  -75.307  -24.672 0.5000000000
6485  -36.003  -73.976  -28.418 0.5000000000
6454  -24.520  -74.636  -25.368 0.5000000000
7161  -24.928  -73.554  -26.010 0.5000000000
6478  -34.313  -74.962  -26.379 0.5000000000
6479  -35.239  -74.374  -26.964 0.5000000000
7893  -36.107  -72.685  -26.409 0.5000000000
7885  -36.170  -72.008  -25.740 0.5000000000
8640  -36.414  -70.689  -24.105 0.5000000000
146154  -25.659  -73.531  -25.298 0.6000000238
7162  -26.777  -73.414  -24.953 0.6000000238
6477  -33.383  -75.141  -26.331 0.5000000000
159451  -27.323  -73.652  -25.171 0.6000000238
7165  -32.697  -73.560  -25.950 0.5000000000
7174  -28.673  -72.853  -26.070 0.5000000000
7890  -29.039  -72.732  -27.171 0.5000000000
7146  -27.724  -72.979  -23.216 0.5000000000
6467  -34.607  -74.167  -25.830 0.5000000000
7168  -35.381  -73.515  -26.120 0.5000000000
152581  -36.364  -71.627  -25.137 0.5000000000
7145  -26.729  -73.079  -23.696 0.5000000000
7858  -27.535  -72.340  -24.048 0.6000000238
6466  -33.718  -74.430  -25.717 0.5000000000
156951  -34.744  -73.415  -25.433 0.5000000000
8658  -35.176  -71.488  -24.377 0.5000000000
153206  -36.144  -70.072  -23.582 0.5000000000
10409  -36.458  -69.480  -23.299 0.5000000000
7163  -27.966  -73.160  -25.209 0.5000000000
7166  -33.269  -73.687  -25.445 0.5000000000
7883  -33.050  -72.759  -25.669 0.5000000000
7135  -29.268  -73.077  -22.078 0.5000000000
149861  -34.239  -70.989  -24.489 0.5000000000
8638  -34.815  -70.853  -24.074 0.5000000000
9481  -35.482  -70.390  -23.757 0.5000000000
12271  -35.749  -67.369  -22.793 0.4000000060
9480  -34.868  -70.039  -23.763 0.4000000060
12284  -13.760  -67.633  -22.998 0.4000000060
147224  -18.458  -65.157  -12.550 0.5000000000
15889  -16.471  -62.914  -14.087 0.5000000000
15890  -16.990  -63.550  -13.428 0.5000000000
17915  -15.123  -61.742  -14.624 0.5000000000
16905  -16.114  -62.214  -14.469 0.5000000000
15881  -17.826  -63.676  -12.734 0.5000000000
17973  -10.855  -61.172  -19.513 0.5000000000
19000  -10.092  -60.874  -20.328 0.5000000000
21093  -9.091  -58.984  -20.495 0.5000000000
7144  -25.850  -73.625  -23.801 0.5000000000
5766  -24.986  -74.248  -24.604 0.5000000000
3338  -28.674  -79.226  -27.301 0.6000000238
3922  -25.841  -78.613  -26.018 0.6000000238
144144  -28.292  -78.574  -27.639 0.6000000238
4555  -26.119  -77.431  -27.538 0.6000000238
5169  -28.426  -76.976  -28.067 0.6999999881
4539  -25.919  -77.194  -24.907 0.5000000000
5796  -26.542  -76.250  -28.089 0.6000000238
5157  -28.746  -76.637  -27.209 0.6000000238
5778  -28.186  -75.878  -26.264 0.6000000238
5174  -35.771  -76.363  -29.001 0.6999999881
133990  -24.707  -75.756  -25.416 0.5000000000
5782  -24.945  -74.915  -27.431 0.5000000000
6472  -26.336  -74.521  -26.869 0.6000000238
149270  -28.380  -75.173  -25.658 0.6000000238
5152  -29.299  -76.193  -26.140 0.5000000000
6465  -32.776  -74.441  -25.997 0.5000000000
5789  -34.015  -75.628  -27.182 0.5000000000
6483  -34.784  -75.153  -27.359 0.5000000000
7173  -25.048  -73.627  -26.822 0.5000000000
7164  -28.698  -73.966  -25.845 0.5000000000
6445  -25.225  -73.648  -24.744 0.5000000000
7871  -27.663  -72.628  -24.835 0.5000000000
7155  -27.168  -72.765  -24.394 0.5000000000
7876  -34.786  -72.147  -24.707 0.5000000000
7156  -33.647  -72.949  -25.027 0.5000000000
7875  -34.021  -72.244  -24.724 0.5000000000
10392  -35.964  -68.994  -22.976 0.5000000000
8656  -33.777  -71.503  -24.883 0.4000000060
10391  -35.345  -68.726  -23.289 0.4000000060
7191  -40.255  -72.633  -29.127 0.5000000000
7196  -39.712  -72.581  -29.783 0.6000000238
7911  -38.833  -72.057  -29.723 0.6000000238
6493  -38.686  -73.985  -29.749 0.6000000238
5804  -38.774  -74.735  -29.404 0.4000000060
7903  -38.542  -71.741  -28.959 0.4000000060
145393  -36.638  -73.142  -28.278 0.4000000060
7189  -37.598  -72.446  -28.922 0.5000000000
7197  -38.335  -73.402  -29.891 0.6000000238
7194  -37.422  -73.762  -29.770 0.5000000000
5803  -38.061  -74.754  -29.640 0.5000000000
5799  -36.392  -74.857  -29.367 0.5000000000
5179  -37.579  -75.373  -29.465 0.6000000238
3950  -35.712  -77.607  -28.497 0.6000000238
3938  -34.624  -78.704  -28.364 0.6000000238
147171  -33.865  -79.507  -27.508 0.6000000238
3345  -32.542  -79.132  -28.639 0.6000000238
3341  -32.307  -79.431  -27.853 0.6000000238
3340  -31.427  -79.330  -27.673 0.5000000000
3332  -30.977  -79.707  -26.771 0.5000000000
2729  -29.989  -80.086  -26.553 0.4000000060
2724  -28.705  -81.153  -26.141 0.5000000000
159685  -36.682  -68.006  -22.381 0.3000000119
145783  -26.855  -80.658  -24.520 0.4000000060
15044  -21.037  -64.637  -22.405 0.4000000060
15031  -20.700  -64.960  -21.633 0.4000000060
13109  -21.069  -66.314  -22.679 0.5000000000
28772  -22.509  -51.655  -15.575 0.5000000000
28783  -21.867  -51.341  -16.078 0.5000000000
29826  -22.763  -50.662  -16.900 0.5000000000
28795  -21.394  -50.842  -16.955 0.4000000060
28782  -19.825  -51.591  -17.088 0.4000000060
155656  -23.647  -49.265  -21.181 0.4000000060
27739  -18.505  -51.392  -17.842 0.4000000060
29859  -19.874  -50.349  -18.661 0.4000000060
29860  -20.572  -50.254  -18.730 0.4000000060
140167  -17.810  -51.566  -17.836 0.4000000060
135976  -19.066  -50.711  -18.360 0.4000000060
31717  -22.233  -49.408  -20.373 0.4000000060
28809  -18.349  -50.887  -18.100 0.4000000060
29870  -19.208  -49.776  -18.748 0.4000000060
32718  -22.376  -48.024  -19.220 0.4000000060
153397  -16.950  -51.044  -17.825 0.4000000060
29857  -17.999  -50.329  -18.216 0.4000000060
142130  -15.528  -50.637  -17.610 0.4000000060
30805  -17.446  -49.543  -18.047 0.4000000060
29811  -14.321  -50.348  -15.656 0.3000000119
30779  -14.466  -49.699  -16.544 0.4000000060
28763  -16.721  -52.084  -14.701 0.3000000119
29797  -15.813  -50.579  -15.256 0.3000000119
144133  -15.110  -49.271  -15.992 0.3000000119
29812  -15.123  -49.855  -15.617 0.3000000119
29874  -22.524  -50.264  -20.022 0.4000000060
29873  -21.862  -50.114  -19.966 0.4000000060
29840  -21.074  -50.438  -18.016 0.4000000060
29862  -22.434  -50.259  -19.001 0.4000000060
157879  -21.351  -49.996  -19.579 0.4000000060
29872  -20.740  -49.945  -19.184 0.4000000060
32727  -24.085  -48.134  -19.779 0.4000000060
31709  -21.924  -48.640  -19.775 0.4000000060
151691  -21.397  -49.010  -19.682 0.4000000060
29871  -19.935  -49.920  -18.977 0.4000000060
10326  -41.586  -70.466  -19.091 0.3000000119
8574  -41.917  -71.492  -20.162 0.3000000119
137184  -40.408  -70.128  -19.293 0.4000000060
9427  -41.294  -70.978  -19.675 0.3000000119
8593  -41.399  -71.603  -20.763 0.4000000060
8609  -39.918  -71.687  -21.286 0.3000000119
8592  -40.534  -71.500  -20.769 0.3000000119
151789  -40.910  -71.966  -21.981 0.4000000060
8608  -39.024  -71.777  -21.629 0.3000000119
8624  -39.722  -72.054  -22.114 0.3000000119
7851  -40.454  -72.103  -22.849 0.3000000119
135379  -39.300  -72.397  -22.823 0.3000000119
7864  -40.174  -72.323  -23.826 0.3000000119
7863  -38.720  -72.704  -23.581 0.3000000119
140797  -39.368  -72.758  -24.397 0.3000000119
7880  -40.646  -72.530  -25.085 0.3000000119
7878  -38.222  -73.124  -24.356 0.3000000119
7879  -39.157  -73.081  -25.179 0.3000000119
7886  -40.081  -72.881  -25.904 0.3000000119
7158  -36.160  -74.150  -23.759 0.3000000119
7148  -37.290  -73.501  -24.296 0.3000000119
7160  -37.916  -73.623  -25.140 0.3000000119
7171  -39.051  -73.411  -26.119 0.3000000119
7181  -39.490  -73.568  -27.124 0.3000000119
7159  -36.850  -73.950  -24.543 0.4000000060
8611  -42.215  -71.491  -21.581 0.3000000119
9426  -39.565  -70.255  -19.727 0.4000000060
138590  -41.840  -71.601  -22.167 0.4000000060
9446  -39.651  -70.983  -20.425 0.3000000119
7865  -41.017  -71.833  -23.603 0.4000000060
7850  -38.086  -72.631  -22.710 0.3000000119
136930  -41.378  -71.777  -24.545 0.4000000060
7887  -41.034  -72.299  -26.234 0.4000000060
7849  -36.982  -72.825  -22.639 0.3000000119
7896  -40.307  -72.906  -26.832 0.4000000060
6447  -35.572  -74.430  -23.082 0.3000000119
7848  -36.159  -73.087  -22.688 0.4000000060
7182  -40.468  -72.786  -28.022 0.4000000060
7137  -35.065  -73.992  -22.628 0.3000000119
9448  -42.644  -71.419  -20.183 0.3000000119
9449  -42.841  -71.198  -20.648 0.3000000119
9429  -43.054  -71.143  -19.775 0.3000000119
8626  -42.341  -71.195  -22.169 0.3000000119
9469  -42.180  -70.823  -22.738 0.3000000119
11282  -39.045  -69.017  -19.062 0.4000000060
8642  -42.001  -71.184  -23.074 0.3000000119
9486  -41.960  -70.874  -23.411 0.3000000119
8607  -38.094  -71.695  -21.571 0.3000000119
9445  -38.881  -70.305  -20.055 0.4000000060
8661  -42.061  -71.114  -24.961 0.4000000060
9502  -41.628  -70.756  -24.675 0.3000000119
7881  -41.644  -71.690  -25.555 0.4000000060
8674  -41.768  -71.193  -25.818 0.4000000060
7837  -37.494  -72.296  -22.025 0.3000000119
145029  -36.861  -70.985  -20.817 0.3000000119
7888  -41.418  -71.499  -26.698 0.4000000060
159690  -41.171  -71.107  -27.530 0.4000000060
7836  -36.207  -72.560  -21.989 0.3000000119
8605  -35.673  -72.108  -21.121 0.3000000119
8688  -40.890  -71.082  -28.522 0.4000000060
8687  -40.270  -70.989  -28.680 0.5000000000
7905  -40.852  -71.656  -28.830 0.4000000060
8693  -40.572  -71.183  -29.561 0.4000000060
7904  -39.661  -71.433  -29.420 0.5000000000
5738  -34.592  -74.863  -21.882 0.3000000119
10380  -42.765  -70.761  -21.225 0.3000000119
10368  -43.034  -70.630  -20.447 0.3000000119
11281  -38.258  -68.868  -19.289 0.4000000060
8660  -39.588  -70.499  -25.578 0.4000000060
10366  -38.081  -69.988  -20.005 0.4000000060
8681  -40.720  -70.943  -27.659 0.4000000060
8680  -39.613  -70.939  -27.408 0.5000000000
8679  -38.139  -71.396  -26.845 0.4000000060
8686  -39.004  -71.375  -28.221 0.4000000060
8589  -36.046  -71.316  -20.734 0.3000000119
7895  -37.746  -71.842  -27.883 0.4000000060
7180  -36.802  -72.566  -27.543 0.4000000060
142407  -35.020  -72.926  -21.586 0.3000000119
7136  -34.589  -74.224  -22.052 0.3000000119
5726  -34.503  -74.962  -21.097 0.3000000119
9468  -41.674  -70.349  -23.130 0.3000000119
9485  -41.438  -70.587  -23.827 0.3000000119
9501  -40.530  -70.426  -25.067 0.3000000119
10348  -37.177  -69.617  -19.739 0.4000000060
8672  -38.949  -70.787  -26.275 0.5000000000
8671  -37.879  -71.144  -25.808 0.4000000060
9425  -36.578  -70.108  -19.965 0.4000000060
7894  -36.926  -71.955  -26.711 0.4000000060
8573  -34.735  -71.332  -19.736 0.3000000119
9442  -35.464  -70.937  -20.136 0.3000000119
8588  -35.143  -71.703  -20.417 0.3000000119
7828  -34.449  -73.039  -20.215 0.3000000119
5709  -35.564  -75.291  -19.997 0.3000000119
142225  -34.346  -74.344  -20.490 0.3000000119
9484  -40.556  -70.185  -24.214 0.3000000119
9483  -39.358  -69.996  -24.416 0.4000000060
8659  -38.306  -70.778  -25.279 0.4000000060
8572  -34.401  -71.820  -19.161 0.3000000119
7810  -34.395  -72.302  -18.514 0.3000000119
7818  -34.431  -72.727  -19.394 0.3000000119
150238  -34.459  -73.191  -18.938 0.3000000119
6411  -34.454  -74.320  -19.792 0.3000000119
150147  -34.273  -71.769  -17.888 0.3000000119
7077  -34.666  -72.927  -18.159 0.3000000119
7094  -34.736  -73.544  -18.514 0.3000000119
6398  -35.180  -74.125  -18.560 0.3000000119
6397  -34.549  -73.939  -19.145 0.3000000119
10394  -37.971  -68.856  -23.049 0.3000000119
9482  -38.125  -69.893  -24.203 0.4000000060
7799  -35.095  -72.809  -17.324 0.3000000119
7079  -36.787  -73.547  -17.476 0.3000000119
141478  -39.066  -68.114  -21.788 0.3000000119
11335  -38.438  -68.434  -22.467 0.3000000119
12261  -38.501  -67.213  -21.320 0.3000000119
11317  -37.983  -67.684  -21.900 0.3000000119
11334  -37.470  -68.195  -22.408 0.3000000119
140366  -20.817  -51.536  -16.503 0.5000000000
30791  -15.220  -49.306  -17.118 0.5000000000
30803  -15.721  -49.759  -17.448 0.4000000060
28794  -20.417  -50.962  -17.465 0.4000000060
5175  -36.748  -76.549  -28.970 0.6000000238
5802  -37.008  -74.921  -29.640 0.5000000000
7179  -35.992  -73.372  -27.260 0.4000000060
8670  -37.043  -71.559  -25.847 0.4000000060
9499  -37.621  -70.500  -24.515 0.4000000060
142466  -37.032  -69.953  -23.928 0.4000000060
10393  -36.817  -68.750  -22.826 0.3000000119
29843  -23.313  -50.710  -17.404 0.5000000000
144810  -23.337  -50.472  -18.314 0.4000000060
159640  -22.931  -49.561  -20.982 0.4000000060
147823  -40.348  -70.732  -19.867 0.3000000119
7862  -37.428  -73.085  -23.499 0.3000000119
7147  -36.584  -73.611  -23.776 0.3000000119
10350  -39.509  -69.638  -19.303 0.4000000060
7897  -41.052  -72.106  -27.449 0.4000000060
10349  -38.749  -69.621  -19.593 0.4000000060
8590  -37.715  -71.071  -21.029 0.3000000119
9511  -40.780  -70.604  -25.918 0.4000000060
7829  -34.805  -72.512  -20.696 0.3000000119
155084  -34.519  -73.181  -20.925 0.3000000119
9500  -38.731  -70.357  -24.807 0.4000000060
9423  -34.988  -70.543  -19.528 0.3000000119
6412  -35.072  -74.674  -19.325 0.3000000119
10395  -38.964  -69.013  -23.126 0.3000000119
7078  -35.520  -73.467  -17.849 0.3000000119
3333  -31.925  -79.640  -26.804 0.5000000000
3334  -33.023  -79.628  -26.878 0.5000000000
3939  -35.452  -78.363  -27.990 0.5000000000
4572  -37.751  -76.773  -28.378 0.4000000060
7859  -28.486  -72.377  -23.613 0.4000000060
6490  -39.284  -73.431  -29.638 0.5000000000
6487  -39.630  -73.522  -29.229 0.3000000119
161084  -39.050  -74.083  -27.156 0.3000000119
7190  -39.750  -73.713  -28.214 0.4000000060
7170  -38.289  -73.950  -26.141 0.3000000119
10347  -36.190  -69.604  -19.599 0.3000000119
144170  -36.998  -68.294  -18.922 0.3000000119
11280  -37.466  -68.840  -19.372 0.3000000119
10325  -40.820  -69.523  -18.713 0.3000000119
12210  -36.636  -67.766  -18.261 0.3000000119
12211  -38.062  -67.873  -18.342 0.3000000119
11261  -38.573  -68.365  -18.758 0.3000000119
12213  -39.688  -67.869  -18.102 0.3000000119
12193  -39.936  -67.209  -17.723 0.3000000119
150874  -37.458  -67.508  -17.997 0.3000000119
12191  -38.248  -67.338  -17.841 0.3000000119
12192  -39.096  -67.243  -17.774 0.3000000119
13038  -39.371  -66.581  -17.377 0.3000000119
146076  -40.238  -68.632  -18.415 0.3000000119
11263  -41.036  -68.876  -18.309 0.3000000119
13037  -38.492  -66.678  -17.409 0.3000000119
12214  -40.641  -67.967  -17.967 0.3000000119
153292  -40.674  -67.164  -17.619 0.3000000119
2723  -27.876  -81.379  -25.950 0.3000000119
5800  -38.458  -75.402  -29.217 0.5000000000
4571  -36.688  -77.253  -28.359 0.4000000060
3344  -35.134  -79.068  -27.507 0.5000000000
6481  -39.195  -74.769  -27.604 0.3000000119
32720  -24.345  -47.491  -19.181 0.3000000119
32719  -23.428  -47.970  -19.257 0.3000000119
146170  -18.292  -48.550  -18.399 0.3000000119
3322  -30.560  -80.179  -26.129 0.4000000060
3324  -32.376  -79.585  -25.560 0.4000000060
3906  -37.180  -79.274  -23.236 0.4000000060
3315  -35.896  -79.521  -24.618 0.4000000060
138194  -36.314  -79.406  -25.201 0.4000000060
3337  -36.130  -79.251  -26.012 0.4000000060
3930  -36.002  -78.687  -26.965 0.4000000060
3326  -34.609  -79.652  -25.768 0.4000000060
3335  -34.704  -79.506  -26.878 0.4000000060
3336  -35.442  -79.253  -26.695 0.4000000060
141562  -38.406  -78.386  -21.141 0.3000000119
3304  -37.965  -79.000  -23.825 0.4000000060
3328  -37.143  -78.984  -25.350 0.4000000060
3325  -33.523  -79.615  -25.725 0.4000000060
3302  -36.404  -79.430  -23.878 0.4000000060
139825  -34.981  -79.507  -24.780 0.4000000060
146919  -37.088  -78.702  -21.864 0.3000000119
3303  -37.207  -79.303  -24.018 0.4000000060
3316  -36.786  -79.358  -24.605 0.4000000060
143345  -35.295  -79.508  -26.149 0.4000000060
161068  -36.708  -78.401  -26.955 0.4000000060
3886  -38.908  -78.437  -21.955 0.3000000119
152858  -38.406  -78.726  -22.463 0.3000000119
3317  -37.647  -78.971  -24.544 0.3000000119
3907  -38.787  -78.575  -23.638 0.3000000119
161065  -38.579  -77.805  -26.272 0.3000000119
4560  -38.533  -76.923  -27.595 0.3000000119
3931  -38.020  -78.131  -26.299 0.3000000119
157062  -39.097  -75.815  -27.980 0.3000000119
5801  -39.044  -75.220  -28.875 0.3000000119
4573  -38.708  -76.123  -28.403 0.3000000119
3940  -37.389  -78.090  -26.946 0.3000000119
4559  -37.584  -77.478  -27.632 0.3000000119
7732  -37.066  -72.806  -10.833 0.3000000119
7731  -35.789  -72.786  -10.875 0.3000000119
9392  -34.075  -70.181  -17.608 0.3000000119
7738  -34.134  -72.171  -11.580 0.3000000119
8481  -34.215  -71.338  -12.304 0.3000000119
10243  -34.338  -69.651  -13.670 0.3000000119
10257  -34.600  -69.822  -14.230 0.3000000119
158937  -33.933  -69.233  -14.733 0.3000000119
10273  -33.738  -69.144  -15.518 0.3000000119
10288  -33.758  -69.059  -16.530 0.3000000119
11223  -33.862  -68.159  -16.953 0.3000000119
9314  -33.336  -70.603  -12.051 0.3000000119
10229  -33.571  -69.756  -12.537 0.3000000119
11172  -33.681  -69.155  -13.027 0.3000000119
11185  -33.536  -68.620  -13.593 0.3000000119
140730  -33.512  -68.429  -15.099 0.3000000119
3932  -38.577  -78.055  -25.743 0.3000000119
7740  -36.427  -72.345  -11.369 0.3000000119
10231  -35.148  -70.521  -13.541 0.3000000119
8491  -35.273  -71.532  -12.554 0.3000000119
7739  -35.265  -72.392  -11.499 0.3000000119
9324  -34.741  -70.873  -12.972 0.3000000119
157586  -34.032  -70.451  -12.606 0.3000000119
11165  -32.971  -68.918  -12.384 0.3000000119
2182  -28.453  -81.741  -25.493 0.3000000119
2709  -27.325  -80.845  -23.922 0.4000000060
2726  -27.321  -80.790  -26.181 0.5000000000
2728  -29.046  -80.476  -26.638 0.6000000238
3310  -26.478  -79.827  -24.549 0.5000000000
3327  -35.550  -79.550  -25.418 0.4000000060
3342  -33.103  -79.382  -28.132 0.6000000238
3343  -34.444  -79.248  -27.826 0.5000000000
3346  -33.030  -79.045  -28.881 0.6000000238
3885  -37.979  -78.681  -21.849 0.3000000119
3895  -36.593  -78.977  -22.365 0.4000000060
3896  -37.605  -78.966  -22.495 0.3000000119
3914  -26.643  -78.737  -24.703 0.5000000000
3923  -37.005  -78.575  -26.292 0.4000000060
3924  -38.113  -78.508  -25.088 0.3000000119
3929  -27.785  -79.406  -27.114 0.6000000238
3934  -30.118  -78.742  -27.798 0.6000000238
3935  -30.972  -78.819  -28.134 0.6000000238
3937  -33.801  -79.088  -28.587 0.6999999881
3942  -28.725  -77.941  -28.036 0.6000000238
3945  -31.315  -78.144  -28.481 0.6999999881
3947  -33.237  -78.341  -29.073 0.6000000238
3949  -34.873  -77.922  -28.830 0.6999999881
4399  -25.624  -77.190  -13.005 0.5000000000
4421  -24.894  -77.434  -13.359 0.6000000238
4526  -29.764  -76.881  -22.759 0.5000000000
4527  -30.349  -77.492  -22.641 0.5000000000
4532  -28.791  -77.585  -23.915 0.5000000000
4545  -25.190  -76.793  -26.438 0.5000000000
4551  -38.391  -77.574  -26.846 0.3000000119
4557  -30.218  -77.516  -27.882 0.6999999881
4563  -27.354  -77.229  -28.224 0.6000000238
4568  -33.461  -77.386  -28.964 0.6999999881
4997  -24.332  -76.257  -12.516 0.6999999881
5017  -23.270  -76.400  -13.769 0.6999999881
5098  -28.309  -76.232  -20.790 0.5000000000
5099  -30.632  -75.547  -20.080 0.5000000000
5117  -26.532  -76.080  -21.918 0.6000000238
5140  -25.379  -76.272  -24.752 0.5000000000
5142  -26.705  -77.086  -24.311 0.6000000238
5155  -24.773  -75.856  -26.958 0.5000000000
5159  -31.887  -76.549  -27.467 0.6000000238
5161  -25.374  -75.840  -27.548 0.5000000000
5163  -30.615  -77.005  -27.215 0.6999999881
5165  -33.064  -76.697  -28.419 0.5000000000
5166  -38.971  -76.485  -27.388 0.3000000119
5168  -27.084  -76.579  -28.269 0.6000000238
5170  -32.522  -77.171  -28.724 0.6999999881
5172  -33.568  -76.740  -28.678 0.6000000238
5176  -37.740  -76.075  -29.106 0.5000000000
5597  -23.559  -75.722  -12.488 0.6999999881
5598  -24.049  -75.508  -12.167 0.6999999881
5617  -23.056  -75.834  -13.071 0.6999999881
5619  -26.300  -76.101  -13.073 0.6000000238
5634  -22.821  -75.642  -13.961 0.6999999881
5652  -27.104  -75.071  -15.553 0.6000000238
5667  -28.179  -75.461  -15.957 0.6000000238
5668  -29.227  -75.658  -15.924 0.4000000060
5672  -26.890  -75.394  -16.892 0.6000000238
5675  -29.366  -75.508  -17.458 0.4000000060
5683  -22.915  -74.816  -19.002 0.5000000000
5684  -23.300  -75.472  -18.790 0.5000000000
5686  -27.364  -76.004  -17.938 0.6999999881
5689  -30.584  -75.374  -18.741 0.5000000000
5704  -26.985  -75.636  -19.511 0.6999999881
5705  -28.805  -75.837  -19.247 0.5000000000
5706  -30.039  -75.440  -19.412 0.5000000000
5708  -34.679  -74.909  -20.246 0.3000000119
5721  -21.889  -74.996  -20.998 0.5000000000
5724  -26.817  -75.628  -20.450 0.6000000238
5725  -27.396  -76.023  -20.074 0.6999999881
5739  -34.898  -75.323  -21.681 0.3000000119
5748  -34.981  -75.179  -22.332 0.3000000119
5776  -24.366  -75.167  -26.275 0.5000000000
5777  -27.367  -74.967  -25.940 0.6000000238
5783  -25.956  -74.691  -27.600 0.6000000238
5784  -29.560  -75.669  -25.978 0.5000000000
5792  -24.808  -74.004  -27.224 0.5000000000
5793  -26.677  -75.850  -28.061 0.6000000238
5798  -35.689  -75.365  -28.960 0.5000000000
6302  -24.441  -73.998  -11.748 0.6999999881
6345  -22.677  -74.770  -14.203 0.6999999881
6378  -22.694  -74.486  -16.917 0.6999999881
6379  -26.581  -74.816  -17.219 0.6999999881
6395  -23.046  -74.798  -17.694 0.6000000238
6406  -19.803  -74.377  -19.975 0.6000000238
6421  -21.312  -74.742  -20.438 0.5000000000
6424  -34.366  -74.349  -21.293 0.3000000119
6432  -26.464  -74.452  -21.448 0.6000000238
6439  -34.953  -74.692  -22.546 0.3000000119
6446  -25.444  -74.004  -23.930 0.5000000000
6460  -24.433  -74.043  -26.254 0.5000000000
6461  -25.613  -73.675  -26.082 0.5000000000
6470  -24.594  -73.944  -26.875 0.5000000000
6471  -25.541  -73.921  -27.033 0.6000000238
6476  -32.031  -74.729  -26.623 0.5000000000
6484  -35.358  -74.821  -28.067 0.5000000000
6489  -36.575  -74.217  -29.376 0.5000000000
6491  -36.995  -74.393  -29.697 0.5000000000
6492  -37.703  -74.179  -29.818 0.5000000000
7018  -24.182  -73.674  -11.643 0.6999999881
7029  -25.290  -73.284  -11.872 0.6999999881
7032  -25.518  -73.650  -12.341 0.6999999881
7063  -26.871  -73.068  -16.944 0.6000000238
7073  -21.441  -73.568  -17.261 0.6999999881
7074  -22.221  -73.833  -16.966 0.6999999881
7087  -19.520  -73.470  -18.661 0.6999999881
7089  -21.222  -73.907  -17.999 0.6000000238
7091  -26.652  -73.985  -18.596 0.6999999881
7092  -27.389  -73.428  -18.784 0.6000000238
7102  -20.019  -74.185  -19.104 0.6000000238
7103  -26.996  -73.745  -19.367 0.6000000238
7104  -27.841  -73.449  -19.501 0.6000000238
7106  -34.366  -73.654  -19.804 0.3000000119
7113  -19.198  -74.004  -20.391 0.6000000238
7118  -34.324  -73.747  -20.689 0.3000000119
7126  -34.485  -73.661  -21.471 0.3000000119
7127  -34.831  -73.593  -22.092 0.3000000119
7138  -35.872  -73.730  -23.073 0.4000000060
7154  -26.187  -73.349  -24.460 0.5000000000
7157  -34.409  -72.893  -24.960 0.5000000000
7167  -34.047  -73.654  -25.275 0.5000000000
7169  -37.453  -74.088  -25.246 0.4000000060
7172  -24.785  -73.739  -26.854 0.5000000000
7183  -24.990  -73.782  -27.171 0.6000000238
7188  -36.979  -73.385  -29.282 0.5000000000
7195  -38.003  -72.873  -29.836 0.5000000000
7198  -39.056  -72.596  -29.850 0.6000000238
7736  -24.327  -72.480  -11.531 0.6999999881
7737  -25.212  -72.454  -11.642 0.6999999881
7769  -22.698  -72.068  -14.589 0.6999999881
7798  -34.519  -72.307  -17.625 0.3000000119
7800  -36.172  -72.908  -16.966 0.3000000119
7804  -18.302  -71.931  -19.316 0.6999999881
7807  -27.806  -73.052  -18.145 0.6000000238
7808  -28.831  -72.861  -18.482 0.4000000060
7825  -18.291  -72.620  -20.587 0.5000000000
7832  -17.461  -72.327  -21.872 0.5000000000
7834  -29.735  -72.934  -21.523 0.5000000000
7838  -38.623  -72.166  -22.121 0.3000000119
7844  -28.603  -73.045  -22.710 0.5000000000
7845  -29.411  -72.648  -22.848 0.4000000060
7861  -36.567  -73.260  -23.131 0.3000000119
7874  -33.473  -72.252  -25.062 0.4000000060
7877  -35.606  -71.888  -24.918 0.5000000000
7884  -35.337  -72.693  -25.359 0.5000000000
7898  -41.084  -71.436  -27.806 0.4000000060
7912  -39.868  -71.815  -29.895 0.6000000238
7913  -40.346  -71.768  -29.689 0.4000000060
8477  -23.973  -71.699  -11.617 0.6999999881
8478  -24.662  -71.721  -11.524 0.6999999881
8499  -26.325  -70.945  -12.910 0.5000000000
8507  -23.099  -71.567  -14.009 0.6999999881
8508  -26.904  -71.578  -14.423 0.5000000000
8521  -22.254  -71.581  -15.022 0.6999999881
8537  -21.132  -70.746  -15.790 0.6000000238
8547  -19.571  -70.809  -17.361 0.6999999881
8548  -20.111  -71.074  -16.860 0.6999999881
8558  -18.379  -71.031  -18.735 0.6999999881
8562  -34.241  -71.430  -18.429 0.3000000119
8569  -24.430  -71.355  -20.403 0.5000000000
8581  -17.769  -71.807  -20.073 0.6999999881
8583  -23.061  -71.685  -20.612 0.6000000238
8584  -23.984  -71.586  -21.098 0.6000000238
8587  -34.568  -72.190  -19.920 0.3000000119
8591  -38.794  -71.333  -21.059 0.3000000119
8594  -42.306  -71.546  -20.849 0.3000000119
8600  -22.259  -71.807  -21.826 0.6000000238
8606  -36.870  -71.691  -21.362 0.3000000119
8610  -41.635  -71.679  -21.419 0.3000000119
8612  -42.624  -71.202  -21.430 0.3000000119
8616  -14.954  -70.799  -22.223 0.5000000000
8618  -16.832  -71.987  -22.162 0.5000000000
8619  -21.369  -71.360  -23.177 0.6000000238
8620  -22.414  -71.577  -22.986 0.6000000238
8621  -23.506  -71.491  -22.733 0.6000000238
8625  -41.367  -71.698  -22.906 0.4000000060
8632  -20.145  -71.233  -24.345 0.5000000000
8639  -35.546  -71.003  -24.066 0.5000000000
8641  -41.561  -71.255  -23.905 0.4000000060
8650  -21.722  -71.090  -24.613 0.6000000238
8651  -22.420  -70.999  -24.461 0.6000000238
8657  -34.447  -71.543  -24.497 0.5000000000
8662  -41.812  -71.002  -24.052 0.3000000119
8663  -19.949  -71.045  -25.415 0.5000000000
8664  -20.739  -71.067  -25.309 0.5000000000
8673  -40.241  -70.648  -26.624 0.4000000060
8682  -41.274  -70.965  -26.588 0.4000000060
9310  -24.321  -71.152  -11.630 0.6999999881
9320  -23.866  -70.900  -11.917 0.6000000238
9322  -25.271  -70.777  -11.823 0.6000000238
9323  -25.740  -70.377  -12.422 0.5000000000
9364  -22.239  -70.564  -14.895 0.6999999881
9388  -19.673  -69.434  -17.493 0.6999999881
9398  -19.156  -69.931  -17.790 0.6999999881
9402  -25.228  -70.571  -19.420 0.5000000000
9407  -43.078  -71.106  -19.038 0.3000000119
9413  -17.661  -69.781  -19.716 0.6999999881
9416  -22.808  -71.180  -19.243 0.6000000238
9417  -23.868  -71.173  -19.324 0.6000000238
9418  -24.876  -71.073  -19.817 0.5000000000
9424  -35.807  -70.269  -19.818 0.3000000119
9428  -42.464  -71.223  -19.545 0.3000000119
9435  -16.721  -69.071  -20.825 0.6000000238
9437  -20.985  -70.353  -19.832 0.5000000000
9439  -25.094  -70.989  -20.541 0.5000000000
9443  -36.339  -70.635  -20.344 0.4000000060
9444  -37.308  -70.406  -20.380 0.4000000060
9447  -40.863  -71.280  -20.245 0.3000000119
9458  -24.561  -71.106  -22.079 0.5000000000
9460  -42.436  -70.799  -21.968 0.3000000119
9464  -20.501  -70.797  -22.462 0.5000000000
9466  -24.120  -71.136  -22.598 0.6000000238
9474  -17.458  -70.369  -24.272 0.6000000238
9476  -19.439  -70.750  -23.748 0.5000000000
9491  -18.251  -70.878  -24.821 0.6000000238
9492  -19.150  -71.189  -24.597 0.6000000238
9493  -22.021  -70.838  -25.207 0.6000000238
9498  -34.414  -70.333  -24.366 0.5000000000
9503  -17.684  -70.251  -25.336 0.6000000238
9505  -19.599  -70.771  -25.744 0.5000000000
9506  -20.605  -70.723  -25.774 0.5000000000
9507  -21.574  -70.695  -25.712 0.6000000238
9508  -22.180  -70.423  -25.769 0.6000000238
9512  -41.646  -70.870  -25.555 0.4000000060
10227  -24.202  -69.258  -12.826 0.6000000238
10230  -34.266  -70.004  -13.084 0.3000000119
10240  -23.045  -69.445  -13.784 0.6000000238
10242  -26.143  -68.726  -13.366 0.5000000000
10255  -27.225  -69.112  -14.397 0.5000000000
10256  -33.842  -68.926  -14.233 0.3000000119
10270  -21.853  -69.471  -15.005 0.6000000238
10286  -20.828  -69.169  -16.171 0.6000000238
10296  -20.149  -69.008  -17.070 0.6000000238
10297  -20.792  -68.674  -17.437 0.6000000238
10303  -34.071  -69.092  -17.504 0.3000000119
10313  -18.977  -68.820  -18.749 0.6999999881
10315  -20.212  -68.803  -17.885 0.6000000238
10316  -21.903  -69.327  -18.348 0.5000000000
10317  -23.630  -69.512  -18.152 0.5000000000
10318  -24.583  -70.015  -18.611 0.5000000000
10324  -39.869  -69.250  -18.837 0.4000000060
10335  -18.178  -68.871  -19.637 0.6999999881
10337  -19.598  -68.540  -19.625 0.6000000238
10340  -22.311  -70.396  -18.795 0.6000000238
10346  -35.336  -69.793  -19.319 0.3000000119
10358  -18.421  -68.327  -20.034 0.6999999881
10370  -15.495  -69.129  -21.688 0.6000000238
10371  -16.082  -68.927  -21.395 0.6000000238
10373  -19.907  -69.349  -20.952 0.5000000000
10386  -19.077  -69.136  -22.193 0.6000000238
10397  -41.865  -70.208  -22.386 0.3000000119
10402  -16.675  -69.489  -23.528 0.6000000238
10407  -35.001  -69.366  -23.654 0.4000000060
10408  -35.546  -69.603  -23.403 0.5000000000
10410  -37.511  -69.396  -23.515 0.4000000060
10411  -38.588  -69.420  -23.727 0.3000000119
10413  -40.730  -69.883  -23.463 0.3000000119
10420  -22.468  -69.979  -25.632 0.6000000238
10424  -15.840  -69.015  -24.516 0.6000000238
10425  -16.435  -69.429  -24.822 0.6000000238
10426  -17.185  -69.598  -25.215 0.6000000238
10428  -19.214  -70.336  -26.081 0.5000000000
10429  -21.961  -70.255  -26.189 0.6000000238
10436  -21.781  -69.669  -26.489 0.6000000238
11169  -24.852  -68.814  -12.913 0.6000000238
11183  -26.076  -67.846  -13.599 0.5000000000
11201  -21.822  -68.557  -15.308 0.5000000000
11217  -22.829  -67.776  -15.955 0.6000000238
11218  -23.799  -67.980  -16.618 0.6000000238
11232  -21.866  -68.282  -16.965 0.5000000000
11234  -24.543  -68.659  -17.417 0.5000000000
11260  -37.802  -68.309  -18.930 0.3000000119
11262  -39.381  -68.469  -18.565 0.4000000060
11264  -41.865  -69.858  -18.444 0.3000000119
11273  -18.887  -68.157  -20.193 0.6999999881
11279  -36.587  -68.894  -19.349 0.3000000119
11292  -17.368  -68.399  -20.893 0.6000000238
11293  -18.150  -68.068  -20.681 0.6999999881
11309  -18.781  -68.011  -20.900 0.6999999881
11318  -39.415  -67.527  -21.100 0.3000000119
11322  -16.867  -68.408  -21.812 0.6000000238
11323  -17.758  -68.253  -21.769 0.6999999881
11324  -18.576  -68.338  -21.626 0.6000000238
11333  -35.965  -68.182  -22.709 0.3000000119
11341  -22.339  -69.375  -24.104 0.6000000238
11349  -13.689  -68.380  -23.202 0.4000000060
11352  -15.882  -68.333  -24.505 0.6000000238
11354  -22.563  -69.335  -25.214 0.6000000238
11363  -22.585  -69.176  -26.026 0.6000000238
11369  -20.527  -68.969  -26.740 0.6000000238
11370  -21.360  -68.952  -26.754 0.6000000238
12128  -24.455  -67.886  -13.562 0.6000000238
12138  -24.039  -67.493  -14.572 0.6000000238
12139  -24.814  -67.095  -14.416 0.6000000238
12141  -26.401  -67.076  -13.950 0.5000000000
12153  -24.267  -67.349  -15.165 0.6000000238
12194  -41.360  -67.602  -17.600 0.3000000119
12212  -38.853  -67.839  -18.216 0.3000000119
12264  -21.480  -67.310  -22.860 0.6000000238
12272  -36.353  -67.414  -22.328 0.3000000119
12277  -21.898  -67.405  -24.156 0.6000000238
12285  -14.400  -67.872  -23.431 0.4000000060
12286  -15.150  -68.106  -23.851 0.6000000238
12287  -16.286  -67.425  -24.434 0.5000000000
12296  -16.760  -68.098  -24.906 0.6000000238
12297  -17.648  -67.830  -25.186 0.6000000238
12298  -18.814  -67.632  -25.947 0.4000000060
12308  -20.737  -67.494  -26.717 0.6000000238
13019  -38.807  -65.987  -17.002 0.3000000119
13020  -39.686  -65.930  -16.959 0.3000000119
13040  -41.211  -66.663  -17.241 0.3000000119
13138  -15.128  -66.771  -23.506 0.5000000000
13139  -15.894  -66.693  -23.853 0.5000000000
13141  -22.318  -66.941  -25.169 0.6000000238
13160  -20.122  -66.636  -26.301 0.6000000238
13161  -22.358  -67.270  -25.975 0.6000000238
13180  -22.227  -66.543  -26.307 0.6000000238
13924  -19.398  -65.017  -12.531 0.6000000238
13925  -20.081  -64.986  -12.940 0.6000000238
13946  -19.543  -65.880  -14.103 0.6000000238
14053  -20.760  -65.514  -22.145 0.4000000060
14068  -14.093  -65.278  -22.622 0.6000000238
14071  -22.120  -65.648  -23.973 0.6000000238
14084  -18.216  -65.328  -24.440 0.5000000000
14094  -19.685  -65.819  -25.815 0.6000000238
14096  -22.618  -66.033  -26.125 0.6000000238
14108  -20.629  -65.865  -26.440 0.6000000238
14110  -21.913  -65.663  -26.776 0.5000000000
14111  -22.594  -65.376  -26.577 0.5000000000
14892  -19.402  -64.124  -12.349 0.6000000238
14908  -17.544  -64.588  -12.818 0.5000000000
14909  -18.510  -64.403  -12.430 0.5000000000
14941  -20.038  -64.565  -14.966 0.6000000238
14942  -20.364  -63.839  -15.071 0.6000000238
14968  -18.473  -64.313  -17.411 0.6000000238
15058  -15.472  -64.323  -23.055 0.6000000238
15059  -16.803  -64.251  -23.433 0.5000000000
15073  -19.120  -64.256  -24.789 0.6000000238
15074  -23.217  -64.927  -25.320 0.5000000000
15075  -23.663  -64.291  -25.753 0.5000000000
15084  -19.449  -65.019  -25.283 0.5000000000
15095  -22.650  -64.446  -26.785 0.5000000000
15874  -20.075  -63.601  -12.429 0.6000000238
15882  -18.611  -63.709  -12.412 0.6000000238
15883  -20.726  -63.635  -13.618 0.6000000238
15891  -20.707  -63.488  -14.493 0.6000000238
15921  -19.130  -63.969  -17.021 0.6000000238
15922  -19.710  -63.607  -16.533 0.6000000238
15935  -18.034  -63.820  -18.029 0.5000000000
15937  -19.379  -63.241  -17.315 0.6000000238
15949  -17.601  -63.294  -18.373 0.5000000000
15970  -15.920  -62.982  -18.829 0.5000000000
16001  -13.581  -63.120  -22.318 0.6000000238
16002  -14.510  -63.055  -22.565 0.6999999881
16012  -16.080  -63.636  -23.113 0.6000000238
16014  -23.029  -63.388  -24.008 0.5000000000
16022  -18.780  -63.434  -24.343 0.6000000238
16040  -21.211  -63.745  -26.283 0.5000000000
16041  -22.134  -63.674  -26.761 0.5000000000
16042  -23.454  -63.371  -26.686 0.5000000000
16861  -19.785  -62.731  -12.395 0.6999999881
16871  -18.830  -62.426  -12.585 0.6000000238
16872  -21.421  -61.963  -13.350 0.8000000119
16886  -17.547  -62.873  -13.284 0.6000000238
16887  -18.046  -62.215  -13.199 0.6000000238
16906  -21.016  -62.798  -15.006 0.6999999881
16935  -19.590  -62.419  -17.701 0.6000000238
16958  -18.849  -62.349  -18.327 0.6000000238
16976  -16.334  -62.265  -19.059 0.6000000238
17005  -13.700  -61.886  -21.494 0.6000000238
17018  -13.915  -62.303  -22.319 0.6999999881
17029  -15.518  -62.670  -22.830 0.6999999881
17030  -17.589  -62.514  -23.455 0.6000000238
17031  -18.003  -61.804  -23.454 0.5000000000
17038  -19.843  -61.942  -24.568 0.6000000238
17045  -24.502  -63.021  -25.854 0.5000000000
17050  -23.241  -62.483  -26.674 0.5000000000
17051  -24.131  -62.951  -26.408 0.5000000000
17855  -20.269  -62.005  -12.499 0.8000000119
17856  -20.841  -61.555  -12.625 0.8000000119
17857  -21.297  -61.415  -12.929 0.8000000119
17871  -19.546  -61.310  -12.666 0.6999999881
17894  -16.547  -61.447  -14.546 0.6000000238
17895  -17.176  -61.470  -14.311 0.6000000238
17918  -21.268  -61.942  -15.615 0.6999999881
17933  -20.980  -61.681  -16.592 0.6999999881
17934  -21.433  -61.141  -15.997 0.6999999881
17977  -14.590  -61.268  -18.019 0.6999999881
17978  -15.113  -60.958  -17.428 0.6000000238
17980  -18.579  -61.768  -18.930 0.6000000238
17982  -19.972  -61.136  -18.094 0.5000000000
17991  -10.786  -61.049  -20.415 0.6999999881
17996  -16.799  -61.641  -19.403 0.6000000238
18005  -16.402  -60.933  -20.136 0.6000000238
18012  -14.190  -61.325  -21.893 0.6999999881
18020  -14.317  -61.551  -22.256 0.6999999881
18022  -15.485  -60.902  -22.643 0.6999999881
18032  -15.492  -61.633  -22.704 0.6999999881
18044  -20.347  -61.090  -24.533 0.6000000238
18056  -21.498  -61.609  -25.677 0.5000000000
18065  -23.807  -60.715  -26.359 0.5000000000
18875  -21.503  -60.604  -12.977 0.8000000119
18886  -21.923  -60.365  -13.527 0.5000000000
18903  -17.622  -60.762  -14.456 0.6999999881
18906  -21.973  -60.675  -14.380 0.5000000000
18931  -16.533  -60.302  -15.403 0.6000000238
18952  -16.670  -59.797  -15.745 0.6999999881
18969  -20.967  -60.363  -17.320 0.6000000238
18983  -13.904  -61.177  -18.596 0.6000000238
18984  -14.498  -61.027  -18.577 0.6999999881
18987  -19.605  -60.738  -18.665 0.6000000238
18999  -9.371  -60.443  -19.903 0.5000000000
19001  -12.225  -60.928  -20.191 0.6999999881
19005  -18.358  -60.419  -19.594 0.6999999881
19015  -11.266  -60.826  -20.792 0.6999999881
19016  -12.058  -60.363  -20.857 0.6999999881
19020  -17.678  -59.857  -20.171 0.6999999881
19032  -10.196  -60.294  -21.141 0.6999999881
19033  -10.740  -60.431  -21.168 0.6999999881
19035  -11.959  -59.943  -21.172 0.6999999881
19036  -14.832  -60.860  -22.228 0.6999999881
19037  -15.328  -60.447  -21.710 0.6000000238
19050  -16.861  -60.056  -23.039 0.6000000238
19063  -16.998  -60.716  -23.098 0.6000000238
19066  -19.739  -60.140  -23.612 0.6999999881
19079  -20.252  -60.236  -24.004 0.6000000238
19095  -21.494  -60.608  -25.180 0.6000000238
19096  -22.205  -60.094  -25.382 0.6000000238
19097  -22.965  -60.442  -25.927 0.5000000000
19098  -23.546  -59.752  -26.018 0.5000000000
19942  -20.582  -59.919  -12.669 0.6999999881
19943  -21.247  -60.106  -12.698 0.8000000119
19953  -19.803  -59.600  -12.948 0.6999999881
19954  -20.498  -59.231  -12.773 0.6000000238
19956  -22.213  -59.450  -13.508 0.6000000238
19971  -19.170  -59.354  -13.688 0.6999999881
19972  -22.184  -59.913  -14.824 0.6000000238
19973  -22.465  -59.198  -14.335 0.6000000238
20000  -16.601  -59.440  -16.218 0.6999999881
20011  -15.732  -59.871  -17.351 0.6999999881
20015  -21.305  -59.002  -17.257 0.8000000119
20024  -14.907  -60.170  -18.462 0.6999999881
20025  -15.410  -59.584  -17.978 0.6999999881
20027  -19.638  -59.427  -19.160 0.8000000119
20028  -20.234  -59.539  -18.554 0.8000000119
20036  -13.756  -59.609  -19.927 0.6999999881
20040  -18.991  -59.318  -19.584 0.6000000238
20046  -8.724  -59.527  -20.375 0.5000000000
20051  -16.932  -59.232  -21.051 0.6000000238
20058  -11.573  -59.810  -21.180 0.6999999881
20059  -12.144  -59.445  -21.077 0.6999999881
20060  -12.873  -59.044  -20.981 0.6999999881
20061  -16.335  -59.738  -22.493 0.6000000238
20062  -16.686  -59.027  -22.131 0.6000000238
20071  -18.933  -59.479  -23.068 0.6999999881
20079  -20.481  -59.705  -23.939 0.8000000119
20087  -20.785  -59.760  -24.174 0.6999999881
20088  -21.989  -59.056  -25.078 0.6999999881
21009  -19.678  -57.793  -13.910 0.6000000238
21011  -22.628  -58.436  -14.334 0.6000000238
21031  -22.487  -58.636  -15.026 0.6000000238
21041  -17.998  -58.044  -15.671 0.6999999881
21042  -21.809  -58.528  -16.658 0.6999999881
21071  -15.303  -58.178  -18.515 0.8000000119
21082  -18.375  -58.781  -20.130 0.8000000119
21094  -10.022  -58.880  -20.571 0.6000000238
21098  -17.638  -58.208  -21.057 0.6999999881
21109  -17.504  -58.026  -22.104 0.6999999881
21117  -18.078  -58.747  -22.662 0.6000000238
21119  -19.846  -58.593  -22.568 0.6999999881
21121  -21.962  -58.300  -22.443 0.6000000238
21124  -24.835  -57.937  -22.769 0.5000000000
21132  -19.713  -59.411  -23.138 0.6999999881
21135  -22.360  -58.748  -23.092 0.8000000119
21137  -24.473  -58.359  -23.516 0.5000000000
21159  -23.375  -58.951  -25.707 0.5000000000
21160  -24.343  -58.874  -25.922 0.5000000000
22022  -21.452  -57.740  -13.006 0.6000000238
22024  -22.526  -57.156  -13.725 0.6000000238
22048  -19.120  -57.250  -14.627 0.5000000000
22056  -17.870  -57.401  -15.925 0.8000000119
22067  -11.308  -57.620  -16.907 0.4000000060
22068  -16.132  -57.382  -17.673 0.6999999881
22069  -16.668  -57.541  -17.027 0.8000000119
22070  -21.614  -57.185  -17.514 0.6000000238
22071  -22.099  -56.825  -16.923 0.6999999881
22084  -15.259  -57.508  -19.015 0.8000000119
22085  -15.652  -56.869  -18.520 0.6000000238
22103  -10.030  -57.831  -19.911 0.5000000000
22104  -10.935  -57.778  -19.892 0.6000000238
22105  -14.908  -57.763  -20.266 0.6000000238
22106  -15.282  -56.948  -19.446 0.6000000238
22107  -19.075  -57.372  -19.869 0.8000000119
22108  -20.008  -57.242  -19.116 0.6999999881
22122  -12.033  -57.904  -20.539 0.6999999881
22124  -14.548  -57.338  -20.385 0.5000000000
22127  -18.305  -57.134  -20.837 0.8000000119
22138  -17.915  -57.395  -22.040 0.6999999881
22154  -22.503  -57.704  -22.209 0.6999999881
23108  -21.447  -56.685  -13.393 0.6000000238
23109  -22.222  -56.562  -13.545 0.6000000238
23120  -12.285  -57.375  -14.752 0.4000000060
23121  -13.237  -57.149  -14.674 0.4000000060
23123  -20.495  -56.352  -13.816 0.6000000238
23124  -22.812  -55.948  -14.503 0.5000000000
23134  -10.753  -57.283  -15.626 0.4000000060
23140  -22.865  -56.227  -15.215 0.6000000238
23150  -11.593  -57.648  -16.621 0.4000000060
23153  -17.784  -56.602  -16.160 0.6999999881
23154  -22.624  -56.374  -16.238 0.6000000238
23159  -9.850  -56.761  -17.618 0.5000000000
23165  -22.302  -56.112  -17.054 0.6000000238
23180  -21.483  -55.758  -18.289 0.6000000238
23199  -15.402  -56.248  -18.907 0.6000000238
23200  -19.492  -56.424  -19.718 0.8000000119
23201  -20.251  -55.691  -19.537 0.6000000238
23202  -21.054  -55.617  -19.051 0.6000000238
23210  -12.453  -57.223  -20.150 0.5000000000
23212  -14.685  -56.603  -19.933 0.5000000000
23213  -15.051  -56.409  -19.500 0.6000000238
23225  -18.594  -56.240  -22.159 0.8000000119
23234  -18.915  -56.754  -22.545 0.6999999881
23235  -19.982  -56.832  -22.782 0.6999999881
23238  -23.808  -56.789  -22.604 0.5000000000
24216  -21.823  -55.577  -13.720 0.6000000238
24217  -22.252  -55.882  -13.743 0.6000000238
24235  -19.702  -55.399  -14.842 0.6000000238
24236  -20.397  -55.599  -14.208 0.6000000238
24238  -22.596  -55.565  -14.116 0.5000000000
24256  -23.094  -55.402  -15.009 0.5000000000
24274  -23.254  -54.840  -16.210 0.5000000000
24286  -16.741  -55.965  -17.427 0.6000000238
24302  -11.936  -55.523  -18.475 0.5000000000
24318  -13.980  -55.137  -19.297 0.4000000060
24320  -15.245  -55.600  -18.995 0.5000000000
24336  -12.177  -56.844  -19.514 0.6000000238
24338  -13.455  -56.447  -19.743 0.5000000000
24353  -19.609  -54.906  -22.443 0.6999999881
24354  -20.280  -54.378  -21.893 0.6000000238
24365  -21.210  -55.535  -23.442 0.6999999881
25370  -16.271  -54.563  -12.812 0.4000000060
25384  -14.829  -55.458  -13.372 0.4000000060
25385  -16.412  -54.564  -13.357 0.4000000060
25386  -22.170  -55.171  -13.910 0.5000000000
25403  -15.300  -55.478  -14.408 0.5000000000
25404  -16.472  -54.162  -14.034 0.4000000060
25405  -20.410  -54.889  -14.569 0.6000000238
25407  -22.042  -54.285  -14.185 0.5000000000
25409  -23.151  -54.515  -14.838 0.5000000000
25432  -11.341  -55.042  -17.403 0.5000000000
25434  -17.821  -54.884  -16.589 0.5000000000
25435  -18.516  -54.595  -16.244 0.5000000000
25437  -23.450  -54.273  -16.495 0.5000000000
25446  -16.654  -55.085  -17.597 0.5000000000
25450  -23.475  -54.211  -17.205 0.5000000000
25462  -16.632  -54.162  -17.937 0.5000000000
25478  -12.453  -55.046  -18.744 0.4000000060
25481  -15.610  -54.929  -18.615 0.5000000000
25528  -21.619  -54.812  -22.940 0.6000000238
26505  -16.932  -54.101  -12.272 0.4000000060
26534  -21.372  -53.678  -14.581 0.6000000238
26551  -20.667  -53.265  -15.301 0.6000000238
26553  -23.558  -53.041  -15.467 0.5000000000
26560  -10.938  -54.002  -16.905 0.6000000238
26563  -19.269  -53.540  -16.223 0.5000000000
26584  -11.207  -53.931  -17.572 0.5000000000
26587  -14.991  -53.427  -18.470 0.4000000060
26590  -16.958  -53.198  -17.956 0.5000000000
26593  -24.267  -53.642  -18.357 0.5000000000
26600  -13.399  -54.047  -18.637 0.4000000060
26601  -14.569  -54.057  -18.788 0.4000000060
26602  -15.091  -54.185  -18.771 0.4000000060
26603  -15.574  -54.300  -18.560 0.5000000000
27668  -11.120  -52.607  -13.585 0.4000000060
27684  -15.701  -51.525  -15.083 0.4000000060
27693  -11.652  -51.777  -16.232 0.5000000000
27694  -12.155  -52.496  -16.015 0.5000000000
27699  -21.878  -52.058  -15.387 0.6000000238
27700  -22.670  -52.220  -15.152 0.5000000000
27701  -23.202  -52.505  -15.172 0.5000000000
27707  -10.946  -52.435  -16.709 0.5000000000
27711  -20.156  -52.146  -16.455 0.6000000238
27720  -12.411  -52.090  -17.455 0.5000000000
27721  -18.260  -52.225  -17.562 0.5000000000
27722  -18.969  -51.791  -17.381 0.5000000000
27731  -11.192  -53.176  -17.426 0.5000000000
27732  -12.018  -52.870  -17.633 0.5000000000
27733  -13.643  -52.951  -17.963 0.4000000060
27736  -16.591  -52.761  -18.016 0.5000000000
27738  -17.904  -52.033  -17.766 0.4000000060
28769  -12.556  -51.549  -15.852 0.5000000000
28771  -15.050  -50.679  -15.357 0.4000000060
28781  -11.900  -51.157  -16.492 0.5000000000
28784  -22.786  -51.157  -16.075 0.5000000000
28792  -11.540  -51.663  -16.794 0.5000000000
28793  -11.966  -51.546  -17.277 0.5000000000
28796  -23.308  -51.099  -16.618 0.5000000000
28803  -12.906  -51.335  -17.293 0.5000000000
28804  -13.542  -52.102  -17.642 0.5000000000
28806  -15.395  -51.558  -17.766 0.4000000060
28807  -16.258  -51.314  -17.799 0.5000000000
28808  -17.626  -51.036  -17.913 0.4000000060
28810  -19.467  -50.978  -17.907 0.4000000060
28811  -20.209  -50.568  -18.245 0.4000000060
29810  -13.035  -50.792  -15.847 0.4000000060
29822  -12.002  -51.090  -16.851 0.5000000000
29823  -12.488  -50.788  -16.555 0.5000000000
29825  -22.206  -50.820  -16.619 0.5000000000
29841  -22.043  -50.440  -17.350 0.4000000060
29842  -22.690  -50.339  -17.785 0.5000000000
29855  -16.395  -50.468  -17.711 0.4000000060
29856  -17.215  -50.375  -17.888 0.4000000060
29858  -19.412  -50.272  -18.660 0.4000000060
29861  -21.360  -50.140  -19.068 0.4000000060
29875  -23.287  -50.391  -19.402 0.4000000060
29884  -22.289  -50.106  -20.573 0.4000000060
30697  -10.698  -49.382  -11.017 0.3000000119
30762  -13.611  -50.279  -15.945 0.3000000119
30763  -14.412  -49.740  -16.051 0.3000000119
30764  -15.574  -49.219  -15.749 0.3000000119
30777  -13.232  -50.403  -16.757 0.5000000000
30778  -13.737  -50.083  -16.349 0.4000000060
30789  -13.952  -50.036  -16.768 0.4000000060
30790  -14.559  -49.755  -16.934 0.5000000000
30802  -14.894  -50.062  -17.243 0.5000000000
30804  -16.599  -49.611  -17.698 0.4000000060
30806  -18.329  -49.475  -18.463 0.4000000060
30817  -20.629  -49.361  -19.228 0.4000000060
30818  -21.568  -49.749  -19.764 0.4000000060
30827  -22.069  -49.981  -20.475 0.4000000060
30828  -22.617  -50.009  -20.959 0.4000000060
30834  -23.373  -49.892  -21.322 0.4000000060
31658  -15.041  -49.195  -16.365 0.3000000119
31659  -15.595  -48.688  -16.153 0.3000000119
31710  -22.552  -48.534  -19.939 0.3000000119
31711  -23.189  -48.728  -20.500 0.4000000060
133621  -15.647  -60.362  -22.364 0.6000000238
133639  -21.456  -66.116  -23.464 0.6000000238
133700  -17.041  -63.304  -23.361 0.6000000238
133910  -26.660  -72.247  -14.242 0.6000000238
134233  -14.285  -64.557  -22.600 0.6000000238
134411  -12.306  -56.926  -17.179 0.4000000060
134460  -26.543  -73.870  -17.141 0.6999999881
134928  -14.915  -65.043  -22.978 0.6000000238
135252  -26.228  -73.645  -23.055 0.5000000000
135259  -24.832  -46.880  -19.685 0.3000000119
135788  -24.959  -67.365  -13.719 0.6000000238
135943  -18.722  -53.929  -16.359 0.5000000000
136545  -22.630  -68.799  -17.668 0.6000000238
136934  -22.197  -74.452  -19.032 0.5000000000
137085  -22.669  -58.776  -24.755 0.6999999881
137132  -22.003  -57.072  -22.543 0.6000000238
137192  -20.180  -72.606  -17.223 0.6999999881
137553  -14.865  -62.445  -19.687 0.5000000000
138039  -22.941  -65.500  -25.791 0.6000000238
138309  -26.351  -76.217  -22.624 0.5000000000
138467  -21.880  -74.231  -18.389 0.6000000238
138861  -13.045  -54.896  -13.170 0.5000000000
138929  -38.411  -70.644  -20.542 0.3000000119
138982  -19.183  -52.927  -16.562 0.5000000000
140302  -32.945  -76.366  -27.684 0.6000000238
140888  -23.724  -70.358  -12.502 0.6999999881
140963  -12.907  -61.027  -19.625 0.6000000238
140973  -21.395  -65.944  -26.759 0.6000000238
141075  -16.800  -66.491  -24.160 0.6000000238
141438  -19.716  -68.932  -26.467 0.5000000000
141544  -35.960  -77.008  -28.921 0.6000000238
141558  -30.195  -76.296  -26.399 0.5000000000
141567  -38.223  -78.904  -23.088 0.3000000119
141751  -14.047  -60.655  -16.182 0.6000000238
141753  -23.250  -54.870  -15.463 0.5000000000
141841  -22.359  -67.994  -15.440 0.6000000238
141974  -22.867  -73.332  -13.751 0.6999999881
142052  -32.682  -76.897  -28.524 0.6000000238
142134  -20.565  -58.946  -18.352 0.6999999881
142371  -23.129  -59.285  -25.734 0.6999999881
142408  -20.731  -63.002  -25.660 0.6000000238
142534  -17.823  -69.252  -25.670 0.6000000238
142838  -32.645  -75.223  -26.487 0.6000000238
142882  -15.994  -54.378  -18.328 0.5000000000
143216  -37.118  -71.215  -24.911 0.4000000060
143870  -15.430  -58.764  -18.048 0.8000000119
144018  -18.534  -62.449  -23.874 0.6000000238
145543  -20.892  -68.351  -26.823 0.6000000238
145919  -21.023  -66.917  -22.050 0.5000000000
145958  -14.709  -69.052  -23.344 0.6000000238
145995  -22.222  -59.338  -25.236 0.6999999881
146143  -10.892  -55.817  -13.797 0.3000000119
146512  -16.334  -58.295  -17.097 0.8000000119
146527  -20.948  -55.137  -14.066 0.6000000238
146689  -18.683  -59.897  -14.018 0.6999999881
146779  -25.834  -75.229  -12.939 0.6999999881
147096  -21.929  -59.725  -15.683 0.6000000238
147125  -21.487  -67.185  -26.705 0.6000000238
147198  -29.399  -80.827  -26.214 0.5000000000
147241  -18.713  -56.698  -15.124 0.6000000238
147353  -18.353  -70.373  -25.770 0.5000000000
147598  -21.000  -62.834  -13.262 0.6999999881
147632  -15.953  -54.195  -14.561 0.4000000060
147741  -26.664  -69.800  -19.867 0.5000000000
147762  -19.823  -60.064  -18.805 0.5000000000
147908  -29.795  -76.181  -21.301 0.5000000000
147914  -25.772  -71.952  -11.978 0.6999999881
147992  -24.070  -70.085  -12.351 0.6000000238
148106  -39.130  -74.255  -29.285 0.5000000000
148778  -10.797  -53.165  -16.714 0.5000000000
148914  -13.321  -58.290  -20.807 0.6000000238
149125  -14.006  -54.362  -18.932 0.4000000060
149127  -18.814  -70.758  -25.682 0.5000000000
149165  -23.228  -73.868  -12.061 0.6999999881
149398  -22.373  -57.890  -13.322 0.6000000238
149487  -17.790  -55.748  -16.380 0.6000000238
149680  -36.029  -71.370  -24.502 0.5000000000
149809  -13.710  -50.740  -15.671 0.4000000060
149933  -26.601  -74.784  -20.730 0.6000000238
150029  -15.361  -52.599  -11.521 0.5000000000
150062  -37.800  -78.479  -25.740 0.3000000119
150228  -34.888  -71.999  -12.102 0.3000000119
150687  -18.920  -59.978  -23.328 0.6999999881
150820  -13.236  -50.703  -17.179 0.5000000000
151467  -16.938  -65.670  -23.786 0.6000000238
151746  -24.654  -73.916  -25.359 0.5000000000
151820  -17.579  -66.580  -24.542 0.6000000238
152001  -22.143  -73.420  -16.238 0.6999999881
152180  -10.746  -50.500  -12.356 0.3000000119
152195  -21.933  -50.223  -18.217 0.4000000060
152254  -18.775  -50.326  -18.503 0.4000000060
152506  -21.201  -71.699  -15.902 0.6999999881
152620  -13.051  -63.267  -22.181 0.6000000238
152745  -18.326  -67.504  -25.530 0.5000000000
152798  -11.877  -53.326  -16.259 0.5000000000
152963  -24.498  -62.460  -26.148 0.5000000000
153213  -35.452  -72.614  -16.791 0.3000000119
153317  -18.143  -61.159  -19.422 0.6999999881
153592  -21.149  -57.428  -18.059 0.6999999881
153718  -23.039  -75.246  -12.598 0.6999999881
153795  -22.266  -52.646  -14.903 0.6000000238
153839  -40.905  -71.739  -21.249 0.3000000119
154070  -26.282  -75.299  -27.832 0.5000000000
154079  -10.766  -58.626  -20.501 0.6999999881
154231  -27.909  -73.301  -22.461 0.6000000238
154347  -37.393  -67.937  -18.479 0.3000000119
154965  -37.947  -69.380  -19.620 0.4000000060
155048  -26.499  -73.491  -15.891 0.6999999881
155241  -39.107  -73.176  -29.812 0.6000000238
155501  -16.849  -62.466  -23.190 0.6000000238
155843  -16.372  -60.825  -14.945 0.6000000238
155867  -23.085  -70.742  -18.775 0.6000000238
155878  -33.973  -79.650  -26.556 0.5000000000
156001  -16.419  -51.229  -15.013 0.3000000119
156040  -17.235  -71.317  -20.631 0.5000000000
156341  -18.593  -56.026  -21.519 0.8000000119
156370  -21.392  -64.516  -26.586 0.5000000000
156380  -36.486  -78.031  -27.624 0.4000000060
157032  -25.867  -77.516  -13.544 0.5000000000
157126  -22.884  -63.753  -26.876 0.5000000000
157220  -19.218  -61.911  -24.111 0.6000000238
157508  -14.303  -69.456  -22.649 0.6000000238
157623  -21.354  -51.797  -15.901 0.5000000000
157949  -13.345  -53.218  -12.879 0.5000000000
158011  -21.827  -60.941  -13.832 0.8000000119
158233  -24.569  -75.118  -26.915 0.5000000000
159347  -26.563  -75.242  -21.090 0.6000000238
159445  -33.799  -76.969  -28.823 0.6000000238
159472  -28.205  -75.731  -17.433 0.5000000000
159552  -39.530  -70.337  -24.959 0.4000000060
159877  -18.726  -72.000  -18.722 0.6999999881
160198  -9.219  -57.790  -20.095 0.5000000000
160202  -21.186  -72.546  -16.290 0.6999999881
160405  -29.743  -76.704  -26.794 0.6000000238
160897  -16.365  -52.618  -11.334 0.3000000119
161067  -17.005  -62.715  -13.787 0.5000000000
