#!ascii label  , from subject sub-v1s20x0050375_ses-1 vox2ras=TkReg
1666
104731  -26.638  -44.854  -8.280 0.5000000000
14410  -25.895  -44.861  -8.090 0.4000000060
15066  -24.977  -44.304  -7.357 0.6000000238
15772  -24.750  -43.544  -8.006 0.6000000238
17129  -26.320  -41.801  -8.267 0.6000000238
15773  -25.409  -43.231  -8.134 0.5000000000
105416  -26.692  -41.169  -8.126 0.6000000238
15763  -24.479  -43.653  -7.542 0.6999999881
15052  -25.239  -44.380  -6.628 0.6999999881
16451  -24.035  -42.935  -7.794 0.6999999881
16462  -24.713  -42.766  -8.237 0.6999999881
17820  -25.896  -40.997  -8.430 0.6999999881
112729  -26.844  -39.117  -8.113 0.5000000000
18434  -26.495  -39.663  -8.338 0.6999999881
105111  -27.245  -40.802  -7.690 0.5000000000
14348  -18.528  -45.116  -2.124 0.5000000000
15753  -24.559  -43.776  -6.922 0.6999999881
16441  -23.981  -43.021  -7.200 0.6999999881
17128  -25.214  -41.909  -8.407 0.6999999881
16450  -23.490  -42.249  -7.376 0.6999999881
107599  -24.819  -41.119  -8.362 0.6999999881
16461  -23.959  -42.018  -8.095 0.6999999881
17127  -24.111  -40.973  -7.936 0.6999999881
19109  -26.840  -38.417  -8.250 0.6000000238
17058  -24.834  -41.245  -2.173 0.6999999881
17753  -26.023  -40.357  -2.542 0.6999999881
16433  -25.783  -42.901  -5.457 0.6999999881
110733  -26.353  -42.047  -4.743 0.6999999881
116203  -19.035  -45.068  -1.615 0.6000000238
13780  -17.916  -46.359  -1.935 0.4000000060
109022  -24.815  -42.846  -6.396 0.6999999881
102938  -26.056  -40.188  -8.507 0.6999999881
19108  -26.380  -38.935  -8.582 0.6999999881
18443  -25.436  -38.868  -8.967 0.6999999881
19843  -26.847  -37.631  -8.439 0.6000000238
17765  -22.687  -40.350  -3.968 0.6999999881
17751  -24.282  -40.690  -2.794 0.6999999881
17060  -26.453  -41.136  -2.437 0.6999999881
17752  -25.210  -40.470  -2.490 0.6999999881
17766  -23.590  -39.944  -3.525 0.6999999881
105711  -19.592  -43.891  -1.687 0.6000000238
17754  -26.442  -40.304  -3.020 0.6999999881
17098  -26.131  -41.337  -5.148 0.6999999881
17073  -26.730  -41.052  -3.258 0.6999999881
112163  -25.509  -39.861  -2.793 0.6999999881
98634  -24.606  -39.683  -3.095 0.6999999881
13762  -19.346  -46.334  -0.885 0.5000000000
13781  -18.523  -46.215  -1.523 0.5000000000
17106  -23.560  -40.938  -7.095 0.6999999881
17108  -24.063  -41.228  -6.712 0.6999999881
98712  -25.361  -39.166  -3.158 0.6999999881
13128  -18.997  -47.056  -0.766 0.4000000060
18432  -24.977  -39.586  -8.612 0.6999999881
112699  -25.031  -41.001  -6.234 0.6999999881
17767  -26.623  -40.288  -3.715 0.6999999881
18366  -26.071  -39.664  -3.010 0.6999999881
13127  -18.210  -47.543  -0.903 0.4000000060
17799  -24.062  -40.460  -6.933 0.6999999881
19059  -26.217  -38.889  -3.992 0.6999999881
18378  -25.909  -38.961  -3.465 0.6999999881
18433  -25.792  -39.482  -8.717 0.6999999881
17818  -24.421  -39.998  -8.023 0.6999999881
19088  -25.290  -38.485  -6.275 0.6999999881
18390  -26.269  -38.921  -4.822 0.6999999881
18444  -25.978  -38.752  -8.985 0.6999999881
18410  -24.432  -39.411  -6.942 0.6999999881
115700  -26.915  -36.975  -8.626 0.6000000238
19851  -26.148  -37.460  -9.311 0.6999999881
19850  -25.549  -37.422  -9.330 0.6999999881
22848  -27.801  -33.749  -9.932 0.5000000000
115293  -27.419  -34.803  -9.369 0.5000000000
22835  -28.675  -33.686  -7.794 0.4000000060
112232  -21.815  -37.736  -4.160 0.6999999881
119133  -20.904  -44.343  -0.612 0.6000000238
17778  -26.492  -40.407  -4.572 0.6999999881
14349  -19.754  -45.147  -1.123 0.5000000000
112244  -24.502  -38.636  -3.444 0.6999999881
18421  -24.290  -39.748  -7.605 0.6999999881
17790  -25.034  -40.436  -6.325 0.6999999881
18442  -24.931  -38.892  -8.894 0.6999999881
109471  -24.293  -38.172  -7.606 0.6999999881
21285  -26.556  -35.115  -10.314 0.6999999881
19852  -26.547  -37.231  -8.973 0.6999999881
20568  -26.674  -35.861  -9.650 0.6999999881
20558  -26.371  -36.674  -9.412 0.6999999881
22037  -27.064  -34.481  -10.562 0.6999999881
17041  -21.052  -41.148  -1.407 0.6999999881
17042  -21.351  -40.169  -1.521 0.6999999881
17736  -21.031  -39.164  -2.273 0.8000000119
18357  -21.315  -37.942  -2.334 0.8000000119
103776  -20.731  -42.257  -1.351 0.6000000238
118802  -21.651  -40.961  -1.043 0.6000000238
111716  -20.831  -38.334  -3.213 0.8000000119
17026  -21.593  -41.814  -0.853 0.6000000238
16372  -22.415  -42.430  -0.386 0.6000000238
98895  -21.111  -37.704  -4.184 0.6999999881
15688  -20.834  -43.108  -0.957 0.6000000238
16371  -21.513  -42.752  -0.621 0.6000000238
14334  -20.776  -45.130  -0.472 0.6000000238
113001  -21.606  -44.626  -0.071 0.6000000238
98995  -23.386  -38.487  -3.776 0.6999999881
13763  -20.145  -45.965  -0.561 0.5000000000
13764  -21.120  -45.932  0.102 0.6000000238
98663  -22.557  -37.201  -3.665 0.6999999881
112152  -25.040  -38.139  -3.582 0.6999999881
18430  -24.401  -39.279  -8.005 0.6999999881
19086  -24.310  -39.178  -7.414 0.6999999881
19073  -25.941  -38.163  -4.435 0.6999999881
113064  -25.714  -35.847  -10.096 0.8000000119
19856  -26.008  -36.857  -9.539 0.6999999881
107290  -24.343  -38.868  -7.800 0.6999999881
116775  -25.539  -37.791  -5.869 0.6999999881
21290  -26.239  -34.755  -10.730 0.8000000119
19849  -24.818  -37.646  -9.016 0.6999999881
19841  -24.169  -37.459  -8.199 0.6999999881
22849  -28.266  -33.380  -9.483 0.5000000000
22843  -28.991  -33.197  -8.252 0.5000000000
23681  -29.322  -32.349  -9.395 0.5000000000
115324  -29.589  -32.572  -8.342 0.4000000060
17027  -22.512  -41.416  -0.647 0.6000000238
17737  -21.692  -39.186  -1.558 0.6999999881
98911  -22.752  -39.609  -1.144 0.8000000119
112105  -22.298  -38.323  -1.552 0.8000000119
98650  -21.744  -37.156  -2.767 0.8000000119
104612  -22.292  -43.316  -0.118 0.6000000238
15672  -22.202  -44.119  0.168 0.6000000238
98607  -21.619  -37.280  -3.623 0.8000000119
13748  -20.710  -46.654  0.196 0.6000000238
100648  -21.880  -45.831  0.679 0.6000000238
14317  -22.152  -45.140  0.472 0.6000000238
98704  -22.413  -36.905  -3.035 0.6999999881
13113  -19.721  -47.558  0.019 0.5000000000
98699  -24.065  -36.463  -3.886 0.6999999881
98732  -23.181  -36.644  -3.517 0.6999999881
12488  -19.498  -48.210  0.560 0.5000000000
12489  -20.233  -47.801  0.839 0.5000000000
19785  -25.182  -37.442  -4.197 0.6999999881
114656  -25.763  -38.333  -3.886 0.6999999881
21289  -25.852  -34.814  -10.737 0.8000000119
20566  -25.622  -36.510  -9.690 0.8000000119
19842  -24.476  -37.803  -8.544 0.6999999881
19830  -23.978  -37.126  -7.826 0.6999999881
19821  -25.168  -37.613  -6.411 0.6999999881
20557  -24.920  -36.816  -9.376 0.6999999881
22842  -28.429  -33.569  -8.632 0.5000000000
114784  -23.538  -41.475  -0.367 0.6999999881
17028  -24.193  -41.041  -0.360 0.6999999881
17726  -23.135  -40.683  -0.735 0.6999999881
112201  -23.902  -40.135  -0.779 0.8000000119
98687  -23.681  -38.982  -1.332 0.8000000119
16373  -23.398  -42.195  -0.115 0.6999999881
112241  -24.804  -40.571  -0.366 0.8000000119
98286  -24.048  -38.120  -1.504 0.8000000119
15673  -23.225  -43.041  0.200 0.6000000238
98592  -22.106  -37.386  -1.980 0.8000000119
15653  -23.040  -43.867  0.495 0.6000000238
112139  -22.699  -36.834  -2.174 0.6999999881
13749  -21.463  -46.523  0.785 0.6000000238
13750  -22.133  -46.312  1.410 0.6000000238
20470  -23.164  -36.564  -2.725 0.8000000119
20471  -23.888  -36.220  -2.736 0.6999999881
13115  -20.981  -47.258  1.038 0.6000000238
12469  -19.931  -48.399  1.501 0.4000000060
19803  -25.596  -37.499  -4.812 0.6999999881
20507  -24.989  -36.608  -4.732 0.6999999881
20506  -24.098  -35.724  -4.093 0.6999999881
107522  -17.777  -49.619  1.179 0.4000000060
20517  -25.009  -36.323  -5.645 0.6999999881
20565  -24.994  -35.955  -9.834 0.8000000119
19848  -24.239  -36.900  -8.807 0.8000000119
109327  -25.077  -36.846  -6.267 0.6999999881
19820  -24.480  -37.223  -7.122 0.6999999881
21291  -26.617  -34.375  -10.911 0.8000000119
115892  -27.017  -33.977  -11.067 0.6999999881
22857  -27.478  -33.745  -10.690 0.5000000000
24574  -29.744  -31.773  -9.922 0.5000000000
23680  -28.667  -32.762  -9.873 0.5000000000
24564  -30.844  -31.578  -8.675 0.4000000060
17029  -25.135  -41.165  0.247 0.6000000238
17727  -25.533  -40.413  0.009 0.6999999881
98664  -24.961  -39.785  -0.664 0.8000000119
98284  -24.871  -38.872  -1.136 0.8000000119
16357  -24.163  -42.743  0.597 0.6999999881
15654  -23.942  -43.578  0.889 0.6999999881
98830  -23.856  -37.177  -1.805 0.8000000119
15639  -24.191  -43.862  1.649 0.6000000238
98870  -25.003  -38.104  -1.495 0.8000000119
14967  -23.765  -44.598  1.998 0.6000000238
113629  -24.958  -36.813  -2.202 0.8000000119
19770  -24.225  -36.702  -2.205 0.8000000119
104149  -21.649  -46.888  1.502 0.6000000238
13730  -22.666  -46.004  2.043 0.6000000238
20491  -23.823  -36.239  -3.323 0.8999999762
21199  -24.432  -35.737  -3.056 0.8000000119
21228  -24.421  -35.254  -4.604 0.8000000119
21218  -24.235  -35.308  -3.956 0.8000000119
13093  -20.676  -47.914  1.786 0.5000000000
101243  -24.314  -34.819  -6.029 0.8000000119
20516  -24.669  -35.818  -4.973 0.6999999881
104842  -19.518  -48.929  2.227 0.4000000060
22036  -25.281  -34.453  -10.822 0.8000000119
105347  -24.326  -36.305  -9.370 0.8000000119
20556  -23.599  -35.960  -9.094 0.8000000119
20550  -23.616  -36.408  -8.335 0.8000000119
20527  -24.496  -36.267  -6.514 0.6999999881
22043  -26.093  -34.257  -11.218 0.8000000119
20526  -23.872  -36.349  -7.333 0.6999999881
20549  -23.186  -35.666  -8.580 0.8000000119
22863  -26.675  -33.751  -11.400 0.8000000119
21281  -23.696  -35.194  -9.601 0.8000000119
23687  -28.442  -32.554  -10.748 0.6000000238
22865  -27.814  -32.980  -11.159 0.6000000238
23688  -29.068  -32.154  -10.294 0.5000000000
17016  -25.465  -41.357  0.867 0.6000000238
112212  -25.862  -39.846  -0.153 0.6999999881
15655  -24.540  -43.109  1.326 0.6000000238
19039  -26.314  -38.728  -0.432 0.6999999881
98285  -26.070  -38.156  -1.159 0.6999999881
15640  -24.470  -43.332  1.971 0.6000000238
16348  -25.276  -41.817  1.203 0.6000000238
17006  -25.544  -41.062  1.313 0.6000000238
16339  -24.463  -42.773  2.391 0.6000000238
98287  -25.223  -37.339  -1.825 0.8000000119
14288  -22.937  -45.612  2.511 0.6000000238
14954  -24.142  -43.969  2.161 0.6000000238
19759  -26.482  -37.467  -1.303 0.6999999881
13729  -22.039  -46.727  2.287 0.5000000000
20472  -24.739  -36.395  -2.555 0.8000000119
13078  -21.551  -47.304  2.971 0.3000000119
21980  -24.645  -34.782  -4.143 0.8000000119
21219  -24.413  -35.202  -3.645 0.8000000119
21990  -24.492  -34.948  -5.103 0.8000000119
21979  -24.398  -35.005  -4.270 0.8000000119
22004  -23.882  -34.624  -6.933 0.8000000119
21282  -24.543  -35.087  -10.165 0.8000000119
20538  -23.456  -36.266  -7.849 0.8000000119
21252  -23.817  -35.135  -6.767 0.8000000119
21239  -24.481  -35.412  -5.792 0.6999999881
21272  -22.860  -35.237  -8.415 0.8000000119
21277  -23.045  -35.141  -9.025 0.8000000119
22864  -27.217  -33.355  -11.400 0.6999999881
23696  -28.847  -31.898  -11.145 0.6000000238
25478  -31.751  -30.725  -9.876 0.3000000119
110162  -25.946  -40.245  0.987 0.6000000238
18345  -26.179  -39.479  0.588 0.6999999881
19035  -26.521  -38.612  0.160 0.6999999881
19040  -26.721  -37.996  -0.472 0.6999999881
16329  -20.891  -42.773  3.656 0.5000000000
16347  -24.884  -42.464  1.668 0.6000000238
17005  -25.194  -41.676  1.697 0.6000000238
14280  -23.230  -44.804  3.086 0.5000000000
15627  -23.663  -43.688  3.026 0.5000000000
16997  -24.784  -41.904  2.270 0.6000000238
20461  -26.915  -36.777  -1.449 0.6999999881
14278  -21.542  -45.855  4.058 0.3000000119
13716  -22.507  -46.151  2.793 0.5000000000
102764  -26.558  -36.362  -2.141 0.8000000119
21221  -25.826  -35.250  -3.115 0.8000000119
21200  -25.566  -35.996  -2.728 0.8000000119
21991  -24.677  -34.598  -5.428 0.8999999762
21981  -25.284  -34.411  -4.212 0.8999999762
21970  -25.031  -34.869  -3.621 0.8000000119
21971  -26.161  -34.568  -3.676 0.8000000119
13077  -20.981  -47.898  2.808 0.4000000060
22824  -24.126  -34.083  -7.224 0.8999999762
22794  -24.935  -34.455  -4.818 0.8999999762
22862  -25.557  -33.750  -11.430 0.8000000119
22042  -24.880  -33.791  -11.083 0.8000000119
21262  -22.853  -35.160  -7.916 0.8000000119
21263  -23.360  -35.592  -7.498 0.8000000119
113807  -26.212  -33.462  -11.655 0.8000000119
22875  -26.841  -32.855  -11.832 0.6999999881
23695  -28.156  -32.225  -11.534 0.6000000238
24601  -30.214  -30.846  -11.350 0.6000000238
24586  -30.167  -31.248  -10.633 0.6000000238
18339  -25.953  -39.607  1.233 0.6000000238
19034  -26.245  -38.816  0.836 0.6000000238
19740  -26.565  -38.014  0.473 0.6999999881
109845  -25.123  -40.176  2.180 0.6000000238
102616  -26.922  -37.678  -0.069 0.6999999881
17712  -25.176  -41.002  2.143 0.6000000238
20451  -27.154  -36.867  -0.260 0.8000000119
15616  -22.481  -43.382  3.688 0.6000000238
15617  -23.225  -43.384  3.369 0.5000000000
107055  -24.277  -41.171  2.792 0.6000000238
19749  -27.069  -37.207  -0.649 0.6999999881
21202  -27.672  -35.467  -2.054 0.8000000119
117198  -21.981  -44.697  3.917 0.4000000060
21201  -26.757  -35.795  -2.501 0.6999999881
13715  -21.953  -46.709  3.202 0.4000000060
22812  -25.845  -33.624  -5.657 0.8000000119
22811  -25.076  -34.037  -5.725 0.8000000119
21982  -25.970  -34.063  -4.352 0.8000000119
22834  -24.546  -33.615  -7.627 0.8000000119
22035  -23.793  -33.930  -10.159 0.8000000119
22840  -23.196  -33.797  -8.855 0.8000000119
21251  -23.232  -34.892  -7.454 0.6999999881
22861  -24.971  -33.121  -11.536 0.8000000119
22016  -22.892  -34.596  -7.967 0.8000000119
21276  -22.822  -34.823  -8.632 0.8000000119
22874  -26.257  -32.657  -11.959 0.8000000119
22041  -24.209  -33.377  -10.889 0.8000000119
23716  -27.845  -31.804  -12.181 0.6999999881
24599  -28.576  -31.573  -11.940 0.6999999881
26347  -30.034  -29.812  -12.091 0.6000000238
26333  -30.920  -29.416  -11.459 0.6000000238
26334  -31.607  -29.037  -11.075 0.6000000238
18331  -24.588  -39.545  2.368 0.6000000238
118500  -26.404  -36.685  0.634 0.8000000119
19741  -26.838  -37.211  0.261 0.6999999881
17700  -21.222  -40.279  2.865 0.5000000000
17702  -23.421  -40.322  2.974 0.5000000000
20452  -27.401  -36.361  -0.868 0.8000000119
20473  -27.303  -36.102  -1.683 0.6999999881
16984  -22.304  -41.945  3.454 0.5000000000
16985  -23.249  -42.186  3.317 0.5000000000
21179  -27.578  -35.495  -0.780 0.8000000119
21942  -28.053  -34.875  -1.517 0.8000000119
16983  -21.097  -41.875  3.416 0.5000000000
21190  -27.646  -35.650  -1.343 0.8000000119
21956  -27.982  -34.750  -2.396 0.8000000119
22775  -28.323  -34.029  -2.722 0.8000000119
21955  -27.098  -35.140  -2.925 0.8000000119
22784  -26.864  -33.967  -4.105 0.8000000119
21972  -27.476  -34.420  -3.307 0.8000000119
22795  -25.515  -34.010  -4.931 0.8000000119
23650  -25.336  -33.461  -7.309 0.8000000119
22796  -26.391  -33.609  -4.936 0.8000000119
22856  -23.797  -33.187  -10.352 0.8000000119
23669  -23.862  -32.941  -8.736 0.8000000119
22841  -23.442  -33.522  -8.566 0.8999999762
117498  -25.736  -33.153  -11.761 0.8000000119
23693  -24.268  -32.729  -11.328 0.8000000119
23715  -27.237  -32.003  -12.256 0.6999999881
24618  -26.964  -31.549  -12.700 0.6999999881
24621  -28.967  -31.005  -12.307 0.6999999881
24627  -27.258  -30.996  -13.118 0.6999999881
24628  -27.817  -30.900  -12.990 0.6999999881
25519  -28.404  -30.710  -12.768 0.6999999881
25520  -29.151  -30.381  -12.471 0.6999999881
20430  -24.767  -36.565  1.398 0.8000000119
109498  -25.256  -37.925  1.573 0.6000000238
19731  -25.458  -37.290  1.331 0.6000000238
21168  -26.069  -35.892  0.752 0.8000000119
20425  -19.938  -36.830  1.144 0.6000000238
19020  -20.709  -38.158  1.744 0.5000000000
19012  -23.969  -38.834  2.324 0.6000000238
19024  -24.439  -38.166  1.942 0.6000000238
20441  -26.946  -36.334  0.177 0.8000000119
20450  -18.180  -36.897  0.040 0.6000000238
20439  -19.278  -36.586  0.737 0.6000000238
20440  -20.072  -36.184  0.920 0.6000000238
19021  -21.613  -38.187  1.940 0.5000000000
19011  -23.012  -38.809  2.451 0.5000000000
21954  -18.009  -34.318  -2.293 0.5000000000
21189  -18.070  -35.173  -1.049 0.5000000000
21177  -18.673  -35.229  -0.147 0.6000000238
18328  -21.665  -39.547  2.656 0.5000000000
19010  -22.075  -38.830  2.402 0.5000000000
21943  -28.381  -34.248  -2.002 0.8000000119
21941  -18.643  -33.839  -0.922 0.5000000000
18329  -22.667  -39.526  2.764 0.5000000000
21217  -17.852  -35.006  -2.916 0.4000000060
16995  -23.089  -41.276  3.265 0.5000000000
23620  -27.074  -33.123  -5.320 0.8000000119
22797  -27.408  -33.389  -4.514 0.8000000119
22785  -27.931  -33.730  -3.651 0.6999999881
23660  -25.012  -33.198  -8.139 0.8000000119
22826  -25.573  -33.592  -6.437 0.8000000119
22813  -26.471  -33.330  -5.660 0.8000000119
23652  -26.733  -32.827  -6.705 0.8000000119
23712  -24.733  -32.153  -11.743 0.8999999762
23692  -23.973  -32.137  -11.326 0.8999999762
23678  -23.746  -32.563  -9.665 0.8000000119
23659  -24.299  -33.250  -8.275 0.8000000119
22855  -23.691  -32.902  -9.989 1.0000000000
23679  -23.840  -32.360  -9.368 0.8000000119
105729  -26.217  -31.812  -12.417 0.8000000119
24626  -26.503  -31.003  -13.081 0.6999999881
21156  -24.170  -35.836  1.326 0.8000000119
21157  -25.078  -35.876  1.134 0.8000000119
110263  -25.993  -35.132  0.598 0.8000000119
21915  -19.620  -34.825  0.306 0.6000000238
20429  -23.704  -36.589  1.553 0.6000000238
21169  -26.686  -35.470  0.263 0.8000000119
22741  -26.850  -34.019  -0.081 0.8000000119
21930  -18.484  -34.584  -0.722 0.5000000000
21163  -19.411  -35.715  0.498 0.6000000238
21153  -20.873  -35.929  1.076 0.6000000238
109473  -22.975  -36.985  1.618 0.6000000238
114017  -27.158  -34.975  -0.201 0.8000000119
110759  -27.803  -34.342  -0.775 0.8000000119
22762  -28.332  -33.922  -1.492 0.6999999881
104166  -19.270  -33.639  -0.409 0.5000000000
110136  -22.092  -36.223  1.389 0.6000000238
19729  -23.583  -37.451  1.783 0.6000000238
22774  -18.254  -33.439  -2.529 0.4000000060
22760  -18.585  -33.168  -1.522 0.4000000060
22761  -19.078  -33.077  -0.802 0.4000000060
22749  -19.747  -33.110  -0.304 0.4000000060
22776  -28.684  -33.553  -2.138 0.6999999881
23585  -18.590  -32.513  -2.103 0.4000000060
107317  -18.981  -32.446  -1.297 0.4000000060
22735  -20.877  -33.707  0.350 0.4000000060
22786  -28.808  -33.309  -2.987 0.6999999881
24477  -19.695  -31.351  -1.540 0.4000000060
24479  -21.085  -31.194  -1.046 0.5000000000
23621  -27.879  -32.769  -4.856 0.6999999881
24495  -18.756  -31.821  -2.616 0.3000000119
24478  -20.387  -31.080  -1.396 0.5000000000
113674  -21.241  -31.989  -0.457 0.5000000000
23661  -25.773  -32.966  -7.834 0.8000000119
23651  -26.087  -33.204  -7.012 0.8000000119
23638  -26.894  -32.942  -6.009 0.8000000119
23639  -27.544  -32.578  -5.650 0.8000000119
118623  -24.176  -31.572  -11.660 0.8000000119
23691  -23.703  -32.050  -10.933 1.0000000000
24570  -23.744  -31.793  -9.921 0.8000000119
24571  -23.952  -31.739  -9.667 0.8000000119
24560  -24.154  -32.179  -9.245 0.8000000119
23671  -25.304  -32.567  -8.575 0.8000000119
24554  -26.107  -32.338  -8.283 0.8000000119
24598  -23.743  -31.442  -11.308 1.0000000000
115139  -25.576  -31.906  -8.982 0.8000000119
23713  -25.427  -31.763  -12.206 0.8000000119
24584  -23.602  -31.208  -10.529 0.8000000119
24561  -24.751  -32.025  -9.161 0.8000000119
103306  -27.533  -30.585  -13.240 0.6999999881
26345  -28.219  -29.589  -12.978 0.6999999881
26346  -29.086  -29.652  -12.560 0.6999999881
27119  -29.667  -28.847  -12.210 0.6999999881
27118  -28.858  -28.732  -12.621 0.6999999881
27112  -31.152  -28.357  -11.414 0.6000000238
115204  -24.531  -35.298  1.074 0.8000000119
21921  -25.473  -34.514  0.614 0.8000000119
21164  -20.283  -35.397  0.692 0.5000000000
21919  -23.487  -34.351  0.854 0.8000000119
22738  -24.069  -33.769  0.634 0.8000000119
21920  -24.482  -34.562  0.841 0.8000000119
22740  -25.850  -33.821  0.362 0.8000000119
21165  -21.143  -35.160  0.853 0.6000000238
21917  -21.479  -34.361  0.625 0.5000000000
21911  -23.790  -35.106  1.133 0.8000000119
109975  -27.328  -33.353  -0.462 0.6999999881
23569  -19.609  -32.443  -0.753 0.4000000060
21918  -22.492  -34.171  0.711 0.6999999881
111156  -22.444  -35.655  1.282 0.6999999881
22753  -28.185  -33.373  -0.940 0.6999999881
23588  -28.635  -33.092  -1.565 0.6999999881
23598  -19.034  -31.810  -1.779 0.3000000119
23599  -29.060  -32.622  -2.329 0.6999999881
23610  -29.063  -32.484  -3.341 0.6999999881
24518  -29.009  -31.717  -4.662 0.6999999881
24497  -20.083  -30.744  -2.041 0.4000000060
24498  -20.964  -30.649  -1.730 0.4000000060
24547  -27.133  -32.260  -7.116 0.8000000119
23640  -28.297  -32.178  -5.187 0.6999999881
23662  -26.487  -32.634  -7.480 0.8000000119
24563  -26.384  -31.675  -8.659 0.8000000119
25470  -27.415  -30.593  -8.595 0.6999999881
25474  -23.832  -31.161  -10.113 0.8000000119
24616  -24.753  -31.195  -12.179 0.8999999762
24617  -25.687  -31.177  -12.698 0.8999999762
110076  -23.897  -30.875  -11.796 0.8999999762
25502  -23.520  -30.671  -11.441 0.8000000119
25501  -23.399  -30.554  -11.082 0.8000000119
25488  -24.015  -30.489  -10.248 0.8000000119
25526  -25.867  -30.617  -13.048 0.8999999762
25518  -25.151  -30.485  -12.717 0.8000000119
25527  -26.957  -30.364  -13.406 0.8000000119
25505  -31.646  -29.802  -10.911 0.4000000060
100247  -27.563  -30.033  -13.357 0.8000000119
27132  -27.509  -29.135  -13.251 0.6999999881
110147  -31.896  -26.745  -11.431 0.5000000000
116586  -24.501  -33.288  0.432 0.6999999881
22739  -24.915  -33.826  0.556 0.8000000119
23572  -23.750  -32.427  0.044 0.6999999881
103069  -26.154  -32.116  -0.405 0.6999999881
23586  -19.459  -31.917  -1.195 0.4000000060
24455  -22.830  -31.576  -0.645 0.6000000238
23558  -24.513  -32.700  0.186 0.6999999881
23576  -27.734  -32.664  -0.692 0.6999999881
109591  -28.362  -32.690  -1.089 0.6999999881
104091  -28.745  -32.250  -1.552 0.6999999881
24454  -21.974  -31.384  -0.818 0.5000000000
23600  -29.271  -31.731  -2.910 0.6999999881
25378  -21.730  -30.330  -2.160 0.4000000060
24509  -29.264  -31.736  -3.775 0.6999999881
25416  -21.412  -29.587  -3.435 0.3000000119
109872  -21.735  -29.916  -2.763 0.3000000119
25379  -22.575  -30.493  -1.919 0.5000000000
25462  -27.109  -31.329  -8.245 0.6999999881
24533  -27.978  -32.031  -5.994 0.6999999881
24535  -29.226  -31.066  -4.933 0.6999999881
25395  -22.449  -29.982  -2.527 0.4000000060
24556  -27.442  -31.603  -7.465 0.6999999881
24534  -28.633  -31.554  -5.490 0.6999999881
25453  -28.063  -31.170  -7.046 0.6999999881
25469  -26.676  -30.968  -9.000 0.6999999881
25487  -23.526  -30.503  -10.658 0.8000000119
24572  -24.268  -31.373  -9.675 0.8000000119
119294  -24.581  -30.800  -9.850 0.8000000119
25468  -25.848  -31.213  -9.299 0.8000000119
25475  -24.688  -30.162  -10.160 0.8000000119
26344  -23.561  -29.418  -12.591 0.8000000119
26358  -25.441  -29.378  -13.274 0.8000000119
25525  -24.651  -29.600  -12.880 0.8000000119
25517  -24.178  -30.307  -12.404 0.8999999762
26359  -26.321  -29.620  -13.447 0.8999999762
27131  -26.359  -28.860  -13.554 0.8000000119
27906  -30.280  -28.039  -11.923 0.6999999881
27922  -31.006  -27.136  -11.671 0.6000000238
27133  -28.102  -28.463  -12.955 0.6999999881
28782  -27.586  -26.708  -13.658 0.6999999881
23559  -25.209  -33.132  0.306 0.6999999881
25381  -24.300  -30.756  -1.438 0.6000000238
24457  -24.404  -31.391  -0.817 0.6000000238
100397  -25.280  -31.663  -0.564 0.6999999881
24458  -26.235  -31.210  -0.827 0.6999999881
24459  -27.101  -31.930  -0.631 0.6999999881
23575  -26.893  -32.609  -0.432 0.6999999881
115481  -22.142  -32.002  -0.269 0.5000000000
23571  -22.938  -32.207  -0.104 0.6000000238
24482  -27.426  -31.164  -0.963 0.6999999881
24483  -28.052  -31.980  -0.979 0.6999999881
24481  -23.556  -31.204  -1.072 0.6000000238
25415  -20.381  -29.931  -3.569 0.3000000119
24480  -22.705  -31.013  -1.270 0.5000000000
26209  -25.130  -30.152  -1.774 0.6000000238
24499  -29.155  -31.671  -2.135 0.6999999881
26218  -23.104  -29.530  -2.902 0.4000000060
25396  -23.268  -30.081  -2.311 0.5000000000
25397  -24.122  -30.140  -2.061 0.6000000238
25417  -29.500  -30.893  -3.525 0.6999999881
25428  -29.629  -30.563  -4.335 0.6999999881
25440  -28.950  -30.910  -5.763 0.6999999881
27012  -23.326  -28.607  -3.892 0.3000000119
25464  -28.385  -30.496  -7.379 0.6999999881
24573  -25.265  -30.665  -9.753 0.8000000119
25476  -26.129  -30.480  -9.598 0.8000000119
25477  -26.973  -30.194  -9.322 0.6999999881
26296  -28.095  -30.223  -8.188 0.6999999881
27095  -23.080  -29.212  -11.382 0.8000000119
26312  -25.533  -29.959  -10.089 0.8000000119
26357  -23.919  -28.903  -13.027 0.8000000119
26343  -22.954  -29.288  -12.249 0.8000000119
26332  -22.827  -29.225  -11.767 0.8000000119
26321  -24.101  -29.624  -10.563 0.8000000119
27130  -24.826  -28.381  -13.570 0.8000000119
27929  -22.568  -27.211  -13.107 0.8000000119
115805  -22.640  -27.458  -11.932 0.8000000119
28749  -22.897  -26.870  -12.156 0.8000000119
28766  -22.535  -26.359  -12.722 0.8000000119
27921  -30.190  -27.163  -12.214 0.6999999881
27933  -27.350  -27.881  -13.378 0.8000000119
27935  -28.933  -27.032  -12.983 0.6000000238
28795  -27.897  -25.976  -14.166 0.6999999881
28783  -28.378  -26.416  -13.519 0.6000000238
28768  -29.697  -26.649  -12.730 0.6000000238
25367  -25.187  -30.927  -1.105 0.6000000238
25384  -27.764  -30.483  -1.412 0.6999999881
24484  -28.482  -31.282  -1.469 0.6999999881
26210  -26.173  -29.888  -1.725 0.6000000238
25385  -28.545  -30.544  -1.773 0.6999999881
25398  -29.074  -30.955  -2.032 0.6999999881
26240  -23.811  -28.985  -3.338 0.4000000060
102663  -23.910  -29.558  -2.641 0.4000000060
26220  -25.623  -29.304  -2.343 0.5000000000
26212  -28.148  -29.856  -1.802 0.6999999881
25399  -29.343  -30.978  -2.666 0.6999999881
26219  -24.711  -29.566  -2.428 0.5000000000
26257  -29.884  -29.889  -3.943 0.6999999881
27013  -24.029  -28.303  -3.964 0.3000000119
113532  -24.463  -29.141  -2.914 0.4000000060
25463  -27.763  -30.906  -7.811 0.6999999881
105600  -29.894  -29.982  -4.642 0.6999999881
116791  -24.626  -27.427  -4.385 0.3000000119
25455  -29.292  -30.248  -6.042 0.6999999881
25441  -29.508  -30.417  -5.174 0.6999999881
26297  -28.762  -29.827  -7.758 0.6999999881
26286  -29.665  -29.607  -6.391 0.6999999881
26322  -24.898  -29.409  -10.462 0.8000000119
26305  -27.714  -29.846  -8.950 0.6999999881
27074  -29.906  -28.706  -7.648 0.6999999881
26306  -28.426  -29.492  -8.564 0.6999999881
27082  -29.527  -28.373  -8.542 0.6999999881
110950  -22.626  -28.399  -12.229 0.8000000119
27888  -23.625  -28.373  -11.279 0.8000000119
26314  -27.255  -29.407  -9.642 0.6999999881
27081  -28.769  -28.748  -8.959 0.6999999881
27873  -29.088  -27.973  -9.360 0.6999999881
119482  -23.163  -29.083  -12.567 0.8000000119
27110  -22.697  -28.573  -11.779 0.8000000119
27097  -24.281  -28.879  -10.867 0.8000000119
27098  -25.182  -28.642  -10.799 0.8000000119
27099  -26.120  -28.386  -10.690 0.8000000119
27883  -27.804  -27.822  -10.259 0.8000000119
27884  -28.560  -27.498  -10.011 0.6999999881
27129  -23.759  -28.182  -13.477 0.8000000119
102824  -23.526  -27.512  -11.607 0.8000000119
28751  -24.930  -26.503  -11.841 0.8000000119
28743  -26.694  -26.760  -11.306 0.8000000119
103929  -24.534  -28.855  -13.235 0.8000000119
28748  -22.405  -27.135  -12.277 0.8000000119
28750  -23.912  -26.713  -11.970 0.8000000119
27143  -25.537  -27.980  -13.742 0.8000000119
27930  -22.772  -26.832  -13.712 0.8000000119
28767  -23.265  -26.083  -12.470 0.8000000119
29710  -25.948  -25.432  -12.177 0.8000000119
117466  -24.796  -27.742  -13.826 0.8000000119
29735  -23.154  -24.767  -13.354 0.8000000119
27944  -25.849  -27.040  -14.084 0.8000000119
28770  -31.521  -26.215  -11.889 0.5000000000
27945  -26.754  -26.922  -13.894 0.8000000119
28769  -30.607  -26.256  -12.418 0.6000000238
29725  -30.824  -25.514  -13.134 0.6000000238
28784  -29.153  -26.114  -13.364 0.6000000238
29737  -29.982  -25.843  -13.219 0.6000000238
25382  -25.876  -30.518  -1.331 0.6999999881
25383  -26.757  -30.476  -1.265 0.6999999881
26222  -27.572  -29.167  -2.035 0.6999999881
26223  -28.508  -29.277  -2.270 0.6999999881
105303  -29.013  -30.178  -2.322 0.6999999881
26221  -26.625  -29.188  -2.097 0.5000000000
26997  -27.934  -28.578  -2.458 0.6999999881
27014  -24.841  -28.524  -3.355 0.4000000060
27795  -25.488  -27.796  -3.663 0.4000000060
27015  -25.682  -28.290  -3.185 0.5000000000
101716  -29.528  -30.161  -3.150 0.6999999881
27813  -25.245  -27.169  -4.279 0.3000000119
28659  -25.995  -26.473  -4.386 0.3000000119
27796  -26.305  -27.819  -3.280 0.5000000000
27017  -30.475  -28.168  -4.266 0.6999999881
107792  -30.231  -29.359  -4.609 0.6999999881
27812  -24.052  -27.650  -4.532 0.3000000119
26274  -30.421  -28.983  -5.322 0.6999999881
29603  -25.925  -25.801  -4.833 0.3000000119
27075  -30.666  -28.183  -7.005 0.6999999881
27089  -26.718  -28.916  -10.224 0.8000000119
27080  -28.017  -29.081  -9.311 0.6999999881
27090  -27.537  -28.612  -9.955 0.6999999881
27091  -28.311  -28.302  -9.670 0.6999999881
27885  -29.323  -27.140  -9.682 0.6999999881
27919  -22.447  -27.521  -12.455 0.8000000119
27889  -24.474  -28.088  -11.192 0.8000000119
27100  -27.008  -28.112  -10.516 0.6999999881
118017  -28.033  -27.127  -10.509 0.8000000119
27127  -22.651  -27.892  -12.858 0.8000000119
29697  -27.737  -26.451  -11.060 0.8000000119
27128  -22.948  -27.683  -13.415 0.8000000119
28752  -25.890  -26.217  -11.760 0.8000000119
28753  -26.851  -25.887  -11.628 0.8000000119
27931  -23.331  -27.194  -13.839 0.8000000119
27142  -24.131  -27.525  -13.874 0.8000000119
28780  -22.532  -26.466  -13.257 0.8000000119
29722  -23.784  -25.252  -12.631 0.8000000119
29723  -24.892  -24.976  -12.595 0.8000000119
30679  -26.903  -25.090  -12.074 0.8000000119
27943  -24.785  -27.029  -14.145 0.8000000119
27942  -23.696  -26.511  -14.312 0.8000000119
113598  -22.705  -25.173  -13.740 0.8000000119
30707  -23.001  -24.505  -14.223 0.8000000119
29724  -25.900  -24.721  -12.600 0.8000000119
28794  -27.117  -26.178  -14.383 0.8000000119
27794  -24.707  -27.810  -4.027 0.3000000119
26995  -25.484  -28.737  -2.872 0.5000000000
26996  -26.286  -28.544  -2.699 0.5000000000
27785  -28.375  -27.947  -2.821 0.6999999881
26998  -28.839  -28.669  -2.674 0.6999999881
26999  -29.465  -28.791  -3.097 0.6999999881
27784  -27.261  -27.963  -2.854 0.6000000238
27798  -28.885  -27.376  -3.278 0.6999999881
27786  -29.249  -28.100  -3.053 0.6999999881
27016  -29.959  -28.371  -3.578 0.6999999881
28658  -25.163  -26.339  -4.838 0.3000000119
106209  -26.542  -25.909  -4.523 0.3000000119
28652  -29.517  -26.767  -3.777 0.6999999881
29616  -24.728  -25.858  -5.302 0.3000000119
30601  -27.554  -24.076  -5.059 0.3000000119
27815  -30.721  -27.380  -4.675 0.6999999881
27033  -30.748  -28.055  -4.798 0.6999999881
112694  -25.340  -22.661  -6.539 0.3000000119
31523  -25.757  -23.392  -6.026 0.3000000119
31508  -26.411  -23.774  -5.516 0.3000000119
31509  -27.145  -23.519  -5.416 0.3000000119
32358  -25.056  -21.963  -6.986 0.3000000119
27866  -30.280  -27.939  -8.034 0.6999999881
27893  -28.724  -26.607  -10.398 0.8000000119
29711  -27.756  -25.502  -11.494 0.8000000119
28790  -23.092  -25.708  -14.497 0.8000000119
28781  -22.683  -25.880  -13.915 0.8000000119
105536  -23.186  -25.009  -14.979 0.8000000119
29748  -22.856  -25.033  -14.466 0.8000000119
30708  -23.702  -24.244  -13.672 0.8000000119
30709  -24.630  -23.925  -13.850 0.8000000119
100329  -25.769  -24.162  -13.197 0.8000000119
28792  -25.231  -26.296  -14.719 0.8000000119
28793  -26.211  -26.305  -14.595 0.8000000119
29750  -26.689  -25.884  -15.310 0.6999999881
29751  -27.671  -25.725  -15.044 0.6000000238
27797  -27.936  -27.282  -3.229 0.6000000238
27800  -30.211  -27.470  -3.932 0.6999999881
29605  -27.308  -25.485  -4.451 0.4000000060
29591  -28.904  -25.924  -3.955 0.6000000238
28661  -30.333  -26.629  -4.382 0.6999999881
30589  -29.198  -25.234  -4.513 0.4000000060
28679  -30.846  -26.507  -5.083 0.6999999881
27836  -31.035  -27.132  -5.469 0.6999999881
103397  -31.022  -27.790  -5.995 0.6999999881
32344  -27.819  -22.265  -6.270 0.3000000119
30603  -29.402  -24.422  -5.057 0.4000000060
29618  -30.996  -25.735  -5.501 0.6000000238
28701  -31.348  -26.379  -6.718 0.6999999881
27853  -31.098  -27.290  -6.817 0.6999999881
27875  -30.619  -27.085  -8.356 0.6999999881
28718  -31.319  -26.038  -7.572 0.6999999881
28737  -30.267  -26.035  -9.520 0.6999999881
27892  -27.304  -27.311  -10.792 0.8000000119
29698  -28.543  -25.836  -10.976 0.8000000119
30680  -27.833  -24.745  -11.936 0.8000000119
30696  -23.961  -24.585  -12.975 0.8000000119
30710  -26.549  -23.973  -13.347 0.8000000119
28801  -24.547  -25.579  -15.521 0.8000000119
29749  -23.175  -24.362  -15.139 0.8000000119
30719  -23.603  -23.921  -14.761 0.8000000119
31608  -24.728  -23.621  -14.716 0.8000000119
30728  -23.416  -23.869  -15.822 0.8000000119
101508  -29.503  -25.640  -14.039 0.6000000238
28802  -25.665  -25.868  -15.482 0.8000000119
108318  -28.491  -25.603  -15.047 0.6000000238
29764  -27.319  -25.734  -16.125 0.6999999881
28651  -28.481  -26.662  -3.582 0.6000000238
30602  -28.413  -24.113  -5.029 0.3000000119
32333  -28.344  -22.801  -5.833 0.3000000119
30590  -30.032  -25.167  -4.835 0.5000000000
31524  -29.797  -23.056  -5.979 0.3000000119
31512  -30.027  -23.788  -5.576 0.5000000000
29619  -31.315  -25.609  -6.252 0.6999999881
33689  -27.177  -20.715  -7.843 0.3000000119
33060  -28.184  -21.724  -6.768 0.3000000119
31538  -31.411  -23.632  -7.215 0.4000000060
29636  -31.443  -25.487  -7.062 0.6999999881
29655  -31.439  -25.304  -7.804 0.6000000238
29685  -30.421  -25.353  -9.818 0.6000000238
29673  -30.922  -25.587  -9.099 0.6000000238
28744  -29.233  -25.848  -10.447 0.8000000119
29684  -29.814  -25.748  -10.042 0.6999999881
29686  -31.155  -24.709  -9.345 0.6000000238
29699  -29.736  -25.189  -10.457 0.6999999881
29700  -30.514  -24.696  -10.181 0.6999999881
29712  -28.555  -25.096  -11.361 0.8000000119
30666  -29.302  -24.792  -11.113 0.6999999881
30682  -29.663  -24.134  -11.365 0.6999999881
30667  -30.009  -24.495  -10.749 0.6999999881
30698  -26.941  -24.363  -12.634 0.8000000119
30681  -28.771  -24.356  -11.770 0.8000000119
30699  -28.036  -24.173  -12.435 0.8000000119
31596  -29.147  -23.691  -12.658 0.6999999881
31582  -29.344  -23.786  -11.977 0.6999999881
28791  -23.671  -25.570  -14.959 0.8000000119
28800  -23.613  -24.753  -15.682 0.8000000119
31609  -25.708  -23.802  -13.925 0.8000000119
31594  -27.511  -23.860  -13.213 0.8000000119
29762  -23.751  -24.133  -16.434 0.8000000119
31620  -24.946  -23.434  -15.517 0.8000000119
101227  -24.355  -26.171  -14.697 0.8000000119
29763  -24.372  -24.931  -16.483 0.8000000119
31631  -23.977  -23.576  -16.503 0.8000000119
31633  -25.742  -23.264  -16.010 0.8000000119
109393  -25.204  -25.459  -16.289 0.8000000119
99953  -26.229  -25.659  -16.418 0.6999999881
29752  -29.129  -25.562  -14.779 0.6000000238
106068  -29.852  -25.490  -14.910 0.6000000238
29777  -28.042  -25.749  -16.901 0.6999999881
30605  -31.069  -24.849  -5.862 0.5000000000
32345  -28.662  -22.297  -6.354 0.3000000119
31525  -30.580  -23.429  -6.158 0.4000000060
33061  -29.088  -21.798  -6.809 0.3000000119
109188  -31.463  -24.234  -7.169 0.5000000000
30621  -31.496  -24.741  -7.450 0.6000000238
33691  -29.033  -20.750  -7.873 0.3000000119
33076  -30.546  -21.526  -7.476 0.3000000119
31547  -31.630  -23.917  -7.929 0.6000000238
117067  -31.570  -24.688  -8.032 0.6000000238
34346  -27.137  -19.791  -8.932 0.3000000119
33711  -28.487  -20.265  -8.477 0.3000000119
33087  -30.990  -21.093  -8.119 0.3000000119
34347  -27.961  -19.830  -9.004 0.3000000119
34370  -26.757  -19.263  -9.432 0.3000000119
119348  -30.546  -24.275  -10.481 0.6999999881
31583  -30.173  -23.602  -11.712 0.6999999881
31610  -26.707  -23.713  -13.987 0.8000000119
116098  -28.217  -23.663  -13.495 0.6999999881
31612  -28.910  -23.618  -13.372 0.6999999881
31611  -27.670  -23.607  -14.082 0.6999999881
31621  -25.807  -23.579  -14.806 0.8000000119
31622  -26.868  -23.503  -14.964 0.6999999881
31640  -24.536  -23.236  -17.137 0.6999999881
31632  -24.610  -23.303  -16.449 0.8000000119
106718  -30.776  -25.317  -14.953 0.6000000238
29775  -25.313  -25.100  -17.040 0.6999999881
106498  -26.378  -25.414  -17.123 0.6999999881
105185  -28.731  -25.704  -16.699 0.6999999881
29776  -27.201  -25.677  -16.994 0.6999999881
30787  -29.301  -23.913  -19.114 0.5000000000
30769  -29.470  -24.778  -18.696 0.5000000000
31561  -31.569  -23.675  -9.041 0.6000000238
104828  -31.565  -23.057  -9.899 0.6000000238
31573  -30.550  -23.864  -10.917 0.6999999881
31584  -31.022  -23.252  -11.498 0.6999999881
35069  -26.079  -18.154  -10.708 0.3000000119
105165  -29.695  -23.488  -13.208 0.6999999881
109520  -29.913  -23.497  -12.446 0.6999999881
102152  -25.938  -22.901  -17.003 0.6999999881
103777  -28.574  -23.547  -14.122 0.6999999881
103740  -29.444  -23.459  -13.999 0.6000000238
31623  -27.989  -23.464  -14.990 0.6999999881
29774  -24.406  -24.259  -17.075 0.6999999881
31641  -25.098  -22.913  -17.220 0.6999999881
109832  -25.652  -22.646  -17.809 0.6000000238
29792  -25.108  -24.169  -17.460 0.6999999881
29767  -30.166  -25.467  -15.901 0.6000000238
99110  -27.994  -25.630  -17.527 0.6999999881
29795  -28.761  -25.677  -17.969 0.6999999881
29813  -29.520  -25.525  -18.254 0.6000000238
106181  -31.656  -23.058  -8.451 0.5000000000
32380  -31.764  -21.852  -9.686 0.4000000060
32379  -31.697  -22.588  -9.206 0.5000000000
117294  -31.726  -22.353  -9.936 0.6000000238
32386  -31.853  -21.856  -10.391 0.5000000000
32385  -31.671  -22.497  -10.546 0.6000000238
32395  -31.559  -22.630  -11.281 0.6000000238
35093  -25.716  -17.864  -11.505 0.3000000119
31598  -30.722  -23.189  -12.266 0.6999999881
31597  -30.494  -23.221  -13.036 0.6000000238
31634  -27.085  -23.322  -16.181 0.6000000238
31624  -29.135  -23.393  -14.947 0.6000000238
30753  -24.726  -23.442  -17.369 0.6999999881
31635  -28.432  -23.385  -15.914 0.6000000238
31655  -25.869  -22.727  -18.120 0.6999999881
31656  -26.503  -22.555  -18.165 0.6000000238
30756  -27.824  -25.000  -18.085 0.6999999881
29796  -29.503  -25.790  -17.837 0.6999999881
29778  -29.558  -25.670  -16.936 0.6000000238
29798  -31.124  -25.316  -17.156 0.5000000000
29797  -30.278  -25.624  -17.569 0.6000000238
29779  -30.456  -25.481  -16.743 0.6000000238
29814  -30.212  -25.605  -18.162 0.5000000000
29815  -30.962  -25.420  -18.007 0.5000000000
30770  -30.233  -25.187  -18.594 0.5000000000
30789  -31.051  -24.811  -19.009 0.5000000000
33729  -31.756  -20.816  -10.004 0.4000000060
33101  -31.898  -21.278  -10.174 0.4000000060
33738  -31.986  -20.648  -10.714 0.4000000060
34394  -30.190  -19.324  -10.432 0.4000000060
32396  -31.898  -21.967  -11.116 0.6000000238
35094  -26.588  -18.071  -11.636 0.3000000119
100490  -27.309  -18.182  -12.261 0.3000000119
35096  -28.294  -18.543  -11.295 0.3000000119
32408  -31.249  -22.750  -12.848 0.6000000238
35129  -26.815  -17.956  -13.598 0.3000000119
32419  -30.991  -22.788  -13.628 0.6000000238
31636  -29.966  -23.200  -15.387 0.5000000000
31613  -30.252  -23.238  -13.807 0.6000000238
31643  -27.848  -23.140  -16.999 0.6000000238
115800  -29.324  -23.318  -15.814 0.6000000238
31642  -26.656  -22.817  -17.423 0.6000000238
30754  -25.449  -23.362  -18.049 0.6999999881
32449  -27.270  -22.382  -18.653 0.6000000238
118720  -28.088  -24.324  -18.597 0.6999999881
29812  -28.754  -25.062  -18.389 0.5000000000
30788  -30.101  -24.355  -19.080 0.5000000000
34375  -31.136  -20.072  -9.832 0.4000000060
33110  -32.109  -21.325  -10.923 0.4000000060
34396  -31.634  -20.030  -10.831 0.4000000060
34411  -31.298  -19.515  -11.272 0.4000000060
105305  -32.135  -21.446  -11.821 0.4000000060
32410  -31.830  -22.157  -11.773 0.4000000060
32409  -31.859  -22.051  -12.582 0.5000000000
117232  -27.267  -18.015  -12.981 0.3000000119
35130  -27.666  -18.034  -13.585 0.3000000119
100489  -28.055  -18.367  -12.066 0.4000000060
33125  -31.979  -21.649  -13.282 0.4000000060
35131  -28.535  -18.141  -13.443 0.4000000060
32427  -30.747  -22.860  -14.377 0.5000000000
32420  -31.625  -22.228  -13.437 0.6000000238
116729  -30.531  -22.947  -15.014 0.5000000000
31644  -28.990  -23.175  -16.668 0.6000000238
32442  -31.064  -22.290  -16.432 0.5000000000
31657  -27.398  -22.580  -17.905 0.6000000238
31658  -28.483  -22.654  -17.793 0.6000000238
31671  -27.099  -22.841  -18.617 0.6000000238
32464  -27.478  -22.252  -18.838 0.6000000238
31672  -27.875  -23.303  -18.960 0.5000000000
31673  -28.687  -24.084  -18.867 0.5000000000
31687  -29.603  -23.292  -19.512 0.5000000000
31688  -30.721  -23.657  -19.574 0.5000000000
111198  -32.196  -20.808  -11.428 0.4000000060
34412  -31.947  -20.086  -11.573 0.4000000060
33748  -32.194  -20.619  -12.195 0.4000000060
33116  -32.142  -21.210  -12.766 0.4000000060
34417  -31.466  -19.356  -12.126 0.4000000060
33126  -32.160  -21.068  -13.596 0.4000000060
35146  -27.365  -17.888  -14.280 0.3000000119
33137  -31.752  -21.770  -14.899 0.4000000060
33131  -31.909  -21.699  -13.991 0.5000000000
35974  -27.058  -17.625  -14.798 0.3000000119
32435  -31.396  -22.136  -15.682 0.4000000060
32441  -30.440  -22.681  -16.580 0.5000000000
104240  -31.278  -21.891  -17.003 0.4000000060
32451  -29.177  -22.366  -18.227 0.6000000238
32440  -29.710  -22.725  -17.271 0.5000000000
118575  -28.048  -22.264  -18.518 0.6000000238
33149  -30.033  -22.199  -18.138 0.5000000000
31685  -27.804  -22.371  -19.161 0.6000000238
32465  -27.728  -21.991  -19.026 0.6000000238
32450  -28.361  -22.074  -18.744 0.6000000238
33160  -27.912  -22.045  -19.172 0.6000000238
31686  -28.607  -22.968  -19.352 0.5000000000
32481  -29.980  -22.622  -19.850 0.5000000000
31693  -31.723  -23.246  -19.988 0.5000000000
38640  -25.852  -14.476  -16.411 0.3000000119
36846  -26.945  -16.116  -15.959 0.4000000060
37771  -27.707  -15.792  -16.252 0.4000000060
111994  -28.322  -21.919  -19.184 0.5000000000
39455  -26.271  -13.715  -16.767 0.4000000060
33175  -28.460  -22.088  -19.330 0.5000000000
33177  -30.145  -21.231  -19.662 0.5000000000
33178  -30.641  -20.793  -19.437 0.5000000000
32486  -29.274  -21.998  -19.664 0.5000000000
32480  -29.150  -22.365  -19.649 0.5000000000
32487  -29.687  -22.014  -19.971 0.6000000238
32482  -30.761  -22.784  -20.015 0.6000000238
32488  -30.367  -22.079  -20.215 0.5000000000
32489  -31.203  -22.365  -20.392 0.6000000238
109078  -32.155  -22.561  -20.556 0.4000000060
39456  -27.135  -13.703  -17.083 0.4000000060
37772  -28.419  -15.882  -16.364 0.4000000060
33186  -30.308  -21.467  -20.211 0.5000000000
33194  -30.501  -20.460  -20.755 0.5000000000
33188  -32.435  -22.008  -21.166 0.4000000060
33187  -30.900  -21.634  -20.662 0.5000000000
115107  -31.630  -21.989  -20.824 0.5000000000
38670  -28.528  -14.493  -17.235 0.4000000060
40229  -26.789  -12.776  -17.919 0.4000000060
33176  -30.271  -21.230  -20.010 0.5000000000
33792  -30.424  -20.491  -19.999 0.4000000060
33195  -30.801  -20.930  -21.044 0.4000000060
111529  -31.610  -21.353  -21.323 0.4000000060
33196  -32.671  -21.389  -21.767 0.3000000119
33801  -30.382  -20.026  -20.727 0.4000000060
102688  -31.944  -20.747  -21.971 0.5000000000
33813  -32.932  -20.615  -22.137 0.4000000060
33810  -30.569  -20.181  -21.336 0.4000000060
34486  -34.013  -19.973  -21.816 0.4000000060
117311  -31.192  -20.653  -21.517 0.4000000060
108770  -32.723  -19.836  -22.273 0.4000000060
34492  -29.597  -19.047  -22.333 0.4000000060
117481  -33.452  -20.107  -22.127 0.4000000060
107249  -34.398  -19.817  -20.980 0.4000000060
34493  -30.911  -19.485  -22.186 0.4000000060
33812  -31.966  -20.062  -22.254 0.3000000119
34484  -32.521  -19.242  -22.280 0.4000000060
35206  -30.653  -18.882  -22.431 0.4000000060
34485  -33.306  -19.407  -22.043 0.4000000060
102431  -33.970  -19.188  -21.437 0.4000000060
34494  -31.813  -19.387  -22.338 0.3000000119
35197  -32.700  -18.689  -22.164 0.4000000060
35198  -33.432  -18.598  -21.746 0.5000000000
35207  -31.777  -18.745  -22.395 0.4000000060
17097  -25.083  -41.649  -6.141 0.6999999881
115271  -20.820  -38.563  -4.290 0.6999999881
17725  -22.084  -40.318  -1.023 0.6999999881
98595  -23.010  -37.638  -1.659 0.8000000119
17015  -25.175  -41.766  0.750 0.6000000238
17717  -25.689  -40.741  0.665 0.6000000238
18346  -26.268  -39.389  0.057 0.6999999881
21220  -24.884  -35.351  -3.221 0.8000000119
115640  -21.344  -44.196  4.033 0.4000000060
105795  -24.401  -34.209  -10.553 0.8000000119
110013  -26.033  -38.067  1.140 0.6000000238
18327  -20.750  -39.609  2.396 0.5000000000
21178  -27.223  -35.737  -0.184 0.8000000119
100647  -18.286  -33.825  -1.708 0.4000000060
21155  -23.281  -35.731  1.357 0.6000000238
21932  -19.918  -33.893  0.081 0.5000000000
107710  -22.554  -33.359  0.463 0.6000000238
22752  -26.212  -33.026  -0.073 0.6999999881
26211  -27.158  -29.799  -1.654 0.6999999881
29709  -24.975  -25.740  -12.237 0.8000000119
28728  -30.079  -26.768  -9.239 0.6999999881
28736  -29.558  -26.345  -9.906 0.6999999881
111071  -30.643  -25.232  -5.269 0.6000000238
103781  -31.025  -26.428  -8.127 0.6999999881
28729  -30.720  -26.315  -8.808 0.6000000238
29590  -27.929  -26.036  -3.897 0.6000000238
31513  -30.711  -24.099  -5.841 0.5000000000
32370  -31.607  -22.287  -8.460 0.4000000060
31625  -30.040  -23.257  -14.587 0.6000000238
33752  -32.143  -20.446  -13.095 0.4000000060
15774  -26.378  -43.138  -8.013 0.5000000000
17116  -27.211  -41.814  -7.833 0.5000000000
15046  -25.948  -44.307  -5.644 0.6999999881
19831  -27.224  -37.871  -7.745 0.5000000000
108538  -18.798  -44.178  -2.635 0.5000000000
19119  -26.351  -38.111  -8.868 0.6999999881
98290  -22.514  -38.968  -4.251 0.6999999881
17791  -25.797  -40.606  -5.569 0.6999999881
18400  -26.351  -39.782  -4.922 0.6999999881
19087  -24.574  -38.374  -7.032 0.6999999881
18399  -25.831  -39.674  -5.625 0.6999999881
20559  -26.806  -36.477  -9.075 0.6999999881
22026  -28.083  -34.202  -8.189 0.5000000000
22858  -28.079  -33.210  -10.337 0.5000000000
15671  -21.406  -43.703  -0.443 0.6000000238
98289  -23.707  -37.570  -3.755 0.6999999881
20567  -26.164  -36.054  -9.912 0.6999999881
98288  -20.974  -37.527  -3.541 0.8000000119
23682  -30.050  -31.923  -8.980 0.4000000060
14984  -23.327  -44.967  1.457 0.6000000238
14300  -23.214  -45.344  1.999 0.6000000238
16374  -24.423  -41.864  0.262 0.6999999881
13094  -21.369  -47.380  2.069 0.5000000000
21198  -24.201  -35.689  -3.449 0.8000000119
112200  -25.751  -39.268  -0.541 0.6999999881
14953  -23.710  -44.297  2.673 0.6000000238
23694  -27.481  -32.524  -11.757 0.6999999881
24585  -29.456  -31.664  -10.706 0.6000000238
16996  -24.022  -42.067  2.895 0.6000000238
22017  -23.406  -34.294  -7.636 0.8999999762
104250  -23.509  -33.735  -9.552 0.8000000119
24600  -29.468  -31.272  -11.500 0.6000000238
25490  -31.320  -30.447  -10.651 0.4000000060
15614  -20.656  -43.592  3.844 0.3000000119
14942  -23.116  -44.100  3.372 0.5000000000
14941  -22.670  -44.793  3.569 0.5000000000
105123  -22.167  -45.356  3.782 0.5000000000
14940  -21.378  -45.026  4.124 0.4000000060
22005  -24.504  -34.375  -6.343 0.8999999762
18338  -25.352  -39.584  1.886 0.6000000238
111096  -26.240  -37.332  0.832 0.6000000238
111832  -27.296  -36.195  -0.398 0.8000000119
17703  -24.429  -40.286  2.613 0.5000000000
105368  -22.202  -44.085  3.815 0.4000000060
16330  -21.832  -42.648  3.672 0.5000000000
16331  -22.852  -42.737  3.525 0.5000000000
23637  -26.279  -33.293  -6.254 0.8000000119
24620  -28.186  -31.233  -12.562 0.6999999881
27111  -30.382  -28.917  -11.787 0.6000000238
19013  -24.828  -38.956  2.109 0.6000000238
17699  -20.360  -40.316  2.522 0.5000000000
16994  -21.759  -41.084  3.245 0.5000000000
18330  -23.672  -39.526  2.651 0.5000000000
17701  -22.285  -40.300  3.070 0.5000000000
19730  -24.523  -37.317  1.635 0.6000000238
19726  -20.291  -37.409  1.428 0.5000000000
19727  -21.270  -37.362  1.584 0.6000000238
19009  -21.151  -38.877  2.182 0.5000000000
20426  -20.642  -36.688  1.281 0.6000000238
19023  -23.334  -38.146  2.081 0.5000000000
20438  -18.656  -36.174  0.204 0.6000000238
109339  -22.042  -37.655  1.780 0.6000000238
108750  -22.180  -36.944  1.569 0.6000000238
19728  -22.741  -37.564  1.798 0.5000000000
23609  -28.380  -33.041  -3.979 0.6999999881
23670  -24.515  -32.710  -8.731 0.8000000119
23685  -23.703  -32.043  -10.394 0.8999999762
21916  -20.545  -34.554  0.506 0.5000000000
21154  -21.664  -35.731  1.181 0.6000000238
20427  -21.448  -36.474  1.362 0.6000000238
21166  -22.015  -35.003  0.978 0.6000000238
23587  -20.228  -31.729  -0.883 0.4000000060
23570  -20.391  -32.540  -0.345 0.4000000060
22736  -21.793  -33.508  0.441 0.5000000000
22751  -21.207  -32.815  0.124 0.5000000000
24548  -27.713  -31.833  -6.720 0.6999999881
24597  -23.554  -31.322  -10.956 0.8000000119
27920  -29.467  -27.777  -12.473 0.6999999881
22737  -23.248  -33.595  0.574 0.6999999881
23557  -23.853  -33.092  0.386 0.6999999881
23556  -23.078  -32.867  0.316 0.6000000238
101163  -21.838  -30.806  -1.459 0.5000000000
25394  -20.834  -30.212  -2.647 0.4000000060
111037  -26.985  -29.563  -13.492 0.8000000119
23573  -24.478  -32.049  -0.275 0.6000000238
24456  -23.659  -31.791  -0.462 0.6000000238
23574  -25.296  -32.409  -0.093 0.6999999881
23555  -22.187  -32.689  0.217 0.6000000238
26217  -22.290  -29.533  -3.128 0.3000000119
24549  -28.316  -31.367  -6.276 0.6999999881
108495  -22.882  -29.071  -3.524 0.3000000119
26366  -25.710  -28.893  -13.512 0.8999999762
114798  -26.950  -28.744  -13.494 0.8000000119
27934  -28.169  -27.386  -13.154 0.6000000238
25380  -23.424  -30.636  -1.699 0.5000000000
25454  -28.653  -30.713  -6.570 0.6999999881
26313  -26.428  -29.707  -9.913 0.8000000119
27932  -26.468  -27.897  -13.657 0.8000000119
26242  -30.268  -28.999  -4.070 0.6999999881
26273  -29.936  -29.704  -5.428 0.6999999881
28657  -24.539  -27.030  -4.702 0.3000000119
26298  -29.457  -29.412  -7.281 0.6999999881
26287  -30.184  -29.193  -5.978 0.6999999881
27073  -29.173  -29.139  -8.161 0.6999999881
27063  -30.119  -28.980  -6.732 0.6999999881
27874  -29.844  -27.572  -8.911 0.6999999881
27890  -25.467  -27.849  -11.130 0.8000000119
27891  -26.423  -27.595  -11.022 0.8000000119
27905  -25.719  -27.032  -11.422 0.8000000119
26224  -29.265  -29.425  -2.806 0.6999999881
27814  -26.164  -27.157  -3.853 0.5000000000
26241  -29.801  -29.320  -3.461 0.6999999881
26258  -30.526  -28.643  -4.699 0.6999999881
109312  -27.019  -27.200  -3.440 0.5000000000
28660  -26.941  -26.434  -4.036 0.4000000060
27048  -30.750  -28.309  -5.324 0.6999999881
27064  -30.599  -28.612  -6.059 0.6999999881
29617  -25.345  -25.525  -5.229 0.3000000119
28717  -31.123  -26.808  -7.533 0.6999999881
113410  -27.874  -24.710  -4.683 0.3000000119
31510  -27.991  -23.428  -5.384 0.3000000119
109094  -30.930  -27.740  -5.220 0.6999999881
32331  -26.634  -23.039  -5.844 0.3000000119
32332  -27.477  -22.850  -5.775 0.3000000119
29607  -29.763  -25.926  -4.380 0.6000000238
30588  -28.644  -24.736  -4.681 0.4000000060
27837  -31.183  -26.996  -6.146 0.6999999881
28730  -31.158  -25.804  -8.322 0.6000000238
30700  -28.724  -23.937  -12.305 0.8000000119
29765  -28.226  -25.670  -15.963 0.6000000238
29766  -29.159  -25.565  -15.770 0.6000000238
31511  -29.019  -23.455  -5.517 0.3000000119
29606  -28.310  -25.328  -4.322 0.5000000000
32334  -29.073  -22.774  -5.984 0.3000000119
30604  -30.381  -24.566  -5.355 0.5000000000
30613  -31.367  -24.830  -6.712 0.5000000000
33710  -27.579  -20.277  -8.437 0.3000000119
33074  -28.586  -21.252  -7.328 0.3000000119
29674  -31.348  -25.086  -8.518 0.6000000238
116076  -29.084  -25.379  -10.890 0.8000000119
30668  -31.101  -23.952  -10.063 0.6000000238
31595  -28.411  -23.803  -12.870 0.6999999881
101850  -28.765  -25.766  -17.436 0.6999999881
33062  -30.033  -21.977  -6.892 0.3000000119
32359  -30.903  -22.296  -7.125 0.3000000119
34371  -27.542  -19.372  -9.462 0.3000000119
34348  -28.917  -19.743  -9.168 0.3000000119
31574  -31.319  -23.232  -10.686 0.6000000238
29794  -27.050  -25.214  -17.542 0.6999999881
29793  -25.983  -24.642  -17.560 0.6999999881
103564  -31.408  -22.690  -12.053 0.6999999881
30755  -26.606  -24.182  -18.093 0.6999999881
33095  -31.702  -21.230  -9.388 0.4000000060
30767  -26.388  -23.056  -18.425 0.6000000238
31670  -26.844  -22.571  -18.332 0.6000000238
102435  -30.780  -25.259  -18.447 0.4000000060
33737  -31.547  -20.300  -10.221 0.4000000060
100845  -29.112  -18.726  -11.205 0.4000000060
35115  -26.660  -17.941  -12.658 0.3000000119
32428  -31.416  -22.326  -14.230 0.5000000000
32434  -30.672  -22.734  -15.754 0.5000000000
31645  -29.900  -23.095  -16.246 0.5000000000
30768  -27.298  -23.778  -18.481 0.5000000000
35117  -28.552  -18.319  -12.628 0.4000000060
107352  -31.138  -22.495  -14.995 0.5000000000
33759  -32.211  -20.312  -13.953 0.4000000060
110784  -31.808  -21.549  -15.652 0.4000000060
32452  -30.660  -22.315  -17.234 0.5000000000
32479  -28.383  -22.219  -19.404 0.6000000238
37770  -26.350  -15.269  -16.186 0.3000000119
38643  -28.105  -15.139  -16.595 0.4000000060
33161  -29.304  -21.848  -19.450 0.5000000000
33811  -31.151  -20.118  -21.913 0.4000000060
34483  -30.160  -19.586  -21.779 0.4000000060
35199  -33.994  -18.376  -21.148 0.3000000119
14365  -27.609  -45.771  -1.918 0.5000000000
14375  -27.707  -45.692  -3.610 0.5000000000
106922  -24.824  -45.948  -0.423 0.4000000060
14337  -25.337  -45.210  -0.452 0.5000000000
14338  -26.244  -45.318  -0.451 0.5000000000
14352  -26.965  -45.146  -0.892 0.5000000000
15014  -27.357  -45.101  -1.603 0.6000000238
112711  -27.306  -44.357  -2.003 0.6000000238
14351  -23.825  -44.739  -1.477 0.5000000000
15021  -23.058  -44.131  -2.564 0.5000000000
15000  -25.071  -44.493  -0.727 0.5000000000
15674  -25.459  -43.852  -0.878 0.5000000000
15704  -22.502  -44.131  -3.583 0.5000000000
15690  -26.042  -43.321  -1.106 0.6000000238
15691  -26.701  -43.047  -1.654 0.6000000238
15692  -26.965  -43.817  -1.644 0.6000000238
15707  -27.190  -43.556  -2.252 0.6000000238
15720  -27.182  -43.417  -3.133 0.6000000238
16401  -27.039  -42.726  -2.508 0.6000000238
100537  -27.011  -44.121  -3.993 0.6000000238
15733  -26.526  -43.783  -4.723 0.6000000238
114283  -26.920  -43.363  -3.927 0.6000000238
103409  -24.439  -43.968  -1.294 0.5000000000
102247  -25.278  -43.114  -1.262 0.6000000238
15718  -21.695  -44.258  -4.605 0.5000000000
15719  -22.162  -43.322  -4.341 0.5000000000
16387  -25.937  -42.440  -1.523 0.6000000238
114619  -19.175  -44.173  -5.600 0.5000000000
15731  -19.599  -43.820  -6.176 0.5000000000
16388  -26.589  -42.097  -2.071 0.6000000238
16410  -27.013  -42.655  -3.399 0.6000000238
15743  -25.298  -43.695  -6.080 0.6000000238
15705  -22.840  -43.179  -2.980 0.5000000000
16399  -23.678  -42.594  -2.320 0.5000000000
15732  -21.017  -43.410  -5.682 0.5000000000
16408  -21.798  -42.258  -4.885 0.5000000000
16409  -22.576  -42.344  -3.761 0.5000000000
16400  -24.536  -42.092  -1.981 0.6000000238
15039  -18.846  -43.785  -5.931 0.5000000000
15742  -18.928  -43.085  -6.261 0.5000000000
17043  -25.404  -41.794  -1.811 0.6000000238
15038  -18.647  -44.014  -5.216 0.5000000000
15037  -18.622  -43.550  -4.676 0.5000000000
116286  -26.068  -41.653  -1.902 0.6000000238
102317  -26.898  -41.874  -2.847 0.6000000238
109079  -26.815  -41.898  -3.764 0.6000000238
16418  -19.899  -42.769  -6.292 0.5000000000
17071  -21.341  -40.916  -5.355 0.5000000000
17072  -22.279  -41.306  -4.300 0.6000000238
17764  -21.819  -40.198  -4.824 0.6000000238
16417  -18.775  -42.254  -5.599 0.5000000000
16398  -23.146  -42.274  -2.962 0.6000000238
17056  -23.017  -41.515  -3.403 0.6000000238
15029  -18.689  -44.187  -3.937 0.5000000000
17083  -26.656  -41.124  -4.154 0.6000000238
17070  -19.585  -41.430  -4.314 0.5000000000
17095  -19.469  -41.406  -5.751 0.5000000000
17788  -20.074  -40.466  -5.455 0.5000000000
17776  -21.223  -39.588  -5.266 0.6000000238
16407  -19.326  -42.284  -3.854 0.5000000000
15703  -18.919  -43.298  -3.556 0.5000000000
16385  -19.814  -42.484  -2.524 0.6000000238
110563  -20.287  -40.688  -3.822 0.6000000238
17081  -19.819  -40.660  -4.762 0.5000000000
18388  -20.569  -39.577  -4.737 0.5000000000
18389  -20.818  -39.392  -4.904 0.6000000238
104315  -20.005  -41.529  -3.206 0.6000000238
17777  -21.778  -39.352  -4.817 0.6000000238
15670  -20.504  -43.775  -1.027 0.5000000000
15687  -20.082  -43.125  -1.573 0.5000000000
17040  -20.544  -41.457  -2.197 0.6000000238
107840  -20.531  -40.757  -2.885 0.6000000238
17749  -20.724  -39.626  -3.304 0.6000000238
17763  -20.508  -39.887  -4.394 0.5000000000
98758  -21.222  -38.542  -4.700 0.6000000238
25503  -29.810  -30.622  -11.951 0.5000000000
118921  -28.178  -25.750  -14.594 0.5000000000
36048  -34.071  -17.576  -20.923 0.3000000119
36910  -34.739  -16.519  -20.170 0.3000000119
13766  -25.175  -46.766  -0.285 0.4000000060
13768  -26.627  -46.650  -0.543 0.5000000000
14353  -27.332  -45.827  -1.209 0.5000000000
14383  -27.344  -45.429  -4.661 0.5000000000
14336  -23.590  -45.607  -1.463 0.4000000060
15032  -27.359  -44.896  -3.747 0.6000000238
15031  -27.334  -44.244  -2.936 0.6000000238
115778  -27.039  -44.750  -4.583 0.5000000000
15040  -26.638  -44.385  -4.922 0.5000000000
14350  -22.944  -45.649  -2.344 0.4000000060
15019  -22.078  -44.913  -3.772 0.5000000000
119256  -21.194  -44.945  -4.361 0.5000000000
103565  -19.151  -44.516  -4.711 0.3000000119
15018  -18.629  -44.776  -2.933 0.4000000060
14347  -18.263  -45.891  -2.112 0.4000000060
25489  -30.713  -30.776  -10.928 0.4000000060
25504  -30.685  -30.270  -11.397 0.4000000060
28650  -27.643  -26.707  -3.613 0.5000000000
29753  -30.354  -25.467  -14.016 0.5000000000
115769  -33.749  -17.139  -21.272 0.3000000119
37816  -34.771  -15.768  -20.455 0.3000000119
117490  -24.147  -45.973  -0.812 0.4000000060
17057  -23.828  -41.622  -2.620 0.6000000238
14999  -20.131  -44.480  -1.079 0.5000000000
15686  -19.389  -43.403  -2.376 0.6000000238
15022  -27.517  -45.189  -2.640 0.6000000238
108558  -25.663  -46.012  -0.269 0.4000000060
15001  -25.800  -44.514  -0.582 0.5000000000
15002  -26.470  -44.496  -0.788 0.6000000238
15012  -23.572  -44.222  -1.837 0.5000000000
15020  -22.695  -44.877  -2.894 0.5000000000
16419  -20.822  -42.048  -5.924 0.5000000000
109745  -18.676  -42.764  -4.769 0.5000000000
17069  -18.872  -41.952  -4.851 0.5000000000
36047  -33.590  -17.819  -21.499 0.4000000060
117698  -26.938  -45.637  -5.504 0.4000000060
107024  -26.381  -45.592  -6.104 0.4000000060
111901  -19.901  -40.985  2.559 0.4000000060
113667  -20.707  -40.995  3.008 0.3000000119
15615  -21.533  -43.409  3.858 0.4000000060
113755  -19.339  -38.759  1.491 0.4000000060
18326  -20.047  -39.757  2.116 0.4000000060
19748  -17.780  -37.602  -0.387 0.4000000060
19738  -18.226  -37.786  0.335 0.4000000060
19019  -19.790  -38.118  1.486 0.4000000060
119290  -17.260  -37.969  -2.283 0.3000000119
19758  -17.509  -37.589  -1.382 0.3000000119
20469  -17.564  -36.402  -2.740 0.4000000060
19739  -18.772  -37.228  0.651 0.4000000060
19768  -17.384  -37.283  -2.435 0.4000000060
20449  -17.808  -36.959  -0.768 0.5000000000
21196  -17.741  -35.599  -2.537 0.4000000060
21188  -17.789  -35.818  -1.720 0.4000000060
20460  -18.041  -36.107  -0.674 0.5000000000
21197  -17.882  -35.046  -1.961 0.4000000060
31526  -31.159  -24.019  -6.519 0.3000000119
32347  -30.390  -22.679  -6.506 0.3000000119
32348  -31.093  -23.114  -6.798 0.3000000119
115746  -31.441  -22.876  -7.678 0.3000000119
32466  -29.164  -21.919  -18.882 0.4000000060
33727  -30.857  -20.232  -9.262 0.3000000119
34374  -30.499  -19.740  -9.800 0.3000000119
33162  -30.119  -21.575  -18.997 0.4000000060
35073  -29.956  -18.928  -11.101 0.3000000119
100253  -28.855  -18.498  -11.977 0.3000000119
33150  -30.986  -21.660  -17.942 0.4000000060
33163  -30.910  -21.094  -18.822 0.3000000119
114150  -30.424  -21.167  -19.301 0.4000000060
33809  -30.024  -19.667  -21.258 0.3000000119
34410  -30.656  -19.230  -10.987 0.3000000119
35098  -30.668  -18.927  -11.741 0.3000000119
35097  -29.713  -18.648  -11.865 0.3000000119
35120  -30.950  -18.800  -12.620 0.3000000119
34424  -31.572  -19.160  -13.022 0.3000000119
34418  -31.979  -19.842  -12.568 0.3000000119
115016  -30.364  -18.519  -12.996 0.3000000119
35134  -31.008  -18.613  -13.528 0.3000000119
34425  -32.014  -19.652  -13.461 0.3000000119
33132  -32.146  -21.035  -14.429 0.3000000119
35132  -29.259  -18.181  -13.719 0.3000000119
35147  -28.154  -17.944  -14.237 0.3000000119
35976  -28.746  -17.800  -14.801 0.3000000119
33138  -32.097  -21.011  -15.266 0.3000000119
35975  -27.866  -17.710  -14.848 0.3000000119
36848  -28.082  -17.082  -15.689 0.3000000119
33143  -31.600  -21.714  -16.319 0.3000000119
99157  -31.769  -21.138  -17.038 0.3000000119
33780  -31.583  -20.730  -18.069 0.3000000119
38641  -26.780  -14.405  -16.517 0.3000000119
106971  -27.268  -15.174  -16.338 0.3000000119
39478  -25.773  -13.105  -17.099 0.3000000119
34434  -31.707  -18.982  -13.874 0.3000000119
35133  -30.034  -18.318  -13.645 0.3000000119
34442  -31.818  -18.836  -14.702 0.3000000119
33764  -32.201  -20.263  -14.813 0.3000000119
98990  -28.827  -18.011  -14.160 0.3000000119
35148  -29.540  -18.038  -14.413 0.3000000119
35149  -30.559  -18.273  -14.355 0.3000000119
35150  -31.310  -18.589  -14.310 0.3000000119
34443  -32.156  -19.468  -15.207 0.3000000119
33769  -32.189  -20.283  -15.678 0.3000000119
35996  -29.294  -17.548  -15.353 0.3000000119
35157  -30.129  -17.870  -15.098 0.3000000119
33768  -32.027  -21.050  -16.077 0.3000000119
36847  -27.242  -16.941  -15.633 0.3000000119
35995  -28.382  -17.471  -15.311 0.3000000119
33775  -32.152  -20.424  -16.461 0.3000000119
109034  -32.116  -20.094  -17.248 0.3000000119
36863  -27.834  -16.478  -16.002 0.3000000119
38642  -27.676  -14.376  -16.817 0.3000000119
38669  -28.025  -13.705  -17.631 0.3000000119
33786  -31.324  -20.427  -18.947 0.3000000119
34475  -30.707  -19.949  -19.869 0.3000000119
34474  -30.248  -19.790  -20.506 0.3000000119
34473  -29.690  -19.366  -21.177 0.3000000119
35158  -31.220  -18.257  -15.097 0.3000000119
34449  -31.911  -18.730  -15.566 0.3000000119
112762  -32.014  -18.662  -16.349 0.3000000119
36012  -29.669  -17.220  -15.863 0.3000000119
35998  -30.831  -17.756  -15.793 0.3000000119
105275  -31.553  -18.167  -15.996 0.3000000119
108880  -32.200  -19.485  -16.238 0.3000000119
36864  -28.685  -16.588  -16.075 0.3000000119
111619  -31.961  -18.879  -18.149 0.3000000119
37779  -28.939  -15.218  -16.861 0.3000000119
106690  -31.661  -19.057  -18.946 0.3000000119
38683  -28.865  -14.047  -18.057 0.3000000119
114721  -31.347  -19.786  -19.273 0.3000000119
39503  -27.836  -13.176  -18.270 0.3000000119
35191  -30.894  -19.260  -19.844 0.3000000119
34482  -29.036  -19.137  -21.807 0.3000000119
35162  -31.816  -18.215  -16.801 0.3000000119
37774  -29.994  -16.024  -16.885 0.3000000119
36013  -30.493  -17.182  -16.324 0.3000000119
36014  -31.289  -17.638  -16.522 0.3000000119
37773  -29.263  -15.948  -16.552 0.3000000119
36020  -31.188  -17.130  -17.214 0.3000000119
106780  -31.585  -17.761  -17.182 0.3000000119
34454  -32.141  -19.023  -17.258 0.3000000119
38671  -29.300  -14.751  -17.664 0.3000000119
38684  -29.377  -14.530  -18.627 0.3000000119
35183  -31.266  -18.406  -19.351 0.3000000119
39504  -28.416  -13.481  -18.531 0.3000000119
39505  -28.955  -13.875  -19.018 0.3000000119
116671  -30.537  -18.548  -20.088 0.3000000119
35190  -29.793  -19.183  -20.692 0.3000000119
35189  -28.832  -18.877  -21.433 0.3000000119
36866  -30.544  -16.507  -16.993 0.3000000119
36021  -31.579  -17.653  -17.875 0.3000000119
35166  -31.857  -18.305  -17.622 0.3000000119
37780  -29.686  -15.458  -17.278 0.3000000119
37781  -30.408  -15.880  -17.762 0.3000000119
36876  -30.940  -16.553  -17.823 0.3000000119
37790  -29.888  -15.182  -18.223 0.3000000119
39518  -28.613  -13.271  -19.366 0.3000000119
37803  -29.675  -15.116  -19.301 0.3000000119
39519  -29.009  -13.706  -19.948 0.3000000119
38691  -29.248  -14.418  -19.676 0.3000000119
36041  -29.496  -18.163  -20.760 0.3000000119
35196  -28.197  -18.547  -21.992 0.3000000119
35204  -28.439  -18.521  -22.430 0.3000000119
36027  -31.279  -17.562  -18.785 0.3000000119
108200  -30.677  -16.265  -18.443 0.3000000119
36887  -30.968  -16.817  -18.594 0.3000000119
37791  -30.272  -15.748  -18.849 0.3000000119
36886  -30.481  -16.450  -19.240 0.3000000119
35182  -30.699  -17.756  -19.773 0.3000000119
40273  -28.830  -13.030  -20.155 0.3000000119
36909  -28.633  -17.399  -21.183 0.3000000119
38705  -29.156  -14.355  -20.691 0.3000000119
105245  -29.246  -15.097  -20.413 0.3000000119
37804  -29.715  -15.896  -20.034 0.3000000119
36040  -28.163  -18.144  -21.684 0.3000000119
36045  -27.861  -17.983  -22.278 0.3000000119
36054  -30.709  -18.128  -22.593 0.3000000119
35205  -29.345  -18.379  -22.758 0.3000000119
36897  -30.765  -17.097  -19.312 0.3000000119
36896  -29.962  -16.972  -20.243 0.3000000119
39523  -29.139  -13.547  -20.767 0.3000000119
115643  -28.805  -16.536  -21.088 0.3000000119
36908  -28.073  -17.318  -21.826 0.3000000119
36921  -28.783  -16.838  -22.626 0.3000000119
36915  -28.167  -17.165  -22.309 0.3000000119
36053  -29.511  -17.488  -22.811 0.3000000119
36052  -28.366  -17.767  -22.740 0.3000000119
106853  -31.089  -17.098  -22.500 0.3000000119
40290  -29.246  -12.669  -20.894 0.3000000119
37823  -29.046  -15.333  -21.398 0.3000000119
109139  -28.551  -16.391  -21.721 0.3000000119
37832  -29.409  -15.942  -22.294 0.3000000119
36922  -29.949  -16.510  -22.551 0.3000000119
110631  -30.994  -16.141  -22.396 0.3000000119
36046  -32.925  -17.926  -21.982 0.3000000119
36055  -31.988  -17.982  -22.358 0.3000000119
115722  -29.509  -12.064  -21.307 0.3000000119
39534  -29.537  -13.375  -21.448 0.3000000119
38721  -29.312  -14.286  -21.384 0.3000000119
38722  -29.798  -14.034  -21.913 0.3000000119
37824  -29.459  -15.156  -21.886 0.3000000119
117371  -29.841  -15.338  -22.226 0.3000000119
37831  -28.813  -16.217  -22.050 0.3000000119
108998  -32.393  -17.139  -22.147 0.3000000119
15053  -25.859  -44.991  -6.330 0.4000000060
19044  -17.204  -38.461  -1.698 0.3000000119
19725  -19.476  -37.367  1.120 0.4000000060
18337  -20.155  -38.975  1.879 0.4000000060
21940  -18.186  -34.449  -1.413 0.4000000060
33077  -31.296  -21.882  -7.844 0.3000000119
35118  -29.443  -18.384  -12.832 0.3000000119
39479  -26.585  -13.162  -17.367 0.3000000119
39480  -27.295  -13.181  -17.785 0.3000000119
34435  -32.099  -19.513  -14.318 0.3000000119
19038  -17.481  -38.290  -0.752 0.4000000060
19031  -17.487  -38.874  -0.153 0.4000000060
19032  -18.041  -38.697  0.581 0.4000000060
19033  -18.860  -38.117  1.058 0.4000000060
19784  -17.225  -37.179  -3.564 0.3000000119
20459  -17.646  -36.675  -1.583 0.4000000060
35119  -30.243  -18.632  -12.403 0.3000000119
34462  -31.880  -19.706  -18.300 0.3000000119
119032  -29.391  -17.813  -14.937 0.3000000119
36011  -28.930  -17.124  -15.732 0.3000000119
35997  -30.078  -17.506  -15.687 0.3000000119
40250  -27.325  -12.645  -18.467 0.3000000119
36865  -29.664  -16.675  -16.299 0.3000000119
35173  -31.696  -18.309  -18.475 0.3000000119
36877  -31.302  -17.082  -18.048 0.3000000119
40251  -28.062  -12.905  -18.914 0.3000000119
37815  -28.966  -15.776  -21.011 0.3000000119
38734  -30.412  -14.746  -22.202 0.3000000119
24587  -30.952  -30.940  -10.190 0.4000000060
12487  -18.719  -48.578  0.273 0.3000000119
12501  -18.179  -48.254  -0.481 0.3000000119
12451  -18.770  -49.291  1.869 0.3000000119
12502  -18.957  -47.924  -0.267 0.3000000119
21216  -17.696  -35.759  -3.494 0.3000000119
18335  -18.471  -39.929  1.305 0.3000000119
19018  -18.642  -39.065  1.232 0.3000000119
19737  -17.752  -38.231  -0.039 0.3000000119
18336  -19.330  -39.598  1.676 0.3000000119
18344  -17.579  -39.497  0.366 0.3000000119
112819  -18.042  -39.474  0.905 0.3000000119
24575  -30.501  -31.430  -9.613 0.3000000119
11856  -18.327  -49.201  0.904 0.4000000060
12452  -20.283  -48.461  2.567 0.4000000060
12468  -19.153  -48.803  1.201 0.4000000060
13070  -21.492  -47.125  3.623 0.3000000119
13114  -20.346  -47.241  0.337 0.5000000000
13126  -17.597  -47.856  -1.000 0.4000000060
13129  -19.925  -46.829  -0.299 0.5000000000
13147  -18.080  -46.876  -1.491 0.4000000060
13705  -22.179  -46.071  3.541 0.4000000060
13769  -27.216  -46.590  -0.947 0.5000000000
13782  -19.099  -45.628  -1.382 0.5000000000
14277  -20.702  -45.549  4.237 0.4000000060
14279  -22.808  -45.456  3.149 0.5000000000
14289  -23.343  -45.051  2.579 0.6000000238
14318  -22.676  -45.533  1.245 0.6000000238
14335  -21.524  -45.341  0.134 0.6000000238
14339  -26.830  -45.918  -0.666 0.5000000000
14382  -26.565  -45.028  -5.424 0.5000000000
14401  -25.449  -45.095  -7.037 0.4000000060
14983  -22.804  -44.695  0.732 0.6000000238
15010  -19.174  -44.605  -1.725 0.4000000060
15011  -23.262  -44.866  -2.092 0.4000000060
15013  -26.988  -44.428  -1.295 0.6000000238
15078  -25.199  -44.188  -7.756 0.6000000238
15628  -24.118  -43.553  2.519 0.5000000000
15675  -26.087  -43.949  -0.813 0.6000000238
15689  -24.433  -42.923  -1.679 0.6000000238
15706  -23.604  -43.492  -2.053 0.5000000000
15717  -20.265  -44.493  -5.197 0.5000000000
15730  -18.572  -43.290  -5.534 0.5000000000
15744  -26.042  -43.536  -5.311 0.6000000238
16332  -23.782  -42.953  3.073 0.5000000000
16358  -24.953  -42.395  0.976 0.6000000238
16386  -25.125  -42.433  -1.565 0.6000000238
16420  -26.568  -42.874  -4.470 0.6000000238
16431  -19.269  -42.227  -6.196 0.5000000000
16432  -19.956  -41.696  -6.195 0.5000000000
16440  -23.820  -42.153  -6.813 0.6999999881
16463  -25.828  -42.552  -8.246 0.6000000238
16464  -26.715  -42.410  -8.079 0.5000000000
17055  -20.837  -40.356  -2.155 0.6999999881
17059  -25.741  -41.037  -2.075 0.6000000238
17080  -19.131  -41.309  -5.180 0.5000000000
17082  -20.532  -41.106  -5.912 0.5000000000
17096  -20.001  -40.882  -5.859 0.5000000000
17107  -23.380  -41.514  -6.997 0.6999999881
17115  -23.561  -41.439  -7.408 0.6999999881
17718  -26.020  -40.029  0.394 0.6999999881
17750  -23.522  -40.911  -3.229 0.6999999881
17774  -19.686  -40.772  -5.352 0.5000000000
17775  -20.105  -40.132  -5.035 0.5000000000
17789  -20.575  -40.277  -5.451 0.5000000000
17807  -23.936  -40.613  -7.447 0.6999999881
17819  -24.685  -40.406  -8.309 0.6999999881
17821  -26.640  -40.438  -8.210 0.6000000238
18379  -26.336  -39.596  -3.524 0.6999999881
18391  -26.485  -39.593  -4.197 0.6999999881
18409  -24.007  -40.153  -7.231 0.6999999881
18411  -25.102  -39.546  -6.380 0.6999999881
18422  -27.198  -39.779  -7.767 0.5000000000
18431  -24.619  -39.127  -8.435 0.6999999881
19022  -22.452  -38.195  2.068 0.5000000000
19025  -25.552  -38.762  1.568 0.6000000238
19079  -25.903  -38.033  -5.281 0.6999999881
19096  -24.185  -38.060  -7.926 0.6999999881
19106  -24.390  -38.480  -8.203 0.6999999881
19107  -24.718  -38.414  -8.726 0.6999999881
19117  -25.202  -38.280  -9.108 0.6999999881
19118  -25.811  -38.190  -9.202 0.6999999881
19769  -23.473  -36.634  -2.259 0.8000000119
19811  -25.474  -37.191  -5.551 0.6999999881
20428  -22.765  -36.344  1.482 0.6000000238
20431  -25.695  -36.599  1.063 0.8000000119
20537  -23.076  -35.747  -8.096 0.8000000119
20564  -24.198  -35.719  -9.625 0.8000000119
21167  -25.254  -35.195  0.864 0.8000000119
21261  -22.756  -34.849  -8.263 0.8000000119
21278  -27.074  -35.079  -9.904 0.6000000238
21283  -25.449  -35.270  -10.383 0.8000000119
21284  -26.038  -35.344  -10.428 0.8000000119
21910  -22.907  -34.983  1.100 0.8000000119
21922  -26.375  -34.644  0.315 0.8000000119
21931  -19.069  -34.314  -0.249 0.5000000000
21969  -18.055  -34.291  -3.332 0.4000000060
22024  -22.900  -34.437  -8.478 0.8000000119
22029  -22.998  -34.419  -8.999 0.8000000119
22030  -23.402  -34.505  -9.543 0.8000000119
22031  -27.445  -34.345  -9.977 0.5000000000
22032  -27.847  -34.116  -9.165 0.5000000000
22750  -20.408  -33.192  0.044 0.4000000060
22825  -24.864  -33.898  -6.768 0.8000000119
22832  -23.123  -34.014  -8.234 0.8000000119
22833  -23.740  -33.656  -8.032 0.8000000119
22847  -23.586  -33.257  -9.370 0.8000000119
22850  -28.839  -32.932  -8.977 0.5000000000
23622  -28.741  -32.362  -4.326 0.6999999881
23653  -27.335  -32.426  -6.372 0.8000000119
23668  -23.596  -33.086  -9.053 0.8000000119
23686  -23.867  -32.689  -10.937 0.8999999762
23714  -26.747  -32.148  -12.236 0.6999999881
24519  -29.410  -31.200  -4.196 0.6999999881
24555  -26.813  -32.002  -7.883 0.8000000119
24562  -25.011  -31.342  -9.482 0.8000000119
24619  -27.552  -31.383  -12.686 0.6999999881
25515  -23.157  -30.154  -11.834 0.8000000119
25516  -23.368  -30.126  -12.039 0.8000000119
25528  -28.004  -30.398  -13.126 0.6999999881
25529  -28.542  -30.201  -12.831 0.6999999881
26285  -29.029  -30.069  -6.911 0.6999999881
26319  -23.197  -29.870  -11.244 0.8000000119
26320  -23.534  -29.800  -10.864 0.8000000119
26335  -32.284  -29.128  -10.679 0.4000000060
26356  -23.129  -28.604  -12.830 0.8000000119
26994  -25.024  -29.060  -2.792 0.5000000000
27088  -25.822  -29.182  -10.392 0.8000000119
27096  -23.744  -28.853  -10.935 0.8000000119
27134  -28.703  -27.897  -12.797 0.6000000238
27799  -29.599  -27.606  -3.482 0.6999999881
27867  -30.809  -27.489  -7.565 0.6999999881
27902  -22.376  -27.832  -12.000 0.8000000119
27903  -22.911  -28.061  -11.677 0.8000000119
27904  -24.693  -27.269  -11.499 0.8000000119
27941  -23.022  -26.442  -14.138 0.8000000119
28680  -31.183  -26.393  -5.841 0.6999999881
28765  -22.458  -26.898  -12.705 0.8000000119
29608  -30.482  -25.853  -4.874 0.6000000238
29708  -24.191  -26.049  -12.237 0.8000000119
29734  -22.567  -25.817  -13.328 0.8000000119
29736  -28.649  -25.766  -14.171 0.5000000000
30639  -31.537  -24.412  -8.555 0.6000000238
30697  -24.796  -24.380  -13.098 0.8000000119
30738  -24.201  -23.684  -16.938 0.8000000119
31619  -24.045  -23.546  -15.684 0.8000000119
31654  -25.049  -22.855  -17.770 0.6999999881
32371  -31.702  -21.884  -9.053 0.4000000060
33793  -30.891  -20.285  -19.514 0.3000000119
34395  -31.061  -19.668  -10.445 0.4000000060
35116  -27.893  -18.175  -12.827 0.3000000119
35994  -27.557  -17.390  -15.280 0.3000000119
101237  -23.645  -44.337  1.209 0.6000000238
102746  -22.777  -25.476  -13.020 0.8000000119
103574  -27.111  -28.644  -2.382 0.5000000000
104670  -24.418  -45.106  -0.860 0.5000000000
105784  -25.587  -40.329  1.606 0.6000000238
108110  -26.170  -30.213  -13.273 0.8999999762
108248  -25.655  -38.672  -0.960 0.6999999881
108384  -23.918  -34.590  -10.008 0.8000000119
109238  -25.862  -43.813  -8.078 0.5000000000
110098  -25.792  -38.888  -5.675 0.6999999881
110145  -24.615  -34.792  -4.706 0.8000000119
110355  -26.284  -46.111  -0.368 0.5000000000
110610  -26.558  -43.811  -1.160 0.6000000238
110969  -25.368  -40.297  -8.482 0.6999999881
111241  -23.950  -35.695  -6.808 0.6999999881
111430  -25.839  -36.817  -2.118 0.8000000119
112884  -18.698  -36.701  0.438 0.4000000060
113253  -20.436  -39.972  -5.111 0.5000000000
114839  -23.106  -28.675  -11.442 0.8000000119
114896  -25.643  -42.200  -5.592 0.6999999881
115162  -24.021  -37.098  -3.955 0.6999999881
115415  -25.529  -30.050  -13.031 0.8999999762
115912  -25.592  -32.462  -11.938 0.8000000119
116758  -18.432  -45.638  -1.833 0.4000000060
116952  -22.195  -44.637  0.317 0.6000000238
117005  -19.792  -40.846  -5.653 0.5000000000
117753  -23.522  -41.076  -6.979 0.6999999881
117823  -21.691  -32.363  -0.062 0.5000000000
118065  -23.793  -32.572  -10.550 1.0000000000
119668  -23.399  -24.198  -15.811 0.8000000119
