#!ascii label  , from subject sub-v1s20x0050350_ses-1 vox2ras=TkReg
1140
64710  -17.270  -16.900  -30.214 0.5555555820
64711  -18.172  -17.044  -30.824 0.6666666865
65901  -19.546  -16.280  -31.601 0.7777777910
65902  -20.415  -16.385  -31.624 0.7777777910
68270  -20.372  -14.659  -32.617 0.8888888955
68280  -22.217  -14.658  -32.706 0.8888888955
64709  -16.460  -16.812  -29.732 0.5555555820
65891  -16.647  -16.192  -30.067 0.5555555820
67090  -17.947  -15.522  -31.095 0.6666666865
154195  -18.781  -15.704  -31.572 0.8888888955
67098  -20.149  -15.789  -31.828 0.8888888955
69374  -21.879  -13.761  -33.134 1.0000000000
68281  -23.317  -14.764  -33.143 0.8888888955
69385  -23.637  -12.897  -33.776 1.0000000000
68250  -17.428  -14.698  -30.920 0.7777777910
68267  -18.290  -14.021  -32.030 1.0000000000
69370  -18.818  -13.107  -33.180 1.0000000000
69371  -19.491  -13.380  -33.397 1.0000000000
69384  -20.529  -12.879  -34.091 1.0000000000
70389  -21.269  -12.190  -34.239 1.0000000000
70388  -20.313  -11.954  -34.564 1.0000000000
71366  -21.926  -11.480  -34.311 1.0000000000
142205  -23.585  -12.120  -34.083 1.0000000000
71367  -23.023  -11.461  -34.157 1.0000000000
71368  -24.165  -11.414  -34.347 1.0000000000
72397  -23.954  -10.287  -34.339 1.0000000000
72398  -24.821  -10.576  -34.615 0.7777777910
70375  -18.097  -11.841  -33.158 0.8888888955
70377  -19.199  -12.741  -33.810 1.0000000000
71365  -20.881  -11.382  -34.608 1.0000000000
160803  -18.766  -11.295  -34.465 1.0000000000
72394  -20.479  -10.683  -34.916 1.0000000000
142585  -21.915  -9.995  -34.571 1.0000000000
72396  -22.957  -10.071  -34.430 1.0000000000
73580  -23.552  -9.366  -34.431 1.0000000000
73581  -24.624  -9.572  -34.525 1.0000000000
145566  -25.754  -9.856  -35.380 0.8888888955
150952  -25.737  -9.241  -35.556 1.0000000000
73611  -26.178  -9.593  -36.136 0.7777777910
72415  -26.546  -10.273  -36.335 0.7777777910
73577  -18.034  -9.854  -34.571 0.5555555820
74660  -19.177  -8.355  -36.215 0.7777777910
73597  -19.094  -9.746  -35.597 0.8888888955
73599  -20.552  -9.451  -35.354 1.0000000000
72408  -20.918  -10.013  -34.807 1.0000000000
74639  -20.278  -8.927  -35.727 0.8888888955
74640  -21.032  -8.712  -35.461 1.0000000000
74617  -22.037  -8.498  -34.937 1.0000000000
74642  -23.953  -7.809  -34.618 1.0000000000
74644  -25.428  -8.676  -35.221 0.8888888955
74663  -25.533  -7.808  -35.537 1.0000000000
74676  -25.873  -8.138  -36.824 0.8888888955
134078  -25.784  -8.989  -37.946 0.7777777910
72427  -26.821  -9.808  -37.908 0.6666666865
73626  -26.516  -9.719  -38.863 0.6666666865
75747  -17.580  -7.598  -35.457 0.4444444478
74658  -18.200  -8.286  -35.733 0.7777777910
75779  -18.749  -7.270  -37.177 0.6666666865
75762  -20.243  -7.485  -36.695 0.7777777910
75763  -21.139  -7.337  -36.291 0.8888888955
76818  -22.135  -7.067  -35.815 0.8888888955
76819  -23.166  -6.728  -35.456 1.0000000000
157283  -24.687  -6.717  -35.142 1.0000000000
75765  -25.238  -6.872  -35.427 1.0000000000
75782  -25.683  -7.192  -37.214 0.8888888955
142051  -25.716  -8.086  -37.838 0.7777777910
74688  -25.566  -8.649  -38.716 0.7777777910
73627  -27.271  -9.958  -38.639 0.5555555820
136918  -25.596  -9.080  -39.619 0.7777777910
74697  -25.935  -9.138  -40.411 0.6666666865
76848  -18.792  -6.291  -38.186 0.6666666865
75778  -18.243  -7.120  -36.758 0.6666666865
75781  -19.935  -7.038  -37.342 0.7777777910
76841  -20.391  -6.336  -37.597 0.7777777910
76828  -21.664  -6.550  -36.414 0.8888888955
76829  -22.589  -6.273  -35.903 0.8888888955
76843  -22.175  -5.874  -36.396 1.0000000000
77809  -24.346  -5.553  -35.469 1.0000000000
77810  -25.219  -5.736  -35.792 1.0000000000
76831  -25.336  -6.394  -35.792 0.8888888955
76844  -25.634  -6.312  -37.505 0.8888888955
148258  -25.300  -7.279  -39.602 0.8888888955
75809  -25.421  -8.203  -39.336 0.7777777910
76849  -25.659  -6.245  -38.562 0.8888888955
74704  -26.489  -8.841  -40.978 0.6666666865
77820  -18.224  -5.791  -38.055 0.6666666865
143653  -17.774  -6.388  -36.889 0.5555555820
77821  -20.044  -5.926  -38.128 0.7777777910
77822  -20.708  -5.540  -37.738 0.8888888955
137370  -22.252  -5.215  -36.585 0.8888888955
77824  -23.267  -4.547  -35.964 1.0000000000
77825  -24.081  -4.656  -35.586 1.0000000000
77838  -25.668  -5.371  -37.550 1.0000000000
77827  -25.466  -5.471  -36.555 0.8888888955
76855  -24.952  -6.929  -40.488 0.7777777910
76865  -24.879  -7.046  -41.397 0.7777777910
75831  -25.477  -7.809  -41.385 0.6666666865
75832  -27.089  -7.905  -41.810 0.5555555820
75821  -27.486  -8.275  -41.198 0.5555555820
77836  -20.097  -5.212  -38.342 0.7777777910
78849  -19.235  -4.928  -38.650 0.6666666865
78851  -23.564  -3.898  -35.868 1.0000000000
78833  -24.429  -4.199  -35.916 1.0000000000
78853  -25.675  -4.471  -37.511 0.8888888955
158905  -25.752  -5.322  -38.438 0.8888888955
151432  -25.358  -5.140  -40.144 0.8888888955
77844  -25.498  -5.959  -39.581 0.8888888955
77868  -24.502  -6.010  -42.051 0.7777777910
77879  -24.852  -5.965  -43.092 0.7777777910
76882  -24.981  -6.754  -42.279 0.7777777910
75843  -26.459  -7.442  -42.293 0.5555555820
153452  -24.288  -5.113  -42.295 0.7777777910
76908  -25.793  -6.167  -43.396 0.5555555820
76899  -26.522  -6.821  -42.899 0.5555555820
77891  -25.078  -5.400  -44.032 0.6666666865
79854  -17.826  -3.320  -37.876 0.4444444478
143078  -19.291  -4.114  -38.717 0.5555555820
79855  -20.770  -3.829  -37.991 0.7777777910
79856  -21.656  -3.714  -37.239 0.8888888955
146323  -23.981  -3.704  -36.777 1.0000000000
78852  -25.178  -3.694  -36.445 0.8888888955
79870  -25.726  -3.558  -37.655 0.8888888955
78864  -25.762  -4.725  -38.798 0.8888888955
140896  -25.625  -4.064  -39.407 0.8888888955
135307  -24.734  -5.334  -41.376 0.8888888955
77867  -24.226  -5.072  -43.058 0.6666666865
77892  -25.831  -5.414  -44.034 0.5555555820
81753  -21.930  -1.301  -37.907 0.6666666865
80831  -20.466  -2.298  -38.648 0.6666666865
134351  -23.663  -1.086  -36.805 0.7777777910
79868  -24.063  -1.985  -36.900 0.8888888955
80834  -24.786  -1.977  -36.948 0.7777777910
79878  -25.545  -2.566  -37.442 0.7777777910
79879  -25.755  -3.067  -38.768 0.8888888955
134194  -25.610  -2.621  -39.553 0.7777777910
79889  -25.299  -3.462  -40.442 0.7777777910
79901  -24.099  -4.272  -43.006 0.6666666865
80864  -24.629  -2.200  -42.424 0.6666666865
79911  -23.746  -3.168  -44.160 0.6666666865
78907  -23.897  -4.177  -44.047 0.5555555820
81796  -24.468  -1.572  -43.748 0.6666666865
80873  -23.733  -2.094  -44.850 0.5555555820
80896  -23.796  -3.025  -45.179 0.5555555820
77904  -25.151  -4.836  -44.710 0.4444444478
80886  -23.927  -2.111  -45.177 0.5555555820
132130  -20.238  0.787  -39.782 0.3333333433
132780  -20.740  -0.094  -39.387 0.3333333433
132690  -22.325  -0.662  -38.203 0.5555555820
81754  -22.954  -0.873  -36.991 0.6666666865
150614  -23.712  0.088  -38.133 0.5555555820
156513  -23.837  -0.773  -36.833 0.7777777910
156218  -25.474  -1.461  -37.807 0.7777777910
82730  -25.628  -0.581  -38.727 0.6666666865
135899  -25.644  -2.007  -39.537 0.6666666865
81767  -25.760  -1.347  -38.881 0.6666666865
81775  -25.585  -1.464  -40.277 0.6666666865
81784  -25.213  -1.545  -41.816 0.6666666865
155818  -25.163  -0.950  -42.757 0.6666666865
81806  -24.307  -1.355  -45.123 0.5555555820
81807  -24.699  -0.913  -45.121 0.5555555820
132529  -22.107  0.973  -39.165 0.4444444478
132138  -20.804  1.501  -39.795 0.4444444478
132680  -21.357  0.499  -39.281 0.4444444478
150613  -21.923  1.888  -39.692 0.5555555820
155949  -23.005  0.670  -38.634 0.5555555820
132596  -24.512  0.286  -38.205 0.6666666865
150831  -24.783  -0.251  -38.041 0.6666666865
82722  -25.278  0.031  -38.495 0.6666666865
141054  -25.666  -0.683  -41.256 0.6666666865
83707  -24.850  0.143  -44.537 0.6666666865
82774  -24.852  -0.602  -45.121 0.6666666865
84521  -24.492  1.492  -38.779 0.6666666865
132781  -24.906  0.808  -38.427 0.6666666865
83672  -25.715  0.846  -39.175 0.6666666865
82738  -25.773  -0.680  -39.747 0.6666666865
82731  -25.812  0.134  -39.245 0.6666666865
83697  -25.302  -0.204  -42.839 0.6666666865
67106  -19.878  -15.182  -32.276 0.8888888955
67096  -18.449  -14.850  -31.732 1.0000000000
68268  -18.863  -14.330  -32.399 1.0000000000
69372  -20.172  -13.488  -33.508 1.0000000000
70379  -22.711  -13.258  -33.403 1.0000000000
76817  -17.719  -6.873  -36.165 0.5555555820
76832  -25.535  -6.320  -36.470 0.8888888955
78830  -17.699  -5.090  -37.709 0.5555555820
140709  -18.676  -2.841  -38.881 0.5555555820
78831  -20.964  -4.598  -37.740 0.7777777910
77854  -24.856  -6.214  -40.927 0.8888888955
80828  -18.232  -2.814  -38.497 0.2222222239
77903  -24.562  -4.752  -44.531 0.6666666865
80835  -25.335  -1.848  -37.269 0.7777777910
78930  -25.034  -4.340  -45.210 0.4444444478
150673  -23.881  0.920  -38.495 0.6666666865
85461  -24.032  2.114  -39.204 0.6666666865
77807  -17.445  -5.567  -36.894 0.4444444478
82761  -25.089  -0.369  -45.280 0.5555555820
132622  -19.751  2.381  -39.911 0.2222222239
63635  -17.519  -18.319  -29.708 0.5555555820
63645  -18.357  -18.532  -30.209 0.5555555820
64721  -19.143  -17.156  -31.339 0.5555555820
64722  -20.290  -17.186  -31.470 0.5555555820
67109  -22.412  -16.042  -32.186 0.7777777910
67116  -23.028  -15.555  -32.692 0.8888888955
63634  -16.735  -18.142  -29.235 0.5555555820
65910  -20.957  -16.045  -31.679 0.6666666865
67108  -21.533  -15.717  -31.958 0.8888888955
141660  -23.856  -15.449  -33.239 0.7777777910
68282  -24.254  -14.958  -33.694 0.7777777910
157201  -24.351  -13.491  -34.156 0.8888888955
64691  -15.752  -17.265  -28.815 0.4444444478
67078  -16.152  -15.544  -29.707 0.5555555820
70391  -24.418  -12.611  -34.422 1.0000000000
68249  -16.723  -14.170  -30.093 0.2222222239
68260  -17.679  -14.017  -31.457 0.6666666865
71369  -25.059  -11.554  -34.962 0.8888888955
71377  -25.783  -11.816  -35.608 0.6666666865
72409  -26.136  -10.266  -35.752 0.7777777910
71388  -26.875  -10.798  -36.445 0.6666666865
70353  -17.488  -12.544  -31.922 0.5555555820
144246  -27.010  -10.335  -37.039 0.6666666865
155357  -17.476  -11.009  -32.605 0.4444444478
72428  -27.386  -10.029  -37.666 0.5555555820
74690  -27.923  -9.503  -38.425 0.5555555820
74615  -17.314  -8.513  -33.858 0.2222222239
74689  -27.525  -9.465  -39.284 0.5555555820
76816  -17.183  -6.544  -35.542 0.4444444478
132090  -27.644  -8.604  -40.418 0.5555555820
78788  -16.382  -4.739  -35.182 0.3333333433
132817  -27.784  -7.652  -40.546 0.5555555820
78847  -17.987  -4.243  -38.164 0.4444444478
77869  -27.560  -6.304  -41.770 0.4444444478
79844  -17.247  -3.428  -36.952 0.3333333433
137087  -27.308  -5.467  -42.672 0.5555555820
137926  -26.590  -4.259  -44.124 0.4444444478
132123  -19.746  0.068  -39.836 0.3333333433
132753  -19.248  -0.556  -39.837 0.3333333433
81764  -20.161  -0.922  -39.511 0.4444444478
79923  -25.816  -3.470  -44.880 0.4444444478
80875  -25.498  -1.573  -44.685 0.4444444478
81797  -25.461  -0.863  -44.766 0.2222222239
136197  -20.701  2.333  -40.002 0.3333333433
132470  -23.072  2.032  -39.376 0.6666666865
157435  -25.342  1.663  -39.231 0.6666666865
82739  -25.877  0.057  -40.331 0.6666666865
155959  -25.846  0.664  -40.660 0.6666666865
141235  -25.748  1.091  -41.323 0.6666666865
83708  -25.406  0.844  -42.858 0.6666666865
83716  -24.929  0.422  -45.354 0.4444444478
82775  -25.745  0.139  -45.022 0.3333333433
85465  -23.421  2.630  -39.757 0.5555555820
64700  -17.013  -17.514  -29.711 0.5555555820
63644  -17.836  -17.704  -30.279 0.6666666865
64712  -18.742  -17.862  -30.797 0.6666666865
65893  -18.525  -16.342  -31.250 0.6666666865
67097  -19.362  -15.479  -31.908 0.8888888955
68278  -20.470  -13.958  -33.013 1.0000000000
68277  -19.859  -13.967  -32.975 1.0000000000
67107  -20.665  -15.411  -32.089 0.8888888955
67105  -19.230  -14.918  -32.237 1.0000000000
154310  -22.773  -14.047  -33.124 1.0000000000
68271  -21.295  -15.023  -32.375 0.8888888955
68272  -22.090  -15.399  -32.310 0.8888888955
141908  -16.282  -17.379  -29.261 0.4444444478
64699  -15.952  -16.745  -29.313 0.4444444478
65892  -17.571  -16.216  -30.638 0.6666666865
67089  -16.973  -15.366  -30.285 0.5555555820
68279  -21.151  -14.252  -32.820 1.0000000000
69373  -20.948  -13.544  -33.367 1.0000000000
70378  -21.622  -12.958  -33.666 1.0000000000
69375  -23.727  -13.946  -33.594 1.0000000000
153939  -16.775  -14.634  -30.187 0.5555555820
69360  -17.870  -13.332  -31.998 0.8888888955
69361  -18.516  -13.564  -32.557 0.8888888955
70366  -18.132  -12.631  -32.698 0.8888888955
70376  -18.571  -12.299  -33.508 1.0000000000
69383  -19.809  -13.060  -33.956 1.0000000000
70387  -19.693  -12.414  -34.325 1.0000000000
70390  -22.542  -12.296  -33.869 1.0000000000
70386  -18.946  -11.977  -34.186 1.0000000000
71364  -20.055  -11.162  -34.948 1.0000000000
156964  -24.708  -12.059  -34.751 0.8888888955
146617  -22.440  -10.752  -34.391 1.0000000000
72395  -21.402  -10.718  -34.585 1.0000000000
144972  -23.336  -10.788  -34.303 1.0000000000
72399  -25.621  -10.722  -35.259 0.7777777910
71362  -18.413  -10.778  -34.408 1.0000000000
71361  -18.027  -10.668  -33.807 0.5555555820
71342  -17.639  -11.742  -32.510 0.6666666865
71353  -18.353  -11.418  -33.845 1.0000000000
71352  -17.863  -11.159  -33.177 0.5555555820
71375  -19.438  -10.748  -35.152 1.0000000000
71374  -18.863  -10.831  -34.934 0.8888888955
72407  -20.156  -10.136  -35.350 1.0000000000
73578  -21.430  -9.284  -34.836 1.0000000000
73579  -22.474  -9.241  -34.536 1.0000000000
74618  -23.142  -8.482  -34.555 1.0000000000
73600  -24.945  -8.857  -34.692 1.0000000000
141082  -25.900  -8.758  -36.055 0.8888888955
145634  -26.157  -9.149  -37.035 0.7777777910
72421  -26.554  -9.750  -37.059 0.6666666865
73554  -17.725  -9.674  -33.947 0.5555555820
72385  -17.835  -10.125  -33.850 0.5555555820
141938  -17.768  -9.292  -34.431 0.6666666865
73595  -18.046  -9.381  -34.985 0.6666666865
72392  -18.143  -10.308  -34.327 0.7777777910
72393  -18.450  -10.310  -34.885 0.7777777910
74659  -18.761  -8.681  -35.853 0.7777777910
75760  -18.677  -7.872  -36.392 0.6666666865
136361  -19.675  -7.997  -36.466 0.8888888955
73610  -19.213  -9.074  -35.814 0.8888888955
74662  -20.502  -8.165  -36.064 0.8888888955
72406  -19.530  -10.197  -35.441 0.8888888955
73598  -19.772  -9.506  -35.671 1.0000000000
75748  -21.592  -7.895  -35.632 0.8888888955
74641  -22.825  -7.613  -35.103 1.0000000000
75749  -24.806  -7.302  -34.862 1.0000000000
75766  -25.585  -7.083  -36.185 0.8888888955
73620  -26.217  -9.533  -38.029 0.7777777910
73625  -25.869  -9.404  -38.873 0.6666666865
73628  -27.769  -9.828  -37.961 0.5555555820
73633  -26.200  -9.543  -39.683 0.6666666865
75759  -18.120  -7.561  -36.114 0.5555555820
75746  -17.110  -6.995  -34.872 0.3333333433
75737  -17.274  -7.992  -34.505 0.3333333433
74638  -18.341  -9.057  -35.423 0.6666666865
75780  -19.230  -7.226  -37.423 0.6666666865
145201  -19.573  -7.527  -36.993 0.7777777910
76820  -24.142  -6.351  -35.305 1.0000000000
75795  -25.604  -7.404  -38.417 0.7777777910
142240  -25.391  -8.460  -40.210 0.7777777910
74698  -27.325  -9.283  -40.120 0.5555555820
76842  -21.332  -5.931  -37.034 0.8888888955
77826  -24.930  -4.883  -35.750 1.0000000000
74703  -25.711  -8.492  -40.998 0.7777777910
74712  -26.312  -8.088  -41.577 0.6666666865
76826  -17.259  -6.034  -36.214 0.4444444478
77823  -21.491  -5.142  -37.247 0.8888888955
78834  -25.307  -4.562  -36.509 0.8888888955
75842  -25.590  -7.429  -42.020 0.6666666865
76883  -27.147  -7.200  -42.318 0.5555555820
76866  -27.564  -7.399  -41.471 0.5555555820
78848  -18.326  -5.016  -38.417 0.5555555820
78850  -20.061  -4.291  -38.541 0.6666666865
78832  -22.268  -4.373  -36.768 0.8888888955
76898  -25.710  -6.872  -42.744 0.6666666865
78880  -25.225  -4.498  -40.646 0.8888888955
77880  -26.556  -6.024  -43.302 0.5555555820
79865  -18.958  -3.531  -38.794 0.5555555820
152932  -20.288  -3.555  -38.470 0.5555555820
79857  -22.786  -3.354  -36.464 1.0000000000
80822  -22.139  -2.918  -36.614 0.7777777910
80821  -21.073  -2.932  -37.671 0.7777777910
79869  -24.827  -2.889  -36.758 0.8888888955
78908  -26.628  -5.092  -43.730 0.5555555820
80842  -20.874  -1.558  -38.712 0.5555555820
152808  -21.278  -0.812  -38.810 0.4444444478
80832  -21.353  -2.017  -37.554 0.6666666865
152973  -21.990  -2.455  -36.691 0.7777777910
79867  -19.980  -2.959  -38.728 0.7777777910
138145  -19.221  -2.934  -39.064 0.6666666865
149658  -22.973  -2.611  -36.532 0.7777777910
80851  -25.199  -2.358  -40.839 0.6666666865
79902  -24.495  -3.197  -42.319 0.6666666865
80885  -23.669  -2.690  -45.036 0.5555555820
79921  -23.690  -3.425  -44.848 0.5555555820
80887  -24.842  -2.241  -45.196 0.4444444478
156867  -24.307  -1.436  -45.149 0.5555555820
150689  -22.491  0.091  -38.558 0.5555555820
132519  -23.326  -0.463  -37.629 0.6666666865
81766  -25.191  -0.861  -37.983 0.7777777910
82760  -24.658  -0.738  -44.399 0.6666666865
132393  -22.940  1.350  -39.001 0.6666666865
82750  -25.748  0.252  -41.480 0.6666666865
78818  -17.256  -4.734  -36.793 0.4444444478
81752  -18.214  -2.215  -39.031 0.3333333433
135303  -16.768  -6.256  -35.088 0.4444444478
77806  -16.965  -5.170  -36.165 0.4444444478
83717  -25.518  0.666  -45.340 0.3333333433
65912  -23.264  -16.369  -32.482 0.6666666865
63627  -16.029  -18.050  -28.738 0.4444444478
147345  -16.551  -18.794  -28.722 0.5555555820
69386  -25.064  -13.699  -34.934 0.7777777910
65883  -16.084  -16.305  -29.666 0.4444444478
71383  -26.414  -11.001  -35.882 0.6666666865
74616  -17.532  -8.760  -34.286 0.3333333433
74597  -17.479  -9.171  -33.688 0.3333333433
77790  -16.741  -5.578  -35.500 0.4444444478
78817  -16.759  -4.365  -36.081 0.3333333433
139507  -17.097  -4.034  -36.621 0.3333333433
81763  -19.154  -1.479  -39.687 0.3333333433
84561  -24.981  1.124  -44.661 0.6666666865
84569  -25.005  1.585  -45.549 0.4444444478
62622  -22.418  -19.800  -30.930 0.4444444478
63628  -23.760  -18.919  -28.914 0.2222222239
62607  -18.616  -19.867  -29.640 0.4444444478
62608  -19.277  -20.122  -29.946 0.4444444478
63646  -19.263  -18.703  -30.632 0.4444444478
63647  -20.188  -18.929  -30.981 0.4444444478
62629  -21.890  -19.474  -31.301 0.4444444478
63649  -23.056  -19.235  -31.285 0.4444444478
63651  -24.011  -18.248  -30.379 0.2222222239
63657  -20.747  -18.245  -31.342 0.4444444478
63658  -21.800  -18.624  -31.536 0.4444444478
63659  -22.744  -18.603  -31.620 0.4444444478
65884  -24.883  -16.884  -30.266 0.1111111119
65885  -25.406  -16.322  -29.660 0.1111111119
64724  -22.264  -17.828  -31.729 0.4444444478
146552  -24.198  -17.560  -31.635 0.3333333433
64723  -21.346  -17.603  -31.560 0.4444444478
64725  -23.233  -17.828  -31.878 0.3333333433
65904  -24.630  -16.929  -32.021 0.3333333433
135490  -25.324  -16.236  -30.482 0.2222222239
64734  -22.549  -17.172  -31.928 0.4444444478
64735  -24.052  -17.334  -32.200 0.3333333433
65903  -21.119  -16.768  -31.583 0.5555555820
64733  -21.830  -17.147  -31.710 0.4444444478
67099  -25.619  -15.836  -31.967 0.2222222239
67100  -26.083  -15.174  -31.491 0.1111111119
69344  -28.305  -13.772  -30.608 0.1111111119
65915  -25.011  -16.087  -32.987 0.3333333433
67110  -25.435  -15.789  -32.802 0.3333333433
67118  -24.624  -15.644  -33.465 0.4444444478
68288  -25.052  -15.141  -34.114 0.5555555820
68290  -26.238  -14.584  -34.648 0.6666666865
139152  -27.218  -13.669  -33.489 0.4444444478
144827  -25.628  -14.559  -34.865 0.6666666865
70381  -28.672  -12.322  -33.539 0.3333333433
69392  -25.842  -13.699  -35.444 0.6666666865
69394  -27.308  -13.027  -35.535 0.5555555820
70392  -25.243  -12.689  -35.292 0.6666666865
70398  -26.935  -12.618  -35.811 0.5555555820
70393  -27.870  -12.787  -35.297 0.5555555820
70394  -28.557  -12.229  -34.713 0.4444444478
70399  -28.499  -12.059  -35.572 0.3333333433
70397  -26.134  -12.767  -35.689 0.5555555820
71390  -28.203  -11.262  -37.082 0.4444444478
72422  -27.688  -10.621  -37.364 0.5555555820
71385  -27.682  -11.709  -36.534 0.4444444478
72429  -27.961  -10.155  -37.670 0.4444444478
83680  -25.849  0.822  -39.869 0.5555555820
151168  -25.399  1.922  -39.589 0.5555555820
83686  -25.802  1.197  -40.506 0.5555555820
84552  -25.697  1.795  -41.909 0.5555555820
84562  -25.448  1.911  -43.322 0.5555555820
85486  -24.982  2.296  -44.835 0.5555555820
61504  -21.015  -20.430  -30.288 0.4444444478
63637  -23.649  -18.910  -29.948 0.2222222239
149005  -24.689  -17.025  -31.222 0.2222222239
67091  -25.803  -15.542  -30.809 0.2222222239
68251  -26.649  -14.708  -30.603 0.1111111119
68273  -26.369  -14.646  -32.710 0.4444444478
68274  -27.046  -14.027  -32.066 0.3333333433
67120  -25.775  -15.240  -33.248 0.4444444478
139636  -26.765  -14.156  -34.856 0.6666666865
69377  -27.258  -13.661  -34.308 0.4444444478
153981  -29.130  -11.663  -35.900 0.3333333433
72423  -28.572  -10.479  -37.436 0.4444444478
75796  -28.047  -8.615  -38.780 0.4444444478
85471  -25.236  2.798  -40.248 0.5555555820
86316  -24.293  3.557  -40.785 0.5555555820
64713  -19.727  -18.003  -31.144 0.4444444478
69365  -28.434  -12.679  -32.562 0.2222222239
60240  -19.026  -21.515  -28.990 0.4444444478
61495  -20.495  -21.037  -29.694 0.4444444478
61481  -21.060  -21.232  -29.100 0.4444444478
62598  -22.812  -20.133  -29.000 0.2222222239
62599  -23.402  -19.606  -28.509 0.2222222239
63618  -23.977  -19.106  -27.982 0.1111111119
62597  -17.245  -19.527  -28.780 0.4444444478
61493  -18.821  -20.580  -29.431 0.4444444478
63638  -24.120  -18.233  -29.351 0.1111111119
64702  -25.119  -16.862  -29.030 0.1111111119
63629  -24.472  -18.307  -28.274 0.1111111119
134688  -26.071  -16.025  -28.778 0.1111111119
136798  -26.394  -15.167  -29.954 0.1111111119
68253  -28.779  -14.403  -29.937 0.1111111119
69345  -29.322  -13.850  -30.752 0.1111111119
69354  -28.816  -13.277  -31.251 0.1111111119
70360  -29.341  -12.671  -31.947 0.2222222239
71370  -29.471  -11.641  -34.165 0.1111111119
70368  -29.230  -12.260  -32.640 0.2222222239
71380  -29.157  -11.541  -35.063 0.2222222239
71381  -29.801  -11.261  -35.665 0.2222222239
72416  -29.119  -11.101  -36.999 0.3333333433
73621  -28.413  -9.649  -37.688 0.4444444478
74677  -28.523  -8.801  -37.938 0.3333333433
156616  -27.728  -8.908  -39.697 0.4444444478
158492  -28.181  -7.775  -38.704 0.3333333433
80830  -19.569  -2.327  -39.285 0.4444444478
136611  -26.345  -2.680  -44.228 0.3333333433
132752  -22.359  2.581  -39.938 0.4444444478
146426  -24.419  2.612  -39.663 0.5555555820
86311  -24.755  3.021  -40.164 0.5555555820
142523  -25.826  2.468  -41.347 0.5555555820
149801  -25.822  2.635  -42.233 0.5555555820
85487  -25.536  2.945  -43.614 0.5555555820
63636  -17.980  -19.212  -29.556 0.4444444478
62618  -18.860  -19.339  -30.095 0.4444444478
65911  -21.868  -16.486  -31.810 0.5555555820
160060  -22.690  -16.643  -32.127 0.5555555820
67117  -23.952  -16.035  -32.969 0.6666666865
146193  -24.759  -14.393  -34.305 0.6666666865
71378  -26.570  -11.951  -35.924 0.5555555820
71384  -26.981  -11.443  -36.362 0.5555555820
71389  -27.368  -11.060  -36.841 0.4444444478
132087  -27.853  -7.881  -39.421 0.4444444478
65922  -24.603  -16.163  -33.009 0.3333333433
65913  -24.039  -16.645  -32.609 0.3333333433
62621  -21.520  -19.947  -30.888 0.4444444478
62623  -23.163  -19.507  -30.521 0.4444444478
62611  -22.643  -20.021  -29.978 0.3333333433
62610  -21.878  -20.294  -30.242 0.4444444478
62612  -23.259  -19.563  -29.506 0.3333333433
61492  -18.136  -20.038  -29.092 0.4444444478
62619  -19.709  -19.548  -30.460 0.4444444478
61494  -19.585  -20.909  -29.664 0.4444444478
62609  -20.110  -20.337  -30.172 0.4444444478
62620  -20.613  -19.780  -30.721 0.4444444478
63648  -21.127  -19.212  -31.201 0.4444444478
62630  -22.433  -19.233  -31.415 0.4444444478
63650  -23.594  -18.878  -30.919 0.4444444478
63660  -23.416  -18.489  -31.475 0.4444444478
63661  -23.882  -18.179  -31.251 0.4444444478
64701  -24.488  -17.561  -29.779 0.1111111119
64714  -24.370  -17.613  -30.797 0.2222222239
67080  -25.873  -15.710  -29.780 0.1111111119
65905  -25.097  -16.345  -32.400 0.3333333433
65914  -24.581  -16.577  -32.546 0.3333333433
65894  -25.172  -16.409  -31.471 0.2222222239
68261  -26.542  -14.630  -31.700 0.2222222239
68262  -27.323  -14.094  -31.030 0.1111111119
68252  -27.696  -14.295  -30.063 0.1111111119
144039  -27.827  -13.473  -31.464 0.1111111119
158437  -24.986  -15.856  -33.367 0.3333333433
68283  -26.221  -14.656  -33.698 0.4444444478
69376  -26.735  -14.181  -34.098 0.4444444478
70367  -27.790  -13.080  -33.455 0.3333333433
69363  -26.823  -14.068  -33.093 0.4444444478
69364  -27.594  -13.399  -32.541 0.3333333433
71345  -29.710  -11.924  -33.253 0.1111111119
70380  -27.885  -13.001  -34.473 0.4444444478
69393  -26.637  -13.412  -35.519 0.5555555820
69388  -27.180  -13.593  -35.130 0.5555555820
70402  -27.736  -12.303  -35.922 0.5555555820
73622  -29.080  -9.865  -37.420 0.4444444478
84540  -25.776  1.896  -40.807 0.5555555820
85466  -25.105  2.513  -39.745 0.5555555820
61496  -21.395  -20.769  -29.646 0.4444444478
87214  -23.948  4.172  -41.742 0.5555555820
159274  -28.336  -13.010  -31.869 0.2222222239
60251  -19.885  -21.491  -29.324 0.4444444478
158479  -21.701  -20.935  -29.026 0.4444444478
61483  -22.258  -20.699  -28.449 0.2222222239
61497  -22.150  -20.533  -29.419 0.4444444478
64692  -24.618  -17.640  -28.881 0.1111111119
67082  -27.441  -15.107  -28.912 0.1111111119
56527  -19.204  -24.875  -22.243 0.1111111119
56594  -16.390  -24.245  -25.218 0.3333333433
56555  -17.748  -24.801  -23.893 0.2222222239
56540  -18.699  -24.674  -22.995 0.2222222239
56541  -19.506  -24.359  -23.026 0.1111111119
59003  -15.241  -22.274  -26.145 0.3333333433
138743  -15.290  -23.430  -25.424 0.3333333433
56593  -15.549  -24.053  -25.124 0.3333333433
57785  -17.739  -23.725  -25.953 0.3333333433
57786  -18.605  -23.606  -25.743 0.3333333433
56556  -18.353  -24.285  -24.298 0.2222222239
57751  -19.049  -23.857  -24.199 0.2222222239
57752  -19.726  -23.817  -23.747 0.1111111119
60218  -14.812  -20.810  -26.823 0.2222222239
60201  -14.978  -21.526  -26.499 0.2222222239
57797  -15.619  -22.985  -25.847 0.3333333433
57798  -16.444  -23.240  -26.080 0.3333333433
57768  -19.528  -23.494  -24.555 0.1111111119
62585  -15.157  -19.553  -27.521 0.2222222239
60219  -15.600  -21.138  -27.089 0.3333333433
61477  -15.934  -19.807  -27.831 0.3333333433
61478  -16.738  -20.134  -28.207 0.3333333433
60238  -17.156  -20.989  -28.004 0.3333333433
60220  -16.645  -21.609  -27.341 0.3333333433
60221  -17.678  -21.844  -27.855 0.3333333433
57810  -18.358  -22.931  -27.238 0.3333333433
142211  -18.195  -22.469  -27.742 0.3333333433
59006  -19.215  -22.951  -27.078 0.3333333433
59021  -19.646  -22.474  -27.879 0.3333333433
59007  -20.148  -22.424  -27.000 0.3333333433
156655  -20.014  -22.814  -25.541 0.1111111119
58992  -20.381  -22.406  -26.001 0.2222222239
62596  -15.767  -18.881  -28.114 0.2222222239
61479  -17.605  -20.459  -28.574 0.3333333433
59036  -19.215  -22.260  -28.420 0.3333333433
151216  -19.938  -21.986  -28.678 0.3333333433
60202  -20.849  -21.906  -26.442 0.1111111119
63617  -15.003  -18.790  -27.688 0.3333333433
62606  -17.220  -18.783  -29.170 0.3333333433
61480  -18.337  -20.774  -28.904 0.3333333433
60252  -20.419  -21.520  -29.106 0.3333333433
61482  -21.496  -21.221  -28.421 0.3333333433
72417  -30.062  -10.606  -36.699 0.2222222239
74678  -29.082  -9.089  -37.413 0.2222222239
73612  -29.783  -9.633  -37.022 0.2222222239
76856  -27.844  -6.580  -40.653 0.3333333433
132436  -27.942  -6.794  -39.604 0.2222222239
56576  -17.533  -24.558  -24.614 0.3333333433
144103  -18.339  -24.596  -23.594 0.2222222239
57769  -20.161  -23.372  -24.212 0.1111111119
61465  -15.361  -20.339  -27.331 0.3333333433
57799  -17.690  -23.196  -26.677 0.3333333433
57800  -18.482  -23.312  -26.514 0.3333333433
58991  -19.697  -22.909  -26.270 0.3333333433
61466  -16.239  -20.639  -27.612 0.3333333433
152132  -16.415  -19.425  -28.340 0.3333333433
60224  -21.150  -21.544  -27.736 0.3333333433
55394  -17.718  -25.623  -21.909 0.1111111119
55395  -18.554  -25.450  -21.677 0.1111111119
56592  -14.646  -23.703  -25.030 0.3333333433
153827  -15.072  -24.386  -24.699 0.3333333433
134970  -15.853  -24.753  -24.652 0.3333333433
157648  -16.394  -25.101  -24.299 0.3333333433
56554  -17.033  -25.007  -24.149 0.3333333433
56539  -17.967  -24.998  -23.178 0.3333333433
55396  -19.406  -25.351  -21.459 0.1111111119
138092  -19.935  -24.917  -21.836 0.1111111119
57782  -14.640  -22.840  -25.587 0.3333333433
56542  -20.112  -24.501  -22.438 0.1111111119
60200  -14.189  -21.226  -26.339 0.2222222239
57753  -20.609  -23.538  -23.606 0.1111111119
61464  -14.642  -20.143  -27.064 0.2222222239
133219  -20.599  -22.522  -25.139 0.1111111119
60186  -21.129  -21.939  -25.596 0.1111111119
157049  -21.276  -21.617  -26.146 0.1111111119
60203  -21.482  -21.348  -26.757 0.1111111119
61467  -21.863  -21.043  -27.636 0.1111111119
64689  -15.035  -17.365  -28.105 0.1111111119
140468  -29.123  -8.257  -37.547 0.2222222239
77845  -28.123  -5.822  -39.774 0.2222222239
150630  -28.321  -6.061  -38.917 0.2222222239
64698  -15.621  -16.720  -28.915 0.2222222239
69353  -17.253  -13.295  -31.310 0.5555555820
65882  -15.691  -16.154  -29.226 0.3333333433
63626  -15.361  -17.950  -28.262 0.2222222239
132447  -28.697  -7.759  -38.115 0.2222222239
55417  -18.266  -25.155  -22.430 0.1111111119
57783  -16.026  -23.644  -25.588 0.3333333433
146407  -16.752  -24.699  -24.729 0.3333333433
59002  -14.365  -21.988  -25.980 0.2222222239
56595  -17.239  -24.248  -25.280 0.3333333433
56577  -18.064  -24.101  -25.182 0.3333333433
59005  -16.897  -22.912  -26.614 0.3333333433
57767  -18.821  -23.760  -24.913 0.2222222239
57787  -19.388  -23.267  -25.460 0.2222222239
59004  -16.109  -22.585  -26.361 0.3333333433
59017  -15.840  -21.889  -26.717 0.3333333433
59019  -17.440  -22.506  -27.227 0.3333333433
59018  -16.579  -22.310  -26.872 0.3333333433
59020  -18.889  -22.653  -27.857 0.3333333433
57801  -19.091  -23.272  -26.268 0.3333333433
60222  -18.511  -22.096  -28.296 0.3333333433
60239  -18.037  -21.324  -28.486 0.3333333433
60223  -20.433  -22.070  -27.872 0.3333333433
54373  -17.286  -26.041  -21.496 0.1111111119
55438  -17.233  -25.212  -23.437 0.2222222239
56575  -14.314  -24.359  -24.518 0.2222222239
55453  -14.945  -25.039  -24.206 0.3333333433
55454  -15.781  -25.345  -24.040 0.3333333433
55437  -16.488  -25.362  -23.717 0.3333333433
58990  -13.741  -22.442  -25.532 0.2222222239
74664  -29.638  -8.486  -37.064 0.1111111119
73613  -30.625  -9.831  -36.534 0.1111111119
136045  -31.159  -8.213  -35.649 0.1111111119
74665  -30.378  -9.043  -36.534 0.1111111119
75783  -29.456  -7.292  -37.269 0.1111111119
155815  -29.922  -6.856  -36.652 0.1111111119
132088  -28.313  -6.998  -38.659 0.1111111119
76833  -29.704  -6.318  -36.858 0.1111111119
150699  -28.952  -6.752  -37.889 0.1111111119
76845  -29.346  -6.390  -37.360 0.1111111119
151465  -28.675  -6.227  -38.294 0.1111111119
132084  -29.034  -5.913  -37.747 0.1111111119
159910  -27.555  -3.925  -42.434 0.1111111119
79912  -26.807  -3.620  -43.860 0.2222222239
80876  -26.983  -2.208  -43.252 0.1111111119
140973  -27.615  -4.429  -42.076 0.1111111119
80865  -27.781  -2.673  -41.869 0.1111111119
85462  -24.936  2.015  -39.198 0.4444444478
81798  -26.648  -1.358  -43.597 0.1111111119
86314  -22.114  4.184  -41.018 0.4444444478
86310  -23.839  3.124  -40.259 0.4444444478
85472  -25.623  2.810  -40.750 0.4444444478
84576  -25.637  2.144  -46.438 0.3333333433
83722  -25.231  1.333  -45.575 0.2222222239
82762  -26.509  -0.545  -43.994 0.1111111119
82763  -27.965  -0.310  -42.497 0.1111111119
133774  -24.730  3.869  -41.144 0.4444444478
88087  -24.781  4.533  -41.571 0.4444444478
155397  -25.075  5.398  -41.603 0.4444444478
86318  -25.671  3.580  -41.232 0.4444444478
85478  -26.009  3.153  -41.436 0.4444444478
137642  -26.062  3.522  -43.892 0.4444444478
86338  -25.783  3.630  -45.311 0.4444444478
86343  -25.455  3.532  -46.545 0.2222222239
132793  -26.057  3.397  -47.020 0.2222222239
153379  -26.430  2.650  -46.689 0.2222222239
84577  -26.919  2.308  -45.727 0.2222222239
84571  -27.552  1.815  -44.801 0.2222222239
87230  -29.970  4.324  -41.472 0.1111111119
86323  -30.181  3.481  -42.225 0.1111111119
84564  -28.841  1.615  -43.130 0.1111111119
87224  -22.647  4.862  -42.765 0.4444444478
88104  -23.542  4.838  -43.395 0.4444444478
87235  -23.443  4.649  -43.390 0.4444444478
88105  -24.091  5.017  -43.443 0.3333333433
88100  -24.318  4.852  -43.130 0.4444444478
140083  -25.943  5.051  -41.119 0.4444444478
87216  -26.239  4.421  -41.221 0.4444444478
86329  -26.376  3.418  -42.401 0.4444444478
86330  -26.940  3.803  -43.036 0.4444444478
158965  -26.841  5.719  -41.042 0.3333333433
148705  -27.836  3.824  -43.052 0.1111111119
134958  -27.053  3.465  -45.154 0.1111111119
86340  -28.158  3.478  -44.053 0.1111111119
85500  -27.139  2.915  -45.923 0.2222222239
85501  -27.850  3.062  -45.138 0.1111111119
86332  -28.985  3.274  -43.442 0.1111111119
88999  -22.769  5.734  -42.607 0.2222222239
89001  -24.359  5.568  -42.883 0.3333333433
89002  -25.214  6.356  -42.135 0.3333333433
88088  -26.113  6.007  -41.272 0.3333333433
87227  -26.982  4.430  -41.213 0.4444444478
87217  -27.259  5.192  -40.956 0.2222222239
86322  -28.389  4.022  -42.028 0.1111111119
87218  -28.465  5.209  -40.807 0.1111111119
87228  -27.860  4.565  -41.250 0.1111111119
87229  -28.901  4.502  -41.314 0.1111111119
86331  -28.797  3.680  -42.969 0.1111111119
137829  -29.315  3.868  -42.030 0.1111111119
89008  -24.265  6.089  -42.750 0.3333333433
89009  -24.899  6.926  -42.599 0.3333333433
90860  -25.896  9.468  -44.162 0.3333333433
89954  -26.180  8.811  -43.895 0.3333333433
89939  -26.006  7.654  -42.764 0.3333333433
89003  -26.466  7.139  -41.613 0.3333333433
88992  -27.206  6.539  -41.081 0.2222222239
88089  -27.597  6.028  -40.842 0.2222222239
88090  -28.324  5.982  -40.589 0.1111111119
87219  -29.500  5.089  -40.751 0.1111111119
87233  -31.779  4.891  -42.061 0.1111111119
89929  -25.441  8.537  -40.239 0.1111111119
90840  -26.121  9.580  -41.001 0.1111111119
93398  -27.250  12.611  -44.172 0.2222222239
91762  -27.788  10.592  -42.626 0.2222222239
90854  -27.755  9.149  -43.557 0.3333333433
142097  -28.111  9.839  -43.061 0.2222222239
89941  -27.985  8.806  -41.993 0.3333333433
138146  -28.375  8.051  -40.854 0.2222222239
88994  -29.159  6.883  -40.262 0.1111111119
88091  -29.244  5.910  -40.335 0.1111111119
87220  -30.387  5.008  -40.793 0.1111111119
86333  -31.359  4.125  -42.470 0.1111111119
86325  -30.995  3.760  -42.064 0.1111111119
89919  -27.313  8.096  -39.539 0.1111111119
90830  -26.881  8.693  -40.217 0.1111111119
89912  -28.770  7.692  -39.180 0.1111111119
89921  -29.054  7.773  -39.846 0.1111111119
90842  -28.201  8.624  -41.108 0.2222222239
89931  -28.928  7.628  -40.227 0.1111111119
88985  -29.844  7.009  -39.405 0.1111111119
88995  -29.857  6.749  -39.901 0.1111111119
88080  -31.158  5.670  -39.329 0.1111111119
88092  -30.169  5.743  -40.102 0.1111111119
148528  -27.675  7.641  -38.732 0.1111111119
89902  -27.481  7.205  -37.676 0.1111111119
89903  -28.331  7.242  -38.357 0.1111111119
153248  -29.119  7.353  -38.840 0.1111111119
88964  -29.434  5.669  -38.444 0.1111111119
88974  -29.661  6.968  -38.889 0.1111111119
88071  -30.984  5.817  -38.818 0.1111111119
88952  -28.909  5.681  -37.357 0.1111111119
88953  -30.049  5.151  -36.917 0.1111111119
155360  -29.745  4.876  -37.791 0.1111111119
73602  -31.475  -9.371  -35.911 0.1111111119
75767  -29.996  -7.703  -36.664 0.1111111119
75750  -31.621  -8.199  -34.852 0.1111111119
132652  -28.504  -5.221  -39.097 0.1111111119
150510  -28.706  -5.496  -38.329 0.1111111119
77856  -28.324  -4.938  -39.884 0.1111111119
146357  -27.495  -1.847  -42.454 0.1111111119
86315  -23.280  3.702  -41.019 0.4444444478
85493  -24.732  2.719  -46.139 0.4444444478
84585  -24.990  2.683  -46.975 0.3333333433
84570  -26.207  1.368  -45.522 0.2222222239
83718  -26.664  0.845  -44.652 0.1111111119
81785  -27.525  -1.140  -42.483 0.1111111119
87215  -25.361  4.054  -41.255 0.4444444478
84578  -28.037  2.699  -45.031 0.2222222239
85489  -29.346  2.890  -43.176 0.1111111119
88070  -30.233  6.125  -38.984 0.1111111119
88079  -30.333  6.141  -39.311 0.1111111119
88061  -30.370  5.068  -38.607 0.1111111119
75730  -31.337  -7.842  -33.658 0.1111111119
75742  -31.660  -8.215  -34.417 0.1111111119
77855  -27.963  -5.535  -40.675 0.2222222239
78909  -27.243  -4.333  -43.127 0.2222222239
86309  -22.616  3.256  -40.376 0.4444444478
87225  -23.611  4.374  -43.190 0.4444444478
86321  -27.279  4.022  -41.920 0.4444444478
89911  -26.535  7.580  -38.745 0.1111111119
160697  -27.571  7.094  -36.836 0.1111111119
88963  -28.806  6.457  -38.280 0.1111111119
74624  -31.940  -8.477  -34.269 0.1111111119
72418  -31.090  -10.308  -36.221 0.1111111119
74645  -31.931  -8.682  -35.102 0.1111111119
75711  -31.106  -7.679  -32.818 0.1111111119
74605  -31.646  -8.294  -33.357 0.1111111119
145349  -30.863  -6.936  -33.955 0.1111111119
76834  -30.086  -6.207  -36.330 0.1111111119
77796  -29.993  -5.165  -36.018 0.1111111119
150674  -29.439  -5.664  -37.127 0.1111111119
78865  -28.611  -4.415  -39.247 0.1111111119
78835  -28.746  -4.664  -38.467 0.1111111119
132404  -29.075  -4.949  -37.612 0.1111111119
78882  -28.438  -4.131  -39.967 0.1111111119
79891  -28.445  -3.371  -40.188 0.1111111119
80853  -28.392  -2.487  -40.658 0.1111111119
81786  -28.102  -1.782  -41.552 0.1111111119
83710  -28.461  0.676  -42.827 0.1111111119
140417  -28.635  -0.305  -41.485 0.1111111119
87212  -21.674  5.005  -41.844 0.4444444478
87213  -22.844  4.384  -41.918 0.4444444478
84553  -29.341  1.033  -42.367 0.1111111119
84565  -29.371  2.008  -42.590 0.1111111119
89000  -22.987  6.692  -42.307 0.2222222239
89007  -23.646  5.813  -42.862 0.3333333433
89946  -23.761  6.968  -42.561 0.2222222239
90853  -24.586  8.865  -42.972 0.2222222239
85480  -30.738  2.589  -41.898 0.1111111119
90839  -24.606  8.919  -41.316 0.1111111119
91766  -25.627  10.796  -43.858 0.2222222239
86324  -30.758  3.630  -42.161 0.1111111119
89928  -24.219  8.083  -40.542 0.1111111119
89918  -24.945  7.760  -39.518 0.1111111119
89901  -26.663  7.340  -37.882 0.1111111119
89890  -26.636  7.324  -36.768 0.1111111119
89881  -27.655  6.802  -35.209 0.1111111119
88081  -31.981  5.581  -39.227 0.1111111119
88094  -31.511  5.358  -40.026 0.1111111119
140802  -32.496  5.381  -41.465 0.1111111119
88101  -32.534  5.226  -42.464 0.1111111119
89882  -28.160  6.646  -36.337 0.1111111119
135209  -29.142  6.007  -36.104 0.1111111119
87196  -30.884  5.749  -38.677 0.1111111119
88987  -33.040  6.263  -38.708 0.1111111119
88051  -30.874  4.548  -37.614 0.1111111119
78895  -27.746  -5.073  -41.464 0.1111111119
85494  -25.035  3.225  -45.074 0.4444444478
79913  -27.346  -3.294  -42.900 0.2222222239
157708  -24.115  4.371  -43.107 0.4444444478
76821  -30.427  -7.030  -36.090 0.1111111119
77811  -29.789  -5.500  -36.501 0.1111111119
79890  -27.936  -4.162  -41.210 0.1111111119
79903  -27.741  -3.638  -41.840 0.1111111119
80852  -28.122  -3.376  -41.017 0.1111111119
83709  -27.233  0.284  -43.720 0.1111111119
86339  -26.975  3.694  -44.097 0.2222222239
86344  -26.248  3.536  -46.079 0.2222222239
84572  -28.608  2.275  -44.191 0.2222222239
84563  -27.953  1.233  -43.774 0.1111111119
87231  -30.759  4.434  -41.441 0.1111111119
137983  -29.484  3.342  -42.689 0.1111111119
84554  -30.007  1.375  -41.932 0.1111111119
85488  -29.046  2.454  -43.491 0.2222222239
85495  -28.723  2.897  -44.170 0.2222222239
89948  -25.695  8.137  -43.237 0.3333333433
89947  -24.666  7.692  -42.778 0.3333333433
89953  -25.342  8.781  -43.454 0.3333333433
91770  -26.620  10.558  -45.003 0.3333333433
89949  -26.723  8.558  -43.613 0.3333333433
89930  -27.660  7.692  -41.316 0.2222222239
87232  -31.230  4.506  -41.485 0.1111111119
87221  -31.078  4.986  -40.792 0.1111111119
87222  -31.826  5.085  -40.843 0.1111111119
90849  -25.025  9.819  -42.079 0.1111111119
91760  -25.483  10.802  -42.622 0.1111111119
91761  -26.599  11.087  -42.466 0.1111111119
92606  -28.192  11.003  -43.773 0.3333333433
90841  -27.707  9.229  -41.029 0.1111111119
89940  -27.209  8.268  -42.587 0.3333333433
88993  -28.272  7.001  -40.620 0.1111111119
89922  -29.552  7.461  -39.864 0.1111111119
88093  -30.835  5.422  -40.135 0.1111111119
133834  -26.102  8.001  -39.447 0.1111111119
90831  -28.006  8.485  -40.390 0.1111111119
89920  -28.353  8.043  -39.728 0.1111111119
89913  -29.455  7.519  -39.387 0.1111111119
90832  -28.544  8.065  -40.400 0.1111111119
158475  -30.636  5.769  -39.695 0.1111111119
89892  -28.152  6.720  -37.480 0.1111111119
88072  -31.769  5.759  -38.506 0.1111111119
74646  -32.278  -9.456  -35.453 0.1111111119
76810  -31.306  -7.949  -33.828 0.1111111119
78881  -28.131  -4.611  -40.603 0.1111111119
85479  -30.043  2.499  -42.251 0.1111111119
144573  -32.586  5.770  -39.193 0.1111111119
88965  -32.428  6.258  -37.562 0.1111111119
138786  -30.893  -7.057  -33.562 0.1111111119
157529  -28.247  -3.925  -40.575 0.1111111119
85481  -31.236  2.728  -41.954 0.1111111119
91759  -24.808  9.786  -42.913 0.1111111119
89910  -25.524  7.462  -38.709 0.1111111119
133053  -32.264  5.481  -39.881 0.1111111119
87203  -31.393  5.757  -38.439 0.1111111119
88976  -33.064  6.719  -38.105 0.1111111119
88986  -32.457  5.873  -38.689 0.1111111119
55436  -15.181  -25.507  -23.641 0.2222222239
71326  -17.269  -11.828  -31.846 0.2222222239
71341  -17.246  -11.114  -32.114 0.2222222239
160543  -16.467  -15.048  -29.923 0.3333333433
158282  -17.363  -11.368  -32.217 0.3333333433
136149  -21.655  3.178  -40.281 0.3333333433
132546  -20.539  3.728  -40.163 0.2222222239
88085  -21.130  5.615  -41.185 0.1111111119
88086  -21.902  5.573  -42.132 0.1111111119
69352  -16.929  -13.413  -30.625 0.2222222239
81762  -18.297  -1.501  -39.487 0.1111111119
134779  -19.536  1.660  -39.856 0.1111111119
132658  -19.243  2.054  -39.653 0.1111111119
150709  -19.793  4.409  -39.742 0.1111111119
151609  -20.542  5.686  -39.789 0.1111111119
88982  -20.820  6.069  -40.429 0.1111111119
135932  -22.160  6.470  -41.842 0.1111111119
132133  -21.202  2.767  -40.111 0.2222222239
68259  -17.051  -13.996  -30.718 0.3333333433
76799  -16.776  -6.545  -34.735 0.2222222239
132559  -19.985  3.172  -39.995 0.1111111119
139759  -16.969  -7.349  -34.397 0.1111111119
77768  -16.539  -5.732  -35.030 0.3333333433
86313  -21.369  3.928  -40.531 0.3333333433
87211  -21.103  4.876  -40.828 0.3333333433
70352  -17.054  -12.621  -31.245 0.2222222239
158667  -19.811  3.845  -39.854 0.1111111119
87207  -20.108  5.152  -39.692 0.1111111119
152549  -19.452  2.997  -39.751 0.1111111119
87208  -20.474  4.605  -40.210 0.1111111119
132545  -19.431  3.841  -39.749 0.1111111119
132127  -18.670  4.559  -38.396 0.1111111119
87206  -19.707  4.799  -39.481 0.1111111119
69355  -29.862  -13.340  -31.564 0.1111111119
54416  -14.930  -25.835  -23.023 0.1111111119
55414  -15.807  -25.684  -23.223 0.1111111119
54395  -16.163  -25.929  -22.563 0.1111111119
55434  -13.460  -25.566  -23.313 0.1111111119
55452  -13.924  -24.916  -23.968 0.1111111119
56591  -13.867  -23.790  -24.763 0.1111111119
57781  -13.841  -23.176  -25.133 0.1111111119
67061  -15.347  -15.671  -28.627 0.1111111119
139538  -16.714  -10.605  -31.053 0.1111111119
79829  -16.649  -3.543  -36.109 0.2222222239
158972  -16.514  -3.004  -36.055 0.2222222239
72370  -17.379  -10.456  -32.643 0.1111111119
72371  -17.662  -10.508  -33.194 0.1111111119
132021  -12.740  -26.029  -22.772 0.1111111119
54415  -14.182  -25.909  -22.965 0.1111111119
54394  -15.452  -26.148  -22.503 0.1111111119
55415  -16.665  -25.579  -22.956 0.1111111119
55433  -12.466  -25.310  -23.249 0.1111111119
56553  -12.943  -24.789  -23.857 0.1111111119
57766  -13.176  -23.528  -24.728 0.1111111119
58989  -13.081  -22.070  -25.382 0.1111111119
59001  -13.662  -21.725  -25.830 0.1111111119
61449  -14.314  -20.594  -26.658 0.1111111119
68233  -15.847  -14.828  -29.059 0.1111111119
71325  -17.069  -12.000  -31.410 0.1111111119
79821  -14.861  -3.428  -34.480 0.2222222239
151051  -16.852  -2.616  -36.475 0.2222222239
80820  -17.474  -2.373  -37.238 0.1111111119
54393  -14.524  -26.433  -22.387 0.1111111119
156975  -17.472  -2.817  -37.330 0.2222222239
137050  -17.912  -2.320  -38.165 0.1111111119
67088  -16.377  -14.803  -29.765 0.1111111119
78801  -16.206  -3.992  -35.150 0.2222222239
72384  -17.505  -9.886  -33.248 0.1111111119
142261  -15.729  -15.501  -29.218 0.1111111119
60199  -13.840  -20.663  -26.310 0.1111111119
61448  -14.102  -20.074  -26.695 0.1111111119
62584  -14.441  -19.436  -27.140 0.1111111119
65869  -15.304  -16.420  -28.621 0.1111111119
56574  -13.433  -24.255  -24.400 0.1111111119
55435  -14.435  -25.468  -23.530 0.1111111119
67077  -15.975  -15.004  -29.385 0.1111111119
70340  -16.918  -12.950  -30.625 0.1111111119
54414  -13.585  -26.304  -22.611 0.1111111119
80799  -15.021  -2.144  -34.448 0.1111111119
56573  -12.573  -23.965  -24.250 0.1111111119
57765  -12.443  -23.138  -24.529 0.1111111119
67041  -14.980  -16.046  -28.219 0.1111111119
67042  -15.068  -15.505  -28.003 0.1111111119
68248  -16.394  -14.524  -29.605 0.1111111119
132386  -16.343  -0.844  -35.517 0.1111111119
150532  -16.910  -1.284  -36.387 0.1111111119
132645  -18.812  0.245  -39.830 0.1111111119
78787  -14.985  -4.384  -34.151 0.1111111119
81761  -17.920  -0.841  -39.394 0.1111111119
132747  -19.182  0.975  -39.819 0.1111111119
55416  -17.453  -25.409  -22.670 0.2222222239
56557  -18.931  -24.222  -23.621 0.2222222239
57784  -16.839  -23.804  -25.764 0.3333333433
57788  -20.056  -23.017  -24.842 0.1111111119
60241  -20.767  -21.638  -28.511 0.3333333433
67081  -26.673  -15.322  -29.140 0.1111111119
67111  -25.938  -15.249  -32.362 0.2222222239
67119  -25.285  -15.611  -33.404 0.4444444478
68269  -19.552  -14.519  -32.596 1.0000000000
68289  -25.572  -15.028  -33.990 0.5555555820
69362  -19.173  -13.832  -32.870 1.0000000000
69387  -26.424  -14.175  -35.235 0.6666666865
71363  -19.430  -11.481  -34.700 1.0000000000
71376  -19.905  -10.613  -35.250 1.0000000000
71379  -27.167  -12.043  -36.179 0.5555555820
71386  -29.575  -11.301  -36.383 0.3333333433
72405  -18.932  -10.311  -35.338 0.8888888955
72424  -29.371  -10.420  -37.204 0.2222222239
73582  -25.277  -10.010  -34.819 0.7777777910
73596  -18.487  -9.760  -35.280 0.6666666865
73601  -25.344  -9.355  -34.960 0.8888888955
73634  -26.934  -9.770  -39.593 0.6666666865
73639  -26.688  -9.380  -40.352 0.5555555820
74619  -24.180  -8.670  -34.519 1.0000000000
74637  -17.743  -8.694  -35.035 0.3333333433
74643  -24.881  -8.128  -34.721 1.0000000000
74661  -19.713  -8.670  -35.957 0.8888888955
74705  -27.199  -8.963  -40.870 0.6666666865
74713  -26.998  -8.492  -41.363 0.5555555820
75761  -19.130  -7.750  -36.839 0.6666666865
75764  -23.930  -7.035  -34.989 1.0000000000
75768  -30.390  -7.005  -36.054 0.1111111119
75820  -25.166  -7.727  -40.714 0.7777777910
76827  -20.776  -6.796  -36.934 0.7777777910
76830  -24.980  -6.201  -35.354 0.8888888955
76839  -18.331  -6.574  -37.549 0.6666666865
76840  -19.500  -6.564  -37.952 0.7777777910
77791  -23.467  -6.046  -35.573 1.0000000000
77808  -23.142  -5.405  -35.816 1.0000000000
77819  -17.852  -5.910  -37.471 0.4444444478
77834  -18.761  -5.603  -38.442 0.7777777910
77835  -19.410  -5.790  -38.388 0.7777777910
77837  -23.941  -4.139  -35.646 1.0000000000
77881  -27.100  -6.499  -42.720 0.5555555820
77890  -24.250  -5.021  -43.973 0.6666666865
78802  -16.369  -4.064  -35.443 0.2222222239
78894  -24.641  -4.385  -41.712 0.8888888955
78919  -23.955  -4.210  -44.658 0.6666666865
78920  -25.749  -4.548  -44.688 0.4444444478
78929  -24.452  -4.311  -45.052 0.4444444478
79828  -16.262  -3.524  -35.521 0.2222222239
79845  -17.505  -4.157  -37.387 0.3333333433
79864  -18.396  -3.490  -38.482 0.5555555820
79866  -19.599  -3.573  -38.762 0.5555555820
79922  -24.520  -3.013  -45.326 0.5555555820
79932  -23.858  -3.685  -45.099 0.5555555820
79933  -24.411  -3.705  -45.331 0.4444444478
80805  -15.567  -1.987  -35.233 0.2222222239
80813  -16.955  -2.869  -36.605 0.2222222239
80829  -18.787  -2.258  -39.381 0.4444444478
80833  -22.627  -1.755  -36.873 0.6666666865
80843  -25.788  -2.144  -38.403 0.7777777910
80874  -24.134  -2.423  -43.588 0.6666666865
81751  -17.863  -1.502  -39.023 0.1111111119
81755  -24.650  -1.184  -36.923 0.7777777910
81765  -24.323  -0.452  -37.310 0.7777777910
82729  -18.412  -0.559  -39.713 0.1111111119
83671  -25.493  0.612  -38.773 0.6666666865
84522  -25.304  1.301  -38.886 0.6666666865
84523  -25.605  1.355  -39.429 0.6666666865
84530  -25.677  1.572  -40.036 0.5555555820
84575  -25.040  2.091  -46.166 0.3333333433
84586  -25.808  2.867  -47.294 0.3333333433
85467  -25.496  2.279  -40.146 0.5555555820
85499  -24.901  3.249  -46.932 0.3333333433
85506  -25.094  4.005  -47.258 0.2222222239
85507  -25.442  3.517  -47.635 0.3333333433
85508  -25.957  3.244  -47.408 0.2222222239
85509  -26.283  3.078  -47.008 0.2222222239
85513  -25.223  4.126  -46.928 0.2222222239
85516  -25.406  3.774  -47.595 0.2222222239
86317  -25.125  3.349  -40.727 0.4444444478
86320  -26.400  3.865  -41.428 0.4444444478
86337  -24.961  3.294  -46.100 0.2222222239
86345  -26.826  3.229  -46.061 0.2222222239
86349  -25.418  3.745  -47.570 0.2222222239
86350  -25.886  3.290  -47.444 0.2222222239
87226  -23.911  4.535  -43.599 0.4444444478
88078  -20.578  5.397  -40.371 0.1111111119
88099  -22.781  5.041  -43.008 0.4444444478
88975  -32.548  6.263  -38.083 0.1111111119
88990  -21.381  6.278  -41.246 0.1111111119
90855  -28.046  10.189  -44.328 0.3333333433
90859  -25.035  9.451  -43.554 0.3333333433
90861  -27.099  9.475  -44.486 0.3333333433
90862  -27.633  10.681  -45.210 0.3333333433
91752  -25.965  10.526  -41.855 0.1111111119
91753  -27.206  10.119  -41.782 0.1111111119
91754  -28.139  9.525  -41.874 0.2222222239
91771  -28.141  11.266  -44.761 0.3333333433
91775  -26.438  11.760  -44.969 0.3333333433
91776  -27.051  11.537  -45.412 0.3333333433
91777  -27.638  11.515  -45.281 0.2222222239
92604  -26.203  11.885  -43.268 0.2222222239
92605  -27.323  11.866  -43.422 0.2222222239
92611  -26.684  12.604  -43.939 0.2222222239
92612  -28.009  11.959  -44.177 0.2222222239
92616  -26.372  12.285  -44.217 0.2222222239
92617  -27.815  12.193  -44.840 0.2222222239
92621  -27.142  12.060  -45.315 0.2222222239
93397  -26.708  12.759  -44.326 0.2222222239
93401  -26.574  12.393  -44.844 0.2222222239
93402  -27.099  12.807  -44.715 0.2222222239
132126  -19.130  4.978  -38.870 0.1111111119
132137  -21.627  -0.199  -38.841 0.5555555820
132183  -25.547  3.498  -47.591 0.2222222239
132798  -25.449  3.897  -47.591 0.2222222239
135041  -19.481  4.378  -39.563 0.1111111119
136530  -20.795  -21.836  -27.160 0.3333333433
139737  -28.579  -11.653  -36.369 0.4444444478
140412  -25.575  3.502  -47.618 0.2222222239
141146  -16.599  -4.737  -35.582 0.3333333433
143834  -18.653  -4.226  -38.594 0.5555555820
146223  -18.874  -6.856  -37.755 0.6666666865
147622  -17.128  -23.427  -26.259 0.3333333433
149747  -23.370  -17.037  -32.198 0.3333333433
150196  -23.781  -17.924  -31.737 0.3333333433
150598  -15.621  -1.256  -35.139 0.2222222239
150723  -23.680  1.601  -38.918 0.6666666865
153705  -25.151  -15.515  -33.698 0.4444444478
153835  -20.024  -1.745  -39.283 0.5555555820
155366  -25.148  -3.891  -45.316 0.4444444478
156696  -25.244  -0.489  -38.328 0.6666666865
157016  -24.553  5.468  -42.610 0.4444444478
157192  -25.001  -16.638  -30.873 0.2222222239
157995  -26.736  11.924  -45.246 0.2222222239
158074  -18.780  -9.308  -35.623 0.7777777910
