#!ascii label  , from subject sub-v1s20x0050362_ses-1 vox2ras=TkReg
917
84085  51.606  12.555  0.315 0.0000000000
120947  52.367  7.816  -7.869 0.0000000000
84214  57.412  12.156  -13.176 0.0000000000
119755  49.575  -0.489  -12.732 0.0000000000
80568  49.739  6.041  0.022 0.0000000000
84140  59.497  12.919  -5.934 0.0000000000
79377  50.815  3.846  -12.368 0.0000000000
126057  50.435  12.117  -6.908 0.0000000000
83017  58.160  10.349  -4.330 0.0000000000
81828  53.806  8.682  -2.125 0.0000000000
79307  49.846  4.556  -4.853 0.0000000000
85497  52.033  14.126  -13.393 0.0000000000
110309  51.430  8.615  -11.671 0.0000000000
81898  57.459  8.705  -11.897 0.0000000000
80685  52.106  6.023  -18.111 0.0000000000
85473  49.123  14.158  -9.441 0.0000000000
83587  55.968  10.612  -0.789 0.0000000000
82977  53.099  9.649  -0.233 0.0000000000
79957  49.290  5.297  -2.289 0.0000000000
127920  55.084  13.394  -9.091 0.0000000000
85463  52.612  14.628  -8.686 0.0000000000
84822  54.559  14.017  -12.425 0.0000000000
83654  53.705  11.579  -10.722 0.0000000000
114925  54.801  9.379  -12.665 0.0000000000
125411  55.091  9.474  -6.588 0.0000000000
82468  57.304  9.996  -8.261 0.0000000000
81881  54.648  8.327  -9.687 0.0000000000
128298  50.341  0.986  -15.884 0.0000000000
79389  52.096  4.655  -15.653 0.0000000000
78004  49.341  2.441  -16.175 0.0000000000
80046  49.054  5.529  -15.327 0.0000000000
119495  48.446  2.019  -12.872 0.0000000000
76360  47.979  1.302  -8.256 0.0000000000
83559  49.461  11.585  0.354 0.0000000000
82393  51.012  9.375  -0.100 0.0000000000
109181  58.716  12.479  -9.966 0.0000000000
79341  50.417  4.351  -7.912 0.0000000000
80629  51.845  6.352  -10.186 0.0000000000
77980  50.674  2.258  -10.407 0.0000000000
77167  51.558  0.857  -13.017 0.0000000000
84115  61.550  13.201  -3.112 0.0000000000
83585  57.813  11.446  -1.557 0.0000000000
112621  55.643  9.394  -3.216 0.0000000000
81852  52.699  8.925  -5.116 0.0000000000
81190  51.383  7.653  -1.267 0.0000000000
81197  50.365  7.640  -3.570 0.0000000000
127809  49.977  5.980  -6.382 0.0000000000
78673  51.076  2.888  -6.182 0.0000000000
84694  47.751  13.166  1.908 0.0000000000
86116  50.662  15.745  -10.091 0.0000000000
86140  49.327  14.999  -12.820 0.0000000000
84185  51.514  12.629  -10.649 0.0000000000
82470  51.339  9.904  -8.723 0.0000000000
81883  48.571  8.556  -10.060 0.0000000000
83615  61.210  12.529  -5.347 0.0000000000
83055  60.747  11.588  -9.326 0.0000000000
82506  59.105  9.800  -14.053 0.0000000000
80643  53.538  6.525  -12.634 0.0000000000
80657  55.523  6.832  -15.871 0.0000000000
81927  55.752  8.628  -15.842 0.0000000000
81939  52.113  7.871  -15.553 0.0000000000
81269  48.918  7.648  -12.919 0.0000000000
85467  47.797  14.941  -9.295 0.0000000000
85484  47.624  14.779  -11.473 0.0000000000
83570  53.595  11.354  -0.271 0.0000000000
83571  52.728  11.104  -0.256 0.0000000000
84806  56.518  13.317  -11.081 0.0000000000
84808  55.108  14.075  -10.709 0.0000000000
84821  56.199  13.234  -12.188 0.0000000000
83665  55.233  12.229  -12.104 0.0000000000
83074  56.014  10.509  -12.776 0.0000000000
81865  53.692  8.880  -7.269 0.0000000000
82458  54.770  9.153  -8.191 0.0000000000
81233  53.194  8.000  -8.490 0.0000000000
76394  50.225  0.309  -15.232 0.0000000000
78002  49.792  1.682  -16.180 0.0000000000
125621  49.125  0.818  -15.875 0.0000000000
119800  48.693  1.573  -14.908 0.0000000000
76386  48.663  0.532  -12.762 0.0000000000
76374  48.521  0.537  -10.817 0.0000000000
75557  49.305  -0.781  -10.776 0.0000000000
82386  48.968  9.427  0.206 0.0000000000
84161  57.559  12.449  -7.821 0.0000000000
84160  58.929  12.480  -7.391 0.0000000000
78685  50.568  3.409  -7.730 0.0000000000
78699  50.546  3.649  -9.337 0.0000000000
77976  51.011  2.046  -8.860 0.0000000000
77166  52.654  0.685  -11.760 0.0000000000
76380  53.125  0.199  -12.221 0.0000000000
76384  52.618  0.023  -12.704 0.0000000000
82402  54.935  9.158  -1.086 0.0000000000
82401  55.577  9.338  -1.699 0.0000000000
82413  54.278  9.056  -2.948 0.0000000000
82420  54.004  9.212  -4.012 0.0000000000
81838  52.464  8.652  -3.538 0.0000000000
109775  50.577  7.105  0.291 0.0000000000
81802  51.719  8.314  0.047 0.0000000000
81172  50.909  6.888  0.017 0.0000000000
79297  49.538  4.755  -3.402 0.0000000000
80580  49.472  6.330  -2.843 0.0000000000
80590  49.563  6.373  -4.474 0.0000000000
81204  49.812  6.983  -4.906 0.0000000000
79318  49.762  5.036  -5.469 0.0000000000
79330  49.952  5.040  -6.228 0.0000000000
128989  50.274  3.936  -5.195 0.0000000000
77918  52.821  2.463  -5.494 0.0000000000
85481  52.660  14.764  -11.621 0.0000000000
85464  51.969  15.014  -9.099 0.0000000000
85482  51.816  14.975  -11.372 0.0000000000
86124  50.422  15.602  -11.353 0.0000000000
84825  50.487  14.111  -13.186 0.0000000000
84810  50.354  13.394  -11.791 0.0000000000
84816  51.493  13.326  -13.127 0.0000000000
82485  53.403  9.958  -10.482 0.0000000000
83059  52.750  10.601  -9.538 0.0000000000
111712  51.855  9.224  -10.301 0.0000000000
82478  50.464  9.028  -9.680 0.0000000000
122692  50.519  8.618  -10.869 0.0000000000
83608  59.486  11.447  -3.445 0.0000000000
84124  61.370  12.781  -3.737 0.0000000000
83016  59.159  10.869  -4.724 0.0000000000
112804  57.294  9.587  -9.961 0.0000000000
83048  59.276  10.505  -8.728 0.0000000000
82483  58.298  9.914  -10.471 0.0000000000
83069  59.673  10.814  -11.836 0.0000000000
81905  58.315  8.954  -12.822 0.0000000000
80023  51.461  5.520  -11.505 0.0000000000
80635  52.590  6.443  -11.417 0.0000000000
80030  52.200  5.814  -12.785 0.0000000000
79403  51.887  4.860  -17.957 0.0000000000
80669  53.967  6.286  -16.022 0.0000000000
80684  53.669  6.803  -17.669 0.0000000000
81304  55.886  7.668  -16.708 0.0000000000
81306  53.706  7.185  -17.611 0.0000000000
81938  53.043  7.989  -15.890 0.0000000000
81294  52.545  7.600  -16.769 0.0000000000
113761  48.434  4.436  -12.482 0.0000000000
80653  48.955  6.789  -13.957 0.0000000000
123116  48.242  5.491  -11.495 0.0000000000
80638  48.145  6.401  -11.313 0.0000000000
84755  59.344  13.632  -4.565 0.0000000000
85458  49.091  14.173  -7.181 0.0000000000
84789  50.290  13.015  -7.957 0.0000000000
84096  55.946  12.412  -0.432 0.0000000000
84097  55.093  12.367  -0.270 0.0000000000
82975  54.708  9.880  -0.461 0.0000000000
81810  53.560  8.638  -0.685 0.0000000000
79949  49.322  5.724  -1.364 0.0000000000
84798  54.131  14.192  -9.370 0.0000000000
113942  53.906  14.607  -10.773 0.0000000000
85495  53.865  14.098  -12.806 0.0000000000
84198  52.937  12.744  -12.382 0.0000000000
84206  54.470  12.908  -12.238 0.0000000000
82491  54.748  10.537  -11.514 0.0000000000
82500  53.413  8.994  -12.141 0.0000000000
82435  56.913  9.872  -5.288 0.0000000000
82444  57.628  10.202  -6.542 0.0000000000
82446  55.872  9.623  -6.932 0.0000000000
126359  55.907  9.448  -8.790 0.0000000000
81888  55.668  8.349  -10.634 0.0000000000
78719  50.641  2.655  -14.303 0.0000000000
79383  51.417  4.282  -13.901 0.0000000000
78725  50.502  2.497  -15.801 0.0000000000
78732  50.781  3.421  -17.056 0.0000000000
79405  50.587  4.328  -18.037 0.0000000000
80679  50.050  5.586  -17.166 0.0000000000
79399  49.090  3.474  -16.170 0.0000000000
78720  48.566  3.570  -14.032 0.0000000000
110241  48.406  2.969  -12.290 0.0000000000
115389  48.497  0.343  -9.089 0.0000000000
83558  50.307  11.726  0.147 0.0000000000
83573  50.863  11.054  -0.204 0.0000000000
82969  49.967  10.851  -0.057 0.0000000000
82385  50.017  9.134  0.070 0.0000000000
81165  49.938  6.854  0.434 0.0000000000
84164  55.066  12.733  -7.447 0.0000000000
84182  56.968  12.702  -9.386 0.0000000000
125636  58.256  12.569  -11.476 0.0000000000
80615  50.694  6.041  -8.316 0.0000000000
80620  52.161  6.860  -9.485 0.0000000000
80010  50.681  5.147  -9.379 0.0000000000
79364  50.673  4.249  -10.552 0.0000000000
78709  50.589  3.045  -11.850 0.0000000000
77148  50.989  1.740  -10.196 0.0000000000
77160  50.945  1.615  -11.068 0.0000000000
77991  50.553  2.129  -12.503 0.0000000000
77174  51.308  0.635  -14.058 0.0000000000
75579  51.308  -0.244  -13.697 0.0000000000
75572  50.909  -0.584  -13.223 0.0000000000
74695  50.484  -1.301  -10.696 0.0000000000
122635  59.686  12.542  -1.819 0.0000000000
82998  58.455  10.860  -2.989 0.0000000000
83586  56.891  11.032  -1.181 0.0000000000
83000  57.008  9.957  -1.883 0.0000000000
82425  57.333  9.886  -4.017 0.0000000000
112269  55.098  9.544  -5.084 0.0000000000
82438  53.784  9.303  -5.873 0.0000000000
81860  52.219  8.464  -6.425 0.0000000000
82392  52.190  9.222  -0.128 0.0000000000
109103  52.651  8.253  -0.569 0.0000000000
81820  52.218  8.105  -1.581 0.0000000000
81183  49.887  6.779  -2.147 0.0000000000
81191  50.592  7.514  -2.388 0.0000000000
81830  51.888  8.321  -2.804 0.0000000000
127311  51.316  8.379  -4.536 0.0000000000
81854  50.998  8.008  -5.828 0.0000000000
80607  50.746  6.859  -7.315 0.0000000000
130693  50.146  5.449  -6.866 0.0000000000
108948  50.372  3.950  -7.172 0.0000000000
77934  51.074  2.689  -6.886 0.0000000000
78662  51.065  3.035  -5.500 0.0000000000
130412  52.328  2.434  -6.004 0.0000000000
84705  49.529  12.979  1.033 0.0000000000
84079  48.820  12.754  1.182 0.0000000000
84081  46.787  12.137  1.814 0.0000000000
86098  50.722  15.754  -8.174 0.0000000000
127505  49.776  16.765  -10.470 0.0000000000
115581  48.590  14.390  -11.586 0.0000000000
84800  50.328  13.318  -9.768 0.0000000000
84176  50.811  12.457  -8.351 0.0000000000
84184  52.375  11.997  -10.222 0.0000000000
83648  52.087  11.482  -9.122 0.0000000000
83043  51.366  10.796  -7.855 0.0000000000
112576  61.059  12.453  -6.601 0.0000000000
83034  59.406  10.693  -6.577 0.0000000000
83040  60.988  11.616  -7.652 0.0000000000
84158  61.381  12.268  -7.964 0.0000000000
84179  60.835  12.189  -9.385 0.0000000000
84193  59.484  11.792  -11.859 0.0000000000
83669  58.816  10.962  -13.812 0.0000000000
119962  53.312  7.273  -10.037 0.0000000000
81259  53.993  7.103  -11.328 0.0000000000
125156  55.170  7.392  -12.267 0.0000000000
80660  52.997  6.082  -14.231 0.0000000000
80650  54.530  6.508  -14.103 0.0000000000
81266  56.411  7.623  -12.978 0.0000000000
81273  57.859  7.839  -15.157 0.0000000000
82517  58.330  9.202  -15.168 0.0000000000
82507  57.475  9.781  -14.777 0.0000000000
82519  55.394  8.953  -14.498 0.0000000000
81918  53.175  8.477  -13.825 0.0000000000
81919  52.298  8.463  -13.308 0.0000000000
81297  49.966  6.953  -15.376 0.0000000000
81276  49.960  7.740  -13.829 0.0000000000
110336  49.826  8.245  -12.148 0.0000000000
81260  48.345  7.898  -11.739 0.0000000000
77120  47.610  1.628  -7.087 0.0000000000
86126  46.569  15.235  -10.987 0.0000000000
86135  46.946  15.333  -11.990 0.0000000000
121632  52.450  12.603  0.285 0.0000000000
84099  52.980  12.018  -0.115 0.0000000000
84100  52.120  11.914  -0.100 0.0000000000
84814  56.906  13.158  -11.869 0.0000000000
109261  56.076  13.569  -11.744 0.0000000000
84204  56.595  12.495  -12.739 0.0000000000
83664  56.100  11.777  -12.761 0.0000000000
129887  56.863  11.875  -13.233 0.0000000000
81866  53.107  8.394  -7.657 0.0000000000
75581  49.723  -0.253  -13.975 0.0000000000
76395  49.676  0.274  -15.108 0.0000000000
117077  49.141  0.385  -14.610 0.0000000000
77188  48.696  0.851  -15.048 0.0000000000
75574  49.086  0.034  -13.379 0.0000000000
75566  49.008  -0.137  -12.270 0.0000000000
75565  49.434  -0.644  -11.704 0.0000000000
84768  58.647  13.157  -5.274 0.0000000000
84141  58.080  12.690  -5.960 0.0000000000
116047  58.819  12.627  -6.535 0.0000000000
77963  51.213  2.189  -8.174 0.0000000000
77964  50.753  2.716  -8.480 0.0000000000
76379  53.678  0.089  -11.859 0.0000000000
75570  53.179  -0.073  -12.271 0.0000000000
111974  50.400  11.079  -6.522 0.0000000000
81827  54.406  8.832  -1.483 0.0000000000
124240  54.927  9.101  -1.741 0.0000000000
81837  53.399  8.861  -3.240 0.0000000000
81164  50.264  6.627  0.175 0.0000000000
80575  50.239  6.510  -0.282 0.0000000000
109195  49.521  5.074  -4.102 0.0000000000
79973  49.419  5.798  -4.090 0.0000000000
126644  49.573  5.548  -4.848 0.0000000000
85488  52.867  14.467  -12.681 0.0000000000
85489  51.900  14.610  -12.646 0.0000000000
86132  50.909  15.040  -12.374 0.0000000000
86138  51.088  14.301  -13.297 0.0000000000
109101  51.241  13.869  -13.590 0.0000000000
82493  52.680  9.292  -10.893 0.0000000000
82486  52.660  9.863  -9.919 0.0000000000
81901  51.910  8.889  -11.096 0.0000000000
81891  50.928  8.910  -10.271 0.0000000000
81890  51.209  8.751  -10.948 0.0000000000
83007  58.785  10.816  -3.824 0.0000000000
83617  59.834  11.439  -4.247 0.0000000000
81887  56.700  9.212  -10.308 0.0000000000
82475  57.885  9.936  -9.562 0.0000000000
82484  57.448  9.306  -10.982 0.0000000000
108693  58.326  9.657  -11.396 0.0000000000
79369  51.095  4.739  -11.922 0.0000000000
80031  51.611  5.328  -12.365 0.0000000000
79376  51.271  4.516  -12.840 0.0000000000
79411  51.631  5.267  -18.199 0.0000000000
80059  53.051  6.295  -17.575 0.0000000000
80066  52.825  6.532  -17.859 0.0000000000
80683  54.142  7.079  -17.598 0.0000000000
81312  52.601  6.716  -17.954 0.0000000000
81307  52.997  7.221  -17.698 0.0000000000
81308  52.121  7.171  -17.543 0.0000000000
78710  48.367  3.827  -11.927 0.0000000000
79371  48.381  5.243  -12.261 0.0000000000
120245  48.318  4.648  -11.680 0.0000000000
80025  48.142  4.865  -10.931 0.0000000000
85466  48.513  14.611  -8.841 0.0000000000
85459  48.471  14.707  -7.744 0.0000000000
85465  49.168  14.184  -8.224 0.0000000000
113830  49.677  13.571  -7.583 0.0000000000
84790  49.835  13.603  -8.813 0.0000000000
84717  55.556  13.098  -0.036 0.0000000000
127401  54.425  12.431  -0.084 0.0000000000
82976  53.410  10.462  -0.285 0.0000000000
118682  54.212  10.605  -0.364 0.0000000000
121958  53.944  9.736  -0.339 0.0000000000
120490  54.392  9.199  -0.580 0.0000000000
82390  53.713  9.050  -0.345 0.0000000000
84784  54.580  13.192  -7.868 0.0000000000
84788  54.488  13.641  -8.663 0.0000000000
84797  54.802  13.878  -9.656 0.0000000000
85478  55.003  14.202  -11.626 0.0000000000
85479  54.380  14.495  -11.459 0.0000000000
85486  54.513  14.253  -12.230 0.0000000000
85487  53.757  14.394  -12.484 0.0000000000
84823  54.120  13.750  -12.682 0.0000000000
83070  55.415  11.030  -12.081 0.0000000000
120043  54.832  11.344  -11.575 0.0000000000
111406  54.311  9.570  -11.870 0.0000000000
82436  55.535  9.602  -5.962 0.0000000000
126451  56.381  9.773  -6.045 0.0000000000
81872  54.591  8.728  -8.913 0.0000000000
81871  55.224  9.187  -8.823 0.0000000000
129213  55.060  8.791  -9.367 0.0000000000
81880  55.624  9.119  -9.425 0.0000000000
81889  55.061  8.216  -10.322 0.0000000000
77997  50.479  1.793  -15.404 0.0000000000
117164  49.651  2.227  -16.282 0.0000000000
78733  50.102  2.864  -16.576 0.0000000000
78740  50.343  3.651  -17.372 0.0000000000
79406  49.952  3.905  -17.473 0.0000000000
79398  49.438  4.024  -16.864 0.0000000000
131408  48.631  2.091  -13.875 0.0000000000
125942  48.723  2.517  -14.515 0.0000000000
113449  48.517  2.830  -13.366 0.0000000000
77986  48.328  2.214  -11.602 0.0000000000
77169  48.370  1.311  -11.258 0.0000000000
75549  48.815  -0.216  -10.360 0.0000000000
122457  48.802  -0.224  -9.518 0.0000000000
113047  49.409  8.514  0.345 0.0000000000
115719  49.750  7.540  0.490 0.0000000000
84172  57.646  12.513  -8.653 0.0000000000
84173  56.540  12.643  -8.543 0.0000000000
84181  58.126  12.528  -9.367 0.0000000000
84190  57.482  12.748  -10.278 0.0000000000
84189  58.635  12.477  -10.829 0.0000000000
80622  50.907  5.879  -9.049 0.0000000000
80003  50.554  5.207  -8.524 0.0000000000
118272  50.538  2.964  -9.833 0.0000000000
79357  50.604  4.386  -9.736 0.0000000000
125279  50.559  3.687  -10.050 0.0000000000
78704  50.558  3.200  -10.767 0.0000000000
110658  52.188  1.288  -9.664 0.0000000000
108889  51.615  1.054  -11.931 0.0000000000
77168  50.897  1.562  -12.148 0.0000000000
77175  50.955  1.445  -13.389 0.0000000000
75571  52.554  -0.230  -12.574 0.0000000000
75578  52.024  -0.072  -13.253 0.0000000000
74708  51.664  -0.522  -12.782 0.0000000000
74701  51.316  -0.944  -11.821 0.0000000000
84107  58.541  12.417  -1.292 0.0000000000
83584  58.840  11.863  -1.997 0.0000000000
83598  59.179  11.578  -2.692 0.0000000000
83599  58.147  11.048  -2.238 0.0000000000
83567  56.395  11.654  -0.743 0.0000000000
82411  56.059  9.421  -2.474 0.0000000000
82400  56.365  9.638  -1.754 0.0000000000
82410  56.868  9.699  -2.459 0.0000000000
82417  57.298  9.834  -3.119 0.0000000000
82418  56.538  9.581  -3.395 0.0000000000
82427  55.635  9.509  -4.170 0.0000000000
128681  53.629  9.244  -4.628 0.0000000000
82429  54.150  9.404  -4.998 0.0000000000
108975  52.915  8.993  -5.947 0.0000000000
81853  52.169  8.655  -5.542 0.0000000000
82979  50.658  10.336  -0.200 0.0000000000
82978  51.460  10.249  -0.245 0.0000000000
81181  51.383  7.458  -0.280 0.0000000000
81811  51.940  7.901  -0.143 0.0000000000
117041  51.986  7.833  -0.617 0.0000000000
80576  49.766  6.412  -1.240 0.0000000000
127471  49.367  6.121  -2.097 0.0000000000
81192  49.879  7.020  -3.133 0.0000000000
81831  51.008  8.136  -3.153 0.0000000000
81839  51.575  8.409  -3.789 0.0000000000
81840  50.825  8.129  -4.085 0.0000000000
80595  49.959  6.700  -5.752 0.0000000000
81210  50.325  7.518  -5.348 0.0000000000
111753  50.496  7.369  -6.073 0.0000000000
81219  51.039  7.553  -6.713 0.0000000000
80602  50.366  6.790  -6.570 0.0000000000
79990  50.318  6.146  -7.083 0.0000000000
79329  50.279  4.144  -6.453 0.0000000000
78674  50.636  3.325  -6.825 0.0000000000
77902  52.227  2.586  -4.751 0.0000000000
77932  52.896  2.277  -6.395 0.0000000000
114359  49.936  13.519  1.404 0.0000000000
84693  48.493  13.306  1.729 0.0000000000
115400  48.140  12.759  1.477 0.0000000000
83552  48.169  12.043  1.074 0.0000000000
84080  47.517  12.452  1.600 0.0000000000
86115  51.316  15.404  -9.554 0.0000000000
86106  51.351  15.343  -8.601 0.0000000000
86107  50.756  15.769  -9.058 0.0000000000
86736  50.141  16.498  -7.813 0.0000000000
86742  50.321  16.253  -8.639 0.0000000000
86746  50.141  16.370  -9.600 0.0000000000
86133  49.947  15.277  -12.461 0.0000000000
86141  48.453  15.206  -12.747 0.0000000000
85491  48.194  14.681  -12.266 0.0000000000
85490  48.892  14.494  -12.506 0.0000000000
84799  50.725  13.077  -10.752 0.0000000000
109948  50.128  13.492  -10.870 0.0000000000
117951  50.461  13.050  -8.828 0.0000000000
84186  51.011  12.676  -9.466 0.0000000000
84191  53.037  12.216  -11.092 0.0000000000
83655  53.029  11.561  -10.256 0.0000000000
82477  52.091  10.126  -9.185 0.0000000000
83050  52.239  10.857  -8.944 0.0000000000
83051  51.676  10.556  -8.458 0.0000000000
83642  51.677  11.132  -8.253 0.0000000000
83052  51.092  10.287  -8.013 0.0000000000
82459  50.359  10.032  -7.628 0.0000000000
82471  50.603  9.702  -8.429 0.0000000000
81882  49.578  8.747  -9.800 0.0000000000
84114  62.180  13.998  -3.471 0.0000000000
83606  61.620  12.938  -4.483 0.0000000000
84131  61.842  13.677  -4.410 0.0000000000
124764  61.502  13.192  -4.910 0.0000000000
84766  61.366  13.413  -4.891 0.0000000000
84138  61.071  12.645  -5.731 0.0000000000
82455  57.469  10.130  -7.397 0.0000000000
83026  58.488  10.445  -6.144 0.0000000000
83035  58.563  10.416  -7.099 0.0000000000
83047  60.414  10.961  -8.922 0.0000000000
83041  60.224  10.880  -8.167 0.0000000000
83039  60.955  11.633  -8.588 0.0000000000
83629  61.265  12.209  -7.456 0.0000000000
83636  61.282  12.230  -8.290 0.0000000000
84169  61.351  12.117  -8.737 0.0000000000
83645  60.816  11.885  -9.581 0.0000000000
82489  59.339  10.246  -12.612 0.0000000000
83658  59.650  11.243  -12.099 0.0000000000
83662  59.408  11.009  -13.125 0.0000000000
84202  59.312  11.462  -12.752 0.0000000000
83077  59.077  10.403  -14.099 0.0000000000
81243  52.778  7.205  -9.563 0.0000000000
81252  52.633  6.843  -10.135 0.0000000000
80644  52.739  6.330  -12.269 0.0000000000
80634  53.391  6.683  -11.741 0.0000000000
80633  54.156  6.899  -12.144 0.0000000000
81258  54.761  7.377  -11.761 0.0000000000
81268  54.829  7.126  -12.565 0.0000000000
79390  51.546  3.991  -15.162 0.0000000000
80045  51.897  4.942  -14.385 0.0000000000
80044  52.522  5.482  -14.853 0.0000000000
80658  54.718  6.466  -15.330 0.0000000000
80659  53.799  6.281  -14.759 0.0000000000
80649  55.427  6.775  -14.648 0.0000000000
81275  56.125  7.247  -13.983 0.0000000000
110699  57.134  7.629  -14.059 0.0000000000
81274  56.980  7.419  -14.948 0.0000000000
81935  56.194  8.218  -16.642 0.0000000000
81934  57.009  8.234  -16.557 0.0000000000
82528  56.725  8.693  -16.149 0.0000000000
83083  58.268  9.801  -14.809 0.0000000000
128163  56.297  9.055  -15.376 0.0000000000
118531  56.454  9.508  -14.508 0.0000000000
81929  53.607  8.351  -15.003 0.0000000000
81930  52.652  8.228  -14.769 0.0000000000
128583  52.447  8.334  -14.065 0.0000000000
123146  51.795  8.157  -14.343 0.0000000000
80671  49.606  6.083  -15.960 0.0000000000
80670  50.385  6.545  -16.527 0.0000000000
81278  48.728  7.074  -13.166 0.0000000000
81288  49.583  7.237  -14.397 0.0000000000
81277  49.239  7.467  -13.556 0.0000000000
81921  50.328  8.133  -13.124 0.0000000000
81922  49.478  7.954  -12.984 0.0000000000
129687  48.540  7.872  -12.161 0.0000000000
125894  47.888  5.827  -10.085 0.0000000000
80630  47.864  6.701  -10.479 0.0000000000
76354  48.046  1.113  -7.586 0.0000000000
86108  47.354  15.262  -8.630 0.0000000000
85475  47.430  14.881  -10.319 0.0000000000
85474  48.330  14.545  -10.198 0.0000000000
84098  53.788  12.188  -0.079 0.0000000000
131110  52.903  10.382  -0.254 0.0000000000
84796  55.535  13.433  -9.782 0.0000000000
119712  55.795  13.615  -10.622 0.0000000000
84815  55.296  13.885  -11.998 0.0000000000
117713  55.134  13.389  -12.173 0.0000000000
84205  55.874  12.691  -12.384 0.0000000000
82447  54.284  9.285  -6.734 0.0000000000
109067  55.008  9.380  -7.360 0.0000000000
131280  54.348  9.102  -7.588 0.0000000000
108665  53.964  8.629  -8.182 0.0000000000
81873  53.943  8.208  -9.081 0.0000000000
128390  50.112  0.636  -15.806 0.0000000000
76399  49.716  0.575  -15.807 0.0000000000
77193  49.074  0.999  -16.342 0.0000000000
77187  48.829  1.060  -16.036 0.0000000000
77998  49.029  1.915  -15.633 0.0000000000
77181  48.575  1.378  -13.934 0.0000000000
117194  48.504  1.173  -13.099 0.0000000000
120575  48.464  1.313  -12.197 0.0000000000
76382  48.610  0.534  -11.749 0.0000000000
75558  48.887  -0.203  -11.279 0.0000000000
75548  49.254  -0.812  -9.893 0.0000000000
83560  48.666  11.379  0.564 0.0000000000
121210  49.187  10.882  0.257 0.0000000000
82971  48.500  10.375  0.404 0.0000000000
84152  56.410  12.495  -6.671 0.0000000000
84151  57.582  12.470  -6.817 0.0000000000
109361  58.402  12.408  -8.148 0.0000000000
126134  58.623  12.433  -8.729 0.0000000000
79352  50.538  4.373  -8.889 0.0000000000
78695  50.543  3.552  -8.549 0.0000000000
123818  50.572  2.998  -9.104 0.0000000000
77977  50.778  2.288  -9.461 0.0000000000
77158  52.890  0.911  -10.743 0.0000000000
77165  53.531  0.494  -11.573 0.0000000000
76381  52.379  0.394  -12.615 0.0000000000
76385  51.934  0.184  -13.321 0.0000000000
84108  57.324  11.948  -0.973 0.0000000000
82389  55.047  9.509  -0.734 0.0000000000
82990  55.742  9.686  -1.068 0.0000000000
82412  55.120  9.229  -2.537 0.0000000000
82419  54.885  9.301  -3.546 0.0000000000
81845  53.060  9.030  -4.325 0.0000000000
82384  50.940  8.398  0.184 0.0000000000
81803  51.243  7.563  0.138 0.0000000000
130242  49.361  5.052  -2.935 0.0000000000
129683  49.314  5.825  -2.623 0.0000000000
79963  49.362  5.568  -3.261 0.0000000000
80585  49.505  6.389  -3.665 0.0000000000
81198  49.811  7.067  -4.062 0.0000000000
81203  50.269  7.620  -4.495 0.0000000000
80596  49.663  6.292  -5.147 0.0000000000
79982  49.751  5.760  -5.651 0.0000000000
79317  50.089  4.376  -5.675 0.0000000000
78663  50.568  3.589  -5.838 0.0000000000
77901  53.180  2.502  -4.615 0.0000000000
77917  53.759  2.479  -5.212 0.0000000000
114317  53.212  14.708  -10.488 0.0000000000
111819  52.597  14.779  -9.687 0.0000000000
85471  52.459  14.864  -10.633 0.0000000000
85472  51.908  15.106  -10.132 0.0000000000
86123  51.163  15.346  -10.776 0.0000000000
86139  50.230  14.541  -12.926 0.0000000000
84818  49.729  14.230  -12.864 0.0000000000
84817  50.482  13.669  -12.960 0.0000000000
84809  51.057  13.075  -12.014 0.0000000000
83064  53.759  10.706  -10.389 0.0000000000
83646  53.300  11.044  -9.939 0.0000000000
83058  53.209  10.435  -10.011 0.0000000000
130146  52.047  9.644  -9.674 0.0000000000
111054  51.380  9.458  -9.530 0.0000000000
110356  50.780  9.451  -9.069 0.0000000000
122607  50.098  8.646  -10.400 0.0000000000
81892  49.248  8.439  -10.650 0.0000000000
83597  60.403  12.171  -3.190 0.0000000000
83607  60.628  12.081  -3.929 0.0000000000
130467  60.833  12.106  -4.630 0.0000000000
83616  60.378  11.595  -5.120 0.0000000000
108973  57.217  9.802  -9.094 0.0000000000
83042  58.244  10.302  -8.010 0.0000000000
83049  58.054  10.158  -8.848 0.0000000000
83057  58.790  10.294  -9.615 0.0000000000
83056  60.018  10.786  -9.715 0.0000000000
83062  60.420  11.450  -10.064 0.0000000000
82490  59.185  10.263  -11.450 0.0000000000
116433  58.742  9.663  -12.268 0.0000000000
82497  59.042  9.619  -13.257 0.0000000000
80015  51.309  5.689  -10.661 0.0000000000
80636  51.883  6.155  -11.084 0.0000000000
80022  52.013  6.017  -11.916 0.0000000000
80652  52.857  6.212  -13.219 0.0000000000
79396  52.107  4.548  -17.056 0.0000000000
80051  52.631  5.378  -16.165 0.0000000000
80060  52.516  5.507  -17.386 0.0000000000
80676  53.920  6.515  -17.103 0.0000000000
80668  54.739  6.630  -16.477 0.0000000000
81293  56.208  7.435  -16.290 0.0000000000
81305  54.968  7.330  -17.070 0.0000000000
81943  55.564  7.799  -16.857 0.0000000000
81936  55.156  8.161  -16.493 0.0000000000
81928  54.679  8.483  -15.360 0.0000000000
81937  54.057  8.068  -16.212 0.0000000000
79384  48.507  4.561  -13.950 0.0000000000
80662  48.717  5.970  -14.332 0.0000000000
80039  48.497  5.449  -13.709 0.0000000000
80032  48.407  5.789  -12.859 0.0000000000
80645  48.433  6.638  -12.646 0.0000000000
80637  48.247  7.015  -11.920 0.0000000000
80017  48.072  5.710  -10.742 0.0000000000
84767  60.242  13.415  -5.231 0.0000000000
123032  48.016  14.998  -8.427 0.0000000000
84166  50.110  12.767  -6.923 0.0000000000
83568  55.490  11.547  -0.529 0.0000000000
83569  54.508  11.611  -0.352 0.0000000000
112906  55.060  10.677  -0.500 0.0000000000
81809  54.228  8.812  -0.869 0.0000000000
81818  53.877  8.583  -1.264 0.0000000000
125117  49.629  6.057  -0.604 0.0000000000
79940  49.349  5.406  -0.520 0.0000000000
79278  49.259  4.933  -1.293 0.0000000000
114956  49.458  4.401  -1.939 0.0000000000
79288  49.518  4.558  -2.730 0.0000000000
78639  49.892  4.013  -3.254 0.0000000000
78651  49.863  4.277  -4.014 0.0000000000
79306  50.281  3.797  -4.553 0.0000000000
85455  53.787  14.079  -8.497 0.0000000000
110296  53.346  14.466  -9.259 0.0000000000
85470  54.392  14.366  -10.308 0.0000000000
129487  53.822  14.507  -9.997 0.0000000000
85480  53.520  14.651  -11.653 0.0000000000
85496  53.020  14.098  -13.194 0.0000000000
84824  52.258  13.695  -13.545 0.0000000000
119722  53.240  13.812  -13.211 0.0000000000
84197  53.773  12.401  -11.738 0.0000000000
83659  54.410  11.902  -11.503 0.0000000000
83653  54.364  11.045  -10.921 0.0000000000
82492  54.103  10.193  -10.968 0.0000000000
115633  53.513  9.479  -11.291 0.0000000000
82501  52.912  9.013  -11.664 0.0000000000
82434  57.561  10.087  -4.867 0.0000000000
115432  58.398  10.434  -5.243 0.0000000000
124554  57.059  9.996  -6.080 0.0000000000
82445  56.818  9.906  -6.788 0.0000000000
82456  56.542  9.764  -7.739 0.0000000000
82457  55.630  9.479  -8.027 0.0000000000
130539  56.160  9.594  -8.275 0.0000000000
82469  56.574  9.678  -8.593 0.0000000000
82476  56.435  9.425  -9.474 0.0000000000
81879  56.003  8.921  -10.140 0.0000000000
120120  56.566  8.623  -11.027 0.0000000000
78714  50.958  3.603  -13.433 0.0000000000
78718  51.015  3.340  -14.741 0.0000000000
78724  50.916  3.230  -16.104 0.0000000000
79397  51.544  3.783  -16.568 0.0000000000
79404  51.280  3.956  -17.740 0.0000000000
79412  51.299  4.614  -18.220 0.0000000000
80686  51.383  5.582  -18.201 0.0000000000
80678  50.858  6.088  -17.681 0.0000000000
80061  50.611  5.132  -18.065 0.0000000000
80052  49.456  5.032  -16.460 0.0000000000
80053  48.956  4.474  -15.813 0.0000000000
78726  48.882  2.994  -15.343 0.0000000000
79391  48.641  4.016  -15.058 0.0000000000
130562  48.493  4.252  -13.246 0.0000000000
77981  48.139  2.605  -10.667 0.0000000000
77136  48.104  1.148  -9.040 0.0000000000
76367  48.433  0.608  -9.859 0.0000000000
76359  48.399  0.512  -8.282 0.0000000000
83557  51.219  11.847  -0.031 0.0000000000
82394  50.176  9.999  -0.117 0.0000000000
82970  49.424  10.139  0.034 0.0000000000
81804  50.408  7.957  0.358 0.0000000000
84154  54.354  12.993  -7.082 0.0000000000
84783  55.061  13.056  -8.364 0.0000000000
84162  56.567  12.506  -7.512 0.0000000000
84163  55.736  12.690  -8.023 0.0000000000
84183  56.131  12.914  -9.360 0.0000000000
84795  56.341  13.092  -10.088 0.0000000000
84805  57.588  12.804  -11.288 0.0000000000
84195  57.980  12.618  -12.089 0.0000000000
80614  51.129  6.782  -8.127 0.0000000000
81235  51.848  7.277  -8.252 0.0000000000
126089  51.177  6.427  -8.749 0.0000000000
80621  51.495  6.402  -9.362 0.0000000000
80009  51.131  5.804  -9.828 0.0000000000
80016  50.816  5.083  -10.226 0.0000000000
79363  50.960  4.930  -11.061 0.0000000000
79370  50.717  4.042  -11.417 0.0000000000
77135  51.653  1.658  -8.789 0.0000000000
77147  51.303  1.654  -9.553 0.0000000000
77159  51.675  1.195  -10.671 0.0000000000
77985  50.602  2.202  -11.389 0.0000000000
78715  50.601  2.875  -12.958 0.0000000000
77995  50.504  2.041  -13.837 0.0000000000
77180  50.935  1.135  -14.845 0.0000000000
76389  51.336  0.179  -13.947 0.0000000000
76393  50.648  0.621  -14.950 0.0000000000
75585  50.758  0.063  -14.468 0.0000000000
75580  50.535  -0.378  -13.914 0.0000000000
75573  50.192  -0.672  -13.070 0.0000000000
74710  49.978  -0.881  -12.099 0.0000000000
74702  50.514  -1.116  -11.541 0.0000000000
114229  51.069  -1.299  -11.120 0.0000000000
84116  60.100  12.349  -2.454 0.0000000000
83008  57.913  10.297  -3.426 0.0000000000
84095  56.850  12.552  -0.564 0.0000000000
82989  56.592  10.166  -1.356 0.0000000000
82988  57.345  10.569  -1.749 0.0000000000
82999  57.564  10.261  -2.502 0.0000000000
82426  56.613  9.706  -4.449 0.0000000000
112252  56.038  9.682  -5.175 0.0000000000
82437  54.645  9.465  -5.876 0.0000000000
82428  54.736  9.392  -4.364 0.0000000000
81859  53.514  9.075  -6.541 0.0000000000
112805  52.981  8.697  -6.849 0.0000000000
81226  52.492  8.295  -7.193 0.0000000000
83572  51.782  11.110  -0.251 0.0000000000
124821  52.364  10.294  -0.251 0.0000000000
109265  52.339  8.402  -0.163 0.0000000000
82391  52.980  8.774  -0.244 0.0000000000
81819  53.201  8.383  -1.396 0.0000000000
81182  50.584  7.032  -1.019 0.0000000000
119677  51.371  8.006  -2.242 0.0000000000
81829  52.830  8.501  -2.450 0.0000000000
81846  52.098  8.667  -4.588 0.0000000000
81848  50.788  8.114  -4.936 0.0000000000
81847  51.479  8.412  -5.239 0.0000000000
126276  51.666  8.363  -5.902 0.0000000000
81218  51.545  8.104  -6.399 0.0000000000
81217  51.850  7.974  -7.050 0.0000000000
81227  51.496  7.398  -7.566 0.0000000000
125953  50.594  6.279  -7.700 0.0000000000
79997  50.387  5.451  -7.625 0.0000000000
111587  50.219  4.703  -7.032 0.0000000000
77950  50.870  2.752  -7.574 0.0000000000
77949  51.520  2.274  -7.383 0.0000000000
112146  50.729  3.408  -5.050 0.0000000000
77919  51.800  2.619  -5.614 0.0000000000
77933  51.831  2.397  -6.514 0.0000000000
84086  50.703  12.502  0.403 0.0000000000
84087  49.764  12.408  0.581 0.0000000000
129808  49.266  12.579  0.857 0.0000000000
84088  48.998  12.155  0.711 0.0000000000
83553  47.302  11.641  1.352 0.0000000000
82965  47.029  10.749  1.243 0.0000000000
87343  49.581  17.556  -11.106 0.0000000000
86753  50.105  16.145  -10.691 0.0000000000
86754  49.577  16.642  -11.348 0.0000000000
85492  47.717  14.944  -12.340 0.0000000000
85483  49.066  14.145  -10.658 0.0000000000
127842  49.539  13.863  -11.873 0.0000000000
84801  49.664  13.739  -10.217 0.0000000000
84165  50.604  12.275  -7.466 0.0000000000
84199  52.245  13.092  -13.068 0.0000000000
84192  52.060  12.690  -11.937 0.0000000000
83647  52.741  11.212  -9.539 0.0000000000
127523  51.707  12.130  -9.564 0.0000000000
116862  51.443  11.909  -8.700 0.0000000000
84175  51.126  11.707  -7.851 0.0000000000
83638  50.734  11.519  -7.065 0.0000000000
83044  50.828  10.757  -7.261 0.0000000000
108822  50.048  9.183  -9.032 0.0000000000
84123  62.019  13.622  -3.958 0.0000000000
84754  60.933  13.857  -4.545 0.0000000000
84139  60.788  12.918  -5.944 0.0000000000
83015  59.643  10.968  -5.768 0.0000000000
83033  60.495  11.326  -6.723 0.0000000000
124054  59.196  10.525  -7.845 0.0000000000
83630  61.297  11.900  -7.016 0.0000000000
83624  61.183  12.315  -6.652 0.0000000000
84149  60.833  12.539  -7.037 0.0000000000
84150  60.073  12.714  -6.727 0.0000000000
84159  60.597  12.473  -7.551 0.0000000000
84171  59.522  12.407  -8.271 0.0000000000
84180  59.573  12.361  -9.224 0.0000000000
83651  60.370  11.712  -10.192 0.0000000000
83652  59.960  11.683  -10.949 0.0000000000
108919  59.687  12.056  -10.941 0.0000000000
84194  58.879  12.279  -11.657 0.0000000000
113608  58.870  12.056  -12.496 0.0000000000
84213  58.250  11.602  -13.467 0.0000000000
81234  52.482  7.391  -8.830 0.0000000000
81242  53.284  7.629  -9.302 0.0000000000
81241  53.963  7.784  -9.829 0.0000000000
80627  53.202  6.874  -10.837 0.0000000000
81251  53.924  7.384  -10.573 0.0000000000
81250  54.559  7.837  -10.401 0.0000000000
81249  55.171  7.815  -11.060 0.0000000000
81899  55.957  8.062  -11.353 0.0000000000
81257  55.661  7.661  -12.019 0.0000000000
80038  51.748  5.138  -13.306 0.0000000000
80037  52.353  5.655  -13.762 0.0000000000
80043  53.143  5.975  -15.422 0.0000000000
80642  54.343  6.673  -13.042 0.0000000000
80641  55.141  6.895  -13.474 0.0000000000
81267  55.535  7.332  -12.832 0.0000000000
81256  56.735  8.067  -12.123 0.0000000000
81265  57.379  7.936  -13.232 0.0000000000
81906  58.150  8.388  -13.619 0.0000000000
81915  58.657  9.024  -13.930 0.0000000000
81284  57.145  7.618  -15.917 0.0000000000
81926  58.197  8.601  -15.321 0.0000000000
82516  58.739  9.780  -14.593 0.0000000000
83078  58.633  10.404  -14.272 0.0000000000
83670  58.311  10.985  -13.832 0.0000000000
83671  57.638  11.402  -13.529 0.0000000000
82508  56.681  10.197  -13.703 0.0000000000
82498  55.659  9.609  -13.257 0.0000000000
82509  54.802  9.006  -13.427 0.0000000000
81917  54.255  8.625  -14.101 0.0000000000
82510  53.991  8.840  -12.931 0.0000000000
81907  53.101  8.652  -12.882 0.0000000000
81908  52.632  8.700  -12.340 0.0000000000
81909  51.778  8.534  -12.438 0.0000000000
81309  51.221  6.971  -17.132 0.0000000000
81295  51.635  7.510  -16.392 0.0000000000
81286  51.221  7.777  -15.183 0.0000000000
80661  49.279  6.470  -14.860 0.0000000000
81287  50.367  7.579  -14.793 0.0000000000
81931  50.806  7.960  -14.117 0.0000000000
81920  51.272  8.293  -13.310 0.0000000000
81910  50.837  8.384  -12.365 0.0000000000
81902  50.591  8.494  -11.530 0.0000000000
110179  49.042  8.218  -11.518 0.0000000000
81893  48.355  8.198  -10.893 0.0000000000
81261  48.057  7.331  -11.155 0.0000000000
81894  47.840  7.965  -10.855 0.0000000000
74703  49.855  -1.059  -11.179 0.0000000000
74696  49.816  -1.156  -10.258 0.0000000000
74709  50.734  -0.813  -12.415 0.0000000000
75586  50.187  -0.110  -14.634 0.0000000000
77127  47.648  1.779  -7.829 0.0000000000
77192  49.519  0.936  -16.248 0.0000000000
78003  49.217  1.325  -16.272 0.0000000000
78716  48.479  3.659  -12.855 0.0000000000
78734  49.715  3.203  -16.745 0.0000000000
79378  48.429  4.967  -13.071 0.0000000000
80024  48.293  6.103  -12.081 0.0000000000
80047  48.674  5.006  -14.677 0.0000000000
80050  53.208  6.031  -16.711 0.0000000000
80062  49.941  4.585  -17.526 0.0000000000
80067  52.275  5.779  -17.942 0.0000000000
80068  51.088  4.942  -18.362 0.0000000000
80613  51.719  6.887  -8.812 0.0000000000
80628  52.426  6.531  -10.718 0.0000000000
80651  53.653  6.382  -13.636 0.0000000000
80654  48.574  6.297  -13.438 0.0000000000
80667  55.309  7.110  -16.673 0.0000000000
80675  54.501  6.893  -17.249 0.0000000000
80677  51.773  6.433  -17.937 0.0000000000
81253  47.684  7.633  -10.570 0.0000000000
81270  48.530  7.506  -12.434 0.0000000000
81283  57.692  8.191  -16.082 0.0000000000
81285  56.280  7.187  -15.336 0.0000000000
81292  56.847  7.896  -16.568 0.0000000000
81296  50.791  7.318  -15.885 0.0000000000
81303  56.412  7.965  -16.777 0.0000000000
81311  53.368  6.923  -17.863 0.0000000000
81900  52.247  8.792  -11.676 0.0000000000
81911  48.864  8.023  -12.318 0.0000000000
81916  58.318  8.462  -14.587 0.0000000000
81925  58.557  9.148  -14.687 0.0000000000
81944  54.463  7.521  -17.063 0.0000000000
81945  53.471  7.609  -17.000 0.0000000000
82499  55.228  10.050  -12.221 0.0000000000
82505  59.278  10.502  -13.596 0.0000000000
82518  57.126  9.251  -15.547 0.0000000000
82526  58.003  8.787  -15.703 0.0000000000
82527  57.505  8.730  -16.035 0.0000000000
82974  55.355  9.988  -0.622 0.0000000000
83063  59.973  10.858  -10.774 0.0000000000
83068  60.061  11.302  -10.943 0.0000000000
83072  59.467  10.679  -12.866 0.0000000000
83073  56.881  10.941  -13.267 0.0000000000
83079  57.771  10.544  -14.074 0.0000000000
83625  61.015  11.836  -6.142 0.0000000000
83637  51.233  11.124  -7.593 0.0000000000
83641  61.147  12.145  -8.981 0.0000000000
83663  58.904  11.519  -13.266 0.0000000000
84148  61.182  12.332  -7.171 0.0000000000
84170  60.835  12.363  -8.565 0.0000000000
84174  55.628  12.972  -8.894 0.0000000000
84178  61.032  12.035  -9.242 0.0000000000
84188  60.490  11.986  -10.006 0.0000000000
84196  57.193  12.716  -12.496 0.0000000000
84203  58.124  12.197  -12.898 0.0000000000
84207  53.602  13.233  -12.730 0.0000000000
84208  52.813  13.337  -13.212 0.0000000000
84807  55.602  13.842  -11.368 0.0000000000
85498  49.842  14.444  -12.856 0.0000000000
85499  49.100  14.713  -12.767 0.0000000000
85500  48.301  14.875  -12.696 0.0000000000
109044  47.655  8.323  -10.265 0.0000000000
110141  59.774  12.246  -10.082 0.0000000000
110294  54.486  7.482  -11.014 0.0000000000
110513  57.655  8.344  -12.719 0.0000000000
110670  49.871  8.431  -11.185 0.0000000000
110680  55.811  12.541  -7.241 0.0000000000
111176  57.044  12.544  -6.103 0.0000000000
111538  59.887  10.784  -7.314 0.0000000000
112191  58.015  9.277  -11.862 0.0000000000
116990  54.511  8.967  -2.162 0.0000000000
119574  55.331  8.611  -9.914 0.0000000000
119580  48.689  0.645  -13.835 0.0000000000
122743  57.894  9.260  -15.476 0.0000000000
122914  57.635  10.184  -5.702 0.0000000000
124414  57.925  7.970  -14.188 0.0000000000
124819  59.318  10.419  -10.419 0.0000000000
127537  59.186  10.927  -13.604 0.0000000000
127913  53.345  9.196  -5.156 0.0000000000
128824  54.002  8.878  -0.561 0.0000000000
129957  57.109  9.854  -4.654 0.0000000000
130023  59.240  11.209  -13.255 0.0000000000
130803  59.341  10.185  -13.379 0.0000000000
131181  61.133  12.351  -5.827 0.0000000000
