#!ascii label  , from subject sub-v1s20x0050288_ses-1 vox2ras=TkReg
1351
17000  25.542  -40.389  1.276 0.8999999762
16353  25.394  -41.209  1.537 0.8000000119
16372  25.741  -41.701  0.844 0.8000000119
15035  25.454  -43.478  1.332 0.6999999881
15050  25.545  -43.563  0.509 0.8000000119
114969  25.075  -40.535  1.790 0.8999999762
118360  25.734  -40.965  0.884 1.0000000000
102042  25.864  -41.200  0.217 1.0000000000
103926  25.777  -42.063  0.064 0.8000000119
112075  25.200  -43.076  -0.720 0.8000000119
15719  25.600  -42.927  -0.083 0.8999999762
117810  24.711  -43.972  -0.657 0.8000000119
15067  24.068  -44.062  -1.016 0.6999999881
14439  23.828  -44.783  -0.765 0.6999999881
17002  23.872  -39.567  1.951 0.8000000119
108978  24.998  -39.730  1.624 0.8999999762
18314  24.559  -38.819  1.526 0.8999999762
18315  23.574  -38.690  1.516 0.8999999762
117951  22.305  -39.178  1.554 0.8999999762
17018  25.899  -40.306  0.469 1.0000000000
16379  25.755  -41.423  -0.573 0.8999999762
17051  25.775  -40.748  -1.118 1.0000000000
16393  25.361  -41.434  -1.347 0.8999999762
15726  25.432  -42.284  -0.820 0.8999999762
15727  24.495  -42.782  -1.353 0.8000000119
14448  23.333  -44.361  -1.204 0.6999999881
18966  25.193  -38.117  1.264 0.8999999762
18967  24.195  -37.997  1.273 0.8999999762
18968  23.198  -37.951  1.094 0.8999999762
18316  21.930  -38.719  1.204 0.8999999762
18313  25.455  -38.905  1.286 0.8999999762
113289  25.999  -38.941  0.993 0.8999999762
17708  26.310  -39.551  -1.018 1.0000000000
107582  24.806  -42.001  -1.533 0.8000000119
15728  23.311  -42.925  -1.851 0.8000000119
15744  22.334  -42.772  -2.397 0.8000000119
15077  21.853  -43.895  -2.016 0.8000000119
15090  21.501  -43.288  -2.519 0.8000000119
18975  23.763  -37.269  0.792 0.8999999762
18976  22.714  -37.258  0.466 0.8999999762
18977  21.764  -37.590  0.306 0.8999999762
18973  25.775  -37.515  0.858 0.8999999762
117528  22.650  -36.550  -0.030 0.8999999762
19559  21.991  -36.879  -0.145 0.8000000119
18978  20.957  -37.925  0.165 0.8000000119
18324  25.939  -38.286  1.045 0.8999999762
19575  21.416  -36.443  -0.700 0.6999999881
18993  20.362  -37.574  -0.301 0.6999999881
19577  19.696  -37.242  -0.658 0.6999999881
18323  26.301  -38.630  0.502 0.8999999762
118667  19.664  -36.553  -1.066 0.6999999881
19578  18.911  -36.879  -0.998 0.6999999881
18347  26.669  -38.378  -0.260 1.0000000000
19599  19.201  -36.034  -1.344 0.6000000238
100958  26.619  -38.894  -0.955 1.0000000000
17718  26.362  -39.002  -1.730 1.0000000000
17064  25.840  -39.944  -1.576 1.0000000000
17052  25.292  -40.675  -1.836 1.0000000000
17065  24.566  -40.455  -2.573 0.8999999762
16394  24.470  -41.300  -2.121 0.8000000119
16395  23.914  -42.125  -1.997 0.8000000119
15743  22.982  -42.208  -2.445 0.8000000119
116256  22.277  -42.207  -2.803 0.8000000119
15745  21.603  -42.514  -2.969 0.8000000119
16415  21.844  -41.873  -3.340 0.8000000119
15760  21.082  -42.159  -3.727 0.8000000119
18974  24.796  -37.340  0.943 0.8999999762
19557  24.345  -36.593  0.511 0.8999999762
19558  23.379  -36.565  0.282 0.8999999762
19574  22.211  -36.125  -0.552 0.8999999762
19555  26.414  -36.876  0.359 0.8999999762
19576  20.473  -36.705  -0.814 0.6999999881
18972  26.427  -37.837  0.513 0.8999999762
19597  20.873  -35.850  -1.179 0.6000000238
19598  20.035  -35.917  -1.307 0.6000000238
116360  27.131  -37.359  -1.015 1.0000000000
101492  18.165  -34.741  -1.718 0.5000000000
18371  26.939  -38.186  -1.219 1.0000000000
20895  18.614  -34.148  -1.837 0.5000000000
18382  26.706  -38.177  -2.224 1.0000000000
18383  26.002  -38.685  -2.646 1.0000000000
100762  25.313  -40.065  -2.242 1.0000000000
16413  23.447  -41.505  -2.601 0.8000000119
17072  24.206  -40.084  -3.208 0.8999999762
17073  23.616  -40.416  -3.350 0.8000000119
16424  23.001  -40.949  -3.321 0.8000000119
17726  23.701  -39.839  -3.810 0.8999999762
17081  22.985  -40.284  -3.908 0.8000000119
17732  23.069  -39.616  -4.551 0.8999999762
16425  22.146  -41.255  -3.658 0.8000000119
16436  20.926  -41.242  -4.690 0.8000000119
17094  21.379  -40.589  -5.039 0.8000000119
19573  22.994  -35.892  -0.247 0.8999999762
19556  25.391  -36.689  0.586 0.8999999762
20178  24.912  -35.844  0.327 0.8999999762
20197  22.502  -35.267  -0.918 0.6999999881
20198  21.665  -35.647  -1.065 0.8000000119
20177  25.936  -35.940  0.281 0.8999999762
20218  20.412  -35.093  -1.471 0.6999999881
118438  19.915  -34.700  -1.559 0.6000000238
104855  18.890  -34.716  -1.659 0.6000000238
20893  20.275  -34.261  -1.638 0.6999999881
21636  19.916  -33.639  -1.800 0.6000000238
20894  19.456  -34.281  -1.678 0.5000000000
110313  27.125  -37.486  -1.832 1.0000000000
21637  19.076  -33.618  -1.949 0.5000000000
21660  18.602  -33.076  -2.415 0.5000000000
19024  26.853  -37.436  -2.686 1.0000000000
18389  26.286  -37.987  -3.037 1.0000000000
19034  25.849  -37.712  -3.754 1.0000000000
17724  25.231  -39.087  -3.106 1.0000000000
17725  24.461  -39.473  -3.536 0.8999999762
19033  26.447  -37.380  -3.359 1.0000000000
18390  25.549  -38.398  -3.450 0.8999999762
18391  24.786  -38.794  -3.866 0.8999999762
17731  24.036  -39.225  -4.273 0.8999999762
18398  24.401  -38.463  -4.558 0.8999999762
18399  23.678  -38.865  -4.954 0.8999999762
17740  22.986  -39.229  -5.399 0.8999999762
17082  22.243  -40.286  -4.493 0.8999999762
18408  23.493  -38.508  -5.716 0.8999999762
17733  22.256  -39.897  -5.186 0.8999999762
20179  23.910  -35.853  0.032 0.8999999762
20196  23.461  -35.172  -0.521 0.8999999762
20873  23.064  -34.536  -1.059 1.0000000000
20891  22.333  -34.544  -1.289 0.8000000119
20194  25.407  -35.052  0.109 0.8999999762
20216  21.752  -34.906  -1.341 0.6999999881
108218  27.032  -36.719  -0.355 0.8999999762
20176  26.677  -36.088  0.036 0.8999999762
105524  21.738  -34.133  -1.512 0.6999999881
21635  20.910  -33.560  -1.744 0.6999999881
19596  27.239  -36.721  -1.337 1.0000000000
22502  19.219  -32.547  -2.459 0.5000000000
118534  18.502  -32.469  -2.737 0.5000000000
19612  27.277  -36.760  -2.292 1.0000000000
19623  26.931  -36.710  -3.297 1.0000000000
20246  27.225  -35.850  -3.601 1.0000000000
19039  26.224  -37.029  -3.982 1.0000000000
99503  26.543  -36.234  -4.146 1.0000000000
19040  25.464  -37.344  -4.410 0.8999999762
19041  24.739  -37.678  -4.785 0.8999999762
19047  24.458  -37.285  -5.469 0.8999999762
113092  21.022  -40.958  -8.284 0.6999999881
17117  20.276  -40.400  -7.945 0.8000000119
17757  20.094  -39.739  -7.611 0.8000000119
20871  24.881  -34.217  -0.277 1.0000000000
20872  23.925  -34.444  -0.693 1.0000000000
21620  23.498  -33.832  -1.141 1.0000000000
20890  22.589  -33.824  -1.407 0.6999999881
19572  27.080  -35.963  -0.690 0.8999999762
20193  26.506  -35.183  -0.248 0.8999999762
22501  20.011  -32.654  -2.210 0.6000000238
19622  27.453  -36.042  -2.718 1.0000000000
19595  27.438  -35.938  -1.697 0.8999999762
20192  27.222  -35.362  -0.935 0.8999999762
22519  18.049  -32.036  -3.247 0.4000000060
19638  25.414  -36.154  -5.237 1.0000000000
112834  26.057  -35.784  -4.799 1.0000000000
18425  19.972  -38.459  -7.606 0.8999999762
16465  23.088  -41.246  -8.536 0.6000000238
105670  22.075  -41.228  -8.544 0.6000000238
17116  21.448  -40.294  -8.487 0.8000000119
17764  20.265  -39.614  -8.133 0.8000000119
17756  20.013  -39.183  -7.627 0.8999999762
20870  26.451  -34.271  -0.463 0.8999999762
115863  25.773  -34.462  -0.222 0.8999999762
103524  22.489  -32.999  -1.577 0.8000000119
21634  21.837  -33.426  -1.614 0.6999999881
22481  20.721  -32.754  -1.970 0.6999999881
108673  20.464  -32.258  -2.242 0.6000000238
23344  19.269  -31.259  -2.817 0.4000000060
20236  27.670  -35.452  -2.305 1.0000000000
20215  27.578  -35.065  -1.563 0.8999999762
20245  27.737  -35.374  -3.072 1.0000000000
20258  27.528  -35.214  -3.805 1.0000000000
20259  26.856  -35.357  -4.396 1.0000000000
20268  26.230  -35.127  -4.982 1.0000000000
111958  26.058  -34.691  -5.382 1.0000000000
18424  21.255  -38.197  -7.256 0.8999999762
19658  20.856  -36.790  -7.574 0.8999999762
19068  20.370  -37.689  -7.530 0.8999999762
18426  19.382  -38.458  -7.932 0.8999999762
17113  24.106  -40.225  -9.032 0.6000000238
17114  23.499  -40.646  -8.744 0.6000000238
17115  22.734  -40.629  -8.715 0.6000000238
102832  22.457  -39.932  -8.813 0.8000000119
101442  19.753  -38.933  -7.843 0.8999999762
21619  24.889  -33.343  -0.650 0.8999999762
115907  24.236  -33.776  -0.813 0.8999999762
21633  23.166  -33.269  -1.382 0.6999999881
22462  24.868  -32.517  -0.936 0.8999999762
21632  23.994  -33.076  -1.143 0.8999999762
22480  21.604  -32.707  -1.773 0.6000000238
20869  27.167  -34.653  -0.758 1.0000000000
21631  27.137  -33.207  -0.792 1.0000000000
21617  26.436  -33.624  -0.581 1.0000000000
23310  21.812  -31.923  -1.883 0.6000000238
22500  21.121  -32.111  -2.107 0.6000000238
108819  19.975  -31.193  -2.625 0.5000000000
20914  28.010  -34.725  -2.404 1.0000000000
20888  27.743  -34.139  -1.273 1.0000000000
21657  28.223  -33.927  -2.071 1.0000000000
20932  28.020  -34.711  -3.494 1.0000000000
20946  27.506  -34.619  -4.320 1.0000000000
20947  26.701  -34.578  -4.955 1.0000000000
20958  26.268  -33.930  -5.660 1.0000000000
20959  25.584  -34.577  -5.935 1.0000000000
20283  25.060  -35.210  -6.113 1.0000000000
105419  24.534  -35.146  -6.727 1.0000000000
117399  24.129  -35.670  -6.932 1.0000000000
20292  23.956  -35.072  -7.214 1.0000000000
20293  23.499  -35.710  -7.236 0.8999999762
19647  23.835  -36.327  -6.823 0.8999999762
19067  21.666  -37.347  -7.345 0.8999999762
18433  19.222  -38.259  -8.052 0.8999999762
17769  24.924  -39.147  -9.164 0.6000000238
17761  24.672  -39.791  -8.850 0.6000000238
17771  23.870  -39.543  -9.347 0.6000000238
17762  23.349  -40.107  -9.021 0.6000000238
17763  21.509  -39.237  -8.717 0.8000000119
18432  20.094  -38.691  -8.280 0.8000000119
22461  25.860  -32.924  -0.654 0.8999999762
22478  24.101  -32.179  -1.349 0.6999999881
101340  22.474  -32.188  -1.677 0.6000000238
23309  22.427  -31.339  -1.813 0.6000000238
23330  21.452  -31.182  -2.193 0.6000000238
23331  20.557  -31.557  -2.386 0.5000000000
21630  28.068  -33.307  -1.486 1.0000000000
20913  28.366  -34.027  -2.997 1.0000000000
22499  28.289  -32.652  -1.854 0.8999999762
21681  28.185  -33.890  -4.054 1.0000000000
21698  28.054  -33.250  -4.608 1.0000000000
98890  27.340  -33.758  -4.951 1.0000000000
21710  26.828  -33.063  -5.715 1.0000000000
20969  25.008  -34.508  -6.597 1.0000000000
20970  24.397  -34.456  -7.118 1.0000000000
104091  23.220  -34.986  -7.499 1.0000000000
20294  22.542  -35.636  -7.512 0.8999999762
20295  21.360  -35.879  -7.694 0.8999999762
19668  18.863  -36.600  -8.405 0.8999999762
18439  24.497  -38.835  -9.540 0.6000000238
17770  24.462  -39.552  -9.233 0.6000000238
18440  23.554  -38.702  -9.494 0.6000000238
18441  22.388  -38.492  -9.304 0.6999999881
18442  20.993  -38.232  -9.020 0.6999999881
18443  19.572  -37.771  -8.664 0.8000000119
19076  18.946  -37.529  -8.308 0.8999999762
17760  25.064  -39.269  -8.544 0.6000000238
19084  20.661  -37.345  -9.372 0.6999999881
19677  18.784  -36.526  -9.307 0.8999999762
23308  23.375  -31.643  -1.583 0.6999999881
116416  26.048  -31.459  -1.249 0.8999999762
114589  25.626  -32.129  -0.953 0.8000000119
105375  24.700  -31.038  -1.480 0.6999999881
22475  27.579  -32.515  -1.273 0.8999999762
22476  26.559  -32.275  -0.958 0.8000000119
21656  28.393  -33.322  -2.409 1.0000000000
113779  27.953  -32.064  -1.658 0.8000000119
23328  28.632  -31.809  -2.862 0.8999999762
110146  28.408  -32.099  -2.117 0.8000000119
21697  28.359  -33.117  -4.086 1.0000000000
21709  27.678  -32.889  -5.215 1.0000000000
22547  27.291  -32.335  -5.803 1.0000000000
21721  25.983  -33.077  -6.313 1.0000000000
22561  25.212  -33.050  -6.963 1.0000000000
21723  24.810  -33.794  -7.069 1.0000000000
20980  23.684  -34.344  -7.448 1.0000000000
109727  22.539  -34.834  -7.694 0.8999999762
20303  19.109  -35.408  -8.517 0.8999999762
19083  22.019  -37.574  -9.489 0.6999999881
112056  18.445  -36.779  -8.757 0.8999999762
117289  25.405  -37.961  -10.001 0.6000000238
18438  25.162  -38.507  -9.617 0.6000000238
19675  21.737  -36.673  -9.611 0.6999999881
99974  19.424  -37.120  -9.256 0.6999999881
23307  24.214  -31.498  -1.462 0.6999999881
24079  23.210  -30.743  -1.704 0.6000000238
23306  25.346  -31.060  -1.408 0.8000000119
110665  24.555  -30.510  -1.535 0.6999999881
24078  24.005  -30.939  -1.584 0.6999999881
23305  27.169  -31.730  -1.367 0.6999999881
24075  26.907  -30.885  -1.544 0.8000000119
24100  28.481  -30.939  -2.567 0.6999999881
23343  28.691  -31.936  -3.861 0.8000000119
23356  28.625  -31.592  -4.526 0.8000000119
22534  28.362  -32.478  -4.611 0.8000000119
23370  28.460  -31.239  -5.261 0.8000000119
22546  27.936  -32.277  -5.351 0.8999999762
23371  27.816  -31.645  -5.756 0.8999999762
22560  26.471  -32.350  -6.306 1.0000000000
110263  25.646  -32.300  -6.809 1.0000000000
21730  24.129  -33.817  -7.367 1.0000000000
21731  23.369  -33.490  -7.684 1.0000000000
22569  24.860  -32.262  -7.331 1.0000000000
22570  24.271  -33.023  -7.429 1.0000000000
20981  22.893  -34.224  -7.715 1.0000000000
102283  22.400  -33.569  -8.027 1.0000000000
20982  22.114  -34.255  -7.967 0.8999999762
20983  21.223  -34.338  -8.191 0.8999999762
20302  20.632  -35.167  -8.096 0.8999999762
20990  19.970  -34.358  -8.440 0.8999999762
18446  24.955  -38.186  -10.081 0.6000000238
19081  24.222  -38.083  -9.783 0.6000000238
19082  23.221  -37.821  -9.599 0.6000000238
19674  22.940  -36.917  -9.731 0.6999999881
106911  18.251  -35.189  -8.930 0.8999999762
19669  18.261  -36.447  -9.016 0.8999999762
100378  21.504  -35.907  -9.648 0.6999999881
19676  20.269  -36.416  -9.551 0.6999999881
20313  19.187  -35.726  -9.514 0.8999999762
20999  18.484  -35.012  -9.203 0.8999999762
24076  25.946  -30.627  -1.472 0.6999999881
24077  25.179  -30.495  -1.494 0.6000000238
24838  24.014  -30.117  -1.620 0.6000000238
24103  23.213  -29.995  -1.799 0.6000000238
24836  25.713  -29.872  -1.570 0.6000000238
24101  27.726  -30.320  -2.042 0.6999999881
24120  28.641  -30.166  -2.869 0.6999999881
24119  28.779  -31.099  -3.561 0.6999999881
24138  28.683  -30.468  -5.379 0.8000000119
24139  28.120  -30.869  -5.941 0.8000000119
23384  27.451  -31.105  -6.275 0.8000000119
23385  26.976  -31.664  -6.308 0.8000000119
23386  26.104  -31.584  -6.730 1.0000000000
99465  23.984  -32.118  -7.681 1.0000000000
22571  23.436  -32.675  -7.810 1.0000000000
22572  22.650  -32.828  -8.086 1.0000000000
22582  21.985  -32.245  -8.362 1.0000000000
21742  21.542  -33.021  -8.311 1.0000000000
21743  20.731  -33.612  -8.399 0.8999999762
19087  23.990  -37.293  -10.003 0.6000000238
20991  18.677  -34.387  -8.876 0.8999999762
19086  25.274  -37.525  -10.333 0.6000000238
21745  18.651  -33.639  -9.017 0.8999999762
19682  22.668  -35.917  -9.830 0.6999999881
20312  20.611  -35.430  -9.648 0.6999999881
21756  19.224  -33.971  -9.355 0.8999999762
24860  23.665  -29.314  -1.776 0.5000000000
24857  26.305  -29.240  -1.763 0.6000000238
24858  25.414  -29.039  -1.679 0.5000000000
24856  27.162  -29.477  -2.017 0.6999999881
115796  27.944  -29.629  -2.423 0.6999999881
24879  28.476  -29.223  -2.841 0.6999999881
24894  29.120  -29.913  -4.611 0.6999999881
24150  28.373  -30.121  -6.139 0.8000000119
24151  27.592  -30.423  -6.492 0.8000000119
24915  27.875  -29.628  -6.726 0.8000000119
24152  26.678  -30.819  -6.758 0.8000000119
24153  25.756  -30.883  -7.159 0.8999999762
23398  25.329  -31.564  -7.215 1.0000000000
24166  26.103  -30.140  -7.312 0.8000000119
117929  25.427  -30.327  -7.511 0.8999999762
23399  24.539  -31.475  -7.593 1.0000000000
23400  23.716  -31.329  -8.002 1.0000000000
23401  23.033  -32.001  -8.146 1.0000000000
22583  20.713  -32.305  -8.541 1.0000000000
101042  20.303  -32.931  -8.522 0.8999999762
21744  19.345  -33.393  -8.718 0.8999999762
22585  18.770  -32.826  -8.982 0.8999999762
22584  19.393  -32.498  -8.797 0.8999999762
19680  24.812  -36.879  -10.521 0.6000000238
19681  23.797  -36.403  -10.192 0.6000000238
20311  21.901  -35.175  -9.743 0.6999999881
20998  19.708  -34.787  -9.575 0.8000000119
104792  18.941  -33.183  -9.337 0.8999999762
20322  25.447  -36.268  -11.021 0.6000000238
20325  22.869  -35.072  -10.057 0.6999999881
20997  21.100  -34.551  -9.752 0.6999999881
22598  18.785  -32.813  -9.180 0.8999999762
21755  20.317  -33.882  -9.805 0.6999999881
21770  19.026  -32.418  -9.806 0.8999999762
110315  26.150  -28.345  -2.085 0.5000000000
25512  25.376  -28.221  -1.946 0.5000000000
102693  26.839  -28.823  -2.108 0.6999999881
107793  27.604  -28.940  -2.450 0.6999999881
25534  28.964  -28.748  -3.446 0.6999999881
24877  29.415  -29.075  -4.262 0.6999999881
24904  29.331  -29.161  -5.139 0.6999999881
104183  28.922  -29.717  -5.594 0.6999999881
24914  28.628  -29.351  -6.309 0.8000000119
25576  28.230  -28.790  -6.966 0.8000000119
24916  26.993  -29.918  -7.067 0.8000000119
24167  24.826  -30.151  -7.796 0.8999999762
24168  24.283  -30.713  -7.888 1.0000000000
107510  22.937  -31.133  -8.361 1.0000000000
117223  22.320  -31.605  -8.429 1.0000000000
24930  26.390  -29.269  -7.523 0.8000000119
24931  25.437  -29.556  -7.764 0.8000000119
24169  23.537  -30.525  -8.260 0.8999999762
23411  21.308  -31.596  -8.634 1.0000000000
23412  19.763  -31.648  -9.021 1.0000000000
23413  18.900  -32.173  -9.231 0.8999999762
20324  23.654  -35.487  -10.324 0.6999999881
23426  19.047  -31.258  -9.831 0.8999999762
20323  24.576  -35.920  -10.706 0.6000000238
99641  18.922  -31.840  -9.739 0.8999999762
21009  23.556  -34.569  -10.534 0.6999999881
21010  22.370  -34.312  -10.110 0.6999999881
21011  21.454  -33.828  -10.024 0.6999999881
21769  19.606  -33.119  -9.827 0.6999999881
21768  20.925  -33.113  -10.322 0.6999999881
23433  19.189  -31.554  -10.529 0.8000000119
23434  19.065  -31.026  -10.441 0.8999999762
22607  19.854  -32.396  -10.443 0.6999999881
25535  28.101  -28.254  -2.831 0.6999999881
25511  27.058  -28.207  -2.462 0.5000000000
25533  29.452  -28.203  -3.961 0.6999999881
118392  28.750  -28.008  -3.393 0.6999999881
101764  29.771  -27.881  -4.557 0.6999999881
26753  29.380  -26.897  -3.936 0.6999999881
25549  29.620  -28.480  -4.837 0.6999999881
25561  29.492  -28.545  -5.640 0.6999999881
24905  29.119  -29.098  -5.831 0.6999999881
25574  29.647  -27.955  -6.153 0.6999999881
25575  29.001  -28.570  -6.391 0.6999999881
117236  28.629  -28.300  -6.885 0.8000000119
24929  27.311  -29.052  -7.260 0.8000000119
25586  28.232  -28.002  -7.257 0.8000000119
25587  27.594  -28.339  -7.399 0.8000000119
26195  27.438  -27.508  -7.687 0.8000000119
113103  26.597  -27.476  -8.035 0.8000000119
25590  24.923  -28.853  -8.186 0.8000000119
24944  24.073  -29.044  -8.428 0.8999999762
24180  22.747  -30.308  -8.603 0.8999999762
24181  22.039  -30.930  -8.693 1.0000000000
26197  25.928  -27.783  -8.156 0.8000000119
25601  25.147  -28.070  -8.335 0.8000000119
24182  20.822  -30.848  -9.054 1.0000000000
24946  21.744  -29.998  -9.160 1.0000000000
21008  24.333  -35.126  -10.755 0.6000000238
23425  19.808  -30.837  -9.519 1.0000000000
21767  22.163  -33.425  -10.467 0.6999999881
24194  19.637  -30.225  -10.017 1.0000000000
22605  21.882  -32.666  -10.806 0.6999999881
22606  20.938  -32.413  -10.778 0.8000000119
26138  29.597  -27.548  -4.086 0.6999999881
26775  29.789  -26.522  -4.395 0.6999999881
26158  30.049  -27.226  -4.605 0.6999999881
26172  30.361  -27.131  -5.447 0.6999999881
101517  30.145  -27.485  -5.937 0.6999999881
26183  29.852  -27.237  -6.516 0.6999999881
26184  29.018  -27.786  -6.833 0.6999999881
26811  29.827  -26.606  -7.060 0.6999999881
26194  28.429  -27.236  -7.385 0.8000000119
26814  26.891  -26.841  -8.173 0.8000000119
26813  27.813  -26.552  -7.878 0.8000000119
24945  23.388  -29.695  -8.508 0.8999999762
25602  24.500  -28.349  -8.494 0.8000000119
25603  23.863  -28.229  -8.809 0.8999999762
106476  22.675  -29.570  -8.878 0.8999999762
25613  23.222  -28.052  -9.151 0.8999999762
25614  22.441  -28.175  -9.355 0.8999999762
21018  24.454  -34.455  -11.094 0.6000000238
24193  20.384  -30.041  -9.650 0.8999999762
24958  19.768  -29.321  -10.679 0.8999999762
23432  20.309  -31.801  -11.046 0.8000000119
23447  19.121  -30.896  -11.037 0.8999999762
24975  19.194  -29.969  -10.976 0.8000000119
26774  30.383  -26.540  -4.963 0.6999999881
26802  30.358  -26.563  -6.453 0.6999999881
26193  29.231  -27.099  -7.093 0.6999999881
26812  28.905  -26.528  -7.479 0.6999999881
26204  25.344  -27.289  -8.529 0.8000000119
26205  24.496  -27.599  -8.753 0.8000000119
26828  24.819  -26.795  -8.921 0.8000000119
24956  22.122  -29.007  -9.330 0.8999999762
21766  23.143  -33.709  -10.644 0.6000000238
26829  24.134  -27.007  -9.159 0.8000000119
26206  23.667  -27.519  -9.152 0.8999999762
24957  20.866  -29.091  -9.726 0.8999999762
21019  23.885  -33.900  -10.931 0.6000000238
21779  22.864  -32.910  -10.900 0.6999999881
22616  21.502  -31.967  -11.196 0.6999999881
24223  20.267  -30.346  -11.600 0.6999999881
24995  19.329  -29.823  -11.181 0.8000000119
27509  30.481  -25.844  -5.346 0.6999999881
27524  30.730  -25.792  -6.281 0.6999999881
27533  30.735  -25.434  -7.191 0.6999999881
26826  26.378  -26.349  -8.534 0.8000000119
26827  25.601  -26.529  -8.719 0.8000000119
27552  25.076  -26.056  -9.150 0.8000000119
26832  24.244  -26.346  -9.366 0.8000000119
26213  22.792  -27.454  -9.416 0.8999999762
26214  21.799  -27.517  -9.772 0.8999999762
21778  23.715  -33.206  -11.135 0.6000000238
25615  21.374  -28.253  -9.779 0.8999999762
23444  22.137  -31.387  -11.479 0.6999999881
26215  20.788  -27.609  -10.414 0.8999999762
107540  20.805  -29.686  -11.759 0.6999999881
24994  19.755  -29.451  -11.529 0.8000000119
26230  20.120  -27.762  -11.329 0.8000000119
24993  20.365  -28.843  -11.829 0.6999999881
25649  19.920  -28.562  -11.608 0.8000000119
24974  19.555  -29.301  -11.372 0.8000000119
25648  20.218  -28.032  -11.891 0.8000000119
28305  30.549  -25.046  -5.588 0.6999999881
28323  31.042  -24.729  -6.461 0.6000000238
27563  23.515  -25.842  -9.789 0.8000000119
27564  22.450  -26.065  -10.053 0.8999999762
22614  23.487  -32.395  -11.387 0.6000000238
26835  21.186  -26.983  -10.384 0.8999999762
24222  21.541  -30.554  -11.626 0.8000000119
109206  20.439  -27.169  -10.955 0.8999999762
26231  20.030  -27.867  -11.805 0.8000000119
24992  21.404  -29.202  -11.681 0.6999999881
26851  20.248  -27.290  -11.728 0.8000000119
23443  23.197  -31.592  -11.507 0.6999999881
24221  22.756  -30.792  -11.517 0.5000000000
104338  22.227  -29.885  -11.541 0.6000000238
26850  20.584  -26.694  -11.216 0.8000000119
99052  22.290  -29.113  -11.442 0.6000000238
25647  21.406  -28.453  -11.692 0.6000000238
26247  20.296  -27.366  -11.871 0.8000000119
26246  21.070  -27.475  -11.943 0.6000000238
27575  22.753  -25.340  -10.364 0.8000000119
27593  21.935  -24.894  -11.077 0.8000000119
27576  21.600  -25.605  -10.779 0.8999999762
24991  23.322  -29.486  -11.180 0.6000000238
26867  20.512  -26.648  -11.979 0.8000000119
27577  20.774  -26.049  -11.449 0.8000000119
102969  20.625  -26.789  -12.035 0.6000000238
28366  23.130  -24.629  -10.696 0.8000000119
25646  22.811  -28.479  -11.288 0.6000000238
116759  21.997  -27.962  -11.527 0.6000000238
27594  20.760  -25.813  -12.240 0.8000000119
28378  21.272  -24.580  -11.975 0.8000000119
26872  21.920  -25.941  -12.409 0.6000000238
27610  20.846  -25.424  -12.744 0.6000000238
28393  20.820  -24.373  -13.399 0.6999999881
26245  22.630  -27.459  -11.531 0.6000000238
26866  21.498  -26.670  -12.084 0.6000000238
29123  24.563  -23.736  -10.822 0.8000000119
28377  22.414  -24.205  -11.452 0.8000000119
25631  23.822  -28.841  -10.931 0.6000000238
29124  23.561  -23.950  -11.093 0.8000000119
29134  21.654  -23.867  -12.379 0.8000000119
25645  23.830  -28.056  -11.030 0.6000000238
29148  21.006  -23.723  -13.335 0.6000000238
26229  24.820  -27.821  -10.804 0.5000000000
26865  22.949  -26.548  -11.888 0.6000000238
27609  20.998  -25.455  -13.016 0.6000000238
110617  23.940  -26.322  -11.816 0.6000000238
27608  22.339  -25.369  -12.998 0.6000000238
27616  21.379  -24.842  -13.651 0.6000000238
29132  24.038  -23.338  -11.563 0.8000000119
29133  22.849  -23.500  -11.916 0.8000000119
29837  24.570  -22.739  -12.026 0.8000000119
29146  23.408  -22.894  -12.444 0.6999999881
110049  24.073  -27.097  -11.386 0.6000000238
29160  20.888  -23.768  -13.934 0.6000000238
29159  21.099  -23.113  -14.189 0.6000000238
29147  21.962  -23.065  -13.086 0.6999999881
27592  24.330  -25.783  -12.121 0.5000000000
28408  20.963  -24.222  -14.050 0.6000000238
27615  22.714  -24.790  -13.747 0.6000000238
108089  24.739  -25.288  -12.418 0.5000000000
29851  25.094  -22.208  -12.474 0.6999999881
29852  24.051  -22.345  -12.893 0.6000000238
29158  21.767  -22.592  -14.117 0.6000000238
29853  22.789  -22.431  -13.465 0.6000000238
29881  21.659  -22.681  -14.795 0.6000000238
29865  23.467  -21.911  -13.854 0.6000000238
27607  23.782  -25.198  -12.942 0.5000000000
28406  22.915  -24.294  -14.479 0.6000000238
28407  21.939  -24.300  -14.341 0.6000000238
29173  21.351  -23.113  -14.860 0.6000000238
29866  22.319  -22.154  -14.502 0.6000000238
28405  23.847  -24.444  -13.960 0.6000000238
28419  23.413  -23.893  -14.893 0.6000000238
28391  24.752  -24.721  -13.002 0.5000000000
28404  24.908  -24.113  -13.756 0.5000000000
29157  25.044  -23.661  -14.708 0.5000000000
29864  24.619  -21.855  -13.312 0.6000000238
29171  22.960  -23.287  -15.414 0.6000000238
30651  24.154  -21.506  -14.254 0.6000000238
28418  24.195  -23.928  -14.640 0.5000000000
29170  24.007  -23.581  -15.362 0.6000000238
29182  24.750  -23.280  -15.697 0.5000000000
114218  26.028  -23.476  -14.426 0.4000000060
29169  25.617  -23.298  -15.126 0.4000000060
30679  23.085  -21.850  -15.720 0.6000000238
30668  22.991  -21.675  -14.894 0.5000000000
30666  24.935  -21.051  -14.583 0.5000000000
30650  25.114  -21.484  -13.715 0.5000000000
29184  22.050  -22.810  -15.301 0.6000000238
29183  23.876  -22.965  -15.868 0.6000000238
29181  25.667  -22.970  -15.835 0.4000000060
30665  25.908  -20.719  -14.410 0.4000000060
29898  22.971  -22.591  -15.707 0.6000000238
30678  23.645  -21.523  -16.177 0.5000000000
29896  24.760  -22.792  -16.431 0.4000000060
29897  23.809  -22.337  -16.333 0.6000000238
31504  23.907  -21.027  -16.513 0.4000000060
29908  25.262  -22.398  -16.959 0.4000000060
31503  24.616  -20.470  -16.466 0.4000000060
29909  24.529  -22.363  -16.812 0.4000000060
30688  24.050  -21.694  -16.950 0.4000000060
113766  24.816  -22.065  -17.130 0.4000000060
31501  26.889  -19.884  -15.297 0.4000000060
31502  25.794  -20.103  -15.802 0.4000000060
31515  24.145  -20.831  -17.186 0.4000000060
29907  26.130  -22.110  -17.182 0.4000000060
29914  25.541  -21.860  -17.325 0.4000000060
30695  25.466  -21.140  -17.685 0.4000000060
113238  24.795  -20.823  -17.525 0.4000000060
32245  26.352  -19.636  -16.177 0.4000000060
31513  25.225  -19.863  -16.850 0.4000000060
109615  26.431  -21.532  -17.789 0.3000000119
31514  24.751  -20.330  -17.328 0.4000000060
95206  26.944  -19.216  -16.426 0.4000000060
17109  20.061  -40.492  -7.415 0.8000000119
17750  20.161  -40.019  -7.237 0.8999999762
17749  21.033  -39.647  -6.783 0.8999999762
17101  20.723  -40.375  -6.605 0.8999999762
19632  25.106  -36.927  -5.039 0.8999999762
20270  25.059  -35.800  -5.728 1.0000000000
20269  25.630  -35.327  -5.453 1.0000000000
18409  22.879  -38.888  -6.155 0.8999999762
18407  24.136  -38.112  -5.267 0.8999999762
19048  23.830  -37.705  -5.990 0.8999999762
20284  24.527  -35.933  -6.325 1.0000000000
17741  22.301  -39.548  -6.180 0.8999999762
18416  23.074  -38.167  -6.429 0.8999999762
19057  24.155  -36.833  -6.178 1.0000000000
18417  22.075  -38.799  -6.739 0.8999999762
19656  23.031  -36.431  -7.192 0.8999999762
30667  23.730  -21.299  -15.368 0.4000000060
99188  25.295  -20.535  -15.272 0.4000000060
101545  26.378  -20.342  -14.836 0.4000000060
17666  25.759  -39.606  1.110 0.8999999762
17030  25.940  -40.647  -0.383 1.0000000000
15075  23.936  -43.410  -1.348 0.8000000119
117267  22.952  -39.301  1.746 0.8999999762
17665  26.103  -39.413  0.432 1.0000000000
17720  24.901  -39.743  -2.812 0.8999999762
16412  23.823  -40.838  -2.804 0.8000000119
17074  22.396  -40.700  -3.940 0.8000000119
16426  21.330  -41.504  -4.040 0.8000000119
17083  21.666  -40.873  -4.321 0.8000000119
17093  21.643  -40.302  -6.070 0.8999999762
18397  25.122  -38.075  -4.160 0.8999999762
20195  24.416  -35.075  -0.133 0.8999999762
23333  18.867  -31.936  -2.771 0.4000000060
23332  19.775  -31.925  -2.503 0.4000000060
19631  25.799  -36.590  -4.624 1.0000000000
19639  24.780  -36.473  -5.643 0.8999999762
16467  20.324  -41.135  -7.835 0.6999999881
21618  25.684  -33.782  -0.446 0.8999999762
18418  20.814  -38.915  -7.227 0.8999999762
15802  22.500  -42.038  -8.295 0.6000000238
22479  23.267  -32.573  -1.482 0.6999999881
19069  19.265  -37.969  -7.831 0.8999999762
19660  18.881  -37.414  -8.316 0.8999999762
17772  22.900  -39.369  -9.202 0.6999999881
22477  24.954  -31.678  -1.237 0.8000000119
21722  25.494  -33.825  -6.449 1.0000000000
19058  23.328  -37.209  -6.721 0.8999999762
19657  22.070  -36.530  -7.429 0.8999999762
19059  22.423  -37.818  -7.017 0.8999999762
19659  19.519  -37.181  -7.847 0.8999999762
24104  22.270  -30.262  -2.116 0.5000000000
21680  28.443  -33.284  -3.351 1.0000000000
20296  20.025  -36.174  -7.956 0.8999999762
23329  28.033  -31.348  -1.858 0.6999999881
22518  28.552  -32.566  -3.616 0.8999999762
118406  18.184  -35.166  -9.023 0.8999999762
24102  26.609  -30.034  -1.670 0.8000000119
24837  24.899  -29.888  -1.560 0.6000000238
102526  28.975  -30.337  -3.814 0.6999999881
24129  28.789  -30.784  -4.524 0.6999999881
21732  21.669  -33.737  -8.214 1.0000000000
20992  18.374  -34.652  -9.043 0.8999999762
24859  24.512  -29.242  -1.650 0.6000000238
24878  29.065  -29.609  -3.603 0.6999999881
25513  24.124  -28.506  -1.857 0.5000000000
26118  26.463  -27.473  -2.539 0.5000000000
24932  24.124  -29.939  -8.153 0.8999999762
25588  26.695  -28.275  -7.698 0.8000000119
25589  25.753  -28.629  -7.948 0.8000000119
106095  28.192  -27.396  -3.197 0.6999999881
25604  23.144  -28.826  -8.917 0.8999999762
23445  20.921  -31.206  -11.473 0.8000000119
24224  19.366  -30.226  -11.249 0.8000000119
26801  30.529  -26.511  -5.763 0.6999999881
27525  30.432  -26.116  -6.983 0.6999999881
26825  27.104  -26.167  -8.357 0.8000000119
25632  20.293  -28.331  -10.585 0.8999999762
26833  23.298  -26.707  -9.493 0.8999999762
26873  20.830  -26.051  -12.341 0.6999999881
28379  20.682  -24.989  -12.677 0.8000000119
27617  20.791  -24.897  -13.281 0.6000000238
26871  23.282  -25.888  -12.353 0.6000000238
29172  22.042  -23.290  -15.078 0.6000000238
29880  22.359  -22.234  -15.217 0.6000000238
31489  24.269  -20.870  -15.737 0.4000000060
32244  27.243  -19.506  -15.717 0.4000000060
31521  25.159  -20.411  -17.880 0.4000000060
11898  24.256  -48.292  5.121 0.4000000060
13022  23.602  -46.888  5.496 0.4000000060
112311  22.769  -46.674  5.780 0.4000000060
12454  24.454  -47.816  3.697 0.4000000060
13044  23.768  -46.222  5.021 0.4000000060
13023  22.140  -46.210  5.577 0.4000000060
12471  24.597  -47.150  3.134 0.3000000119
13043  24.260  -46.828  4.678 0.4000000060
99666  24.512  -47.430  2.253 0.4000000060
12485  24.213  -47.572  1.422 0.4000000060
12505  24.225  -46.857  0.685 0.4000000060
12518  23.289  -46.940  -0.122 0.4000000060
13726  23.463  -45.566  4.772 0.5000000000
13714  22.349  -45.350  4.928 0.4000000060
13738  24.457  -45.693  3.589 0.4000000060
13725  24.145  -45.965  4.408 0.4000000060
114350  24.669  -46.748  2.391 0.5000000000
112029  24.714  -46.329  1.173 0.4000000060
113590  24.080  -46.158  -0.114 0.4000000060
112711  23.239  -46.120  -0.502 0.5000000000
13798  22.749  -45.612  -0.902 0.5000000000
13809  22.260  -45.036  -1.411 0.6000000238
13133  21.834  -46.470  -0.933 0.5000000000
13154  21.275  -46.070  -1.387 0.6000000238
13810  20.573  -45.562  -1.930 0.4000000060
14377  23.181  -44.798  4.420 0.5000000000
114226  22.422  -44.554  4.381 0.5000000000
14378  21.670  -44.669  4.394 0.5000000000
14379  20.751  -44.812  4.204 0.5000000000
14386  24.414  -44.826  3.393 0.6000000238
14376  24.004  -45.166  4.144 0.6000000238
13749  24.752  -45.427  2.718 0.5000000000
104660  24.794  -44.548  2.574 0.6000000238
14408  25.045  -45.137  1.817 0.5000000000
13760  25.017  -45.651  0.997 0.5000000000
118727  24.664  -45.709  0.263 0.4000000060
13131  24.373  -45.333  -0.274 0.6000000238
14440  23.025  -44.926  -1.080 0.6000000238
108561  22.549  -44.258  -1.560 0.6000000238
14449  21.826  -44.476  -1.801 0.6000000238
14458  21.126  -44.160  -2.293 0.6000000238
14450  21.392  -45.120  -1.759 0.6000000238
14459  20.629  -44.793  -2.273 0.6000000238
108117  20.231  -44.222  -2.714 0.6000000238
15092  19.837  -43.763  -3.361 0.6000000238
14388  22.877  -44.069  4.026 0.5000000000
110689  22.043  -43.983  4.058 0.5000000000
14389  21.219  -44.115  3.892 0.5000000000
14390  20.320  -44.225  3.639 0.5000000000
14387  23.735  -44.360  3.822 0.6000000238
15026  24.828  -43.850  2.453 0.6000000238
14407  25.320  -44.797  1.010 0.5000000000
112066  25.180  -44.212  1.737 0.6000000238
13780  25.026  -45.099  0.299 0.6000000238
106441  24.729  -44.510  -0.379 0.6000000238
113576  22.437  -43.461  -1.947 0.6000000238
15091  20.577  -43.523  -2.945 0.6000000238
15111  20.145  -43.098  -3.732 0.6999999881
15018  21.624  -43.437  3.599 0.6000000238
110607  20.902  -43.598  3.520 0.5000000000
15019  20.291  -43.420  3.246 0.5000000000
15015  24.314  -43.875  3.134 0.6000000238
15016  23.421  -43.560  3.538 0.6000000238
15017  22.497  -43.408  3.644 0.6000000238
15027  20.246  -42.756  2.955 0.5000000000
15028  19.484  -43.216  2.883 0.5000000000
15668  23.984  -42.960  3.094 0.6000000238
14422  25.306  -44.323  0.354 0.6000000238
15761  20.385  -42.435  -4.085 0.6999999881
15670  22.062  -42.743  3.283 0.6000000238
15671  21.053  -42.841  3.219 0.6000000238
15669  23.035  -42.778  3.295 0.6000000238
15681  21.623  -42.014  2.955 0.6000000238
15682  20.651  -42.014  2.824 0.6000000238
15683  19.788  -42.294  2.692 0.6000000238
15684  18.933  -42.450  2.572 0.6000000238
15679  23.618  -42.146  2.887 0.6000000238
15685  17.900  -42.439  2.438 0.5000000000
109641  24.684  -43.190  2.589 0.6000000238
116707  17.833  -41.570  2.226 0.6000000238
15775  20.000  -42.188  -4.742 0.6999999881
15680  22.613  -42.029  2.957 0.6000000238
110772  20.497  -41.358  2.515 0.6000000238
16330  23.264  -41.265  2.595 0.6000000238
16331  22.174  -41.264  2.655 0.6000000238
16332  21.214  -41.241  2.608 0.6000000238
16334  19.382  -41.668  2.442 0.6000000238
16335  18.561  -41.657  2.342 0.6000000238
16355  18.254  -40.958  1.996 0.6000000238
15678  24.510  -42.386  2.574 0.6000000238
15693  25.695  -42.668  0.861 0.6000000238
16437  20.305  -41.643  -4.968 0.6999999881
16448  20.238  -41.754  -5.720 0.6999999881
16977  24.082  -40.925  2.367 0.6000000238
118634  21.146  -40.708  2.404 0.6999999881
16981  20.683  -40.804  2.365 0.6999999881
16354  24.786  -41.052  2.155 0.6000000238
16454  20.355  -41.449  -6.325 0.6999999881
16979  22.655  -40.523  2.351 0.6999999881
16978  23.548  -40.408  2.293 0.6999999881
17642  21.522  -39.906  1.980 0.6999999881
17004  20.340  -40.262  2.032 0.6999999881
16983  19.068  -40.981  2.172 0.6000000238
17005  19.552  -40.330  1.874 0.6999999881
18319  19.636  -39.158  1.026 0.6000000238
110164  18.558  -39.820  1.276 0.5000000000
17640  23.047  -39.908  2.107 0.6999999881
17641  22.265  -39.808  1.964 0.6999999881
17657  21.683  -39.363  1.581 0.6999999881
18318  20.392  -39.071  1.155 0.6999999881
17668  18.073  -39.525  0.880 0.5000000000
18327  20.698  -38.496  0.687 0.6999999881
107131  20.046  -38.692  0.697 0.6000000238
18328  19.368  -38.632  0.361 0.6000000238
27535  28.476  -25.877  -7.949 0.6999999881
113866  26.673  -25.818  -8.668 0.6999999881
27534  29.675  -25.828  -7.554 0.6000000238
27547  28.952  -25.204  -8.180 0.6000000238
27551  25.969  -25.764  -8.969 0.6999999881
27560  26.087  -24.957  -9.328 0.6999999881
27562  24.460  -25.577  -9.595 0.6999999881
28353  23.809  -25.102  -10.100 0.6999999881
28340  30.132  -24.888  -7.974 0.6000000238
27548  28.031  -25.374  -8.426 0.6999999881
27550  26.724  -25.267  -8.962 0.6999999881
28334  31.081  -24.606  -7.465 0.6000000238
27561  25.310  -25.306  -9.433 0.6999999881
28352  24.727  -24.850  -9.894 0.6999999881
103219  24.165  -24.391  -10.445 0.6999999881
103307  29.193  -24.561  -8.466 0.6000000238
29095  28.797  -24.085  -8.976 0.6000000238
28349  27.874  -24.268  -9.214 0.6999999881
29108  25.812  -23.941  -10.040 0.6999999881
28365  25.051  -24.175  -10.246 0.6999999881
28339  30.808  -24.249  -8.096 0.6000000238
29104  29.295  -23.396  -9.330 0.5000000000
29105  28.314  -23.548  -9.514 0.6000000238
29106  27.412  -23.699  -9.689 0.5000000000
29107  26.577  -23.817  -9.876 0.6999999881
29824  26.683  -22.724  -10.809 0.6999999881
29131  25.040  -23.149  -11.295 0.6999999881
29906  27.706  -22.117  -16.764 0.3000000119
98544  26.711  -22.293  -16.840 0.3000000119
29895  25.798  -22.579  -16.641 0.3000000119
12409  23.779  -47.811  5.827 0.4000000060
11885  23.065  -48.318  6.396 0.3000000119
12410  21.572  -47.631  6.747 0.4000000060
11911  24.374  -48.289  4.235 0.3000000119
12428  22.016  -46.973  6.147 0.4000000060
11940  24.206  -48.191  2.080 0.4000000060
13715  21.497  -45.849  5.284 0.4000000060
11941  23.685  -48.277  1.356 0.4000000060
12486  23.591  -47.667  0.653 0.4000000060
12506  22.780  -47.877  0.074 0.4000000060
13132  22.532  -46.356  -0.677 0.5000000000
13155  20.487  -46.472  -1.533 0.4000000060
13728  20.278  -45.480  4.608 0.4000000060
13823  19.803  -45.021  -2.531 0.5000000000
13739  19.189  -45.373  3.718 0.5000000000
14474  19.076  -44.114  -3.712 0.6000000238
14391  19.514  -44.633  3.454 0.5000000000
15020  18.981  -44.206  2.992 0.5000000000
15029  18.457  -43.479  2.668 0.5000000000
15762  19.759  -42.742  -4.426 0.6000000238
16336  17.112  -41.837  2.252 0.4000000060
16356  17.400  -41.080  1.886 0.5000000000
17007  17.875  -40.301  1.439 0.5000000000
15790  19.922  -42.131  -6.529 0.8000000119
16461  20.027  -41.413  -7.154 0.6999999881
18330  17.511  -39.185  0.310 0.5000000000
18329  18.410  -38.874  0.316 0.6000000238
26139  28.973  -27.461  -3.654 0.6000000238
26776  28.962  -26.019  -4.073 0.6000000238
29093  30.845  -23.574  -8.433 0.5000000000
29103  30.270  -23.196  -9.118 0.5000000000
29805  29.718  -22.697  -9.727 0.5000000000
29807  27.895  -23.032  -10.085 0.5000000000
29823  27.510  -22.563  -10.641 0.5000000000
29834  27.171  -22.187  -11.258 0.5000000000
30622  26.837  -21.830  -11.917 0.5000000000
29893  28.697  -21.959  -16.624 0.3000000119
98562  28.017  -21.867  -17.447 0.3000000119
15677  25.221  -42.720  1.905 0.6000000238
15025  25.091  -43.483  2.027 0.6000000238
108037  25.477  -44.109  0.974 0.6000000238
18326  21.464  -38.264  0.734 0.8000000119
15746  20.853  -42.821  -3.307 0.6999999881
16427  20.621  -41.816  -4.454 0.6999999881
16447  20.689  -41.242  -5.331 0.6999999881
27536  27.719  -25.905  -8.248 0.6999999881
29836  25.510  -22.558  -11.715 0.6000000238
17102  20.170  -40.746  -6.884 0.8000000119
15798  20.075  -42.294  -7.279 0.6999999881
28342  27.505  -24.944  -8.859 0.6999999881
12426  24.171  -47.473  5.196 0.4000000060
109751  24.500  -47.199  3.966 0.4000000060
11932  24.394  -47.995  2.891 0.3000000119
13075  24.682  -46.279  2.931 0.5000000000
13727  21.203  -45.346  4.776 0.5000000000
12519  22.122  -47.214  -0.487 0.3000000119
13811  19.798  -45.961  -2.133 0.4000000060
13729  19.473  -45.691  4.388 0.5000000000
17667  18.877  -39.283  0.879 0.6000000238
115026  26.170  -24.341  -9.651 0.6999999881
28341  28.357  -24.722  -8.670 0.6999999881
28350  26.909  -24.482  -9.383 0.6999999881
29094  29.895  -23.975  -8.594 0.6000000238
29121  26.229  -23.364  -10.421 0.6999999881
29122  25.434  -23.546  -10.609 0.6999999881
29806  28.784  -22.868  -9.901 0.5000000000
29120  27.046  -23.183  -10.258 0.5000000000
29835  26.354  -22.373  -11.467 0.6999999881
29092  31.297  -23.111  -8.099 0.5000000000
29821  29.253  -22.275  -10.354 0.5000000000
29822  28.367  -22.429  -10.500 0.5000000000
30621  27.648  -21.666  -11.729 0.5000000000
15797  21.527  -42.535  -7.964 0.5000000000
15164  20.254  -42.962  -7.305 0.6000000238
16460  20.488  -41.934  -7.781 0.6000000238
15795  23.055  -42.304  -7.658 0.5000000000
16466  21.299  -41.705  -8.267 0.6000000238
19600  18.343  -36.172  -1.334 0.5000000000
16453  23.582  -41.801  -7.440 0.5000000000
16458  23.993  -41.232  -7.644 0.5000000000
100609  18.660  -35.391  -1.525 0.4000000060
20220  17.790  -35.477  -1.532 0.4000000060
20896  17.250  -34.797  -1.776 0.4000000060
16459  23.397  -41.642  -8.094 0.5000000000
17100  24.470  -40.787  -6.923 0.5000000000
17108  23.888  -40.873  -8.417 0.5000000000
20916  17.686  -34.107  -2.109 0.4000000060
17106  24.438  -40.553  -7.876 0.5000000000
17107  24.402  -40.301  -8.534 0.5000000000
21661  17.619  -33.364  -2.622 0.4000000060
24105  21.282  -30.289  -2.405 0.4000000060
112087  20.533  -30.643  -2.543 0.4000000060
24864  20.090  -29.991  -2.825 0.4000000060
24106  19.695  -30.556  -2.853 0.3000000119
26120  24.726  -27.726  -2.152 0.4000000060
26121  23.683  -27.711  -2.326 0.4000000060
24861  22.828  -29.379  -2.093 0.4000000060
118660  22.100  -29.327  -2.344 0.4000000060
26739  24.201  -26.881  -2.623 0.4000000060
25515  22.392  -28.630  -2.395 0.4000000060
24862  21.464  -29.571  -2.476 0.4000000060
26123  21.896  -27.964  -2.681 0.4000000060
25516  21.613  -28.756  -2.583 0.4000000060
24880  20.175  -29.314  -3.041 0.4000000060
25514  23.223  -28.555  -2.154 0.4000000060
26738  25.116  -26.803  -2.558 0.4000000060
26740  23.213  -26.894  -2.807 0.4000000060
26122  22.757  -27.804  -2.509 0.4000000060
26142  22.299  -27.198  -2.971 0.4000000060
26143  21.479  -27.400  -3.245 0.4000000060
25517  20.859  -28.996  -2.769 0.4000000060
27479  21.667  -26.010  -4.064 0.4000000060
25536  20.668  -27.635  -3.516 0.4000000060
25537  20.287  -28.464  -3.322 0.4000000060
26140  27.342  -27.425  -2.816 0.4000000060
115302  25.059  -25.526  -3.265 0.4000000060
26759  23.839  -26.180  -3.153 0.4000000060
26141  26.752  -26.690  -2.929 0.4000000060
26756  26.220  -26.002  -3.134 0.4000000060
26757  25.465  -26.037  -2.941 0.4000000060
102391  24.322  -25.406  -3.486 0.4000000060
27477  23.417  -25.627  -3.587 0.4000000060
109571  23.129  -26.235  -3.320 0.4000000060
106987  21.927  -26.640  -3.513 0.4000000060
109975  22.195  -25.334  -4.196 0.4000000060
26761  21.008  -26.764  -3.874 0.4000000060
26754  28.478  -26.717  -3.551 0.5000000000
27473  27.924  -25.959  -3.555 0.5000000000
26755  27.020  -26.010  -3.382 0.5000000000
27475  26.455  -25.351  -3.560 0.4000000060
27476  25.709  -25.414  -3.401 0.4000000060
28275  25.119  -24.821  -3.628 0.4000000060
27478  22.545  -25.921  -3.693 0.4000000060
28290  24.771  -24.175  -4.112 0.4000000060
118513  24.383  -24.714  -3.850 0.4000000060
27474  27.312  -25.291  -3.711 0.4000000060
113322  26.254  -24.255  -4.161 0.4000000060
28289  25.591  -24.171  -4.110 0.4000000060
29031  26.941  -23.317  -4.742 0.4000000060
29730  27.041  -22.463  -5.190 0.4000000060
29731  26.050  -22.883  -4.941 0.4000000060
29748  25.507  -22.156  -5.321 0.4000000060
27490  29.248  -25.195  -4.473 0.5000000000
113285  28.956  -23.843  -4.803 0.5000000000
29030  27.927  -23.726  -4.501 0.4000000060
115230  26.662  -21.880  -5.545 0.4000000060
29747  26.243  -22.260  -5.361 0.4000000060
30544  25.008  -21.345  -6.260 0.3000000119
28288  27.601  -24.551  -4.071 0.5000000000
101559  26.893  -24.081  -4.414 0.4000000060
29032  26.151  -23.706  -4.507 0.4000000060
29732  24.529  -22.914  -4.707 0.4000000060
117606  25.218  -22.697  -4.852 0.4000000060
29051  28.703  -23.126  -4.972 0.5000000000
29052  27.758  -22.912  -4.819 0.4000000060
30523  25.424  -21.646  -5.818 0.3000000119
28324  30.439  -24.072  -5.646 0.5000000000
29746  28.370  -22.246  -5.241 0.4000000060
30522  27.433  -21.681  -5.569 0.4000000060
30542  26.626  -21.252  -6.010 0.4000000060
108683  26.027  -21.769  -5.712 0.3000000119
31363  25.282  -20.929  -6.763 0.3000000119
31364  24.543  -21.099  -6.869 0.3000000119
29071  30.352  -22.987  -5.747 0.5000000000
106185  30.918  -23.803  -6.246 0.5000000000
29769  29.472  -21.753  -5.748 0.3000000119
30521  28.439  -21.517  -5.747 0.4000000060
30541  27.690  -20.984  -6.038 0.4000000060
31362  26.071  -20.809  -6.703 0.3000000119
114158  24.880  -20.679  -7.282 0.3000000119
31383  24.207  -20.745  -7.547 0.3000000119
29745  29.519  -22.535  -5.455 0.3000000119
29070  31.038  -23.128  -6.510 0.4000000060
29086  31.282  -23.871  -7.780 0.4000000060
30540  28.913  -20.933  -6.171 0.3000000119
31361  26.945  -20.595  -6.604 0.3000000119
32135  25.838  -19.908  -7.852 0.3000000119
31382  25.545  -20.460  -7.297 0.3000000119
31401  23.911  -20.285  -8.244 0.3000000119
31402  23.050  -20.345  -8.442 0.3000000119
32136  24.882  -20.201  -7.939 0.3000000119
32153  24.432  -19.667  -8.700 0.3000000119
32154  23.502  -19.777  -8.874 0.3000000119
29768  30.031  -21.918  -5.899 0.3000000119
29767  30.708  -22.219  -6.304 0.3000000119
106032  31.246  -21.616  -7.099 0.3000000119
29798  31.014  -22.833  -8.831 0.4000000060
29804  30.576  -22.449  -9.497 0.4000000060
29820  30.151  -22.090  -10.186 0.4000000060
32155  22.660  -19.947  -9.014 0.3000000119
31359  29.644  -20.571  -6.451 0.3000000119
30539  30.156  -21.183  -6.174 0.3000000119
108491  30.701  -21.549  -6.272 0.3000000119
30538  31.207  -21.224  -6.901 0.3000000119
29797  31.282  -22.309  -8.422 0.3000000119
30584  31.307  -21.499  -8.707 0.4000000060
31412  31.291  -20.461  -9.623 0.3000000119
29803  31.201  -22.085  -9.192 0.4000000060
30593  30.870  -21.742  -9.862 0.4000000060
30607  29.679  -21.639  -10.779 0.4000000060
30619  29.238  -21.247  -11.424 0.4000000060
29833  27.988  -22.023  -11.092 0.4000000060
114768  31.096  -21.181  -6.787 0.3000000119
30592  31.221  -21.276  -9.430 0.3000000119
30605  31.137  -20.979  -10.151 0.3000000119
30618  30.114  -21.017  -11.254 0.4000000060
30620  28.431  -21.475  -11.568 0.4000000060
31459  28.479  -20.601  -12.784 0.4000000060
30634  28.093  -21.176  -12.234 0.4000000060
30636  26.507  -21.539  -12.691 0.4000000060
29850  26.003  -22.045  -12.179 0.5000000000
100047  31.379  -19.582  -9.627 0.3000000119
31439  31.205  -19.708  -11.231 0.3000000119
31424  30.930  -20.663  -10.927 0.3000000119
31440  30.536  -20.352  -11.672 0.4000000060
31457  30.192  -20.110  -12.262 0.4000000060
31458  29.635  -20.117  -12.658 0.4000000060
31442  28.809  -20.892  -12.046 0.4000000060
31473  29.083  -20.186  -12.967 0.3000000119
30648  27.076  -21.049  -13.172 0.3000000119
30637  25.594  -21.723  -12.962 0.4000000060
31476  26.798  -20.659  -13.981 0.3000000119
30649  26.022  -21.162  -13.606 0.3000000119
32175  31.456  -19.071  -10.305 0.3000000119
32192  31.301  -19.206  -11.936 0.3000000119
32193  30.816  -19.719  -12.129 0.3000000119
32206  30.289  -19.644  -12.789 0.3000000119
32207  29.527  -19.641  -13.435 0.3000000119
31474  28.684  -20.097  -13.473 0.3000000119
31475  27.814  -20.525  -13.556 0.3000000119
31488  27.392  -20.190  -14.471 0.3000000119
31487  28.277  -19.950  -14.181 0.3000000119
109198  31.392  -17.750  -11.187 0.3000000119
32217  31.008  -18.614  -13.392 0.3000000119
32218  30.439  -19.132  -13.429 0.3000000119
32228  29.944  -19.028  -14.070 0.3000000119
32229  29.324  -19.313  -14.155 0.3000000119
102127  28.769  -19.412  -14.565 0.3000000119
32230  27.923  -19.641  -15.057 0.3000000119
32243  28.629  -19.042  -15.328 0.3000000119
112220  27.812  -19.135  -15.817 0.3000000119
27491  28.270  -25.204  -3.917 0.5000000000
15785  19.776  -42.232  -5.574 0.6000000238
109848  19.504  -42.658  -6.318 0.5000000000
15165  19.693  -42.812  -6.912 0.5000000000
15163  21.143  -43.120  -7.492 0.5000000000
15155  19.815  -43.499  -6.917 0.5000000000
113928  23.439  -42.252  -6.799 0.5000000000
116679  22.712  -43.034  -6.894 0.5000000000
15162  22.006  -43.126  -7.534 0.5000000000
18348  19.602  -37.962  -0.240 0.6000000238
18349  18.799  -38.239  -0.236 0.6000000238
105076  19.094  -37.626  -0.567 0.6000000238
18994  18.364  -37.638  -0.675 0.5000000000
18995  17.466  -37.543  -0.822 0.5000000000
19601  17.425  -36.221  -1.337 0.5000000000
19602  16.436  -36.261  -1.430 0.5000000000
100709  16.813  -35.518  -1.573 0.4000000060
108059  16.837  -34.387  -2.174 0.4000000060
21662  16.837  -33.883  -2.600 0.4000000060
21682  17.261  -32.933  -3.197 0.4000000060
23345  18.507  -31.301  -3.209 0.3000000119
24121  18.945  -30.552  -3.233 0.3000000119
24881  19.438  -29.730  -3.268 0.4000000060
26159  20.196  -27.196  -4.068 0.4000000060
108478  19.666  -28.940  -3.425 0.4000000060
26778  20.375  -26.570  -4.376 0.4000000060
28276  23.722  -24.955  -3.900 0.4000000060
27494  20.532  -25.243  -4.893 0.4000000060
28292  23.235  -24.550  -4.263 0.4000000060
118539  22.595  -24.787  -4.314 0.4000000060
28291  23.995  -24.356  -4.240 0.4000000060
29036  22.609  -24.072  -4.517 0.4000000060
29749  24.696  -22.235  -5.110 0.4000000060
30524  24.834  -21.728  -5.669 0.4000000060
30545  24.271  -21.454  -6.234 0.3000000119
31365  23.668  -21.256  -7.001 0.3000000119
31384  23.371  -20.759  -7.778 0.3000000119
16452  24.051  -41.518  -6.659 0.5000000000
106098  19.710  -26.767  -4.583 0.4000000060
27495  20.074  -26.077  -4.801 0.4000000060
29035  23.483  -23.886  -4.476 0.4000000060
22503  17.877  -32.702  -2.928 0.4000000060
26119  25.631  -27.540  -2.327 0.4000000060
27489  29.891  -25.869  -4.632 0.5000000000
28322  31.265  -23.950  -6.970 0.5000000000
26737  25.946  -26.716  -2.681 0.4000000060
27510  30.039  -25.270  -4.955 0.5000000000
30635  27.343  -21.378  -12.424 0.4000000060
109137  20.653  -42.555  -7.620 0.6000000238
15796  22.423  -42.664  -7.754 0.5000000000
115278  21.108  -28.188  -2.971 0.4000000060
26144  19.999  -27.822  -3.752 0.4000000060
101758  27.598  -26.692  -3.229 0.5000000000
28293  21.960  -24.736  -4.497 0.4000000060
26777  20.866  -26.028  -4.473 0.4000000060
28273  26.724  -24.679  -3.920 0.4000000060
29033  25.240  -23.449  -4.506 0.4000000060
28306  29.712  -24.456  -4.954 0.5000000000
28287  28.623  -24.474  -4.416 0.5000000000
29050  29.640  -23.439  -5.249 0.5000000000
29744  31.005  -21.335  -6.811 0.3000000119
29069  31.290  -23.206  -7.310 0.4000000060
29788  31.286  -22.424  -7.612 0.3000000119
30606  30.521  -21.383  -10.553 0.4000000060
31378  30.686  -20.513  -7.020 0.3000000119
31441  29.639  -20.588  -11.961 0.4000000060
31423  31.297  -20.097  -10.319 0.3000000119
117536  27.770  -20.934  -12.820 0.4000000060
32899  31.388  -18.619  -11.215 0.3000000119
115987  31.443  -18.165  -11.641 0.3000000119
32205  31.093  -19.085  -12.737 0.3000000119
27493  21.416  -25.354  -4.487 0.4000000060
16357  16.524  -41.354  1.827 0.4000000060
17008  16.869  -40.605  1.386 0.4000000060
17009  15.942  -40.915  1.323 0.4000000060
17020  16.329  -40.218  0.826 0.3000000119
17019  17.221  -39.893  0.860 0.4000000060
105824  16.638  -39.542  0.315 0.3000000119
101891  18.810  -44.858  -3.153 0.5000000000
18350  17.782  -38.397  -0.307 0.5000000000
105356  16.847  -38.863  -0.195 0.3000000119
15112  19.382  -43.378  -4.194 0.5000000000
15134  18.837  -43.236  -4.908 0.5000000000
14475  18.178  -44.516  -4.049 0.5000000000
15776  19.298  -42.666  -5.061 0.5000000000
14493  17.761  -44.432  -5.042 0.5000000000
15157  18.589  -44.060  -6.256 0.3000000119
15786  19.232  -42.774  -5.853 0.5000000000
15148  18.813  -43.277  -5.714 0.4000000060
15156  19.193  -43.333  -6.487 0.4000000060
13884  18.703  -44.912  -6.348 0.3000000119
14525  19.279  -44.161  -6.643 0.3000000119
13883  19.654  -44.854  -6.544 0.3000000119
14522  21.839  -44.185  -6.241 0.3000000119
14510  20.684  -44.859  -6.354 0.3000000119
14524  20.170  -44.226  -6.796 0.4000000060
20221  16.305  -34.905  -1.968 0.3000000119
15147  22.363  -43.768  -6.077 0.4000000060
14523  21.159  -44.253  -6.613 0.4000000060
20917  16.143  -34.455  -2.616 0.3000000119
22520  17.365  -32.434  -3.486 0.3000000119
25539  18.894  -28.918  -3.779 0.3000000119
25538  19.524  -28.297  -3.753 0.3000000119
115244  18.951  -28.152  -4.168 0.3000000119
26160  19.418  -27.557  -4.275 0.3000000119
29037  21.661  -24.038  -4.695 0.3000000119
28294  21.241  -24.715  -4.697 0.3000000119
28307  20.678  -24.177  -5.001 0.3000000119
28308  19.764  -24.739  -5.440 0.3000000119
28309  18.908  -24.866  -5.922 0.3000000119
29733  23.728  -23.129  -4.654 0.3000000119
29734  23.021  -23.352  -4.619 0.3000000119
29053  22.185  -23.159  -4.794 0.3000000119
29054  21.260  -23.405  -4.868 0.3000000119
29055  20.499  -23.206  -5.126 0.3000000119
29750  23.920  -22.409  -4.978 0.3000000119
106585  23.349  -21.964  -5.353 0.3000000119
101805  22.282  -22.230  -5.148 0.3000000119
29752  21.276  -22.526  -5.113 0.3000000119
30526  22.625  -21.678  -5.712 0.3000000119
30527  21.638  -21.755  -5.625 0.3000000119
30528  20.698  -21.901  -5.640 0.3000000119
30525  24.095  -21.850  -5.542 0.3000000119
109729  23.474  -21.545  -6.046 0.3000000119
30547  21.983  -21.402  -6.441 0.3000000119
14460  19.550  -44.358  -3.046 0.5000000000
15153  21.762  -43.662  -6.897 0.4000000060
115395  22.845  -22.064  -5.225 0.3000000119
18351  16.852  -38.104  -0.607 0.3000000119
19015  17.058  -36.889  -1.168 0.3000000119
13716  19.820  -46.067  5.019 0.4000000060
13045  19.037  -46.151  4.826 0.4000000060
13730  18.745  -46.050  4.024 0.4000000060
13062  17.574  -46.642  3.012 0.4000000060
13750  17.596  -45.316  2.476 0.3000000119
14392  18.910  -44.980  3.255 0.4000000060
13741  17.924  -45.971  2.868 0.4000000060
14400  17.914  -44.349  2.600 0.4000000060
13134  21.234  -46.920  -1.020 0.3000000119
14399  18.336  -44.995  2.842 0.4000000060
15031  16.587  -43.606  2.338 0.3000000119
15687  16.180  -42.872  2.295 0.3000000119
15030  17.486  -43.504  2.501 0.4000000060
15695  14.800  -42.201  1.619 0.3000000119
15036  14.724  -43.248  1.781 0.3000000119
16373  14.970  -41.301  1.136 0.3000000119
15686  16.906  -42.697  2.403 0.4000000060
16337  16.286  -42.140  2.180 0.3000000119
16358  15.644  -41.713  1.733 0.3000000119
13046  18.334  -46.458  4.473 0.4000000060
13061  18.038  -46.487  3.556 0.4000000060
17021  15.527  -40.549  0.694 0.3000000119
107597  20.660  -45.953  5.195 0.3000000119
103552  14.170  -41.953  1.128 0.3000000119
11377  24.227  -49.049  4.384 0.3000000119
11922  24.300  -48.553  3.547 0.3000000119
12427  22.991  -47.359  6.116 0.4000000060
12441  24.386  -47.654  4.485 0.4000000060
13060  24.484  -46.521  3.796 0.4000000060
13076  17.303  -46.290  2.508 0.4000000060
13092  24.604  -46.844  1.648 0.4000000060
13112  24.574  -46.161  0.571 0.4000000060
13713  23.046  -46.108  5.333 0.4000000060
13740  18.528  -45.684  3.343 0.4000000060
13761  24.860  -46.070  1.955 0.5000000000
13797  23.539  -45.493  -0.618 0.6000000238
13799  22.012  -45.784  -1.194 0.6000000238
14380  19.923  -45.044  3.993 0.5000000000
14511  17.969  -44.661  -5.946 0.3000000119
15065  25.207  -43.728  -0.298 0.8000000119
15066  24.638  -43.522  -0.945 0.8000000119
15076  23.257  -43.747  -1.493 0.6999999881
15113  18.521  -43.862  -4.555 0.5000000000
15149  18.300  -43.875  -5.473 0.5000000000
15154  20.695  -43.649  -7.112 0.5000000000
15694  15.521  -42.584  2.045 0.3000000119
16328  25.029  -41.819  2.099 0.8000000119
16329  24.258  -41.590  2.491 0.6000000238
16333  20.045  -41.674  2.538 0.6000000238
16414  22.615  -41.658  -3.001 0.8000000119
16980  21.716  -40.524  2.333 0.6999999881
16982  19.928  -41.015  2.272 0.6000000238
17001  24.429  -40.348  2.106 0.8999999762
17003  21.043  -40.279  2.195 0.6999999881
17006  18.765  -40.358  1.700 0.5000000000
17017  26.080  -39.881  -0.330 1.0000000000
17050  26.012  -40.180  -0.913 1.0000000000
17658  20.875  -39.624  1.691 0.6999999881
17659  19.991  -39.683  1.540 0.6999999881
17660  19.224  -39.757  1.390 0.6000000238
17685  26.377  -39.141  -0.296 1.0000000000
17719  25.656  -39.426  -2.351 1.0000000000
18317  21.165  -38.899  1.189 0.8000000119
18325  22.290  -38.045  0.880 0.8999999762
18427  19.055  -37.957  -8.049 0.8999999762
18431  25.340  -38.648  -8.982 0.6000000238
18979  20.179  -38.220  0.200 0.8000000119
18991  26.914  -37.557  -0.244 1.0000000000
18992  21.180  -37.226  -0.295 0.6999999881
18996  16.740  -37.431  -0.976 0.3000000119
19014  17.953  -36.910  -1.119 0.5000000000
19066  22.570  -37.071  -7.174 0.8999999762
19077  18.586  -37.040  -8.689 0.8999999762
19085  18.676  -37.117  -8.924 0.8999999762
19613  15.821  -35.642  -1.826 0.3000000119
20217  21.164  -35.218  -1.373 0.6999999881
20219  19.515  -35.162  -1.517 0.6000000238
20304  18.203  -36.040  -8.904 0.8999999762
20305  18.161  -35.620  -9.011 0.8999999762
20314  18.349  -35.920  -9.221 0.8999999762
20889  27.053  -33.967  -0.659 1.0000000000
20892  21.051  -34.533  -1.568 0.6999999881
20915  18.332  -33.647  -2.171 0.5000000000
21658  20.221  -33.139  -1.925 0.5000000000
21659  19.524  -33.116  -2.120 0.5000000000
21757  18.519  -33.883  -9.018 0.8999999762
22545  28.316  -31.885  -5.157 0.8000000119
22615  22.546  -32.167  -11.253 0.6999999881
23446  19.703  -31.016  -11.277 0.8000000119
24195  19.139  -30.642  -10.590 0.8999999762
24209  19.124  -30.368  -10.925 0.8999999762
24863  20.715  -29.787  -2.637 0.4000000060
25633  19.886  -28.498  -11.458 0.8000000119
26173  29.937  -27.854  -5.337 0.6999999881
26182  30.403  -27.036  -6.056 0.6999999881
26196  26.112  -27.035  -8.366 0.8000000119
26758  24.669  -26.092  -2.960 0.4000000060
26760  22.614  -26.577  -3.268 0.4000000060
26834  22.172  -26.812  -9.855 0.8999999762
26849  21.407  -26.313  -10.525 0.8999999762
27492  22.955  -25.180  -3.986 0.4000000060
27549  27.274  -25.575  -8.581 0.6999999881
28274  25.968  -24.735  -3.746 0.4000000060
28351  25.519  -24.590  -9.736 0.6999999881
28392  20.894  -24.307  -12.777 0.6000000238
28420  22.485  -23.813  -14.923 0.6000000238
28421  21.565  -23.664  -14.657 0.6000000238
28422  21.056  -23.525  -14.377 0.6000000238
29034  24.304  -23.675  -4.464 0.4000000060
29751  23.060  -22.575  -4.872 0.3000000119
29766  31.145  -22.345  -6.801 0.3000000119
29825  25.880  -22.932  -11.033 0.6999999881
30543  25.736  -21.320  -6.241 0.3000000119
30608  28.810  -21.830  -10.930 0.4000000060
30696  24.780  -21.431  -17.330 0.4000000060
31358  31.219  -20.986  -7.025 0.3000000119
31366  22.916  -21.077  -7.353 0.3000000119
31490  23.786  -21.154  -16.012 0.4000000060
32219  28.893  -19.637  -13.929 0.3000000119
98743  31.472  -17.770  -12.020 0.3000000119
99436  24.038  -40.462  -2.995 0.8999999762
101875  19.711  -43.935  3.233 0.5000000000
102555  22.407  -47.706  6.455 0.4000000060
103838  31.278  -21.599  -7.885 0.3000000119
106361  28.502  -32.626  -2.694 1.0000000000
107116  29.122  -20.481  -12.484 0.4000000060
108553  21.777  -35.001  -7.832 0.8999999762
108555  25.485  -42.025  1.475 0.6000000238
109001  23.277  -30.312  -11.351 0.5000000000
109404  22.700  -38.630  1.345 0.8999999762
109739  20.998  -40.878  -6.123 0.8999999762
110114  25.026  -30.856  -7.517 0.8999999762
110380  24.850  -28.547  -1.786 0.5000000000
112151  24.665  -29.505  -8.070 0.8000000119
114530  24.726  -37.651  -10.220 0.6000000238
115159  20.955  -25.326  -11.716 0.8000000119
115597  19.319  -42.955  -4.644 0.5000000000
116295  18.434  -44.254  2.755 0.5000000000
