#!ascii label  , from subject sub-v1s20x0050288_ses-1 vox2ras=TkReg
1163
349  28.288  -78.691  0.503 0.5000000000
3324  13.725  -67.317  -2.065 0.6000000238
3820  12.992  -66.967  -2.635 0.6000000238
4289  12.663  -66.199  -2.142 0.6000000238
3821  12.258  -66.552  -3.500 0.6999999881
4290  12.103  -65.584  -2.722 0.6000000238
112493  12.459  -66.329  -5.485 0.6999999881
4305  11.778  -65.714  -5.139 0.6000000238
2519  21.748  -69.667  3.526 0.5000000000
118680  24.326  -71.734  3.466 0.6000000238
1883  23.591  -71.547  3.456 0.6000000238
2171  22.379  -70.444  3.442 0.5000000000
110371  25.399  -73.662  3.471 0.5000000000
1608  24.840  -72.295  3.482 0.4000000060
1884  22.682  -71.359  3.424 0.6000000238
94788  17.397  -65.266  2.159 0.5000000000
725  27.602  -76.007  0.826 0.4000000060
4224  16.732  -65.581  1.572 0.5000000000
4678  16.651  -64.763  2.018 0.5000000000
114508  16.281  -65.782  1.056 0.6000000238
3792  14.785  -66.539  -0.639 0.6000000238
113058  14.392  -67.607  -1.696 0.6000000238
3352  13.628  -67.818  -3.867 0.6999999881
94761  14.171  -66.985  -1.322 0.6000000238
3839  12.838  -67.373  -3.869 0.6999999881
3381  13.678  -67.736  -5.239 0.6000000238
3369  13.125  -67.597  -4.888 0.6999999881
3380  14.402  -67.906  -5.096 0.6000000238
99209  13.679  -67.090  -5.465 0.6000000238
3852  13.051  -67.086  -5.415 0.6999999881
3367  14.992  -67.328  -4.672 0.6999999881
4761  11.427  -64.981  -4.731 0.6000000238
108257  22.041  -67.913  3.434 0.5000000000
2517  23.195  -69.981  3.294 0.6000000238
2856  23.019  -68.467  3.005 0.5000000000
1882  24.927  -71.526  3.295 0.6000000238
2169  24.305  -70.929  3.303 0.6999999881
2170  23.351  -70.714  3.399 0.6000000238
1135  25.741  -74.335  3.344 0.4000000060
94780  17.436  -66.666  0.824 0.5000000000
94784  17.415  -65.985  1.536 0.5000000000
353  28.669  -77.586  -0.630 0.5000000000
94785  16.746  -66.214  1.083 0.5000000000
98160  15.647  -67.840  -1.028 0.6999999881
94771  16.098  -66.981  0.198 0.6000000238
97831  15.047  -68.139  -1.826 0.6999999881
94768  14.895  -67.455  -1.084 0.6000000238
94767  15.512  -67.192  -0.430 0.6000000238
98317  14.234  -67.923  -2.665 0.6999999881
99098  14.592  -68.501  -5.011 0.6000000238
97373  14.400  -68.295  -3.800 0.6000000238
116666  14.730  -68.699  -5.224 0.6000000238
98033  13.872  -68.084  -4.800 0.6000000238
110421  15.364  -68.059  -4.777 0.6000000238
3351  15.977  -67.418  -4.220 0.6999999881
4779  12.868  -64.679  -5.814 0.6999999881
4771  11.176  -64.249  -5.697 0.5000000000
3861  13.927  -66.462  -5.536 0.6999999881
4322  13.640  -65.904  -5.618 0.6999999881
4324  12.226  -65.353  -5.741 0.6000000238
114750  23.961  -67.840  1.734 0.5000000000
2873  23.424  -67.683  2.388 0.5000000000
3254  22.318  -66.997  3.123 0.5000000000
2531  24.361  -69.298  2.494 0.6999999881
2872  23.877  -68.505  2.396 0.6000000238
1891  25.471  -71.362  2.863 0.5000000000
2179  25.317  -70.790  2.445 0.6999999881
2180  24.848  -70.180  2.642 0.6999999881
2516  23.981  -70.030  3.144 0.6000000238
2532  23.565  -69.285  2.973 0.6000000238
1373  26.709  -73.443  2.737 0.4000000060
1361  26.071  -73.506  3.220 0.4000000060
1362  25.505  -72.872  3.384 0.5000000000
94783  18.355  -66.237  1.418 0.5000000000
97991  17.159  -67.618  -0.572 0.5000000000
94776  17.795  -67.202  -0.012 0.5000000000
94742  16.858  -67.124  0.132 0.5000000000
97520  15.951  -68.341  -1.719 0.6000000238
97988  16.256  -67.495  -0.432 0.5000000000
111098  15.569  -68.710  -2.482 0.6999999881
98494  14.228  -70.495  -4.992 0.6000000238
111302  14.717  -69.830  -4.236 0.6999999881
94760  14.874  -68.613  -2.894 0.6999999881
97946  14.095  -70.647  -5.760 0.6000000238
111491  14.380  -69.733  -4.777 0.6000000238
97330  14.829  -68.986  -3.943 0.6999999881
2600  15.643  -69.284  -6.298 0.6999999881
94739  14.035  -70.099  -5.533 0.6000000238
97594  14.416  -69.340  -5.192 0.6000000238
2937  16.926  -68.371  -4.848 0.6000000238
108211  15.336  -68.896  -5.835 0.6999999881
2939  14.830  -68.759  -5.463 0.6999999881
3348  19.122  -67.424  -4.053 0.6000000238
3365  17.239  -67.942  -4.265 0.6000000238
2938  15.844  -68.434  -5.149 0.6999999881
5585  12.608  -63.000  -5.454 0.6000000238
3366  16.420  -67.987  -4.441 0.6999999881
114266  14.405  -64.942  -4.797 0.6999999881
5197  12.125  -63.874  -6.001 0.6000000238
3835  18.684  -66.979  -3.380 0.6999999881
3349  18.045  -67.616  -3.948 0.6000000238
3350  16.998  -67.434  -3.778 0.8000000119
3837  16.365  -66.741  -3.705 0.6999999881
4302  15.762  -66.006  -3.710 0.6999999881
4312  14.272  -65.689  -5.126 0.6999999881
3291  23.309  -67.065  1.835 0.6000000238
2545  24.956  -69.422  1.744 0.6999999881
2894  24.692  -68.944  1.080 0.6999999881
2885  24.506  -68.616  1.749 0.6000000238
1901  25.665  -71.380  1.858 0.5000000000
2191  25.245  -70.438  1.540 0.6999999881
1624  26.517  -72.587  2.249 0.4000000060
1614  25.932  -71.983  2.562 0.5000000000
94782  19.069  -66.577  1.118 0.5000000000
104890  20.161  -65.824  1.775 0.5000000000
94778  18.711  -67.372  -0.096 0.5000000000
98703  17.487  -68.154  -1.234 0.6000000238
94765  16.997  -68.984  -2.518 0.6000000238
99004  16.840  -68.498  -1.792 0.6999999881
94770  16.534  -68.005  -1.116 0.6999999881
98116  15.644  -70.423  -4.190 0.6999999881
99215  16.101  -69.251  -3.034 0.6999999881
94752  14.459  -71.183  -5.479 0.6000000238
94757  14.800  -70.955  -4.730 0.6000000238
94766  15.432  -69.756  -3.840 0.6999999881
2252  15.777  -70.977  -7.169 0.6999999881
2612  14.902  -70.222  -6.636 0.6999999881
94749  14.554  -70.898  -6.437 0.6999999881
5566  14.770  -62.088  -3.296 0.6000000238
2950  17.834  -68.704  -6.221 0.6000000238
2611  16.299  -69.895  -6.742 0.6999999881
94740  14.039  -70.092  -6.101 0.6999999881
3850  20.159  -66.566  -4.779 0.6000000238
3347  19.826  -67.020  -4.365 0.6000000238
3363  19.283  -67.598  -4.836 0.6000000238
108727  17.268  -68.562  -5.544 0.6000000238
5577  14.398  -62.793  -3.945 0.6000000238
3833  20.400  -66.428  -3.834 0.6000000238
110781  17.752  -68.171  -4.578 0.6000000238
4749  15.911  -64.373  -2.980 0.6999999881
5182  15.241  -63.937  -3.425 0.6000000238
4760  14.781  -64.425  -4.126 0.6999999881
5193  14.043  -63.390  -4.617 0.6000000238
3849  20.745  -65.905  -4.131 0.5000000000
3832  20.887  -65.893  -3.304 0.6000000238
3818  19.251  -66.440  -2.797 0.8000000119
3819  18.087  -66.359  -2.874 0.8000000119
4287  17.774  -65.545  -2.443 0.8000000119
118784  16.600  -66.158  -3.329 0.8000000119
4758  15.789  -65.124  -3.368 0.6999999881
4759  15.331  -64.614  -3.577 0.6999999881
107986  17.804  -66.983  -3.447 0.8000000119
3836  17.182  -66.598  -3.316 0.8000000119
2895  24.201  -68.287  1.021 0.6999999881
3300  23.508  -67.596  1.173 0.6999999881
3771  22.782  -66.947  1.206 0.6999999881
3757  22.692  -66.574  1.856 0.6000000238
2196  25.016  -70.701  0.328 0.6999999881
3772  21.839  -66.798  1.079 0.6000000238
1902  25.349  -71.309  0.876 0.6000000238
3759  20.822  -66.007  1.640 0.5000000000
3303  20.193  -67.220  0.631 0.5000000000
6753  16.018  -59.080  1.043 0.6000000238
3304  19.308  -67.058  0.551 0.5000000000
6769  15.474  -59.221  0.306 0.5000000000
6354  16.517  -60.267  -0.518 0.6000000238
2919  17.861  -68.744  -1.983 0.6999999881
98007  16.764  -70.365  -4.062 0.6999999881
5972  16.048  -61.025  -1.861 0.6000000238
98521  15.239  -72.000  -6.078 0.6999999881
94751  16.102  -71.266  -4.784 0.6000000238
2257  16.561  -71.867  -7.420 0.6999999881
1962  15.907  -72.811  -7.456 0.6999999881
98985  15.241  -72.675  -6.883 0.6999999881
104369  15.501  -62.127  -2.642 0.6000000238
5977  15.692  -61.423  -2.328 0.6000000238
2610  17.682  -69.670  -6.809 0.6000000238
2258  15.549  -72.020  -7.356 0.6999999881
5565  16.087  -62.946  -2.418 0.6000000238
5978  15.107  -61.387  -2.792 0.6000000238
2948  19.095  -68.126  -6.348 0.6000000238
2935  18.804  -68.002  -5.419 0.6000000238
118441  16.777  -63.411  -2.078 0.6999999881
5172  15.723  -63.623  -2.856 0.6000000238
5576  15.127  -63.036  -3.147 0.6000000238
3378  19.527  -67.201  -5.268 0.6000000238
4267  19.318  -65.257  -1.782 0.6000000238
4730  18.745  -64.580  -1.431 0.6000000238
4748  16.678  -64.549  -2.523 0.6999999881
5171  16.367  -63.825  -2.479 0.6000000238
5183  14.620  -63.621  -4.012 0.6000000238
4266  20.345  -65.275  -1.866 0.6000000238
4746  18.297  -65.064  -1.955 0.8000000119
4285  19.825  -65.856  -2.308 0.6000000238
4286  18.756  -65.784  -2.308 0.6999999881
4288  16.965  -65.236  -2.640 0.8000000119
2552  24.119  -69.169  0.304 0.6999999881
103614  23.234  -68.459  0.452 0.6999999881
113018  22.817  -67.722  0.736 0.6999999881
2197  24.400  -70.143  -0.211 0.6999999881
2551  24.835  -69.735  0.772 0.6999999881
3301  22.014  -67.526  0.675 0.6000000238
3302  21.078  -67.414  0.678 0.6000000238
117578  17.315  -58.383  2.286 0.6000000238
7137  16.016  -57.721  2.180 0.6000000238
7146  17.292  -58.921  1.930 0.6000000238
7148  15.758  -58.377  1.653 0.6000000238
3317  19.571  -67.632  -0.023 0.6000000238
6752  16.826  -59.377  1.175 0.5000000000
2565  18.957  -68.725  -1.944 0.6999999881
2914  18.471  -68.297  -1.284 0.6999999881
6340  16.986  -60.234  0.050 0.4000000060
6768  16.436  -59.686  0.325 0.5000000000
2225  17.807  -70.326  -3.847 0.6999999881
2582  18.173  -69.707  -3.176 0.8000000119
6353  17.209  -60.708  -0.394 0.5000000000
2583  17.142  -69.595  -3.317 0.6999999881
5958  16.839  -60.826  -0.913 0.6000000238
114231  15.529  -73.165  -6.853 0.6999999881
98067  15.963  -72.089  -5.874 0.6999999881
5556  17.098  -62.017  -1.378 0.6999999881
5971  16.674  -61.268  -1.386 0.6000000238
2250  18.300  -70.889  -7.290 0.6999999881
2256  17.851  -71.933  -7.546 0.6999999881
5137  18.261  -63.224  -0.909 0.5000000000
5557  16.306  -61.903  -1.994 0.6000000238
112308  19.816  -68.366  -7.032 0.6000000238
2960  18.571  -69.159  -6.711 0.6000000238
2251  17.115  -70.792  -7.171 0.6999999881
5158  16.863  -62.744  -1.781 0.6999999881
2959  19.237  -68.853  -6.760 0.6000000238
2949  18.584  -68.402  -6.212 0.6000000238
5156  19.038  -64.042  -0.905 0.5000000000
5157  17.491  -63.503  -1.578 0.6000000238
115112  19.016  -67.618  -5.641 0.6000000238
4709  21.236  -64.184  -1.353 0.6000000238
101443  19.886  -64.660  -1.222 0.5000000000
5170  17.096  -64.069  -2.099 0.6999999881
107912  21.442  -64.117  -2.038 0.6000000238
116646  23.154  -69.211  -0.156 0.6999999881
2907  22.415  -68.956  -0.218 0.6999999881
2897  21.269  -68.169  0.237 0.6000000238
2898  20.420  -67.931  0.146 0.6000000238
7114  18.203  -58.024  2.943 0.4000000060
7552  17.145  -57.185  2.833 0.5000000000
103708  19.881  -68.238  -0.518 0.6000000238
7134  18.712  -58.669  2.619 0.5000000000
107684  15.852  -56.914  2.435 0.6000000238
2912  20.275  -68.751  -1.025 0.6999999881
109013  19.445  -69.311  -2.443 0.6999999881
97636  19.025  -67.953  -0.660 0.6000000238
6751  17.637  -59.626  1.391 0.5000000000
6338  18.337  -60.794  0.543 0.4000000060
1956  18.375  -72.782  -7.282 0.6999999881
1949  17.945  -72.631  -6.490 0.6999999881
1941  18.343  -71.899  -5.372 0.6999999881
5942  17.866  -61.129  -0.130 0.6000000238
2249  19.310  -71.807  -6.967 0.6999999881
117471  18.797  -72.511  -7.249 0.6999999881
1950  16.709  -72.786  -6.594 0.6999999881
1942  17.171  -71.932  -5.618 0.6999999881
5941  18.734  -61.593  0.199 0.5000000000
5956  18.089  -61.761  -0.413 0.5000000000
2608  19.336  -69.797  -6.870 0.6000000238
1960  18.738  -71.959  -7.416 0.6999999881
1686  18.216  -72.712  -7.412 0.6999999881
1689  16.388  -73.362  -7.395 0.6999999881
5539  18.748  -62.479  -0.336 0.5000000000
3873  20.595  -67.318  -7.290 0.5000000000
105761  19.887  -69.220  -6.961 0.6000000238
2609  18.649  -70.020  -7.023 0.6000000238
2557  21.962  -69.272  -0.844 0.6999999881
2558  21.107  -69.049  -0.841 0.6999999881
7551  18.546  -57.508  3.526 0.4000000060
2562  21.593  -69.582  -1.376 0.6999999881
2909  20.716  -68.547  -0.329 0.6999999881
8049  17.232  -56.594  3.320 0.4000000060
2563  20.740  -69.256  -1.542 0.6999999881
8064  16.653  -56.790  2.770 0.6000000238
2571  19.917  -69.884  -3.047 0.8000000119
2570  20.350  -69.525  -2.294 0.6999999881
2224  19.372  -70.970  -4.207 0.6000000238
101924  18.731  -70.289  -3.712 0.6000000238
8518  16.111  -54.919  3.200 0.6000000238
99507  18.821  -72.167  -6.328 0.6999999881
109630  19.130  -71.912  -4.822 0.6999999881
2235  18.465  -71.133  -4.351 0.6000000238
1954  19.620  -71.656  -5.966 0.6000000238
2598  20.403  -69.836  -6.476 0.6000000238
9498  15.412  -53.306  2.857 0.5000000000
2958  20.702  -69.103  -7.105 0.6000000238
2607  19.974  -69.866  -6.724 0.6999999881
2961  21.603  -68.669  -7.353 0.5000000000
2212  21.255  -69.841  -2.103 0.6999999881
8032  18.410  -56.460  4.324 0.4000000060
2217  20.831  -70.200  -2.928 0.8000000119
2234  19.932  -71.981  -4.487 0.8000000119
8517  16.650  -55.135  3.617 0.4000000060
8516  17.042  -55.837  3.635 0.4000000060
115186  19.478  -70.251  -3.593 0.6999999881
9004  16.322  -54.265  3.568 0.4000000060
108878  16.313  -55.925  2.984 0.5000000000
2243  20.498  -71.424  -5.792 0.6000000238
105813  19.684  -71.985  -5.601 0.6000000238
105439  19.166  -72.038  -5.395 0.6999999881
9485  16.566  -53.587  4.107 0.4000000060
2597  20.723  -70.318  -5.938 0.6000000238
2248  19.940  -70.798  -6.337 0.6000000238
9976  15.590  -52.380  3.309 0.4000000060
9005  15.807  -54.156  3.005 0.6000000238
2957  21.799  -68.916  -7.185 0.6000000238
2956  22.424  -68.540  -7.361 0.5000000000
3386  23.928  -67.728  -7.295 0.5000000000
8499  18.405  -55.805  4.712 0.4000000060
107522  21.721  -70.580  -2.650 0.8000000119
117198  17.818  -55.417  4.588 0.4000000060
2223  20.278  -70.778  -3.845 0.6999999881
8994  16.875  -54.496  4.184 0.4000000060
1675  20.482  -72.751  -5.082 0.6000000238
102468  20.401  -72.285  -5.553 0.6000000238
9475  16.926  -52.907  4.697 0.4000000060
9975  16.297  -52.622  3.907 0.4000000060
2947  21.048  -69.318  -6.197 0.6000000238
9968  15.887  -51.851  3.993 0.4000000060
3388  22.631  -68.657  -7.179 0.4000000060
8489  19.099  -55.394  5.286 0.4000000060
1931  20.691  -72.077  -4.096 0.6999999881
8490  18.237  -55.052  5.069 0.4000000060
1674  21.078  -73.203  -4.772 0.6999999881
1939  20.510  -72.713  -4.631 0.6000000238
108170  17.221  -53.862  4.691 0.4000000060
2242  21.345  -70.868  -5.609 0.6000000238
1948  21.125  -72.124  -5.647 0.6000000238
9967  16.376  -52.175  4.586 0.4000000060
2934  21.688  -68.941  -5.176 0.6000000238
3362  22.054  -68.192  -5.094 0.4000000060
3376  23.053  -68.159  -6.604 0.4000000060
110236  22.719  -67.514  -5.143 0.4000000060
104876  18.025  -53.448  5.588 0.4000000060
9960  17.543  -52.729  5.506 0.4000000060
2233  21.954  -70.313  -5.023 0.6000000238
2933  22.079  -68.587  -4.426 0.6000000238
101386  22.440  -68.804  -3.911 0.6000000238
3346  22.532  -67.869  -3.969 0.4000000060
3334  23.483  -67.834  -3.168 0.5000000000
3831  22.953  -67.107  -4.318 0.4000000060
10884  15.395  -50.664  7.883 0.3000000119
3830  23.234  -67.062  -3.520 0.4000000060
9951  19.762  -52.522  6.692 0.4000000060
10883  16.622  -50.097  7.512 0.3000000119
11867  13.685  -48.568  8.968 0.4000000060
102463  21.131  -51.977  6.965 0.4000000060
109452  19.200  -50.815  7.405 0.4000000060
11351  17.193  -49.469  7.553 0.3000000119
10882  17.413  -50.280  7.385 0.3000000119
11339  15.425  -49.199  8.602 0.3000000119
10863  15.905  -49.864  7.969 0.3000000119
11329  14.627  -49.302  9.144 0.3000000119
10879  20.726  -50.741  7.430 0.4000000060
104381  19.096  -50.018  7.462 0.4000000060
10881  18.339  -50.328  7.400 0.4000000060
11352  16.541  -49.204  7.855 0.3000000119
11353  16.028  -48.971  8.298 0.3000000119
12431  11.884  -47.738  4.966 0.4000000060
104726  10.823  -47.481  4.144 0.3000000119
102510  10.952  -47.520  3.173 0.3000000119
11865  14.929  -48.618  8.828 0.3000000119
12396  13.949  -47.840  8.549 0.3000000119
11349  19.591  -49.348  7.459 0.4000000060
11350  18.624  -49.238  7.447 0.4000000060
104433  17.810  -48.834  7.478 0.3000000119
11876  17.079  -48.487  7.675 0.3000000119
11877  16.296  -48.124  8.111 0.3000000119
11891  12.365  -48.176  6.169 0.3000000119
12402  15.360  -47.482  8.166 0.3000000119
12444  11.580  -47.557  4.476 0.3000000119
12403  14.348  -47.212  7.858 0.3000000119
101686  12.578  -47.323  3.474 0.4000000060
12456  11.831  -47.461  2.843 0.3000000119
13080  12.781  -47.103  2.477 0.3000000119
12472  11.972  -47.333  1.809 0.3000000119
12400  17.696  -47.818  7.436 0.4000000060
12401  16.888  -47.517  7.530 0.3000000119
12430  12.530  -47.745  5.374 0.4000000060
102154  16.109  -47.289  7.702 0.3000000119
12418  13.001  -47.675  6.095 0.3000000119
12443  12.394  -47.490  4.437 0.4000000060
102143  13.222  -47.422  4.952 0.4000000060
11875  18.467  -48.128  7.364 0.4000000060
115334  18.276  -47.275  7.133 0.4000000060
12413  17.515  -46.840  6.915 0.4000000060
12414  16.450  -46.825  6.978 0.4000000060
12415  15.335  -46.933  7.122 0.3000000119
13010  14.092  -46.582  6.065 0.3000000119
12429  13.477  -47.212  5.767 0.3000000119
115281  13.747  -47.210  4.473 0.3000000119
13050  13.942  -47.170  3.749 0.5000000000
12442  13.236  -47.319  4.033 0.4000000060
12455  13.463  -47.106  3.117 0.4000000060
116175  12.752  -46.885  0.543 0.3000000119
13007  16.819  -46.532  6.119 0.4000000060
13008  15.859  -46.501  6.240 0.3000000119
105638  15.309  -47.103  4.453 0.3000000119
108714  15.044  -47.163  3.481 0.3000000119
13064  15.510  -46.869  2.490 0.3000000119
13009  14.886  -46.436  6.185 0.3000000119
13031  14.615  -46.685  5.364 0.3000000119
116429  14.437  -47.169  3.606 0.3000000119
13065  14.435  -46.972  2.864 0.3000000119
13078  14.862  -46.478  1.768 0.3000000119
13032  13.918  -46.934  5.236 0.3000000119
13079  13.786  -46.775  2.084 0.3000000119
107651  12.247  -47.237  -0.156 0.3000000119
12412  19.898  -47.044  6.442 0.3000000119
13004  19.290  -46.780  6.158 0.3000000119
13005  18.404  -46.707  6.264 0.3000000119
13047  17.627  -46.823  4.169 0.3000000119
100080  17.060  -47.049  2.971 0.3000000119
13077  15.724  -46.368  1.829 0.3000000119
13006  17.612  -46.491  5.892 0.3000000119
13048  16.966  -47.118  3.852 0.3000000119
13063  16.117  -47.196  3.380 0.3000000119
13763  14.622  -46.003  1.148 0.3000000119
13093  13.970  -46.354  1.279 0.3000000119
13094  12.966  -46.845  1.358 0.3000000119
102978  13.387  -46.476  0.668 0.3000000119
13003  20.390  -46.793  6.136 0.3000000119
13027  18.758  -46.438  5.376 0.3000000119
13028  17.986  -46.520  5.123 0.3000000119
113276  17.440  -46.900  3.462 0.3000000119
115177  16.452  -46.623  2.244 0.3000000119
103507  14.835  -45.267  1.325 0.3000000119
13764  13.932  -45.959  0.794 0.3000000119
13781  13.510  -45.994  0.212 0.3000000119
13136  12.660  -46.770  -0.809 0.3000000119
13751  16.855  -45.559  2.075 0.3000000119
13752  16.061  -45.790  1.732 0.3000000119
107250  13.715  -45.177  0.543 0.3000000119
102159  13.420  -45.247  -0.134 0.3000000119
13135  13.192  -46.042  -0.505 0.3000000119
13800  13.244  -45.348  -0.861 0.3000000119
14402  16.174  -44.628  1.984 0.3000000119
118111  14.984  -44.738  1.518 0.3000000119
108492  14.140  -45.160  1.026 0.3000000119
14401  17.112  -44.509  2.334 0.3000000119
15032  15.710  -43.499  2.117 0.3000000119
14410  14.399  -44.301  1.430 0.3000000119
14411  13.758  -44.271  0.977 0.3000000119
14423  13.522  -44.362  0.237 0.3000000119
14441  13.379  -44.538  -0.634 0.3000000119
14451  13.170  -44.857  -1.641 0.3000000119
354  28.176  -78.210  -0.380 0.5000000000
750  27.668  -77.332  -0.823 0.5000000000
734  28.548  -76.485  -0.622 0.4000000060
3353  12.466  -67.048  -4.835 0.6999999881
4323  13.025  -65.683  -5.796 0.6999999881
1134  26.498  -74.292  2.955 0.4000000060
749  29.678  -76.548  -1.009 0.5000000000
2952  14.361  -69.374  -5.593 0.6000000238
94777  18.103  -67.778  -0.651 0.5000000000
2601  14.614  -69.438  -6.113 0.6000000238
2581  19.045  -69.732  -3.076 0.8000000119
2913  19.413  -68.471  -1.209 0.6999999881
94750  17.457  -71.228  -4.531 0.6000000238
2962  20.738  -68.237  -7.379 0.5000000000
1957  17.367  -72.700  -7.370 0.6999999881
9486  16.078  -53.325  3.349 0.4000000060
3871  23.152  -67.173  -7.585 0.5000000000
2591  21.485  -69.788  -5.377 0.6000000238
3387  23.291  -68.263  -7.240 0.4000000060
1682  21.029  -72.958  -5.304 0.6000000238
9961  16.903  -52.261  5.142 0.3000000119
10406  20.019  -51.192  7.368 0.4000000060
11890  18.949  -47.304  6.979 0.3000000119
112227  19.807  -46.696  5.926 0.3000000119
112206  22.417  -73.532  -5.096 0.5000000000
1673  21.827  -73.396  -4.740 0.5000000000
1930  21.889  -72.429  -3.736 0.6999999881
2216  22.036  -71.449  -3.226 0.6999999881
2211  22.075  -70.283  -1.809 0.6000000238
1423  21.712  -73.327  -5.129 0.5000000000
1938  21.020  -72.878  -4.156 0.6000000238
2222  21.233  -71.115  -3.521 0.6000000238
2202  23.774  -70.696  -1.010 0.6000000238
2556  23.504  -69.860  -0.555 0.6000000238
1662  22.820  -72.368  -3.197 0.6999999881
1922  23.197  -71.444  -1.949 0.6000000238
2203  23.040  -70.368  -1.180 0.6000000238
1927  22.786  -71.774  -2.784 0.6999999881
2210  22.831  -70.721  -1.670 0.6000000238
106236  22.717  -69.591  -0.737 0.6000000238
1426  22.426  -73.184  -5.368 0.5000000000
1655  23.978  -72.220  -1.896 0.6999999881
1921  23.700  -71.761  -1.758 0.6999999881
1920  24.360  -72.074  -1.468 0.6000000238
2201  24.562  -71.055  -0.650 0.6000000238
1661  23.525  -72.520  -2.634 0.6000000238
1926  23.382  -72.015  -2.249 0.6999999881
1916  24.033  -71.466  -1.346 0.6000000238
1417  24.527  -73.457  -3.981 0.6000000238
1936  23.567  -71.851  -5.594 0.5000000000
1681  21.765  -72.741  -5.489 0.5000000000
1414  23.896  -73.144  -3.235 0.6999999881
1654  24.742  -72.662  -1.443 0.6000000238
110630  24.145  -70.916  -5.033 0.5000000000
1937  22.802  -71.283  -5.222 0.5000000000
114444  24.882  -69.348  -3.630 0.5000000000
2231  23.409  -70.728  -4.594 0.5000000000
2917  24.977  -68.628  -3.116 0.4000000060
4270  12.798  -65.212  -1.740 0.4000000060
3806  13.449  -66.598  -1.734 0.4000000060
4269  13.306  -65.883  -1.509 0.4000000060
4268  13.945  -66.179  -1.083 0.5000000000
4251  14.454  -65.661  -0.671 0.5000000000
2221  23.295  -70.157  -3.812 0.5000000000
4250  15.041  -65.657  -0.117 0.5000000000
5087  16.170  -63.005  2.154 0.6000000238
116733  24.366  -69.016  -3.183 0.4000000060
3775  15.514  -66.429  0.108 0.5000000000
4234  15.687  -65.558  0.613 0.5000000000
4679  16.174  -64.372  1.472 0.5000000000
4733  13.395  -64.433  -1.369 0.5000000000
4732  13.812  -65.164  -1.099 0.5000000000
4713  14.038  -64.031  -0.877 0.5000000000
100096  14.643  -64.774  -0.422 0.5000000000
5119  14.762  -63.404  0.218 0.5000000000
4712  15.218  -64.922  0.215 0.5000000000
4693  15.046  -64.159  0.203 0.5000000000
5118  15.327  -63.526  0.767 0.5000000000
2579  23.664  -69.456  -3.423 0.5000000000
4692  15.652  -64.466  0.834 0.5000000000
3345  25.613  -68.104  -3.128 0.4000000060
2569  23.864  -68.549  -3.030 0.4000000060
3332  24.915  -67.904  -2.720 0.4000000060
4781  11.473  -63.849  -6.042 0.5000000000
5140  13.696  -63.172  -0.807 0.5000000000
2232  22.554  -70.416  -4.420 0.5000000000
2925  23.137  -68.676  -3.506 0.4000000060
5584  13.620  -62.788  -4.694 0.5000000000
5991  13.489  -61.261  -4.503 0.5000000000
6394  12.446  -60.442  -5.293 0.5000000000
5586  12.239  -62.345  -5.513 0.5000000000
3333  24.180  -67.797  -2.757 0.4000000060
5990  14.032  -61.901  -4.061 0.5000000000
6387  13.666  -60.527  -4.178 0.5000000000
6386  14.188  -60.571  -3.489 0.5000000000
6809  13.797  -59.916  -3.712 0.5000000000
6817  13.130  -59.781  -4.632 0.5000000000
6823  12.187  -59.578  -5.361 0.4000000060
6797  14.328  -59.968  -2.949 0.5000000000
115782  13.470  -59.316  -3.832 0.6000000238
116224  12.593  -59.273  -4.840 0.6000000238
6379  15.396  -60.792  -2.298 0.5000000000
7188  14.299  -59.354  -2.313 0.5000000000
6798  13.816  -59.339  -3.073 0.5000000000
7199  13.374  -58.743  -3.320 0.6000000238
7212  12.946  -58.857  -4.255 0.6000000238
7214  11.471  -58.257  -4.922 0.6000000238
7222  11.053  -58.793  -5.513 0.5000000000
7666  10.059  -57.353  -4.666 0.5000000000
107526  9.075  -56.799  -4.673 0.5000000000
6369  15.642  -60.376  -1.668 0.5000000000
6787  15.213  -59.758  -1.367 0.5000000000
6788  14.677  -59.433  -1.681 0.5000000000
7189  13.694  -58.641  -2.383 0.5000000000
7182  14.184  -58.783  -1.503 0.6000000238
7200  12.863  -58.159  -3.489 0.6000000238
7664  12.285  -58.135  -4.259 0.6000000238
7665  10.985  -57.431  -4.693 0.6000000238
8156  10.832  -56.611  -4.275 0.5000000000
10037  10.768  -52.370  -1.628 0.5000000000
109863  9.138  -55.346  -3.955 0.5000000000
6368  16.287  -60.622  -1.245 0.5000000000
6780  15.320  -59.498  -0.587 0.5000000000
6770  14.750  -58.918  -0.183 0.6000000238
7175  13.789  -58.168  -0.805 0.6000000238
7623  13.268  -57.500  -1.158 0.6000000238
103463  12.790  -57.621  -2.730 0.6000000238
7624  12.756  -57.200  -1.883 0.6000000238
7648  12.327  -57.441  -3.533 0.6000000238
8129  12.231  -56.787  -2.680 0.6000000238
118694  11.162  -56.976  -4.282 0.6000000238
8631  11.056  -55.866  -3.978 0.5000000000
8157  9.965  -56.395  -4.191 0.5000000000
9118  10.675  -54.759  -3.808 0.5000000000
9106  10.949  -54.192  -3.607 0.5000000000
9119  9.683  -54.631  -3.744 0.5000000000
9579  9.545  -53.013  -3.428 0.5000000000
7162  14.752  -58.571  0.628 0.6000000238
7609  14.113  -58.205  0.100 0.6000000238
7610  13.532  -57.476  -0.176 0.6000000238
8089  13.354  -56.680  0.397 0.6000000238
8115  12.783  -56.817  -1.172 0.6000000238
8116  12.349  -56.416  -1.673 0.6000000238
8100  12.510  -56.118  -0.815 0.6000000238
8130  11.723  -56.052  -3.134 0.5000000000
115981  11.671  -55.311  -2.142 0.5000000000
9117  11.061  -55.076  -3.856 0.5000000000
8593  11.468  -54.455  -2.070 0.5000000000
9549  11.514  -53.434  -1.589 0.6000000238
9577  11.018  -53.528  -3.100 0.5000000000
9550  11.168  -53.276  -2.335 0.5000000000
9536  11.325  -52.648  -1.450 0.5000000000
101335  11.174  -52.004  -0.254 0.5000000000
102604  13.317  -55.897  0.850 0.6000000238
8580  12.253  -55.212  -0.500 0.6000000238
9084  11.804  -54.380  -1.041 0.6000000238
9535  11.833  -53.164  -0.816 0.6000000238
10026  11.537  -52.343  -0.561 0.5000000000
8079  13.712  -56.597  1.193 0.6000000238
9071  12.285  -54.157  -0.288 0.6000000238
9521  12.289  -52.930  0.102 0.6000000238
10016  11.769  -52.156  0.347 0.5000000000
8537  14.693  -55.177  2.272 0.6000000238
8078  14.349  -56.159  1.814 0.6000000238
8553  13.980  -55.178  1.740 0.6000000238
9055  13.264  -54.389  0.920 0.6000000238
9056  12.835  -54.117  0.372 0.6000000238
10015  12.407  -52.339  0.836 0.5000000000
9022  15.026  -54.236  2.606 0.6000000238
9038  13.657  -54.248  1.479 0.6000000238
9499  14.583  -53.308  2.458 0.6000000238
9520  13.094  -53.232  0.973 0.6000000238
9986  14.112  -52.267  2.570 0.6000000238
10460  13.579  -51.404  2.970 0.5000000000
9985  14.925  -52.584  2.809 0.4000000060
2204  22.388  -69.946  -1.314 0.6000000238
2215  22.591  -70.987  -2.314 0.6999999881
2241  22.019  -71.381  -5.391 0.5000000000
2219  24.668  -70.182  -4.270 0.5000000000
2220  23.940  -70.279  -3.881 0.5000000000
5521  14.953  -62.905  0.731 0.6000000238
7190  13.214  -58.209  -2.795 0.6000000238
7183  13.635  -58.200  -1.577 0.6000000238
8143  11.765  -56.641  -3.608 0.6000000238
9097  11.267  -54.132  -3.110 0.5000000000
103515  13.719  -55.830  1.390 0.6000000238
8568  13.051  -55.095  0.608 0.6000000238
9511  13.717  -53.031  1.915 0.6000000238
10001  12.866  -52.152  1.536 0.6000000238
346  28.164  -78.935  0.989 0.4000000060
491  29.656  -77.173  2.325 0.5000000000
707  30.551  -76.558  2.436 0.5000000000
505  29.503  -77.918  1.171 0.4000000060
504  30.165  -77.518  0.384 0.4000000060
344  29.590  -77.918  0.377 0.4000000060
706  31.106  -76.075  2.789 0.5000000000
118605  30.530  -76.469  3.448 0.5000000000
724  30.574  -76.935  1.077 0.5000000000
503  30.760  -76.938  -0.077 0.5000000000
517  30.128  -77.292  -0.394 0.4000000060
931  31.553  -75.508  1.937 0.5000000000
102518  32.089  -75.327  0.746 0.5000000000
723  31.505  -76.105  0.012 0.5000000000
747  31.331  -75.759  -0.840 0.5000000000
748  30.260  -76.693  -0.954 0.4000000060
955  30.729  -76.028  -1.159 0.4000000060
101964  32.034  -74.839  1.436 0.5000000000
1150  32.169  -74.452  0.459 0.5000000000
939  31.849  -75.229  -0.310 0.5000000000
946  31.265  -75.398  -0.928 0.5000000000
947  30.018  -75.766  -0.988 0.4000000060
112650  25.595  -72.225  0.654 0.5000000000
109688  26.799  -72.929  1.466 0.4000000060
1613  26.817  -72.975  2.441 0.4000000060
1145  27.176  -74.085  2.436 0.4000000060
118662  31.976  -74.702  -0.535 0.5000000000
111891  28.331  -74.043  1.674 0.4000000060
932  27.444  -74.793  2.119 0.4000000060
942  27.854  -75.316  1.530 0.4000000060
1378  32.171  -73.612  0.332 0.4000000060
1151  31.701  -74.059  -0.064 0.5000000000
948  28.746  -75.411  0.484 0.4000000060
940  30.327  -74.757  -0.003 0.4000000060
1625  26.074  -72.228  1.717 0.4000000060
1623  27.336  -73.068  1.813 0.4000000060
1372  27.387  -73.469  2.139 0.4000000060
1386  32.139  -72.837  0.350 0.4000000060
941  28.606  -74.742  1.300 0.4000000060
1621  31.792  -73.370  -0.126 0.4000000060
1152  29.697  -74.187  0.793 0.4000000060
1910  25.123  -71.622  -0.126 0.5000000000
115037  26.035  -72.776  0.938 0.4000000060
1636  26.537  -73.243  0.484 0.4000000060
1635  27.822  -73.038  0.656 0.4000000060
102148  28.311  -73.084  1.061 0.4000000060
1622  29.795  -73.202  0.423 0.4000000060
1380  28.437  -73.413  1.352 0.4000000060
1633  31.421  -72.699  -0.224 0.4000000060
1915  24.696  -71.774  -0.995 0.5000000000
1648  25.185  -72.425  -0.701 0.5000000000
1647  25.691  -73.117  -0.032 0.5000000000
1645  28.476  -73.069  -0.624 0.4000000060
1644  29.426  -72.536  -0.873 0.4000000060
1643  30.298  -71.918  -0.983 0.4000000060
1398  25.890  -73.542  -0.882 0.4000000060
1409  24.838  -73.161  -1.970 0.5000000000
1397  27.004  -73.761  -1.303 0.4000000060
1652  28.731  -73.052  -1.547 0.4000000060
1411  27.155  -73.636  -2.342 0.5000000000
1658  27.748  -73.063  -2.722 0.4000000060
1406  28.014  -73.439  -1.998 0.4000000060
1657  28.631  -72.798  -2.140 0.4000000060
1412  25.512  -73.502  -2.393 0.6000000238
1664  27.217  -72.929  -3.572 0.5000000000
1925  27.550  -72.190  -3.270 0.4000000060
1667  22.197  -73.014  -4.054 0.5000000000
7149  14.884  -58.130  1.336 0.5000000000
7584  14.357  -57.296  1.517 0.5000000000
8050  15.263  -56.032  2.416 0.5000000000
7570  15.241  -57.577  1.940 0.5000000000
8065  14.940  -56.855  2.125 0.5000000000
7585  13.787  -57.427  0.732 0.5000000000
714  31.415  -76.037  1.474 0.5000000000
118652  27.543  -73.033  1.333 0.4000000060
109730  26.353  -73.618  -0.339 0.4000000060
1646  27.378  -73.452  -0.323 0.4000000060
1634  29.395  -72.835  0.077 0.4000000060
107595  30.450  -72.332  -0.549 0.4000000060
1653  25.369  -73.020  -0.819 0.5000000000
1651  29.342  -72.284  -1.478 0.4000000060
1407  26.211  -73.716  -1.855 0.5000000000
1415  26.421  -73.572  -2.827 0.6000000238
1924  28.068  -72.247  -2.560 0.5000000000
1665  26.636  -73.329  -3.706 0.5000000000
3854  29.739  -66.320  -6.386 0.3000000119
3855  29.133  -67.164  -6.392 0.3000000119
3373  28.362  -67.690  -6.001 0.3000000119
3359  28.472  -66.925  -5.313 0.3000000119
106103  29.054  -66.413  -5.651 0.3000000119
4776  30.188  -64.952  -5.747 0.3000000119
3844  29.464  -65.651  -5.394 0.3000000119
3384  29.674  -67.958  -6.786 0.3000000119
2955  28.467  -69.325  -6.672 0.4000000060
2945  27.638  -68.992  -6.415 0.4000000060
3866  30.057  -67.004  -6.851 0.3000000119
2596  26.532  -69.853  -6.165 0.4000000060
2230  24.880  -70.886  -5.398 0.4000000060
1680  23.266  -73.006  -5.513 0.4000000060
113483  30.435  -66.211  -6.780 0.3000000119
2931  27.243  -68.419  -5.318 0.3000000119
2589  26.048  -69.553  -5.127 0.4000000060
3845  28.662  -66.144  -4.737 0.3000000119
3361  26.887  -67.942  -4.293 0.3000000119
2245  28.510  -70.421  -6.422 0.4000000060
1944  27.467  -71.387  -6.146 0.4000000060
1671  25.522  -73.009  -5.217 0.4000000060
117815  24.745  -73.262  -5.217 0.4000000060
2954  29.997  -68.641  -6.718 0.4000000060
2595  27.972  -69.972  -6.713 0.4000000060
1952  27.093  -71.243  -6.408 0.4000000060
1677  25.825  -72.359  -5.636 0.4000000060
1678  24.929  -72.616  -5.559 0.4000000060
3383  30.380  -67.742  -6.799 0.3000000119
2606  27.130  -70.296  -6.545 0.4000000060
1946  25.725  -71.770  -5.933 0.4000000060
1419  22.667  -73.445  -4.666 0.4000000060
3865  30.892  -66.614  -6.883 0.3000000119
2240  25.632  -71.032  -6.110 0.4000000060
1425  23.255  -73.525  -5.127 0.4000000060
4328  31.013  -65.629  -6.971 0.3000000119
2229  25.391  -70.290  -5.176 0.4000000060
2577  25.649  -68.899  -3.882 0.4000000060
2228  27.695  -71.325  -5.546 0.4000000060
1670  26.779  -72.768  -4.439 0.4000000060
2586  29.251  -70.258  -5.824 0.4000000060
2238  28.248  -70.991  -6.193 0.4000000060
1933  27.055  -72.009  -5.301 0.4000000060
1420  26.067  -73.223  -4.534 0.4000000060
3372  31.086  -68.244  -6.276 0.3000000119
2593  30.208  -69.089  -6.439 0.4000000060
3863  32.412  -65.725  -6.835 0.3000000119
4327  31.695  -65.713  -6.981 0.3000000119
1418  23.588  -73.445  -4.398 0.4000000060
114905  32.392  -65.123  -7.159 0.3000000119
109597  27.352  -71.562  -4.618 0.4000000060
3344  26.381  -67.609  -3.333 0.3000000119
108547  26.203  -68.244  -3.795 0.3000000119
1666  23.063  -73.029  -3.684 0.4000000060
1421  25.110  -73.399  -4.653 0.4000000060
1416  25.599  -73.491  -3.579 0.4000000060
1929  27.252  -72.198  -4.197 0.4000000060
2944  28.382  -68.527  -6.505 0.3000000119
2605  28.858  -69.737  -6.595 0.4000000060
2946  26.831  -69.156  -5.765 0.4000000060
2239  26.444  -70.589  -6.357 0.4000000060
112921  25.988  -70.279  -5.936 0.4000000060
1679  24.113  -72.584  -5.613 0.4000000060
2932  26.511  -68.708  -4.659 0.4000000060
2237  29.188  -70.063  -6.306 0.4000000060
1934  26.316  -72.555  -5.230 0.4000000060
1945  26.599  -71.821  -6.028 0.4000000060
2953  30.558  -68.410  -6.578 0.3000000119
1953  26.482  -71.208  -6.328 0.4000000060
3382  31.017  -67.545  -6.671 0.3000000119
2594  29.835  -69.685  -6.225 0.4000000060
2942  30.633  -68.805  -6.282 0.3000000119
3864  31.566  -66.562  -6.672 0.3000000119
300  27.076  -78.780  6.953 0.3000000119
309  26.681  -79.101  6.039 0.3000000119
299  27.772  -78.148  7.144 0.3000000119
308  27.469  -78.507  5.951 0.3000000119
672  28.785  -76.676  7.307 0.3000000119
461  28.232  -77.325  7.258 0.3000000119
687  29.269  -76.980  6.603 0.3000000119
468  28.277  -77.890  6.461 0.3000000119
317  26.684  -78.770  5.102 0.3000000119
492  28.627  -77.666  2.353 0.3000000119
892  28.874  -75.838  7.789 0.3000000119
893  28.049  -76.557  7.524 0.3000000119
671  29.492  -76.294  7.128 0.3000000119
673  27.568  -77.331  7.551 0.3000000119
475  28.876  -77.500  4.780 0.3000000119
479  29.999  -76.941  3.454 0.3000000119
480  29.111  -77.328  3.512 0.3000000119
114463  30.063  -76.085  6.632 0.3000000119
467  28.788  -77.473  5.937 0.3000000119
686  29.862  -76.578  6.136 0.3000000119
915  30.448  -76.147  5.464 0.3000000119
116493  30.417  -76.458  4.777 0.3000000119
474  29.693  -77.156  4.496 0.3000000119
697  30.666  -76.158  4.092 0.3000000119
1371  31.595  -73.528  1.834 0.4000000060
101001  31.289  -75.167  2.454 0.4000000060
439  23.932  -78.248  8.855 0.3000000119
108236  22.672  -79.114  9.090 0.3000000119
450  27.122  -78.162  7.667 0.3000000119
288  26.565  -78.763  7.524 0.3000000119
1105  26.553  -75.206  6.827 0.3000000119
660  26.005  -77.020  8.104 0.3000000119
114390  24.696  -77.299  8.501 0.3000000119
109350  24.663  -78.414  8.442 0.3000000119
279  23.577  -79.633  9.052 0.3000000119
1332  28.648  -74.099  7.790 0.3000000119
675  26.586  -76.500  7.733 0.3000000119
452  25.399  -77.677  8.254 0.3000000119
149  24.367  -79.442  8.363 0.3000000119
278  24.012  -79.221  8.754 0.3000000119
674  27.307  -76.670  7.612 0.3000000119
659  26.850  -77.286  7.870 0.3000000119
112641  25.481  -78.536  8.049 0.3000000119
290  25.009  -79.011  7.960 0.3000000119
451  26.241  -78.127  7.962 0.3000000119
289  25.782  -79.067  7.671 0.3000000119
476  28.146  -77.970  5.281 0.3000000119
316  27.274  -78.231  4.509 0.3000000119
1104  28.453  -74.946  7.777 0.3000000119
466  29.477  -77.149  5.536 0.3000000119
648  23.433  -76.602  8.632 0.3000000119
157  24.821  -79.413  7.745 0.3000000119
894  27.522  -75.901  7.446 0.3000000119
880  25.657  -76.110  7.999 0.3000000119
158  24.064  -79.985  8.224 0.3000000119
922  30.966  -75.671  3.175 0.3000000119
2884  27.713  -67.995  1.020 0.3000000119
100923  27.960  -68.206  1.784 0.3000000119
2543  29.333  -69.785  1.186 0.3000000119
1900  31.362  -71.412  1.174 0.4000000060
103027  32.116  -72.024  0.462 0.3000000119
1377  32.257  -73.559  0.768 0.3000000119
2892  27.789  -68.480  0.478 0.3000000119
2549  29.459  -69.726  -0.170 0.4000000060
106492  30.568  -70.420  -0.624 0.4000000060
116568  32.267  -72.179  -0.167 0.3000000119
2207  29.387  -70.718  -1.387 0.4000000060
1914  30.987  -71.374  -1.059 0.4000000060
1642  31.525  -71.861  -0.663 0.3000000119
1918  30.010  -71.442  -1.291 0.3000000119
3739  30.276  -66.616  2.508 0.3000000119
3740  29.431  -66.850  2.532 0.3000000119
2871  28.316  -68.536  2.525 0.4000000060
2530  28.644  -69.370  2.440 0.4000000060
2190  30.510  -70.662  1.249 0.3000000119
1889  31.378  -71.987  1.730 0.3000000119
3755  29.547  -66.325  1.775 0.3000000119
104178  28.661  -66.862  1.230 0.3000000119
3299  27.991  -67.493  0.706 0.3000000119
2906  27.707  -68.339  -0.381 0.3000000119
115373  28.182  -69.075  -0.039 0.3000000119
3804  28.222  -67.252  -1.171 0.3000000119
108102  27.671  -67.959  -1.230 0.3000000119
2554  28.279  -69.308  -0.736 0.4000000060
2200  29.652  -70.066  -1.021 0.4000000060
101189  27.668  -68.441  -1.792 0.3000000119
2561  28.105  -69.775  -1.543 0.4000000060
2576  27.410  -70.357  -3.234 0.3000000119
2568  27.566  -70.027  -2.410 0.4000000060
2208  28.120  -70.649  -1.961 0.4000000060
1919  28.816  -71.693  -1.904 0.4000000060
114063  27.558  -70.003  -3.665 0.3000000119
2214  27.639  -71.123  -2.708 0.4000000060
2218  27.356  -71.269  -3.684 0.3000000119
2514  33.302  -69.677  4.278 0.3000000119
2851  32.307  -68.657  3.723 0.3000000119
2839  31.130  -69.427  4.307 0.3000000119
3271  30.942  -67.163  3.040 0.3000000119
103382  30.620  -67.987  3.450 0.3000000119
2515  29.602  -69.501  3.929 0.3000000119
3754  31.595  -66.056  1.738 0.3000000119
3738  31.283  -66.548  2.403 0.3000000119
3272  29.883  -67.353  3.114 0.3000000119
113616  29.264  -67.908  3.274 0.3000000119
2855  28.615  -68.900  3.205 0.3000000119
2168  28.826  -69.540  3.191 0.3000000119
107608  29.548  -70.762  3.247 0.3000000119
1612  30.927  -72.696  2.486 0.3000000119
1360  30.572  -73.488  3.251 0.3000000119
3768  30.220  -65.739  1.069 0.3000000119
2916  27.836  -68.638  -2.588 0.3000000119
104192  27.610  -69.137  -2.078 0.3000000119
2924  28.640  -68.836  -3.581 0.3000000119
100727  27.540  -69.571  -2.860 0.3000000119
2930  29.129  -69.447  -4.719 0.3000000119
2587  28.275  -70.174  -4.661 0.3000000119
2588  27.523  -70.755  -4.404 0.3000000119
2513  34.466  -70.390  4.480 0.3000000119
105357  33.195  -68.690  3.552 0.3000000119
2852  31.294  -68.664  3.822 0.3000000119
106760  31.942  -67.168  2.857 0.3000000119
3251  31.605  -67.872  3.371 0.3000000119
1133  30.766  -75.059  3.566 0.3000000119
2511  35.754  -70.041  4.346 0.3000000119
99850  34.274  -69.342  3.689 0.3000000119
2870  34.575  -68.505  2.856 0.3000000119
3249  33.580  -68.132  3.093 0.3000000119
3250  32.576  -67.901  3.232 0.3000000119
3737  32.241  -66.651  2.193 0.3000000119
2849  35.970  -69.337  3.563 0.3000000119
2850  35.295  -69.456  3.557 0.3000000119
3269  33.841  -67.635  2.297 0.3000000119
101210  31.149  -74.393  2.498 0.3000000119
1144  32.134  -74.182  1.263 0.3000000119
1620  32.032  -72.748  1.118 0.3000000119
2189  31.608  -71.156  0.252 0.3000000119
1913  31.532  -71.233  -0.801 0.4000000060
116922  29.904  -69.675  -5.766 0.3000000119
3290  28.140  -67.496  1.598 0.3000000119
2550  28.379  -69.183  0.715 0.3000000119
3274  28.356  -67.700  2.447 0.3000000119
2195  30.675  -70.391  0.112 0.4000000060
2199  31.409  -70.896  -0.528 0.4000000060
100571  30.634  -66.013  1.815 0.3000000119
3273  28.967  -67.403  2.867 0.3000000119
3253  28.699  -68.126  3.110 0.3000000119
2178  29.332  -70.210  2.518 0.4000000060
1890  30.332  -71.144  2.233 0.3000000119
3769  29.391  -66.311  0.720 0.3000000119
3770  28.554  -66.898  0.266 0.3000000119
3791  28.556  -66.922  -0.542 0.3000000119
2555  27.757  -68.716  -1.312 0.4000000060
2575  27.999  -69.421  -3.595 0.3000000119
2853  30.254  -68.880  3.883 0.3000000119
2854  29.237  -68.650  3.507 0.3000000119
2167  29.204  -70.034  3.683 0.3000000119
4691  16.190  -65.113  1.268 0.4000000060
345  28.896  -78.465  0.756 0.4000000060
348  29.078  -77.960  -0.110 0.5000000000
529  29.470  -77.195  -0.813 0.5000000000
661  25.009  -76.572  8.283 0.3000000119
698  30.271  -76.699  4.279 0.3000000119
733  30.929  -76.423  -0.861 0.5000000000
1379  30.256  -73.696  0.564 0.4000000060
1396  27.984  -73.466  -1.242 0.4000000060
1408  25.372  -73.309  -1.486 0.5000000000
1413  24.722  -73.354  -2.833 0.6000000238
1422  24.194  -73.516  -4.926 0.4000000060
1606  26.228  -72.684  2.926 0.4000000060
1607  25.527  -72.076  3.187 0.5000000000
1659  27.106  -73.384  -3.051 0.5000000000
1660  24.235  -72.793  -2.209 0.6999999881
1668  21.449  -73.120  -4.311 0.5000000000
1672  24.068  -73.215  -5.382 0.4000000060
1683  16.325  -73.278  -7.387 0.6999999881
1687  17.323  -72.916  -7.374 0.6999999881
1690  15.272  -72.548  -7.225 0.6999999881
1892  25.010  -70.908  3.067 0.6999999881
1935  24.720  -71.765  -5.774 0.4000000060
1940  19.839  -72.412  -4.984 0.6000000238
1947  22.604  -72.333  -5.548 0.5000000000
1955  19.159  -72.399  -6.889 0.6000000238
1961  17.148  -72.737  -7.423 0.6999999881
2206  30.751  -70.794  -1.057 0.4000000060
2209  23.398  -71.132  -1.570 0.6000000238
2227  28.426  -70.809  -5.658 0.4000000060
2246  27.693  -70.802  -6.488 0.4000000060
2247  26.991  -70.881  -6.534 0.4000000060
2253  15.207  -71.266  -7.103 0.6999999881
2512  35.176  -70.329  4.358 0.3000000119
2518  22.706  -69.480  3.322 0.6000000238
2544  28.295  -69.003  1.662 0.3000000119
2564  19.886  -68.922  -1.789 0.6999999881
2572  18.536  -69.236  -2.537 0.6999999881
2578  25.323  -69.666  -4.317 0.5000000000
2580  22.788  -69.524  -3.757 0.5000000000
2590  22.010  -69.410  -4.432 0.6000000238
2599  16.845  -69.051  -6.249 0.6000000238
2604  29.604  -69.386  -6.511 0.4000000060
2838  32.077  -69.484  4.349 0.3000000119
2893  27.626  -67.933  0.338 0.3000000119
2896  22.190  -68.311  0.267 0.6999999881
2908  21.548  -68.774  -0.265 0.6999999881
2918  24.446  -68.383  -2.886 0.4000000060
2923  29.548  -68.583  -4.134 0.3000000119
2936  18.095  -68.331  -5.297 0.6000000238
2943  30.401  -69.308  -6.051 0.3000000119
2951  16.302  -68.706  -5.688 0.6000000238
3252  29.827  -68.147  3.441 0.3000000119
3270  32.903  -67.344  2.579 0.3000000119
3275  22.927  -67.012  2.503 0.5000000000
3276  22.790  -67.560  2.928 0.5000000000
3316  27.866  -67.549  -0.277 0.3000000119
3335  13.463  -67.481  -2.974 0.6000000238
3364  18.583  -67.908  -4.631 0.6000000238
3368  14.218  -67.076  -5.361 0.6000000238
3374  27.839  -68.217  -5.921 0.3000000119
3375  24.165  -67.842  -7.066 0.4000000060
3377  21.806  -68.644  -6.224 0.4000000060
3379  19.274  -67.410  -6.452 0.6000000238
3385  28.941  -68.047  -6.623 0.3000000119
3389  19.879  -67.532  -7.051 0.5000000000
3390  22.853  -68.024  -7.471 0.5000000000
3391  21.740  -68.130  -7.566 0.5000000000
3741  22.908  -66.719  2.153 0.6000000238
3742  22.414  -66.465  2.509 0.6000000238
3756  28.727  -66.966  2.171 0.3000000119
3758  21.574  -66.251  1.566 0.6000000238
3773  20.908  -66.692  1.138 0.5000000000
3774  19.960  -66.517  1.235 0.5000000000
3817  20.253  -66.300  -2.968 0.8000000119
3834  19.651  -66.813  -3.512 0.6999999881
3838  15.576  -66.775  -4.152 0.6999999881
3851  14.766  -66.390  -4.638 0.6999999881
3862  13.261  -66.444  -5.628 0.6999999881
4300  17.177  -65.917  -2.919 0.8000000119
4301  16.447  -65.563  -3.117 0.8000000119
4303  14.977  -65.306  -4.132 0.6999999881
4304  11.767  -65.731  -4.007 0.6000000238
4311  20.743  -65.334  -4.356 0.5000000000
4313  13.765  -65.173  -5.473 0.6999999881
4728  21.257  -64.732  -2.007 0.6000000238
4729  20.860  -64.753  -1.520 0.6000000238
4731  17.852  -64.342  -1.723 0.6000000238
4747  17.439  -64.798  -2.225 0.6999999881
4770  14.052  -64.232  -4.994 0.6999999881
4780  11.844  -64.484  -5.910 0.5000000000
5103  16.401  -63.883  2.010 0.5000000000
5104  15.901  -63.637  1.388 0.5000000000
5138  17.496  -62.738  -1.302 0.6999999881
5139  14.254  -63.299  -0.330 0.5000000000
5540  17.826  -62.253  -0.863 0.6999999881
5957  17.378  -61.394  -0.820 0.5000000000
5985  14.509  -61.273  -3.400 0.6000000238
5986  13.988  -61.101  -3.897 0.5000000000
5992  12.548  -61.411  -5.212 0.5000000000
6339  17.581  -60.504  0.249 0.4000000060
6355  15.835  -60.049  -0.966 0.5000000000
6370  14.940  -60.029  -2.182 0.5000000000
6380  14.749  -60.667  -2.839 0.5000000000
6393  13.114  -60.650  -4.783 0.5000000000
6767  17.229  -59.934  0.664 0.5000000000
6779  15.939  -59.736  -0.314 0.5000000000
6781  14.729  -59.187  -0.997 0.5000000000
7135  17.853  -58.549  2.451 0.6000000238
7136  16.694  -58.222  2.129 0.6000000238
7147  16.484  -58.833  1.608 0.6000000238
7161  15.321  -58.737  1.041 0.6000000238
7213  12.189  -58.852  -4.917 0.6000000238
7568  17.379  -57.867  2.604 0.4000000060
7569  16.632  -57.436  2.485 0.5000000000
7595  14.285  -57.977  0.928 0.5000000000
7636  13.283  -57.864  -2.095 0.6000000238
7649  11.642  -57.342  -4.229 0.6000000238
7682  10.637  -58.128  -5.128 0.5000000000
8033  17.696  -56.108  4.137 0.4000000060
8048  18.047  -56.872  3.798 0.4000000060
8099  13.052  -56.751  -0.460 0.6000000238
8155  11.311  -56.510  -4.007 0.6000000238
8500  17.256  -55.308  4.170 0.4000000060
8536  15.526  -55.081  2.766 0.6000000238
8554  13.474  -55.153  1.198 0.6000000238
8569  12.605  -54.942  0.103 0.6000000238
8579  12.847  -55.844  0.067 0.6000000238
8605  11.906  -55.912  -2.310 0.6000000238
8606  11.519  -55.177  -2.955 0.5000000000
8619  11.309  -55.699  -3.675 0.6000000238
8632  10.800  -55.662  -4.019 0.5000000000
8633  9.917  -55.528  -3.888 0.5000000000
8988  17.982  -54.159  5.259 0.4000000060
8993  17.553  -54.727  4.687 0.4000000060
9023  14.260  -54.245  2.086 0.6000000238
9107  10.189  -53.864  -3.591 0.5000000000
9474  17.538  -53.395  5.135 0.4000000060
9578  10.468  -53.428  -3.248 0.5000000000
9987  13.249  -51.799  2.315 0.5000000000
10036  10.980  -52.587  -1.916 0.5000000000
10053  10.282  -52.795  -2.237 0.5000000000
10423  20.296  -51.945  7.080 0.4000000060
10444  15.842  -51.776  4.738 0.3000000119
10880  19.874  -50.316  7.480 0.4000000060
11340  13.428  -49.271  9.239 0.4000000060
11861  13.984  -49.000  9.337 0.4000000060
11866  14.267  -48.439  9.060 0.3000000119
11878  15.490  -48.356  8.493 0.3000000119
12395  14.666  -47.878  8.588 0.3000000119
12457  11.695  -47.420  3.803 0.3000000119
13024  21.123  -46.424  5.802 0.3000000119
13025  20.154  -46.434  5.585 0.3000000119
13026  19.464  -46.435  5.470 0.3000000119
13030  15.493  -46.602  5.487 0.3000000119
13049  14.408  -47.129  4.353 0.3000000119
13113  13.019  -46.636  -0.006 0.3000000119
13762  15.351  -45.940  1.429 0.3000000119
14409  15.481  -45.143  1.577 0.3000000119
94753  14.796  -71.485  -6.256 0.6000000238
94754  15.061  -71.857  -6.790 0.6999999881
94764  17.745  -69.252  -2.681 0.6999999881
94772  16.139  -66.314  0.647 0.6000000238
94779  18.435  -66.874  0.625 0.5000000000
94790  17.340  -64.489  2.724 0.5000000000
97519  16.269  -68.743  -2.285 0.6999999881
97889  15.273  -69.164  -3.400 0.6999999881
99164  14.772  -70.330  -4.380 0.6999999881
100759  12.012  -66.375  -4.675 0.6999999881
101115  17.732  -57.369  3.206 0.4000000060
101550  18.255  -63.944  -1.294 0.5000000000
101986  16.228  -69.844  -3.677 0.6999999881
102293  11.929  -55.461  -1.425 0.6000000238
103056  28.683  -77.129  -0.870 0.5000000000
104064  14.586  -63.916  -0.282 0.5000000000
104306  23.404  -78.638  8.992 0.3000000119
104501  17.856  -49.656  7.453 0.3000000119
104699  13.151  -62.104  -4.887 0.5000000000
105155  19.072  -70.918  -7.082 0.6999999881
106024  15.201  -71.465  -5.358 0.6999999881
106858  22.248  -66.480  1.554 0.6000000238
107248  13.217  -63.670  -5.357 0.6000000238
107856  18.362  -59.870  1.510 0.5000000000
108279  29.005  -69.282  3.561 0.3000000119
109803  29.204  -68.892  -6.730 0.4000000060
110527  30.113  -76.758  5.155 0.3000000119
110560  31.978  -71.567  -0.301 0.3000000119
110790  17.531  -68.405  -4.981 0.6000000238
110989  14.579  -68.721  -4.645 0.6000000238
112131  27.175  -69.609  -6.427 0.4000000060
112661  14.318  -58.636  -0.678 0.6000000238
112878  15.611  -73.240  -7.221 0.6999999881
112944  14.572  -51.736  3.206 0.4000000060
113193  15.233  -44.243  1.764 0.3000000119
113636  19.521  -70.667  -6.723 0.6999999881
114092  27.925  -68.588  1.143 0.3000000119
114223  16.301  -46.615  5.522 0.3000000119
114670  28.798  -70.578  -6.165 0.4000000060
116300  21.339  -72.151  -3.800 0.6999999881
116379  28.728  -77.311  6.832 0.3000000119
116512  11.181  -54.795  -3.597 0.5000000000
116650  22.829  -73.394  -5.266 0.5000000000
116924  11.663  -64.965  -5.546 0.6000000238
117186  24.333  -69.698  -3.571 0.4000000060
117975  16.344  -64.977  -2.875 0.6999999881
118026  20.748  -51.464  7.267 0.4000000060
118229  13.059  -47.558  5.516 0.3000000119
118414  17.780  -64.859  2.572 0.5000000000
118717  16.642  -66.674  0.590 0.6000000238
