#!ascii label  , from subject sub-v1s20x0050320_ses-1 vox2ras=TkReg
1024
93764  -40.141  47.992  11.110 0.0000000000
102938  -37.683  65.101  -1.550 0.0000000000
97003  -35.051  52.584  0.526 0.0000000000
95128  -43.340  49.585  -0.923 0.0000000000
99772  -39.415  57.671  -5.762 0.0000000000
98758  -40.283  55.538  -1.924 0.0000000000
128947  -42.366  49.429  -6.423 0.0000000000
112252  -36.928  49.722  -2.075 0.0000000000
90826  -37.008  42.389  10.258 0.0000000000
93744  -37.187  47.933  11.632 0.0000000000
104358  -30.188  67.556  -2.487 0.0000000000
115535  -35.454  62.704  -5.516 0.0000000000
121154  -42.378  62.135  -8.895 0.0000000000
95742  -39.172  51.448  6.606 0.0000000000
100219  -36.171  58.492  0.432 0.0000000000
96992  -41.222  52.803  1.600 0.0000000000
117193  -41.813  49.547  5.857 0.0000000000
93814  -37.547  48.178  2.704 0.0000000000
93245  -32.165  46.229  0.904 0.0000000000
93201  -38.535  46.780  8.990 0.0000000000
99288  -42.834  55.531  -6.887 0.0000000000
131389  -39.974  53.878  -5.918 0.0000000000
97084  -42.033  51.908  -8.467 0.0000000000
94554  -38.891  48.481  -7.873 0.0000000000
92565  -36.894  45.923  11.111 0.0000000000
93170  -34.778  47.624  10.309 0.0000000000
103473  -26.464  64.922  -2.926 0.0000000000
101930  -39.076  62.384  -7.359 0.0000000000
116810  -36.784  50.579  6.348 0.0000000000
96379  -37.565  52.224  3.920 0.0000000000
102954  -33.863  63.776  -2.054 0.0000000000
101317  -36.723  61.419  -1.246 0.0000000000
97020  -42.949  52.581  -1.760 0.0000000000
98196  -43.075  55.228  -0.282 0.0000000000
96405  -44.451  51.287  0.895 0.0000000000
96381  -43.482  51.764  4.174 0.0000000000
95100  -42.874  49.573  2.111 0.0000000000
94431  -39.782  48.582  3.671 0.0000000000
95104  -40.488  49.035  1.242 0.0000000000
130524  -34.158  48.743  -0.285 0.0000000000
101348  -37.732  60.818  -4.367 0.0000000000
100770  -38.664  60.304  -1.967 0.0000000000
98766  -37.738  55.728  -3.710 0.0000000000
134052  -40.158  52.261  -3.246 0.0000000000
95163  -43.136  49.060  -3.521 0.0000000000
95142  -39.684  49.536  -1.511 0.0000000000
95193  -39.876  49.089  -4.802 0.0000000000
95190  -35.885  49.629  -5.190 0.0000000000
90829  -39.688  43.245  11.453 0.0000000000
92560  -39.969  46.116  12.528 0.0000000000
94371  -39.988  48.748  12.410 0.0000000000
102934  -26.465  63.693  -0.876 0.0000000000
103916  -30.163  66.479  -0.612 0.0000000000
104335  -33.567  67.062  -1.717 0.0000000000
103499  -37.638  65.285  -4.207 0.0000000000
102446  -39.212  63.685  -5.703 0.0000000000
100788  -41.768  59.904  -6.615 0.0000000000
100278  -43.721  57.918  -8.424 0.0000000000
101395  -43.139  60.329  -11.202 0.0000000000
95044  -35.662  49.426  8.980 0.0000000000
95724  -37.702  50.075  9.600 0.0000000000
95720  -41.741  51.034  10.577 0.0000000000
98751  -36.228  55.332  -0.173 0.0000000000
125668  -39.829  59.213  -0.005 0.0000000000
98754  -39.249  55.354  0.296 0.0000000000
97006  -38.507  52.588  0.738 0.0000000000
96951  -40.272  52.405  4.172 0.0000000000
96339  -42.614  51.605  6.969 0.0000000000
95063  -41.046  49.518  8.900 0.0000000000
93793  -38.491  48.067  6.808 0.0000000000
93795  -36.572  46.964  5.147 0.0000000000
93218  -34.867  45.942  3.799 0.0000000000
94476  -37.355  48.921  0.591 0.0000000000
111146  -34.775  47.282  2.011 0.0000000000
91500  -32.895  44.202  1.592 0.0000000000
93174  -40.998  46.821  11.946 0.0000000000
92593  -40.120  46.008  10.323 0.0000000000
93763  -39.437  47.224  10.071 0.0000000000
98809  -42.977  54.025  -8.279 0.0000000000
98248  -42.652  53.518  -7.561 0.0000000000
97674  -41.879  52.744  -9.262 0.0000000000
96495  -40.113  51.393  -8.822 0.0000000000
96973  -36.584  52.349  2.368 0.0000000000
103465  -35.373  64.745  -1.607 0.0000000000
95805  -44.047  50.189  -1.582 0.0000000000
97015  -43.862  52.541  -0.976 0.0000000000
130904  -44.318  50.258  0.225 0.0000000000
95787  -44.279  50.483  1.412 0.0000000000
95107  -43.378  49.665  1.194 0.0000000000
119719  -40.936  48.941  2.028 0.0000000000
95112  -41.401  49.315  0.363 0.0000000000
100266  -37.840  59.042  -5.128 0.0000000000
100261  -37.257  58.287  -3.984 0.0000000000
99277  -38.234  56.675  -5.260 0.0000000000
96458  -40.359  51.278  -6.016 0.0000000000
97059  -39.043  52.937  -5.033 0.0000000000
96437  -40.468  51.470  -4.569 0.0000000000
96439  -42.961  50.151  -4.019 0.0000000000
95196  -43.147  48.787  -5.184 0.0000000000
95179  -42.344  48.589  -3.965 0.0000000000
95207  -42.051  48.253  -5.739 0.0000000000
95213  -37.348  48.834  -6.640 0.0000000000
93163  -37.025  46.922  11.385 0.0000000000
92567  -38.790  45.918  12.103 0.0000000000
115243  -38.582  46.766  12.291 0.0000000000
119620  -39.947  47.422  12.546 0.0000000000
116260  -37.952  48.671  11.925 0.0000000000
123832  -28.187  66.695  -2.891 0.0000000000
103914  -28.371  65.978  -0.934 0.0000000000
104331  -29.930  67.565  -0.820 0.0000000000
104333  -32.088  67.851  -0.580 0.0000000000
104346  -32.437  68.329  -1.166 0.0000000000
102430  -33.938  63.117  -4.984 0.0000000000
103479  -35.241  65.615  -3.580 0.0000000000
102996  -36.164  63.614  -5.217 0.0000000000
102998  -38.423  64.018  -5.183 0.0000000000
102444  -37.834  63.634  -5.703 0.0000000000
128949  -40.426  62.519  -8.573 0.0000000000
102462  -40.739  62.603  -6.928 0.0000000000
101932  -42.181  61.743  -7.033 0.0000000000
100276  -42.975  58.770  -7.119 0.0000000000
100803  -43.325  59.771  -8.318 0.0000000000
100817  -43.483  58.715  -9.742 0.0000000000
101962  -42.923  61.555  -9.719 0.0000000000
95087  -32.913  49.722  5.826 0.0000000000
95070  -31.577  48.957  6.445 0.0000000000
95059  -33.320  49.012  7.247 0.0000000000
94398  -34.059  48.852  8.602 0.0000000000
119253  -34.571  49.654  6.900 0.0000000000
95741  -37.481  50.659  6.726 0.0000000000
95732  -37.630  50.422  7.837 0.0000000000
95733  -38.948  50.880  8.328 0.0000000000
95718  -39.519  50.506  10.652 0.0000000000
95734  -40.175  51.401  8.484 0.0000000000
99752  -35.161  58.215  0.405 0.0000000000
99246  -34.440  56.766  0.469 0.0000000000
124381  -36.337  57.005  0.316 0.0000000000
99260  -39.337  57.028  -2.168 0.0000000000
100759  -39.725  59.473  -0.766 0.0000000000
99262  -41.336  57.540  -1.212 0.0000000000
97592  -42.449  54.288  0.711 0.0000000000
98745  -41.039  55.960  0.458 0.0000000000
97591  -40.730  53.724  0.573 0.0000000000
97601  -38.466  53.653  -0.040 0.0000000000
97007  -39.413  52.662  0.849 0.0000000000
96976  -39.249  52.381  2.271 0.0000000000
125427  -40.848  52.556  2.491 0.0000000000
95094  -43.265  50.367  4.721 0.0000000000
96349  -43.169  51.521  5.683 0.0000000000
95745  -43.116  50.730  6.692 0.0000000000
95065  -42.604  50.507  8.635 0.0000000000
95064  -41.538  49.674  7.901 0.0000000000
117739  -40.214  49.035  7.643 0.0000000000
94412  -40.564  49.118  6.723 0.0000000000
94430  -38.892  48.444  3.309 0.0000000000
93801  -38.075  47.996  4.498 0.0000000000
129120  -37.438  47.742  4.050 0.0000000000
93219  -35.354  46.023  4.603 0.0000000000
128567  -35.398  46.775  3.440 0.0000000000
111754  -38.340  49.707  -2.192 0.0000000000
95124  -38.933  49.458  -0.570 0.0000000000
114769  -37.023  49.549  -1.211 0.0000000000
94453  -33.000  47.834  0.254 0.0000000000
93830  -34.492  47.968  0.802 0.0000000000
93816  -33.414  47.057  1.491 0.0000000000
131242  -33.734  46.249  2.273 0.0000000000
92635  -32.592  45.717  1.519 0.0000000000
91509  -32.437  44.600  0.899 0.0000000000
92570  -42.668  45.495  12.174 0.0000000000
92606  -37.843  45.775  8.344 0.0000000000
122572  -40.662  56.765  -6.246 0.0000000000
130925  -39.174  55.681  -5.495 0.0000000000
98793  -41.081  54.890  -6.305 0.0000000000
97072  -41.305  52.617  -6.747 0.0000000000
118029  -42.041  50.232  -7.820 0.0000000000
94544  -42.062  48.020  -7.230 0.0000000000
125577  -40.710  49.505  -8.861 0.0000000000
120523  -37.063  43.945  10.575 0.0000000000
92017  -35.813  44.879  10.423 0.0000000000
93752  -35.492  47.934  10.792 0.0000000000
103956  -28.300  66.424  -3.949 0.0000000000
101910  -37.351  62.162  -6.850 0.0000000000
102477  -39.737  62.421  -9.649 0.0000000000
102491  -41.385  62.845  -10.456 0.0000000000
95073  -34.985  50.205  6.102 0.0000000000
96344  -36.971  51.332  5.222 0.0000000000
111541  -38.521  51.926  5.147 0.0000000000
100742  -36.554  59.909  -0.580 0.0000000000
97606  -41.505  54.149  -1.787 0.0000000000
98760  -42.284  55.987  -1.143 0.0000000000
114014  -43.167  54.503  -0.933 0.0000000000
97593  -43.552  53.952  0.217 0.0000000000
96994  -43.489  52.895  1.546 0.0000000000
96978  -42.952  52.603  3.043 0.0000000000
127332  -44.024  51.662  2.718 0.0000000000
95782  -43.844  50.552  3.105 0.0000000000
95093  -42.413  49.627  4.615 0.0000000000
95089  -41.043  49.085  5.087 0.0000000000
95095  -41.339  49.041  3.392 0.0000000000
94439  -39.582  48.610  2.780 0.0000000000
94447  -38.769  48.657  1.853 0.0000000000
95121  -35.446  49.460  -1.071 0.0000000000
97598  -34.353  53.948  -0.252 0.0000000000
112999  -38.017  63.093  -2.425 0.0000000000
101864  -38.376  62.319  -1.417 0.0000000000
101342  -37.771  60.867  -2.968 0.0000000000
129961  -37.896  57.698  -2.758 0.0000000000
98763  -38.662  55.578  -2.517 0.0000000000
98232  -38.478  54.363  -4.893 0.0000000000
97624  -38.709  53.502  -3.699 0.0000000000
98204  -40.389  53.914  -2.169 0.0000000000
97031  -41.027  52.183  -2.818 0.0000000000
96428  -43.751  50.145  -2.854 0.0000000000
95164  -43.291  49.317  -2.590 0.0000000000
131286  -42.080  49.321  -1.410 0.0000000000
95162  -41.864  48.911  -2.900 0.0000000000
111348  -39.733  49.487  -2.941 0.0000000000
95176  -37.730  49.925  -3.462 0.0000000000
134099  -39.109  48.558  -6.583 0.0000000000
95204  -37.509  49.479  -5.523 0.0000000000
92019  -37.845  44.329  10.977 0.0000000000
92568  -39.527  45.124  12.114 0.0000000000
92001  -41.529  45.512  12.502 0.0000000000
92561  -40.851  46.214  12.491 0.0000000000
93740  -40.641  46.856  12.355 0.0000000000
93747  -40.555  48.330  12.065 0.0000000000
102948  -28.212  63.840  -1.385 0.0000000000
102936  -27.791  64.489  -0.804 0.0000000000
103459  -29.570  64.256  -1.785 0.0000000000
103447  -31.943  65.742  -1.556 0.0000000000
103449  -33.894  65.810  -1.636 0.0000000000
125834  -35.742  66.616  -1.534 0.0000000000
103944  -31.623  66.556  -2.885 0.0000000000
103946  -33.720  66.400  -2.615 0.0000000000
103933  -35.575  67.054  -2.194 0.0000000000
103935  -38.108  66.468  -2.587 0.0000000000
119537  -38.294  64.807  -4.045 0.0000000000
102432  -38.771  63.609  -5.054 0.0000000000
100783  -39.388  60.229  -5.815 0.0000000000
102461  -39.602  63.144  -6.341 0.0000000000
101361  -40.828  61.904  -6.250 0.0000000000
100271  -40.330  58.615  -6.287 0.0000000000
99776  -42.245  57.526  -6.658 0.0000000000
99304  -43.581  56.217  -7.357 0.0000000000
99323  -43.474  56.513  -9.244 0.0000000000
100300  -42.986  58.025  -10.042 0.0000000000
102493  -42.704  62.062  -11.291 0.0000000000
120311  -34.692  48.599  9.728 0.0000000000
94376  -35.868  48.827  10.556 0.0000000000
95075  -36.010  50.011  7.296 0.0000000000
95052  -36.756  49.727  9.305 0.0000000000
116862  -36.962  49.199  11.092 0.0000000000
95031  -38.906  49.589  11.857 0.0000000000
95039  -40.714  49.945  11.707 0.0000000000
118393  -41.123  49.840  11.548 0.0000000000
97600  -36.009  53.712  -0.187 0.0000000000
101319  -38.802  61.433  -0.856 0.0000000000
100744  -39.055  60.121  -0.345 0.0000000000
100221  -38.053  59.189  0.353 0.0000000000
99754  -41.842  57.703  0.083 0.0000000000
99250  -39.680  57.160  0.573 0.0000000000
99249  -38.218  56.942  0.513 0.0000000000
98743  -37.771  56.125  0.189 0.0000000000
128490  -37.595  53.595  -0.142 0.0000000000
97005  -36.756  52.597  0.715 0.0000000000
96974  -37.312  52.365  2.523 0.0000000000
96380  -38.294  52.333  3.735 0.0000000000
96347  -39.415  51.907  5.758 0.0000000000
130855  -42.390  52.409  4.651 0.0000000000
132404  -41.179  52.327  5.587 0.0000000000
96338  -41.627  51.749  7.438 0.0000000000
96328  -42.157  51.408  9.346 0.0000000000
95047  -41.928  50.641  10.498 0.0000000000
94390  -40.550  49.197  9.949 0.0000000000
94389  -39.455  48.376  9.086 0.0000000000
93774  -38.020  47.148  8.107 0.0000000000
93207  -37.471  46.617  7.549 0.0000000000
94420  -39.403  48.517  5.472 0.0000000000
93792  -37.857  47.590  6.229 0.0000000000
127493  -36.515  45.903  6.762 0.0000000000
133036  -35.356  44.874  5.690 0.0000000000
92053  -34.935  44.650  5.101 0.0000000000
111066  -40.398  49.304  0.258 0.0000000000
94459  -38.829  48.866  1.138 0.0000000000
134466  -37.565  48.464  1.811 0.0000000000
94474  -35.594  49.018  -0.281 0.0000000000
94444  -35.951  48.241  1.287 0.0000000000
117658  -36.071  47.598  2.521 0.0000000000
93227  -34.736  46.430  3.033 0.0000000000
92059  -33.597  44.857  2.984 0.0000000000
93754  -40.634  47.658  11.829 0.0000000000
93173  -40.579  46.776  11.318 0.0000000000
93187  -39.998  47.014  10.748 0.0000000000
98261  -42.473  53.471  -8.935 0.0000000000
98262  -42.675  53.184  -8.422 0.0000000000
98268  -41.642  53.225  -9.216 0.0000000000
96972  -35.800  52.273  2.249 0.0000000000
96987  -35.418  52.329  1.349 0.0000000000
103466  -36.757  64.633  -1.454 0.0000000000
129742  -36.684  63.578  -1.517 0.0000000000
102413  -37.625  64.009  -1.633 0.0000000000
95796  -44.008  49.886  -0.851 0.0000000000
95797  -44.276  50.408  -0.709 0.0000000000
95114  -43.630  49.693  0.089 0.0000000000
127252  -42.962  49.528  -0.256 0.0000000000
95113  -42.503  49.431  0.487 0.0000000000
95127  -42.351  49.441  -0.596 0.0000000000
100267  -38.616  59.086  -5.538 0.0000000000
122418  -38.144  58.171  -5.336 0.0000000000
99771  -38.703  57.334  -5.489 0.0000000000
96459  -41.450  50.377  -6.265 0.0000000000
125130  -40.066  51.631  -5.260 0.0000000000
123189  -40.989  50.823  -5.494 0.0000000000
96449  -41.893  50.476  -4.736 0.0000000000
95829  -42.380  49.576  -5.592 0.0000000000
117720  -42.633  48.587  -5.652 0.0000000000
95839  -42.718  48.841  -6.012 0.0000000000
90827  -37.824  42.407  10.579 0.0000000000
93164  -37.954  47.251  11.957 0.0000000000
93745  -38.165  47.980  12.184 0.0000000000
104357  -29.523  67.498  -2.359 0.0000000000
104356  -28.833  67.243  -2.085 0.0000000000
104345  -30.474  67.927  -1.614 0.0000000000
104739  -31.594  68.384  -0.986 0.0000000000
103929  -31.352  67.836  -2.011 0.0000000000
101891  -34.872  62.017  -5.943 0.0000000000
102442  -34.417  62.482  -5.476 0.0000000000
102995  -34.998  63.215  -5.073 0.0000000000
102997  -37.450  63.998  -5.256 0.0000000000
102443  -36.614  63.162  -5.652 0.0000000000
102471  -41.544  62.589  -8.617 0.0000000000
101948  -41.971  62.336  -7.710 0.0000000000
101949  -42.482  61.675  -7.895 0.0000000000
101372  -42.877  60.781  -7.923 0.0000000000
113351  -42.945  61.265  -8.839 0.0000000000
101379  -43.287  60.448  -8.856 0.0000000000
95756  -32.477  50.228  5.246 0.0000000000
95072  -33.415  49.467  6.433 0.0000000000
114522  -33.927  49.384  6.883 0.0000000000
95762  -38.131  51.075  6.224 0.0000000000
119530  -38.407  50.929  7.172 0.0000000000
122736  -39.317  51.250  7.563 0.0000000000
100741  -35.416  59.303  -0.559 0.0000000000
100234  -35.516  58.780  0.107 0.0000000000
99737  -35.680  57.654  0.485 0.0000000000
99738  -36.462  57.823  0.514 0.0000000000
98757  -39.585  56.202  -2.117 0.0000000000
99261  -40.286  57.270  -1.769 0.0000000000
117382  -40.849  56.549  -1.730 0.0000000000
97009  -41.665  53.407  1.117 0.0000000000
124290  -39.756  53.156  0.578 0.0000000000
97008  -40.427  52.944  0.955 0.0000000000
96991  -39.983  52.573  1.627 0.0000000000
95091  -42.793  50.104  5.670 0.0000000000
95763  -43.332  50.880  5.762 0.0000000000
95077  -42.602  50.147  6.734 0.0000000000
110746  -42.418  50.121  7.566 0.0000000000
95076  -41.619  49.602  6.746 0.0000000000
120401  -40.828  49.125  5.883 0.0000000000
94429  -38.161  48.303  2.982 0.0000000000
93808  -38.152  48.159  3.718 0.0000000000
93807  -37.496  47.966  3.315 0.0000000000
93224  -36.029  47.088  3.876 0.0000000000
93805  -36.075  47.322  3.136 0.0000000000
95159  -37.696  49.824  -2.548 0.0000000000
95140  -37.716  49.649  -1.725 0.0000000000
93828  -32.419  47.093  0.656 0.0000000000
115809  -33.015  47.268  0.933 0.0000000000
93232  -32.756  46.620  1.286 0.0000000000
92647  -32.187  45.333  0.950 0.0000000000
92646  -31.622  45.829  0.462 0.0000000000
92569  -41.986  45.906  12.177 0.0000000000
92607  -38.478  45.667  8.869 0.0000000000
117463  -41.837  56.590  -6.591 0.0000000000
99287  -41.550  55.678  -6.474 0.0000000000
97655  -42.302  52.772  -7.771 0.0000000000
97654  -41.966  53.236  -6.926 0.0000000000
97073  -41.662  51.854  -7.340 0.0000000000
96470  -41.694  51.001  -7.872 0.0000000000
96483  -41.808  50.885  -8.559 0.0000000000
95856  -41.883  49.929  -8.468 0.0000000000
96497  -41.591  50.550  -8.747 0.0000000000
95863  -38.813  49.975  -8.713 0.0000000000
92029  -35.242  44.435  10.097 0.0000000000
93171  -35.450  47.105  10.632 0.0000000000
103955  -27.549  66.156  -3.709 0.0000000000
102476  -38.829  62.139  -9.809 0.0000000000
102490  -39.841  62.779  -10.710 0.0000000000
124286  -38.428  62.416  -10.821 0.0000000000
111697  -36.725  52.033  4.088 0.0000000000
119882  -36.637  51.654  4.644 0.0000000000
96345  -37.837  51.411  5.458 0.0000000000
96361  -37.504  51.852  4.681 0.0000000000
102953  -32.893  63.657  -2.087 0.0000000000
100757  -36.887  60.695  -0.939 0.0000000000
97607  -42.219  53.398  -1.797 0.0000000000
115845  -42.534  54.408  -1.460 0.0000000000
97608  -43.063  53.655  -1.401 0.0000000000
124282  -44.136  52.098  -0.440 0.0000000000
97594  -44.021  53.039  -0.163 0.0000000000
97012  -44.245  52.220  0.392 0.0000000000
97011  -43.890  53.100  0.751 0.0000000000
96995  -44.128  52.276  1.361 0.0000000000
96979  -43.711  52.272  2.332 0.0000000000
96402  -44.244  51.508  1.913 0.0000000000
95786  -43.826  50.105  2.084 0.0000000000
128053  -43.386  49.895  2.837 0.0000000000
95097  -43.355  50.145  3.665 0.0000000000
114699  -42.384  49.437  3.077 0.0000000000
128597  -42.032  49.340  3.864 0.0000000000
94449  -40.075  48.746  2.110 0.0000000000
129666  -39.368  48.655  2.177 0.0000000000
94448  -39.535  48.810  1.577 0.0000000000
123630  -37.712  61.660  -3.959 0.0000000000
101873  -37.833  61.936  -2.929 0.0000000000
101347  -37.561  60.796  -3.753 0.0000000000
99768  -37.503  57.312  -4.466 0.0000000000
99270  -37.649  56.409  -3.408 0.0000000000
99266  -37.891  56.789  -2.853 0.0000000000
98767  -38.149  55.146  -3.126 0.0000000000
98780  -39.797  55.044  -5.750 0.0000000000
120592  -38.824  55.067  -5.295 0.0000000000
98233  -39.378  54.251  -5.522 0.0000000000
97042  -39.825  52.118  -3.868 0.0000000000
97051  -39.043  52.807  -4.166 0.0000000000
97625  -39.412  52.875  -3.377 0.0000000000
97613  -39.262  53.788  -2.779 0.0000000000
97030  -40.155  53.024  -2.740 0.0000000000
134453  -43.333  50.391  -3.230 0.0000000000
95810  -43.537  49.634  -3.570 0.0000000000
95811  -43.586  49.590  -2.892 0.0000000000
111864  -42.544  49.163  -2.359 0.0000000000
95194  -41.133  48.722  -4.294 0.0000000000
95178  -40.858  49.019  -3.362 0.0000000000
95177  -39.786  49.371  -3.731 0.0000000000
111349  -38.711  49.778  -3.008 0.0000000000
94555  -40.042  48.130  -7.925 0.0000000000
94542  -40.189  48.308  -6.513 0.0000000000
114018  -39.563  48.183  -7.323 0.0000000000
95203  -36.554  49.318  -5.995 0.0000000000
134038  -37.290  44.646  10.881 0.0000000000
92578  -37.662  45.267  11.346 0.0000000000
92000  -40.560  45.349  12.444 0.0000000000
93738  -39.687  48.033  12.515 0.0000000000
93739  -40.399  47.261  12.393 0.0000000000
119256  -40.253  47.878  12.362 0.0000000000
93748  -40.586  47.304  12.188 0.0000000000
125457  -25.818  63.212  -0.830 0.0000000000
102394  -25.964  62.796  -0.798 0.0000000000
102395  -26.723  63.293  -0.961 0.0000000000
102947  -27.499  63.568  -1.217 0.0000000000
103472  -25.600  64.377  -3.490 0.0000000000
103915  -29.319  66.533  -0.699 0.0000000000
103443  -27.601  64.871  -0.833 0.0000000000
117208  -29.140  65.734  -0.613 0.0000000000
102937  -28.721  64.703  -0.971 0.0000000000
103445  -29.731  65.224  -1.045 0.0000000000
103446  -30.835  65.532  -1.363 0.0000000000
104334  -33.071  67.727  -0.899 0.0000000000
103917  -32.684  66.997  -0.938 0.0000000000
103919  -34.241  66.583  -1.715 0.0000000000
103450  -34.928  65.944  -1.551 0.0000000000
103920  -35.123  66.743  -1.707 0.0000000000
103945  -32.670  66.318  -2.772 0.0000000000
103477  -32.971  65.145  -3.590 0.0000000000
125983  -35.749  65.026  -4.162 0.0000000000
103480  -36.711  66.009  -3.652 0.0000000000
104359  -37.087  67.273  -2.213 0.0000000000
103481  -37.974  66.036  -3.467 0.0000000000
103482  -38.277  65.882  -3.109 0.0000000000
103500  -38.169  65.343  -3.831 0.0000000000
102987  -38.829  63.893  -5.362 0.0000000000
101893  -39.042  62.720  -5.254 0.0000000000
101352  -39.142  61.538  -5.476 0.0000000000
101929  -37.979  61.896  -7.544 0.0000000000
101911  -38.672  62.788  -6.636 0.0000000000
101914  -41.533  61.825  -6.570 0.0000000000
101913  -40.807  62.410  -6.521 0.0000000000
101362  -41.245  60.865  -6.455 0.0000000000
124853  -40.382  60.688  -6.190 0.0000000000
100787  -40.833  59.706  -6.437 0.0000000000
100272  -41.582  58.692  -6.563 0.0000000000
100796  -43.396  58.840  -7.843 0.0000000000
99785  -43.181  57.399  -7.024 0.0000000000
99786  -43.711  56.820  -7.567 0.0000000000
99305  -43.982  56.062  -8.113 0.0000000000
99787  -43.916  56.921  -8.247 0.0000000000
99801  -43.673  57.175  -9.080 0.0000000000
101387  -43.376  59.468  -10.437 0.0000000000
100301  -43.327  57.935  -9.689 0.0000000000
100816  -43.192  58.650  -10.365 0.0000000000
100308  -42.745  58.733  -10.628 0.0000000000
100832  -43.026  59.375  -11.014 0.0000000000
102492  -42.134  62.638  -10.812 0.0000000000
94380  -33.382  48.432  8.850 0.0000000000
95051  -34.814  49.279  8.324 0.0000000000
94381  -34.100  48.499  9.305 0.0000000000
94388  -34.744  48.968  9.160 0.0000000000
94382  -35.328  48.987  9.841 0.0000000000
95740  -35.989  50.348  6.425 0.0000000000
95074  -35.329  49.893  7.013 0.0000000000
117482  -37.321  50.104  8.732 0.0000000000
95062  -36.514  49.895  8.128 0.0000000000
95036  -37.312  49.671  10.344 0.0000000000
95037  -38.125  49.685  11.246 0.0000000000
126590  -38.375  50.113  10.556 0.0000000000
95719  -40.751  50.902  10.743 0.0000000000
95712  -40.508  50.387  11.284 0.0000000000
95040  -41.264  50.356  11.088 0.0000000000
98741  -35.826  56.146  0.028 0.0000000000
98191  -34.873  54.683  -0.139 0.0000000000
121747  -38.420  60.916  -2.167 0.0000000000
122271  -38.974  62.066  -0.951 0.0000000000
101335  -39.075  61.316  -1.135 0.0000000000
100236  -40.209  58.960  -0.318 0.0000000000
100758  -39.274  60.098  -0.744 0.0000000000
100730  -39.300  59.554  0.035 0.0000000000
100729  -38.740  59.659  0.082 0.0000000000
100222  -39.363  58.774  0.283 0.0000000000
98755  -42.680  55.978  -0.501 0.0000000000
99263  -42.358  56.719  -0.534 0.0000000000
99257  -42.513  56.541  -0.058 0.0000000000
122500  -40.206  55.211  0.379 0.0000000000
99251  -40.932  56.958  0.504 0.0000000000
113060  -39.962  56.156  0.516 0.0000000000
133582  -38.870  57.024  0.588 0.0000000000
98744  -38.834  56.285  0.456 0.0000000000
98753  -38.299  55.322  0.053 0.0000000000
97590  -38.936  53.053  0.360 0.0000000000
97589  -38.049  52.987  0.226 0.0000000000
125593  -37.188  52.988  0.190 0.0000000000
125164  -37.639  52.581  0.720 0.0000000000
96989  -37.249  52.371  1.592 0.0000000000
129381  -38.100  52.382  1.270 0.0000000000
96962  -39.887  52.385  3.115 0.0000000000
96961  -38.734  52.366  3.069 0.0000000000
96950  -39.140  52.355  3.937 0.0000000000
96363  -39.503  52.301  4.912 0.0000000000
96965  -43.184  52.302  3.792 0.0000000000
96964  -42.316  52.497  3.864 0.0000000000
96953  -42.984  52.279  4.358 0.0000000000
96348  -42.706  51.920  6.001 0.0000000000
115050  -41.647  52.124  6.246 0.0000000000
96333  -42.017  51.571  8.574 0.0000000000
96334  -42.671  51.353  8.053 0.0000000000
116113  -42.041  50.076  9.128 0.0000000000
95054  -42.357  50.609  9.726 0.0000000000
95053  -41.781  50.095  9.999 0.0000000000
94383  -39.600  48.021  9.950 0.0000000000
116941  -39.848  48.805  8.549 0.0000000000
94399  -39.158  48.483  7.562 0.0000000000
122341  -38.988  48.296  8.331 0.0000000000
93787  -38.439  47.876  7.772 0.0000000000
93786  -37.833  47.362  7.185 0.0000000000
94426  -40.414  48.751  4.397 0.0000000000
94421  -40.188  48.752  5.195 0.0000000000
94425  -39.546  48.533  4.611 0.0000000000
93800  -37.321  47.516  4.851 0.0000000000
93796  -37.967  47.802  5.329 0.0000000000
93213  -37.227  47.207  5.697 0.0000000000
93209  -37.157  46.779  6.678 0.0000000000
93212  -36.480  46.493  5.981 0.0000000000
92618  -35.831  45.537  6.075 0.0000000000
92617  -35.307  45.428  5.247 0.0000000000
92621  -34.785  45.246  4.538 0.0000000000
126789  -34.354  43.910  4.209 0.0000000000
92060  -34.031  44.287  3.697 0.0000000000
95143  -41.126  49.325  -1.687 0.0000000000
95126  -41.238  49.398  -0.605 0.0000000000
95125  -40.127  49.465  -0.645 0.0000000000
94458  -38.063  49.237  -0.003 0.0000000000
95110  -38.858  49.168  0.391 0.0000000000
126675  -38.217  48.974  0.716 0.0000000000
94446  -37.971  48.677  1.398 0.0000000000
94473  -34.737  49.125  -0.616 0.0000000000
94455  -34.845  48.550  0.157 0.0000000000
93817  -34.184  47.466  1.470 0.0000000000
134048  -35.232  48.227  0.807 0.0000000000
94443  -35.042  47.798  1.379 0.0000000000
93818  -35.620  47.682  1.982 0.0000000000
93812  -35.324  47.138  2.669 0.0000000000
93811  -34.579  46.786  2.480 0.0000000000
92065  -33.028  45.263  2.194 0.0000000000
92626  -33.619  45.718  2.526 0.0000000000
92066  -33.129  44.484  2.290 0.0000000000
91489  -33.621  44.072  2.976 0.0000000000
92580  -41.608  46.239  11.937 0.0000000000
92579  -40.992  46.224  11.290 0.0000000000
92594  -40.846  45.465  10.554 0.0000000000
98794  -42.722  54.494  -7.151 0.0000000000
97666  -42.413  52.655  -8.767 0.0000000000
97098  -41.915  52.190  -9.120 0.0000000000
96496  -41.204  50.935  -8.962 0.0000000000
97097  -41.237  51.797  -9.120 0.0000000000
96393  -36.138  52.291  2.944 0.0000000000
96959  -36.850  52.307  3.273 0.0000000000
124134  -34.720  63.945  -1.894 0.0000000000
102955  -35.643  63.727  -1.738 0.0000000000
101847  -37.630  62.280  -1.125 0.0000000000
96417  -43.881  50.696  -2.078 0.0000000000
97021  -43.611  51.886  -1.647 0.0000000000
96418  -44.081  51.250  -1.133 0.0000000000
96409  -44.363  51.208  -0.144 0.0000000000
95108  -44.068  49.906  0.861 0.0000000000
129558  -44.004  49.955  1.383 0.0000000000
113742  -41.865  49.208  2.073 0.0000000000
95106  -42.395  49.375  1.411 0.0000000000
95105  -41.545  49.190  1.261 0.0000000000
100781  -37.761  59.914  -4.780 0.0000000000
100778  -37.430  59.919  -4.190 0.0000000000
114585  -37.604  58.172  -4.782 0.0000000000
99770  -37.858  57.329  -5.119 0.0000000000
99276  -37.803  56.550  -4.862 0.0000000000
97060  -39.627  52.202  -5.690 0.0000000000
97052  -39.553  52.187  -4.708 0.0000000000
96438  -41.086  51.374  -3.702 0.0000000000
96450  -43.027  49.460  -4.828 0.0000000000
95818  -43.388  49.142  -4.398 0.0000000000
95195  -42.461  48.463  -4.955 0.0000000000
119109  -41.300  48.491  -5.072 0.0000000000
94541  -38.259  48.445  -7.233 0.0000000000
91425  -38.693  43.747  11.113 0.0000000000
92566  -37.832  46.342  11.683 0.0000000000
93157  -39.467  46.798  12.549 0.0000000000
93165  -38.947  47.543  12.524 0.0000000000
93746  -38.954  48.418  12.456 0.0000000000
102945  -25.501  63.414  -1.505 0.0000000000
103940  -27.620  66.036  -2.455 0.0000000000
103927  -27.101  65.273  -2.046 0.0000000000
104355  -28.248  66.506  -1.718 0.0000000000
104343  -29.027  67.013  -1.113 0.0000000000
103909  -30.391  67.418  -0.616 0.0000000000
104332  -31.069  67.415  -0.520 0.0000000000
104323  -31.228  67.976  -0.527 0.0000000000
104728  -32.456  68.281  -0.861 0.0000000000
104347  -33.220  67.883  -1.253 0.0000000000
102429  -32.958  62.948  -5.032 0.0000000000
103496  -33.613  64.429  -4.196 0.0000000000
103497  -34.659  64.542  -4.243 0.0000000000
103498  -36.609  64.990  -4.389 0.0000000000
102986  -38.052  64.608  -4.578 0.0000000000
102985  -37.013  64.487  -4.830 0.0000000000
102445  -38.847  63.826  -5.605 0.0000000000
101946  -39.546  62.276  -8.155 0.0000000000
102466  -39.983  62.657  -7.076 0.0000000000
132903  -40.393  62.568  -7.656 0.0000000000
101931  -41.492  62.356  -6.951 0.0000000000
101363  -42.029  60.937  -6.725 0.0000000000
100794  -42.472  59.949  -6.936 0.0000000000
101371  -42.502  60.822  -7.159 0.0000000000
100795  -42.937  59.854  -7.450 0.0000000000
100804  -43.573  58.826  -8.815 0.0000000000
101380  -43.498  59.630  -9.405 0.0000000000
101386  -43.361  60.569  -9.964 0.0000000000
119749  -32.014  50.724  4.697 0.0000000000
95755  -31.664  50.203  5.266 0.0000000000
95086  -32.065  49.540  5.777 0.0000000000
94397  -33.319  48.726  8.137 0.0000000000
95060  -34.119  49.202  7.679 0.0000000000
95731  -36.725  50.290  7.104 0.0000000000
111077  -38.218  50.441  8.947 0.0000000000
132385  -38.587  50.401  9.847 0.0000000000
95725  -39.495  50.814  9.627 0.0000000000
131692  -39.819  51.137  9.047 0.0000000000
95726  -40.870  51.354  9.833 0.0000000000
99736  -34.785  57.500  0.507 0.0000000000
99247  -35.327  56.858  0.358 0.0000000000
99764  -38.763  58.331  -2.212 0.0000000000
100771  -39.226  60.430  -1.202 0.0000000000
100247  -39.483  59.021  -1.483 0.0000000000
100248  -40.233  58.847  -0.986 0.0000000000
100249  -40.793  58.579  -0.550 0.0000000000
98187  -42.633  55.235  0.330 0.0000000000
98746  -42.059  55.927  0.417 0.0000000000
98186  -41.348  54.909  0.476 0.0000000000
132667  -39.571  54.630  0.234 0.0000000000
98195  -38.827  54.530  0.010 0.0000000000
97602  -39.490  53.779  0.212 0.0000000000
96990  -38.904  52.394  1.408 0.0000000000
131261  -39.953  52.456  2.365 0.0000000000
96963  -41.090  52.496  3.529 0.0000000000
95777  -43.514  51.281  4.983 0.0000000000
96365  -43.028  52.055  5.088 0.0000000000
96340  -43.107  51.318  6.479 0.0000000000
95736  -43.084  51.129  7.469 0.0000000000
95735  -42.960  50.989  8.456 0.0000000000
95744  -42.965  50.680  7.663 0.0000000000
94411  -39.459  48.586  6.516 0.0000000000
94424  -38.854  48.349  4.122 0.0000000000
93211  -35.863  46.234  5.305 0.0000000000
93220  -35.957  46.738  4.583 0.0000000000
134494  -35.492  46.544  4.074 0.0000000000
95160  -39.191  49.615  -2.250 0.0000000000
95141  -38.587  49.606  -1.511 0.0000000000
111065  -37.895  49.510  -0.884 0.0000000000
95123  -37.179  49.281  -0.362 0.0000000000
94454  -33.919  48.248  0.255 0.0000000000
93829  -33.654  47.637  0.869 0.0000000000
128073  -33.968  46.812  2.072 0.0000000000
93233  -33.256  46.213  1.938 0.0000000000
92076  -32.650  44.883  1.616 0.0000000000
92002  -42.414  45.159  12.440 0.0000000000
99774  -40.093  57.644  -6.112 0.0000000000
123534  -39.655  56.972  -5.795 0.0000000000
99286  -40.105  55.945  -5.910 0.0000000000
98246  -40.425  54.276  -6.082 0.0000000000
98247  -41.760  53.940  -6.660 0.0000000000
97653  -40.691  53.457  -6.358 0.0000000000
97071  -40.170  52.681  -6.265 0.0000000000
96468  -40.517  51.875  -6.463 0.0000000000
96469  -41.211  51.017  -6.803 0.0000000000
95838  -42.060  50.000  -7.193 0.0000000000
114067  -42.617  49.001  -6.909 0.0000000000
95847  -42.294  49.398  -7.800 0.0000000000
95226  -41.487  48.687  -8.489 0.0000000000
94565  -39.890  48.516  -8.334 0.0000000000
95864  -40.130  50.261  -8.947 0.0000000000
95238  -39.671  49.226  -8.715 0.0000000000
131152  -37.272  43.052  10.388 0.0000000000
91436  -36.067  44.034  10.275 0.0000000000
92018  -36.682  44.913  10.727 0.0000000000
92592  -35.133  45.431  10.231 0.0000000000
112699  -36.033  45.650  10.633 0.0000000000
117484  -36.177  46.562  10.880 0.0000000000
93172  -36.209  47.517  11.113 0.0000000000
103954  -26.722  65.585  -3.911 0.0000000000
103941  -28.810  67.038  -3.188 0.0000000000
102459  -37.009  62.739  -6.176 0.0000000000
101945  -38.467  61.864  -8.319 0.0000000000
131333  -39.614  62.276  -8.872 0.0000000000
102478  -40.965  62.678  -9.514 0.0000000000
102479  -41.927  62.603  -9.707 0.0000000000
114334  -40.552  62.764  -10.262 0.0000000000
96360  -36.153  51.277  5.037 0.0000000000
95760  -36.470  50.843  5.722 0.0000000000
95761  -37.286  50.918  5.905 0.0000000000
96346  -38.608  51.524  5.799 0.0000000000
100756  -35.807  60.022  -1.199 0.0000000000
121828  -36.278  59.255  0.031 0.0000000000
98198  -40.863  54.851  -1.809 0.0000000000
98759  -41.420  55.832  -1.623 0.0000000000
98199  -42.016  55.130  -1.546 0.0000000000
98200  -42.721  55.246  -1.030 0.0000000000
127109  -43.447  52.919  -1.336 0.0000000000
97603  -43.617  53.672  -0.778 0.0000000000
118577  -43.412  54.481  -0.309 0.0000000000
97010  -43.110  53.645  1.095 0.0000000000
96993  -42.425  53.094  1.618 0.0000000000
96977  -42.063  52.752  2.324 0.0000000000
129067  -42.994  52.797  2.195 0.0000000000
96394  -43.624  52.031  3.284 0.0000000000
95783  -44.171  50.935  2.471 0.0000000000
95780  -43.906  51.343  3.338 0.0000000000
95779  -43.748  50.905  4.066 0.0000000000
95090  -41.887  49.462  5.096 0.0000000000
95092  -41.363  49.109  4.284 0.0000000000
94432  -40.660  48.803  3.703 0.0000000000
95099  -41.364  49.036  2.668 0.0000000000
94440  -40.512  48.791  2.890 0.0000000000
94438  -38.808  48.526  2.558 0.0000000000
94437  -38.007  48.444  2.215 0.0000000000
95139  -36.193  49.620  -1.574 0.0000000000
95138  -35.368  49.766  -1.952 0.0000000000
95120  -34.525  49.602  -1.473 0.0000000000
94472  -33.867  49.208  -0.860 0.0000000000
124300  -33.408  48.583  -0.372 0.0000000000
93840  -32.104  47.583  -0.037 0.0000000000
93244  -31.764  46.753  0.308 0.0000000000
116207  -37.989  64.085  -2.212 0.0000000000
101343  -38.567  61.739  -1.620 0.0000000000
100775  -37.669  59.890  -3.026 0.0000000000
100260  -37.340  59.292  -3.820 0.0000000000
127281  -37.460  58.928  -3.433 0.0000000000
116565  -38.085  58.541  -2.623 0.0000000000
122870  -38.627  57.347  -2.418 0.0000000000
99267  -38.591  56.430  -2.471 0.0000000000
98764  -39.374  55.303  -2.220 0.0000000000
99278  -39.001  56.415  -5.490 0.0000000000
98779  -38.341  55.884  -5.158 0.0000000000
98770  -38.233  55.185  -4.869 0.0000000000
97643  -38.910  53.684  -5.173 0.0000000000
114706  -38.317  54.076  -4.156 0.0000000000
98209  -38.011  54.890  -4.155 0.0000000000
113725  -38.422  54.297  -3.361 0.0000000000
98202  -38.843  54.743  -2.621 0.0000000000
98203  -39.772  54.652  -2.177 0.0000000000
97614  -41.169  53.163  -2.218 0.0000000000
97032  -42.106  52.288  -2.272 0.0000000000
96427  -42.275  51.220  -3.046 0.0000000000
97033  -43.224  51.269  -2.412 0.0000000000
95144  -43.648  49.681  -1.954 0.0000000000
121814  -42.952  49.371  -1.707 0.0000000000
95161  -40.372  49.349  -2.435 0.0000000000
111350  -36.898  49.970  -2.955 0.0000000000
94529  -41.573  48.036  -6.525 0.0000000000
95206  -40.713  48.519  -5.709 0.0000000000
95205  -39.407  48.975  -5.786 0.0000000000
95214  -38.344  49.097  -6.138 0.0000000000
127870  -38.539  49.448  -5.109 0.0000000000
91424  -37.916  43.359  10.655 0.0000000000
92008  -38.589  44.789  11.548 0.0000000000
92009  -39.320  44.195  11.558 0.0000000000
91402  -41.208  44.264  12.326 0.0000000000
129278  -42.000  44.576  12.543 0.0000000000
92563  -41.986  45.754  12.331 0.0000000000
92562  -41.369  46.123  12.372 0.0000000000
93158  -40.393  46.810  12.475 0.0000000000
125829  -41.097  46.478  12.235 0.0000000000
124081  -40.723  48.601  11.829 0.0000000000
102946  -26.252  63.890  -0.996 0.0000000000
103458  -27.180  64.867  -1.136 0.0000000000
102935  -27.069  64.103  -0.722 0.0000000000
102950  -30.050  63.520  -2.399 0.0000000000
103460  -30.428  64.425  -1.906 0.0000000000
103461  -31.417  64.530  -1.954 0.0000000000
103462  -32.413  64.603  -1.901 0.0000000000
117028  -31.489  66.787  -0.739 0.0000000000
103448  -32.971  65.807  -1.644 0.0000000000
103463  -33.368  64.688  -1.823 0.0000000000
103464  -34.315  64.782  -1.731 0.0000000000
103451  -36.097  65.772  -1.432 0.0000000000
103452  -37.231  65.837  -1.380 0.0000000000
103943  -30.516  66.911  -3.119 0.0000000000
103930  -32.576  67.545  -1.899 0.0000000000
103931  -33.783  66.987  -1.780 0.0000000000
103478  -34.113  65.387  -3.518 0.0000000000
103947  -34.766  66.442  -2.824 0.0000000000
103932  -34.548  66.908  -2.073 0.0000000000
104336  -36.087  67.036  -1.675 0.0000000000
104337  -36.961  67.053  -1.538 0.0000000000
103453  -37.988  65.942  -1.620 0.0000000000
102967  -38.274  65.162  -3.021 0.0000000000
102419  -38.197  64.162  -3.456 0.0000000000
101881  -38.017  63.012  -3.950 0.0000000000
102431  -38.373  64.157  -4.688 0.0000000000
101892  -38.251  62.149  -4.522 0.0000000000
101351  -38.298  61.106  -4.930 0.0000000000
100782  -38.373  60.087  -5.318 0.0000000000
100268  -39.459  58.977  -5.911 0.0000000000
102460  -38.251  63.355  -6.135 0.0000000000
128158  -39.731  63.374  -5.965 0.0000000000
102447  -40.162  62.905  -6.302 0.0000000000
101912  -40.274  62.792  -6.134 0.0000000000
101894  -39.813  63.019  -5.766 0.0000000000
101353  -40.116  61.859  -5.874 0.0000000000
100786  -40.012  59.605  -6.201 0.0000000000
123535  -39.640  58.209  -5.939 0.0000000000
99775  -41.060  57.643  -6.447 0.0000000000
100273  -42.568  58.324  -6.767 0.0000000000
99303  -42.982  56.445  -6.827 0.0000000000
98796  -43.435  55.617  -7.275 0.0000000000
98810  -43.784  55.381  -7.996 0.0000000000
100289  -43.621  58.073  -9.203 0.0000000000
99809  -43.207  57.234  -9.567 0.0000000000
102480  -42.574  62.151  -10.175 0.0000000000
101976  -43.044  61.331  -10.740 0.0000000000
93184  -33.917  47.349  9.801 0.0000000000
93761  -34.286  48.138  9.922 0.0000000000
93762  -35.114  48.367  10.304 0.0000000000
126822  -35.637  48.388  10.729 0.0000000000
93753  -36.264  48.398  11.128 0.0000000000
95061  -35.536  49.643  7.868 0.0000000000
95045  -36.242  49.330  10.077 0.0000000000
118547  -37.106  48.678  11.485 0.0000000000
94368  -37.479  48.984  11.540 0.0000000000
94370  -38.974  49.159  12.248 0.0000000000
95038  -39.467  50.039  11.478 0.0000000000
95032  -39.897  49.552  12.114 0.0000000000
124478  -40.739  49.255  11.939 0.0000000000
94384  -40.867  49.086  11.339 0.0000000000
97599  -35.203  53.815  -0.194 0.0000000000
97587  -35.536  53.069  0.033 0.0000000000
102396  -38.019  62.947  -1.507 0.0000000000
101318  -37.941  61.614  -0.779 0.0000000000
101304  -39.054  60.744  -0.770 0.0000000000
128278  -38.769  60.591  -0.540 0.0000000000
101303  -37.900  60.580  -0.515 0.0000000000
100743  -38.178  59.893  -0.106 0.0000000000
114236  -37.195  59.751  -0.153 0.0000000000
100220  -37.250  58.374  0.535 0.0000000000
115679  -41.865  56.789  -1.193 0.0000000000
99762  -41.996  57.603  -0.413 0.0000000000
100224  -41.273  58.144  0.092 0.0000000000
121886  -41.715  56.568  0.426 0.0000000000
99743  -41.404  57.625  0.297 0.0000000000
99741  -39.795  58.056  0.383 0.0000000000
121337  -38.331  58.511  0.492 0.0000000000
99248  -37.310  56.892  0.341 0.0000000000
98742  -36.786  56.128  -0.008 0.0000000000
98752  -37.249  55.159  -0.197 0.0000000000
98194  -37.936  54.415  -0.233 0.0000000000
98193  -36.516  54.447  -0.262 0.0000000000
129473  -36.793  53.614  -0.155 0.0000000000
97588  -36.353  53.025  0.115 0.0000000000
97004  -35.888  52.635  0.652 0.0000000000
96988  -36.269  52.404  1.491 0.0000000000
96960  -37.795  52.379  3.145 0.0000000000
96975  -38.184  52.309  2.149 0.0000000000
96362  -38.389  52.185  4.408 0.0000000000
122521  -41.862  52.627  3.066 0.0000000000
96952  -41.447  52.474  4.444 0.0000000000
96947  -41.932  52.382  5.340 0.0000000000
96364  -40.747  52.422  5.050 0.0000000000
116706  -40.446  52.219  5.683 0.0000000000
112150  -40.416  51.888  6.518 0.0000000000
95743  -40.241  51.602  7.437 0.0000000000
96332  -41.073  51.642  8.195 0.0000000000
96327  -41.394  51.543  9.111 0.0000000000
95727  -41.971  51.333  9.934 0.0000000000
95055  -42.664  50.954  9.374 0.0000000000
95048  -42.305  51.001  10.072 0.0000000000
95046  -41.359  50.024  10.955 0.0000000000
93775  -38.729  47.733  8.711 0.0000000000
93200  -37.785  46.418  8.178 0.0000000000
123972  -37.319  45.887  7.800 0.0000000000
128148  -40.062  48.756  5.920 0.0000000000
94410  -38.615  48.175  5.845 0.0000000000
94419  -38.726  48.251  4.956 0.0000000000
127958  -37.002  46.113  7.270 0.0000000000
92609  -36.794  45.445  7.369 0.0000000000
92613  -36.198  45.087  6.850 0.0000000000
92048  -35.730  44.632  6.224 0.0000000000
95111  -39.617  49.079  0.828 0.0000000000
118792  -39.562  49.329  0.087 0.0000000000
94436  -37.245  48.256  2.177 0.0000000000
94456  -35.768  48.607  0.470 0.0000000000
94457  -36.513  48.666  0.785 0.0000000000
94445  -37.018  48.479  1.450 0.0000000000
93819  -36.467  48.030  2.042 0.0000000000
93813  -36.829  47.825  2.779 0.0000000000
93226  -34.191  45.672  3.125 0.0000000000
127032  -34.150  46.254  2.571 0.0000000000
92623  -34.249  45.024  3.804 0.0000000000
92056  -34.475  44.454  4.399 0.0000000000
93159  -40.846  46.507  12.375 0.0000000000
93799  -36.682  47.288  4.354 0.0000000000
93806  -36.769  47.529  3.577 0.0000000000
94369  -38.058  49.243  11.665 0.0000000000
94530  -42.419  48.437  -6.511 0.0000000000
94543  -40.955  47.920  -7.453 0.0000000000
94556  -40.878  48.239  -8.251 0.0000000000
94557  -41.830  48.244  -8.003 0.0000000000
94566  -40.749  48.846  -8.642 0.0000000000
95096  -42.754  49.737  4.003 0.0000000000
95180  -43.082  48.731  -4.511 0.0000000000
95215  -42.393  48.588  -7.513 0.0000000000
95227  -42.028  49.059  -8.392 0.0000000000
95239  -41.443  49.303  -8.738 0.0000000000
95865  -41.105  50.013  -8.994 0.0000000000
96322  -42.438  51.164  9.657 0.0000000000
96329  -42.600  51.181  9.014 0.0000000000
97635  -38.637  53.544  -4.535 0.0000000000
97644  -39.576  53.322  -5.715 0.0000000000
97665  -42.407  53.017  -9.063 0.0000000000
98185  -40.236  54.375  0.361 0.0000000000
98747  -42.601  55.962  0.049 0.0000000000
98762  -37.982  55.961  -2.930 0.0000000000
98769  -37.870  55.769  -4.551 0.0000000000
98795  -43.425  54.914  -7.762 0.0000000000
99252  -41.874  57.181  0.307 0.0000000000
99253  -42.261  56.621  0.224 0.0000000000
99256  -42.269  57.149  0.044 0.0000000000
99273  -37.543  56.466  -4.149 0.0000000000
99316  -43.800  56.210  -8.838 0.0000000000
99739  -37.016  57.550  0.465 0.0000000000
99740  -38.850  57.739  0.554 0.0000000000
99742  -40.626  57.819  0.359 0.0000000000
99753  -41.572  58.066  -0.098 0.0000000000
99759  -39.689  58.044  -1.809 0.0000000000
99760  -40.731  58.181  -1.168 0.0000000000
99761  -41.351  58.161  -0.525 0.0000000000
99766  -37.485  57.271  -3.543 0.0000000000
100223  -40.420  58.626  0.082 0.0000000000
100235  -37.141  59.208  0.317 0.0000000000
100237  -41.040  58.486  -0.144 0.0000000000
100256  -37.897  59.185  -2.759 0.0000000000
100257  -38.838  59.409  -1.932 0.0000000000
100264  -37.455  59.054  -4.488 0.0000000000
100277  -43.539  57.754  -7.594 0.0000000000
100745  -39.501  59.577  -0.346 0.0000000000
100774  -37.487  60.065  -3.624 0.0000000000
101947  -41.175  62.608  -7.647 0.0000000000
102458  -35.886  62.264  -5.995 0.0000000000
102956  -38.090  65.101  -1.899 0.0000000000
102983  -34.600  63.705  -4.707 0.0000000000
102984  -35.642  64.171  -4.698 0.0000000000
103442  -26.886  64.286  -0.835 0.0000000000
103444  -28.406  65.405  -0.752 0.0000000000
103467  -38.338  65.973  -2.281 0.0000000000
103918  -33.428  66.789  -1.527 0.0000000000
103921  -36.634  66.670  -1.427 0.0000000000
103922  -37.463  66.627  -1.513 0.0000000000
103923  -38.010  66.626  -1.839 0.0000000000
103928  -27.662  65.595  -1.386 0.0000000000
103934  -36.471  67.310  -1.996 0.0000000000
103939  -27.077  65.641  -3.036 0.0000000000
103948  -36.540  67.005  -2.645 0.0000000000
103949  -37.498  66.797  -2.806 0.0000000000
104322  -30.673  67.957  -0.673 0.0000000000
104338  -37.454  67.010  -1.662 0.0000000000
104344  -29.708  67.641  -1.423 0.0000000000
104348  -34.410  66.745  -1.881 0.0000000000
104349  -35.165  66.916  -1.818 0.0000000000
104350  -36.975  67.264  -1.752 0.0000000000
104351  -37.665  67.105  -2.083 0.0000000000
104725  -30.607  68.112  -0.936 0.0000000000
104726  -31.204  68.207  -0.726 0.0000000000
104727  -31.764  68.213  -0.690 0.0000000000
114357  -34.872  49.533  7.555 0.0000000000
114469  -37.567  58.268  -3.220 0.0000000000
115805  -41.769  51.426  -8.982 0.0000000000
118482  -35.733  66.556  -3.022 0.0000000000
119545  -39.228  63.640  -5.921 0.0000000000
121475  -43.208  54.733  0.177 0.0000000000
121830  -37.806  57.663  0.560 0.0000000000
123062  -38.977  58.225  -5.635 0.0000000000
124488  -42.332  59.143  -6.768 0.0000000000
127555  -38.763  59.184  0.274 0.0000000000
128481  -41.662  49.757  -8.657 0.0000000000
129314  -43.878  49.966  -2.366 0.0000000000
130756  -33.336  67.169  -1.950 0.0000000000
130889  -39.415  59.792  -1.174 0.0000000000
132374  -42.512  61.319  -7.423 0.0000000000
132420  -37.203  54.246  -0.268 0.0000000000
