#!ascii label  , from subject sub-v1s20x0050320_ses-1 vox2ras=TkReg
702
13951  26.850  -54.097  -26.844 0.6000000238
13177  27.813  -54.148  -17.171 0.6999999881
119214  27.547  -54.507  -19.163 0.6999999881
12527  27.471  -55.847  -20.851 0.8999999762
12541  26.841  -55.946  -22.193 0.8000000119
12558  26.919  -55.340  -24.021 0.8000000119
13944  26.683  -53.771  -26.058 0.6000000238
115498  26.985  -53.332  -26.628 0.6999999881
15350  28.416  -52.340  -27.456 0.6999999881
124922  27.499  -53.741  -18.184 0.6999999881
13846  27.392  -53.696  -16.547 0.6999999881
13865  27.451  -54.124  -18.785 0.6999999881
13880  26.975  -54.531  -20.213 0.6000000238
13213  27.080  -55.031  -19.952 0.6999999881
12495  27.692  -54.967  -19.487 0.6999999881
13223  26.722  -55.354  -20.803 0.8000000119
13240  26.887  -54.576  -23.092 0.8000000119
12542  26.661  -55.474  -22.482 0.8000000119
13250  26.784  -55.157  -23.596 0.8000000119
13930  26.569  -54.458  -25.372 0.6000000238
14646  27.501  -52.503  -26.800 0.6000000238
15339  28.010  -51.824  -26.898 0.6999999881
16153  29.626  -51.327  -27.591 0.6999999881
14572  27.546  -53.000  -18.079 0.5000000000
14578  27.915  -52.772  -19.525 0.4000000060
14579  27.509  -53.534  -18.901 0.6000000238
14588  27.370  -53.676  -19.785 0.5000000000
14597  27.714  -53.337  -21.695 0.6000000238
13890  26.930  -54.383  -21.167 0.8000000119
13901  27.213  -54.042  -22.264 0.6999999881
13910  27.316  -53.693  -24.047 0.6999999881
14630  27.280  -52.810  -24.611 0.6999999881
15329  27.176  -51.537  -25.945 0.5000000000
15340  27.413  -51.341  -26.276 0.6000000238
16143  27.999  -51.029  -26.500 0.6000000238
15338  28.729  -51.627  -27.278 0.6000000238
16152  30.429  -50.978  -27.987 0.5000000000
15263  28.487  -51.673  -18.467 0.5000000000
14566  27.504  -52.510  -17.398 0.6000000238
14553  26.779  -52.384  -16.220 0.6000000238
14571  27.983  -52.519  -18.698 0.5000000000
129175  27.422  -53.573  -20.676 0.5000000000
14602  28.469  -52.248  -23.206 0.6000000238
15319  27.063  -52.027  -25.013 0.5000000000
127139  27.044  -51.608  -25.533 0.5000000000
16144  27.010  -50.399  -26.314 0.6000000238
17005  27.676  -49.975  -26.510 0.6000000238
16142  28.826  -50.795  -26.822 0.5000000000
17003  29.931  -49.749  -26.616 0.5000000000
17002  30.886  -49.557  -26.937 0.5000000000
15249  27.673  -51.654  -17.355 0.5000000000
14552  27.201  -52.025  -16.831 0.5000000000
15278  28.666  -52.153  -20.219 0.4000000060
15285  29.571  -51.365  -21.314 0.3000000119
15286  29.134  -51.936  -21.748 0.4000000060
15294  29.093  -51.715  -22.648 0.3000000119
15293  29.588  -51.235  -22.138 0.3000000119
14596  28.540  -52.493  -22.204 0.5000000000
15305  28.668  -51.141  -23.574 0.5000000000
16116  27.794  -50.777  -24.412 0.5000000000
15307  27.016  -51.116  -25.032 0.5000000000
16136  26.280  -50.175  -25.909 0.5000000000
16145  26.408  -50.004  -26.215 0.6000000238
17006  26.784  -49.773  -26.454 0.6000000238
17831  29.052  -48.982  -26.418 0.5000000000
17830  30.220  -48.869  -26.064 0.5000000000
17829  31.351  -48.886  -26.406 0.5000000000
15248  28.270  -51.297  -17.751 0.5000000000
15262  29.152  -51.285  -18.911 0.5000000000
16086  29.750  -51.012  -20.083 0.4000000060
15277  29.404  -51.462  -20.517 0.5000000000
16097  30.055  -50.669  -21.684 0.4000000060
16102  30.150  -50.085  -22.312 0.3000000119
15304  29.423  -50.881  -22.906 0.3000000119
123437  28.393  -50.169  -23.982 0.4000000060
16117  26.936  -50.376  -24.810 0.5000000000
16126  26.525  -50.302  -25.389 0.4000000060
17832  27.949  -49.052  -26.662 0.5000000000
121580  29.494  -46.975  -26.375 0.5000000000
118170  29.185  -48.013  -26.363 0.5000000000
17817  31.776  -48.331  -25.988 0.5000000000
18658  31.567  -47.585  -25.632 0.4000000060
17818  30.942  -48.211  -25.756 0.5000000000
16051  28.607  -50.566  -17.396 0.5000000000
16072  28.961  -50.969  -18.108 0.5000000000
114609  29.750  -50.856  -19.378 0.5000000000
16085  30.343  -50.430  -20.012 0.4000000060
16092  30.486  -50.256  -20.992 0.4000000060
16961  30.501  -49.437  -22.119 0.3000000119
16103  29.675  -50.135  -22.888 0.3000000119
132523  28.791  -49.637  -23.711 0.4000000060
121469  28.192  -49.357  -24.171 0.4000000060
17799  27.283  -49.113  -24.617 0.4000000060
16970  27.517  -49.919  -24.479 0.4000000060
16971  26.643  -49.760  -24.936 0.4000000060
17820  26.373  -49.195  -25.969 0.5000000000
17833  26.865  -48.754  -26.368 0.5000000000
118543  27.429  -48.400  -26.599 0.6000000238
118507  30.070  -47.918  -25.881 0.5000000000
129121  30.096  -50.149  -18.199 0.4000000060
16946  30.941  -49.706  -20.430 0.4000000060
16070  30.273  -50.275  -18.980 0.4000000060
16953  30.805  -49.548  -21.319 0.4000000060
17779  30.935  -48.701  -21.792 0.4000000060
16962  29.979  -49.427  -22.806 0.4000000060
17796  29.558  -48.641  -23.303 0.4000000060
130941  28.826  -48.961  -23.753 0.4000000060
17798  28.097  -48.437  -24.270 0.4000000060
17819  26.815  -48.253  -25.756 0.5000000000
19474  27.838  -46.618  -26.741 0.6000000238
18666  28.429  -47.234  -26.758 0.5000000000
19473  28.687  -46.287  -26.890 0.4000000060
19472  29.539  -45.899  -26.632 0.4000000060
16904  30.155  -49.682  -17.641 0.4000000060
16936  30.897  -49.736  -19.443 0.4000000060
16920  30.716  -49.626  -18.390 0.4000000060
16952  31.308  -49.005  -20.885 0.4000000060
17788  30.340  -48.672  -22.644 0.4000000060
18643  28.575  -47.663  -24.064 0.4000000060
18644  27.715  -47.544  -24.551 0.4000000060
18653  27.162  -47.438  -25.180 0.4000000060
18660  27.159  -47.335  -25.942 0.5000000000
19468  27.373  -46.589  -26.186 0.4000000060
16903  31.250  -49.025  -18.151 0.4000000060
18592  32.050  -48.255  -19.735 0.4000000060
17764  31.729  -48.341  -20.551 0.4000000060
18633  30.721  -47.856  -22.445 0.4000000060
18641  29.843  -46.971  -23.345 0.4000000060
19453  29.006  -46.409  -23.918 0.5000000000
121702  29.016  -47.132  -23.831 0.4000000060
19454  28.321  -46.908  -24.290 0.3000000119
123182  27.405  -46.115  -24.971 0.3000000119
19455  27.530  -46.745  -24.795 0.4000000060
20307  27.597  -45.781  -26.449 0.4000000060
20312  27.761  -44.848  -26.716 0.4000000060
20306  28.155  -45.674  -27.004 0.5000000000
128602  30.738  -49.096  -17.606 0.4000000060
18632  31.246  -47.247  -22.015 0.4000000060
112873  30.659  -47.029  -22.710 0.4000000060
19439  30.493  -46.216  -22.972 0.3000000119
19452  29.739  -45.910  -23.505 0.3000000119
20288  28.120  -46.027  -24.478 0.3000000119
21127  28.189  -44.229  -27.188 0.4000000060
18606  32.095  -47.596  -20.316 0.3000000119
19425  31.697  -46.544  -21.460 0.3000000119
19438  31.121  -46.417  -22.305 0.3000000119
20271  30.444  -45.224  -23.092 0.3000000119
20286  29.641  -45.125  -23.636 0.3000000119
20287  28.972  -45.539  -24.011 0.4000000060
21106  28.375  -44.239  -24.460 0.4000000060
20291  28.249  -45.087  -24.441 0.3000000119
21107  27.631  -44.577  -24.821 0.3000000119
131482  27.176  -44.368  -25.740 0.3000000119
21121  27.272  -44.226  -26.223 0.4000000060
113876  27.559  -43.896  -26.743 0.4000000060
22664  28.279  -42.354  -27.370 0.4000000060
21101  29.084  -44.687  -24.069 0.4000000060
131033  27.863  -43.111  -24.678 0.4000000060
21882  27.716  -43.761  -24.755 0.4000000060
21884  26.895  -43.081  -25.578 0.3000000119
21891  26.956  -43.668  -25.845 0.4000000060
22659  26.685  -42.088  -26.131 0.4000000060
113152  27.042  -41.691  -26.647 0.4000000060
22666  26.917  -42.657  -26.422 0.4000000060
22665  27.457  -42.492  -27.025 0.4000000060
22642  27.063  -42.438  -25.251 0.4000000060
22651  26.741  -42.312  -25.772 0.5000000000
23386  26.709  -41.231  -26.200 0.4000000060
23392  26.908  -40.806  -26.596 0.4000000060
24129  28.141  -40.784  -27.396 0.3000000119
24131  26.962  -39.984  -26.882 0.3000000119
13286  26.581  -55.115  -25.627 0.6999999881
12529  26.642  -55.739  -21.500 0.8000000119
14639  26.975  -52.643  -25.797 0.6000000238
13929  26.774  -53.620  -25.063 0.6999999881
16141  29.756  -50.560  -27.142 0.6000000238
129894  27.876  -52.925  -20.263 0.4000000060
14587  28.376  -52.605  -21.131 0.4000000060
14603  27.944  -53.092  -22.719 0.6999999881
14615  27.825  -52.885  -23.681 0.6999999881
15271  28.575  -51.952  -19.277 0.5000000000
15306  27.827  -51.887  -24.247 0.5000000000
16993  26.213  -49.771  -26.062 0.6000000238
120539  28.197  -48.160  -26.678 0.5000000000
18667  27.698  -47.562  -26.643 0.6000000238
18642  29.325  -47.756  -23.568 0.3000000119
19462  27.232  -46.648  -25.437 0.4000000060
17732  31.708  -48.545  -18.466 0.4000000060
20292  27.544  -45.418  -24.880 0.3000000119
21883  27.266  -43.940  -25.307 0.3000000119
119765  27.689  -40.035  -27.331 0.3000000119
114072  31.741  -56.871  -20.374 0.6000000238
11110  32.030  -57.616  -20.794 0.6000000238
10485  33.019  -58.370  -22.458 0.6000000238
11819  33.901  -56.798  -23.989 0.6000000238
9869  29.532  -59.908  -19.353 0.5000000000
10453  30.592  -58.586  -19.388 0.6000000238
12507  30.981  -55.445  -20.317 0.6999999881
11099  31.327  -57.163  -19.724 0.6999999881
10463  30.871  -58.915  -20.162 0.6000000238
11793  31.939  -55.855  -21.328 0.6000000238
11792  32.414  -56.175  -21.776 0.6000000238
11809  32.613  -55.927  -22.718 0.6000000238
11820  33.059  -56.150  -23.806 0.6000000238
11848  31.878  -57.211  -26.012 0.6000000238
11857  32.159  -57.594  -27.050 0.6999999881
9854  29.221  -59.476  -18.621 0.6000000238
129200  30.373  -56.622  -18.381 0.6999999881
10454  29.944  -59.074  -18.966 0.5000000000
11762  30.831  -56.607  -19.083 0.6999999881
11100  30.866  -57.658  -19.134 0.6999999881
12525  30.561  -55.044  -21.360 0.6999999881
11776  31.630  -55.997  -20.678 0.6999999881
117425  31.667  -55.478  -22.858 0.5000000000
11836  32.195  -56.418  -24.703 0.6000000238
11849  30.470  -57.467  -26.484 0.6000000238
11858  31.056  -57.758  -27.335 0.6999999881
11859  30.202  -57.678  -27.616 0.6999999881
11172  31.285  -57.630  -28.660 0.6999999881
12602  30.687  -57.038  -28.432 0.6999999881
14623  36.941  -52.739  -23.873 0.4000000060
13924  34.642  -53.129  -24.363 0.5000000000
13925  33.565  -53.099  -24.364 0.6000000238
130381  33.095  -54.417  -26.196 0.6000000238
12593  31.248  -55.882  -27.585 0.6999999881
9843  26.226  -59.901  -17.098 0.5000000000
10438  28.541  -58.606  -17.256 0.5000000000
11086  29.514  -57.442  -17.369 0.6000000238
9841  28.108  -59.407  -17.609 0.5000000000
11085  30.082  -57.020  -17.819 0.6999999881
10437  29.293  -58.243  -17.570 0.5000000000
10446  29.631  -58.632  -18.253 0.6000000238
12478  30.280  -55.905  -18.725 0.6999999881
12492  30.653  -55.687  -19.539 0.6999999881
12508  30.433  -55.057  -20.661 0.6999999881
122176  30.880  -55.396  -22.956 0.6999999881
12573  31.294  -56.285  -24.581 0.6000000238
11837  31.280  -56.857  -25.447 0.6000000238
123296  29.536  -57.428  -27.438 0.6999999881
12594  29.986  -56.538  -27.675 0.6999999881
122414  31.517  -55.024  -26.411 0.6999999881
13281  32.205  -54.432  -25.777 0.6000000238
10416  26.899  -58.141  -15.677 0.5000000000
9829  25.863  -59.378  -16.423 0.4000000060
10429  27.750  -58.050  -16.101 0.5000000000
10430  26.377  -58.772  -16.003 0.5000000000
9827  27.694  -58.869  -16.830 0.5000000000
11737  28.982  -56.194  -16.823 0.6000000238
11076  29.035  -57.054  -16.792 0.6000000238
12479  29.459  -55.340  -18.367 0.6999999881
11747  29.924  -56.231  -17.960 0.6000000238
12493  29.909  -55.236  -19.279 0.6999999881
122128  30.348  -55.183  -19.964 0.6999999881
12538  30.141  -55.358  -22.588 0.6999999881
12554  30.170  -55.697  -23.539 0.6999999881
12553  31.130  -55.703  -23.725 0.6999999881
11838  29.723  -57.108  -25.970 0.6999999881
11850  29.481  -57.520  -27.029 0.6999999881
12595  29.269  -56.966  -27.473 0.8000000119
13296  30.548  -55.392  -26.642 0.6999999881
14627  33.008  -52.283  -23.999 0.5000000000
13926  32.471  -53.146  -24.447 0.6000000238
13282  31.212  -54.517  -25.691 0.6000000238
10418  25.074  -58.295  -15.400 0.4000000060
11706  27.830  -56.690  -15.531 0.6000000238
11061  28.049  -57.291  -15.848 0.6000000238
11721  28.466  -56.641  -16.164 0.6000000238
12480  28.812  -54.978  -17.868 0.6000000238
121931  28.549  -54.807  -18.632 0.6000000238
12510  27.910  -55.400  -20.089 0.6999999881
112480  28.428  -55.444  -20.617 0.6999999881
122223  28.125  -56.028  -22.124 0.6999999881
112033  30.195  -55.132  -21.816 0.6999999881
12556  27.905  -56.164  -22.949 0.8000000119
12555  29.055  -55.835  -23.025 0.8000000119
11839  29.132  -56.559  -25.323 0.6000000238
11851  28.942  -56.972  -26.555 0.6000000238
13297  29.424  -55.719  -27.148 0.8000000119
14614  33.850  -51.694  -23.752 0.5000000000
14629  31.404  -52.697  -24.809 0.6999999881
15316  33.187  -51.390  -24.052 0.6000000238
11707  27.075  -56.712  -15.071 0.5000000000
11709  25.221  -56.751  -14.910 0.4000000060
11066  23.728  -57.493  -15.311 0.4000000060
12442  28.110  -56.062  -15.751 0.5000000000
11063  26.562  -57.496  -15.169 0.5000000000
12451  28.447  -55.636  -16.324 0.6000000238
12464  28.745  -55.317  -17.088 0.6000000238
12481  28.079  -54.575  -18.477 0.6000000238
115291  27.042  -55.611  -20.536 0.6999999881
112941  28.319  -55.721  -21.322 0.8000000119
11810  27.227  -56.054  -23.148 0.8000000119
11841  27.527  -55.986  -24.292 0.6000000238
12589  27.642  -56.140  -26.438 0.6000000238
12596  28.526  -56.253  -27.143 0.6999999881
13298  28.629  -55.259  -27.357 0.6999999881
14638  30.371  -53.074  -25.999 0.6999999881
15317  32.402  -51.777  -24.384 0.6000000238
15328  31.476  -51.982  -25.881 0.6000000238
15336  32.084  -51.558  -26.494 0.6000000238
16125  32.775  -51.058  -24.624 0.6000000238
16135  32.674  -51.008  -25.664 0.6000000238
13153  27.228  -54.964  -15.296 0.5000000000
12444  26.630  -55.801  -14.809 0.5000000000
11694  25.666  -55.981  -14.747 0.5000000000
11710  24.332  -56.684  -15.151 0.5000000000
13163  27.757  -54.561  -16.180 0.5000000000
123008  27.536  -55.945  -15.284 0.5000000000
13195  28.284  -54.606  -17.542 0.6000000238
121760  27.154  -55.636  -24.008 0.6999999881
12590  27.029  -55.688  -25.833 0.6000000238
13300  27.287  -55.247  -27.198 0.6000000238
13310  28.151  -54.639  -27.568 0.6000000238
13950  28.883  -54.197  -27.355 0.6999999881
13956  29.283  -53.181  -27.539 0.6000000238
14645  30.122  -52.756  -27.286 0.6000000238
15337  31.490  -52.009  -27.277 0.6999999881
127279  33.629  -50.233  -24.725 0.5000000000
16140  32.781  -51.224  -27.095 0.4000000060
13164  27.106  -54.051  -15.731 0.5000000000
124109  26.691  -54.321  -15.161 0.5000000000
13143  25.671  -54.661  -14.627 0.5000000000
12436  24.363  -55.194  -14.745 0.5000000000
135003  23.432  -55.082  -15.168 0.5000000000
116635  22.380  -55.246  -16.543 0.5000000000
13959  27.341  -53.649  -27.179 0.6000000238
14653  28.936  -52.761  -27.647 0.6000000238
14652  29.994  -52.241  -27.882 0.4000000060
14651  30.832  -52.166  -27.792 0.5000000000
15355  32.028  -51.363  -28.677 0.4000000060
16150  32.779  -51.188  -28.582 0.4000000060
15346  32.133  -51.619  -27.897 0.5000000000
13847  26.861  -53.219  -16.034 0.6000000238
13837  26.495  -53.617  -15.336 0.5000000000
13824  25.359  -53.907  -14.620 0.5000000000
13825  24.541  -53.738  -14.560 0.5000000000
13156  22.882  -54.262  -15.400 0.5000000000
13165  22.449  -54.407  -16.215 0.5000000000
13178  22.012  -54.578  -17.186 0.4000000060
13197  21.750  -54.195  -18.124 0.5000000000
13198  21.494  -54.682  -18.981 0.4000000060
13224  21.117  -54.693  -20.858 0.4000000060
12531  20.521  -55.172  -21.532 0.4000000060
15349  29.364  -51.997  -27.810 0.6000000238
15348  30.292  -51.588  -28.073 0.4000000060
16161  31.771  -51.037  -28.806 0.4000000060
16160  32.437  -51.024  -29.044 0.4000000060
14534  26.240  -52.722  -15.505 0.5000000000
14515  25.046  -53.106  -14.684 0.4000000060
14516  24.197  -52.942  -14.616 0.4000000060
13839  23.052  -53.536  -14.995 0.5000000000
14538  22.452  -52.442  -15.806 0.4000000060
13858  21.971  -53.582  -17.331 0.5000000000
127527  21.919  -52.756  -17.290 0.4000000060
14567  21.774  -52.105  -17.747 0.5000000000
13867  21.636  -53.836  -18.862 0.5000000000
14581  21.633  -53.079  -19.268 0.3000000119
13881  21.420  -54.011  -20.611 0.3000000119
13891  21.379  -54.108  -21.606 0.3000000119
17014  31.358  -50.018  -28.035 0.4000000060
116298  26.325  -51.953  -15.814 0.5000000000
14535  24.791  -52.162  -14.826 0.5000000000
14536  23.625  -52.183  -14.841 0.4000000060
15233  27.235  -51.195  -16.813 0.4000000060
15220  26.056  -51.178  -15.777 0.4000000060
15221  25.147  -51.248  -15.291 0.4000000060
16025  24.654  -50.498  -15.343 0.4000000060
16034  27.343  -50.424  -16.585 0.4000000060
130068  26.192  -50.380  -15.885 0.4000000060
16024  25.511  -50.434  -15.594 0.4000000060
16889  28.097  -50.103  -16.790 0.4000000060
16875  25.993  -49.591  -15.723 0.4000000060
122648  24.319  -49.855  -15.486 0.4000000060
16877  23.692  -49.625  -15.775 0.4000000060
16891  26.734  -49.980  -16.110 0.4000000060
16050  29.480  -50.269  -17.656 0.3000000119
17688  26.181  -48.762  -15.765 0.4000000060
17690  24.482  -49.023  -15.734 0.4000000060
16892  23.599  -48.834  -16.256 0.4000000060
127330  29.604  -49.619  -17.182 0.4000000060
17709  22.936  -48.827  -16.955 0.4000000060
17708  23.589  -48.184  -16.940 0.4000000060
16888  29.281  -49.108  -16.739 0.3000000119
17703  28.802  -48.325  -16.499 0.4000000060
122432  27.848  -48.159  -16.310 0.4000000060
121518  26.800  -48.206  -16.030 0.4000000060
17706  25.052  -48.224  -15.927 0.4000000060
17707  24.227  -48.196  -16.280 0.4000000060
18544  25.444  -47.548  -16.270 0.3000000119
13285  26.827  -55.226  -26.550 0.6000000238
132402  28.140  -55.089  -16.239 0.5000000000
14654  28.031  -53.195  -27.519 0.6000000238
16151  31.165  -50.695  -28.368 0.4000000060
125866  33.033  -57.554  -22.289 0.6000000238
11164  30.884  -57.782  -28.119 0.6999999881
14625  35.127  -52.637  -23.851 0.5000000000
14613  34.741  -51.930  -23.627 0.5000000000
13939  34.266  -53.608  -25.212 0.5000000000
14626  34.130  -52.481  -23.880 0.4000000060
13940  33.072  -53.824  -25.186 0.6000000238
9828  26.760  -59.256  -16.635 0.5000000000
13927  31.553  -53.191  -24.703 0.6000000238
12463  29.327  -55.776  -17.509 0.6000000238
12574  30.216  -56.368  -24.628 0.6999999881
11860  28.995  -57.109  -27.208 0.8000000119
13283  30.283  -54.626  -26.022 0.6999999881
11064  25.645  -57.537  -15.063 0.4000000060
11840  28.302  -56.278  -24.653 0.6000000238
11861  28.381  -56.493  -26.849 0.6000000238
13949  29.631  -53.602  -26.747 0.6999999881
13943  30.221  -53.791  -25.778 0.6999999881
16113  34.246  -50.513  -23.928 0.5000000000
16112  35.045  -50.549  -23.744 0.5000000000
14637  31.058  -52.567  -25.424 0.6999999881
15318  31.680  -52.128  -24.876 0.6000000238
11853  27.599  -56.106  -25.373 0.6999999881
13299  27.865  -55.443  -27.374 0.6999999881
16134  33.309  -50.586  -26.134 0.6000000238
13142  26.408  -54.862  -14.823 0.5000000000
12435  25.224  -55.271  -14.631 0.5000000000
11696  23.974  -55.890  -15.118 0.4000000060
13958  27.765  -54.117  -27.532 0.6000000238
12512  20.978  -55.032  -20.160 0.3000000119
14658  30.899  -51.693  -28.220 0.5000000000
17023  32.411  -50.561  -29.004 0.4000000060
13840  22.516  -53.451  -15.736 0.5000000000
13874  21.525  -53.963  -19.666 0.4000000060
13233  20.951  -54.758  -21.925 0.4000000060
128959  28.298  -49.175  -16.490 0.4000000060
17705  26.774  -49.130  -15.898 0.4000000060
6931  30.411  -64.844  -24.520 0.3000000119
6942  31.085  -65.007  -24.991 0.3000000119
9942  37.040  -59.086  -30.205 0.4000000060
122611  38.481  -58.902  -30.151 0.4000000060
9376  37.458  -60.216  -30.088 0.4000000060
8740  37.596  -61.110  -29.596 0.4000000060
12610  37.127  -55.907  -30.679 0.4000000060
11181  36.748  -56.538  -30.498 0.4000000060
11167  36.476  -57.515  -29.637 0.4000000060
11175  35.842  -56.629  -29.858 0.5000000000
11168  35.646  -57.423  -28.888 0.5000000000
11169  34.810  -57.274  -28.314 0.5000000000
11865  38.278  -56.656  -29.239 0.4000000060
11179  37.842  -57.076  -30.109 0.5000000000
11180  37.329  -57.231  -30.131 0.5000000000
10511  35.605  -58.251  -25.855 0.5000000000
11174  38.735  -57.354  -28.719 0.5000000000
11178  38.416  -57.281  -29.604 0.5000000000
122326  38.966  -57.861  -29.208 0.5000000000
9938  39.221  -59.191  -29.535 0.4000000060
9375  39.176  -60.039  -29.332 0.4000000060
8739  38.439  -61.476  -29.254 0.4000000060
134555  38.414  -62.577  -28.681 0.4000000060
6953  37.703  -64.954  -28.385 0.3000000119
6431  36.583  -65.613  -28.043 0.4000000060
12592  36.491  -55.005  -27.222 0.4000000060
13313  35.837  -54.888  -29.120 0.4000000060
13314  35.289  -54.966  -29.482 0.4000000060
130119  37.243  -55.576  -27.626 0.4000000060
12598  37.245  -55.538  -29.230 0.4000000060
12599  36.485  -55.074  -28.575 0.4000000060
119172  35.743  -55.308  -29.864 0.4000000060
12606  34.915  -55.370  -29.998 0.5000000000
11867  34.719  -56.303  -30.041 0.5000000000
11845  37.636  -55.844  -26.149 0.4000000060
11866  37.755  -56.093  -29.850 0.4000000060
11870  37.445  -56.225  -30.483 0.4000000060
12607  33.913  -55.685  -30.137 0.5000000000
11176  34.020  -56.838  -29.352 0.5000000000
11170  33.306  -57.262  -28.652 0.6000000238
11162  32.609  -57.593  -27.820 0.6000000238
11157  34.727  -57.445  -26.038 0.6000000238
12601  31.679  -56.534  -28.882 0.6000000238
113950  31.845  -57.322  -29.277 0.6000000238
11846  34.089  -57.154  -25.958 0.5000000000
9372  39.603  -60.838  -28.769 0.4000000060
11835  33.138  -56.646  -24.856 0.5000000000
130312  38.792  -62.973  -28.211 0.4000000060
7550  38.695  -63.905  -28.088 0.4000000060
6435  37.147  -65.348  -28.175 0.4000000060
13292  35.376  -54.423  -27.084 0.4000000060
13293  34.643  -54.457  -27.278 0.5000000000
13307  34.333  -54.724  -28.294 0.5000000000
13308  33.505  -55.231  -28.788 0.5000000000
11177  32.742  -57.093  -29.534 0.5000000000
13309  32.477  -55.547  -28.152 0.5000000000
13295  32.373  -54.989  -26.831 0.6000000238
12609  32.129  -56.764  -29.637 0.6000000238
131539  29.204  -64.948  -23.816 0.3000000119
6941  31.999  -64.864  -24.953 0.3000000119
6936  36.436  -64.745  -25.978 0.3000000119
13276  37.043  -54.656  -24.855 0.4000000060
13277  36.268  -54.296  -25.421 0.4000000060
13937  35.934  -53.750  -24.905 0.4000000060
13305  35.895  -54.657  -27.947 0.4000000060
13938  35.168  -53.594  -25.181 0.4000000060
13279  34.882  -54.056  -26.154 0.4000000060
13294  33.545  -54.745  -27.348 0.5000000000
11856  33.244  -57.378  -26.790 0.6000000238
11847  33.127  -57.103  -25.929 0.5000000000
13278  35.574  -54.122  -25.903 0.4000000060
12611  36.471  -55.745  -30.394 0.4000000060
128744  35.086  -57.731  -25.691 0.5000000000
6935  37.345  -64.625  -26.347 0.3000000119
13291  36.012  -54.530  -26.623 0.4000000060
13306  35.186  -54.596  -28.486 0.5000000000
11874  33.446  -56.125  -30.093 0.5000000000
12600  32.661  -56.024  -29.393 0.6000000238
115199  27.309  -45.011  -26.070 0.3000000119
6432  35.773  -65.744  -28.224 0.4000000060
6948  38.420  -64.714  -27.946 0.4000000060
6949  37.930  -65.168  -27.798 0.4000000060
7542  39.176  -63.393  -27.552 0.4000000060
7551  37.976  -64.163  -28.404 0.3000000119
8132  37.930  -62.124  -29.229 0.4000000060
8736  39.096  -61.392  -28.984 0.4000000060
9373  38.556  -60.662  -29.452 0.4000000060
9830  24.905  -59.386  -16.185 0.4000000060
9868  30.219  -59.430  -19.755 0.5000000000
9940  38.456  -59.714  -29.928 0.4000000060
10417  26.034  -58.224  -15.430 0.4000000060
10428  28.295  -58.200  -16.682 0.5000000000
10445  30.320  -58.189  -18.623 0.6999999881
10447  28.876  -59.037  -17.941 0.6000000238
10452  31.182  -58.083  -19.844 0.6000000238
10516  35.577  -57.804  -27.829 0.5000000000
10520  38.689  -58.129  -29.797 0.4000000060
10522  36.975  -58.327  -29.953 0.5000000000
11062  27.405  -57.420  -15.492 0.6000000238
11077  28.448  -57.528  -16.395 0.5000000000
11087  28.899  -57.857  -16.971 0.6000000238
11092  30.482  -57.311  -18.440 0.6999999881
11093  29.984  -57.807  -17.930 0.6999999881
11109  32.195  -56.655  -21.112 0.6000000238
11160  35.206  -57.735  -26.766 0.5000000000
11161  34.121  -57.386  -27.180 0.6000000238
11163  31.495  -57.809  -27.911 0.6999999881
11165  30.874  -57.662  -28.403 0.6999999881
11171  32.027  -57.532  -28.797 0.6000000238
11173  31.352  -57.558  -28.823 0.6999999881
11695  24.792  -55.957  -14.877 0.5000000000
11708  26.159  -56.751  -14.822 0.5000000000
11736  29.532  -56.647  -17.338 0.6000000238
11761  31.239  -56.244  -19.936 0.6999999881
11808  33.375  -56.829  -22.988 0.6000000238
11821  27.847  -56.134  -23.742 0.8000000119
11834  34.011  -56.889  -24.990 0.5000000000
11852  28.275  -56.486  -25.947 0.6000000238
11862  38.372  -56.815  -27.962 0.5000000000
11863  37.878  -56.104  -28.564 0.4000000060
11864  31.481  -57.239  -29.064 0.6000000238
11868  32.727  -56.606  -29.708 0.6000000238
11869  37.898  -56.641  -29.983 0.5000000000
11871  36.952  -56.079  -30.741 0.4000000060
11872  35.866  -56.035  -30.498 0.4000000060
11873  34.487  -55.889  -30.277 0.5000000000
12434  25.947  -55.311  -14.672 0.5000000000
12443  27.919  -55.372  -15.804 0.5000000000
12494  28.796  -54.933  -19.244 0.6999999881
12509  29.421  -55.051  -20.076 0.6999999881
12511  26.732  -55.813  -21.005 0.8000000119
12513  20.645  -55.175  -20.499 0.3000000119
12523  31.905  -55.504  -21.978 0.6000000238
12524  31.276  -55.272  -21.190 0.6999999881
12526  29.616  -55.095  -21.089 0.6999999881
12528  26.898  -56.045  -21.299 0.8999999762
12530  20.839  -55.005  -20.960 0.4000000060
12539  29.269  -55.515  -21.995 0.6999999881
12540  27.284  -56.159  -22.129 0.8000000119
12552  32.089  -55.803  -23.739 0.6000000238
12557  26.810  -55.699  -23.179 0.8000000119
12575  29.276  -56.111  -24.148 0.6999999881
12576  28.486  -56.109  -23.708 0.8000000119
12577  27.189  -55.764  -24.877 0.6999999881
12578  26.845  -55.424  -24.845 0.6999999881
12588  36.652  -54.842  -25.955 0.4000000060
12597  27.728  -55.961  -27.121 0.6999999881
12603  30.008  -57.376  -27.835 0.6999999881
12604  37.179  -55.740  -30.301 0.4000000060
12605  36.486  -55.320  -29.693 0.4000000060
12608  32.962  -56.115  -29.867 0.6000000238
12612  35.510  -55.667  -30.205 0.4000000060
13144  24.859  -54.529  -14.543 0.5000000000
13145  24.014  -54.395  -14.660 0.5000000000
13154  26.104  -54.114  -14.841 0.5000000000
13155  23.383  -54.164  -14.925 0.5000000000
13176  28.265  -54.855  -16.727 0.5000000000
13196  27.719  -54.191  -18.169 0.6999999881
13214  21.277  -54.708  -19.933 0.4000000060
13232  26.598  -55.040  -21.804 0.8000000119
13249  26.846  -54.483  -24.347 0.8000000119
13264  36.746  -53.932  -24.519 0.4000000060
13265  26.642  -55.034  -24.645 0.8000000119
13280  33.997  -54.151  -26.203 0.5000000000
13284  29.490  -54.569  -26.636 0.6999999881
13311  27.600  -54.831  -27.483 0.6000000238
13312  27.243  -54.485  -27.272 0.6000000238
13315  34.390  -55.000  -29.445 0.5000000000
13316  33.484  -55.631  -29.754 0.5000000000
13826  23.740  -53.620  -14.671 0.4000000060
13838  25.815  -53.342  -14.941 0.5000000000
13848  22.166  -52.998  -16.549 0.5000000000
13857  27.481  -53.408  -17.413 0.6999999881
13866  21.741  -53.112  -18.201 0.5000000000
13873  27.289  -54.333  -19.460 0.6999999881
13928  30.848  -53.160  -25.136 0.6999999881
13941  31.879  -53.871  -24.982 0.6000000238
13942  30.952  -53.840  -25.207 0.6999999881
13945  26.624  -54.584  -26.306 0.6000000238
13957  28.461  -53.706  -27.551 0.6000000238
14517  23.451  -52.992  -14.759 0.5000000000
14537  22.902  -52.759  -15.128 0.5000000000
14554  22.035  -52.013  -16.680 0.4000000060
14590  21.651  -53.129  -20.274 0.3000000119
14628  32.036  -52.514  -24.438 0.6000000238
14644  30.856  -52.459  -26.635 0.6999999881
15234  26.741  -51.569  -16.305 0.4000000060
15264  27.960  -52.138  -17.936 0.5000000000
15270  29.243  -51.453  -19.733 0.5000000000
15303  34.466  -51.150  -23.662 0.5000000000
15327  32.121  -51.518  -25.206 0.6000000238
15330  26.752  -50.790  -25.685 0.5000000000
15341  26.726  -50.585  -26.009 0.5000000000
15347  31.504  -51.719  -28.207 0.4000000060
15356  31.470  -51.384  -28.534 0.4000000060
15357  31.015  -51.243  -28.453 0.5000000000
16035  26.702  -50.778  -16.290 0.4000000060
16036  23.076  -50.158  -15.873 0.4000000060
16052  27.834  -50.841  -17.179 0.5000000000
16071  29.636  -50.649  -18.527 0.5000000000
16093  29.951  -50.871  -20.768 0.4000000060
16114  33.532  -50.650  -24.285 0.6000000238
16115  29.091  -50.250  -23.402 0.3000000119
16124  34.060  -50.022  -24.465 0.5000000000
16139  33.470  -50.845  -27.548 0.4000000060
16876  25.083  -49.708  -15.515 0.4000000060
16890  27.450  -49.602  -16.317 0.4000000060
16905  28.943  -49.859  -16.965 0.4000000060
16935  31.373  -49.147  -18.919 0.4000000060
16945  31.567  -49.062  -19.902 0.4000000060
16968  34.809  -49.882  -24.158 0.5000000000
16969  29.349  -49.507  -23.320 0.4000000060
16982  26.290  -49.751  -25.638 0.4000000060
17004  28.871  -49.902  -26.531 0.5000000000
17015  30.597  -50.282  -27.523 0.5000000000
17689  25.460  -48.892  -15.669 0.4000000060
17704  27.444  -48.833  -16.140 0.4000000060
17723  30.058  -49.090  -17.076 0.3000000119
17731  32.177  -48.068  -18.924 0.4000000060
17749  31.812  -48.637  -19.199 0.4000000060
17778  31.403  -48.332  -21.246 0.4000000060
17797  28.887  -48.278  -23.788 0.4000000060
17809  27.153  -48.277  -24.875 0.4000000060
17810  26.651  -49.076  -25.273 0.4000000060
17834  26.539  -49.485  -26.304 0.6000000238
18528  25.876  -48.148  -15.859 0.4000000060
18543  26.269  -47.413  -16.272 0.3000000119
18620  31.658  -47.578  -21.173 0.3000000119
18621  31.236  -47.956  -21.761 0.4000000060
18634  30.050  -47.894  -23.080 0.4000000060
18659  30.575  -47.298  -25.721 0.5000000000
18668  27.477  -47.222  -26.418 0.5000000000
19412  32.039  -46.971  -20.752 0.3000000119
20299  27.257  -45.785  -25.644 0.3000000119
21113  27.329  -44.877  -25.373 0.3000000119
21892  26.620  -42.914  -26.006 0.4000000060
21900  27.023  -43.430  -26.291 0.4000000060
21905  27.325  -43.180  -26.761 0.4000000060
23391  27.733  -41.622  -27.266 0.4000000060
24130  27.323  -40.825  -27.069 0.3000000119
112080  27.088  -49.197  -26.597 0.6000000238
114424  31.009  -55.182  -22.098 0.6999999881
115037  25.700  -51.970  -15.323 0.5000000000
115647  27.111  -58.639  -16.232 0.5000000000
116040  24.750  -47.676  -16.421 0.4000000060
116054  21.362  -54.227  -22.622 0.3000000119
116374  22.213  -53.809  -16.595 0.5000000000
117066  39.740  -59.979  -28.765 0.4000000060
119286  27.255  -47.926  -26.357 0.5000000000
119561  31.590  -57.639  -20.249 0.6000000238
121637  26.898  -54.746  -26.937 0.6000000238
121726  33.548  -56.448  -29.935 0.5000000000
122996  29.085  -51.920  -20.995 0.4000000060
124023  22.802  -54.967  -15.843 0.5000000000
124096  27.285  -43.155  -25.020 0.4000000060
125527  25.530  -52.647  -14.999 0.4000000060
127078  27.190  -52.869  -16.762 0.6000000238
127447  30.584  -56.843  -25.430 0.6999999881
127549  27.471  -53.640  -23.189 0.6999999881
127736  37.051  -55.310  -26.436 0.4000000060
128037  38.862  -62.136  -28.676 0.4000000060
128450  33.814  -51.051  -23.837 0.6000000238
130167  28.014  -43.298  -27.234 0.4000000060
130267  29.815  -50.611  -22.413 0.3000000119
131015  35.053  -56.867  -29.345 0.5000000000
131192  37.321  -56.447  -30.498 0.4000000060
131312  27.461  -56.067  -21.493 0.8000000119
132857  30.348  -47.442  -22.939 0.4000000060
133176  27.257  -55.685  -26.755 0.6999999881
133306  32.537  -56.741  -21.613 0.6000000238
133896  27.590  -53.894  -17.742 0.6999999881
134187  30.454  -50.032  -21.700 0.3000000119
