#!ascii label  , from subject sub-v1s20x0050325_ses-1 vox2ras=TkReg
1367
22961  -19.733  -46.215  -15.555 0.5000000000
22953  -19.822  -46.253  -15.104 0.4000000060
22954  -20.540  -46.743  -14.590 0.6000000238
23922  -19.715  -45.703  -15.305 0.6000000238
24874  -19.995  -44.853  -16.233 0.6000000238
23938  -19.730  -45.668  -15.760 0.5000000000
24886  -21.045  -43.899  -17.204 0.6000000238
125078  -20.070  -45.260  -14.948 0.6999999881
23906  -20.254  -45.860  -14.686 0.6999999881
23923  -19.723  -44.938  -15.572 0.6999999881
129123  -19.822  -44.304  -16.118 0.6999999881
25802  -20.032  -44.011  -16.688 0.6999999881
123431  -21.985  -43.267  -17.550 0.5000000000
25810  -20.859  -42.972  -17.310 0.6999999881
17627  -16.316  -52.236  -8.164 0.5000000000
22944  -21.368  -46.092  -14.042 0.6999999881
24862  -20.102  -44.087  -15.553 0.6999999881
25801  -20.001  -43.347  -16.715 0.6999999881
25783  -19.857  -43.658  -16.229 0.6999999881
26672  -19.870  -42.728  -16.325 0.6999999881
26695  -21.628  -42.355  -17.599 0.6000000238
22900  -21.843  -46.834  -10.327 0.6999999881
22923  -22.849  -46.169  -11.601 0.6999999881
23907  -21.278  -45.235  -14.367 0.6999999881
23891  -22.364  -45.591  -13.462 0.6999999881
17611  -16.090  -53.048  -7.646 0.6000000238
16886  -15.283  -53.316  -7.966 0.4000000060
24851  -20.552  -44.588  -14.929 0.6999999881
132275  -20.223  -43.419  -17.040 0.6999999881
26694  -20.495  -42.066  -17.345 0.6999999881
27562  -20.074  -41.234  -17.281 0.6999999881
122207  -22.339  -41.771  -17.763 0.6000000238
22882  -21.671  -46.876  -9.827 0.6999999881
22901  -22.645  -46.511  -10.712 0.6999999881
22924  -23.201  -46.064  -10.986 0.6999999881
18387  -17.974  -51.819  -7.512 0.6000000238
23877  -23.017  -45.668  -12.454 0.6999999881
24832  -22.371  -44.752  -13.827 0.6999999881
23862  -23.369  -45.742  -11.706 0.6999999881
16878  -15.865  -53.841  -7.088 0.5000000000
25784  -20.375  -43.218  -15.504 0.6999999881
25765  -21.215  -43.727  -14.774 0.6999999881
23878  -23.523  -45.295  -12.333 0.6999999881
16877  -15.083  -54.141  -7.433 0.4000000060
26685  -19.791  -41.861  -16.720 0.6999999881
24852  -21.636  -44.445  -14.391 0.6999999881
24815  -23.045  -45.050  -13.065 0.6999999881
16150  -14.813  -54.696  -6.928 0.4000000060
25785  -21.281  -42.865  -14.899 0.6999999881
24833  -23.240  -44.382  -13.537 0.6999999881
24816  -23.750  -44.733  -12.837 0.6999999881
25809  -20.054  -42.627  -16.988 0.6999999881
119453  -19.814  -41.843  -16.120 0.6999999881
26662  -23.367  -42.593  -14.692 0.6999999881
25766  -23.266  -43.284  -14.402 0.6999999881
124750  -21.201  -41.335  -17.596 0.6999999881
26674  -22.162  -42.176  -14.876 0.6999999881
119881  -23.557  -40.272  -18.139 0.6000000238
28429  -21.430  -40.411  -17.573 0.6999999881
29336  -20.567  -39.863  -17.299 0.6999999881
29328  -25.159  -39.265  -16.981 0.5000000000
28414  -24.904  -39.810  -17.736 0.5000000000
133274  -27.162  -40.459  -16.769 0.4000000060
116853  -26.634  -40.271  -16.998 0.5000000000
22902  -23.775  -46.146  -10.600 0.6999999881
18373  -18.525  -51.878  -6.348 0.6000000238
17612  -16.941  -52.827  -7.313 0.5000000000
123866  -23.822  -45.447  -11.788 0.6999999881
26673  -20.590  -42.214  -15.414 0.6999999881
28412  -19.610  -40.573  -16.824 0.6999999881
27540  -21.291  -41.338  -15.103 0.6999999881
29311  -24.436  -38.534  -16.726 0.6999999881
28430  -22.564  -40.282  -17.798 0.6999999881
29327  -24.138  -39.200  -17.376 0.6999999881
29338  -22.739  -39.696  -17.642 0.6999999881
130005  -21.032  -49.725  -7.392 0.6999999881
21043  -22.114  -48.853  -7.651 0.6999999881
21056  -22.441  -48.294  -8.295 0.8000000119
21958  -23.391  -47.397  -9.113 0.8000000119
20152  -20.732  -50.221  -7.087 0.6000000238
114847  -21.279  -49.754  -6.814 0.6000000238
19230  -20.352  -50.471  -6.474 0.6000000238
20136  -20.752  -50.027  -6.273 0.6000000238
22884  -23.853  -46.779  -9.870 0.6999999881
18374  -19.179  -51.327  -6.435 0.6000000238
19229  -19.829  -50.821  -6.420 0.6000000238
17601  -17.925  -52.435  -6.297 0.6000000238
23844  -23.783  -45.721  -11.225 0.6999999881
16879  -16.584  -53.478  -6.726 0.5000000000
16868  -17.274  -53.044  -6.351 0.6000000238
23845  -24.498  -45.822  -10.909 0.6999999881
24799  -24.169  -45.068  -12.198 0.6999999881
27538  -19.623  -41.049  -16.407 0.6999999881
25746  -23.711  -43.747  -14.054 0.6999999881
29325  -21.749  -39.093  -17.099 0.8000000119
29337  -21.584  -39.708  -17.410 0.6999999881
27539  -20.162  -41.208  -15.720 0.6999999881
30269  -23.153  -38.466  -16.877 0.8000000119
28395  -19.702  -40.251  -16.326 0.6999999881
28396  -20.398  -40.215  -15.452 0.6999999881
126192  -25.745  -39.412  -16.696 0.5000000000
29313  -27.682  -39.494  -15.824 0.5000000000
30261  -28.222  -38.941  -15.739 0.5000000000
129424  -29.239  -39.697  -15.645 0.4000000060
20153  -21.851  -49.246  -6.808 0.6000000238
21044  -22.760  -48.506  -7.475 0.6999999881
115899  -23.875  -47.829  -7.567 0.8000000119
21945  -23.300  -48.065  -8.151 0.8999999762
21959  -24.444  -47.315  -9.078 0.8000000119
22885  -24.816  -46.891  -9.618 0.8000000119
22903  -24.662  -46.397  -10.259 0.8000000119
19214  -20.099  -50.373  -5.865 0.6000000238
19213  -19.380  -50.916  -5.874 0.6000000238
16867  -16.705  -53.581  -6.090 0.6000000238
18360  -18.110  -52.130  -5.899 0.6000000238
18361  -18.719  -51.484  -5.911 0.6000000238
23864  -25.264  -45.462  -11.279 0.6999999881
129613  -16.191  -53.960  -6.280 0.5000000000
24817  -24.617  -44.529  -12.692 0.6999999881
24800  -25.106  -44.964  -12.030 0.6999999881
16145  -15.461  -54.346  -6.486 0.5000000000
133730  -16.311  -53.887  -5.940 0.5000000000
24834  -24.182  -44.156  -13.414 0.6999999881
30268  -21.925  -38.474  -16.720 0.8000000119
29324  -20.555  -39.246  -16.888 0.8000000119
131183  -19.801  -40.635  -15.921 0.6999999881
28397  -21.899  -40.627  -14.843 0.6999999881
26675  -23.398  -41.864  -14.904 0.6999999881
29310  -19.991  -39.456  -16.246 0.6999999881
20138  -22.041  -48.750  -6.226 0.6999999881
21929  -23.228  -47.752  -6.146 0.6999999881
21032  -22.741  -48.391  -6.511 0.6999999881
21033  -23.372  -48.113  -7.064 0.8000000119
21936  -24.503  -47.447  -7.493 0.8000000119
20137  -21.333  -49.359  -6.050 0.6999999881
21930  -23.890  -47.465  -6.585 0.8000000119
128517  -24.800  -47.356  -8.292 0.8000000119
23832  -25.453  -45.978  -10.527 0.6999999881
17592  -17.487  -52.719  -5.924 0.6000000238
23846  -26.169  -45.433  -10.851 0.6999999881
16855  -16.582  -53.490  -5.816 0.6000000238
113427  -25.940  -44.967  -11.636 0.8000000119
16137  -15.308  -54.357  -5.878 0.4000000060
25767  -24.161  -43.058  -14.512 0.6999999881
25747  -24.676  -43.508  -13.999 0.6999999881
24818  -25.526  -44.342  -12.546 0.6999999881
16143  -13.987  -55.311  -6.027 0.4000000060
26663  -24.328  -42.305  -14.788 0.6999999881
25726  -25.096  -43.901  -13.230 0.6999999881
30267  -21.023  -38.620  -16.429 0.8000000119
28381  -20.620  -39.184  -15.497 0.8000000119
27541  -22.480  -41.446  -14.875 0.6999999881
30258  -24.645  -37.951  -16.489 0.8000000119
127570  -25.726  -38.807  -16.326 0.5000000000
30273  -29.414  -38.539  -16.064 0.5000000000
30260  -27.406  -38.773  -15.905 0.5000000000
29315  -29.777  -39.319  -15.765 0.4000000060
21012  -22.364  -48.042  -5.742 0.6000000238
133944  -23.561  -47.465  -6.152 0.6999999881
22864  -25.290  -46.910  -7.595 0.8000000119
20110  -20.560  -49.664  -5.709 0.6999999881
132687  -19.950  -49.822  -5.513 0.6999999881
22873  -26.154  -46.331  -8.978 0.8000000119
20109  -19.382  -50.243  -5.541 0.6000000238
22872  -25.928  -46.419  -8.101 0.8000000119
19212  -18.689  -50.812  -5.565 0.6000000238
23833  -26.387  -45.890  -9.894 0.8000000119
18359  -17.410  -52.177  -5.595 0.6000000238
131396  -25.773  -44.658  -12.105 0.8999999762
24801  -26.683  -44.739  -11.197 0.8000000119
25748  -25.521  -43.198  -13.755 0.8000000119
25727  -25.943  -43.616  -12.927 0.8000000119
16854  -15.891  -53.813  -5.704 0.5000000000
27529  -24.667  -41.033  -14.005 0.8000000119
25768  -25.039  -42.770  -14.464 0.6999999881
30256  -22.065  -37.858  -16.378 0.8000000119
130679  -20.479  -38.906  -16.168 0.8000000119
28382  -21.403  -39.610  -14.824 0.8000000119
27528  -24.174  -41.505  -14.662 0.6999999881
30257  -23.311  -37.899  -16.565 0.8000000119
27527  -23.163  -41.059  -14.722 0.6999999881
29302  -21.321  -38.809  -14.890 0.8000000119
31187  -24.594  -37.198  -16.681 0.8000000119
30246  -21.452  -38.099  -15.162 0.8000000119
30271  -27.067  -38.093  -16.188 0.6000000238
30270  -25.927  -37.892  -16.405 0.6000000238
30272  -27.978  -38.274  -16.028 0.5000000000
21915  -21.524  -47.807  -5.364 0.6000000238
117665  -24.657  -46.907  -6.696 0.6999999881
20111  -20.881  -48.943  -5.500 0.6000000238
22856  -25.214  -46.275  -6.751 0.6999999881
117157  -20.088  -49.085  -5.401 0.6000000238
117929  -21.020  -48.253  -5.356 0.6000000238
119818  -22.119  -47.134  -5.361 0.6000000238
119904  -19.356  -49.383  -5.389 0.6000000238
19211  -17.375  -51.373  -5.406 0.6000000238
128095  -26.407  -45.963  -8.339 0.6999999881
123537  -16.691  -52.438  -5.484 0.5000000000
24784  -26.907  -45.110  -10.340 0.8000000119
25728  -26.612  -43.207  -12.480 0.8000000119
24819  -26.409  -44.196  -12.075 0.8000000119
26652  -25.637  -42.382  -13.887 0.8000000119
25749  -26.142  -42.796  -13.209 0.8000000119
28363  -24.078  -39.962  -13.401 0.8000000119
30255  -21.158  -37.879  -16.041 0.8000000119
121674  -22.667  -40.050  -14.319 0.8000000119
28383  -23.762  -40.630  -14.226 0.8000000119
26664  -25.034  -41.925  -14.469 0.6999999881
29303  -22.052  -39.199  -14.332 0.8000000119
31190  -27.722  -37.573  -16.522 0.6000000238
30274  -30.746  -38.069  -16.859 0.3000000119
22837  -22.957  -46.754  -5.517 0.6000000238
22838  -23.740  -46.338  -5.686 0.6999999881
22855  -24.578  -46.284  -6.102 0.6999999881
23809  -25.697  -45.613  -6.903 0.6999999881
126634  -16.435  -47.973  -5.477 0.5000000000
21010  -20.322  -48.272  -5.241 0.6000000238
21914  -20.718  -47.570  -5.172 0.6000000238
23822  -26.726  -45.318  -8.068 0.6999999881
112326  -17.717  -50.555  -5.358 0.5000000000
20108  -18.495  -49.783  -5.358 0.5000000000
24766  -27.153  -44.909  -8.743 0.6999999881
19210  -16.752  -50.773  -5.314 0.3000000119
24774  -26.987  -45.276  -9.534 0.8000000119
25714  -27.485  -43.613  -11.007 0.8000000119
24802  -27.294  -44.352  -10.667 0.8000000119
26653  -26.092  -41.945  -13.131 0.8999999762
26639  -26.576  -42.332  -12.570 0.8999999762
25713  -27.090  -43.466  -11.750 0.8000000119
17590  -16.283  -53.041  -5.522 0.4000000060
27518  -25.449  -41.469  -13.583 0.8999999762
31179  -22.187  -37.149  -16.520 0.8000000119
125512  -21.518  -37.306  -16.098 0.8000000119
31180  -23.541  -37.432  -16.654 0.8000000119
31188  -25.754  -37.147  -16.653 0.6999999881
31189  -26.695  -37.339  -16.626 0.6000000238
31199  -29.289  -37.221  -17.288 0.6000000238
31191  -28.761  -37.830  -16.461 0.6000000238
119441  -22.288  -46.235  -5.337 0.6000000238
123176  -23.010  -46.079  -5.429 0.6000000238
23794  -24.276  -45.535  -5.750 0.6999999881
22835  -21.234  -47.103  -5.180 0.6000000238
23808  -25.052  -45.561  -6.252 0.6999999881
24758  -26.310  -44.904  -7.192 0.8000000119
21008  -17.855  -48.817  -5.362 0.6000000238
21009  -18.681  -48.853  -5.333 0.5000000000
21913  -19.812  -47.394  -5.098 0.6000000238
24767  -27.635  -44.089  -8.580 0.8000000119
20106  -16.815  -49.832  -5.337 0.4000000060
24775  -27.474  -44.510  -9.635 0.6999999881
115788  -16.690  -51.680  -5.364 0.4000000060
27511  -26.389  -41.616  -12.456 0.8000000119
26628  -27.513  -42.828  -11.272 0.8000000119
122242  -23.925  -38.905  -13.060 0.8999999762
27510  -25.848  -40.975  -12.548 0.8000000119
26627  -27.075  -42.628  -11.958 0.8000000119
29283  -24.815  -39.465  -12.701 0.8000000119
31168  -21.571  -37.273  -15.536 0.8000000119
30247  -22.138  -37.744  -14.483 0.8000000119
131345  -23.384  -39.959  -13.838 0.6999999881
31185  -21.942  -36.371  -16.738 0.8000000119
29282  -22.984  -39.262  -13.682 0.8000000119
29281  -22.102  -38.540  -14.285 0.8000000119
31178  -21.635  -36.600  -16.142 0.8000000119
32107  -26.755  -36.745  -17.134 0.6999999881
31197  -27.457  -36.901  -17.137 0.6999999881
32120  -29.239  -36.282  -18.716 0.6000000238
32121  -30.135  -36.312  -18.807 0.6000000238
32122  -31.020  -36.455  -18.950 0.6000000238
22836  -21.403  -46.376  -5.206 0.6000000238
24740  -24.717  -44.667  -5.987 0.8000000119
22831  -17.513  -47.150  -5.420 0.5000000000
131961  -19.729  -46.754  -5.095 0.5000000000
24759  -27.079  -44.391  -7.807 0.8000000119
118905  -18.289  -47.933  -5.299 0.5000000000
21912  -19.011  -47.476  -5.155 0.5000000000
24742  -26.595  -44.071  -7.131 0.8000000119
24760  -27.583  -43.654  -7.900 0.8000000119
117422  -17.257  -47.993  -5.403 0.5000000000
114094  -27.998  -43.666  -9.291 0.8000000119
25682  -28.380  -42.946  -9.223 0.8000000119
25697  -27.763  -43.756  -10.193 0.8000000119
26616  -27.873  -43.009  -10.534 0.8000000119
26608  -28.087  -43.204  -9.854 0.8000000119
27501  -26.877  -41.705  -11.916 0.8000000119
121403  -27.377  -42.111  -11.452 0.8000000119
32082  -21.731  -36.564  -15.546 0.8000000119
30226  -22.983  -38.298  -13.595 0.8999999762
31186  -23.022  -36.844  -16.780 0.8000000119
129839  -21.987  -35.853  -17.014 0.8000000119
32106  -26.133  -36.800  -16.855 0.6999999881
32105  -25.128  -36.489  -17.086 0.6999999881
32114  -28.822  -36.649  -17.974 0.6999999881
32111  -26.177  -36.353  -17.546 0.6999999881
32112  -27.092  -36.456  -17.819 0.6999999881
32118  -27.509  -36.136  -18.537 0.6999999881
32119  -28.377  -36.255  -18.636 0.6999999881
116378  -23.256  -43.881  -5.534 0.8000000119
23792  -22.533  -45.464  -5.366 0.6000000238
24728  -22.885  -44.683  -5.417 0.6000000238
24730  -24.078  -43.929  -5.795 0.8000000119
25624  -17.843  -44.028  -6.013 0.6000000238
24724  -18.072  -44.770  -5.703 0.5000000000
23790  -20.771  -45.663  -5.203 0.6000000238
116374  -25.274  -44.186  -6.350 0.8000000119
24757  -16.311  -44.118  -7.348 0.6000000238
25654  -17.584  -43.539  -6.622 0.6000000238
23788  -19.117  -45.197  -5.409 0.5000000000
121373  -19.520  -46.202  -5.208 0.5000000000
27471  -17.779  -41.889  -9.083 0.5000000000
26585  -17.054  -42.784  -7.860 0.5000000000
25672  -17.281  -43.134  -7.276 0.6000000238
25655  -18.253  -43.304  -6.126 0.6000000238
25673  -27.071  -43.551  -7.360 0.8000000119
25681  -28.160  -43.212  -8.359 0.8000000119
26601  -18.056  -41.977  -8.131 0.5000000000
22833  -19.192  -46.817  -5.147 0.5000000000
119642  -17.348  -42.056  -9.943 0.4000000060
26602  -28.574  -42.424  -8.619 0.6999999881
27502  -27.440  -41.389  -11.357 0.8000000119
27491  -27.965  -42.039  -10.744 0.8000000119
130424  -28.300  -42.582  -9.973 0.6999999881
116127  -24.847  -38.657  -12.846 0.8000000119
28355  -25.568  -39.969  -12.308 0.8000000119
28344  -27.586  -40.617  -11.444 0.8000000119
28343  -26.862  -40.834  -11.694 0.8000000119
29264  -26.259  -39.645  -12.152 0.8000000119
32110  -22.768  -35.613  -17.402 0.8999999762
127871  -21.821  -35.926  -16.561 0.8999999762
31150  -23.044  -37.505  -13.915 0.8000000119
31169  -22.173  -36.954  -14.741 1.0000000000
32972  -25.237  -35.712  -18.186 0.6999999881
113655  -22.323  -43.860  -5.408 0.8000000119
25629  -24.260  -43.313  -5.988 0.8000000119
26564  -18.732  -42.527  -6.400 0.6000000238
114187  -21.364  -43.963  -5.351 0.6000000238
24727  -21.954  -44.717  -5.333 0.6000000238
25656  -24.749  -43.765  -6.142 0.8000000119
25657  -25.437  -43.466  -6.421 0.8000000119
26586  -17.639  -42.520  -7.602 0.5000000000
26563  -17.931  -42.836  -6.835 0.6000000238
26528  -18.967  -43.132  -5.817 0.6000000238
114188  -20.445  -44.108  -5.386 0.6000000238
25658  -26.302  -43.277  -6.815 0.8000000119
26588  -26.959  -42.881  -7.104 0.6999999881
26587  -18.339  -42.191  -7.263 0.5000000000
25626  -19.739  -43.389  -5.548 0.6000000238
24726  -21.051  -44.820  -5.272 0.6000000238
26607  -16.909  -42.310  -9.169 0.4000000060
27472  -18.520  -41.556  -8.746 0.4000000060
27430  -18.946  -41.884  -6.931 0.4000000060
26590  -28.301  -42.373  -7.889 0.6999999881
27473  -19.286  -41.128  -8.670 0.4000000060
130874  -19.939  -42.033  -5.925 0.4000000060
133350  -28.578  -42.338  -9.360 0.6999999881
28302  -20.103  -40.676  -8.703 0.4000000060
27456  -20.370  -41.045  -7.100 0.5000000000
27503  -28.118  -41.100  -10.946 0.6999999881
28316  -19.629  -40.778  -9.459 0.3000000119
28285  -20.675  -40.629  -7.947 0.5000000000
29263  -25.583  -39.151  -12.485 0.8000000119
28357  -26.923  -40.103  -11.780 0.8000000119
32109  -22.052  -35.386  -17.001 0.8000000119
32095  -21.692  -36.012  -15.960 1.0000000000
31170  -23.227  -36.810  -14.277 0.8000000119
31151  -23.911  -37.314  -13.738 0.8000000119
30227  -24.065  -38.014  -13.280 0.8000000119
121564  -25.023  -38.059  -13.148 0.8000000119
30228  -25.769  -38.369  -12.891 0.8000000119
32951  -21.973  -35.503  -16.416 1.0000000000
31152  -24.861  -37.406  -13.554 0.8000000119
32104  -23.662  -36.435  -17.156 0.8000000119
32942  -23.169  -35.568  -15.222 0.8000000119
32064  -24.304  -36.793  -14.036 0.8000000119
32117  -26.511  -35.947  -18.412 0.6999999881
32979  -27.978  -35.808  -19.107 0.6999999881
32980  -28.807  -35.876  -19.199 0.6999999881
32125  -29.649  -35.893  -19.383 0.6999999881
32126  -30.509  -36.038  -19.588 0.6000000238
32988  -30.064  -35.481  -20.132 0.6999999881
32986  -28.439  -35.452  -19.457 0.6999999881
128689  -31.439  -35.528  -20.582 0.6000000238
32994  -30.813  -35.215  -20.579 0.6000000238
25628  -23.649  -43.216  -5.738 0.8000000119
120775  -21.729  -43.081  -5.433 0.8000000119
26533  -22.941  -42.056  -5.807 0.8000000119
113922  -22.776  -42.960  -5.539 0.8000000119
118564  -24.768  -42.984  -6.211 0.8000000119
26529  -19.478  -42.561  -5.846 0.6000000238
26530  -20.251  -42.540  -5.631 0.5000000000
26569  -26.448  -42.359  -6.797 0.6999999881
27454  -18.900  -41.567  -7.791 0.4000000060
26565  -19.442  -41.983  -6.383 0.5000000000
26531  -21.125  -42.396  -5.580 0.6999999881
25627  -20.762  -43.220  -5.435 0.6999999881
26568  -25.534  -42.491  -6.429 0.6999999881
26570  -27.209  -42.254  -7.117 0.6999999881
117479  -27.849  -42.159  -7.434 0.6999999881
27474  -28.743  -41.727  -8.165 0.6999999881
28305  -29.044  -40.985  -8.641 0.6999999881
28304  -21.489  -40.208  -8.092 0.5000000000
28333  -28.788  -40.682  -10.321 0.6999999881
28303  -20.930  -40.268  -8.806 0.4000000060
29206  -21.641  -39.635  -8.809 0.4000000060
29265  -27.097  -39.444  -12.147 0.8000000119
29250  -28.397  -40.394  -11.159 0.6999999881
30200  -26.433  -38.931  -12.482 0.8000000119
121566  -26.317  -37.737  -13.394 0.8000000119
31154  -27.248  -37.720  -13.546 0.6999999881
120381  -23.714  -36.168  -14.537 0.8000000119
130666  -25.566  -37.755  -13.322 0.8000000119
32970  -23.419  -35.052  -18.036 0.8999999762
32971  -24.178  -35.203  -18.428 0.8999999762
32969  -22.832  -34.860  -17.497 0.8999999762
32962  -22.455  -34.940  -16.787 0.8000000119
32952  -22.647  -35.095  -15.986 0.8000000119
32943  -24.530  -35.683  -14.859 0.8000000119
32976  -24.761  -34.957  -18.874 0.8999999762
32977  -25.861  -35.325  -18.975 0.8999999762
31210  -31.848  -36.723  -19.193 0.4000000060
32978  -27.025  -35.522  -18.985 0.8000000119
33838  -28.479  -34.796  -19.844 0.6999999881
32987  -29.165  -35.397  -19.698 0.6999999881
33853  -32.175  -34.281  -21.388 0.5000000000
26566  -23.769  -41.979  -5.956 0.6999999881
129819  -23.442  -42.567  -5.775 0.8000000119
27402  -22.323  -41.462  -6.039 0.6999999881
27435  -25.110  -41.534  -6.325 0.6999999881
27455  -19.791  -41.040  -7.857 0.4000000060
27432  -21.733  -40.986  -6.432 0.6000000238
27434  -24.218  -41.333  -6.225 0.6999999881
27437  -26.766  -41.613  -6.823 0.6999999881
27457  -27.538  -41.572  -7.127 0.6999999881
27458  -28.246  -41.611  -7.558 0.6999999881
28286  -22.128  -40.009  -7.405 0.5000000000
131372  -21.976  -39.694  -8.107 0.4000000060
28318  -29.095  -40.583  -9.407 0.6999999881
122472  -21.923  -38.795  -8.878 0.3000000119
29193  -22.354  -39.238  -7.668 0.5000000000
30229  -26.797  -38.329  -13.026 0.6999999881
29249  -27.917  -39.886  -11.746 0.6999999881
116419  -29.069  -39.978  -10.728 0.6999999881
30201  -27.361  -38.824  -12.595 0.6999999881
29266  -27.925  -39.287  -12.269 0.6999999881
32953  -23.822  -35.070  -15.610 0.8000000119
133011  -24.665  -36.318  -14.373 0.8000000119
32065  -25.218  -36.731  -14.060 0.8000000119
31153  -25.819  -37.200  -13.748 0.8000000119
32084  -25.301  -36.194  -14.502 0.8000000119
33816  -23.459  -34.240  -17.828 0.8000000119
33832  -25.261  -34.526  -19.275 0.8000000119
33831  -24.431  -34.233  -19.083 0.8000000119
32974  -23.387  -34.518  -18.107 0.8999999762
32984  -26.403  -34.699  -19.453 0.8999999762
34765  -28.113  -33.835  -20.128 0.8000000119
121899  -31.579  -34.938  -20.916 0.6000000238
34766  -28.940  -34.286  -20.216 0.6999999881
33839  -29.416  -34.868  -20.207 0.6999999881
34773  -28.875  -33.505  -20.394 0.6999999881
28264  -23.376  -39.941  -6.598 0.6000000238
115568  -23.839  -40.578  -6.407 0.6000000238
121881  -25.552  -40.966  -6.447 0.6999999881
27436  -25.959  -41.637  -6.544 0.6999999881
127578  -22.034  -40.459  -6.828 0.5000000000
27433  -22.502  -40.777  -6.462 0.6000000238
28267  -26.374  -40.058  -6.670 0.6999999881
123331  -26.350  -40.829  -6.635 0.6999999881
125254  -27.130  -41.016  -6.872 0.6999999881
29219  -21.568  -38.963  -9.483 0.3000000119
28263  -22.652  -40.161  -6.793 0.5000000000
122507  -24.292  -39.843  -6.487 0.6000000238
28288  -28.704  -40.947  -7.755 0.6999999881
30135  -22.600  -38.596  -7.214 0.4000000060
30123  -23.186  -38.608  -6.759 0.6000000238
29220  -29.169  -40.100  -8.759 0.6999999881
29251  -29.367  -39.385  -11.175 0.6999999881
29233  -29.302  -39.868  -9.733 0.6999999881
129754  -28.743  -39.832  -11.391 0.6999999881
31065  -21.996  -37.451  -7.701 0.3000000119
30202  -28.342  -38.764  -12.616 0.6999999881
32066  -26.119  -36.503  -14.358 0.8000000119
31171  -26.723  -37.131  -13.934 0.6999999881
31155  -28.243  -37.701  -13.605 0.6999999881
33802  -24.306  -34.628  -16.118 0.8000000119
130778  -26.384  -35.561  -15.394 0.8000000119
33829  -23.665  -34.037  -18.400 0.8000000119
33806  -23.202  -34.451  -17.133 0.8000000119
33807  -23.787  -34.275  -16.748 0.8000000119
32954  -24.973  -35.180  -15.485 0.8000000119
33836  -24.682  -33.637  -19.337 0.8000000119
35710  -24.818  -32.216  -18.789 0.8000000119
33818  -24.961  -33.612  -17.237 0.8000000119
34745  -25.281  -33.026  -17.698 0.8000000119
35697  -25.426  -32.454  -18.186 0.8000000119
34781  -31.323  -34.102  -20.936 0.6000000238
33846  -30.843  -34.617  -20.751 0.6999999881
33845  -29.605  -34.159  -20.428 0.6000000238
35728  -28.826  -32.396  -20.711 0.6999999881
35729  -30.079  -32.826  -20.762 0.6000000238
34780  -31.052  -33.213  -20.887 0.6000000238
29177  -23.651  -39.243  -6.616 0.6000000238
28268  -27.063  -40.324  -6.845 0.6999999881
122946  -25.093  -39.399  -6.520 0.6000000238
29194  -27.692  -39.779  -7.148 0.6999999881
29195  -28.493  -40.085  -7.556 0.6999999881
31057  -22.832  -37.932  -6.911 0.4000000060
30125  -24.829  -38.562  -6.581 0.5000000000
29180  -26.850  -39.545  -6.885 0.6999999881
29207  -28.944  -39.609  -8.093 0.6999999881
30124  -24.013  -38.544  -6.604 0.5000000000
31059  -24.478  -37.826  -6.660 0.5000000000
29208  -29.284  -39.159  -8.872 0.6999999881
128975  -22.380  -37.941  -7.318 0.3000000119
31966  -23.196  -37.200  -6.812 0.3000000119
30230  -27.790  -38.292  -13.135 0.6999999881
29221  -29.671  -38.950  -9.780 0.6999999881
31973  -22.795  -36.517  -7.012 0.3000000119
30181  -29.715  -38.759  -11.662 0.6999999881
30231  -28.786  -38.201  -13.099 0.6999999881
31113  -30.037  -38.070  -12.109 0.6999999881
32955  -25.813  -35.281  -15.566 0.8000000119
31172  -27.690  -37.163  -14.086 0.6999999881
31134  -29.650  -37.905  -12.840 0.6999999881
31156  -29.229  -37.595  -13.488 0.6999999881
33817  -23.909  -33.791  -17.426 0.8000000119
33808  -24.662  -34.172  -16.670 0.8000000119
32085  -27.159  -36.585  -14.501 0.6999999881
31173  -28.735  -37.174  -14.110 0.6999999881
32087  -29.209  -36.582  -14.554 0.6999999881
34756  -23.971  -33.602  -18.287 0.8000000119
32963  -25.359  -34.756  -16.039 0.8000000119
32964  -26.418  -35.049  -16.001 0.8000000119
32957  -28.049  -35.635  -15.629 0.8000000119
32100  -29.641  -36.014  -15.039 0.6999999881
33830  -24.087  -33.586  -18.878 0.8000000119
33809  -25.752  -34.291  -16.597 0.8000000119
33810  -26.835  -34.445  -16.632 0.8000000119
33811  -27.907  -34.516  -16.718 0.8000000119
34762  -24.550  -32.817  -19.231 0.8000000119
35696  -24.773  -32.673  -18.327 0.8000000119
33819  -26.083  -33.698  -17.120 0.8000000119
115552  -26.088  -33.585  -19.845 0.8000000119
35719  -25.183  -31.707  -19.364 0.8000000119
34746  -26.337  -33.040  -17.566 0.8000000119
134169  -28.343  -33.087  -17.728 0.8000000119
126757  -25.598  -32.360  -20.078 0.8000000119
35712  -26.593  -31.614  -18.528 0.8000000119
34764  -26.910  -33.126  -20.113 0.8000000119
35738  -32.367  -33.366  -21.663 0.5000000000
34771  -26.348  -31.832  -20.467 0.8000000119
34772  -27.789  -32.715  -20.392 0.8000000119
113304  -31.774  -33.530  -21.172 0.6000000238
35737  -31.773  -32.607  -21.230 0.6000000238
35736  -30.729  -32.173  -21.006 0.6000000238
131347  -24.928  -40.014  -6.463 0.6999999881
28266  -25.582  -40.190  -6.519 0.6999999881
29178  -24.376  -39.119  -6.541 0.6000000238
123358  -26.506  -38.786  -6.954 0.6999999881
30128  -27.374  -38.926  -7.207 0.6999999881
30136  -28.297  -39.093  -7.613 0.6999999881
31060  -25.343  -37.857  -6.787 0.5000000000
30127  -26.983  -38.151  -7.244 0.6999999881
31967  -24.070  -37.110  -6.757 0.4000000060
31975  -24.530  -36.347  -7.073 0.4000000060
31968  -24.971  -37.069  -6.892 0.5000000000
130852  -28.865  -38.879  -8.190 0.6999999881
32845  -24.036  -35.709  -7.318 0.3000000119
31085  -29.690  -37.658  -9.499 0.6999999881
32843  -22.421  -35.720  -7.306 0.3000000119
114111  -24.934  -35.598  -7.499 0.3000000119
130010  -30.221  -37.981  -10.592 0.6999999881
33705  -24.391  -34.990  -7.811 0.3000000119
32046  -30.603  -36.768  -12.178 0.6999999881
32956  -27.116  -35.604  -15.536 0.8000000119
32086  -28.155  -36.634  -14.606 0.6999999881
31157  -29.941  -37.349  -13.162 0.6999999881
32098  -27.619  -36.118  -15.074 0.6999999881
32099  -28.609  -36.119  -15.121 0.6999999881
34744  -24.444  -33.163  -18.001 0.8000000119
32958  -29.069  -35.611  -15.642 0.8000000119
34757  -24.441  -32.855  -18.747 0.8000000119
33812  -29.011  -34.547  -16.721 0.8000000119
123061  -24.740  -32.294  -19.148 0.8000000119
33820  -27.200  -33.819  -17.167 0.8000000119
33821  -28.383  -33.830  -17.289 0.8000000119
110899  -25.080  -31.970  -19.653 0.8000000119
35720  -25.624  -31.168  -20.282 0.8000000119
35698  -26.484  -32.366  -18.053 0.8000000119
35713  -27.698  -31.570  -18.450 0.8000000119
35726  -26.008  -30.535  -20.837 0.8000000119
35711  -25.498  -31.776  -18.745 0.8000000119
36724  -26.655  -30.878  -18.857 0.8000000119
35700  -28.938  -32.511  -18.136 0.8000000119
36743  -28.162  -30.943  -21.129 0.8000000119
30126  -25.658  -38.671  -6.732 0.6000000238
31974  -23.649  -36.442  -6.944 0.3000000119
31067  -25.925  -37.102  -7.163 0.5000000000
31069  -27.331  -37.507  -7.601 0.6999999881
123097  -27.810  -38.237  -7.568 0.6999999881
125204  -28.544  -38.255  -8.020 0.6999999881
31977  -26.788  -36.776  -7.627 0.6000000238
31070  -28.109  -37.548  -7.964 0.6999999881
120070  -29.305  -37.823  -9.006 0.6999999881
31979  -28.265  -36.954  -8.368 0.6999999881
33704  -23.358  -35.102  -7.546 0.3000000119
33716  -26.421  -34.571  -8.768 0.3000000119
121422  -29.691  -37.048  -9.649 0.6999999881
31086  -30.078  -37.359  -10.155 0.6999999881
35604  -24.611  -32.680  -10.395 0.3000000119
34677  -25.109  -33.227  -9.862 0.3000000119
34662  -25.459  -33.717  -9.369 0.3000000119
33732  -26.235  -33.921  -9.291 0.3000000119
31135  -30.226  -37.389  -12.526 0.6999999881
127379  -30.474  -36.376  -13.666 0.6999999881
32967  -29.553  -35.099  -16.143 0.8000000119
34748  -29.051  -33.381  -17.619 0.8000000119
36733  -25.576  -30.875  -19.960 0.8000000119
37790  -25.718  -29.892  -20.032 0.8000000119
36723  -25.769  -30.894  -19.434 0.8000000119
36725  -27.305  -30.454  -18.859 0.8000000119
36726  -28.578  -31.237  -18.557 0.8000000119
37791  -26.193  -29.954  -19.449 0.8000000119
35727  -27.258  -31.407  -20.823 0.8000000119
36744  -29.567  -31.691  -21.038 0.6000000238
31068  -26.632  -37.507  -7.335 0.6000000238
31978  -27.625  -36.866  -7.984 0.6000000238
31077  -28.785  -37.530  -8.559 0.6999999881
32855  -26.537  -35.255  -8.324 0.4000000060
31985  -27.953  -36.198  -8.442 0.6000000238
31986  -28.759  -36.590  -8.919 0.6999999881
31078  -29.266  -37.197  -9.191 0.6999999881
33718  -27.912  -35.383  -8.823 0.4000000060
31994  -29.930  -36.539  -10.024 0.6999999881
31097  -30.338  -37.390  -10.971 0.6999999881
34680  -27.557  -33.175  -10.244 0.3000000119
32868  -28.654  -35.217  -9.258 0.4000000060
32870  -29.724  -35.821  -9.890 0.6000000238
119379  -30.510  -36.128  -11.056 0.6999999881
32068  -30.472  -36.753  -13.024 0.6999999881
32921  -31.069  -35.514  -12.542 0.6999999881
112502  -30.822  -35.820  -13.955 0.6999999881
32966  -28.501  -35.124  -16.201 0.8000000119
35699  -27.653  -32.404  -18.039 0.8000000119
34749  -29.913  -33.271  -17.611 0.8000000119
36741  -25.972  -29.481  -20.857 0.8000000119
37802  -25.980  -29.185  -20.006 0.8000000119
37792  -26.755  -29.349  -19.480 0.8000000119
37803  -26.448  -28.768  -20.045 0.8000000119
36751  -30.252  -31.081  -21.363 0.6000000238
36750  -28.960  -30.417  -21.421 0.6999999881
37820  -29.629  -29.889  -21.733 0.6999999881
32848  -27.252  -36.270  -8.032 0.6000000238
33717  -27.185  -34.910  -8.771 0.3000000119
31993  -29.423  -36.504  -9.499 0.6000000238
34664  -27.698  -33.817  -9.729 0.3000000119
118754  -27.951  -34.573  -9.295 0.3000000119
33735  -29.381  -35.141  -9.739 0.5000000000
34666  -28.934  -34.004  -9.986 0.3000000119
33744  -29.502  -34.395  -10.122 0.5000000000
32904  -30.587  -35.427  -11.102 0.6999999881
35606  -26.778  -32.387  -10.831 0.3000000119
35608  -28.174  -32.751  -10.675 0.3000000119
33765  -30.607  -34.555  -11.210 0.4000000060
32920  -30.809  -35.977  -11.775 0.6999999881
36634  -26.622  -31.418  -11.788 0.3000000119
32946  -31.254  -35.173  -14.320 0.6000000238
33787  -31.554  -34.470  -13.744 0.6000000238
121866  -30.838  -34.630  -15.927 0.8000000119
32959  -30.974  -35.044  -15.293 0.6999999881
33796  -31.525  -34.437  -14.671 0.6000000238
33813  -30.178  -34.529  -16.539 0.8000000119
33803  -31.341  -34.285  -15.502 0.6999999881
33822  -29.535  -33.969  -17.206 0.8000000119
33823  -30.528  -33.807  -16.995 0.8000000119
34739  -31.178  -33.516  -16.600 0.6999999881
34733  -31.578  -33.494  -15.775 0.6999999881
34750  -30.929  -33.024  -17.280 0.6999999881
35714  -29.590  -31.824  -18.396 0.8000000119
35701  -30.222  -32.511  -18.014 0.8000000119
35702  -31.075  -32.197  -17.706 0.6999999881
123640  -31.466  -32.447  -17.026 0.6999999881
36740  -25.816  -30.072  -20.468 0.8000000119
37811  -25.872  -29.411  -20.423 0.8000000119
118728  -28.058  -29.945  -19.049 0.8000000119
36713  -30.466  -31.646  -18.342 0.8000000119
37812  -26.154  -28.963  -20.543 0.8000000119
37804  -27.406  -28.834  -19.744 0.8000000119
37793  -29.018  -29.431  -19.355 0.8000000119
37813  -26.596  -28.813  -21.116 0.8000000119
38852  -29.232  -28.383  -19.775 0.8000000119
36742  -26.649  -29.982  -21.180 0.8000000119
127842  -27.240  -28.626  -21.328 0.8000000119
37819  -28.242  -28.931  -21.562 0.6999999881
37822  -32.067  -30.849  -21.666 0.6000000238
37814  -27.556  -29.529  -21.378 0.8000000119
38866  -30.147  -29.344  -22.103 0.6999999881
33745  -30.102  -35.019  -10.396 0.5000000000
32882  -30.227  -35.914  -10.478 0.5000000000
32905  -31.014  -35.058  -11.843 0.6000000238
35631  -28.624  -32.344  -11.233 0.3000000119
33766  -31.008  -34.286  -11.884 0.5000000000
35632  -29.450  -32.534  -11.413 0.3000000119
33779  -31.313  -34.559  -12.706 0.6000000238
36657  -26.841  -30.878  -12.233 0.3000000119
36658  -28.562  -31.266  -12.123 0.3000000119
35633  -30.267  -32.829  -11.702 0.3000000119
120749  -27.567  -31.235  -12.068 0.3000000119
34720  -31.767  -33.724  -14.205 0.6000000238
37700  -26.607  -30.296  -12.561 0.3000000119
34728  -31.716  -33.793  -14.973 0.6999999881
35691  -31.539  -32.926  -16.484 0.6999999881
36727  -29.431  -30.803  -18.712 0.8000000119
36728  -30.594  -30.584  -18.708 0.6999999881
36714  -31.359  -31.402  -17.994 0.6999999881
37805  -30.355  -29.470  -19.261 0.6999999881
38858  -26.999  -28.428  -20.602 0.8000000119
38859  -27.828  -27.810  -20.793 0.6999999881
38851  -28.062  -28.196  -20.117 0.8000000119
111947  -32.410  -30.004  -22.197 0.6000000238
38864  -28.142  -27.834  -21.301 0.6999999881
37829  -31.328  -29.799  -22.096 0.6999999881
38865  -29.021  -28.585  -21.871 0.6999999881
121423  -30.446  -26.964  -23.826 0.5000000000
42132  -30.230  -26.745  -24.842 0.5000000000
34712  -31.587  -33.602  -13.268 0.6000000238
35684  -31.951  -32.920  -14.770 0.6000000238
124527  -31.857  -32.716  -15.729 0.6999999881
36701  -32.150  -32.085  -15.308 0.6999999881
39797  -25.027  -28.763  -13.570 0.3000000119
36705  -31.913  -32.128  -16.291 0.6999999881
116938  -31.667  -31.772  -17.149 0.6999999881
37794  -31.289  -30.104  -18.741 0.6999999881
37781  -31.692  -30.653  -18.159 0.6000000238
37818  -27.313  -28.174  -21.161 0.6999999881
39877  -28.487  -27.729  -20.379 0.6999999881
39878  -29.389  -27.674  -20.333 0.6000000238
38872  -29.505  -28.224  -22.232 0.6999999881
39901  -30.214  -27.543  -22.744 0.6999999881
39911  -30.542  -27.374  -23.281 0.6000000238
35663  -31.627  -32.688  -13.332 0.5000000000
118592  -31.621  -31.957  -13.370 0.4000000060
35676  -31.960  -32.362  -13.916 0.6000000238
116084  -32.147  -32.013  -14.497 0.6000000238
39798  -25.756  -28.162  -14.062 0.3000000119
39799  -26.604  -28.393  -13.881 0.3000000119
36706  -32.103  -31.422  -16.514 0.6999999881
36715  -32.014  -30.960  -17.190 0.6000000238
38853  -30.444  -28.627  -19.678 0.6000000238
39885  -28.497  -27.504  -20.940 0.6999999881
39886  -29.119  -27.343  -21.136 0.6999999881
39887  -29.987  -27.311  -20.794 0.6000000238
39900  -29.666  -27.486  -22.176 0.6999999881
38873  -30.481  -28.600  -22.509 0.6999999881
38874  -31.696  -29.199  -22.452 0.6000000238
133028  -32.528  -28.575  -22.977 0.5000000000
130510  -31.363  -28.289  -22.999 0.6000000238
39902  -32.414  -28.117  -23.432 0.5000000000
39912  -31.069  -27.409  -23.897 0.5000000000
40985  -30.374  -26.979  -24.728 0.5000000000
40986  -30.928  -27.135  -24.888 0.5000000000
131222  -30.117  -26.228  -24.965 0.5000000000
134241  -31.631  -30.865  -13.534 0.4000000060
37725  -29.523  -30.068  -12.884 0.4000000060
36691  -32.323  -31.202  -14.749 0.6000000238
39820  -27.162  -28.127  -14.148 0.3000000119
39801  -28.458  -28.826  -13.561 0.3000000119
130038  -32.441  -30.807  -16.255 0.6000000238
42058  -27.228  -26.977  -15.175 0.3000000119
37771  -32.557  -30.232  -16.819 0.6000000238
38844  -32.343  -29.231  -18.572 0.5000000000
37782  -32.274  -30.348  -17.638 0.6000000238
38854  -31.603  -28.701  -19.432 0.6000000238
39879  -30.700  -27.949  -20.068 0.6000000238
38843  -31.403  -29.428  -19.059 0.6000000238
40953  -30.468  -27.000  -21.266 0.6000000238
40960  -29.870  -27.086  -22.329 0.6999999881
37726  -30.503  -30.216  -13.050 0.4000000060
117232  -31.947  -31.435  -13.792 0.4000000060
37727  -31.346  -30.367  -13.419 0.4000000060
38758  -30.933  -29.650  -13.481 0.4000000060
37762  -32.538  -30.630  -15.430 0.4000000060
36702  -32.331  -31.408  -15.755 0.5000000000
133335  -27.480  -27.627  -14.573 0.3000000119
40881  -28.145  -27.056  -14.928 0.3000000119
133459  -28.669  -28.242  -13.932 0.4000000060
118696  -32.738  -30.106  -15.947 0.4000000060
42039  -28.862  -26.383  -15.237 0.3000000119
116226  -29.258  -27.848  -14.181 0.4000000060
38830  -32.682  -29.590  -17.533 0.5000000000
37795  -32.086  -29.994  -18.342 0.5000000000
39873  -32.558  -28.485  -18.916 0.5000000000
39880  -31.858  -28.007  -19.735 0.6000000238
39874  -33.203  -28.081  -18.380 0.5000000000
40943  -31.112  -27.426  -20.395 0.6000000238
40954  -31.563  -27.015  -20.750 0.6000000238
40961  -30.117  -26.915  -22.126 0.6000000238
42113  -31.073  -26.763  -21.662 0.6000000238
40968  -30.304  -27.091  -22.801 0.5000000000
42133  -30.703  -26.491  -23.783 0.5000000000
43171  -30.696  -25.949  -24.378 0.5000000000
43170  -30.219  -25.481  -24.987 0.5000000000
37745  -32.015  -30.521  -13.967 0.4000000060
37746  -32.436  -30.250  -14.738 0.4000000060
38775  -32.134  -29.689  -14.264 0.4000000060
119651  -32.685  -29.980  -15.296 0.4000000060
38800  -32.852  -29.422  -15.618 0.4000000060
111001  -27.895  -26.356  -15.350 0.3000000119
39844  -33.126  -28.814  -16.980 0.4000000060
38817  -32.905  -29.493  -16.465 0.5000000000
43097  -27.646  -25.573  -15.508 0.3000000119
40936  -32.766  -27.827  -19.281 0.5000000000
40937  -33.458  -27.454  -18.766 0.4000000060
40944  -32.133  -27.420  -20.004 0.6000000238
126720  -32.451  -27.035  -20.346 0.5000000000
42107  -33.304  -26.741  -20.300 0.5000000000
42124  -30.738  -26.746  -22.754 0.5000000000
117108  -31.896  -26.459  -21.947 0.6000000238
42106  -32.241  -26.732  -21.043 0.6000000238
43163  -31.488  -25.914  -23.460 0.5000000000
44161  -30.474  -25.022  -25.385 0.5000000000
42125  -31.650  -26.221  -22.817 0.5000000000
46272  -27.134  -22.316  -16.442 0.3000000119
45110  -28.527  -23.033  -16.209 0.4000000060
45111  -29.242  -23.252  -16.229 0.4000000060
42126  -32.609  -26.113  -22.184 0.5000000000
46288  -27.824  -21.954  -17.158 0.4000000060
42115  -34.016  -25.929  -21.395 0.5000000000
43141  -34.652  -25.640  -21.002 0.5000000000
43164  -32.671  -25.737  -22.885 0.5000000000
43151  -34.476  -25.405  -21.877 0.5000000000
43172  -31.978  -25.374  -23.601 0.6000000238
45189  -30.629  -23.732  -25.476 0.5000000000
44149  -31.219  -24.998  -24.330 0.6000000238
44162  -30.635  -24.456  -25.010 0.6000000238
46366  -30.843  -22.819  -25.059 0.4000000060
46274  -28.996  -22.624  -16.629 0.4000000060
129593  -30.765  -23.626  -16.241 0.4000000060
43173  -33.145  -25.208  -23.299 0.5000000000
44150  -32.677  -24.718  -23.794 0.5000000000
44164  -33.536  -24.063  -24.206 0.5000000000
44151  -34.026  -24.656  -23.476 0.5000000000
44163  -31.977  -24.179  -24.435 0.5000000000
45190  -31.378  -23.484  -24.794 0.5000000000
130180  -30.487  -22.270  -17.154 0.4000000060
47439  -29.145  -21.586  -17.613 0.4000000060
43165  -33.830  -25.331  -22.754 0.5000000000
43152  -35.078  -25.171  -21.316 0.4000000060
45191  -32.975  -23.346  -24.595 0.4000000060
46367  -32.271  -22.460  -24.636 0.5000000000
122197  -30.948  -21.912  -24.718 0.3000000119
44141  -34.740  -24.833  -22.667 0.4000000060
47520  -32.237  -21.316  -24.534 0.4000000060
122417  -33.333  -21.714  -24.598 0.4000000060
45192  -34.349  -23.248  -24.499 0.4000000060
49511  -30.439  -17.982  -26.378 0.4000000060
46368  -33.848  -22.437  -24.683 0.4000000060
46354  -35.532  -22.207  -24.170 0.4000000060
48511  -32.060  -20.154  -24.507 0.4000000060
49497  -30.643  -19.360  -25.035 0.4000000060
49498  -32.031  -18.993  -25.097 0.4000000060
120888  -34.297  -21.545  -24.454 0.4000000060
47521  -33.305  -20.806  -24.344 0.4000000060
127889  -35.136  -21.682  -24.288 0.4000000060
47511  -35.558  -21.480  -23.534 0.4000000060
132302  -34.043  -20.864  -24.145 0.3000000119
48512  -32.911  -19.763  -24.330 0.4000000060
49512  -32.571  -18.041  -26.213 0.4000000060
48513  -33.719  -20.093  -23.799 0.4000000060
47510  -34.659  -20.914  -23.857 0.4000000060
48504  -34.388  -20.129  -23.343 0.4000000060
22871  -25.372  -46.938  -8.800 0.8000000119
21011  -21.563  -48.572  -5.657 0.6000000238
21916  -22.867  -47.392  -5.666 0.6000000238
130512  -24.128  -46.862  -6.099 0.6999999881
115876  -27.048  -44.107  -11.384 0.8000000119
24729  -23.796  -44.709  -5.585 0.6000000238
23787  -17.659  -46.221  -5.493 0.5000000000
24741  -25.940  -44.130  -6.691 0.8000000119
27401  -21.446  -41.658  -5.930 0.6000000238
28287  -27.888  -40.762  -7.181 0.6999999881
29179  -26.012  -39.436  -6.680 0.6999999881
34747  -27.451  -33.105  -17.591 0.8000000119
32088  -30.166  -36.316  -14.355 0.6999999881
32945  -30.557  -35.699  -14.791 0.6999999881
32869  -29.106  -35.852  -9.359 0.6000000238
32934  -30.875  -35.992  -13.174 0.6999999881
32856  -27.238  -35.644  -8.366 0.6000000238
34682  -30.091  -34.064  -10.731 0.5000000000
35648  -31.272  -32.936  -12.665 0.4000000060
127338  -31.632  -29.873  -13.757 0.4000000060
38776  -32.573  -29.483  -14.923 0.4000000060
45177  -34.560  -23.905  -23.981 0.4000000060
24875  -20.535  -44.508  -16.817 0.5000000000
22945  -21.856  -46.961  -13.864 0.6999999881
26696  -22.910  -42.563  -17.809 0.5000000000
18403  -16.481  -51.331  -8.565 0.5000000000
27563  -22.401  -41.009  -17.821 0.6999999881
122233  -23.074  -46.442  -10.339 0.6999999881
24853  -22.561  -43.942  -14.217 0.6999999881
26661  -22.318  -43.085  -14.574 0.6999999881
29339  -23.727  -39.751  -17.877 0.6999999881
28415  -25.791  -39.913  -17.316 0.5000000000
132292  -24.308  -39.803  -17.902 0.6000000238
30259  -26.622  -38.594  -16.153 0.5000000000
29326  -22.923  -39.113  -17.303 0.6999999881
19244  -20.185  -50.649  -6.972 0.6000000238
23863  -24.411  -45.417  -11.570 0.6999999881
30262  -28.994  -39.085  -15.691 0.4000000060
21946  -24.103  -47.677  -8.341 0.8000000119
114079  -18.067  -51.487  -5.578 0.6000000238
22886  -25.540  -46.485  -9.712 0.6999999881
22865  -25.699  -46.220  -7.358 0.6999999881
125192  -19.365  -48.337  -5.230 0.6000000238
31198  -28.349  -37.056  -17.170 0.6000000238
31201  -31.121  -37.545  -17.635 0.4000000060
114682  -16.132  -49.252  -5.403 0.3000000119
20107  -17.552  -49.561  -5.340 0.5000000000
116702  -15.894  -51.062  -5.343 0.4000000060
28364  -25.074  -40.462  -13.045 0.8999999762
32103  -22.493  -36.234  -17.121 0.8000000119
23793  -23.397  -45.486  -5.487 0.6000000238
117197  -25.523  -44.855  -6.523 0.8000000119
22834  -20.393  -46.594  -5.104 0.5000000000
28356  -26.238  -40.391  -11.961 0.8000000119
32113  -27.940  -36.593  -17.933 0.6999999881
32127  -31.348  -36.258  -19.748 0.4000000060
23791  -21.654  -45.540  -5.277 0.6000000238
126912  -16.914  -46.615  -5.574 0.5000000000
22832  -18.394  -46.947  -5.285 0.5000000000
26589  -27.669  -42.903  -7.554 0.6999999881
24739  -17.324  -44.655  -6.119 0.5000000000
125030  -18.158  -45.530  -5.535 0.5000000000
25625  -18.774  -43.991  -5.649 0.6000000238
23807  -17.398  -45.363  -5.761 0.5000000000
23789  -19.994  -45.717  -5.221 0.5000000000
25653  -16.983  -43.814  -7.049 0.6000000238
121370  -18.678  -46.152  -5.355 0.5000000000
115341  -19.639  -44.321  -5.466 0.6000000238
24725  -20.170  -44.971  -5.355 0.5000000000
133160  -18.318  -41.576  -9.325 0.4000000060
27483  -28.826  -41.788  -9.045 0.6999999881
27492  -28.455  -41.384  -10.325 0.6999999881
32083  -22.344  -36.175  -15.097 0.8999999762
120140  -19.579  -41.493  -7.064 0.4000000060
27400  -20.595  -41.844  -5.883 0.5000000000
126958  -20.117  -41.568  -6.411 0.5000000000
120640  -28.851  -41.227  -9.631 0.6999999881
28262  -21.308  -40.605  -7.130 0.5000000000
32096  -22.174  -35.622  -15.746 0.8000000119
33840  -30.166  -34.770  -20.560 0.6999999881
26567  -24.596  -42.164  -6.149 0.6999999881
26532  -22.056  -42.244  -5.650 0.6999999881
33837  -27.328  -34.248  -19.775 0.8000000119
27403  -23.245  -41.232  -6.205 0.6000000238
115349  -23.122  -40.522  -6.495 0.6000000238
27431  -20.912  -41.254  -6.449 0.5000000000
29192  -22.117  -39.037  -8.331 0.3000000119
30180  -28.824  -39.308  -11.998 0.6999999881
29234  -29.504  -39.382  -10.402 0.6999999881
30134  -22.247  -38.400  -7.772 0.3000000119
130031  -25.486  -33.918  -19.558 0.8999999762
129990  -30.407  -33.901  -20.667 0.6000000238
120590  -29.613  -33.389  -20.564 0.6000000238
28265  -24.779  -40.632  -6.393 0.6999999881
29176  -22.779  -39.393  -6.932 0.5000000000
31058  -23.601  -37.876  -6.690 0.4000000060
32097  -26.698  -36.040  -14.971 0.8000000119
34763  -25.045  -32.972  -19.663 0.8000000119
30145  -29.549  -38.353  -9.263 0.6999999881
30165  -29.926  -38.709  -10.675 0.6999999881
30203  -29.295  -38.557  -12.439 0.6999999881
30166  -30.208  -38.096  -11.308 0.6999999881
32965  -27.475  -35.112  -16.150 0.8000000119
31976  -25.398  -36.312  -7.295 0.5000000000
30144  -29.079  -38.329  -8.621 0.6999999881
30154  -29.980  -38.182  -9.942 0.6999999881
132593  -26.116  -36.332  -7.551 0.5000000000
31114  -30.366  -37.426  -11.770 0.6999999881
33714  -23.893  -34.392  -8.185 0.3000000119
127732  -30.826  -36.220  -12.536 0.6999999881
33733  -27.060  -34.192  -9.237 0.3000000119
34678  -25.996  -33.271  -9.963 0.3000000119
34663  -26.883  -33.541  -9.787 0.3000000119
32857  -28.486  -35.848  -8.957 0.6000000238
32010  -30.280  -36.659  -10.651 0.6999999881
32028  -30.494  -36.705  -11.378 0.6999999881
32935  -31.250  -35.263  -13.392 0.6000000238
37821  -30.873  -30.454  -21.672 0.6000000238
34665  -28.361  -34.071  -9.759 0.3000000119
35630  -27.258  -31.936  -11.343 0.3000000119
121156  -27.930  -32.247  -11.113 0.3000000119
33814  -31.039  -34.116  -16.287 0.8000000119
35609  -29.012  -32.949  -10.774 0.3000000119
36635  -28.161  -31.785  -11.605 0.3000000119
34697  -29.843  -33.254  -11.064 0.3000000119
37701  -27.398  -30.461  -12.496 0.3000000119
123538  -31.853  -33.073  -13.891 0.6000000238
39892  -28.884  -27.490  -21.672 0.6999999881
36661  -31.189  -32.127  -12.832 0.4000000060
42141  -30.272  -26.996  -25.196 0.4000000060
36677  -31.134  -31.162  -13.070 0.4000000060
39802  -29.431  -28.662  -13.683 0.4000000060
39821  -27.862  -28.277  -13.976 0.3000000119
132238  -26.938  -27.410  -14.834 0.3000000119
39860  -32.971  -28.767  -17.958 0.5000000000
40952  -29.562  -27.131  -21.715 0.5000000000
40882  -29.036  -27.176  -14.713 0.4000000060
39861  -33.416  -28.166  -17.483 0.4000000060
40945  -33.014  -27.275  -19.693 0.5000000000
45109  -27.742  -23.086  -15.978 0.3000000119
45112  -30.059  -23.443  -16.266 0.4000000060
43150  -33.496  -25.815  -22.057 0.5000000000
46275  -29.842  -22.759  -16.628 0.4000000060
46369  -34.930  -22.352  -24.558 0.4000000060
49499  -33.422  -18.749  -24.741 0.4000000060
48505  -35.109  -20.599  -23.173 0.4000000060
123836  -18.155  -48.545  -11.953 0.5000000000
21097  -20.490  -48.503  -11.050 0.5000000000
21093  -16.312  -47.550  -11.915 0.4000000060
21094  -16.918  -47.445  -12.166 0.5000000000
21095  -17.539  -47.802  -12.197 0.5000000000
124463  -18.346  -47.954  -11.553 0.5000000000
133267  -19.230  -48.123  -10.984 0.6000000238
21098  -21.476  -48.148  -11.059 0.6000000238
21973  -16.831  -47.141  -11.379 0.5000000000
128727  -16.852  -47.186  -10.577 0.5000000000
21998  -18.633  -47.597  -10.755 0.5000000000
21062  -16.608  -47.904  -10.080 0.5000000000
21999  -19.787  -47.642  -10.486 0.6000000238
22000  -20.865  -47.577  -10.554 0.6000000238
22002  -22.433  -47.564  -11.907 0.6000000238
22001  -21.813  -47.378  -10.928 0.6000000238
22012  -22.570  -47.089  -12.904 0.6000000238
127584  -22.267  -46.342  -13.438 0.6000000238
21063  -17.449  -47.397  -9.777 0.5000000000
21974  -18.238  -47.228  -10.360 0.5000000000
21975  -19.332  -47.217  -10.042 0.6000000238
20177  -17.156  -48.505  -9.297 0.5000000000
21976  -20.332  -47.159  -10.109 0.6000000238
19258  -16.605  -50.256  -8.907 0.5000000000
20166  -17.054  -49.464  -8.974 0.5000000000
21977  -21.144  -47.119  -10.256 0.6000000238
113213  -22.634  -46.700  -12.004 0.6000000238
21953  -18.013  -47.150  -9.896 0.5000000000
21051  -17.959  -48.120  -8.989 0.5000000000
21064  -18.331  -47.428  -9.332 0.5000000000
116800  -18.762  -47.258  -9.648 0.5000000000
20167  -17.731  -49.219  -8.716 0.5000000000
19259  -17.529  -50.205  -8.535 0.5000000000
22922  -22.376  -46.754  -11.203 0.6000000238
22936  -22.683  -46.189  -12.617 0.6000000238
21052  -18.776  -48.007  -8.815 0.5000000000
21942  -19.976  -47.556  -8.923 0.5000000000
21955  -20.413  -47.217  -9.397 0.6000000238
21956  -21.280  -47.153  -9.456 0.6000000238
20168  -18.561  -49.084  -8.536 0.5000000000
22880  -20.107  -47.162  -9.730 0.6000000238
18404  -17.342  -51.146  -8.265 0.5000000000
18386  -17.177  -52.042  -7.847 0.5000000000
20169  -19.518  -49.060  -8.402 0.5000000000
21053  -19.433  -47.938  -8.761 0.5000000000
21943  -20.937  -47.564  -8.930 0.6000000238
19260  -18.332  -50.102  -8.284 0.5000000000
19241  -18.183  -51.024  -7.976 0.5000000000
19242  -18.821  -50.802  -7.729 0.6000000238
21054  -20.759  -48.447  -8.472 0.6000000238
130224  -20.040  -48.462  -8.542 0.5000000000
21957  -22.245  -47.083  -9.468 0.6000000238
19261  -19.165  -50.103  -8.030 0.6000000238
20170  -20.537  -49.408  -7.965 0.6000000238
18388  -18.757  -51.561  -7.131 0.5000000000
19243  -19.532  -50.929  -7.216 0.5000000000
20151  -20.004  -50.163  -7.651 0.6000000238
21055  -21.612  -48.398  -8.414 0.6000000238
21944  -21.848  -47.616  -8.932 0.6000000238
22883  -22.919  -46.795  -9.799 0.6000000238
115380  -22.676  -47.694  -8.807 0.6999999881
31204  -29.726  -36.705  -18.055 0.5000000000
31061  -26.171  -38.010  -7.039 0.5000000000
118490  -30.094  -35.481  -15.527 0.6000000238
36752  -31.363  -31.505  -21.336 0.5000000000
50506  -34.611  -17.891  -25.066 0.3000000119
51569  -35.906  -16.959  -25.243 0.3000000119
21117  -15.983  -48.238  -12.174 0.4000000060
21119  -16.956  -47.953  -12.494 0.5000000000
124627  -21.605  -49.035  -11.455 0.5000000000
21075  -16.274  -47.481  -11.030 0.4000000060
21099  -22.042  -48.353  -11.599 0.5000000000
113992  -22.463  -48.007  -12.739 0.5000000000
20186  -15.332  -49.047  -10.821 0.4000000060
20176  -16.340  -49.105  -9.533 0.5000000000
19277  -15.855  -49.895  -9.442 0.5000000000
19257  -15.790  -50.686  -9.158 0.3000000119
18402  -15.650  -51.582  -8.845 0.4000000060
31200  -30.226  -37.359  -17.444 0.4000000060
31205  -30.622  -36.856  -18.209 0.4000000060
32847  -26.634  -35.947  -7.909 0.5000000000
36753  -32.169  -31.808  -21.450 0.5000000000
34699  -31.187  -33.680  -12.336 0.4000000060
50507  -35.244  -17.586  -24.658 0.3000000119
51567  -36.323  -16.613  -25.032 0.3000000119
21074  -15.838  -48.193  -11.447 0.4000000060
22881  -20.936  -47.019  -9.845 0.6000000238
17614  -18.263  -52.132  -6.797 0.5000000000
21118  -16.445  -48.047  -12.387 0.4000000060
21997  -17.663  -47.296  -11.421 0.5000000000
21076  -17.443  -47.142  -10.583 0.5000000000
20187  -15.914  -48.464  -10.434 0.5000000000
21941  -19.108  -47.417  -9.108 0.5000000000
131671  -34.709  -18.252  -24.212 0.4000000060
20175  -15.484  -49.336  -9.937 0.4000000060
22022  -22.175  -47.835  -13.479 0.4000000060
22830  -16.178  -46.613  -5.769 0.4000000060
124571  -16.653  -47.279  -5.527 0.3000000119
21007  -16.826  -48.825  -5.362 0.4000000060
23806  -16.656  -45.198  -6.262 0.4000000060
23786  -16.726  -45.933  -5.774 0.4000000060
24756  -15.580  -44.317  -7.670 0.4000000060
24737  -15.941  -44.907  -6.980 0.4000000060
24765  -14.510  -44.330  -8.811 0.3000000119
25679  -15.258  -43.846  -8.449 0.3000000119
25678  -15.377  -43.273  -9.267 0.4000000060
25670  -15.925  -43.761  -7.919 0.5000000000
121390  -16.124  -42.755  -9.250 0.4000000060
26599  -16.616  -42.746  -8.453 0.4000000060
25671  -16.573  -43.355  -7.751 0.5000000000
32846  -25.842  -35.583  -7.815 0.3000000119
34698  -30.603  -33.652  -11.541 0.3000000119
35634  -30.867  -33.094  -12.078 0.3000000119
42114  -33.130  -26.317  -21.352 0.4000000060
36660  -30.404  -31.651  -12.494 0.3000000119
38757  -29.988  -29.454  -13.292 0.3000000119
38756  -29.024  -29.410  -13.229 0.3000000119
42098  -33.782  -26.871  -19.193 0.4000000060
42099  -34.262  -26.327  -19.698 0.3000000119
42108  -34.079  -26.196  -20.662 0.4000000060
44152  -35.066  -24.151  -23.354 0.3000000119
39803  -30.539  -28.888  -13.715 0.3000000119
39804  -31.481  -29.203  -13.938 0.3000000119
120239  -31.201  -28.385  -14.143 0.3000000119
40884  -31.779  -27.871  -14.602 0.3000000119
39823  -32.147  -28.771  -14.552 0.3000000119
40883  -30.863  -27.604  -14.459 0.3000000119
39824  -32.507  -27.987  -15.051 0.3000000119
120082  -32.777  -28.718  -15.281 0.3000000119
39837  -33.105  -28.737  -16.052 0.3000000119
116225  -29.927  -27.364  -14.527 0.3000000119
42040  -29.719  -26.679  -15.009 0.3000000119
42059  -29.629  -26.059  -15.306 0.3000000119
43099  -29.255  -25.367  -15.496 0.3000000119
123486  -33.620  -27.629  -17.949 0.3000000119
42091  -34.014  -26.932  -18.016 0.3000000119
42092  -34.453  -26.304  -18.655 0.3000000119
46273  -28.153  -22.492  -16.539 0.3000000119
46290  -29.527  -22.185  -17.160 0.3000000119
47438  -28.339  -21.511  -17.670 0.3000000119
42042  -31.475  -27.139  -14.842 0.3000000119
40901  -32.704  -27.256  -15.361 0.3000000119
39845  -33.417  -28.057  -16.591 0.3000000119
42041  -30.588  -26.880  -14.852 0.3000000119
42061  -31.234  -26.413  -15.130 0.3000000119
40885  -32.157  -27.391  -14.979 0.3000000119
40902  -33.287  -26.831  -15.796 0.3000000119
123139  -33.107  -27.847  -15.763 0.3000000119
40912  -33.631  -27.228  -16.439 0.3000000119
42060  -30.376  -26.130  -15.235 0.3000000119
113970  -31.049  -25.787  -15.352 0.3000000119
42062  -32.148  -26.704  -15.224 0.3000000119
40928  -33.758  -27.469  -17.200 0.3000000119
126446  -29.078  -24.482  -15.641 0.3000000119
115557  -30.018  -25.172  -15.556 0.3000000119
43100  -30.541  -25.436  -15.479 0.3000000119
45100  -29.505  -23.942  -15.907 0.3000000119
43126  -34.897  -25.716  -19.179 0.3000000119
43134  -34.786  -25.736  -20.141 0.3000000119
47440  -29.977  -21.613  -17.577 0.3000000119
43142  -35.250  -25.173  -20.602 0.3000000119
44128  -35.185  -24.808  -21.876 0.3000000119
44142  -35.474  -24.244  -22.404 0.3000000119
45178  -35.353  -23.199  -24.070 0.3000000119
132564  -32.760  -26.738  -15.465 0.3000000119
42075  -33.925  -26.455  -16.346 0.3000000119
111794  -31.345  -25.133  -15.590 0.3000000119
44083  -32.335  -25.289  -15.641 0.3000000119
43102  -32.757  -26.130  -15.549 0.3000000119
43103  -33.562  -25.992  -15.882 0.3000000119
44081  -30.538  -24.781  -15.699 0.3000000119
127426  -31.216  -24.241  -15.966 0.3000000119
42084  -34.593  -26.094  -17.577 0.3000000119
128978  -34.902  -25.667  -18.318 0.3000000119
125074  -30.683  -22.979  -16.567 0.3000000119
46276  -31.343  -22.574  -16.910 0.3000000119
129057  -31.214  -22.025  -17.332 0.3000000119
43135  -35.363  -25.118  -19.683 0.3000000119
47441  -30.790  -21.550  -17.568 0.3000000119
124579  -31.556  -21.486  -17.544 0.3000000119
44118  -35.704  -24.514  -20.261 0.3000000119
44129  -35.560  -24.580  -21.190 0.3000000119
113119  -35.878  -23.896  -21.708 0.3000000119
116849  -35.683  -23.529  -22.961 0.3000000119
43117  -34.150  -25.697  -16.292 0.3000000119
44097  -32.061  -24.056  -16.067 0.3000000119
44098  -32.980  -24.562  -15.940 0.3000000119
124585  -33.649  -25.288  -15.972 0.3000000119
42076  -34.380  -26.123  -16.780 0.3000000119
42083  -34.150  -26.746  -17.006 0.3000000119
44099  -34.173  -24.724  -16.334 0.3000000119
119890  -31.552  -23.377  -16.395 0.3000000119
45113  -32.608  -23.534  -16.346 0.3000000119
47442  -32.359  -21.504  -17.521 0.3000000119
44111  -35.710  -24.345  -19.358 0.3000000119
48429  -31.149  -20.854  -17.795 0.3000000119
48430  -31.964  -20.813  -17.763 0.3000000119
45138  -36.003  -23.783  -19.965 0.3000000119
45150  -35.983  -23.903  -20.807 0.3000000119
45151  -36.180  -23.201  -21.244 0.3000000119
133245  -35.819  -23.700  -22.308 0.3000000119
46334  -35.908  -22.537  -23.299 0.3000000119
44104  -34.929  -24.600  -17.009 0.3000000119
46277  -32.222  -22.744  -16.766 0.3000000119
46278  -33.181  -22.874  -16.732 0.3000000119
45114  -33.630  -23.730  -16.416 0.3000000119
43122  -35.056  -25.233  -17.657 0.3000000119
46291  -31.898  -22.104  -17.252 0.3000000119
46292  -32.752  -22.190  -17.215 0.3000000119
44107  -35.611  -24.026  -18.541 0.3000000119
48446  -31.530  -20.116  -17.994 0.3000000119
47443  -33.250  -21.552  -17.538 0.3000000119
122161  -32.828  -20.820  -17.755 0.3000000119
112830  -35.853  -23.537  -19.192 0.3000000119
45139  -36.157  -23.284  -20.487 0.3000000119
46322  -36.244  -22.454  -21.591 0.3000000119
120010  -36.084  -23.036  -22.224 0.3000000119
46335  -36.137  -21.823  -22.454 0.3000000119
119840  -35.043  -23.901  -17.273 0.3000000119
44105  -35.293  -24.390  -17.796 0.3000000119
46279  -34.086  -23.056  -16.923 0.3000000119
45123  -34.801  -23.244  -17.284 0.3000000119
46293  -33.682  -22.297  -17.266 0.3000000119
46294  -34.527  -22.486  -17.457 0.3000000119
45129  -35.644  -23.301  -18.568 0.3000000119
48447  -32.409  -20.037  -17.929 0.3000000119
46310  -35.843  -22.744  -19.014 0.3000000119
49413  -33.358  -20.052  -17.931 0.3000000119
48431  -33.724  -20.859  -17.789 0.3000000119
47444  -34.248  -21.603  -17.668 0.3000000119
45132  -36.089  -22.979  -19.808 0.3000000119
46317  -36.233  -22.470  -20.660 0.3000000119
47498  -35.719  -20.974  -22.777 0.3000000119
46295  -35.088  -22.769  -17.734 0.3000000119
49425  -31.907  -19.320  -18.177 0.3000000119
120266  -35.102  -21.974  -17.988 0.3000000119
46304  -35.474  -22.701  -18.295 0.3000000119
49426  -32.901  -19.120  -18.207 0.3000000119
49414  -34.256  -20.212  -18.048 0.3000000119
128118  -34.826  -21.254  -18.059 0.3000000119
47455  -35.299  -21.219  -18.509 0.3000000119
46316  -35.999  -21.990  -19.688 0.3000000119
47485  -36.002  -20.946  -21.052 0.3000000119
47478  -36.124  -21.625  -20.562 0.3000000119
48485  -35.659  -20.266  -21.580 0.3000000119
113095  -35.989  -20.937  -21.999 0.3000000119
120257  -35.360  -20.211  -22.466 0.3000000119
133339  -32.175  -18.585  -18.352 0.3000000119
50439  -33.677  -18.431  -18.515 0.3000000119
49428  -34.801  -19.738  -18.654 0.3000000119
47467  -35.695  -21.134  -19.204 0.3000000119
49429  -35.232  -19.810  -19.246 0.3000000119
48464  -35.532  -20.289  -19.699 0.3000000119
49451  -35.403  -19.547  -20.666 0.3000000119
48476  -35.661  -20.242  -20.644 0.3000000119
47477  -35.862  -21.038  -20.114 0.3000000119
113296  -35.446  -19.738  -21.272 0.3000000119
111085  -34.982  -19.408  -22.657 0.3000000119
49466  -35.276  -19.593  -21.997 0.3000000119
49488  -34.278  -19.032  -23.849 0.3000000119
48496  -34.725  -19.668  -23.044 0.3000000119
50438  -32.801  -18.095  -18.440 0.3000000119
49427  -33.968  -19.352  -18.297 0.3000000119
50440  -34.515  -18.726  -18.865 0.3000000119
128153  -34.868  -18.630  -19.345 0.3000000119
49438  -35.303  -19.462  -19.908 0.3000000119
49489  -34.775  -18.621  -23.424 0.3000000119
51493  -34.221  -17.865  -18.901 0.3000000119
24755  -14.841  -44.519  -8.012 0.3000000119
24738  -16.749  -44.472  -6.695 0.4000000060
26600  -17.325  -42.350  -8.374 0.4000000060
35647  -30.692  -32.439  -12.271 0.3000000119
39822  -30.188  -28.097  -14.066 0.3000000119
46289  -28.668  -22.092  -17.157 0.3000000119
45101  -30.314  -24.119  -15.982 0.3000000119
119537  -15.196  -44.853  -7.447 0.4000000060
127342  -14.792  -43.791  -9.268 0.3000000119
25680  -15.951  -43.250  -8.487 0.4000000060
44080  -29.793  -24.639  -15.694 0.3000000119
43101  -31.807  -25.897  -15.403 0.3000000119
48428  -30.343  -20.942  -17.861 0.3000000119
48427  -29.535  -21.029  -17.951 0.3000000119
44082  -31.983  -24.638  -15.805 0.3000000119
44084  -33.096  -25.453  -15.758 0.3000000119
43127  -35.380  -24.976  -18.617 0.3000000119
43118  -34.683  -25.456  -16.863 0.3000000119
45115  -34.518  -23.852  -16.769 0.3000000119
48445  -30.695  -20.213  -18.063 0.3000000119
45124  -35.314  -23.477  -17.893 0.3000000119
119369  -35.658  -21.947  -18.728 0.3000000119
48432  -34.410  -20.901  -17.948 0.3000000119
47486  -36.208  -21.695  -21.390 0.3000000119
48448  -34.874  -20.612  -18.316 0.3000000119
48449  -35.305  -20.451  -18.890 0.3000000119
50453  -35.094  -18.608  -19.878 0.3000000119
23828  -14.177  -44.954  -8.351 0.4000000060
31192  -29.814  -37.920  -16.685 0.4000000060
16144  -14.742  -54.794  -6.263 0.3000000119
16136  -14.531  -54.663  -5.622 0.3000000119
26606  -16.540  -42.466  -10.016 0.3000000119
22853  -15.832  -45.849  -6.339 0.3000000119
23820  -15.106  -45.455  -7.029 0.3000000119
22863  -14.256  -45.891  -7.213 0.3000000119
23805  -14.906  -46.189  -6.645 0.3000000119
29329  -30.313  -38.712  -16.207 0.3000000119
16138  -15.918  -54.161  -5.995 0.5000000000
16856  -17.064  -53.231  -5.936 0.6000000238
17591  -16.987  -52.927  -5.683 0.6000000238
17613  -17.723  -52.526  -6.998 0.5000000000
20154  -22.353  -48.819  -6.878 0.6000000238
21042  -21.373  -49.224  -7.725 0.6999999881
21120  -22.331  -48.634  -12.254 0.4000000060
21954  -19.595  -47.231  -9.437 0.6000000238
22854  -23.526  -47.175  -5.879 0.6999999881
23821  -26.184  -45.774  -7.635 0.6999999881
23829  -26.724  -45.695  -8.934 0.6999999881
26534  -24.088  -42.699  -5.968 0.8000000119
26617  -28.577  -41.910  -9.897 0.6999999881
27551  -19.685  -41.160  -16.971 0.6999999881
28398  -26.302  -39.620  -16.497 0.5000000000
28399  -27.139  -40.048  -16.223 0.5000000000
28400  -28.091  -40.200  -15.969 0.4000000060
28413  -19.852  -39.964  -16.979 0.6999999881
28427  -19.784  -40.644  -17.121 0.6999999881
28428  -20.324  -40.510  -17.373 0.6999999881
29312  -26.790  -39.257  -16.032 0.5000000000
29314  -28.538  -39.623  -15.698 0.4000000060
30245  -20.927  -38.542  -15.690 0.8000000119
31066  -22.453  -37.289  -7.086 0.3000000119
32067  -29.804  -36.935  -13.807 0.6999999881
32844  -23.249  -35.875  -7.143 0.3000000119
32944  -25.733  -35.743  -14.956 0.8000000119
32975  -23.902  -34.479  -18.610 0.8000000119
32985  -27.643  -35.158  -19.450 0.8000000119
32989  -30.970  -35.758  -20.179 0.6000000238
33734  -28.832  -34.542  -9.646 0.4000000060
33801  -23.268  -34.648  -16.382 0.8000000119
34681  -28.433  -33.487  -10.218 0.3000000119
50441  -34.988  -19.161  -19.300 0.3000000119
121106  -24.003  -35.772  -17.763 0.8999999762
122763  -29.009  -40.358  -8.070 0.6999999881
123955  -26.377  -41.080  -12.013 0.8000000119
124400  -28.682  -38.519  -15.930 0.5000000000
125380  -22.354  -46.701  -10.063 0.6999999881
126228  -30.378  -35.006  -15.920 0.8000000119
127125  -19.933  -41.781  -17.083 0.6999999881
127741  -29.961  -25.638  -15.423 0.3000000119
129270  -17.302  -44.113  -6.499 0.6000000238
129976  -23.274  -40.794  -18.086 0.6000000238
132088  -35.541  -24.394  -21.785 0.3000000119
132712  -35.502  -19.889  -20.196 0.3000000119
