#!ascii label  , from subject sub-v1s20x0050376_ses-1 vox2ras=TkReg
863
117526  -12.569  -7.865  -41.296 0.5555555820
54098  -13.039  -7.334  -41.721 0.6666666865
54107  -13.744  -6.972  -42.452 0.7777777910
54108  -14.409  -7.236  -42.712 0.7777777910
55056  -14.428  -5.601  -43.317 0.8888888955
55954  -16.248  -5.733  -43.781 0.8888888955
106351  -11.972  -7.907  -40.893 0.5555555820
54097  -12.227  -7.259  -41.264 0.5555555820
55036  -12.429  -6.492  -41.632 0.6666666865
55044  -13.127  -6.403  -42.153 0.8888888955
54118  -15.077  -6.765  -43.223 0.8888888955
55953  -15.449  -5.487  -43.733 0.8888888955
55962  -16.224  -5.018  -44.025 1.0000000000
56784  -16.806  -5.258  -43.879 0.8888888955
110225  -16.743  -4.689  -44.057 1.0000000000
55929  -11.789  -5.635  -41.545 0.7777777910
56769  -13.054  -4.765  -42.752 1.0000000000
56781  -12.987  -4.014  -43.029 1.0000000000
56782  -13.864  -4.544  -43.368 1.0000000000
56791  -14.896  -4.063  -43.994 1.0000000000
57587  -15.553  -3.679  -44.356 1.0000000000
57586  -14.786  -3.288  -44.292 1.0000000000
57588  -16.788  -3.384  -44.471 1.0000000000
58374  -15.448  -2.762  -44.757 1.0000000000
106003  -16.166  -3.208  -44.683 1.0000000000
58376  -17.214  -2.743  -44.633 1.0000000000
58386  -16.860  -2.100  -45.200 1.0000000000
59196  -17.413  -2.022  -44.881 0.7777777910
57577  -12.847  -3.178  -43.333 0.8888888955
101780  -13.483  -3.736  -43.455 1.0000000000
57585  -14.072  -2.908  -44.073 1.0000000000
58373  -14.627  -2.489  -44.559 1.0000000000
58384  -15.684  -2.010  -45.211 1.0000000000
58385  -16.296  -2.039  -45.312 1.0000000000
59206  -16.474  -1.453  -45.595 1.0000000000
59207  -17.040  -1.443  -45.410 1.0000000000
60089  -17.616  -1.288  -44.950 0.7777777910
109222  -18.255  -1.012  -44.454 0.7777777910
58361  -12.578  -2.227  -43.539 0.5555555820
60088  -13.615  -0.647  -45.043 0.7777777910
59194  -13.768  -1.418  -44.686 0.8888888955
59195  -14.466  -1.718  -44.868 1.0000000000
58383  -15.090  -2.043  -44.955 1.0000000000
59204  -14.269  -0.940  -45.302 0.8888888955
105036  -15.064  -1.306  -45.485 1.0000000000
59205  -15.856  -1.387  -45.653 1.0000000000
60099  -16.624  -0.805  -45.800 1.0000000000
60100  -17.253  -0.629  -45.469 0.8888888955
60108  -16.760  -0.232  -45.987 1.0000000000
61056  -18.387  0.579  -44.503 0.7777777910
61057  -18.972  0.195  -44.020 0.6666666865
60086  -12.359  -0.031  -44.490 0.4444444478
60087  -12.980  -0.371  -44.790 0.7777777910
109739  -12.861  0.307  -45.060 0.6666666865
61071  -14.114  0.465  -46.002 0.7777777910
105306  -14.671  -0.264  -45.883 0.8888888955
60105  -15.077  0.050  -46.262 0.8888888955
59211  -16.055  -0.780  -45.986 1.0000000000
61082  -15.160  0.621  -46.474 1.0000000000
61083  -15.855  0.528  -46.532 1.0000000000
61084  -16.566  0.403  -46.304 1.0000000000
62019  -17.106  1.088  -46.051 0.7777777910
62020  -17.716  0.910  -45.172 0.7777777910
61043  -19.604  0.631  -43.686 0.5555555820
115165  -18.462  1.554  -44.411 0.7777777910
62018  -13.239  1.768  -46.092 0.6666666865
61069  -13.089  0.946  -45.532 0.6666666865
61070  -13.655  1.049  -46.045 0.7777777910
117655  -13.765  1.531  -46.298 0.7777777910
61080  -14.151  1.282  -46.375 0.8888888955
62033  -14.692  1.322  -46.520 0.8888888955
62034  -15.328  1.320  -46.639 1.0000000000
103533  -16.933  1.861  -46.268 0.8888888955
62005  -17.589  1.968  -45.410 0.8888888955
62929  -16.344  2.324  -46.633 0.8888888955
62913  -17.109  2.661  -46.114 0.7777777910
62893  -18.976  2.433  -43.859 0.6666666865
62017  -12.422  2.188  -45.647 0.6666666865
62004  -12.670  1.434  -45.483 0.5555555820
109370  -12.866  2.549  -46.158 0.7777777910
62032  -13.857  1.938  -46.423 0.8888888955
108336  -14.320  1.933  -46.518 0.8888888955
62926  -14.388  2.408  -46.579 1.0000000000
62927  -14.805  2.050  -46.654 1.0000000000
62928  -15.523  2.071  -46.771 1.0000000000
62035  -16.244  1.333  -46.609 0.8888888955
62904  -17.621  3.082  -45.259 0.7777777910
62905  -18.189  2.611  -44.511 0.6666666865
62892  -18.613  3.165  -43.959 0.5555555820
62912  -12.324  3.059  -46.006 0.6666666865
62031  -13.437  2.528  -46.403 0.8888888955
63768  -14.177  2.896  -46.626 1.0000000000
62933  -14.651  2.705  -46.672 1.0000000000
63779  -15.394  3.547  -46.947 0.8888888955
62935  -15.647  2.906  -46.837 0.8888888955
63769  -15.982  3.681  -46.831 0.8888888955
63742  -17.571  4.135  -45.120 0.7777777910
64561  -16.956  5.006  -46.058 0.7777777910
64552  -18.095  4.430  -44.218 0.5555555820
63727  -18.634  3.920  -43.769 0.5555555820
111034  -17.787  5.002  -44.731 0.6666666865
64549  -10.509  4.922  -45.447 0.4444444478
63752  -11.768  3.796  -45.789 0.5555555820
64572  -11.934  4.585  -46.250 0.7777777910
63776  -13.944  3.490  -46.712 1.0000000000
63766  -12.644  3.864  -46.375 0.8888888955
115739  -14.335  3.806  -46.919 1.0000000000
64582  -14.931  3.865  -47.142 0.8888888955
64583  -15.588  4.229  -47.040 0.8888888955
64575  -16.392  4.526  -46.561 0.8888888955
110357  -17.380  4.959  -45.476 0.6666666865
114485  -18.181  5.142  -44.099 0.5555555820
117279  -10.336  6.048  -45.763 0.6666666865
65341  -10.564  5.668  -45.554 0.6666666865
65369  -13.047  5.222  -46.929 0.7777777910
65370  -13.759  4.859  -47.302 0.8888888955
65371  -14.526  5.415  -47.563 0.7777777910
65372  -15.219  4.958  -47.387 0.8888888955
66184  -15.271  6.113  -47.602 0.7777777910
65373  -15.917  5.035  -46.922 0.8888888955
111454  -15.997  5.958  -47.114 0.7777777910
65358  -16.596  5.544  -46.431 0.6666666865
102013  -16.487  6.928  -47.171 0.6666666865
66158  -17.035  6.237  -46.000 0.6666666865
65343  -17.167  5.585  -45.761 0.5555555820
67005  -17.479  7.461  -45.486 0.6666666865
66159  -17.407  6.694  -45.483 0.5555555820
66147  -17.671  6.266  -44.843 0.5555555820
65330  -17.970  5.701  -44.420 0.4444444478
66994  -17.770  7.024  -44.749 0.5555555820
98814  -10.746  7.113  -46.201 0.3333333433
98812  -10.113  7.019  -46.043 0.3333333433
67009  -11.059  6.702  -46.237 0.5555555820
66180  -12.119  6.289  -46.573 0.6666666865
67022  -12.655  7.139  -47.191 0.5555555820
66181  -12.885  6.176  -47.102 0.7777777910
66183  -14.680  6.366  -47.753 0.7777777910
66187  -14.329  7.086  -48.072 0.6666666865
67023  -15.287  7.108  -48.098 0.6666666865
104618  -15.883  6.759  -47.644 0.6666666865
67024  -16.099  7.626  -47.831 0.6666666865
114905  -16.800  7.836  -46.918 0.6666666865
67010  -17.269  7.807  -46.149 0.6666666865
67905  -17.729  7.887  -44.619 0.5555555820
68814  -11.982  7.837  -46.951 0.4444444478
68794  -10.980  7.979  -45.667 0.4444444478
98813  -11.496  7.340  -46.437 0.4444444478
67927  -12.397  8.728  -47.841 0.5555555820
116923  -12.333  7.835  -47.328 0.5555555820
67032  -13.848  7.942  -48.371 0.6666666865
66186  -13.437  7.121  -47.714 0.6666666865
67033  -14.791  7.883  -48.486 0.6666666865
67929  -16.342  8.374  -47.472 0.6666666865
68798  -17.133  9.199  -45.840 0.6666666865
68787  -17.702  8.956  -44.605 0.5555555820
106400  -12.372  9.143  -47.850 0.4444444478
119774  -14.709  9.345  -48.443 0.6666666865
67939  -14.362  8.691  -48.520 0.6666666865
67940  -15.147  8.671  -48.438 0.6666666865
67034  -15.521  7.967  -48.374 0.6666666865
67920  -16.701  8.770  -46.790 0.6666666865
55045  -13.762  -6.105  -42.743 0.8888888955
55939  -13.078  -5.553  -42.472 1.0000000000
55951  -13.657  -5.327  -42.927 1.0000000000
55952  -14.793  -4.775  -43.700 1.0000000000
61055  -12.483  0.802  -45.012 0.5555555820
64559  -10.667  5.220  -45.496 0.5555555820
62925  -12.868  3.169  -46.322 0.7777777910
63777  -14.515  3.278  -46.773 1.0000000000
64576  -16.596  3.857  -46.384 0.8888888955
65344  -17.555  5.606  -45.102 0.6666666865
67938  -13.513  8.916  -48.441 0.6666666865
67944  -14.075  9.505  -48.553 0.6666666865
67906  -18.179  8.260  -43.846 0.5555555820
66995  -18.247  7.396  -44.107 0.5555555820
67919  -11.591  7.704  -46.078 0.2222222239
68815  -12.211  8.470  -47.511 0.3333333433
53021  -12.888  -8.711  -41.037 0.5555555820
53035  -13.501  -8.512  -41.555 0.5555555820
53034  -13.043  -8.128  -41.453 0.6666666865
53047  -13.729  -7.812  -42.056 0.5555555820
53048  -14.519  -7.930  -42.403 0.5555555820
55059  -16.343  -6.339  -43.519 0.7777777910
117134  -16.856  -6.348  -43.336 0.8888888955
53020  -11.691  -8.575  -40.496 0.5555555820
54119  -15.834  -6.934  -43.333 0.8888888955
55955  -16.841  -5.838  -43.604 0.7777777910
55956  -17.441  -5.275  -43.526 0.7777777910
57580  -17.493  -4.124  -43.827 0.8888888955
54083  -11.322  -7.915  -40.258 0.4444444478
55025  -11.129  -6.305  -40.583 0.5555555820
56793  -16.983  -4.114  -44.119 1.0000000000
55928  -11.160  -5.010  -41.184 0.2222222239
112354  -11.651  -4.829  -41.721 0.6666666865
57590  -17.707  -3.043  -44.223 0.8888888955
58377  -17.867  -2.488  -44.379 0.6666666865
59197  -18.074  -1.786  -44.454 0.7777777910
101637  -18.747  -1.417  -43.950 0.6666666865
56767  -11.681  -4.084  -42.073 0.5555555820
59198  -18.861  -0.603  -43.975 0.6666666865
58346  -12.101  -2.783  -42.822 0.4444444478
60075  -19.512  -0.214  -43.580 0.5555555820
60057  -11.740  -0.846  -43.488 0.2222222239
61993  -19.516  1.546  -43.726 0.5555555820
61054  -11.973  0.723  -44.500 0.4444444478
61989  -11.766  1.574  -44.489 0.3333333433
62894  -19.850  2.496  -43.393 0.5555555820
63751  -11.122  4.363  -45.430 0.4444444478
63728  -19.324  3.385  -43.463 0.4444444478
63740  -11.101  3.918  -44.996 0.3333333433
107367  -19.210  4.231  -43.346 0.5555555820
65331  -18.580  5.683  -43.861 0.4444444478
99281  -8.699  8.520  -44.720 0.3333333433
98808  -8.002  8.052  -45.011 0.3333333433
99205  -9.261  6.383  -45.839 0.4444444478
66148  -18.283  6.481  -44.171 0.4444444478
69588  -12.241  8.586  -47.539 0.3333333433
68828  -12.912  10.089  -48.390 0.6666666865
68817  -15.235  9.732  -48.063 0.6666666865
67928  -15.794  8.550  -48.078 0.6666666865
68818  -16.079  9.186  -47.439 0.6666666865
68808  -16.452  9.656  -46.657 0.6666666865
106547  -17.427  10.032  -45.086 0.6666666865
68775  -18.282  9.177  -43.629 0.3333333433
68837  -14.044  10.131  -48.571 0.5555555820
55057  -14.429  -6.514  -43.002 0.8888888955
113814  -15.020  -6.184  -43.433 0.8888888955
53033  -12.422  -8.365  -40.977 0.5555555820
54084  -11.529  -7.164  -40.718 0.5555555820
55035  -11.679  -6.468  -41.178 0.6666666865
108550  -12.485  -5.707  -41.972 0.8888888955
55058  -15.671  -6.265  -43.556 0.8888888955
56783  -15.571  -4.551  -44.034 1.0000000000
56785  -17.185  -4.725  -43.881 1.0000000000
55034  -11.235  -5.753  -41.038 0.5555555820
117032  -12.052  -5.248  -41.873 0.8888888955
55938  -12.297  -4.922  -42.242 0.8888888955
56768  -12.431  -4.260  -42.544 0.8888888955
120436  -14.440  -4.277  -43.706 1.0000000000
57579  -14.169  -3.711  -43.777 1.0000000000
56792  -16.326  -4.103  -44.239 1.0000000000
57578  -13.581  -3.221  -43.694 1.0000000000
57589  -17.329  -3.493  -44.195 0.8888888955
106263  -16.073  -2.559  -45.048 1.0000000000
58375  -16.593  -2.655  -44.900 1.0000000000
58362  -13.368  -2.596  -43.847 1.0000000000
57562  -12.250  -3.568  -42.633 0.6666666865
58372  -13.910  -2.174  -44.360 1.0000000000
116931  -17.821  -0.636  -44.862 0.7777777910
58360  -11.935  -2.140  -43.070 0.5555555820
59181  -12.714  -1.519  -43.966 0.6666666865
58371  -13.240  -1.859  -44.137 0.7777777910
59193  -13.123  -1.134  -44.473 0.7777777910
60096  -13.496  0.233  -45.449 0.6666666865
60097  -14.056  -0.207  -45.549 0.8888888955
60098  -15.408  -0.620  -45.957 1.0000000000
60107  -16.253  -0.192  -46.226 1.0000000000
61072  -17.201  0.223  -45.771 0.8888888955
60101  -17.764  0.038  -45.023 0.7777777910
60090  -18.345  -0.231  -44.455 0.7777777910
62006  -19.046  0.910  -44.088 0.6666666865
110478  -11.866  -0.058  -43.989 0.3333333433
60073  -12.110  -0.652  -43.908 0.3333333433
60074  -12.547  -0.874  -44.193 0.4444444478
61081  -14.628  0.597  -46.316 0.8888888955
60106  -15.628  -0.076  -46.295 1.0000000000
62003  -12.136  1.465  -45.041 0.4444444478
102872  -13.983  2.481  -46.537 0.8888888955
62934  -15.080  2.562  -46.763 1.0000000000
63754  -17.135  3.553  -45.955 0.7777777910
63743  -18.082  3.552  -44.425 0.6666666865
63765  -11.978  4.169  -46.126 0.6666666865
63767  -13.506  3.182  -46.532 0.8888888955
63778  -15.025  3.124  -46.859 1.0000000000
63770  -16.491  3.165  -46.535 0.8888888955
64562  -17.040  4.351  -45.945 0.8888888955
64560  -11.336  4.785  -45.819 0.5555555820
64574  -13.291  3.887  -46.596 1.0000000000
64573  -12.658  4.284  -46.484 0.7777777910
64581  -14.424  4.466  -47.297 0.8888888955
64580  -13.815  4.121  -46.896 0.7777777910
64537  -18.776  4.851  -43.625 0.5555555820
66154  -9.380  6.209  -45.804 0.5555555820
105997  -10.059  5.964  -46.214 0.5555555820
66998  -9.395  6.348  -45.823 0.4444444478
65355  -11.078  5.667  -45.850 0.6666666865
65368  -12.212  5.486  -46.559 0.6666666865
65357  -12.383  4.771  -46.540 0.7777777910
65324  -10.134  5.936  -45.846 0.6666666865
66182  -13.819  6.023  -47.516 0.7777777910
64579  -13.156  4.472  -46.735 0.7777777910
66167  -16.637  6.365  -46.606 0.6666666865
67004  -17.069  7.053  -46.304 0.6666666865
117413  -17.361  6.085  -45.437 0.5555555820
120484  -9.434  6.895  -45.892 0.4444444478
67021  -11.944  7.066  -46.630 0.5555555820
67921  -17.138  8.375  -46.275 0.6666666865
67915  -17.452  8.282  -45.511 0.6666666865
68829  -12.897  9.352  -48.305 0.6666666865
62911  -11.908  2.873  -45.421 0.4444444478
65323  -9.765  5.689  -45.608 0.3333333433
109282  -11.898  2.117  -45.091 0.4444444478
67891  -18.784  7.700  -43.623 0.3333333433
54070  -11.047  -7.967  -39.441 0.3333333433
59180  -12.128  -1.438  -43.580 0.3333333433
59165  -11.692  -1.730  -43.019 0.1111111119
62903  -11.665  2.553  -44.771 0.3333333433
63741  -11.455  3.424  -45.104 0.3333333433
99515  -7.759  6.686  -44.830 0.3333333433
69575  -17.942  9.891  -44.211 0.4444444478
53023  -16.697  -8.729  -40.690 0.4444444478
52070  -17.836  -9.241  -39.222 0.2222222239
52078  -13.470  -9.182  -41.000 0.4444444478
52079  -14.324  -9.529  -40.854 0.4444444478
52088  -14.094  -8.929  -41.561 0.4444444478
53022  -15.829  -8.942  -41.009 0.4444444478
53039  -17.129  -8.200  -41.235 0.4444444478
53025  -18.234  -8.064  -40.206 0.2222222239
53049  -15.349  -8.116  -42.402 0.4444444478
53050  -16.034  -8.223  -42.162 0.4444444478
54071  -18.866  -7.645  -39.934 0.1111111119
54099  -16.720  -7.950  -42.032 0.4444444478
54100  -17.474  -7.607  -41.740 0.3333333433
54110  -16.136  -7.619  -42.767 0.4444444478
54101  -18.178  -7.226  -41.385 0.3333333433
54087  -19.097  -7.146  -40.367 0.2222222239
54111  -17.031  -7.336  -42.558 0.4444444478
54109  -15.193  -7.427  -42.876 0.5555555820
55038  -18.471  -6.565  -41.814 0.2222222239
55039  -19.176  -6.185  -41.423 0.1111111119
55919  -20.147  -5.210  -41.047 0.1111111119
55048  -17.958  -6.268  -42.545 0.3333333433
55930  -18.716  -5.861  -42.217 0.3333333433
55940  -17.377  -5.987  -43.153 0.4444444478
56770  -18.217  -4.851  -43.245 0.6666666865
56757  -19.380  -4.627  -42.249 0.4444444478
56787  -18.154  -4.176  -43.508 0.6666666865
57564  -19.925  -3.122  -42.451 0.3333333433
57581  -17.918  -3.547  -43.839 0.6666666865
57563  -19.349  -3.364  -42.907 0.5555555820
58364  -19.020  -2.758  -43.424 0.5555555820
58347  -19.707  -2.559  -42.836 0.5555555820
59183  -19.373  -1.799  -43.336 0.3333333433
58363  -18.295  -2.945  -43.910 0.5555555820
104090  -19.322  -0.969  -43.561 0.4444444478
114404  -15.756  10.137  -47.309 0.5555555820
69580  -16.778  10.290  -45.982 0.5555555820
120177  -17.190  10.581  -45.497 0.5555555820
52080  -15.289  -9.472  -40.560 0.4444444478
53010  -17.976  -8.693  -39.774 0.2222222239
54086  -18.517  -7.452  -40.615 0.2222222239
55026  -18.829  -6.828  -40.992 0.2222222239
105248  -19.576  -6.540  -40.560 0.1111111119
55931  -18.855  -5.104  -42.619 0.4444444478
55932  -19.427  -5.344  -41.749 0.3333333433
55941  -18.086  -5.547  -42.894 0.4444444478
56771  -18.968  -4.261  -42.951 0.4444444478
59166  -20.204  -1.784  -42.688 0.3333333433
59184  -20.037  -0.826  -43.070 0.4444444478
105615  -20.175  1.066  -43.333 0.4444444478
117209  -15.489  10.905  -47.147 0.5555555820
56758  -19.911  -4.576  -41.618 0.2222222239
51095  -14.294  -10.672  -39.774 0.4444444478
51105  -14.778  -10.038  -40.148 0.4444444478
52068  -15.628  -9.822  -39.754 0.4444444478
105433  -17.215  -9.565  -39.125 0.2222222239
52056  -17.723  -9.802  -38.680 0.2222222239
52057  -18.466  -9.361  -38.646 0.1111111119
52077  -12.716  -9.400  -40.621 0.4444444478
51104  -13.966  -10.130  -40.397 0.4444444478
53011  -18.602  -8.284  -39.553 0.1111111119
53012  -19.241  -7.883  -39.276 0.1111111119
54063  -19.847  -7.527  -39.076 0.1111111119
102393  -20.717  -6.380  -39.702 0.1111111119
56759  -20.434  -3.955  -41.499 0.2222222239
56772  -19.747  -3.874  -42.224 0.2222222239
103896  -20.779  -1.097  -42.425 0.2222222239
61044  -20.111  0.212  -43.203 0.4444444478
61976  -20.738  1.489  -42.761 0.3333333433
114431  -20.217  1.816  -43.269 0.3333333433
65340  -9.910  5.915  -45.771 0.4444444478
66133  -19.068  6.315  -43.650 0.3333333433
69613  -12.919  10.465  -48.401 0.4444444478
118689  -17.780  10.515  -44.553 0.5555555820
69615  -14.706  10.779  -48.258 0.5555555820
69601  -15.117  10.909  -47.956 0.5555555820
69593  -16.152  10.411  -46.699 0.5555555820
69573  -16.918  11.173  -45.786 0.5555555820
69592  -14.914  11.225  -47.782 0.5555555820
55046  -16.586  -6.891  -43.174 0.5555555820
56786  -17.673  -4.654  -43.613 0.6666666865
59182  -18.566  -2.234  -43.932 0.5555555820
66980  -18.836  7.011  -43.740 0.3333333433
104963  -14.025  -8.359  -41.967 0.4444444478
55047  -17.257  -6.639  -42.865 0.3333333433
53009  -17.146  -9.091  -39.833 0.4444444478
52081  -16.186  -9.289  -40.197 0.4444444478
52071  -18.360  -8.842  -39.227 0.1111111119
51103  -13.302  -9.841  -40.512 0.4444444478
120545  -13.763  -9.685  -40.717 0.4444444478
53036  -14.697  -8.590  -42.021 0.4444444478
52089  -14.949  -9.082  -41.361 0.4444444478
53037  -15.536  -8.656  -41.819 0.4444444478
53038  -16.338  -8.477  -41.505 0.4444444478
53024  -17.531  -8.454  -40.454 0.4444444478
54085  -17.858  -7.839  -40.934 0.4444444478
54072  -19.590  -7.199  -39.779 0.1111111119
55037  -17.748  -6.952  -42.181 0.3333333433
55040  -19.744  -5.837  -41.032 0.1111111119
55027  -20.391  -5.965  -40.436 0.1111111119
57551  -20.374  -3.239  -41.911 0.1111111119
57582  -18.629  -3.523  -43.447 0.5555555820
52069  -16.492  -9.660  -39.393 0.4444444478
98824  -15.293  11.603  -46.867 0.5555555820
51096  -15.167  -10.484  -39.448 0.4444444478
52067  -12.021  -9.786  -40.216 0.4444444478
46226  -16.458  -15.311  -35.334 0.1111111119
116998  -13.226  -13.317  -37.710 0.3333333433
47166  -15.481  -14.257  -36.234 0.2222222239
46247  -15.895  -14.714  -35.659 0.2222222239
47167  -16.317  -14.045  -36.067 0.1111111119
50034  -11.792  -12.095  -38.279 0.3333333433
48945  -12.073  -12.819  -38.042 0.3333333433
116993  -12.297  -13.202  -37.847 0.3333333433
48947  -13.620  -12.797  -38.014 0.3333333433
112842  -14.292  -12.820  -37.639 0.3333333433
98635  -15.034  -13.688  -36.661 0.2222222239
98640  -15.436  -13.035  -36.978 0.2222222239
98639  -15.891  -13.568  -36.532 0.2222222239
50042  -11.148  -10.944  -38.182 0.2222222239
50043  -11.641  -11.330  -38.658 0.2222222239
113263  -11.375  -11.579  -38.057 0.2222222239
48952  -12.470  -12.349  -38.471 0.3333333433
48946  -12.749  -12.983  -38.096 0.3333333433
98646  -16.261  -12.913  -36.840 0.1111111119
51091  -11.222  -9.884  -39.239 0.2222222239
51078  -11.435  -10.597  -38.936 0.3333333433
51092  -11.639  -10.218  -39.655 0.3333333433
51079  -11.916  -10.975  -39.328 0.3333333433
51093  -12.286  -10.491  -39.855 0.3333333433
50054  -12.724  -11.182  -39.424 0.3333333433
50044  -12.227  -11.664  -38.890 0.3333333433
50046  -14.089  -11.770  -38.692 0.3333333433
50055  -13.725  -11.268  -39.345 0.3333333433
103947  -14.792  -11.666  -38.361 0.3333333433
50047  -15.476  -11.328  -38.363 0.3333333433
98652  -16.272  -11.601  -37.759 0.3333333433
101720  -16.681  -12.269  -37.128 0.1111111119
52065  -11.084  -9.267  -39.420 0.2222222239
52066  -11.463  -9.384  -39.989 0.3333333433
51102  -12.645  -10.047  -40.285 0.3333333433
51080  -14.742  -11.177  -39.006 0.3333333433
52997  -10.952  -8.719  -39.013 0.3333333433
52076  -12.151  -9.014  -40.589 0.3333333433
51094  -13.269  -10.563  -39.981 0.3333333433
51081  -15.520  -10.813  -38.850 0.3333333433
51082  -15.978  -10.267  -39.058 0.3333333433
60061  -20.723  -0.115  -42.592 0.2222222239
61033  -20.547  0.680  -42.876 0.2222222239
63729  -20.139  3.390  -42.940 0.3333333433
62876  -20.633  2.524  -42.796 0.2222222239
98632  -13.861  -13.297  -37.445 0.3333333433
98645  -16.708  -13.410  -36.446 0.1111111119
51077  -10.967  -10.176  -38.424 0.3333333433
48954  -13.667  -12.243  -38.424 0.3333333433
50035  -14.384  -12.234  -38.048 0.3333333433
98641  -14.973  -12.586  -37.503 0.3333333433
50036  -15.276  -11.925  -37.856 0.3333333433
50048  -16.219  -10.837  -38.426 0.3333333433
46225  -15.506  -15.566  -35.515 0.1111111119
98624  -11.833  -13.401  -37.509 0.3333333433
119852  -12.704  -13.927  -37.224 0.3333333433
47164  -13.639  -14.462  -36.667 0.3333333433
47165  -14.584  -14.386  -36.427 0.3333333433
46202  -17.103  -15.937  -34.993 0.1111111119
46248  -16.757  -14.460  -35.516 0.1111111119
104323  -11.320  -12.046  -37.750 0.3333333433
47168  -17.124  -13.773  -35.901 0.1111111119
116443  -16.952  -12.813  -36.723 0.1111111119
101365  -17.251  -11.686  -37.385 0.1111111119
52054  -10.935  -9.430  -38.676 0.2222222239
50049  -17.167  -10.956  -37.983 0.1111111119
52055  -16.897  -10.157  -38.652 0.1111111119
107084  -10.910  -8.054  -38.487 0.1111111119
100067  -11.059  -7.004  -39.924 0.2222222239
53008  -11.176  -8.682  -39.848 0.3333333433
46246  -14.996  -14.941  -35.903 0.1111111119
98628  -12.626  -13.533  -37.583 0.3333333433
98627  -13.258  -13.828  -37.193 0.3333333433
98631  -14.160  -13.781  -36.873 0.3333333433
48944  -11.517  -12.653  -37.694 0.2222222239
98636  -14.621  -13.185  -37.159 0.3333333433
48953  -13.105  -12.485  -38.423 0.3333333433
98647  -15.831  -12.394  -37.358 0.2222222239
50045  -13.128  -11.889  -38.860 0.3333333433
98651  -17.476  -12.316  -36.846 0.1111111119
111162  -10.782  -8.773  -38.109 0.2222222239
46224  -14.502  -15.729  -35.728 0.1111111119
98623  -12.308  -13.899  -37.275 0.3333333433
98618  -11.176  -13.771  -37.062 0.2222222239
47163  -12.603  -14.482  -36.926 0.3333333433
98620  -10.970  -12.385  -37.328 0.2222222239
61034  -21.047  0.755  -42.396 0.1111111119
60062  -21.365  0.127  -42.008 0.1111111119
101731  -21.600  0.961  -41.746 0.1111111119
61977  -21.312  1.455  -42.164 0.1111111119
61957  -21.956  1.886  -41.571 0.1111111119
62863  -21.902  2.814  -41.743 0.1111111119
65311  -19.676  4.905  -43.153 0.2222222239
103408  -21.315  2.919  -42.302 0.1111111119
65310  -19.372  5.616  -43.467 0.1111111119
66981  -19.636  6.915  -43.546 0.1111111119
107986  -20.250  5.658  -43.297 0.1111111119
66134  -19.905  6.236  -43.487 0.1111111119
68830  -14.489  10.122  -48.396 0.4444444478
117468  -19.212  7.337  -43.578 0.1111111119
70351  -14.191  11.352  -48.346 0.4444444478
69600  -14.489  11.216  -48.310 0.4444444478
110211  -19.652  7.785  -43.488 0.1111111119
70344  -16.146  11.047  -46.468 0.4444444478
99245  -18.172  10.571  -44.089 0.3333333433
68776  -19.181  9.430  -43.387 0.1111111119
106480  -18.938  8.505  -43.445 0.1111111119
67892  -19.883  8.759  -43.371 0.1111111119
99220  -16.198  11.794  -46.348 0.4444444478
98821  -15.541  12.235  -46.691 0.4444444478
99002  -16.223  12.521  -46.412 0.4444444478
112979  -16.958  12.047  -45.862 0.4444444478
98817  -17.508  11.603  -45.220 0.4444444478
102815  -17.997  11.949  -44.816 0.4444444478
99119  -17.982  11.237  -44.465 0.2222222239
100022  -18.764  11.069  -43.842 0.2222222239
69567  -19.476  10.387  -43.558 0.2222222239
72590  -21.321  14.480  -45.205 0.1111111119
71833  -20.604  13.205  -44.397 0.1111111119
69568  -20.501  10.657  -43.706 0.1111111119
99332  -14.929  11.552  -47.031 0.4444444478
98827  -14.796  12.285  -46.923 0.3333333433
71845  -16.125  13.382  -46.652 0.4444444478
99015  -17.022  12.829  -45.933 0.4444444478
112991  -17.591  12.360  -45.316 0.4444444478
113853  -16.763  14.155  -46.492 0.3333333433
98825  -18.239  12.600  -44.836 0.3333333433
100679  -18.949  12.766  -44.450 0.1111111119
112266  -19.279  12.296  -44.077 0.1111111119
99118  -19.223  11.758  -43.870 0.2222222239
71082  -19.845  12.065  -43.867 0.1111111119
71085  -20.524  12.414  -44.112 0.1111111119
99438  -15.312  12.864  -46.890 0.3333333433
98828  -15.435  13.233  -46.901 0.3333333433
71838  -17.264  13.597  -46.000 0.3333333433
101463  -17.763  13.110  -45.364 0.4444444478
71839  -17.973  13.784  -45.496 0.2222222239
71831  -18.563  13.456  -44.922 0.2222222239
104419  -19.313  13.404  -44.528 0.1111111119
72587  -18.519  14.345  -45.314 0.1111111119
72581  -19.262  14.142  -44.767 0.1111111119
72588  -19.193  15.039  -45.256 0.1111111119
72582  -20.016  14.598  -44.825 0.1111111119
71832  -19.993  13.766  -44.444 0.1111111119
99632  -14.373  12.975  -47.035 0.3333333433
71843  -13.714  13.935  -47.167 0.3333333433
72595  -14.363  14.607  -47.521 0.3333333433
72596  -15.729  14.508  -47.095 0.3333333433
72597  -16.880  14.958  -46.735 0.2222222239
72586  -17.682  14.432  -46.059 0.2222222239
73285  -18.357  15.117  -45.866 0.1111111119
110194  -21.594  15.120  -45.509 0.1111111119
72580  -12.390  14.761  -44.615 0.1111111119
72585  -12.727  15.118  -46.770 0.1111111119
72601  -13.344  15.295  -47.232 0.2222222239
73300  -14.044  15.678  -47.124 0.2222222239
73301  -14.707  16.001  -47.192 0.2222222239
73293  -14.982  15.401  -47.431 0.3333333433
73294  -15.447  16.373  -47.303 0.2222222239
73295  -17.099  15.918  -46.908 0.1111111119
73994  -17.282  16.969  -46.908 0.1111111119
73296  -18.084  16.027  -46.430 0.1111111119
73286  -19.494  15.824  -45.752 0.1111111119
73287  -20.321  15.897  -45.620 0.1111111119
72589  -20.753  15.052  -45.205 0.1111111119
71840  -21.560  13.674  -45.200 0.1111111119
73283  -13.073  15.459  -45.834 0.1111111119
73280  -13.877  15.939  -44.973 0.1111111119
107954  -14.603  16.619  -45.407 0.1111111119
74642  -15.543  18.057  -46.476 0.1111111119
74641  -15.142  17.626  -46.773 0.1111111119
73302  -15.098  16.875  -47.198 0.2222222239
74649  -15.494  18.033  -47.012 0.1111111119
73993  -15.569  17.373  -47.248 0.1111111119
74651  -18.275  17.806  -46.058 0.1111111119
73995  -18.117  17.084  -46.366 0.1111111119
73996  -18.836  17.207  -46.047 0.1111111119
73297  -18.844  16.407  -46.085 0.1111111119
73979  -14.640  16.581  -44.384 0.1111111119
73277  -14.980  16.527  -43.352 0.1111111119
73980  -15.194  17.201  -43.999 0.1111111119
74635  -15.717  17.922  -45.643 0.1111111119
75278  -16.479  18.222  -45.837 0.1111111119
119889  -15.952  18.180  -46.188 0.1111111119
75285  -17.062  18.293  -46.042 0.1111111119
75294  -17.604  18.210  -45.976 0.1111111119
74628  -16.319  17.723  -43.975 0.1111111119
105008  -16.570  17.343  -42.766 0.1111111119
61016  -22.385  1.182  -41.076 0.1111111119
63710  -20.961  3.515  -42.524 0.1111111119
64538  -20.543  4.308  -42.718 0.1111111119
69574  -17.486  10.854  -45.098 0.4444444478
69566  -18.572  10.101  -43.670 0.2222222239
70329  -19.720  11.273  -43.727 0.2222222239
71084  -19.800  12.857  -44.227 0.1111111119
70332  -21.107  11.945  -44.261 0.1111111119
72583  -20.822  14.075  -44.693 0.1111111119
73991  -14.811  16.587  -46.883 0.2222222239
99799  -16.322  16.751  -47.266 0.1111111119
73982  -15.175  17.349  -44.967 0.1111111119
75284  -16.175  18.179  -46.466 0.1111111119
74637  -16.990  17.993  -44.914 0.1111111119
119959  -23.347  1.462  -40.171 0.1111111119
107086  -19.772  4.137  -43.001 0.2222222239
70362  -13.807  11.327  -48.517 0.4444444478
73276  -14.097  15.939  -44.036 0.1111111119
115225  -15.227  16.317  -42.568 0.1111111119
74618  -15.690  17.288  -43.121 0.1111111119
74627  -15.667  17.602  -44.463 0.1111111119
74636  -16.187  17.900  -45.024 0.1111111119
61001  -22.601  0.489  -40.592 0.1111111119
113629  -21.216  -0.597  -42.124 0.1111111119
60050  -21.644  -0.462  -41.574 0.1111111119
61015  -21.889  0.349  -41.327 0.1111111119
60035  -23.525  0.433  -39.699 0.1111111119
61959  -23.416  2.453  -40.345 0.1111111119
62864  -22.656  2.674  -41.032 0.1111111119
106346  -21.431  4.396  -42.241 0.1111111119
63697  -21.714  3.628  -41.941 0.1111111119
64519  -21.218  5.078  -42.652 0.1111111119
65313  -21.192  5.748  -43.149 0.1111111119
66135  -20.731  6.356  -43.415 0.1111111119
70367  -13.462  11.220  -48.556 0.4444444478
117574  -20.219  6.651  -43.482 0.1111111119
66982  -20.534  7.175  -43.475 0.1111111119
68777  -20.160  9.690  -43.457 0.1111111119
67893  -20.626  8.140  -43.432 0.1111111119
70343  -14.428  11.782  -46.949 0.4444444478
105647  -21.044  9.848  -43.650 0.1111111119
70330  -21.154  11.169  -44.066 0.1111111119
99366  -14.616  11.836  -46.387 0.2222222239
99037  -14.568  12.539  -47.005 0.3333333433
98826  -14.210  12.571  -46.442 0.2222222239
99233  -13.932  13.474  -47.155 0.2222222239
117063  -21.459  12.213  -44.696 0.1111111119
71830  -13.705  13.093  -44.677 0.1111111119
71842  -13.318  14.784  -47.423 0.2222222239
107771  -22.071  13.573  -46.100 0.1111111119
71826  -13.650  13.528  -43.376 0.1111111119
73272  -14.432  15.956  -43.505 0.1111111119
73273  -15.139  15.215  -42.284 0.1111111119
72591  -21.866  14.351  -45.709 0.1111111119
73268  -15.433  16.632  -40.041 0.1111111119
103525  -20.303  17.441  -45.467 0.1111111119
111345  -21.082  17.281  -45.275 0.1111111119
73988  -21.535  16.613  -45.372 0.1111111119
73289  -22.007  15.818  -45.613 0.1111111119
73976  -15.594  16.640  -42.057 0.1111111119
74619  -15.936  16.883  -41.704 0.1111111119
75286  -18.017  18.247  -45.706 0.1111111119
75287  -19.828  18.640  -45.192 0.1111111119
62877  -21.296  2.177  -42.247 0.1111111119
61958  -22.739  1.942  -40.829 0.1111111119
109137  -20.787  9.038  -43.397 0.1111111119
98820  -18.600  11.971  -44.265 0.2222222239
71086  -21.121  12.677  -44.468 0.1111111119
71834  -21.186  13.325  -44.664 0.1111111119
69569  -21.262  10.487  -43.914 0.1111111119
105861  -20.496  11.613  -43.871 0.2222222239
71844  -14.960  13.590  -47.134 0.3333333433
72594  -13.418  14.861  -47.489 0.3333333433
115879  -17.667  15.262  -46.423 0.1111111119
105827  -18.809  15.672  -45.881 0.1111111119
73281  -19.976  15.306  -45.312 0.1111111119
73288  -21.152  15.864  -45.557 0.1111111119
71829  -12.708  14.039  -43.913 0.1111111119
114048  -12.945  14.031  -45.344 0.1111111119
72577  -12.713  14.653  -43.560 0.1111111119
72593  -12.947  15.063  -47.191 0.1111111119
73291  -12.896  15.227  -46.752 0.1111111119
72602  -13.960  15.287  -47.491 0.3333333433
73292  -13.927  15.757  -46.784 0.1111111119
110848  -16.086  15.651  -47.211 0.2222222239
73279  -13.481  15.687  -44.611 0.1111111119
73275  -13.776  15.730  -43.957 0.1111111119
73284  -13.827  15.834  -46.008 0.1111111119
73984  -14.705  16.626  -46.333 0.1111111119
73985  -15.125  17.544  -46.008 0.1111111119
73992  -15.181  17.498  -47.062 0.1111111119
75293  -16.815  18.118  -46.323 0.1111111119
74650  -17.344  17.768  -46.424 0.1111111119
73986  -19.697  16.747  -45.851 0.1111111119
75295  -18.618  18.150  -45.540 0.1111111119
114825  -20.083  4.613  -42.919 0.1111111119
74652  -19.334  17.768  -45.664 0.1111111119
115587  -18.479  18.243  -45.491 0.1111111119
102408  -15.520  16.533  -41.244 0.1111111119
65312  -20.475  5.076  -42.952 0.1111111119
70333  -21.644  11.466  -44.674 0.1111111119
71090  -21.560  12.829  -44.923 0.1111111119
71825  -12.979  14.147  -43.050 0.1111111119
73987  -20.687  16.609  -45.541 0.1111111119
74643  -20.154  18.164  -45.296 0.1111111119
57550  -11.219  -3.585  -41.532 0.2222222239
58345  -11.579  -2.506  -42.455 0.2222222239
57561  -11.541  -3.246  -42.227 0.4444444478
70349  -12.968  11.042  -48.358 0.3333333433
69589  -13.131  9.914  -47.592 0.2222222239
69591  -14.575  10.510  -46.978 0.1111111119
98806  -7.379  7.311  -44.039 0.2222222239
65321  -7.835  5.641  -44.637 0.1111111119
56756  -11.157  -4.248  -41.367 0.2222222239
98805  -6.675  6.877  -43.187 0.1111111119
68785  -10.565  8.278  -44.841 0.1111111119
67909  -11.313  7.926  -45.359 0.1111111119
68806  -13.392  8.953  -47.009 0.1111111119
68796  -15.332  9.429  -46.524 0.1111111119
99198  -14.969  10.797  -46.082 0.1111111119
69599  -12.612  9.854  -48.038 0.2222222239
68805  -12.421  8.555  -46.950 0.1111111119
108662  -10.790  -6.094  -40.068 0.2222222239
56755  -10.775  -4.494  -40.866 0.2222222239
61041  -11.709  -0.104  -43.660 0.1111111119
61042  -11.703  0.619  -44.015 0.3333333433
70341  -13.018  11.140  -47.678 0.3333333433
70342  -13.740  11.374  -47.414 0.3333333433
110391  -10.874  -3.846  -41.054 0.2222222239
70336  -13.378  10.833  -47.526 0.1111111119
67910  -12.075  7.603  -45.970 0.1111111119
69590  -13.773  10.197  -47.308 0.1111111119
68795  -14.098  8.532  -46.848 0.1111111119
68807  -14.381  9.349  -46.919 0.1111111119
117549  -12.935  8.064  -46.719 0.1111111119
56746  -20.503  -4.578  -41.087 0.1111111119
46243  -12.257  -15.423  -36.547 0.1111111119
46244  -13.124  -15.238  -36.458 0.1111111119
46223  -13.544  -15.841  -35.995 0.1111111119
47161  -11.036  -14.860  -36.507 0.1111111119
103730  -11.234  -14.352  -36.842 0.1111111119
98619  -11.098  -13.096  -37.255 0.1111111119
103559  -10.646  -12.096  -36.829 0.1111111119
55016  -10.874  -6.389  -39.421 0.1111111119
58332  -11.225  -3.121  -41.439 0.1111111119
57560  -11.274  -3.054  -41.765 0.1111111119
46221  -10.888  -15.540  -36.097 0.1111111119
45146  -12.689  -16.046  -36.224 0.1111111119
46245  -14.067  -15.108  -36.207 0.1111111119
47145  -10.550  -14.647  -35.838 0.1111111119
98617  -10.696  -14.030  -36.501 0.1111111119
99831  -10.776  -13.396  -36.813 0.1111111119
98612  -10.675  -12.753  -36.780 0.1111111119
50033  -10.850  -11.504  -37.402 0.1111111119
51067  -10.654  -10.438  -37.500 0.1111111119
55002  -10.992  -6.796  -38.775 0.1111111119
55906  -10.645  -5.699  -40.021 0.1111111119
119246  -10.709  -4.160  -40.850 0.1111111119
58315  -10.960  -3.453  -41.066 0.1111111119
105963  -11.492  3.059  -44.614 0.2222222239
63739  -9.840  2.604  -43.058 0.2222222239
63720  -7.348  3.964  -43.235 0.1111111119
45145  -11.956  -16.270  -36.342 0.1111111119
64548  -9.372  3.468  -44.357 0.2222222239
64547  -8.392  4.354  -44.491 0.1111111119
55918  -10.804  -5.402  -40.561 0.1111111119
62902  -11.625  2.175  -44.351 0.2222222239
52044  -10.646  -9.549  -37.817 0.1111111119
54058  -10.981  -7.273  -38.971 0.1111111119
104067  -11.784  -14.148  -37.113 0.1111111119
47162  -11.729  -14.821  -36.766 0.1111111119
119450  -10.780  -6.011  -39.434 0.1111111119
46242  -11.521  -15.550  -36.464 0.1111111119
104833  -10.885  -6.293  -39.112 0.1111111119
98611  -10.370  -13.196  -36.246 0.1111111119
98613  -10.205  -12.273  -36.140 0.1111111119
117340  -11.369  -6.075  -37.943 0.1111111119
63707  -9.014  3.075  -42.209 0.1111111119
65296  -7.499  4.971  -41.524 0.1111111119
98809  -7.473  8.245  -43.477 0.1111111119
61988  -11.643  1.233  -44.079 0.1111111119
100604  -7.210  7.047  -43.538 0.1111111119
99005  -8.302  9.040  -43.228 0.1111111119
113246  -9.840  8.574  -44.575 0.1111111119
61025  -8.019  2.282  -42.773 0.1111111119
61942  -7.941  2.582  -42.660 0.1111111119
61952  -7.560  2.256  -42.054 0.1111111119
61968  -7.753  2.918  -43.143 0.1111111119
61969  -7.849  2.417  -42.705 0.1111111119
61970  -8.049  2.362  -42.887 0.1111111119
61987  -8.034  2.599  -43.164 0.1111111119
62848  -7.621  3.012  -41.993 0.1111111119
62849  -7.592  2.839  -42.172 0.1111111119
62858  -7.393  2.716  -41.783 0.1111111119
62859  -7.598  3.260  -42.481 0.1111111119
62869  -8.306  2.245  -42.868 0.1111111119
62885  -7.618  3.258  -43.159 0.1111111119
63691  -6.968  4.015  -42.315 0.1111111119
63692  -7.514  3.316  -42.164 0.1111111119
63693  -8.165  3.628  -41.529 0.1111111119
63705  -6.897  3.891  -42.907 0.1111111119
63706  -7.333  3.403  -42.499 0.1111111119
63721  -8.150  3.220  -43.492 0.1111111119
63722  -8.820  2.114  -43.186 0.1111111119
63738  -8.901  3.146  -43.763 0.2222222239
63753  -12.307  3.651  -46.168 0.6666666865
64503  -6.873  4.671  -42.336 0.1111111119
64504  -7.434  4.072  -41.792 0.1111111119
64505  -7.784  4.079  -41.143 0.1111111119
64514  -6.641  4.631  -42.765 0.1111111119
64515  -8.227  4.565  -40.726 0.1111111119
64529  -8.008  4.175  -43.760 0.1111111119
64546  -7.679  5.031  -44.002 0.1111111119
65305  -7.101  5.897  -43.587 0.1111111119
65322  -8.386  5.120  -45.377 0.3333333433
65339  -8.262  6.077  -45.523 0.4444444478
65342  -11.239  5.264  -45.862 0.7777777910
65356  -11.572  5.168  -46.216 0.7777777910
66155  -9.642  6.010  -46.123 0.5555555820
66166  -11.350  6.335  -46.282 0.6666666865
67020  -12.023  7.635  -46.872 0.4444444478
67031  -12.886  8.157  -48.060 0.5555555820
67901  -9.097  9.039  -44.037 0.1111111119
68783  -9.340  8.588  -44.681 0.1111111119
68784  -9.698  8.381  -44.893 0.1111111119
68804  -11.200  7.866  -45.962 0.4444444478
68816  -12.665  9.689  -48.165 0.4444444478
68835  -13.139  10.566  -48.513 0.4444444478
68836  -13.369  9.865  -48.499 0.6666666865
69614  -14.126  10.919  -48.542 0.4444444478
69620  -13.959  10.291  -48.593 0.5555555820
70350  -13.836  11.415  -48.656 0.3333333433
70360  -13.178  10.962  -48.528 0.4444444478
70361  -13.373  11.317  -48.708 0.3333333433
98807  -8.034  7.071  -45.513 0.4444444478
98810  -7.376  6.515  -44.019 0.1111111119
98811  -7.099  7.721  -43.463 0.1111111119
99038  -7.963  8.814  -44.079 0.1111111119
99073  -9.402  8.255  -45.080 0.3333333433
99297  -10.257  6.761  -45.998 0.4444444478
99334  -8.863  7.913  -45.348 0.3333333433
99345  -10.159  8.148  -45.158 0.3333333433
99634  -7.773  2.518  -42.542 0.1111111119
102582  -12.091  8.026  -47.186 0.4444444478
102694  -12.304  9.097  -47.875 0.2222222239
103054  -7.651  3.576  -41.589 0.1111111119
103119  -8.170  2.637  -43.241 0.1111111119
104541  -11.335  5.742  -46.161 0.6666666865
106007  -9.251  2.891  -42.344 0.1111111119
109469  -8.033  2.201  -42.655 0.1111111119
109473  -16.362  17.830  -47.025 0.1111111119
110296  -11.444  7.407  -46.435 0.4444444478
113027  -7.519  8.120  -44.049 0.1111111119
114858  -7.505  2.408  -41.748 0.1111111119
115032  -7.729  7.566  -44.768 0.2222222239
116221  -8.117  3.099  -42.029 0.1111111119
116457  -8.318  2.673  -42.318 0.1111111119
118485  -6.788  4.273  -42.609 0.1111111119
120133  -13.212  10.785  -48.538 0.4444444478
