#!ascii label  , from subject sub-v1s20x0050376_ses-1 vox2ras=TkReg
704
47166  -15.481  -14.257  -36.234 0.4285714328
98646  -16.261  -12.913  -36.840 0.2857142985
98639  -15.891  -13.568  -36.532 0.4285714328
98645  -16.708  -13.410  -36.446 0.4285714328
98650  -17.588  -13.139  -36.436 0.4285714328
101720  -16.681  -12.269  -37.128 0.2857142985
98651  -17.476  -12.316  -36.846 0.4285714328
98655  -18.018  -11.745  -37.084 0.4285714328
50049  -17.167  -10.956  -37.983 0.4285714328
52055  -16.897  -10.157  -38.652 0.4285714328
52056  -17.723  -9.802  -38.680 0.4285714328
53009  -17.146  -9.091  -39.833 0.5714285970
105433  -17.215  -9.565  -39.125 0.5714285970
52057  -18.466  -9.361  -38.646 0.2857142985
53010  -17.976  -8.693  -39.774 0.7142857313
52071  -18.360  -8.842  -39.227 0.7142857313
53012  -19.241  -7.883  -39.276 0.7142857313
53011  -18.602  -8.284  -39.553 0.7142857313
54072  -19.590  -7.199  -39.779 0.5714285970
54071  -18.866  -7.645  -39.934 0.5714285970
105248  -19.576  -6.540  -40.560 0.5714285970
55017  -20.160  -6.650  -39.989 0.5714285970
54087  -19.097  -7.146  -40.367 0.5714285970
102393  -20.717  -6.380  -39.702 0.4285714328
55027  -20.391  -5.965  -40.436 0.5714285970
55920  -20.899  -5.038  -40.430 0.5714285970
55039  -19.176  -6.185  -41.423 0.7142857313
55919  -20.147  -5.210  -41.047 0.7142857313
55040  -19.744  -5.837  -41.032 0.5714285970
55048  -17.958  -6.268  -42.545 0.5714285970
55932  -19.427  -5.344  -41.749 0.8571428657
56747  -21.038  -4.106  -40.821 0.7142857313
56738  -21.648  -4.308  -39.983 0.5714285970
55931  -18.855  -5.104  -42.619 0.5714285970
57552  -20.940  -3.316  -41.275 0.7142857313
57541  -21.591  -3.311  -40.532 0.5714285970
56758  -19.911  -4.576  -41.618 0.7142857313
58336  -21.372  -2.610  -41.167 0.5714285970
56759  -20.434  -3.955  -41.499 0.7142857313
56772  -19.747  -3.874  -42.224 0.7142857313
59155  -21.227  -2.054  -41.596 0.7142857313
57564  -19.925  -3.122  -42.451 0.7142857313
58335  -20.826  -2.597  -41.703 0.7142857313
59168  -21.385  -1.305  -41.771 0.7142857313
59156  -21.654  -1.873  -41.147 0.5714285970
58348  -20.328  -2.530  -42.288 0.7142857313
57563  -19.349  -3.364  -42.907 0.5714285970
60050  -21.644  -0.462  -41.574 0.5714285970
59166  -20.204  -1.784  -42.688 0.8571428657
58347  -19.707  -2.559  -42.836 0.8571428657
113629  -21.216  -0.597  -42.124 0.7142857313
103896  -20.779  -1.097  -42.425 0.8571428657
61033  -20.547  0.680  -42.876 0.8571428657
101731  -21.600  0.961  -41.746 0.5714285970
60061  -20.723  -0.115  -42.592 0.8571428657
61044  -20.111  0.212  -43.203 0.8571428657
59184  -20.037  -0.826  -43.070 0.8571428657
114431  -20.217  1.816  -43.269 0.8571428657
62876  -20.633  2.524  -42.796 0.8571428657
63729  -20.139  3.390  -42.940 0.8571428657
62894  -19.850  2.496  -43.393 0.8571428657
62893  -18.976  2.433  -43.859 1.0000000000
105615  -20.175  1.066  -43.333 0.8571428657
63728  -19.324  3.385  -43.463 1.0000000000
63727  -18.634  3.920  -43.769 1.0000000000
111034  -17.787  5.002  -44.731 0.7142857313
62892  -18.613  3.165  -43.959 1.0000000000
64552  -18.095  4.430  -44.218 1.0000000000
66994  -17.770  7.024  -44.749 1.0000000000
67005  -17.479  7.461  -45.486 0.8571428657
68787  -17.702  8.956  -44.605 0.8571428657
67905  -17.729  7.887  -44.619 1.0000000000
99119  -17.982  11.237  -44.465 0.8571428657
118689  -17.780  10.515  -44.553 0.8571428657
69575  -17.942  9.891  -44.211 1.0000000000
98825  -18.239  12.600  -44.836 0.8571428657
71831  -18.563  13.456  -44.922 0.7142857313
99015  -17.022  12.829  -45.933 0.5714285970
71839  -17.973  13.784  -45.496 0.7142857313
72587  -18.519  14.345  -45.314 0.5714285970
72596  -15.729  14.508  -47.095 0.5714285970
71838  -17.264  13.597  -46.000 0.5714285970
73295  -17.099  15.918  -46.908 0.4285714328
73296  -18.084  16.027  -46.430 0.4285714328
73984  -14.705  16.626  -46.333 0.2857142985
73991  -14.811  16.587  -46.883 0.2857142985
73985  -15.125  17.544  -46.008 0.2857142985
98647  -15.831  -12.394  -37.358 0.2857142985
60062  -21.365  0.127  -42.008 0.5714285970
61034  -21.047  0.755  -42.396 0.8571428657
61976  -20.738  1.489  -42.761 0.8571428657
65330  -17.970  5.701  -44.420 0.8571428657
74618  -15.690  17.288  -43.121 0.1428571492
98652  -16.272  -11.601  -37.759 0.2857142985
101365  -17.251  -11.686  -37.385 0.4285714328
51068  -17.975  -10.703  -37.793 0.4285714328
50048  -16.219  -10.837  -38.426 0.2857142985
51084  -18.212  -10.064  -38.139 0.4285714328
52069  -16.492  -9.660  -39.393 0.5714285970
53024  -17.531  -8.454  -40.454 0.2857142985
53025  -18.234  -8.064  -40.206 0.7142857313
54086  -18.517  -7.452  -40.615 0.5714285970
55018  -21.264  -6.017  -39.326 0.4285714328
55026  -18.829  -6.828  -40.992 0.7142857313
55028  -20.988  -5.767  -39.944 0.5714285970
56746  -20.503  -4.578  -41.087 0.7142857313
55930  -18.716  -5.861  -42.217 0.5714285970
58324  -21.858  -2.410  -40.579 0.5714285970
57551  -20.374  -3.239  -41.911 0.7142857313
59167  -20.807  -1.887  -42.087 0.7142857313
117413  -17.361  6.085  -45.437 0.7142857313
65331  -18.580  5.683  -43.861 1.0000000000
66148  -18.283  6.481  -44.171 1.0000000000
66159  -17.407  6.694  -45.483 0.7142857313
69574  -17.486  10.854  -45.098 0.8571428657
101463  -17.763  13.110  -45.364 0.7142857313
110848  -16.086  15.651  -47.211 0.7142857313
113853  -16.763  14.155  -46.492 0.7142857313
72586  -17.682  14.432  -46.059 0.7142857313
73992  -15.181  17.498  -47.062 0.2857142985
99799  -16.322  16.751  -47.266 0.4285714328
73285  -18.357  15.117  -45.866 0.4285714328
73994  -17.282  16.969  -46.908 0.4285714328
74642  -15.543  18.057  -46.476 0.2857142985
73993  -15.569  17.373  -47.248 0.4285714328
54085  -17.858  -7.839  -40.934 0.4285714328
54100  -17.474  -7.607  -41.740 0.4285714328
73294  -15.447  16.373  -47.303 0.4285714328
72597  -16.880  14.958  -46.735 0.7142857313
73302  -15.098  16.875  -47.198 0.2857142985
74641  -15.142  17.626  -46.773 0.2857142985
98640  -15.436  -13.035  -36.978 0.2857142985
116443  -16.952  -12.813  -36.723 0.4285714328
50036  -15.276  -11.925  -37.856 0.2857142985
51083  -17.609  -10.344  -38.251 0.4285714328
51082  -15.978  -10.267  -39.058 0.4285714328
52070  -17.836  -9.241  -39.222 0.4285714328
55911  -21.432  -5.251  -39.643 0.5714285970
55038  -18.471  -6.565  -41.814 0.7142857313
56757  -19.380  -4.627  -42.249 0.5714285970
61993  -19.516  1.546  -43.726 1.0000000000
65344  -17.555  5.606  -45.102 0.8571428657
102815  -17.997  11.949  -44.816 0.8571428657
72595  -14.363  14.607  -47.521 0.4285714328
73293  -14.982  15.401  -47.431 0.4285714328
107954  -14.603  16.619  -45.407 0.2857142985
73301  -14.707  16.001  -47.192 0.2857142985
73982  -15.175  17.349  -44.967 0.2857142985
50047  -15.476  -11.328  -38.363 0.2857142985
53039  -17.129  -8.200  -41.235 0.2857142985
66147  -17.671  6.266  -44.843 1.0000000000
115879  -17.667  15.262  -46.423 0.5714285970
74644  -20.921  18.024  -45.256 0.2857142985
75288  -20.556  18.735  -45.601 0.1428571492
73996  -18.836  17.207  -46.047 0.2857142985
103525  -20.303  17.441  -45.467 0.2857142985
74643  -20.154  18.164  -45.296 0.1428571492
75287  -19.828  18.640  -45.192 0.1428571492
75293  -16.815  18.118  -46.323 0.1428571492
74650  -17.344  17.768  -46.424 0.2857142985
75294  -17.604  18.210  -45.976 0.1428571492
73987  -20.687  16.609  -45.541 0.2857142985
73986  -19.697  16.747  -45.851 0.2857142985
71840  -21.560  13.674  -45.200 0.2857142985
72589  -20.753  15.052  -45.205 0.2857142985
73297  -18.844  16.407  -46.085 0.2857142985
72582  -20.016  14.598  -44.825 0.2857142985
73287  -20.321  15.897  -45.620 0.2857142985
71086  -21.121  12.677  -44.468 0.1428571492
73281  -19.976  15.306  -45.312 0.2857142985
75295  -18.618  18.150  -45.540 0.1428571492
73286  -19.494  15.824  -45.752 0.2857142985
116623  -22.044  10.849  -44.854 0.1428571492
70332  -21.107  11.945  -44.261 0.1428571492
71833  -20.604  13.205  -44.397 0.4285714328
72588  -19.193  15.039  -45.256 0.2857142985
69567  -19.476  10.387  -43.558 0.2857142985
112266  -19.279  12.296  -44.077 0.4285714328
72581  -19.262  14.142  -44.767 0.2857142985
109137  -20.787  9.038  -43.397 0.1428571492
105861  -20.496  11.613  -43.871 0.2857142985
104419  -19.313  13.404  -44.528 0.4285714328
99118  -19.223  11.758  -43.870 0.5714285970
100679  -18.949  12.766  -44.450 0.7142857313
67893  -20.626  8.140  -43.432 0.1428571492
68777  -20.160  9.690  -43.457 0.1428571492
66982  -20.534  7.175  -43.475 0.2857142985
110211  -19.652  7.785  -43.488 0.7142857313
100022  -18.764  11.069  -43.842 0.7142857313
67906  -18.179  8.260  -43.846 0.8571428657
106480  -18.938  8.505  -43.445 0.8571428657
69566  -18.572  10.101  -43.670 0.5714285970
66136  -21.494  6.403  -43.243 0.2857142985
104759  -21.298  6.875  -43.373 0.2857142985
120177  -17.190  10.581  -45.497 0.5714285970
65313  -21.192  5.748  -43.149 0.1428571492
66981  -19.636  6.915  -43.546 0.7142857313
65300  -21.797  5.726  -42.611 0.1428571492
62020  -17.716  0.910  -45.172 0.5714285970
62905  -18.189  2.611  -44.511 0.8571428657
63743  -18.082  3.552  -44.425 0.8571428657
62904  -17.621  3.082  -45.259 0.4285714328
63742  -17.571  4.135  -45.120 0.5714285970
65310  -19.372  5.616  -43.467 0.8571428657
66995  -18.247  7.396  -44.107 0.8571428657
64519  -21.218  5.078  -42.652 0.2857142985
66133  -19.068  6.315  -43.650 0.8571428657
117468  -19.212  7.337  -43.578 0.8571428657
68775  -18.282  9.177  -43.629 0.8571428657
64520  -21.957  5.281  -41.842 0.4285714328
107986  -20.250  5.658  -43.297 0.7142857313
62019  -17.106  1.088  -46.051 0.2857142985
115165  -18.462  1.554  -44.411 0.5714285970
62005  -17.589  1.968  -45.410 0.5714285970
64537  -18.776  4.851  -43.625 0.8571428657
65311  -19.676  4.905  -43.153 0.8571428657
106346  -21.431  4.396  -42.241 0.4285714328
58363  -18.295  -2.945  -43.910 0.7142857313
59196  -17.413  -2.022  -44.881 0.4285714328
58364  -19.020  -2.758  -43.424 0.7142857313
104090  -19.322  -0.969  -43.561 0.8571428657
109222  -18.255  -1.012  -44.454 0.5714285970
60101  -17.764  0.038  -45.023 0.5714285970
60100  -17.253  -0.629  -45.469 0.4285714328
60075  -19.512  -0.214  -43.580 0.8571428657
60090  -18.345  -0.231  -44.455 0.5714285970
61043  -19.604  0.631  -43.686 0.8571428657
62006  -19.046  0.910  -44.088 0.7142857313
61056  -18.387  0.579  -44.503 0.5714285970
107086  -19.772  4.137  -43.001 0.7142857313
63698  -22.613  3.634  -41.225 0.2857142985
63697  -21.714  3.628  -41.941 0.4285714328
56771  -18.968  -4.261  -42.951 0.4285714328
57581  -17.918  -3.547  -43.839 0.4285714328
57590  -17.707  -3.043  -44.223 0.4285714328
59183  -19.373  -1.799  -43.336 0.7142857313
62877  -21.296  2.177  -42.247 0.7142857313
62863  -21.902  2.814  -41.743 0.2857142985
56786  -17.673  -4.654  -43.613 0.5714285970
57582  -18.629  -3.523  -43.447 0.5714285970
61957  -21.956  1.886  -41.571 0.4285714328
62864  -22.656  2.674  -41.032 0.4285714328
55037  -17.748  -6.952  -42.181 0.5714285970
57531  -22.122  -3.447  -39.713 0.4285714328
57542  -22.093  -2.799  -40.036 0.4285714328
60034  -22.585  -0.349  -40.330 0.4285714328
60033  -21.945  -1.024  -40.944 0.4285714328
61001  -22.601  0.489  -40.592 0.4285714328
61015  -21.889  0.349  -41.327 0.4285714328
52045  -18.852  -9.742  -37.923 0.1428571492
59137  -22.062  -1.728  -40.579 0.4285714328
59138  -22.465  -1.200  -40.175 0.4285714328
52058  -19.216  -8.996  -38.216 0.1428571492
52989  -19.891  -8.629  -37.733 0.1428571492
54074  -20.901  -6.673  -38.934 0.2857142985
56723  -22.582  -4.187  -38.500 0.2857142985
57510  -23.220  -2.490  -38.511 0.2857142985
57532  -22.644  -3.386  -38.951 0.2857142985
56739  -21.957  -4.729  -39.149 0.4285714328
58307  -22.586  -2.707  -39.410 0.2857142985
105118  -22.192  -4.031  -39.282 0.2857142985
58308  -23.045  -1.904  -39.171 0.2857142985
52046  -19.522  -9.432  -37.519 0.1428571492
53000  -20.289  -8.030  -37.988 0.2857142985
54064  -20.425  -7.413  -38.525 0.2857142985
54994  -22.251  -6.253  -37.530 0.2857142985
55879  -22.647  -4.873  -37.750 0.2857142985
55901  -22.208  -5.024  -38.499 0.2857142985
55019  -21.726  -5.509  -38.879 0.2857142985
98682  -20.313  -9.033  -36.952 0.1428571492
54050  -21.673  -7.332  -37.436 0.2857142985
52990  -20.567  -8.260  -37.393 0.2857142985
54049  -20.876  -7.647  -37.780 0.2857142985
52999  -19.669  -8.137  -38.509 0.2857142985
55010  -21.800  -6.569  -37.855 0.2857142985
51069  -18.642  -10.464  -37.636 0.1428571492
105995  -17.793  -11.263  -37.530 0.2857142985
51070  -19.205  -10.145  -37.445 0.1428571492
47167  -16.317  -14.045  -36.067 0.2857142985
46247  -15.895  -14.714  -35.659 0.2857142985
98660  -18.753  -11.636  -36.845 0.2857142985
46248  -16.757  -14.460  -35.516 0.1428571492
46246  -14.996  -14.941  -35.903 0.2857142985
46225  -15.506  -15.566  -35.515 0.1428571492
52991  -21.182  -7.922  -37.243 0.2857142985
54051  -22.207  -6.806  -37.338 0.2857142985
56697  -23.155  -4.540  -37.157 0.2857142985
55011  -22.068  -5.734  -38.055 0.2857142985
56724  -23.154  -3.288  -38.118 0.2857142985
59121  -23.466  -1.072  -39.011 0.2857142985
59197  -18.074  -1.786  -44.454 0.7142857313
58326  -22.861  -1.377  -39.581 0.4285714328
61000  -22.065  -0.196  -40.938 0.4285714328
61958  -22.739  1.942  -40.829 0.2857142985
64538  -20.543  4.308  -42.718 0.7142857313
112991  -17.591  12.360  -45.316 0.4285714328
98817  -17.508  11.603  -45.220 0.5714285970
99245  -18.172  10.571  -44.089 0.7142857313
64509  -22.209  4.497  -41.576 0.2857142985
67891  -18.784  7.700  -43.623 0.8571428657
117574  -20.219  6.651  -43.482 0.5714285970
70329  -19.720  11.273  -43.727 0.4285714328
103369  -19.249  18.267  -45.287 0.1428571492
47168  -17.124  -13.773  -35.901 0.1428571492
98635  -15.034  -13.688  -36.661 0.2857142985
117229  -18.329  -13.132  -36.169 0.1428571492
98661  -18.418  -11.145  -37.367 0.1428571492
102573  -21.127  -8.996  -36.322 0.1428571492
54063  -19.847  -7.527  -39.076 0.2857142985
54065  -21.242  -7.027  -38.218 0.2857142985
108233  -21.496  -6.261  -38.545 0.2857142985
98717  -23.232  -3.868  -37.515 0.2857142985
56770  -18.217  -4.851  -43.245 0.5714285970
57589  -17.329  -3.493  -44.195 0.2857142985
58309  -23.647  -1.544  -38.414 0.2857142985
59122  -24.150  -0.790  -38.375 0.2857142985
59182  -18.566  -2.234  -43.932 0.7142857313
59207  -17.040  -1.443  -45.410 0.4285714328
61072  -17.201  0.223  -45.771 0.5714285970
59139  -23.130  -0.617  -39.617 0.2857142985
59198  -18.861  -0.603  -43.975 0.7142857313
60035  -23.525  0.433  -39.699 0.1428571492
119959  -23.347  1.462  -40.171 0.4285714328
61016  -22.385  1.182  -41.076 0.4285714328
107367  -19.210  4.231  -43.346 0.8571428657
61959  -23.416  2.453  -40.345 0.1428571492
103408  -21.315  2.919  -42.302 0.5714285970
65301  -22.712  6.065  -41.832 0.1428571492
74649  -15.494  18.033  -47.012 0.2857142985
66124  -22.071  6.255  -42.891 0.1428571492
67892  -19.883  8.759  -43.371 0.5714285970
66137  -22.165  6.996  -43.082 0.1428571492
118207  -21.327  8.509  -43.370 0.1428571492
75285  -17.062  18.293  -46.042 0.1428571492
68776  -19.181  9.430  -43.387 0.5714285970
105647  -21.044  9.848  -43.650 0.1428571492
71085  -20.524  12.414  -44.112 0.2857142985
69568  -20.501  10.657  -43.706 0.2857142985
69569  -21.262  10.487  -43.914 0.1428571492
69576  -21.701  10.701  -44.311 0.1428571492
70333  -21.644  11.466  -44.674 0.1428571492
72583  -20.822  14.075  -44.693 0.2857142985
71090  -21.560  12.829  -44.923 0.1428571492
48058  -18.661  -13.364  -35.579 0.1428571492
98676  -19.837  -10.059  -36.873 0.1428571492
56725  -23.536  -3.081  -37.417 0.2857142985
63699  -23.356  3.276  -40.536 0.2857142985
70334  -22.071  11.288  -45.380 0.1428571492
107771  -22.071  13.573  -46.100 0.2857142985
114981  -18.349  -12.450  -36.566 0.1428571492
52998  -18.936  -8.603  -38.922 0.1428571492
54073  -20.306  -7.003  -39.354 0.2857142985
114485  -18.181  5.142  -44.099 0.8571428657
98820  -18.600  11.971  -44.265 0.7142857313
61977  -21.312  1.455  -42.164 0.4285714328
54101  -18.178  -7.226  -41.385 0.5714285970
58325  -22.429  -2.044  -39.958 0.4285714328
66980  -18.836  7.011  -43.740 0.8571428657
105827  -18.809  15.672  -45.881 0.2857142985
73995  -18.117  17.084  -46.366 0.2857142985
74652  -19.334  17.768  -45.664 0.2857142985
74651  -18.275  17.806  -46.058 0.2857142985
111345  -21.082  17.281  -45.275 0.2857142985
72590  -21.321  14.480  -45.205 0.2857142985
73288  -21.152  15.864  -45.557 0.2857142985
75286  -18.017  18.247  -45.706 0.1428571492
71832  -19.993  13.766  -44.444 0.2857142985
71084  -19.800  12.857  -44.227 0.2857142985
117063  -21.459  12.213  -44.696 0.1428571492
71087  -21.784  12.083  -45.213 0.1428571492
71834  -21.186  13.325  -44.664 0.1428571492
71082  -19.845  12.065  -43.867 0.4285714328
70330  -21.154  11.169  -44.066 0.2857142985
66135  -20.731  6.356  -43.415 0.5714285970
65312  -20.475  5.076  -42.952 0.4285714328
66134  -19.905  6.236  -43.487 0.8571428657
114825  -20.083  4.613  -42.919 0.7142857313
58377  -17.867  -2.488  -44.379 0.4285714328
101637  -18.747  -1.417  -43.950 0.7142857313
60089  -17.616  -1.288  -44.950 0.4285714328
116931  -17.821  -0.636  -44.862 0.5714285970
61057  -18.972  0.195  -44.020 0.7142857313
63710  -20.961  3.515  -42.524 0.5714285970
56787  -18.154  -4.176  -43.508 0.5714285970
101850  -22.588  -5.682  -37.355 0.2857142985
46226  -16.458  -15.311  -35.334 0.1428571492
47146  -17.575  -14.190  -35.374 0.1428571492
48072  -18.971  -12.854  -36.065 0.1428571492
106547  -17.427  10.032  -45.086 0.5714285970
67921  -17.138  8.375  -46.275 0.4285714328
67920  -16.701  8.770  -46.790 0.4285714328
68798  -17.133  9.199  -45.840 0.5714285970
67010  -17.269  7.807  -46.149 0.4285714328
66158  -17.035  6.237  -46.000 0.4285714328
67004  -17.069  7.053  -46.304 0.4285714328
67915  -17.452  8.282  -45.511 0.5714285970
57485  -24.346  -2.341  -37.198 0.1428571492
109216  -23.904  -1.869  -37.735 0.1428571492
58288  -24.274  -1.252  -37.949 0.1428571492
52081  -16.186  -9.289  -40.197 0.2857142985
99059  -25.648  -2.752  -36.791 0.1428571492
99004  -24.891  -2.835  -36.729 0.1428571492
99259  -26.129  -2.501  -37.174 0.1428571492
59084  -25.355  -2.113  -37.248 0.1428571492
112671  -23.598  -4.012  -36.689 0.1428571492
98709  -24.470  -3.773  -36.410 0.1428571492
101251  -26.473  -3.775  -36.863 0.1428571492
98964  -25.433  -3.454  -36.492 0.1428571492
55912  -26.540  -4.764  -39.811 0.1428571492
56726  -26.598  -4.461  -38.471 0.1428571492
52068  -15.628  -9.822  -39.754 0.2857142985
51105  -14.778  -10.038  -40.148 0.2857142985
98703  -23.049  -6.497  -36.164 0.1428571492
99321  -23.683  -5.119  -35.884 0.1428571492
98711  -22.948  -5.119  -37.109 0.1428571492
99258  -23.349  -4.788  -36.568 0.1428571492
112937  -25.217  -4.250  -36.055 0.1428571492
99194  -24.480  -4.529  -35.844 0.1428571492
98721  -26.026  -4.089  -36.318 0.1428571492
56698  -26.635  -4.430  -37.419 0.1428571492
100451  -26.659  -5.141  -38.224 0.1428571492
114353  -26.580  -5.209  -39.282 0.1428571492
51096  -15.167  -10.484  -39.448 0.2857142985
51080  -14.742  -11.177  -39.006 0.2857142985
98698  -22.390  -7.196  -36.600 0.1428571492
99132  -23.616  -6.553  -35.408 0.1428571492
99454  -23.477  -5.906  -35.863 0.1428571492
99464  -25.738  -4.645  -35.735 0.1428571492
118863  -24.061  -4.743  -35.791 0.1428571492
56676  -26.490  -4.601  -36.579 0.1428571492
102607  -26.672  -5.214  -37.189 0.1428571492
55913  -26.868  -5.942  -40.689 0.1428571492
98694  -21.721  -7.908  -36.715 0.1428571492
98697  -23.043  -7.220  -35.550 0.1428571492
99355  -23.234  -7.957  -35.018 0.1428571492
98707  -24.836  -6.786  -34.993 0.1428571492
98701  -23.866  -7.264  -34.775 0.1428571492
109376  -26.519  -5.924  -35.746 0.1428571492
98702  -23.987  -5.846  -35.465 0.1428571492
55835  -26.277  -5.453  -35.658 0.1428571492
99311  -25.232  -6.008  -35.305 0.1428571492
55855  -26.665  -5.436  -36.193 0.1428571492
55013  -26.658  -5.901  -39.299 0.1428571492
55880  -26.704  -5.714  -37.957 0.1428571492
103403  -26.886  -6.497  -40.957 0.1428571492
98689  -21.054  -8.409  -36.805 0.1428571492
116924  -24.824  -7.269  -34.657 0.1428571492
119300  -24.741  -7.561  -34.563 0.1428571492
99648  -24.566  -7.162  -34.738 0.1428571492
105327  -26.555  -7.059  -36.388 0.1428571492
54965  -26.303  -6.736  -35.716 0.1428571492
54995  -26.663  -6.892  -37.346 0.1428571492
55012  -26.701  -6.366  -38.269 0.1428571492
54979  -26.736  -6.260  -36.275 0.1428571492
109740  -24.692  -8.172  -34.243 0.1428571492
99313  -24.396  -7.911  -33.589 0.1428571492
103493  -23.827  -7.966  -34.492 0.1428571492
106852  -26.240  -8.235  -35.578 0.1428571492
54017  -25.628  -8.129  -34.888 0.1428571492
54027  -26.463  -7.607  -35.959 0.1428571492
98714  -25.234  -7.322  -34.787 0.1428571492
99128  -24.342  -6.667  -35.102 0.1428571492
98719  -25.779  -6.198  -35.376 0.1428571492
98708  -25.784  -5.255  -35.505 0.1428571492
55922  -27.401  -6.719  -41.982 0.1428571492
57511  -23.615  -2.585  -37.622 0.1428571492
58268  -24.745  -1.535  -37.590 0.1428571492
51081  -15.520  -10.813  -38.850 0.2857142985
55020  -26.669  -6.666  -39.620 0.1428571492
55021  -27.863  -6.652  -42.275 0.1428571492
65343  -17.167  5.585  -45.761 0.4285714328
56749  -26.812  -5.684  -41.058 0.1428571492
57512  -26.530  -3.697  -38.683 0.1428571492
69580  -16.778  10.290  -45.982 0.4285714328
69573  -16.918  11.173  -45.786 0.4285714328
72591  -21.866  14.351  -45.709 0.1428571492
98705  -22.601  -6.373  -36.964 0.1428571492
98693  -22.367  -8.053  -35.842 0.1428571492
102750  -21.634  -8.472  -36.277 0.1428571492
60021  -24.010  -0.159  -38.924 0.1428571492
112994  -23.956  -3.125  -36.877 0.1428571492
113172  -23.853  -2.737  -37.210 0.1428571492
98722  -26.426  -3.145  -37.116 0.1428571492
98981  -26.107  -3.204  -36.730 0.1428571492
58289  -26.323  -2.280  -37.870 0.1428571492
109349  -26.477  -2.956  -37.789 0.1428571492
98710  -23.904  -4.465  -36.184 0.1428571492
57486  -26.579  -3.695  -37.640 0.1428571492
98704  -23.122  -5.663  -36.600 0.1428571492
116616  -25.083  -4.995  -35.494 0.1428571492
114455  -24.291  -5.103  -35.555 0.1428571492
100922  -24.651  -5.924  -35.344 0.1428571492
98720  -26.260  -4.845  -35.847 0.1428571492
54980  -26.763  -5.964  -37.098 0.1428571492
98715  -25.211  -6.912  -34.977 0.1428571492
104924  -26.656  -7.027  -38.527 0.1428571492
54959  -25.613  -6.861  -35.230 0.1428571492
108275  -25.915  -7.474  -35.341 0.1428571492
46223  -13.544  -15.841  -35.995 0.1428571492
46244  -13.124  -15.238  -36.458 0.1428571492
47164  -13.639  -14.462  -36.667 0.1428571492
47165  -14.584  -14.386  -36.427 0.1428571492
98632  -13.861  -13.297  -37.445 0.1428571492
112842  -14.292  -12.820  -37.639 0.1428571492
48947  -13.620  -12.797  -38.014 0.1428571492
50035  -14.384  -12.234  -38.048 0.1428571492
98641  -14.973  -12.586  -37.503 0.1428571492
103947  -14.792  -11.666  -38.361 0.1428571492
48954  -13.667  -12.243  -38.424 0.1428571492
50046  -14.089  -11.770  -38.692 0.1428571492
50055  -13.725  -11.268  -39.345 0.1428571492
51094  -13.269  -10.563  -39.981 0.1428571492
51095  -14.294  -10.672  -39.774 0.1428571492
52079  -14.324  -9.529  -40.854 0.2857142985
52080  -15.289  -9.472  -40.560 0.1428571492
53023  -16.697  -8.729  -40.690 0.1428571492
55940  -17.377  -5.987  -43.153 0.4285714328
55941  -18.086  -5.547  -42.894 0.4285714328
55956  -17.441  -5.275  -43.526 0.4285714328
64561  -16.956  5.006  -46.058 0.2857142985
110357  -17.380  4.959  -45.476 0.2857142985
67929  -16.342  8.374  -47.472 0.2857142985
68808  -16.452  9.656  -46.657 0.4285714328
52089  -14.949  -9.082  -41.361 0.2857142985
48953  -13.105  -12.485  -38.423 0.1428571492
50054  -12.724  -11.182  -39.424 0.1428571492
51104  -13.966  -10.130  -40.397 0.1428571492
120545  -13.763  -9.685  -40.717 0.1428571492
52088  -14.094  -8.929  -41.561 0.2857142985
53022  -15.829  -8.942  -41.009 0.2857142985
53037  -15.536  -8.656  -41.819 0.2857142985
53038  -16.338  -8.477  -41.505 0.2857142985
54111  -17.031  -7.336  -42.558 0.4285714328
55047  -17.257  -6.639  -42.865 0.4285714328
117134  -16.856  -6.348  -43.336 0.2857142985
62913  -17.109  2.661  -46.114 0.2857142985
64576  -16.596  3.857  -46.384 0.2857142985
64562  -17.040  4.351  -45.945 0.2857142985
64575  -16.392  4.526  -46.561 0.2857142985
65358  -16.596  5.544  -46.431 0.2857142985
67024  -16.099  7.626  -47.831 0.2857142985
53050  -16.034  -8.223  -42.162 0.2857142985
63754  -17.135  3.553  -45.955 0.2857142985
63770  -16.491  3.165  -46.535 0.2857142985
65373  -15.917  5.035  -46.922 0.2857142985
104618  -15.883  6.759  -47.644 0.2857142985
66167  -16.637  6.365  -46.606 0.2857142985
65372  -15.219  4.958  -47.387 0.2857142985
111454  -15.997  5.958  -47.114 0.2857142985
98636  -14.621  -13.185  -37.159 0.1428571492
98631  -14.160  -13.781  -36.873 0.1428571492
114905  -16.800  7.836  -46.918 0.2857142985
102013  -16.487  6.928  -47.171 0.2857142985
46245  -14.067  -15.108  -36.207 0.1428571492
98627  -13.258  -13.828  -37.193 0.1428571492
50045  -13.128  -11.889  -38.860 0.1428571492
66184  -15.271  6.113  -47.602 0.2857142985
56785  -17.185  -4.725  -43.881 0.2857142985
57580  -17.493  -4.124  -43.827 0.2857142985
74000  -23.499  15.925  -46.599 0.1428571492
73298  -22.857  15.815  -45.950 0.1428571492
110194  -21.594  15.120  -45.509 0.1428571492
73998  -23.587  16.830  -46.778 0.1428571492
73289  -22.007  15.818  -45.613 0.1428571492
73988  -21.535  16.613  -45.372 0.1428571492
75296  -22.099  18.960  -46.333 0.1428571492
56793  -16.983  -4.114  -44.119 0.2857142985
110894  -22.342  14.113  -46.450 0.1428571492
73303  -23.145  15.041  -46.766 0.1428571492
72598  -22.469  14.896  -46.038 0.1428571492
73989  -22.433  16.672  -45.502 0.1428571492
75290  -22.227  18.213  -45.806 0.1428571492
74645  -21.802  17.583  -45.379 0.1428571492
75298  -23.488  17.742  -46.964 0.1428571492
63779  -15.394  3.547  -46.947 0.1428571492
63769  -15.982  3.681  -46.831 0.1428571492
64583  -15.588  4.229  -47.040 0.1428571492
66186  -13.437  7.121  -47.714 0.1428571492
67023  -15.287  7.108  -48.098 0.1428571492
67938  -13.513  8.916  -48.441 0.1428571492
119774  -14.709  9.345  -48.443 0.1428571492
67944  -14.075  9.505  -48.553 0.2857142985
62035  -16.244  1.333  -46.609 0.1428571492
103533  -16.933  1.861  -46.268 0.1428571492
62935  -15.647  2.906  -46.837 0.1428571492
67034  -15.521  7.967  -48.374 0.1428571492
68818  -16.079  9.186  -47.439 0.1428571492
68817  -15.235  9.732  -48.063 0.1428571492
68830  -14.489  10.122  -48.396 0.2857142985
117209  -15.489  10.905  -47.147 0.2857142985
99632  -14.373  12.975  -47.035 0.2857142985
75284  -16.175  18.179  -46.466 0.1428571492
73276  -14.097  15.939  -44.036 0.1428571492
69601  -15.117  10.909  -47.956 0.2857142985
70344  -16.146  11.047  -46.468 0.2857142985
112979  -16.958  12.047  -45.862 0.2857142985
98821  -15.541  12.235  -46.691 0.2857142985
98827  -14.796  12.285  -46.923 0.2857142985
71845  -16.125  13.382  -46.652 0.2857142985
99438  -15.312  12.864  -46.890 0.2857142985
73300  -14.044  15.678  -47.124 0.1428571492
71842  -13.318  14.784  -47.423 0.2857142985
74635  -15.717  17.922  -45.643 0.1428571492
74627  -15.667  17.602  -44.463 0.1428571492
99037  -14.568  12.539  -47.005 0.1428571492
99332  -14.929  11.552  -47.031 0.1428571492
68837  -14.044  10.131  -48.571 0.2857142985
99233  -13.932  13.474  -47.155 0.2857142985
72601  -13.344  15.295  -47.232 0.1428571492
73283  -13.073  15.459  -45.834 0.1428571492
72585  -12.727  15.118  -46.770 0.1428571492
67927  -12.397  8.728  -47.841 0.2857142985
71830  -13.705  13.093  -44.677 0.1428571492
73272  -14.432  15.956  -43.505 0.1428571492
72580  -12.390  14.761  -44.615 0.1428571492
68785  -10.565  8.278  -44.841 0.1428571492
64521  -22.872  5.245  -41.368 0.1428571492
61084  -16.566  0.403  -46.304 0.1428571492
62928  -15.523  2.071  -46.771 0.1428571492
64510  -22.975  4.486  -41.133 0.1428571492
64581  -14.424  4.466  -47.297 0.1428571492
65370  -13.759  4.859  -47.302 0.1428571492
65371  -14.526  5.415  -47.563 0.1428571492
66181  -12.885  6.176  -47.102 0.1428571492
66187  -14.329  7.086  -48.072 0.1428571492
67940  -15.147  8.671  -48.438 0.1428571492
68828  -12.912  10.089  -48.390 0.2857142985
69592  -14.914  11.225  -47.782 0.1428571492
98824  -15.293  11.603  -46.867 0.2857142985
71837  -13.607  13.127  -46.069 0.2857142985
114048  -12.945  14.031  -45.344 0.1428571492
73292  -13.927  15.757  -46.784 0.1428571492
73275  -13.776  15.730  -43.957 0.1428571492
73280  -13.877  15.939  -44.973 0.1428571492
63685  -23.499  4.038  -40.741 0.1428571492
73284  -13.827  15.834  -46.008 0.1428571492
73979  -14.640  16.581  -44.384 0.1428571492
71844  -14.960  13.590  -47.134 0.2857142985
72594  -13.418  14.861  -47.489 0.2857142985
72602  -13.960  15.287  -47.491 0.2857142985
60108  -16.760  -0.232  -45.987 0.1428571492
67928  -15.794  8.550  -48.078 0.1428571492
64582  -14.931  3.865  -47.142 0.1428571492
63778  -15.025  3.124  -46.859 0.1428571492
66183  -14.680  6.366  -47.753 0.1428571492
67032  -13.848  7.942  -48.371 0.1428571492
67033  -14.791  7.883  -48.486 0.1428571492
62929  -16.344  2.324  -46.633 0.1428571492
68829  -12.897  9.352  -48.305 0.1428571492
67939  -14.362  8.691  -48.520 0.1428571492
114404  -15.756  10.137  -47.309 0.2857142985
69615  -14.706  10.779  -48.258 0.2857142985
69593  -16.152  10.411  -46.699 0.2857142985
71843  -13.714  13.935  -47.167 0.2857142985
98828  -15.435  13.233  -46.901 0.2857142985
98826  -14.210  12.571  -46.442 0.1428571492
73277  -14.980  16.527  -43.352 0.1428571492
99220  -16.198  11.794  -46.348 0.2857142985
99002  -16.223  12.521  -46.412 0.2857142985
73291  -12.896  15.227  -46.752 0.1428571492
74636  -16.187  17.900  -45.024 0.1428571492
72593  -12.947  15.063  -47.191 0.2857142985
69600  -14.489  11.216  -48.310 0.1428571492
73279  -13.481  15.687  -44.611 0.1428571492
53035  -13.501  -8.512  -41.555 0.1428571492
53036  -14.697  -8.590  -42.021 0.1428571492
53049  -15.349  -8.116  -42.402 0.1428571492
53034  -13.043  -8.128  -41.453 0.1428571492
54107  -13.744  -6.972  -42.452 0.1428571492
53048  -14.519  -7.930  -42.403 0.1428571492
55057  -14.429  -6.514  -43.002 0.1428571492
54108  -14.409  -7.236  -42.712 0.1428571492
54110  -16.136  -7.619  -42.767 0.1428571492
113814  -15.020  -6.184  -43.433 0.1428571492
54119  -15.834  -6.934  -43.333 0.1428571492
55046  -16.586  -6.891  -43.174 0.1428571492
55059  -16.343  -6.339  -43.519 0.1428571492
55045  -13.762  -6.105  -42.743 0.1428571492
55953  -15.449  -5.487  -43.733 0.1428571492
55954  -16.248  -5.733  -43.781 0.1428571492
110225  -16.743  -4.689  -44.057 0.1428571492
57588  -16.788  -3.384  -44.471 0.1428571492
58376  -17.214  -2.743  -44.633 0.1428571492
69613  -12.919  10.465  -48.401 0.1428571492
54099  -16.720  -7.950  -42.032 0.1428571492
53021  -12.888  -8.711  -41.037 0.1428571492
53047  -13.729  -7.812  -42.056 0.1428571492
55955  -16.841  -5.838  -43.604 0.1428571492
104963  -14.025  -8.359  -41.967 0.1428571492
56784  -16.806  -5.258  -43.879 0.1428571492
54098  -13.039  -7.334  -41.721 0.1428571492
54118  -15.077  -6.765  -43.223 0.1428571492
54109  -15.193  -7.427  -42.876 0.1428571492
55058  -15.671  -6.265  -43.556 0.1428571492
55056  -14.428  -5.601  -43.317 0.1428571492
66182  -13.819  6.023  -47.516 0.1428571492
68835  -13.139  10.566  -48.513 0.1428571492
68836  -13.369  9.865  -48.499 0.2857142985
69620  -13.959  10.291  -48.593 0.2857142985
70360  -13.178  10.962  -48.528 0.1428571492
98700  -24.351  -7.744  -34.471 0.1428571492
99116  -25.203  -6.881  -35.037 0.1428571492
109473  -16.362  17.830  -47.025 0.2857142985
120133  -13.212  10.785  -48.538 0.1428571492
