#!ascii label  , from subject sub-v1s20x0050376_ses-1 vox2ras=TkReg
510
15117  33.311  -47.285  -33.585 0.6000000238
15908  27.989  -47.047  -33.335 0.6999999881
15896  29.138  -46.695  -32.169 0.6999999881
15102  32.034  -47.504  -31.365 0.8999999762
15101  32.736  -47.604  -31.795 0.8000000119
14360  33.137  -47.539  -32.243 0.8000000119
15915  33.323  -46.461  -33.478 0.6000000238
107091  33.191  -46.815  -34.347 0.6999999881
15934  33.049  -46.328  -35.087 0.6999999881
15916  27.924  -46.112  -33.642 0.6999999881
15917  27.431  -46.804  -34.061 0.6999999881
15907  28.544  -46.480  -32.910 0.6999999881
15906  29.104  -45.926  -32.548 0.6000000238
15895  29.886  -46.157  -31.867 0.6999999881
106620  29.780  -46.930  -31.661 0.6999999881
108273  30.564  -46.773  -31.423 0.8000000119
15892  32.233  -46.002  -31.650 0.8000000119
104214  32.467  -46.832  -31.674 0.8000000119
15905  32.869  -46.188  -32.095 0.8000000119
104494  33.263  -45.963  -32.798 0.6000000238
15926  33.262  -46.024  -34.200 0.6000000238
16791  33.179  -45.506  -34.903 0.6999999881
15935  32.738  -46.530  -36.080 0.6999999881
102992  27.179  -46.021  -34.346 0.5000000000
15927  26.796  -46.706  -34.568 0.6000000238
16782  28.182  -45.225  -33.540 0.4000000060
100238  28.544  -45.782  -33.134 0.6000000238
16771  28.945  -45.090  -32.911 0.5000000000
16759  30.317  -45.498  -31.777 0.6000000238
15894  30.817  -46.002  -31.534 0.8000000119
107377  31.547  -45.810  -31.521 0.6999999881
16756  32.575  -45.303  -31.940 0.6999999881
16769  33.031  -45.277  -32.449 0.6999999881
16781  33.373  -45.260  -33.965 0.5000000000
17705  33.357  -44.552  -34.667 0.6000000238
17712  32.995  -45.039  -35.876 0.6000000238
16798  32.922  -45.838  -35.682 0.6000000238
15938  32.319  -46.566  -37.134 0.5000000000
16792  26.682  -45.211  -34.628 0.5000000000
107356  26.431  -45.930  -34.744 0.6000000238
109098  25.658  -45.889  -34.769 0.6000000238
16770  29.658  -45.342  -32.206 0.5000000000
17670  30.845  -44.456  -31.812 0.6000000238
18604  31.955  -43.964  -31.925 0.6000000238
17681  32.814  -44.549  -32.286 0.6000000238
17680  33.240  -44.497  -32.772 0.5000000000
17695  33.437  -44.494  -33.543 0.5000000000
18635  33.577  -43.743  -33.941 0.6000000238
107199  32.429  -45.058  -37.018 0.5000000000
105063  32.144  -46.330  -38.192 0.5000000000
16802  32.238  -45.789  -37.502 0.5000000000
15929  25.254  -46.423  -34.745 0.5000000000
16783  27.491  -45.306  -34.137 0.5000000000
18626  27.964  -43.759  -33.923 0.3000000119
17684  29.056  -44.280  -32.945 0.4000000060
18616  29.557  -43.759  -32.681 0.3000000119
18617  28.798  -43.560  -33.333 0.3000000119
17682  30.254  -44.081  -32.142 0.5000000000
18605  31.154  -43.728  -31.989 0.5000000000
18614  32.036  -43.177  -32.179 0.5000000000
18612  33.055  -43.797  -32.576 0.5000000000
18625  33.418  -43.753  -33.106 0.5000000000
18641  33.389  -43.606  -34.943 0.6000000238
103348  33.148  -44.203  -35.608 0.5000000000
17713  32.711  -44.276  -36.514 0.5000000000
17718  32.123  -44.981  -38.098 0.5000000000
16794  24.808  -45.407  -34.364 0.5000000000
16793  25.690  -45.130  -34.695 0.5000000000
17707  26.064  -44.247  -34.693 0.5000000000
17706  27.058  -43.847  -34.497 0.4000000060
17697  27.723  -44.546  -34.027 0.5000000000
114878  28.829  -42.898  -33.443 0.3000000119
19498  29.465  -42.859  -33.009 0.3000000119
98082  31.113  -42.798  -32.290 0.4000000060
19495  32.634  -42.500  -32.536 0.5000000000
19494  33.209  -42.950  -32.861 0.4000000060
18642  33.064  -43.518  -35.998 0.5000000000
19524  32.807  -42.816  -36.426 0.5000000000
17726  32.381  -44.912  -38.598 0.5000000000
17716  32.216  -44.319  -37.544 0.5000000000
17699  24.350  -44.797  -33.958 0.5000000000
17708  24.873  -44.230  -34.295 0.5000000000
108177  26.197  -43.483  -34.572 0.4000000060
18627  27.444  -43.219  -34.233 0.4000000060
100725  28.159  -42.882  -33.852 0.3000000119
103786  31.060  -42.082  -32.490 0.4000000060
20344  31.468  -41.462  -32.616 0.4000000060
20343  32.423  -41.494  -32.693 0.4000000060
19496  31.825  -42.225  -32.369 0.4000000060
20342  33.118  -41.969  -32.955 0.5000000000
20355  33.390  -41.550  -33.597 0.5000000000
100981  33.583  -42.935  -34.213 0.6000000238
106081  32.369  -42.886  -37.102 0.4000000060
18645  32.450  -43.516  -36.902 0.5000000000
116866  24.428  -44.260  -33.903 0.4000000060
99620  25.415  -43.450  -34.423 0.4000000060
18636  26.719  -43.048  -34.454 0.4000000060
19510  27.280  -42.527  -34.288 0.4000000060
103135  28.802  -42.271  -33.539 0.4000000060
20346  29.637  -41.880  -33.122 0.4000000060
20345  30.556  -41.587  -32.780 0.4000000060
21142  31.861  -40.702  -32.807 0.4000000060
20356  32.991  -41.097  -33.163 0.5000000000
21151  33.296  -40.712  -33.749 0.5000000000
20365  33.510  -41.207  -34.404 0.6000000238
100421  33.436  -41.681  -35.231 0.5000000000
20373  33.235  -41.226  -35.994 0.4000000060
19527  33.082  -42.030  -36.123 0.4000000060
17698  24.546  -43.747  -33.676 0.4000000060
18638  25.250  -42.841  -34.135 0.4000000060
117053  24.891  -43.371  -34.114 0.4000000060
18637  25.883  -42.886  -34.390 0.4000000060
20359  27.912  -41.907  -34.100 0.4000000060
20357  29.941  -40.977  -33.225 0.4000000060
21143  30.946  -40.780  -32.872 0.4000000060
21141  32.524  -40.686  -32.971 0.4000000060
21152  32.854  -40.266  -33.390 0.5000000000
109296  33.444  -40.874  -35.211 0.6000000238
18628  24.913  -42.935  -33.721 0.4000000060
19519  25.756  -42.260  -34.129 0.4000000060
19518  26.488  -42.348  -34.315 0.4000000060
20366  27.068  -41.671  -34.303 0.4000000060
107311  27.612  -40.851  -34.322 0.4000000060
21155  29.347  -40.294  -33.739 0.5000000000
21154  30.375  -40.122  -33.292 0.3000000119
21153  31.367  -39.976  -33.048 0.3000000119
21916  32.229  -39.984  -33.112 0.4000000060
21922  33.201  -39.910  -33.961 0.4000000060
109009  33.334  -39.779  -34.649 0.4000000060
21160  33.423  -40.424  -34.510 0.5000000000
18619  25.143  -43.339  -32.690 0.4000000060
21156  28.352  -40.303  -34.262 0.3000000119
21925  30.783  -39.270  -33.394 0.3000000119
21924  31.772  -39.183  -33.370 0.3000000119
22720  32.736  -38.562  -34.319 0.4000000060
111054  33.034  -38.679  -34.828 0.4000000060
107176  25.289  -42.449  -33.036 0.3000000119
19512  25.309  -42.318  -33.765 0.3000000119
19511  25.800  -41.725  -33.694 0.3000000119
20367  26.448  -41.561  -34.099 0.3000000119
105430  26.983  -40.831  -34.328 0.3000000119
21161  27.592  -40.040  -34.590 0.3000000119
21927  28.832  -39.642  -34.260 0.4000000060
22712  29.183  -38.896  -34.264 0.4000000060
21926  29.781  -39.476  -33.741 0.3000000119
22711  30.111  -38.660  -33.760 0.3000000119
22709  32.140  -38.440  -33.835 0.3000000119
23484  32.394  -37.820  -34.520 0.4000000060
23483  32.823  -38.032  -34.938 0.4000000060
22727  32.860  -38.488  -35.476 0.4000000060
21935  28.021  -39.705  -34.611 0.4000000060
22721  28.495  -38.189  -34.713 0.4000000060
23476  29.502  -38.251  -34.217 0.4000000060
23474  30.940  -37.627  -34.019 0.3000000119
23473  31.705  -37.703  -34.130 0.4000000060
97337  32.058  -37.064  -34.627 0.4000000060
24245  32.134  -36.578  -35.144 0.4000000060
23495  32.484  -37.201  -35.237 0.4000000060
23487  29.373  -37.589  -34.420 0.4000000060
23486  30.290  -37.184  -34.275 0.5000000000
24246  31.558  -36.406  -34.787 0.4000000060
24258  31.752  -35.963  -35.414 0.4000000060
105724  32.641  -37.772  -35.588 0.3000000119
24257  32.166  -36.376  -35.747 0.3000000119
15893  31.573  -46.622  -31.398 0.8000000119
114124  33.339  -45.780  -33.484 0.6000000238
16799  32.625  -45.803  -36.558 0.6000000238
17683  29.593  -44.560  -32.436 0.4000000060
16758  31.039  -45.176  -31.598 0.6999999881
17668  32.291  -44.573  -31.888 0.6999999881
16768  33.332  -45.204  -33.112 0.6999999881
109415  27.042  -44.636  -34.516 0.5000000000
18613  32.544  -43.883  -32.179 0.5000000000
18615  30.298  -43.263  -32.426 0.4000000060
19509  33.465  -42.414  -33.493 0.6000000238
101017  33.336  -42.669  -35.326 0.5000000000
19517  33.564  -42.065  -34.339 0.6000000238
20358  28.772  -41.208  -33.728 0.3000000119
22710  31.144  -38.345  -33.651 0.3000000119
23485  31.230  -37.039  -34.355 0.3000000119
23501  32.258  -37.127  -36.286 0.3000000119
12972  30.963  -51.285  -29.708 0.6000000238
11699  31.604  -52.438  -29.234 0.6000000238
10537  32.780  -54.002  -30.779 0.6000000238
10561  32.698  -54.039  -32.263 0.6000000238
11684  30.241  -52.686  -28.455 0.5000000000
12319  30.630  -51.626  -29.075 0.6000000238
12981  30.173  -50.330  -29.928 0.6999999881
12980  30.935  -50.689  -30.183 0.6999999881
12303  31.192  -52.256  -28.853 0.6000000238
12328  31.520  -51.556  -30.371 0.6000000238
109891  31.814  -52.474  -31.094 0.6000000238
11742  31.725  -52.402  -32.232 0.6000000238
11732  31.924  -53.074  -31.988 0.6000000238
11128  32.392  -53.747  -31.748 0.6000000238
11741  32.136  -53.450  -32.662 0.6000000238
100589  32.815  -53.354  -34.077 0.6999999881
112272  29.163  -51.100  -29.250 0.6000000238
12982  29.397  -49.775  -30.108 0.6999999881
12306  29.255  -51.684  -28.873 0.5000000000
12974  29.595  -50.648  -29.578 0.6999999881
12973  30.343  -50.944  -29.564 0.6999999881
99663  31.364  -50.223  -30.723 0.6999999881
102002  31.507  -50.915  -30.783 0.6999999881
12335  31.699  -51.542  -31.469 0.5000000000
115546  31.782  -52.901  -32.751 0.6000000238
11750  31.915  -52.971  -33.353 0.6000000238
103813  32.223  -52.947  -34.112 0.6999999881
11756  32.376  -52.644  -35.072 0.6999999881
11146  33.529  -53.411  -34.836 0.6999999881
11158  32.303  -53.213  -36.665 0.6999999881
10102  37.015  -55.048  -40.855 0.4000000060
10599  34.860  -54.186  -40.696 0.5000000000
11177  33.365  -54.417  -39.893 0.6000000238
11171  33.266  -54.223  -38.308 0.6000000238
11166  31.564  -53.719  -37.853 0.6999999881
12336  27.021  -51.008  -30.882 0.5000000000
12976  27.701  -50.529  -30.296 0.5000000000
13641  28.608  -49.402  -30.511 0.6000000238
12322  27.793  -51.281  -29.708 0.5000000000
12983  28.405  -49.953  -30.192 0.5000000000
12975  28.616  -50.614  -29.669 0.6000000238
14346  30.070  -48.980  -30.553 0.6999999881
13640  30.586  -49.795  -30.387 0.6999999881
13639  31.255  -49.546  -30.763 0.6999999881
12994  31.874  -50.967  -31.962 0.6999999881
112926  31.772  -52.394  -33.187 0.6000000238
105357  32.100  -52.592  -34.048 0.6000000238
12354  32.262  -52.185  -35.132 0.6999999881
113515  32.446  -52.768  -36.099 0.6999999881
11771  31.250  -53.286  -37.762 0.6999999881
108863  32.008  -54.203  -38.439 0.6000000238
11774  31.128  -53.596  -38.416 0.6000000238
13653  26.741  -49.722  -32.879 0.5000000000
12989  26.740  -50.736  -31.666 0.4000000060
13647  27.577  -49.419  -31.539 0.5000000000
12995  26.999  -49.956  -31.997 0.5000000000
13642  27.933  -49.681  -30.724 0.5000000000
13646  28.307  -48.866  -31.135 0.6000000238
14354  29.694  -48.211  -30.966 0.6999999881
14347  29.134  -48.868  -30.654 0.6000000238
14345  30.876  -49.093  -30.675 0.6999999881
12987  31.777  -50.601  -31.314 0.6999999881
107617  32.021  -50.901  -32.716 0.6999999881
12342  31.739  -51.670  -32.497 0.6999999881
12349  31.947  -51.987  -33.990 0.6999999881
106733  32.182  -51.467  -34.697 0.6999999881
12360  32.026  -52.088  -36.349 0.8000000119
12366  31.506  -52.613  -37.313 0.6999999881
11182  33.119  -54.170  -40.250 0.5000000000
11780  31.593  -53.855  -39.762 0.6000000238
11772  31.016  -53.070  -38.022 0.6000000238
13001  26.260  -50.185  -33.398 0.4000000060
13652  27.256  -49.242  -32.420 0.6000000238
14356  27.771  -48.667  -32.062 0.6000000238
14355  28.413  -48.073  -31.855 0.6000000238
15105  29.205  -47.539  -31.614 0.6000000238
15103  31.133  -47.460  -31.175 0.6999999881
14353  30.754  -48.305  -30.897 0.6999999881
14352  31.617  -48.913  -30.987 0.6999999881
13645  31.798  -49.782  -31.153 0.6999999881
100790  32.740  -49.206  -32.150 0.8000000119
13651  32.561  -50.001  -32.929 0.6000000238
13004  32.323  -50.614  -34.829 0.6000000238
13017  31.740  -50.745  -36.773 0.8000000119
98558  31.538  -51.671  -37.102 0.6999999881
11777  34.866  -53.060  -40.243 0.5000000000
11779  32.468  -53.757  -40.075 0.6000000238
12371  31.704  -51.738  -38.289 0.6999999881
11778  33.776  -53.543  -40.099 0.6000000238
14371  26.664  -48.722  -34.147 0.5000000000
13663  26.103  -49.281  -34.733 0.4000000060
14363  27.403  -48.625  -32.817 0.5000000000
13659  26.980  -49.021  -33.276 0.5000000000
14362  27.816  -47.926  -32.841 0.6000000238
15112  28.508  -47.273  -32.458 0.6000000238
15104  30.187  -47.522  -31.249 0.6999999881
105643  31.598  -48.111  -31.148 0.8000000119
14351  32.373  -48.421  -31.526 0.8000000119
14369  33.130  -48.942  -33.171 0.6000000238
13658  32.669  -49.861  -34.010 0.6000000238
109532  32.208  -50.434  -35.736 0.6999999881
111301  32.078  -50.644  -38.168 0.6999999881
12379  32.018  -52.829  -39.085 0.6000000238
13023  32.173  -50.579  -38.314 0.6000000238
13678  32.489  -49.908  -38.660 0.6000000238
12378  33.293  -52.600  -39.105 0.6000000238
13022  33.265  -50.714  -38.275 0.6000000238
14377  26.838  -47.950  -34.290 0.5000000000
14378  26.286  -48.419  -34.803 0.5000000000
13669  25.886  -48.885  -35.102 0.5000000000
15118  27.405  -47.551  -33.780 0.5000000000
14370  27.196  -48.293  -33.537 0.5000000000
14361  33.060  -48.284  -32.217 0.6999999881
14375  33.241  -48.142  -33.878 0.6000000238
14376  32.919  -48.967  -34.420 0.6000000238
104888  32.558  -48.971  -35.585 0.6000000238
13668  32.146  -49.811  -36.266 0.6999999881
99490  32.062  -49.066  -36.870 0.6000000238
13674  31.891  -50.068  -37.674 0.6000000238
12377  34.567  -52.344  -38.929 0.5000000000
13677  33.894  -49.996  -38.207 0.4000000060
15124  26.402  -47.511  -34.760 0.5000000000
14379  25.955  -48.238  -35.106 0.5000000000
113194  25.451  -48.371  -35.111 0.5000000000
14385  24.861  -48.751  -35.052 0.5000000000
13671  23.944  -48.831  -34.728 0.5000000000
109987  33.173  -47.540  -34.414 0.6000000238
14383  32.524  -48.187  -36.119 0.6000000238
14387  31.960  -48.272  -37.413 0.4000000060
99942  31.720  -49.148  -38.213 0.5000000000
14398  32.324  -48.980  -39.230 0.4000000060
13685  32.959  -49.435  -38.985 0.4000000060
112961  32.124  -49.464  -39.047 0.5000000000
15928  26.145  -46.632  -34.878 0.6000000238
105236  25.812  -47.316  -34.990 0.5000000000
15125  25.497  -47.819  -35.044 0.5000000000
15126  24.762  -47.894  -34.893 0.5000000000
14380  23.929  -48.129  -34.583 0.5000000000
99242  23.122  -48.518  -34.177 0.5000000000
13666  22.615  -49.153  -34.063 0.4000000060
14373  22.545  -48.795  -33.478 0.5000000000
12998  21.804  -49.916  -32.929 0.4000000060
12345  21.184  -51.119  -32.658 0.4000000060
15129  32.408  -47.376  -36.666 0.6000000238
113761  31.951  -47.434  -37.893 0.4000000060
14399  31.942  -48.450  -39.032 0.4000000060
14397  33.354  -48.704  -39.176 0.4000000060
100936  24.909  -47.137  -34.789 0.4000000060
15127  23.943  -47.238  -34.314 0.4000000060
98793  23.317  -47.744  -34.070 0.5000000000
14372  22.936  -47.979  -33.391 0.4000000060
14364  23.110  -48.040  -32.654 0.4000000060
13649  22.678  -49.199  -32.174 0.5000000000
13654  22.284  -49.272  -32.846 0.5000000000
12997  22.218  -49.791  -32.264 0.3000000119
12991  22.401  -50.252  -31.658 0.3000000119
15942  32.053  -46.475  -37.924 0.4000000060
15930  24.294  -46.284  -34.230 0.5000000000
15919  23.676  -46.599  -33.779 0.4000000060
16784  24.192  -45.499  -33.949 0.4000000060
15918  23.862  -46.002  -33.563 0.4000000060
15898  24.047  -46.532  -32.453 0.4000000060
107879  24.177  -45.349  -33.352 0.4000000060
114225  23.860  -45.998  -32.983 0.4000000060
17686  24.416  -44.508  -33.482 0.4000000060
16762  24.367  -45.791  -32.485 0.4000000060
15107  24.238  -47.289  -31.857 0.4000000060
16761  25.128  -45.587  -31.745 0.4000000060
15897  24.667  -46.458  -31.776 0.4000000060
15106  24.946  -47.184  -31.190 0.4000000060
111970  24.594  -47.805  -31.212 0.4000000060
14348  25.097  -47.833  -30.630 0.4000000060
17685  24.747  -44.212  -32.803 0.3000000119
97944  25.184  -44.797  -32.121 0.4000000060
15888  25.374  -46.436  -31.052 0.4000000060
15128  32.909  -47.279  -35.376 0.6000000238
15138  31.904  -47.859  -38.600 0.4000000060
100433  32.156  -53.327  -31.032 0.6000000238
11147  32.628  -52.969  -35.217 0.6999999881
11764  32.236  -52.560  -36.207 0.6999999881
11783  34.374  -54.036  -40.801 0.5000000000
111609  34.661  -54.404  -39.835 0.5000000000
97177  33.999  -54.226  -40.482 0.4000000060
11178  32.315  -54.350  -40.082 0.6000000238
12988  27.296  -50.197  -31.138 0.5000000000
12380  31.378  -53.114  -38.769 0.6000000238
104620  28.929  -48.274  -31.177 0.6000000238
108873  32.217  -50.945  -33.766 0.6999999881
13012  32.129  -51.344  -35.805 0.8000000119
12372  31.191  -52.353  -38.035 0.6999999881
13660  26.475  -49.469  -33.789 0.4000000060
13024  31.595  -51.200  -37.745 0.6999999881
12376  35.587  -51.956  -38.935 0.5000000000
11782  35.867  -52.418  -40.084 0.5000000000
12370  32.540  -51.612  -38.474 0.6000000238
13662  32.500  -49.746  -35.105 0.6999999881
13679  31.966  -49.779  -38.625 0.6000000238
12369  34.025  -51.503  -38.296 0.6000000238
13021  34.670  -50.595  -37.898 0.6000000238
14384  25.597  -48.944  -35.151 0.4000000060
14382  32.972  -48.181  -34.951 0.6000000238
107032  21.401  -50.482  -32.981 0.3000000119
14393  31.724  -48.406  -38.493 0.5000000000
15144  32.665  -48.239  -39.317 0.4000000060
12992  21.737  -50.524  -32.282 0.4000000060
16772  24.623  -45.029  -32.685 0.4000000060
4274  34.966  -67.312  -36.094 0.3000000119
107808  35.344  -66.552  -35.421 0.3000000119
8484  34.489  -58.276  -37.899 0.4000000060
8493  34.302  -59.563  -40.066 0.4000000060
7882  33.594  -59.886  -39.589 0.4000000060
7229  33.581  -60.638  -39.745 0.4000000060
9066  35.182  -57.486  -37.780 0.4000000060
97295  35.255  -57.143  -36.764 0.4000000060
115578  35.350  -56.800  -36.043 0.4000000060
100665  35.540  -56.071  -35.714 0.5000000000
109195  35.419  -56.231  -34.827 0.5000000000
8492  35.490  -58.710  -40.342 0.4000000060
8488  34.943  -58.144  -38.669 0.5000000000
9062  34.788  -57.957  -36.921 0.5000000000
9564  35.338  -56.309  -34.019 0.5000000000
107683  34.860  -59.320  -40.475 0.5000000000
100859  34.851  -58.747  -39.624 0.5000000000
7887  34.740  -60.028  -40.881 0.5000000000
7888  34.209  -60.407  -40.281 0.4000000060
7228  34.233  -61.049  -40.013 0.4000000060
7224  33.298  -61.112  -39.312 0.4000000060
6684  33.086  -61.627  -38.823 0.4000000060
6669  33.882  -62.165  -37.485 0.3000000119
6129  33.634  -62.549  -35.486 0.4000000060
9584  36.557  -56.566  -38.892 0.4000000060
9579  36.278  -56.097  -38.007 0.4000000060
10090  36.241  -55.223  -37.873 0.4000000060
103627  36.805  -57.145  -39.638 0.4000000060
9069  36.142  -57.349  -39.075 0.4000000060
9585  35.863  -56.898  -38.252 0.4000000060
10091  35.858  -55.767  -37.220 0.4000000060
10087  35.725  -55.472  -36.466 0.5000000000
10080  35.643  -55.194  -35.736 0.5000000000
9074  36.344  -57.952  -40.236 0.4000000060
9075  35.544  -58.046  -39.359 0.4000000060
9070  35.498  -57.549  -38.590 0.4000000060
10588  35.685  -54.565  -36.553 0.5000000000
105602  35.470  -55.059  -35.109 0.5000000000
10075  35.387  -55.464  -34.449 0.5000000000
10566  35.101  -54.935  -33.881 0.6000000238
10575  34.702  -54.364  -34.114 0.6000000238
10069  34.831  -55.253  -33.199 0.6000000238
11157  33.162  -53.239  -36.049 0.6000000238
10559  34.259  -54.806  -32.735 0.5000000000
6682  34.662  -61.284  -39.608 0.4000000060
11134  32.790  -53.938  -32.896 0.5000000000
6679  34.134  -61.915  -38.356 0.4000000060
6657  33.766  -62.224  -36.450 0.4000000060
10595  36.165  -54.767  -38.797 0.4000000060
11169  35.601  -54.323  -38.479 0.5000000000
10592  35.428  -54.056  -37.367 0.5000000000
11170  34.749  -53.773  -37.347 0.5000000000
11155  35.009  -53.998  -35.357 0.5000000000
11156  34.315  -53.553  -35.597 0.6000000238
11165  32.555  -53.771  -37.342 0.6000000238
11164  33.937  -53.617  -36.760 0.6000000238
3877  35.292  -68.005  -36.112 0.3000000119
109772  36.061  -63.486  -35.611 0.3000000119
9588  37.176  -56.372  -39.900 0.4000000060
10097  36.758  -55.222  -40.237 0.4000000060
10094  36.646  -55.611  -38.940 0.4000000060
10596  35.522  -54.456  -39.670 0.4000000060
11176  34.757  -54.095  -38.446 0.5000000000
11139  33.853  -53.901  -33.927 0.6000000238
10568  33.662  -54.207  -33.133 0.5000000000
115224  36.414  -55.013  -39.524 0.4000000060
9580  35.640  -56.603  -37.415 0.4000000060
10068  35.208  -55.683  -33.631 0.5000000000
6127  35.344  -62.663  -35.935 0.3000000119
10591  35.879  -54.562  -37.632 0.5000000000
104554  35.432  -54.496  -35.594 0.5000000000
11163  35.103  -53.832  -36.313 0.6000000238
21923  32.644  -39.316  -33.661 0.3000000119
6683  33.960  -61.451  -39.228 0.4000000060
7892  35.348  -60.130  -41.325 0.5000000000
8489  34.151  -58.929  -38.944 0.5000000000
9559  35.168  -56.362  -33.300 0.5000000000
9575  35.551  -56.307  -36.604 0.4000000060
10061  35.031  -55.847  -33.043 0.5000000000
10560  33.440  -54.407  -32.401 0.5000000000
10567  34.468  -54.559  -33.475 0.6000000238
10580  35.183  -54.574  -34.711 0.6000000238
11116  32.448  -53.527  -30.099 0.6000000238
11140  32.351  -53.386  -33.397 0.6999999881
11145  34.537  -53.914  -34.699 0.6000000238
11172  32.142  -54.405  -39.460 0.6000000238
11173  31.358  -54.134  -38.991 0.6000000238
11174  31.286  -53.824  -39.147 0.6000000238
11179  31.602  -54.193  -39.887 0.6000000238
11183  32.081  -54.220  -40.131 0.6000000238
11720  31.729  -52.348  -29.978 0.6000000238
12304  30.652  -52.239  -28.664 0.6000000238
12305  30.015  -51.943  -28.699 0.5000000000
12318  31.305  -51.861  -29.495 0.6000000238
12320  29.836  -51.284  -29.117 0.6999999881
12381  31.130  -53.268  -38.448 0.6000000238
13644  32.259  -50.136  -31.900 0.6999999881
13686  31.806  -49.114  -38.935 0.4000000060
14365  22.727  -48.601  -32.749 0.4000000060
14368  33.322  -47.868  -32.902 0.6999999881
15111  32.952  -47.016  -32.016 0.8000000119
15123  27.007  -47.299  -34.359 0.6999999881
15904  33.252  -46.901  -32.647 0.6000000238
16757  31.935  -45.227  -31.630 0.6999999881
16805  32.043  -45.727  -38.009 0.5000000000
16812  32.236  -45.693  -38.344 0.5000000000
17669  31.559  -44.516  -31.752 0.6999999881
17671  30.253  -44.836  -31.910 0.6000000238
17696  28.457  -44.425  -33.452 0.4000000060
19497  30.336  -42.402  -32.644 0.4000000060
21934  33.109  -39.218  -34.382 0.4000000060
23475  30.239  -37.921  -33.973 0.3000000119
100677  32.234  -49.296  -31.493 0.6999999881
104092  32.152  -45.169  -37.762 0.5000000000
104440  35.344  -59.506  -41.120 0.5000000000
107351  35.493  -55.595  -35.153 0.5000000000
107897  31.816  -53.080  -37.032 0.6999999881
109435  33.505  -43.148  -33.469 0.6000000238
109586  32.759  -43.254  -32.439 0.5000000000
110408  33.030  -53.768  -33.471 0.6999999881
111316  35.914  -55.047  -37.108 0.5000000000
111353  31.852  -51.646  -33.241 0.6999999881
113406  22.656  -49.689  -31.763 0.3000000119
