#!ascii label  , from subject sub-v1s20x0050351_ses-1 vox2ras=TkReg
1398
4780  35.853  -71.685  -34.853 0.5000000000
13267  27.751  -59.399  -22.450 0.6000000238
13279  27.540  -59.386  -23.283 0.6000000238
12523  27.337  -60.071  -23.911 0.6000000238
127158  27.570  -59.302  -24.050 0.6999999881
12535  27.331  -60.382  -25.017 0.6000000238
14132  27.813  -58.650  -24.545 0.6999999881
13300  27.291  -59.753  -26.017 0.6000000238
6601  29.619  -68.685  -29.620 0.5000000000
138223  29.379  -66.050  -32.389 0.6000000238
7357  29.813  -66.280  -31.475 0.6000000238
125810  29.629  -67.677  -30.128 0.5000000000
8072  29.809  -64.885  -33.855 0.5000000000
129427  29.284  -65.701  -33.397 0.4000000060
126892  28.976  -66.636  -32.127 0.5000000000
7358  29.276  -67.005  -31.420 0.6000000238
7911  26.578  -66.395  -21.666 0.5000000000
131088  33.029  -68.203  -35.938 0.4000000060
131502  26.733  -65.001  -21.517 0.5000000000
140652  25.730  -65.109  -21.746 0.5000000000
122320  26.868  -64.159  -21.464 0.6000000238
131119  27.633  -61.015  -21.413 0.6000000238
137494  28.181  -59.463  -21.881 0.6000000238
14920  28.860  -58.103  -22.574 0.6999999881
12509  27.571  -60.229  -21.813 0.6000000238
139783  28.361  -58.273  -22.895 0.6999999881
135960  29.534  -56.634  -23.986 0.6000000238
14939  28.783  -57.682  -23.282 0.6999999881
15807  29.347  -55.904  -25.022 0.6000000238
14953  29.153  -56.527  -24.575 0.6000000238
122759  28.367  -57.770  -24.329 0.6999999881
15808  28.737  -56.373  -25.291 0.6999999881
12551  27.376  -60.732  -26.005 0.6000000238
6555  29.517  -68.087  -26.992 0.5000000000
7325  29.804  -67.431  -29.213 0.6000000238
7302  29.782  -67.192  -28.352 0.5000000000
8073  30.325  -65.606  -32.310 0.6000000238
8061  30.654  -65.944  -31.213 0.6999999881
7344  29.809  -66.731  -30.584 0.6000000238
8085  29.615  -64.534  -35.287 0.4000000060
129428  28.315  -64.737  -21.664 0.5000000000
126645  27.535  -64.882  -21.526 0.5000000000
6027  34.404  -70.054  -36.120 0.5000000000
124415  27.822  -64.141  -21.463 0.5000000000
11734  29.270  -61.583  -20.995 0.6999999881
10953  28.097  -62.729  -21.305 0.6000000238
13255  29.580  -59.875  -21.354 0.6999999881
12508  28.240  -60.626  -21.283 0.6000000238
11735  28.380  -61.350  -21.116 0.6000000238
14100  28.973  -59.243  -21.742 0.6999999881
14105  29.342  -58.499  -22.112 0.6999999881
14937  30.433  -57.140  -23.256 0.6000000238
14919  29.692  -57.718  -22.680 0.6000000238
15793  30.583  -55.958  -24.191 0.6000000238
16662  30.130  -55.648  -24.813 0.6000000238
16679  29.250  -55.486  -26.411 0.6999999881
14170  27.067  -58.738  -27.918 0.6999999881
12583  27.031  -60.383  -27.827 0.5000000000
14964  28.322  -56.938  -25.598 0.6999999881
14131  28.012  -57.830  -25.628 0.6999999881
13314  27.200  -59.583  -27.336 0.6000000238
7993  30.098  -66.138  -27.993 0.5000000000
7286  29.687  -67.082  -27.499 0.5000000000
7271  29.583  -67.074  -26.629 0.5000000000
8034  30.665  -66.077  -29.254 0.6999999881
7301  30.258  -66.314  -28.791 0.6000000238
8060  31.582  -66.101  -31.427 0.5000000000
8048  31.248  -66.213  -30.507 0.6999999881
8049  30.532  -66.190  -30.007 0.6000000238
7324  30.078  -66.646  -29.633 0.6000000238
8838  30.750  -63.944  -35.648 0.4000000060
8084  30.641  -64.278  -34.245 0.4000000060
143727  30.804  -64.974  -33.151 0.5000000000
8679  29.095  -64.926  -22.034 0.5000000000
129658  29.757  -62.233  -21.470 0.5000000000
10214  29.103  -63.608  -21.981 0.5000000000
10215  28.310  -63.496  -21.521 0.5000000000
12506  30.303  -60.516  -21.245 0.6000000238
127150  28.738  -62.150  -21.130 0.5000000000
13265  30.875  -59.293  -21.912 0.6999999881
14935  32.119  -57.766  -23.788 0.6000000238
14103  31.271  -58.722  -22.507 0.6999999881
13266  29.933  -59.161  -21.739 0.6999999881
14951  32.345  -57.485  -24.574 0.6000000238
14936  31.332  -57.355  -23.399 0.6000000238
14918  30.811  -57.867  -22.771 0.6999999881
15819  31.878  -56.525  -26.549 0.6999999881
14952  31.770  -56.867  -24.015 0.6000000238
140680  30.934  -55.540  -28.044 0.6000000238
15820  31.447  -55.852  -25.827 0.6999999881
16668  31.246  -55.693  -25.039 0.6999999881
16741  28.474  -55.449  -29.560 0.6000000238
16708  30.241  -55.390  -27.945 0.6000000238
16677  30.901  -55.526  -26.309 0.6999999881
12600  26.070  -59.742  -29.066 0.6000000238
133146  29.759  -55.375  -27.169 0.6999999881
131441  27.481  -57.867  -26.880 0.6999999881
13329  26.921  -59.594  -28.320 0.6000000238
16751  27.690  -55.698  -30.427 0.6999999881
120072  28.959  -55.334  -28.730 0.6000000238
120918  28.835  -55.430  -27.172 0.8000000119
16680  28.509  -55.625  -26.580 0.6999999881
15809  28.200  -56.269  -25.949 0.6999999881
119831  27.896  -56.946  -26.277 0.6999999881
7978  30.014  -66.132  -27.150 0.6000000238
7323  31.750  -66.839  -29.294 0.6999999881
8009  31.148  -66.097  -28.840 0.6999999881
143516  30.713  -65.911  -28.808 0.6000000238
8047  32.338  -66.732  -30.722 0.5000000000
7343  32.000  -66.952  -29.971 0.6999999881
8826  32.116  -64.939  -33.328 0.4000000060
8678  29.512  -65.267  -22.841 0.5000000000
7924  29.442  -66.147  -22.918 0.5000000000
9453  29.583  -64.402  -22.838 0.5000000000
10951  30.581  -61.847  -21.674 0.6000000238
12513  32.044  -60.498  -22.598 0.6000000238
11745  30.904  -61.147  -21.601 0.6999999881
11733  30.080  -61.371  -21.133 0.6999999881
13263  32.190  -59.808  -22.986 0.6999999881
12514  31.220  -60.252  -21.775 0.6999999881
14140  32.615  -58.175  -25.239 0.6000000238
14118  32.302  -58.687  -23.700 0.6000000238
13278  31.977  -59.090  -23.038 0.6999999881
15011  32.213  -57.177  -27.944 0.6999999881
14973  32.319  -57.295  -26.339 0.6999999881
14963  32.392  -57.362  -25.455 0.6999999881
13332  24.286  -59.303  -27.489 0.6000000238
15866  31.777  -56.485  -28.298 0.6000000238
15843  31.815  -56.483  -27.425 0.6999999881
15805  32.008  -56.599  -25.682 0.6999999881
15898  27.862  -56.564  -32.111 0.6000000238
127641  29.029  -55.800  -30.480 0.6000000238
16750  30.101  -55.811  -30.273 0.6000000238
16726  31.255  -55.845  -28.718 0.6000000238
16707  31.366  -55.854  -27.774 0.6999999881
128597  24.979  -59.165  -28.213 0.6000000238
16764  27.246  -56.398  -31.539 0.6000000238
16740  29.527  -55.511  -29.556 0.6000000238
16682  26.134  -56.118  -27.121 0.6999999881
14975  25.634  -56.794  -27.228 0.6000000238
14154  26.663  -57.758  -27.486 0.6999999881
13330  26.470  -59.370  -28.676 0.6000000238
15899  26.868  -56.821  -32.348 0.5000000000
16765  26.221  -56.574  -31.846 0.6000000238
16752  26.434  -55.833  -30.881 0.8000000119
134785  26.534  -55.387  -29.788 0.8000000119
16729  26.776  -55.318  -28.624 0.8000000119
16681  27.960  -55.856  -26.487 0.8000000119
15821  27.390  -56.139  -26.600 0.6999999881
14974  26.979  -56.720  -26.959 0.6999999881
140408  27.528  -55.372  -29.409 0.8000000119
119598  27.574  -55.383  -27.962 0.8000000119
7992  30.731  -65.667  -27.646 0.6999999881
7977  30.685  -65.715  -26.792 0.6999999881
135215  29.892  -66.125  -26.210 0.6999999881
7259  29.450  -67.307  -25.637 0.6000000238
7322  32.508  -67.319  -29.318 0.6999999881
118909  29.696  -66.228  -25.211 0.6000000238
7342  32.854  -67.268  -30.095 0.6000000238
139004  29.531  -66.637  -24.134 0.5000000000
7938  29.694  -65.460  -23.729 0.5000000000
122167  22.192  -57.947  -22.859 0.6000000238
123632  29.867  -64.609  -23.729 0.5000000000
143537  22.421  -58.546  -22.946 0.5000000000
10226  30.386  -63.345  -22.670 0.5000000000
14942  24.014  -57.916  -23.285 0.6000000238
10971  31.811  -62.540  -22.671 0.6999999881
10964  30.716  -62.580  -22.153 0.6000000238
12522  32.435  -60.344  -23.454 0.6999999881
11744  31.299  -61.782  -22.146 0.6999999881
14133  23.967  -58.854  -24.896 0.6000000238
13299  32.610  -58.915  -25.037 0.6999999881
13289  32.556  -59.263  -24.394 0.6000000238
14187  32.386  -57.951  -28.248 0.6999999881
13327  32.176  -59.031  -27.293 0.6999999881
14152  32.544  -58.073  -26.096 0.6999999881
14155  24.136  -58.143  -26.488 0.6000000238
14142  24.055  -58.242  -25.609 0.6000000238
15012  32.028  -57.335  -28.723 0.6000000238
14169  32.515  -58.024  -27.009 0.6999999881
14991  24.469  -57.851  -27.176 0.6000000238
13315  23.721  -59.546  -26.737 0.6000000238
15883  30.476  -56.370  -30.981 0.6000000238
16738  30.930  -56.081  -30.203 0.6000000238
15845  24.159  -55.490  -27.235 0.6999999881
14990  25.435  -57.712  -27.568 0.6000000238
14173  24.430  -58.595  -27.357 0.6000000238
15885  29.173  -56.302  -31.285 0.6000000238
16743  24.527  -54.808  -29.372 0.6000000238
16731  24.445  -55.025  -28.486 0.6000000238
16712  25.623  -55.762  -27.494 0.6999999881
15822  24.548  -56.119  -27.101 0.6000000238
14171  26.279  -58.598  -28.191 0.6000000238
127086  24.233  -54.957  -31.167 0.6000000238
16730  25.482  -55.350  -28.109 0.8000000119
120500  24.702  -55.522  -31.303 0.6000000238
16753  25.215  -55.370  -30.322 0.6999999881
118952  26.963  -55.852  -27.070 0.8000000119
7284  32.022  -66.936  -27.564 0.6999999881
7991  31.424  -65.999  -27.225 0.6999999881
7963  30.629  -65.533  -25.975 0.6999999881
142747  32.633  -67.512  -27.836 0.6999999881
7300  32.005  -67.069  -28.523 0.6999999881
141640  29.990  -65.713  -25.745 0.6000000238
7948  29.745  -65.710  -24.509 0.6000000238
17446  23.248  -55.075  -23.085 0.6000000238
16638  22.019  -55.721  -23.174 0.6000000238
16636  23.646  -55.815  -22.974 0.6000000238
14924  21.884  -57.204  -22.928 0.6000000238
8688  29.946  -64.965  -24.498 0.6000000238
15754  23.189  -56.529  -22.853 0.5000000000
10225  31.269  -63.105  -22.623 0.6999999881
129088  24.987  -56.292  -23.636 0.4000000060
14922  23.558  -57.385  -22.908 0.5000000000
124557  32.595  -61.048  -23.978 0.6999999881
11752  32.483  -61.657  -23.522 0.8000000119
14940  24.840  -57.115  -23.909 0.5000000000
12534  32.501  -60.270  -24.399 0.6000000238
11743  32.062  -61.527  -22.723 0.6999999881
14954  24.534  -57.238  -24.503 0.6000000238
13312  32.214  -59.347  -26.603 0.6999999881
12550  32.366  -59.850  -25.249 0.6999999881
15810  24.062  -56.693  -26.131 0.6999999881
132333  24.100  -57.440  -25.643 0.6000000238
14208  31.477  -58.901  -29.739 0.6999999881
13346  32.031  -58.887  -28.180 0.6999999881
139419  24.171  -54.533  -27.422 0.5000000000
14977  24.118  -57.182  -26.623 0.6000000238
122666  31.478  -57.666  -31.068 0.6000000238
15027  31.796  -57.557  -29.662 0.6000000238
15823  24.139  -56.271  -26.751 0.6999999881
15895  31.175  -56.858  -30.881 0.6000000238
15882  31.436  -56.636  -29.992 0.6000000238
17519  24.049  -54.491  -28.104 0.5000000000
16714  24.080  -54.966  -27.569 0.6000000238
15884  29.755  -56.142  -30.927 0.6000000238
17534  24.202  -54.417  -30.340 0.6000000238
17525  24.221  -54.397  -29.486 0.5000000000
16713  24.358  -55.353  -27.713 0.6999999881
18325  24.254  -54.098  -31.584 0.6000000238
7990  32.136  -66.855  -26.665 0.6999999881
7962  31.627  -65.879  -25.518 0.6999999881
8711  31.009  -65.219  -25.264 0.6000000238
8687  30.589  -64.803  -24.763 0.6000000238
17458  22.790  -54.388  -23.237 0.4000000060
142112  21.799  -55.109  -23.361 0.5000000000
9468  31.241  -64.613  -24.054 0.6000000238
139421  24.369  -54.386  -23.277 0.5000000000
15777  20.912  -56.479  -23.598 0.6000000238
126765  31.884  -64.198  -23.411 0.6999999881
10970  32.604  -63.082  -23.274 0.6999999881
9462  30.662  -64.160  -23.754 0.6000000238
16648  24.880  -55.671  -23.443 0.5000000000
11762  32.540  -61.899  -24.288 0.6999999881
16647  25.386  -55.825  -23.942 0.4000000060
12599  31.003  -61.124  -28.371 0.6999999881
12582  31.201  -61.076  -27.411 0.6999999881
12568  31.519  -61.051  -26.524 0.6999999881
16663  25.165  -55.415  -24.833 0.6000000238
13363  30.883  -60.107  -29.942 0.6999999881
12612  30.807  -61.092  -29.399 0.6999999881
13313  31.794  -60.082  -26.991 0.6999999881
12567  31.909  -60.881  -25.673 0.6999999881
141560  25.315  -53.904  -26.526 0.5000000000
17479  24.605  -55.053  -25.903 0.5000000000
13378  31.110  -59.210  -30.551 0.6000000238
119298  31.331  -59.813  -28.911 0.6999999881
17487  24.754  -54.394  -26.461 0.5000000000
15047  31.307  -57.397  -31.908 0.5000000000
122162  31.332  -58.469  -31.037 0.6000000238
14216  31.584  -58.139  -30.426 0.6000000238
7946  32.461  -66.506  -24.909 0.6999999881
7947  31.853  -65.782  -24.783 0.6999999881
18219  23.149  -53.710  -23.293 0.4000000060
8696  32.653  -65.883  -24.233 0.6999999881
8697  31.611  -65.234  -24.383 0.6999999881
17459  21.313  -54.769  -23.731 0.4000000060
8686  32.332  -65.062  -23.682 0.6999999881
136975  20.686  -55.936  -23.911 0.6000000238
10982  33.131  -63.254  -23.899 0.8000000119
9461  32.808  -64.542  -23.510 0.6999999881
135147  32.189  -62.295  -25.255 0.6000000238
15811  19.512  -56.214  -25.821 0.6000000238
11799  31.152  -61.947  -26.945 0.6999999881
11798  31.610  -61.927  -26.027 0.6000000238
11842  30.940  -61.643  -29.903 0.6000000238
12624  30.445  -60.778  -31.217 0.6000000238
14992  19.188  -57.156  -27.526 0.5000000000
13387  30.742  -59.368  -31.508 0.6000000238
13379  30.533  -60.195  -30.823 0.6999999881
132558  30.874  -59.022  -32.518 0.5000000000
8685  33.130  -65.310  -23.753 0.6999999881
19039  22.121  -53.088  -23.817 0.4000000060
16664  20.710  -55.264  -24.099 0.5000000000
10272  32.980  -63.347  -25.563 0.8000000119
17480  20.175  -54.114  -25.033 0.4000000060
17474  20.736  -54.409  -24.340 0.4000000060
11000  32.812  -62.801  -24.614 0.6999999881
16673  19.674  -55.346  -25.641 0.4000000060
125950  19.833  -55.907  -25.043 0.5000000000
11859  31.374  -61.622  -30.459 0.6000000238
11826  31.158  -62.062  -28.871 0.6000000238
11042  31.434  -62.618  -27.415 0.6999999881
18242  19.853  -53.960  -25.861 0.4000000060
11872  30.631  -60.911  -31.619 0.6000000238
13364  30.582  -61.022  -30.346 0.6000000238
15846  19.416  -56.600  -27.814 0.4000000060
15824  19.329  -56.627  -26.802 0.6000000238
12635  30.186  -60.496  -32.174 0.6000000238
13400  29.337  -60.027  -33.800 0.5000000000
14240  30.491  -59.413  -34.211 0.5000000000
19055  22.121  -52.449  -24.224 0.4000000060
9467  33.416  -64.612  -23.851 0.8000000119
19056  21.381  -52.821  -24.496 0.4000000060
10258  33.346  -63.522  -24.768 0.6999999881
18241  20.264  -53.329  -25.450 0.4000000060
11041  32.242  -63.242  -27.300 0.6000000238
11021  31.618  -62.576  -26.775 0.6999999881
11841  31.634  -62.087  -29.600 0.6000000238
11060  31.630  -62.932  -28.128 0.6000000238
18251  19.935  -53.210  -26.316 0.4000000060
17511  19.512  -54.519  -27.186 0.4000000060
11885  30.552  -60.743  -32.610 0.6000000238
122066  19.444  -54.848  -28.056 0.4000000060
12663  29.534  -60.286  -34.474 0.4000000060
19916  21.757  -51.959  -24.775 0.4000000060
10271  33.678  -63.646  -25.811 0.6999999881
19064  21.047  -52.200  -25.229 0.4000000060
11040  33.214  -63.517  -27.372 0.6999999881
11019  33.029  -63.551  -26.553 0.6000000238
19065  20.464  -52.502  -25.916 0.4000000060
11858  32.242  -61.658  -30.137 0.6000000238
11840  32.636  -62.022  -29.363 0.6000000238
18279  19.505  -53.915  -27.734 0.4000000060
11884  31.196  -60.941  -32.562 0.6000000238
142186  19.461  -54.269  -28.406 0.3000000119
12650  30.994  -60.853  -33.508 0.4000000060
12669  31.180  -60.223  -34.849 0.4000000060
12661  31.632  -60.657  -34.128 0.4000000060
19933  21.264  -51.319  -26.236 0.4000000060
19071  20.051  -52.505  -27.074 0.4000000060
12623  31.931  -61.406  -31.054 0.6000000238
11870  31.752  -60.888  -32.037 0.6000000238
121072  32.583  -60.637  -31.499 0.6000000238
12648  32.601  -60.516  -33.767 0.4000000060
13399  33.402  -60.122  -33.249 0.5000000000
13411  33.693  -60.011  -33.933 0.4000000060
19996  18.687  -51.884  -30.221 0.3000000119
13398  34.409  -59.787  -33.571 0.4000000060
22665  23.865  -48.885  -26.757 0.4000000060
20981  21.020  -50.043  -30.302 0.3000000119
141582  17.015  -51.447  -29.286 0.4000000060
22675  25.019  -47.927  -27.220 0.4000000060
121137  23.639  -48.524  -27.965 0.4000000060
21814  21.993  -48.919  -30.058 0.3000000119
22693  22.689  -48.675  -29.691 0.3000000119
20984  18.887  -51.033  -29.977 0.3000000119
20983  19.754  -50.625  -30.187 0.3000000119
122826  17.532  -51.180  -29.499 0.3000000119
23589  25.047  -46.888  -28.166 0.4000000060
23590  24.365  -47.240  -28.760 0.4000000060
22692  23.351  -48.475  -29.011 0.4000000060
21830  20.686  -49.672  -30.381 0.3000000119
21831  20.031  -49.917  -30.382 0.3000000119
21779  15.175  -49.823  -27.405 0.4000000060
21781  12.901  -48.838  -27.707 0.3000000119
22680  12.599  -47.841  -27.293 0.3000000119
21832  19.307  -50.147  -29.974 0.3000000119
20967  17.757  -50.488  -29.127 0.3000000119
24437  24.606  -46.394  -28.848 0.4000000060
23604  23.777  -47.733  -29.400 0.4000000060
22714  23.199  -48.160  -29.979 0.3000000119
22736  21.763  -48.491  -30.363 0.3000000119
22737  20.954  -48.796  -30.372 0.3000000119
20956  16.139  -50.197  -27.386 0.3000000119
22738  20.239  -48.612  -29.960 0.3000000119
22678  14.739  -48.926  -27.589 0.3000000119
21816  18.742  -49.539  -29.341 0.3000000119
23594  15.544  -47.267  -28.114 0.4000000060
22679  13.918  -47.854  -27.746 0.3000000119
24422  14.413  -46.673  -28.158 0.3000000119
23574  13.580  -46.781  -27.619 0.3000000119
23603  24.036  -46.880  -29.705 0.4000000060
121900  23.011  -47.269  -30.547 0.4000000060
23629  22.327  -47.748  -30.527 0.3000000119
21800  15.723  -49.283  -27.444 0.4000000060
23631  20.706  -47.944  -30.113 0.3000000119
22694  17.421  -48.313  -28.223 0.3000000119
22696  15.902  -48.056  -27.666 0.4000000060
23593  16.576  -47.661  -27.924 0.4000000060
25260  14.381  -45.560  -28.111 0.3000000119
24466  23.820  -46.191  -30.246 0.4000000060
24467  23.128  -46.390  -30.615 0.4000000060
125532  22.422  -46.150  -30.625 0.4000000060
24470  21.052  -47.054  -30.149 0.4000000060
23632  20.086  -47.913  -29.644 0.3000000119
24455  18.929  -46.876  -28.757 0.3000000119
23591  18.120  -47.157  -28.510 0.3000000119
24439  17.294  -46.470  -28.410 0.3000000119
25273  17.308  -45.511  -28.845 0.5000000000
24440  16.255  -46.717  -28.404 0.4000000060
129813  15.528  -45.797  -28.682 0.4000000060
127575  14.408  -44.450  -27.425 0.3000000119
130334  23.223  -45.002  -30.608 0.4000000060
25306  22.017  -45.498  -30.428 0.4000000060
25307  21.225  -45.501  -30.035 0.3000000119
127921  19.790  -44.785  -29.492 0.3000000119
26122  19.069  -43.925  -29.580 0.3000000119
26123  18.153  -43.869  -29.462 0.3000000119
23606  19.597  -47.465  -29.164 0.3000000119
25289  19.746  -45.686  -29.129 0.3000000119
25290  18.232  -45.458  -28.831 0.3000000119
25291  17.744  -44.666  -29.245 0.3000000119
26124  17.250  -43.771  -29.333 0.3000000119
125240  18.954  -45.952  -28.808 0.3000000119
25274  16.114  -44.969  -28.953 0.3000000119
25275  14.983  -44.762  -28.388 0.3000000119
25248  14.329  -44.162  -26.237 0.3000000119
122896  25.161  -43.006  -29.825 0.3000000119
27084  24.608  -43.037  -30.252 0.3000000119
127997  23.592  -43.861  -30.565 0.3000000119
124444  22.321  -43.048  -30.519 0.3000000119
125439  20.971  -43.037  -30.286 0.3000000119
28009  19.772  -42.621  -29.528 0.3000000119
26135  22.465  -44.676  -30.501 0.3000000119
126926  21.744  -43.715  -30.426 0.3000000119
131270  19.900  -43.909  -29.951 0.3000000119
27071  20.166  -43.123  -30.022 0.3000000119
28011  18.226  -42.756  -29.188 0.3000000119
27058  16.879  -42.917  -28.699 0.3000000119
26110  16.401  -43.858  -28.900 0.3000000119
27059  15.893  -42.974  -28.285 0.3000000119
26112  14.832  -43.913  -27.852 0.3000000119
26100  14.830  -43.678  -27.198 0.3000000119
28007  25.692  -42.332  -29.715 0.3000000119
28021  24.443  -42.197  -30.526 0.3000000119
27086  23.168  -43.122  -30.550 0.3000000119
28024  21.961  -42.250  -30.407 0.3000000119
28008  20.592  -42.316  -29.923 0.3000000119
27996  18.357  -42.553  -28.992 0.3000000119
27985  16.971  -42.385  -28.233 0.3000000119
27043  16.356  -42.348  -27.626 0.3000000119
124619  15.279  -44.348  -25.670 0.3000000119
28971  20.832  -41.508  -29.545 0.3000000119
132968  19.569  -42.387  -29.110 0.3000000119
27971  17.400  -42.645  -27.509 0.3000000119
27028  16.850  -42.977  -26.733 0.3000000119
26086  15.318  -43.556  -26.514 0.3000000119
26073  16.166  -43.989  -25.871 0.3000000119
28956  20.598  -41.477  -28.934 0.3000000119
28947  19.924  -42.164  -28.223 0.3000000119
27984  18.170  -42.647  -28.222 0.3000000119
29920  21.176  -40.733  -29.093 0.3000000119
28946  20.659  -41.637  -28.019 0.3000000119
28931  20.056  -42.309  -27.677 0.3000000119
27970  18.555  -42.786  -27.305 0.3000000119
27027  18.015  -43.141  -26.728 0.3000000119
26085  17.640  -43.680  -26.089 0.3000000119
26072  17.230  -44.392  -25.591 0.3000000119
5393  35.184  -70.595  -35.695 0.5000000000
6028  33.728  -69.634  -36.341 0.5000000000
6673  33.428  -68.949  -36.414 0.4000000060
122949  27.745  -58.867  -23.667 0.6999999881
14141  27.543  -58.861  -25.654 0.6999999881
8097  29.913  -64.704  -36.556 0.4000000060
6672  34.102  -69.144  -36.339 0.5000000000
15772  30.990  -56.512  -23.725 0.6000000238
10952  29.757  -63.074  -22.118 0.5000000000
15806  31.676  -56.045  -25.103 0.6000000238
10983  32.694  -62.453  -23.728 0.8000000119
10236  31.972  -63.411  -22.959 0.6999999881
11780  32.217  -61.335  -24.994 0.6000000238
14228  31.336  -58.241  -31.771 0.5000000000
13328  31.550  -59.998  -27.862 0.6999999881
138753  19.443  -56.008  -27.241 0.4000000060
14236  31.159  -58.795  -33.416 0.5000000000
13422  29.809  -60.248  -35.210 0.4000000060
11059  32.632  -63.351  -28.089 0.6000000238
12611  33.169  -61.269  -29.796 0.6000000238
19099  19.606  -53.027  -27.987 0.3000000119
12649  31.782  -60.823  -33.180 0.4000000060
12634  32.547  -60.530  -32.603 0.4000000060
22676  24.327  -48.196  -27.618 0.4000000060
26133  23.846  -44.688  -30.515 0.3000000119
28020  25.142  -42.314  -30.255 0.3000000119
11797  34.485  -62.410  -26.347 0.5000000000
11018  33.982  -63.606  -26.489 0.5000000000
10256  34.431  -63.757  -25.622 0.6999999881
128522  34.531  -65.119  -24.840 0.6999999881
8695  33.529  -66.060  -24.261 0.6000000238
11811  33.872  -63.110  -27.257 0.5000000000
10257  33.909  -63.983  -25.098 0.6000000238
7269  33.622  -67.972  -26.485 0.6000000238
120522  32.718  -67.635  -26.995 0.6000000238
121987  34.720  -64.311  -25.287 0.6999999881
7960  34.478  -67.120  -25.286 0.6000000238
7258  33.472  -67.692  -25.682 0.6000000238
8694  34.308  -65.959  -24.571 0.6999999881
7944  34.009  -66.743  -24.657 0.6000000238
7270  32.814  -67.544  -26.063 0.6000000238
11823  33.915  -62.338  -27.851 0.5000000000
7959  35.247  -66.482  -25.608 0.6999999881
7974  34.880  -67.351  -26.096 0.6999999881
7282  34.478  -67.702  -27.552 0.6000000238
7283  33.479  -67.838  -27.546 0.6000000238
9481  35.335  -64.951  -25.286 0.6000000238
8710  35.044  -65.790  -25.054 0.6999999881
6554  34.047  -68.070  -27.027 0.6000000238
132783  35.733  -64.079  -25.356 0.6000000238
12581  34.462  -61.223  -27.569 0.5000000000
11824  33.254  -62.506  -28.633 0.5000000000
8709  35.895  -65.625  -25.563 0.6999999881
7267  35.126  -67.431  -26.983 0.6000000238
7299  32.978  -67.587  -28.522 0.6000000238
13345  34.741  -59.878  -28.833 0.5000000000
12597  34.056  -61.404  -28.391 0.5000000000
14207  34.792  -58.664  -30.113 0.5000000000
131074  34.192  -60.644  -28.888 0.5000000000
14214  34.955  -58.216  -30.908 0.4000000060
11764  27.076  -61.667  -24.533 0.4000000060
12515  27.262  -60.072  -22.779 0.4000000060
11753  26.825  -61.619  -23.680 0.4000000060
12516  26.879  -60.815  -22.226 0.5000000000
12510  27.078  -61.001  -21.748 0.5000000000
10965  26.458  -62.295  -22.273 0.5000000000
12621  33.644  -60.449  -30.065 0.5000000000
10955  26.739  -62.362  -21.782 0.5000000000
8689  25.061  -65.206  -22.730 0.6000000238
13376  34.124  -59.466  -30.251 0.4000000060
10954  27.323  -62.539  -21.448 0.5000000000
10217  26.743  -63.223  -21.603 0.5000000000
9455  25.601  -64.676  -22.089 0.5000000000
10984  26.748  -62.388  -24.347 0.5000000000
10972  26.425  -62.306  -23.212 0.5000000000
10244  26.506  -63.242  -24.683 0.5000000000
10237  26.122  -63.036  -22.798 0.5000000000
141033  25.922  -63.613  -24.147 0.5000000000
10228  26.324  -63.104  -22.018 0.5000000000
10238  25.734  -63.652  -23.356 0.5000000000
9464  25.343  -64.382  -23.037 0.5000000000
13377  33.387  -60.069  -30.891 0.5000000000
10229  25.855  -63.814  -22.431 0.5000000000
15034  35.628  -57.745  -30.863 0.4000000060
13385  33.869  -59.321  -31.231 0.4000000060
14226  35.291  -58.734  -31.833 0.4000000060
12585  25.893  -60.395  -28.732 0.5000000000
9469  26.198  -64.075  -24.959 0.5000000000
12622  32.848  -60.957  -30.575 0.5000000000
13386  33.242  -59.938  -31.916 0.4000000060
12587  24.142  -59.998  -27.626 0.5000000000
12570  23.971  -61.280  -26.639 0.5000000000
11025  23.594  -62.759  -26.505 0.5000000000
11816  25.413  -61.287  -27.881 0.5000000000
14235  34.863  -59.329  -32.617 0.4000000060
12571  23.720  -60.377  -26.778 0.5000000000
11802  23.801  -61.990  -26.237 0.5000000000
127098  23.497  -60.943  -25.872 0.5000000000
11784  22.752  -62.176  -24.926 0.5000000000
11003  23.188  -62.440  -25.679 0.5000000000
10274  23.169  -63.215  -26.943 0.4000000060
12537  23.090  -60.724  -24.369 0.5000000000
11004  22.481  -62.770  -25.353 0.6000000238
10276  21.640  -63.180  -26.543 0.6000000238
141374  23.670  -59.586  -24.707 0.5000000000
12538  22.533  -61.069  -23.903 0.5000000000
11766  22.255  -61.819  -24.268 0.5000000000
128317  21.271  -62.630  -24.590 0.6000000238
11027  20.838  -63.003  -26.070 0.6000000238
11045  21.000  -63.007  -26.969 0.6000000238
11064  21.481  -62.674  -28.527 0.5000000000
11846  20.549  -61.639  -29.172 0.5000000000
11863  20.732  -60.959  -29.868 0.5000000000
13291  23.498  -60.002  -24.033 0.5000000000
13281  23.262  -59.484  -23.488 0.5000000000
12526  22.184  -60.578  -23.450 0.5000000000
11754  21.821  -61.401  -23.702 0.5000000000
136345  21.292  -60.838  -23.356 0.6000000238
121429  20.316  -62.851  -25.319 0.6000000238
133483  20.252  -62.789  -26.706 0.6000000238
11065  20.595  -62.212  -28.356 0.6000000238
11827  19.719  -61.673  -28.666 0.5000000000
11070  15.336  -62.382  -28.390 0.5000000000
11865  18.907  -60.827  -30.021 0.5000000000
14122  24.129  -58.413  -23.853 0.5000000000
13268  22.953  -58.865  -23.095 0.5000000000
12517  21.841  -60.000  -23.190 0.6000000238
12527  20.436  -60.477  -23.304 0.6000000238
136068  19.822  -61.163  -23.488 0.6000000238
11007  19.552  -62.703  -24.846 0.6000000238
10988  19.123  -62.368  -24.213 0.6000000238
11028  19.692  -62.778  -25.934 0.6000000238
122207  18.882  -62.682  -25.395 0.6000000238
129677  19.834  -62.113  -27.877 0.6000000238
11066  19.023  -62.030  -27.892 0.5000000000
11864  19.840  -60.789  -29.933 0.5000000000
11828  18.702  -61.621  -28.653 0.5000000000
11829  17.806  -61.713  -28.771 0.5000000000
126981  18.038  -61.036  -30.208 0.5000000000
11830  16.955  -61.818  -28.965 0.5000000000
13270  21.479  -59.380  -23.127 0.6000000238
13271  20.747  -59.540  -23.223 0.6000000238
12528  19.581  -60.503  -23.488 0.6000000238
12539  18.354  -60.871  -23.990 0.6000000238
11768  18.268  -61.747  -24.042 0.6000000238
11009  18.038  -62.631  -25.420 0.6000000238
11769  17.564  -62.026  -24.449 0.6000000238
11030  17.678  -62.597  -26.307 0.5000000000
143977  17.012  -62.452  -25.517 0.5000000000
11067  18.087  -62.103  -27.996 0.5000000000
11031  16.687  -62.510  -26.487 0.5000000000
11786  15.688  -61.876  -25.534 0.6000000238
11050  16.475  -62.454  -27.427 0.5000000000
11051  15.640  -62.389  -26.770 0.5000000000
11033  14.835  -62.160  -26.725 0.5000000000
11805  13.864  -61.248  -26.934 0.5000000000
13283  19.271  -59.773  -23.692 0.6000000238
13294  17.865  -60.269  -24.534 0.6000000238
12541  16.886  -61.521  -24.686 0.6000000238
135913  16.327  -62.156  -25.316 0.6000000238
12555  15.602  -61.218  -25.375 0.6000000238
12574  14.406  -60.958  -26.366 0.5000000000
13292  19.070  -58.950  -24.350 0.6000000238
12554  16.216  -60.923  -24.914 0.6000000238
12573  15.032  -60.689  -25.870 0.6000000238
13318  14.542  -60.078  -26.529 0.5000000000
119014  19.616  -56.701  -25.126 0.6000000238
141764  19.059  -58.204  -25.046 0.6000000238
14144  18.528  -58.583  -25.346 0.6000000238
14145  17.868  -58.903  -25.644 0.6000000238
13304  16.572  -60.007  -25.229 0.6000000238
13333  15.988  -58.982  -26.899 0.5000000000
119006  19.281  -57.091  -25.942 0.6000000238
14157  18.320  -58.305  -26.220 0.6000000238
14979  18.618  -57.833  -26.732 0.6000000238
13316  17.116  -59.166  -25.846 0.6000000238
140410  18.154  -57.894  -27.603 0.6000000238
14189  17.377  -58.087  -28.561 0.5000000000
15013  19.229  -57.151  -28.480 0.4000000060
7945  33.218  -66.774  -24.644 0.6000000238
134182  33.814  -65.285  -24.261 0.6999999881
139924  33.774  -60.770  -29.438 0.5000000000
13361  35.202  -59.299  -28.885 0.5000000000
13362  34.713  -59.327  -29.452 0.5000000000
9470  25.505  -64.181  -24.031 0.6000000238
10986  20.771  -62.334  -24.096 0.6000000238
10973  20.367  -62.039  -23.765 0.6000000238
11048  18.382  -62.448  -27.140 0.6000000238
11049  17.411  -62.455  -27.255 0.5000000000
13302  18.209  -59.371  -24.857 0.6000000238
12553  17.033  -60.607  -24.699 0.6000000238
14159  16.885  -58.739  -26.721 0.6000000238
14176  16.689  -58.480  -27.723 0.6000000238
4759  36.453  -71.423  -34.089 0.4000000060
4728  37.555  -70.917  -31.148 0.5000000000
131251  37.204  -70.388  -32.485 0.5000000000
128817  37.212  -70.769  -32.229 0.4000000060
5381  36.801  -70.812  -33.785 0.4000000060
5382  36.360  -70.593  -34.233 0.4000000060
5392  35.864  -70.973  -35.135 0.4000000060
5968  36.180  -69.946  -31.120 0.5000000000
6003  36.327  -69.867  -33.751 0.5000000000
6004  35.450  -69.258  -34.219 0.5000000000
6012  35.690  -70.162  -34.784 0.4000000060
5981  35.576  -69.373  -31.707 0.5000000000
5991  36.015  -69.470  -32.678 0.5000000000
138215  35.717  -69.116  -33.315 0.5000000000
6650  34.832  -68.548  -34.598 0.5000000000
6013  34.772  -69.510  -35.327 0.4000000060
6661  34.277  -68.477  -35.594 0.4000000060
6635  35.372  -68.841  -32.449 0.5000000000
139440  35.341  -68.450  -33.571 0.5000000000
7366  35.551  -67.236  -33.545 0.5000000000
136215  34.631  -67.752  -34.963 0.5000000000
6662  33.789  -68.378  -36.029 0.4000000060
8046  33.174  -66.914  -30.853 0.5000000000
8071  31.876  -65.779  -32.358 0.4000000060
8070  32.928  -65.975  -32.497 0.4000000060
8837  31.929  -64.007  -34.604 0.4000000060
9581  31.475  -64.028  -36.142 0.4000000060
7374  35.199  -67.553  -34.444 0.5000000000
9594  32.254  -64.225  -36.335 0.4000000060
121648  32.606  -64.969  -36.588 0.4000000060
8109  33.042  -65.934  -35.534 0.4000000060
7385  35.352  -66.842  -35.136 0.4000000060
7397  33.545  -67.240  -35.528 0.4000000060
7375  34.429  -67.332  -35.391 0.4000000060
8058  33.441  -66.257  -31.573 0.4000000060
8836  32.921  -64.388  -33.993 0.4000000060
9579  33.242  -64.096  -35.043 0.4000000060
8083  36.036  -66.347  -34.838 0.4000000060
8854  33.563  -65.054  -36.018 0.4000000060
8095  35.873  -66.017  -35.195 0.4000000060
8096  35.200  -66.435  -35.323 0.4000000060
8853  34.502  -65.205  -35.583 0.4000000060
7396  34.307  -66.114  -35.491 0.4000000060
7321  33.362  -67.442  -29.314 0.5000000000
8032  33.698  -67.077  -30.073 0.4000000060
8045  34.001  -66.364  -30.746 0.4000000060
8057  34.284  -65.565  -31.439 0.4000000060
8824  34.290  -64.539  -32.930 0.4000000060
9578  34.604  -64.393  -34.884 0.4000000060
9593  33.119  -64.095  -36.091 0.4000000060
8835  36.254  -65.396  -34.958 0.4000000060
9591  35.394  -64.891  -35.086 0.4000000060
9592  34.602  -64.756  -35.427 0.4000000060
7298  33.911  -67.586  -28.468 0.5000000000
7320  34.254  -67.130  -29.274 0.5000000000
7297  34.805  -67.183  -28.453 0.6000000238
8031  34.542  -66.404  -29.962 0.5000000000
140064  34.500  -64.858  -32.091 0.4000000060
9549  35.154  -64.301  -32.716 0.4000000060
9548  36.134  -64.124  -32.603 0.4000000060
9562  37.107  -64.457  -33.721 0.4000000060
8030  35.079  -66.433  -29.182 0.4000000060
7989  35.682  -66.751  -27.397 0.5000000000
8780  35.351  -65.677  -29.901 0.4000000060
8811  35.182  -64.698  -31.542 0.4000000060
8758  36.329  -65.744  -28.497 0.5000000000
8778  36.568  -65.284  -29.279 0.4000000060
8794  36.127  -65.148  -29.924 0.4000000060
9534  36.548  -64.641  -30.688 0.4000000060
7988  36.264  -66.116  -26.949 0.6000000238
7958  36.016  -66.086  -26.121 0.6000000238
129178  36.782  -65.624  -27.766 0.5000000000
124137  36.881  -65.372  -28.657 0.4000000060
14110  21.096  -58.729  -23.180 0.5000000000
14945  20.125  -57.955  -23.821 0.5000000000
142012  20.011  -56.415  -24.612 0.5000000000
14943  21.192  -57.210  -23.307 0.5000000000
14955  19.931  -57.182  -24.397 0.5000000000
14124  20.292  -58.811  -23.434 0.5000000000
5980  36.859  -69.954  -32.234 0.5000000000
5990  37.063  -70.070  -33.011 0.5000000000
8825  33.334  -64.938  -33.128 0.4000000060
8845  35.387  -65.331  -35.279 0.4000000060
8796  34.830  -65.578  -30.651 0.4000000060
9564  35.033  -64.289  -33.831 0.4000000060
9563  36.123  -64.299  -33.803 0.4000000060
9535  36.285  -64.351  -31.521 0.4000000060
7296  35.651  -66.537  -28.339 0.5000000000
8008  36.185  -66.190  -27.776 0.6000000238
8724  36.587  -65.634  -26.352 0.5000000000
132247  38.542  -56.103  -27.659 0.3000000119
143929  38.147  -57.865  -27.711 0.3000000119
14987  37.379  -57.883  -28.028 0.3000000119
15842  37.782  -56.834  -27.871 0.3000000119
16705  38.685  -55.327  -27.793 0.3000000119
17509  39.961  -54.166  -27.725 0.3000000119
17510  39.335  -54.704  -27.738 0.3000000119
14166  38.566  -58.702  -27.546 0.3000000119
13324  38.147  -59.327  -27.292 0.4000000060
13325  37.331  -59.279  -27.369 0.4000000060
129217  38.641  -57.094  -27.611 0.3000000119
128581  36.638  -59.316  -27.518 0.4000000060
14168  36.919  -58.709  -27.922 0.4000000060
12580  35.106  -60.298  -27.152 0.4000000060
12566  34.698  -61.186  -26.600 0.4000000060
15841  39.351  -56.533  -27.536 0.3000000119
14988  36.681  -58.004  -28.416 0.3000000119
14186  35.743  -58.924  -28.627 0.4000000060
16737  37.797  -55.634  -29.329 0.3000000119
15010  36.464  -57.451  -28.717 0.3000000119
12545  38.336  -60.854  -25.518 0.4000000060
11777  37.737  -61.361  -24.860 0.4000000060
10254  36.987  -63.148  -25.097 0.4000000060
10255  36.148  -63.242  -25.160 0.4000000060
13323  39.104  -59.515  -27.389 0.4000000060
12563  37.784  -60.190  -26.205 0.4000000060
12546  37.378  -60.621  -25.306 0.4000000060
11761  36.248  -61.075  -24.812 0.4000000060
12548  35.581  -60.950  -25.226 0.4000000060
14184  39.267  -58.772  -27.606 0.3000000119
13311  36.766  -59.699  -26.690 0.4000000060
141844  35.866  -60.515  -25.556 0.4000000060
10999  34.812  -63.025  -25.762 0.4000000060
135685  40.006  -57.067  -27.615 0.3000000119
12579  35.812  -59.960  -26.618 0.4000000060
11779  35.158  -61.903  -25.494 0.4000000060
15840  40.297  -56.265  -27.492 0.3000000119
13344  35.378  -59.556  -28.254 0.4000000060
14206  35.311  -58.707  -29.306 0.4000000060
10995  39.006  -62.499  -25.262 0.4000000060
9479  37.403  -64.616  -25.907 0.4000000060
11775  39.461  -61.873  -25.481 0.4000000060
11776  38.744  -61.616  -25.187 0.4000000060
10253  38.032  -63.076  -25.159 0.4000000060
136723  36.856  -64.497  -25.620 0.4000000060
138891  40.578  -58.768  -28.150 0.3000000119
12561  39.434  -60.463  -26.890 0.4000000060
15839  41.269  -56.632  -27.661 0.3000000119
14985  40.684  -57.225  -27.728 0.3000000119
142584  35.419  -62.526  -25.308 0.4000000060
120065  41.077  -55.678  -27.427 0.3000000119
8723  37.314  -65.181  -26.505 0.4000000060
9478  38.140  -64.028  -25.855 0.4000000060
15026  35.497  -57.938  -29.949 0.3000000119
15033  36.177  -57.368  -30.468 0.3000000119
15025  36.193  -57.354  -29.395 0.3000000119
10998  35.337  -63.404  -25.375 0.4000000060
131851  36.551  -63.924  -25.366 0.4000000060
143990  36.326  -65.671  -25.939 0.4000000060
8740  37.444  -65.346  -27.374 0.4000000060
14167  37.750  -58.641  -27.657 0.3000000119
16725  37.688  -55.890  -28.452 0.3000000119
16724  38.269  -55.261  -28.367 0.3000000119
12577  38.473  -59.998  -26.872 0.4000000060
14185  36.303  -58.595  -28.378 0.4000000060
12564  36.180  -60.183  -25.956 0.4000000060
13326  35.844  -59.603  -27.423 0.4000000060
12565  35.395  -60.523  -26.052 0.4000000060
14205  35.948  -58.073  -28.916 0.4000000060
11796  39.325  -61.188  -25.899 0.4000000060
10997  37.389  -62.296  -24.811 0.4000000060
11778  36.926  -60.940  -24.808 0.4000000060
13342  39.847  -59.175  -27.790 0.3000000119
12547  36.425  -60.578  -25.259 0.4000000060
14164  40.233  -57.845  -27.780 0.3000000119
12595  39.978  -59.952  -27.621 0.3000000119
15008  40.833  -57.947  -28.042 0.3000000119
2797  36.095  -75.500  -28.309 0.3000000119
2789  35.718  -76.103  -27.972 0.3000000119
3212  36.390  -74.936  -28.519 0.3000000119
2414  36.365  -76.697  -27.416 0.3000000119
3226  36.279  -74.401  -28.971 0.3000000119
3213  35.845  -74.813  -28.831 0.3000000119
3199  36.781  -74.936  -27.940 0.3000000119
2796  36.591  -75.579  -27.800 0.3000000119
2788  36.391  -76.035  -27.718 0.3000000119
4152  36.753  -73.468  -28.970 0.3000000119
3654  36.579  -74.332  -28.728 0.3000000119
3227  35.541  -73.821  -29.327 0.3000000119
4713  37.223  -71.270  -31.553 0.3000000119
122276  37.226  -74.725  -26.717 0.3000000119
3189  37.188  -75.612  -26.846 0.3000000119
3643  36.832  -73.884  -27.712 0.3000000119
2787  37.046  -76.377  -26.974 0.3000000119
4163  36.425  -72.886  -29.593 0.3000000119
4712  37.377  -71.203  -30.574 0.3000000119
123800  36.715  -72.620  -27.927 0.3000000119
142262  36.622  -71.722  -28.575 0.3000000119
4699  36.954  -71.070  -29.484 0.3000000119
4177  36.670  -71.890  -30.002 0.3000000119
4711  37.387  -70.955  -30.436 0.3000000119
6625  35.372  -68.380  -31.561 0.4000000060
124820  35.905  -69.862  -30.122 0.4000000060
2008  35.720  -78.180  -23.133 0.3000000119
2009  34.064  -78.551  -22.996 0.3000000119
132379  37.010  -77.099  -26.807 0.3000000119
2410  36.157  -77.515  -26.835 0.3000000119
2771  38.453  -76.289  -24.965 0.3000000119
2395  37.967  -76.907  -24.433 0.3000000119
123427  37.064  -77.432  -23.793 0.3000000119
2007  36.554  -78.188  -23.490 0.3000000119
1654  35.111  -78.970  -22.995 0.3000000119
3179  38.653  -75.603  -25.208 0.3000000119
2405  38.237  -76.841  -25.343 0.3000000119
125055  37.585  -77.621  -24.395 0.3000000119
1662  36.245  -79.245  -24.024 0.3000000119
1653  36.109  -78.891  -23.344 0.3000000119
2783  38.096  -76.280  -25.905 0.3000000119
2409  37.746  -77.009  -26.133 0.3000000119
2022  37.327  -78.095  -24.966 0.3000000119
138624  36.361  -78.334  -25.717 0.3000000119
2024  37.171  -77.640  -26.028 0.3000000119
3665  36.360  -73.745  -29.252 0.3000000119
3666  35.886  -73.154  -29.726 0.3000000119
3188  38.147  -75.450  -25.976 0.3000000119
4686  36.641  -72.474  -29.241 0.3000000119
2389  35.286  -77.311  -23.394 0.3000000119
2025  35.331  -78.116  -26.480 0.3000000119
2406  37.853  -77.428  -25.223 0.3000000119
2014  37.148  -78.167  -24.014 0.3000000119
1673  35.916  -79.175  -24.905 0.3000000119
5355  37.196  -70.626  -30.672 0.3000000119
8029  41.143  -66.747  -30.181 0.3000000119
8043  40.447  -66.536  -31.028 0.3000000119
7353  38.968  -66.580  -31.939 0.3000000119
7354  38.477  -66.097  -32.569 0.4000000060
8056  36.778  -66.206  -32.733 0.4000000060
8069  36.421  -66.205  -33.743 0.3000000119
8791  40.533  -66.084  -30.856 0.3000000119
8809  39.605  -65.821  -31.641 0.4000000060
8821  38.185  -65.405  -33.176 0.4000000060
8822  37.801  -65.160  -33.951 0.4000000060
8082  36.865  -65.431  -34.568 0.3000000119
9546  38.006  -64.625  -32.735 0.4000000060
9561  37.837  -64.778  -33.640 0.4000000060
9576  37.070  -65.052  -34.481 0.3000000119
123528  37.280  -64.331  -31.628 0.3000000119
7316  42.857  -67.787  -30.016 0.3000000119
8028  42.035  -67.421  -30.043 0.3000000119
7352  39.468  -66.715  -31.525 0.4000000060
143894  38.637  -66.639  -32.037 0.4000000060
8044  37.342  -66.405  -32.013 0.3000000119
7355  36.336  -66.895  -31.715 0.3000000119
7341  35.840  -67.635  -31.145 0.3000000119
142848  42.721  -66.537  -28.534 0.3000000119
8006  42.069  -66.839  -29.146 0.3000000119
8007  41.339  -66.422  -29.006 0.3000000119
8774  40.650  -66.167  -29.664 0.3000000119
8792  40.038  -65.654  -31.151 0.3000000119
8793  39.298  -65.435  -31.545 0.4000000060
8736  41.454  -65.413  -27.369 0.3000000119
8737  40.642  -65.333  -27.438 0.3000000119
131335  40.185  -65.812  -29.054 0.3000000119
9532  38.733  -65.217  -32.005 0.4000000060
9545  38.504  -65.111  -32.800 0.4000000060
8755  39.505  -65.492  -29.149 0.3000000119
128678  38.328  -64.979  -30.048 0.4000000060
9525  37.802  -64.717  -30.467 0.4000000060
9508  38.824  -64.934  -27.193 0.3000000119
8756  38.468  -65.222  -29.011 0.4000000060
133599  37.323  -64.541  -30.835 0.4000000060
10269  39.537  -63.649  -25.979 0.3000000119
8739  38.187  -65.227  -27.846 0.4000000060
9495  38.511  -64.510  -26.515 0.3000000119
5935  43.504  -69.971  -29.240 0.3000000119
123130  43.160  -69.533  -29.823 0.3000000119
5955  41.038  -69.188  -29.315 0.3000000119
7315  43.668  -67.747  -30.030 0.3000000119
7334  43.249  -68.221  -30.244 0.3000000119
6612  41.826  -68.220  -30.507 0.3000000119
142614  39.877  -68.447  -29.222 0.3000000119
8751  44.589  -65.494  -28.963 0.3000000119
8026  44.148  -67.147  -29.522 0.3000000119
7335  42.161  -67.932  -30.387 0.3000000119
124788  41.182  -67.713  -30.658 0.3000000119
6614  40.225  -67.529  -30.750 0.3000000119
7317  39.388  -67.375  -30.736 0.3000000119
7339  37.774  -66.966  -31.161 0.3000000119
7340  36.559  -67.273  -30.965 0.3000000119
6615  36.001  -67.977  -30.262 0.3000000119
5957  35.625  -68.848  -29.972 0.3000000119
8752  43.762  -65.722  -28.364 0.3000000119
9507  39.862  -64.929  -27.138 0.3000000119
8738  39.100  -65.313  -28.084 0.3000000119
9493  40.346  -64.137  -26.264 0.3000000119
10268  40.196  -63.209  -25.858 0.3000000119
10251  39.537  -62.998  -25.618 0.3000000119
10252  38.856  -63.346  -25.656 0.3000000119
5952  43.871  -69.412  -30.145 0.3000000119
5967  43.234  -69.126  -30.256 0.3000000119
5954  41.873  -69.326  -29.705 0.3000000119
7333  43.970  -68.216  -30.453 0.3000000119
6594  42.117  -68.790  -30.269 0.3000000119
5956  36.038  -69.378  -29.067 0.3000000119
5330  44.049  -70.541  -28.498 0.3000000119
5934  44.266  -69.803  -29.416 0.3000000119
5951  44.643  -69.361  -30.150 0.3000000119
6593  44.406  -69.031  -30.566 0.3000000119
6610  43.740  -68.750  -30.510 0.3000000119
140367  44.709  -69.984  -28.802 0.3000000119
5950  45.364  -69.238  -29.866 0.3000000119
132700  45.039  -68.854  -30.599 0.3000000119
6609  44.539  -68.489  -30.633 0.3000000119
5969  35.442  -69.201  -30.794 0.3000000119
129630  35.299  -67.977  -32.530 0.3000000119
7356  35.782  -67.101  -32.246 0.3000000119
8068  37.597  -65.338  -34.040 0.3000000119
8823  37.606  -65.059  -34.379 0.4000000060
8777  37.457  -65.094  -29.402 0.4000000060
11774  40.070  -61.793  -25.903 0.3000000119
8808  40.230  -66.099  -31.332 0.3000000119
8042  41.088  -67.254  -30.656 0.3000000119
8055  38.447  -66.004  -32.548 0.4000000060
8067  38.049  -65.487  -33.314 0.4000000060
9524  38.680  -64.844  -31.031 0.4000000060
8004  43.549  -66.485  -28.666 0.3000000119
7337  39.569  -67.175  -31.238 0.3000000119
7336  40.284  -67.059  -31.000 0.3000000119
8005  42.947  -65.975  -27.946 0.3000000119
8753  41.969  -66.148  -28.088 0.3000000119
8735  42.334  -65.405  -27.407 0.3000000119
8776  39.287  -65.223  -30.363 0.4000000060
9494  39.311  -64.343  -26.531 0.3000000119
6595  41.441  -68.649  -30.180 0.3000000119
6613  41.016  -67.915  -30.706 0.3000000119
6597  39.705  -68.002  -29.867 0.3000000119
11017  40.625  -62.531  -26.139 0.3000000119
9454  26.229  -63.953  -21.847 0.4000000060
1652  36.607  -78.661  -23.824 0.3000000119
1661  36.665  -78.649  -24.574 0.3000000119
2798  35.230  -75.379  -28.505 0.3000000119
4779  36.272  -71.073  -34.443 0.4000000060
5345  36.719  -70.595  -29.701 0.3000000119
5365  37.239  -70.551  -31.679 0.5000000000
5371  37.119  -70.517  -33.077 0.5000000000
5953  42.596  -69.242  -30.021 0.3000000119
6002  36.895  -70.384  -33.533 0.5000000000
6569  29.696  -68.320  -27.864 0.5000000000
6583  29.759  -68.545  -28.733 0.5000000000
6596  40.560  -68.398  -29.948 0.3000000119
6611  42.735  -68.570  -30.327 0.3000000119
6616  35.537  -68.417  -30.692 0.3000000119
7223  29.302  -66.830  -23.272 0.5000000000
7250  32.954  -67.285  -25.228 0.6000000238
7257  34.171  -67.757  -25.784 0.6000000238
7268  34.441  -67.890  -26.622 0.6000000238
7281  35.202  -67.209  -27.763 0.5000000000
7285  31.343  -65.984  -28.063 0.6999999881
7314  44.496  -67.783  -30.399 0.3000000119
7318  38.180  -67.312  -30.299 0.3000000119
7338  38.810  -67.071  -31.498 0.3000000119
7345  29.235  -67.791  -30.980 0.6000000238
7961  33.723  -67.357  -25.115 0.6000000238
7973  35.520  -66.719  -26.535 0.6000000238
7975  32.279  -66.726  -25.745 0.6999999881
7976  31.514  -65.978  -26.358 0.6999999881
8027  43.062  -67.234  -29.326 0.3000000119
8033  31.197  -66.288  -29.635 0.6999999881
8053  40.107  -66.268  -31.375 0.3000000119
8054  39.155  -66.322  -31.908 0.3000000119
8059  32.626  -66.420  -31.574 0.5000000000
8108  35.162  -65.812  -35.402 0.4000000060
8665  27.268  -65.768  -21.604 0.5000000000
8666  26.137  -65.541  -21.610 0.5000000000
8690  24.762  -65.851  -23.361 0.6000000238
8698  30.136  -65.316  -25.256 0.6000000238
8708  36.700  -65.202  -25.858 0.4000000060
8722  38.032  -65.016  -26.970 0.3000000119
8741  36.905  -65.573  -26.950 0.6000000238
8754  40.904  -65.860  -28.288 0.3000000119
8757  37.462  -65.307  -28.333 0.4000000060
8775  40.096  -65.659  -30.148 0.3000000119
8779  35.836  -65.742  -29.169 0.5000000000
8795  35.686  -64.972  -30.638 0.4000000060
8810  38.788  -65.760  -32.327 0.4000000060
8812  33.746  -65.457  -32.262 0.4000000060
8834  37.699  -65.014  -34.394 0.4000000060
8846  30.871  -64.326  -36.380 0.4000000060
9443  28.648  -64.190  -21.804 0.5000000000
9444  26.133  -64.722  -21.650 0.4000000060
9463  30.057  -63.915  -23.293 0.5000000000
9480  36.200  -64.746  -25.494 0.6999999881
9482  33.922  -64.568  -24.628 0.6000000238
9496  37.895  -64.684  -26.347 0.4000000060
9526  36.925  -64.846  -30.054 0.4000000060
9533  38.142  -64.635  -31.666 0.4000000060
9547  37.192  -64.221  -32.657 0.4000000060
9560  38.203  -65.005  -33.465 0.4000000060
9565  33.931  -64.333  -33.954 0.4000000060
9577  35.833  -64.685  -34.632 0.4000000060
9580  32.126  -63.856  -35.734 0.4000000060
9600  33.735  -64.614  -35.883 0.4000000060
9601  32.901  -64.574  -36.366 0.4000000060
10216  27.467  -63.376  -21.403 0.6000000238
10227  29.646  -63.735  -22.608 0.5000000000
10234  33.077  -63.883  -23.596 0.6999999881
10235  32.537  -63.820  -23.329 0.6999999881
10243  33.492  -63.979  -24.239 0.8000000119
10260  21.911  -63.105  -25.852 0.6000000238
10270  38.855  -63.937  -26.158 0.3000000119
10275  22.380  -63.243  -26.671 0.6000000238
10285  22.640  -63.327  -27.457 0.4000000060
10974  19.639  -61.922  -23.713 0.6000000238
10975  18.844  -62.028  -23.902 0.6000000238
10979  36.758  -61.600  -24.738 0.4000000060
10980  36.465  -62.435  -24.876 0.4000000060
10981  35.843  -61.800  -24.906 0.4000000060
10985  22.040  -62.471  -24.670 0.5000000000
10987  19.968  -62.437  -24.130 0.6000000238
10989  17.688  -62.396  -24.813 0.6000000238
10990  16.883  -62.124  -24.881 0.6000000238
10994  39.857  -62.430  -25.651 0.3000000119
10996  38.231  -62.152  -24.902 0.4000000060
11005  21.095  -62.929  -25.235 0.6000000238
11006  20.482  -62.704  -24.659 0.6000000238
11008  18.563  -62.543  -24.758 0.6000000238
11020  32.213  -62.883  -26.181 0.8000000119
11026  22.862  -63.054  -26.104 0.5000000000
11029  18.671  -62.652  -26.198 0.6000000238
11032  16.049  -62.327  -25.895 0.6000000238
11046  20.383  -62.563  -27.449 0.6000000238
11047  19.441  -62.524  -27.046 0.6000000238
11052  14.772  -62.307  -27.478 0.5000000000
11068  17.180  -62.182  -28.141 0.5000000000
11083  21.087  -62.162  -29.006 0.5000000000
11736  27.255  -61.670  -21.557 0.6000000238
11737  26.749  -61.550  -21.953 0.5000000000
11746  26.616  -61.527  -22.662 0.5000000000
11755  21.045  -61.744  -23.684 0.6000000238
11756  20.440  -61.408  -23.516 0.6000000238
11757  19.048  -61.309  -23.684 0.6000000238
11765  22.806  -61.421  -24.643 0.5000000000
11767  21.528  -62.118  -24.098 0.5000000000
11783  23.240  -61.698  -25.346 0.5000000000
11785  16.221  -61.680  -25.061 0.6000000238
11787  15.051  -61.440  -25.905 0.6000000238
11803  15.228  -62.087  -26.118 0.5000000000
11804  14.557  -61.644  -26.468 0.5000000000
11812  33.392  -63.216  -27.884 0.6999999881
11813  31.028  -62.050  -27.839 0.6000000238
11825  32.049  -62.827  -28.881 0.6000000238
11843  30.791  -61.316  -30.808 0.6000000238
11845  21.267  -61.699  -29.567 0.5000000000
11847  19.278  -61.190  -29.317 0.5000000000
11848  18.381  -61.314  -29.405 0.5000000000
11849  17.555  -61.464  -29.559 0.5000000000
11871  31.115  -61.224  -31.554 0.6000000238
12507  29.215  -60.728  -21.038 0.6999999881
12518  21.168  -60.072  -23.178 0.6000000238
12524  26.904  -60.803  -23.182 0.4000000060
12525  22.923  -60.298  -23.651 0.5000000000
12529  18.955  -60.486  -23.727 0.6000000238
12536  27.175  -60.988  -24.236 0.4000000060
12540  17.630  -61.266  -24.342 0.6000000238
12549  35.003  -61.254  -25.823 0.4000000060
12552  23.347  -60.254  -25.166 0.5000000000
12562  38.696  -60.540  -26.280 0.4000000060
12569  27.235  -60.325  -26.813 0.5000000000
12572  15.756  -60.365  -25.479 0.6000000238
12578  37.704  -59.688  -26.882 0.4000000060
12584  26.556  -60.024  -28.775 0.6000000238
12586  24.968  -60.300  -28.357 0.5000000000
12588  13.825  -60.393  -27.001 0.5000000000
12596  34.745  -60.386  -28.149 0.5000000000
12598  33.567  -61.451  -29.106 0.5000000000
12601  25.420  -59.756  -28.825 0.6000000238
12610  34.181  -60.064  -29.443 0.5000000000
12628  19.435  -60.447  -30.736 0.5000000000
12651  29.637  -60.214  -33.417 0.4000000060
12652  29.230  -60.065  -34.342 0.4000000060
12662  30.513  -60.460  -34.587 0.4000000060
12670  30.384  -60.224  -35.368 0.4000000060
12671  29.819  -60.266  -35.247 0.4000000060
12672  29.378  -60.144  -34.959 0.4000000060
12678  30.012  -60.226  -35.518 0.4000000060
12679  29.726  -60.243  -35.287 0.4000000060
13256  28.585  -59.985  -21.446 0.6999999881
13264  31.661  -59.604  -22.416 0.6999999881
13269  22.210  -59.226  -23.069 0.6000000238
13277  32.419  -59.561  -23.635 0.6999999881
13280  23.802  -59.221  -23.938 0.5000000000
13282  22.586  -59.754  -23.294 0.5000000000
13290  27.486  -59.525  -24.857 0.6999999881
13293  18.611  -59.939  -24.162 0.6000000238
13301  23.607  -59.520  -25.700 0.5000000000
13303  17.410  -59.667  -25.084 0.6000000238
13317  16.276  -59.463  -26.029 0.6000000238
13331  25.819  -59.220  -28.748 0.6000000238
13343  36.166  -59.109  -28.026 0.4000000060
13388  29.906  -59.914  -32.645 0.5000000000
13412  29.391  -59.876  -34.603 0.4000000060
14104  30.333  -58.466  -22.177 0.6999999881
14106  28.415  -58.760  -22.312 0.6999999881
14107  23.435  -58.182  -23.067 0.6000000238
14108  22.910  -58.050  -22.853 0.5000000000
14109  21.807  -58.635  -22.988 0.6000000238
14119  31.691  -58.221  -23.151 0.6999999881
14120  28.122  -58.311  -23.592 0.6999999881
14121  27.878  -58.758  -22.971 0.6999999881
14123  23.601  -58.673  -23.400 0.6000000238
14125  19.721  -58.572  -23.873 0.5000000000
14130  32.517  -58.355  -24.426 0.6000000238
14134  19.575  -58.071  -24.432 0.6000000238
14143  23.889  -58.861  -26.110 0.6000000238
14153  27.361  -58.867  -26.706 0.6999999881
14156  24.043  -58.887  -26.815 0.6000000238
14158  17.674  -58.521  -26.484 0.6000000238
14165  39.753  -58.382  -27.705 0.3000000119
14172  25.248  -58.468  -27.918 0.6000000238
14174  18.193  -58.031  -27.024 0.6000000238
14175  17.592  -58.193  -27.474 0.6000000238
14188  31.917  -58.407  -28.938 0.6999999881
14215  34.377  -58.794  -30.769 0.4000000060
14227  34.508  -58.919  -31.531 0.4000000060
14237  30.083  -59.554  -33.508 0.5000000000
14921  24.282  -57.116  -23.198 0.4000000060
14923  22.689  -57.265  -22.807 0.6000000238
14925  21.487  -57.957  -23.060 0.5000000000
14938  29.579  -57.083  -23.446 0.6000000238
14941  24.503  -57.555  -23.764 0.5000000000
14944  20.550  -57.215  -23.744 0.6000000238
14965  18.881  -57.888  -25.919 0.6000000238
14976  24.368  -57.070  -27.121 0.6000000238
14978  19.032  -57.438  -26.790 0.6000000238
14986  39.478  -57.508  -27.601 0.3000000119
14989  32.234  -57.202  -27.164 0.6999999881
14993  18.675  -57.584  -27.678 0.6000000238
14994  18.128  -57.828  -28.279 0.4000000060
15014  18.780  -57.465  -29.025 0.4000000060
15035  31.584  -57.300  -30.418 0.6000000238
15752  24.531  -56.381  -23.283 0.4000000060
15753  23.965  -56.530  -22.937 0.5000000000
15755  22.346  -56.465  -22.947 0.6000000238
15773  30.184  -56.511  -23.753 0.6000000238
15774  25.027  -56.665  -24.106 0.5000000000
15775  24.753  -56.856  -23.597 0.5000000000
15776  21.573  -56.437  -23.222 0.6000000238
15791  32.024  -56.660  -24.822 0.6999999881
15792  31.368  -56.038  -24.408 0.6000000238
15794  29.807  -56.119  -24.327 0.6000000238
15795  24.375  -56.669  -25.166 0.5000000000
15796  20.407  -56.509  -24.111 0.6000000238
15844  31.380  -55.865  -26.842 0.6999999881
15865  36.682  -56.806  -28.818 0.3000000119
15875  31.636  -56.575  -29.177 0.6000000238
15900  26.026  -56.943  -32.499 0.5000000000
16635  24.274  -55.910  -23.099 0.5000000000
16637  22.807  -55.756  -23.004 0.6000000238
16649  22.433  -55.056  -23.180 0.4000000060
16650  21.254  -55.652  -23.535 0.5000000000
16661  30.834  -55.659  -24.721 0.6999999881
16665  20.130  -55.052  -24.832 0.5000000000
16669  30.642  -55.503  -25.474 0.6999999881
16670  29.685  -55.549  -25.601 0.6999999881
16671  28.777  -55.780  -25.846 0.6999999881
16672  24.332  -55.926  -25.875 0.6999999881
16678  30.151  -55.400  -26.328 0.6999999881
16683  24.082  -55.171  -26.903 0.5000000000
16684  19.491  -55.687  -26.480 0.4000000060
16706  38.000  -55.937  -27.919 0.3000000119
16709  29.367  -55.340  -27.934 0.6000000238
16710  28.430  -55.351  -27.911 0.8000000119
16711  27.857  -55.569  -27.205 0.8000000119
16715  19.497  -55.814  -28.009 0.4000000060
16727  30.645  -55.535  -28.553 0.6000000238
16728  29.908  -55.398  -28.698 0.6000000238
16732  24.118  -54.883  -28.096 0.6999999881
16739  30.566  -55.669  -29.416 0.6000000238
16742  25.415  -55.152  -29.091 0.8000000119
16744  24.172  -54.590  -28.678 0.5000000000
16754  24.409  -54.850  -30.320 0.6000000238
16763  28.316  -56.270  -31.313 0.6000000238
17481  19.829  -54.618  -25.510 0.4000000060
17488  19.597  -54.739  -26.338 0.4000000060
17508  40.691  -54.173  -27.507 0.3000000119
17517  39.394  -54.190  -28.069 0.3000000119
17518  38.842  -54.739  -27.994 0.3000000119
17520  19.449  -54.655  -29.091 0.3000000119
17524  38.855  -54.552  -28.643 0.3000000119
17549  24.106  -54.786  -31.886 0.6000000238
18232  21.487  -53.812  -23.917 0.4000000060
18233  20.724  -53.523  -24.660 0.4000000060
18252  19.652  -53.918  -26.743 0.4000000060
18291  24.098  -54.121  -28.794 0.5000000000
18299  24.113  -54.066  -29.684 0.5000000000
18313  24.262  -53.951  -30.628 0.6000000238
19057  20.698  -52.830  -25.101 0.4000000060
19072  19.695  -53.291  -27.136 0.4000000060
19138  17.965  -52.231  -30.433 0.3000000119
19926  20.926  -51.837  -25.855 0.4000000060
19934  20.655  -51.814  -26.604 0.4000000060
19970  16.733  -51.458  -28.371 0.4000000060
19981  17.297  -51.795  -30.002 0.3000000119
19995  19.388  -51.414  -30.040 0.3000000119
19997  18.076  -51.549  -30.011 0.3000000119
20965  20.658  -50.663  -30.014 0.3000000119
20966  18.491  -50.329  -29.531 0.3000000119
20982  20.387  -50.317  -30.321 0.3000000119
21799  16.652  -49.462  -27.723 0.3000000119
21815  21.572  -49.610  -29.904 0.3000000119
21829  21.296  -49.276  -30.275 0.3000000119
22664  24.543  -48.534  -26.804 0.4000000060
22677  23.935  -48.627  -27.275 0.4000000060
22691  24.020  -47.947  -28.454 0.4000000060
22695  16.705  -48.544  -27.801 0.3000000119
22715  19.555  -48.294  -29.377 0.3000000119
22735  22.527  -48.319  -30.280 0.3000000119
22739  19.607  -49.243  -29.806 0.3000000119
23558  25.696  -47.668  -26.865 0.4000000060
23572  24.684  -47.569  -27.946 0.4000000060
23573  14.835  -47.600  -27.820 0.4000000060
23592  17.318  -47.376  -28.221 0.3000000119
23605  20.267  -47.236  -29.629 0.3000000119
23607  18.897  -47.786  -28.819 0.3000000119
23627  23.523  -46.880  -30.332 0.4000000060
23628  23.451  -47.503  -30.151 0.3000000119
23630  21.458  -47.907  -30.422 0.3000000119
24438  18.165  -46.227  -28.572 0.3000000119
24441  15.148  -46.479  -28.548 0.3000000119
24453  20.410  -46.395  -29.517 0.3000000119
24454  19.691  -46.610  -29.078 0.3000000119
24468  22.417  -46.877  -30.589 0.3000000119
24469  21.709  -46.365  -30.368 0.4000000060
25261  13.735  -44.886  -26.765 0.3000000119
25288  20.495  -45.549  -29.578 0.3000000119
25303  24.143  -45.355  -30.208 0.4000000060
25304  23.551  -45.560  -30.525 0.4000000060
25305  22.824  -45.565  -30.646 0.4000000060
26111  15.529  -43.951  -28.389 0.3000000119
26134  23.220  -44.425  -30.616 0.3000000119
27012  16.807  -43.626  -26.041 0.3000000119
27013  16.157  -43.343  -26.396 0.3000000119
27029  15.859  -42.841  -27.071 0.3000000119
27030  15.359  -43.137  -27.292 0.3000000119
27044  15.714  -42.593  -27.740 0.3000000119
27045  15.283  -43.270  -27.774 0.3000000119
27072  19.348  -43.197  -29.681 0.3000000119
27073  18.535  -43.162  -29.459 0.3000000119
27074  17.760  -43.080  -29.254 0.3000000119
27085  24.219  -43.848  -30.349 0.3000000119
27087  22.768  -43.818  -30.580 0.3000000119
27088  21.610  -42.889  -30.426 0.3000000119
27089  20.763  -43.854  -30.210 0.3000000119
27969  19.508  -42.771  -27.231 0.3000000119
27983  19.222  -42.546  -27.843 0.3000000119
27995  19.121  -42.456  -28.688 0.3000000119
27997  17.686  -42.652  -28.840 0.3000000119
28010  18.925  -42.725  -29.238 0.3000000119
28023  22.742  -42.492  -30.519 0.3000000119
28025  21.237  -42.439  -30.285 0.3000000119
28957  20.000  -42.103  -28.782 0.3000000119
28972  20.219  -42.040  -29.303 0.3000000119
28985  25.652  -41.594  -30.151 0.3000000119
28990  21.281  -41.801  -30.110 0.3000000119
29910  21.213  -40.919  -28.051 0.3000000119
30882  21.802  -40.088  -28.970 0.3000000119
118873  19.973  -59.708  -23.366 0.5000000000
119163  31.004  -63.615  -23.161 0.6000000238
119323  32.480  -58.994  -25.871 0.6999999881
119387  26.732  -55.537  -27.678 0.8000000119
119422  23.983  -43.096  -30.514 0.3000000119
119697  23.139  -60.984  -25.112 0.5000000000
119870  24.434  -60.908  -27.421 0.5000000000
119927  28.971  -62.903  -21.537 0.5000000000
120586  27.978  -55.321  -28.679 0.8000000119
121093  28.962  -57.094  -24.039 0.6000000238
122074  20.785  -57.983  -23.387 0.5000000000
122847  26.194  -63.038  -23.747 0.5000000000
123287  28.581  -57.101  -24.900 0.6999999881
123503  24.239  -57.977  -24.691 0.6000000238
123550  22.378  -53.763  -23.466 0.4000000060
123710  20.952  -41.133  -28.476 0.3000000119
124196  30.273  -60.239  -31.661 0.6999999881
124489  15.691  -62.425  -27.651 0.5000000000
124647  31.584  -61.040  -22.101 0.6999999881
124705  15.377  -59.772  -26.215 0.6000000238
124885  24.175  -54.453  -31.083 0.6000000238
125092  26.507  -60.781  -28.167 0.5000000000
126201  36.910  -60.188  -25.834 0.4000000060
126304  38.964  -58.063  -27.601 0.3000000119
126568  23.438  -60.073  -26.145 0.6000000238
126611  37.831  -65.847  -33.075 0.4000000060
126671  22.012  -54.458  -23.402 0.5000000000
126848  20.306  -55.844  -24.441 0.5000000000
126867  30.332  -66.105  -30.672 0.6000000238
126929  37.339  -63.895  -25.476 0.4000000060
127040  19.464  -55.259  -27.194 0.4000000060
127085  30.729  -55.476  -27.216 0.6000000238
127248  25.637  -64.722  -24.711 0.6000000238
127969  21.798  -47.210  -30.477 0.3000000119
128429  16.912  -44.573  -29.262 0.3000000119
128519  19.348  -57.527  -25.141 0.6000000238
128812  40.073  -54.727  -27.524 0.3000000119
129209  27.917  -61.984  -21.244 0.6000000238
129221  33.897  -64.325  -35.601 0.4000000060
129344  30.159  -60.522  -33.743 0.4000000060
129534  33.966  -59.478  -32.322 0.5000000000
129591  18.833  -44.904  -29.146 0.3000000119
130081  13.661  -48.546  -27.749 0.3000000119
130510  20.051  -61.205  -29.380 0.5000000000
130511  21.009  -46.178  -29.863 0.3000000119
130910  22.956  -47.859  -30.429 0.3000000119
130952  29.419  -67.965  -26.261 0.5000000000
130963  32.434  -58.676  -26.588 0.6999999881
131209  19.645  -59.152  -23.659 0.6000000238
131894  21.205  -62.850  -27.771 0.6000000238
132631  20.491  -41.735  -28.459 0.3000000119
132768  16.531  -45.942  -28.683 0.5000000000
133201  32.097  -60.034  -26.185 0.6999999881
133499  16.211  -42.327  -28.147 0.3000000119
133634  20.350  -49.312  -30.267 0.3000000119
133972  34.648  -66.456  -24.953 0.6999999881
134027  39.990  -65.530  -28.126 0.3000000119
134054  22.202  -49.242  -29.426 0.3000000119
135377  30.738  -65.768  -28.389 0.6000000238
135859  31.242  -56.050  -29.551 0.6000000238
136370  33.484  -63.662  -25.344 0.6999999881
136646  16.092  -48.760  -27.543 0.4000000060
136876  32.444  -57.730  -27.647 0.6999999881
137461  36.407  -65.830  -35.027 0.4000000060
138245  16.580  -52.096  -28.082 0.4000000060
138386  15.288  -48.446  -27.594 0.4000000060
138667  18.153  -50.930  -29.665 0.3000000119
138790  30.428  -59.800  -21.519 0.6999999881
138852  32.425  -58.279  -27.712 0.6999999881
139299  32.418  -60.994  -23.238 0.6999999881
139872  18.323  -62.233  -24.320 0.6000000238
139991  44.896  -69.663  -29.437 0.3000000119
140214  32.358  -62.225  -23.164 0.8000000119
140314  34.286  -62.102  -27.154 0.5000000000
140830  35.254  -59.911  -27.763 0.4000000060
140985  27.603  -58.381  -26.245 0.6999999881
141005  24.724  -59.712  -28.233 0.5000000000
141191  30.322  -64.537  -24.285 0.6000000238
141300  32.221  -60.595  -25.091 0.6000000238
141343  27.775  -61.489  -21.309 0.6000000238
141519  29.582  -66.203  -23.672 0.5000000000
141836  35.836  -62.632  -25.085 0.4000000060
141869  24.038  -54.891  -27.296 0.5000000000
142043  32.483  -62.817  -25.435 0.6999999881
142046  36.696  -71.722  -29.355 0.3000000119
142945  29.206  -64.163  -22.285 0.5000000000
142969  32.178  -64.669  -36.635 0.4000000060
143266  24.846  -56.117  -24.706 0.6000000238
143430  22.738  -48.968  -28.995 0.3000000119
143794  21.780  -62.862  -25.104 0.6000000238
