#!ascii label  , from subject sub-v1s20x0050327_ses-1 vox2ras=TkReg
1095
68312  15.310  -3.827  6.437 0.2500000000
67460  15.490  -4.054  6.366 0.2500000000
67459  15.976  -4.168  6.001 0.7500000000
70106  12.046  -2.379  6.016 0.2500000000
70105  12.863  -2.890  5.866 0.1250000000
70121  11.915  -2.265  5.737 0.3750000000
69223  13.261  -3.284  5.495 0.2500000000
67475  14.422  -4.387  5.147 0.7500000000
68323  14.373  -4.331  5.275 0.3750000000
66596  16.585  -4.823  5.535 0.8750000000
67474  15.634  -4.222  4.826 0.8750000000
66605  17.140  -5.042  3.738 0.8750000000
70120  12.497  -2.751  5.316 0.3750000000
69222  13.580  -3.931  5.141 0.3750000000
69238  13.503  -3.660  4.516 0.8750000000
68341  13.861  -4.440  4.719 0.7500000000
68373  15.666  -4.737  2.855 1.0000000000
68357  14.602  -4.521  3.689 1.0000000000
66617  16.251  -5.940  2.886 1.0000000000
67488  14.956  -5.209  3.906 0.8750000000
113841  16.764  -6.106  2.295 1.0000000000
70957  11.318  -1.697  6.101 0.2500000000
70133  12.519  -2.563  4.541 0.8750000000
69254  13.612  -3.259  3.740 0.8750000000
69239  13.000  -3.261  4.980 0.7500000000
68372  16.347  -4.468  2.557 1.0000000000
68374  14.969  -4.143  2.878 1.0000000000
69253  14.297  -3.702  3.368 1.0000000000
67508  17.703  -5.410  1.945 1.0000000000
68389  16.980  -4.979  2.163 1.0000000000
67509  17.212  -5.710  1.951 1.0000000000
67497  15.738  -5.389  3.030 1.0000000000
70941  11.247  -1.576  6.363 0.1250000000
70971  11.298  -1.603  5.446 0.6250000000
70153  12.844  -2.273  3.768 1.0000000000
70134  11.773  -2.103  4.843 0.8750000000
122452  13.250  -2.731  3.773 1.0000000000
69280  18.073  -4.179  3.598 1.0000000000
68371  17.110  -4.241  2.812 1.0000000000
69268  15.389  -3.291  2.640 1.0000000000
70172  14.717  -2.637  2.714 1.0000000000
68387  18.545  -5.089  3.181 1.0000000000
68388  17.654  -4.951  2.989 1.0000000000
105414  20.322  -5.247  2.894 1.0000000000
67507  18.491  -5.697  1.859 1.0000000000
74377  6.939  2.716  8.964 0.2500000000
70958  10.788  -1.163  6.770 0.2500000000
71847  10.236  -0.607  6.338 0.3750000000
70972  10.790  -1.114  5.908 0.5000000000
70988  10.794  -1.008  5.043 1.0000000000
71861  10.423  -0.459  5.554 0.6250000000
113645  11.883  -1.354  4.320 1.0000000000
71004  13.462  -1.728  3.367 1.0000000000
71005  12.666  -1.304  3.752 1.0000000000
69279  19.132  -3.795  3.406 1.0000000000
69266  17.524  -3.403  3.343 1.0000000000
71022  14.908  -1.826  2.704 1.0000000000
69264  19.701  -3.197  3.339 1.0000000000
120410  20.604  -4.196  3.237 1.0000000000
69262  20.563  -3.145  3.344 1.0000000000
68356  21.114  -3.601  3.441 1.0000000000
74393  9.799  3.665  7.145 0.5000000000
73499  7.201  2.034  8.430 0.3750000000
73518  8.306  1.357  7.838 0.3750000000
72704  8.913  0.939  6.794 0.5000000000
73533  9.396  1.347  6.747 0.5000000000
73540  11.798  1.641  5.661 0.8750000000
72714  11.017  -0.115  5.033 1.0000000000
74416  11.413  1.715  4.867 1.0000000000
71003  14.265  -1.328  3.052 1.0000000000
71876  12.220  -0.625  4.179 1.0000000000
71019  17.721  -1.532  3.881 1.0000000000
71020  16.958  -1.449  3.566 1.0000000000
70151  20.261  -2.472  3.375 1.0000000000
107512  19.816  -2.575  3.367 1.0000000000
107275  21.225  -2.897  3.508 0.8750000000
75234  9.748  3.678  8.217 0.5000000000
73517  9.517  2.312  8.077 0.5000000000
117729  10.779  2.757  7.258 0.6250000000
74405  11.055  2.995  6.536 0.6250000000
74417  11.220  2.001  5.056 1.0000000000
73541  11.929  2.114  6.169 0.7500000000
72736  11.807  0.819  4.968 1.0000000000
71907  18.192  -0.634  3.819 1.0000000000
71893  16.861  -0.021  4.058 1.0000000000
71894  15.869  -0.182  3.737 1.0000000000
72754  14.006  0.074  3.568 1.0000000000
111948  19.422  -1.248  3.409 1.0000000000
71018  18.698  -1.519  3.506 1.0000000000
71909  16.475  -0.754  3.545 1.0000000000
71904  19.981  -1.110  3.443 0.8750000000
71017  19.899  -1.884  3.388 1.0000000000
70149  21.424  -2.188  3.661 0.8750000000
74392  10.172  3.798  7.613 0.5000000000
74404  10.444  3.643  6.908 0.8750000000
74453  9.567  1.901  2.375 1.0000000000
107268  9.293  1.367  2.516 1.0000000000
71892  17.710  0.114  4.081 1.0000000000
73559  13.907  1.499  4.360 1.0000000000
125451  12.365  0.674  4.650 1.0000000000
72731  16.703  1.450  4.731 1.0000000000
120935  20.615  -0.924  3.456 1.0000000000
71906  18.904  -0.521  3.499 1.0000000000
72751  17.222  0.795  4.368 1.0000000000
71905  19.483  -0.440  3.449 1.0000000000
75233  9.969  4.071  8.180 0.5000000000
120189  8.154  3.730  6.307 0.8750000000
75243  7.315  3.500  5.150 1.0000000000
125620  9.759  3.883  2.953 1.0000000000
75295  8.752  2.345  2.113 1.0000000000
75259  7.291  2.859  3.846 1.0000000000
74435  15.408  2.817  4.975 1.0000000000
74436  14.356  2.467  4.508 1.0000000000
73577  18.096  1.640  4.349 1.0000000000
73557  16.091  2.095  5.098 1.0000000000
73558  15.047  1.829  4.692 1.0000000000
71891  19.492  0.206  3.465 1.0000000000
72730  17.476  1.590  4.574 1.0000000000
125312  20.603  -0.322  3.455 0.8750000000
80090  9.126  9.346  8.270 1.0000000000
111807  8.550  10.253  9.531 0.3750000000
79391  9.301  8.559  7.699 0.8750000000
76963  8.593  6.399  4.603 1.0000000000
116853  14.660  3.518  4.480 1.0000000000
114773  12.519  3.656  4.392 1.0000000000
80738  10.458  11.707  8.624 0.8750000000
80089  10.569  9.617  7.767 1.0000000000
79390  10.226  8.789  7.480 1.0000000000
79406  10.038  8.166  7.058 1.0000000000
77831  11.527  6.710  6.194 1.0000000000
76987  10.466  5.411  4.626 1.0000000000
75274  13.883  4.070  4.194 1.0000000000
76116  13.259  4.743  4.449 1.0000000000
75273  15.623  3.884  4.891 1.0000000000
80754  12.054  11.043  8.015 0.7500000000
79405  11.152  8.115  7.034 1.0000000000
76115  14.238  5.316  3.989 1.0000000000
77872  12.105  5.978  4.992 1.0000000000
76986  12.556  5.426  4.641 1.0000000000
79389  11.756  8.961  7.281 1.0000000000
78682  12.624  7.048  5.544 1.0000000000
77871  13.610  6.343  4.227 1.0000000000
80770  20.716  10.557  6.149 0.1250000000
80771  19.872  10.587  5.749 0.2500000000
80776  20.401  10.781  5.117 0.1250000000
80114  19.952  10.353  4.604 0.3750000000
81435  20.727  11.285  4.489 0.2500000000
80784  20.445  10.633  4.154 0.5000000000
80800  20.845  11.155  3.739 0.3750000000
81434  21.435  11.763  5.155 0.2500000000
81443  20.945  12.084  4.295 0.2500000000
82120  21.012  12.630  3.950 0.2500000000
81444  20.846  11.930  3.857 0.2500000000
82137  21.215  12.464  3.697 0.2500000000
82864  21.727  13.091  3.401 0.3750000000
68303  14.708  -4.514  7.440 0.1250000000
68324  14.702  -3.134  5.580 0.2500000000
69208  14.492  -2.621  5.746 0.1250000000
108606  18.976  -5.999  1.953 1.0000000000
106182  8.070  2.319  4.075 0.8750000000
74437  13.254  2.127  4.369 1.0000000000
108739  14.882  -5.770  7.620 0.1250000000
66581  16.198  -5.583  6.533 0.6250000000
65752  17.379  -6.416  5.600 0.7500000000
127590  17.848  -6.252  4.982 1.0000000000
68313  14.852  -3.220  6.549 0.1250000000
65791  17.385  -7.228  2.087 1.0000000000
66627  18.720  -6.661  1.401 1.0000000000
105842  20.005  -6.306  2.559 1.0000000000
111146  10.182  -0.493  6.983 0.3750000000
72643  7.596  1.740  8.592 0.2500000000
71833  8.959  0.561  7.919 0.2500000000
68355  21.803  -3.593  4.024 0.8750000000
70132  22.338  -2.198  4.387 0.8750000000
69252  21.808  -2.775  4.051 0.8750000000
70986  22.469  -1.328  4.341 0.8750000000
107390  8.080  11.095  10.919 0.1250000000
79340  8.060  10.289  10.580 0.1250000000
76076  8.600  4.960  8.024 0.3750000000
76075  6.992  5.594  6.481 0.6250000000
72748  19.148  0.943  3.578 1.0000000000
126931  21.090  -0.927  3.519 0.8750000000
80739  8.727  11.422  10.016 0.5000000000
80069  9.558  10.434  8.625 0.8750000000
79375  9.221  9.387  8.302 0.3750000000
78645  9.233  6.934  7.240 0.8750000000
74434  16.308  3.071  5.411 1.0000000000
74433  17.120  3.176  5.257 1.0000000000
74415  16.449  4.038  5.121 1.0000000000
80755  11.194  10.416  7.994 1.0000000000
75257  14.940  4.731  4.341 1.0000000000
108092  12.525  10.166  7.740 0.8750000000
79403  13.477  8.492  6.330 1.0000000000
78681  13.499  7.437  4.800 1.0000000000
76985  13.979  6.035  3.878 1.0000000000
126415  20.944  10.388  6.855 0.1250000000
80102  19.295  10.620  6.757 0.1250000000
79398  18.009  9.529  6.039 0.6250000000
80145  20.826  10.356  3.627 0.5000000000
80775  21.116  10.859  5.600 0.2500000000
80799  21.329  10.882  3.446 0.5000000000
82108  21.386  12.625  4.525 0.2500000000
81458  21.190  11.702  3.553 0.5000000000
82136  21.704  12.204  3.433 0.5000000000
82865  21.379  13.229  3.733 0.2500000000
83631  21.594  14.104  3.321 0.2500000000
118497  22.288  12.577  3.320 0.3750000000
83638  21.735  14.643  2.842 0.2500000000
82853  21.363  13.300  4.191 0.1250000000
67446  15.178  -4.822  7.087 0.1250000000
66582  15.629  -5.128  6.892 0.5000000000
66595  17.252  -5.278  5.044 0.7500000000
66606  16.325  -4.810  4.398 0.8750000000
65765  17.768  -5.703  4.558 1.0000000000
66604  17.100  -6.260  3.418 1.0000000000
68358  13.878  -4.228  4.023 1.0000000000
66629  17.346  -6.502  1.928 1.0000000000
112802  17.894  -6.165  1.609 1.0000000000
70987  11.401  -1.339  4.818 0.8750000000
71023  14.120  -2.159  3.024 1.0000000000
120314  19.299  -4.540  3.262 1.0000000000
69281  16.137  -2.805  2.624 1.0000000000
70171  15.544  -2.385  2.722 1.0000000000
68369  19.934  -4.614  3.065 1.0000000000
67495  19.502  -5.694  2.616 1.0000000000
71849  9.084  0.405  7.093 0.3750000000
71862  9.783  -0.102  5.934 0.5000000000
109461  10.531  0.287  5.500 0.8750000000
71877  11.411  -0.814  4.596 1.0000000000
71896  13.605  -0.840  3.392 1.0000000000
110145  20.175  -3.736  3.272 1.0000000000
69265  18.530  -3.135  3.511 1.0000000000
70170  16.980  -2.785  3.346 1.0000000000
109683  17.249  -2.101  3.647 1.0000000000
70168  18.844  -2.359  3.425 1.0000000000
72715  10.994  1.199  6.059 0.6250000000
73542  11.118  2.295  6.465 0.6250000000
72713  11.699  0.983  5.457 1.0000000000
73562  9.873  1.630  3.367 1.0000000000
71895  14.617  -0.464  3.325 1.0000000000
72755  13.064  -0.321  3.810 1.0000000000
72735  12.680  0.197  4.297 1.0000000000
107072  19.389  -2.050  3.365 1.0000000000
71002  20.430  -1.742  3.404 0.8750000000
69237  22.611  -3.205  4.704 0.8750000000
73563  8.724  1.715  3.484 1.0000000000
73560  11.817  1.661  4.265 1.0000000000
72766  18.441  0.216  3.839 1.0000000000
71908  17.334  -0.722  3.883 1.0000000000
72753  15.178  0.399  3.872 1.0000000000
72733  14.542  0.942  4.116 1.0000000000
71001  21.081  -1.521  3.489 0.8750000000
74452  10.677  2.325  3.115 1.0000000000
127211  8.205  1.601  2.338 1.0000000000
74451  11.929  2.045  3.821 1.0000000000
73578  10.570  1.856  3.266 1.0000000000
72732  15.716  1.239  4.483 1.0000000000
118249  12.861  1.212  4.463 1.0000000000
72750  17.996  0.899  4.261 1.0000000000
72765  19.007  0.250  3.577 1.0000000000
75232  7.870  4.045  7.076 0.6250000000
75242  7.115  4.750  5.432 0.7500000000
75258  7.681  3.920  4.731 1.0000000000
76136  8.907  3.628  2.621 1.0000000000
76095  8.643  4.877  3.669 1.0000000000
75294  10.004  3.049  2.766 1.0000000000
76118  9.789  4.471  3.290 1.0000000000
75276  10.926  3.794  3.665 1.0000000000
73555  17.609  2.370  4.730 1.0000000000
117421  13.706  3.020  4.361 1.0000000000
75293  11.540  2.907  3.599 1.0000000000
78655  9.317  7.061  6.874 1.0000000000
76096  7.556  5.792  4.576 1.0000000000
120959  7.701  6.891  4.732 1.0000000000
76949  8.536  7.293  4.759 1.0000000000
76117  11.669  4.479  4.578 1.0000000000
109714  11.836  9.709  7.609 0.8750000000
77833  8.530  7.549  5.690 1.0000000000
77832  10.079  6.744  5.675 1.0000000000
77849  10.061  6.488  4.898 1.0000000000
78662  13.094  7.795  5.871 1.0000000000
77847  13.093  6.713  4.737 1.0000000000
79420  13.876  8.180  5.268 1.0000000000
80107  12.885  8.896  6.865 1.0000000000
114551  19.163  10.262  5.609 0.5000000000
117671  20.263  9.958  3.889 0.7500000000
66566  15.241  -5.946  7.476 0.2500000000
112697  13.995  -6.153  8.090 0.1250000000
66554  15.021  -6.208  7.506 0.1250000000
66565  15.584  -6.265  7.295 0.6250000000
65753  16.787  -6.030  6.069 0.7500000000
65780  17.108  -7.125  2.971 1.0000000000
79356  8.969  9.689  9.582 0.5000000000
76944  7.823  6.001  7.140 0.6250000000
76932  7.861  6.573  6.668 0.7500000000
76080  7.033  6.334  5.352 0.8750000000
125434  9.228  7.990  7.790 0.7500000000
77818  8.860  6.543  7.300 0.8750000000
77827  7.829  7.418  6.207 1.0000000000
80088  12.790  9.452  7.313 1.0000000000
77869  14.611  6.555  3.771 1.0000000000
80103  18.537  10.172  6.933 0.3750000000
79417  18.818  9.494  4.654 0.7500000000
80115  19.394  10.204  4.863 0.7500000000
79397  18.613  9.921  5.881 0.5000000000
80127  19.617  9.572  4.106 0.7500000000
82879  22.033  13.874  2.976 0.2500000000
82863  22.622  13.182  3.164 0.3750000000
63162  17.457  -11.183  7.020 0.7500000000
62315  18.438  -11.003  6.299 0.7500000000
63163  17.100  -10.608  7.135 0.7500000000
63190  18.702  -10.088  5.824 0.7500000000
63192  17.564  -10.497  6.783 0.7500000000
64034  17.698  -9.649  6.469 0.7500000000
63193  17.348  -9.785  6.805 0.7500000000
110783  18.700  -9.179  5.533 0.7500000000
64033  18.180  -9.415  6.032 0.7500000000
64056  17.871  -8.737  5.988 0.7500000000
64911  16.728  -8.011  6.695 0.7500000000
65738  16.783  -7.073  6.455 0.6250000000
64930  17.625  -7.941  5.849 0.8750000000
64931  17.259  -7.482  6.158 0.8750000000
64032  19.314  -9.358  5.410 0.7500000000
64928  18.812  -7.657  4.559 0.7500000000
64951  18.269  -6.967  4.850 0.8750000000
64966  18.488  -6.622  3.411 0.8750000000
64948  19.906  -7.780  4.019 0.7500000000
64071  19.265  -7.564  3.934 0.7500000000
64964  18.706  -8.922  2.260 0.8750000000
65779  17.703  -7.651  2.370 0.8750000000
112409  20.415  -7.860  2.956 0.7500000000
104933  19.675  -9.093  1.616 0.8750000000
104928  19.691  -7.763  1.489 0.8750000000
104949  21.562  -6.316  3.829 0.8750000000
120080  20.597  -6.910  2.758 0.8750000000
105991  21.368  -5.876  3.323 0.8750000000
105699  21.087  -5.139  3.214 0.8750000000
127805  25.967  -5.097  5.523 0.3750000000
105316  24.406  -4.753  5.608 0.6250000000
67473  22.779  -4.748  5.256 0.7500000000
109039  22.031  -4.514  4.450 0.7500000000
120021  25.566  -5.822  2.089 0.5000000000
104947  26.121  -4.536  4.831 0.5000000000
119899  24.258  -4.384  5.347 0.7500000000
68338  23.103  -4.043  5.205 0.7500000000
106219  23.432  -5.242  0.847 0.1250000000
68368  25.519  -5.133  2.047 0.3750000000
68337  25.467  -4.997  3.189 0.6250000000
69221  23.265  -3.921  5.016 0.6250000000
69236  23.451  -3.488  5.126 0.6250000000
68397  24.357  -4.280  -0.361 0.1250000000
68392  22.909  -3.873  -0.023 0.1250000000
68384  25.526  -4.309  1.632 0.1250000000
68383  26.604  -3.898  1.906 0.1250000000
69235  24.299  -3.215  3.581 0.6250000000
70130  24.122  -2.101  5.164 0.6250000000
70985  23.358  -1.899  4.839 0.7500000000
117368  24.245  -2.893  0.242 0.1250000000
104960  26.611  -3.304  1.197 0.1250000000
125851  25.534  -2.118  3.388 0.1250000000
70148  24.834  -1.554  5.282 0.5000000000
106904  23.392  -1.199  4.740 0.6250000000
71000  21.669  -0.858  3.831 0.7500000000
105529  24.823  -2.380  -0.726 0.1250000000
70147  25.572  -2.195  4.972 0.5000000000
71873  25.138  -0.960  5.503 0.5000000000
71875  22.723  -0.463  4.381 0.6250000000
71889  21.121  -0.317  3.536 0.7500000000
111768  12.694  11.549  8.204 0.6250000000
80086  14.770  9.561  7.491 0.5000000000
80087  13.656  9.695  7.552 0.7500000000
72729  22.568  0.444  4.313 0.6250000000
73573  20.959  1.123  3.481 0.6250000000
73574  19.686  1.180  3.440 0.8750000000
73552  23.281  0.835  4.616 0.5000000000
127272  21.933  0.714  4.015 0.6250000000
73572  21.675  1.250  3.813 0.6250000000
113568  20.246  1.757  3.416 0.7500000000
80105  14.495  9.188  6.944 0.7500000000
73576  18.574  1.669  3.995 0.8750000000
74414  17.124  4.081  5.070 0.8750000000
75255  16.560  4.822  4.658 0.8750000000
73575  19.143  1.867  3.614 0.7500000000
74450  18.771  2.814  3.951 0.8750000000
75271  18.028  4.138  4.642 0.8750000000
115817  17.740  4.816  4.640 0.8750000000
73551  24.464  0.728  5.268 0.3750000000
73553  22.468  1.245  4.323 0.5000000000
117656  22.012  1.857  4.122 0.5000000000
115165  21.328  2.034  3.625 0.6250000000
107248  25.577  1.306  5.537 0.2500000000
120151  23.496  1.500  4.779 0.3750000000
79401  15.926  8.724  6.454 0.6250000000
80106  13.678  9.115  6.869 0.8750000000
125788  14.876  8.935  6.550 0.7500000000
79402  14.386  8.698  6.177 0.8750000000
113863  14.000  6.734  3.572 0.8750000000
76960  16.378  5.937  3.741 0.7500000000
76091  16.807  5.433  4.126 0.8750000000
74448  20.616  2.719  3.495 0.6250000000
75290  20.000  3.342  3.520 0.7500000000
74430  22.748  2.094  4.545 0.3750000000
117434  23.043  2.964  4.731 0.5000000000
76133  19.660  4.278  3.650 0.7500000000
112676  24.483  1.765  5.351 0.2500000000
79399  17.371  9.200  6.038 0.6250000000
109257  15.811  8.341  5.670 0.8750000000
78661  15.627  7.742  4.660 0.8750000000
77846  15.546  6.792  3.988 0.8750000000
77843  17.498  7.453  3.566 0.7500000000
119119  15.827  6.207  3.834 0.8750000000
114223  19.624  5.181  3.690 0.7500000000
75289  20.804  3.732  3.527 0.5000000000
75252  24.853  3.924  5.503 0.2500000000
75269  23.369  3.848  4.962 0.5000000000
123185  24.513  2.510  5.424 0.2500000000
79418  18.137  9.078  4.917 0.6250000000
79434  18.322  8.440  3.948 0.7500000000
78697  18.041  7.572  3.736 0.7500000000
78677  17.762  8.301  4.024 0.7500000000
78716  18.754  7.342  3.608 0.7500000000
77884  18.861  6.916  3.693 0.7500000000
77885  18.323  7.179  3.726 0.7500000000
79452  19.244  7.861  3.537 0.7500000000
77882  20.629  6.282  3.457 0.7500000000
77881  21.639  6.762  3.620 0.7500000000
76979  22.608  5.286  4.351 0.5000000000
115263  23.008  6.095  4.533 0.3750000000
76999  21.038  5.386  3.493 0.6250000000
75253  24.048  4.060  5.363 0.2500000000
76110  22.990  4.542  4.622 0.3750000000
76978  23.391  5.356  4.859 0.3750000000
79433  19.040  8.631  3.805 0.7500000000
79451  19.975  8.716  3.659 0.7500000000
78714  20.179  7.691  3.508 0.7500000000
78713  21.304  7.681  3.510 0.7500000000
78695  22.220  7.587  3.794 0.6250000000
77863  23.991  7.011  5.082 0.3750000000
77865  22.585  6.823  4.137 0.3750000000
114059  25.537  4.692  5.505 0.1250000000
112518  25.560  6.340  5.433 0.1250000000
114524  24.648  6.022  5.355 0.2500000000
122047  20.152  9.413  3.776 0.6250000000
107125  20.741  9.444  3.591 0.7500000000
79450  20.961  8.536  3.471 0.6250000000
79449  21.998  8.518  3.554 0.7500000000
78694  23.010  7.573  4.288 0.3750000000
79432  22.704  8.174  3.954 0.3750000000
115694  20.728  7.045  3.424 0.7500000000
79415  26.102  7.901  5.331 0.2500000000
78676  24.520  7.562  5.222 0.3750000000
78712  27.613  7.427  4.101 0.1250000000
78673  27.320  7.160  4.907 0.1250000000
76955  26.972  5.543  5.421 0.1250000000
80144  22.323  9.562  3.481 0.3750000000
119225  21.499  9.220  3.444 0.3750000000
80143  23.230  9.557  3.801 0.3750000000
80782  26.149  10.152  4.342 0.2500000000
79431  23.399  8.306  4.360 0.3750000000
79448  22.912  8.862  3.823 0.3750000000
80122  27.172  8.685  4.438 0.1250000000
79416  25.225  8.163  5.290 0.3750000000
78693  23.740  7.641  4.804 0.3750000000
77893  27.878  6.790  2.281 0.1250000000
109026  22.567  11.905  3.386 0.3750000000
80798  22.127  10.529  3.360 0.3750000000
80797  23.069  10.257  3.587 0.3750000000
106569  22.848  11.097  3.461 0.3750000000
80796  24.707  10.696  4.018 0.3750000000
80794  26.489  10.854  3.733 0.3750000000
80125  24.665  9.370  4.645 0.3750000000
80142  24.076  10.011  4.058 0.3750000000
80161  27.540  10.109  1.117 0.1250000000
80123  26.638  9.284  4.572 0.1250000000
80141  26.941  10.044  3.983 0.2500000000
79461  27.704  8.344  2.534 0.1250000000
82862  23.746  13.150  3.128 0.2500000000
82861  24.825  13.045  3.183 0.2500000000
82134  24.278  12.360  3.383 0.3750000000
81456  23.614  11.694  3.478 0.3750000000
82146  26.469  12.524  2.543 0.1250000000
81455  24.762  11.483  3.713 0.3750000000
106477  23.868  10.859  3.655 0.3750000000
81453  26.503  11.504  3.335 0.1250000000
81454  25.812  11.510  3.606 0.2500000000
81479  27.402  11.883  0.464 0.1250000000
81452  26.986  11.223  3.229 0.1250000000
82135  23.196  12.481  3.317 0.3750000000
82875  26.104  13.182  2.248 0.1250000000
82891  25.784  13.841  1.892 0.1250000000
82890  26.463  13.440  1.437 0.1250000000
81486  27.169  11.428  -0.437 0.1250000000
82159  27.186  12.747  0.308 0.1250000000
84353  25.263  15.527  1.056 0.1250000000
83659  26.361  14.372  -0.195 0.1250000000
114977  25.869  14.986  0.565 0.1250000000
82170  26.257  12.859  -1.697 0.1250000000
81492  26.757  12.014  -1.094 0.1250000000
64974  18.122  -8.482  2.015 0.8750000000
104948  22.789  -5.707  5.428 0.6250000000
109419  24.452  -0.139  5.242 0.6250000000
121188  18.517  2.341  4.131 0.8750000000
74447  21.344  2.960  3.687 0.5000000000
79400  16.664  8.723  5.997 0.6250000000
78659  16.875  8.691  5.032 0.8750000000
77829  16.600  8.058  4.243 0.8750000000
78678  17.129  8.224  4.012 0.7500000000
77844  16.818  7.278  3.572 0.8750000000
77867  17.842  6.875  3.717 0.7500000000
117444  18.764  6.516  3.911 0.7500000000
76980  18.455  6.211  4.194 0.7500000000
76111  22.154  4.477  4.180 0.5000000000
76132  20.478  4.773  3.530 0.7500000000
76090  23.709  4.642  5.181 0.5000000000
80816  27.515  10.975  1.685 0.1250000000
82147  25.727  12.815  2.976 0.2500000000
83647  26.223  14.184  1.019 0.1250000000
82169  27.053  12.683  -0.646 0.1250000000
69234  25.541  -3.864  3.105 0.5000000000
70118  23.437  -3.010  4.339 0.6250000000
70131  23.334  -2.681  4.961 0.7500000000
72727  25.301  -0.156  5.520 0.3750000000
73550  26.684  1.000  5.508 0.2500000000
114897  18.802  4.297  4.076 0.7500000000
81469  27.312  11.711  1.987 0.1250000000
114225  26.323  1.725  5.521 0.1250000000
117591  17.929  -12.158  6.876 0.7500000000
61448  17.588  -12.596  7.255 0.7500000000
62299  17.100  -11.563  7.260 0.7500000000
62300  16.416  -11.184  7.482 0.7500000000
61447  18.750  -12.437  6.570 0.7500000000
62316  17.834  -11.267  6.751 0.7500000000
62314  19.310  -10.872  5.930 0.7500000000
64891  16.255  -8.440  7.256 0.6250000000
64035  17.182  -9.158  6.794 0.7500000000
63189  19.699  -10.110  5.631 0.6250000000
64927  19.824  -8.638  5.027 0.7500000000
121442  20.478  -8.272  4.627 0.6250000000
104944  21.082  -7.494  3.805 0.6250000000
105544  21.967  -6.148  4.872 0.5000000000
119900  24.931  -6.131  5.801 0.3750000000
104942  26.616  -5.832  3.289 0.1250000000
105698  22.864  -5.865  0.401 0.1250000000
68398  22.937  -4.852  -0.453 0.1250000000
68405  24.658  -4.040  -1.317 0.1250000000
124547  24.752  -1.644  -2.258 0.1250000000
119901  25.058  -1.776  -0.895 0.1250000000
104959  25.538  -2.978  0.341 0.1250000000
80753  13.024  10.621  7.993 0.3750000000
105707  27.425  -3.261  2.851 0.1250000000
70981  27.073  -1.500  4.631 0.1250000000
71872  26.301  -0.851  5.527 0.2500000000
72726  25.967  0.348  5.557 0.2500000000
79387  16.644  8.745  6.669 0.5000000000
74427  26.598  2.378  5.499 0.1250000000
74428  25.500  2.241  5.559 0.2500000000
118670  27.034  4.053  5.470 0.1250000000
76954  27.473  5.486  5.021 0.1250000000
77880  27.995  6.073  3.869 0.1250000000
111053  27.532  7.824  1.312 0.1250000000
113575  27.587  7.112  1.403 0.1250000000
80167  27.124  9.820  -0.093 0.1250000000
80174  26.245  9.499  -1.307 0.1250000000
81426  21.959  11.211  6.086 0.1250000000
83637  23.406  14.724  2.567 0.2500000000
83636  24.546  14.692  2.262 0.1250000000
84349  24.011  15.435  2.149 0.1250000000
82896  26.834  13.425  -0.532 0.1250000000
81493  25.758  11.778  -2.192 0.1250000000
115533  26.094  13.964  -1.525 0.1250000000
72747  19.850  0.537  3.411 0.7500000000
72746  20.617  0.305  3.448 0.7500000000
81400  11.467  13.023  9.257 0.3750000000
76093  15.418  5.427  4.194 0.8750000000
104929  19.393  -6.757  1.769 0.8750000000
65751  17.758  -6.880  5.348 0.8750000000
65790  17.915  -7.793  1.875 0.8750000000
68339  22.457  -3.978  4.789 0.7500000000
70970  24.069  -2.399  5.209 0.6250000000
73554  18.122  2.377  4.459 0.8750000000
78680  14.110  7.492  4.332 0.8750000000
76962  15.077  5.855  4.004 0.8750000000
81457  21.893  11.394  3.378 0.3750000000
117373  22.406  14.426  2.742 0.1250000000
82878  23.082  13.886  2.910 0.2500000000
62298  17.525  -11.869  7.105 0.7500000000
63191  18.001  -10.335  6.416 0.7500000000
62297  18.297  -11.712  6.553 0.7500000000
62296  19.042  -11.644  6.255 0.7500000000
63164  16.374  -10.253  7.455 0.7500000000
64008  16.936  -9.666  7.107 0.7500000000
64057  17.464  -8.979  6.460 0.7500000000
64055  18.547  -8.416  5.309 0.7500000000
64912  16.196  -7.585  7.086 0.6250000000
64910  17.175  -8.429  6.519 0.7500000000
64929  18.218  -7.827  5.238 0.8750000000
64054  19.209  -8.351  4.826 0.7500000000
64949  19.050  -7.822  3.270 0.8750000000
64965  18.467  -7.757  2.813 0.8750000000
104932  19.661  -9.611  2.103 0.7500000000
64947  20.456  -7.758  3.784 0.7500000000
105402  21.000  -7.310  3.068 0.7500000000
109387  20.380  -7.794  2.491 0.8750000000
106319  21.596  -6.949  4.315 0.6250000000
105782  21.715  -5.366  3.959 0.7500000000
105604  25.969  -5.886  5.503 0.2500000000
119966  24.403  -5.489  5.770 0.5000000000
104951  23.623  -5.261  5.600 0.6250000000
104952  23.523  -4.636  5.448 0.7500000000
105434  26.459  -5.282  2.747 0.5000000000
120020  24.384  -5.607  1.595 0.2500000000
126112  24.432  -6.110  1.604 0.1250000000
68385  24.304  -4.727  1.300 0.2500000000
67485  26.380  -4.910  2.978 0.3750000000
121309  24.684  -4.591  3.427 0.6250000000
69296  24.563  -3.345  -0.346 0.1250000000
69304  24.689  -3.360  -1.148 0.1250000000
69278  24.285  -3.810  0.691 0.1250000000
105848  26.954  -3.681  3.375 0.1250000000
69277  25.514  -3.560  0.929 0.1250000000
70129  24.695  -2.242  4.393 0.5000000000
70188  24.782  -2.667  -0.286 0.1250000000
70999  26.476  -1.143  4.289 0.1250000000
70982  26.652  -1.478  5.405 0.1250000000
71888  21.849  0.025  3.940 0.6250000000
72745  21.374  0.524  3.638 0.6250000000
75292  18.490  3.748  4.347 0.7500000000
76134  18.789  5.263  4.122 0.7500000000
74446  22.054  2.727  4.214 0.5000000000
79419  17.523  8.898  5.004 0.6250000000
76112  18.206  5.728  4.397 0.7500000000
75268  24.014  3.220  5.328 0.3750000000
107253  16.783  6.446  3.489 0.7500000000
77001  19.130  5.931  3.861 0.7500000000
75270  22.537  3.688  4.447 0.5000000000
118175  26.023  3.811  5.593 0.1250000000
74413  25.121  3.101  5.571 0.2500000000
75251  26.851  3.198  5.491 0.1250000000
117094  21.521  5.932  3.608 0.6250000000
77842  23.838  6.213  5.128 0.3750000000
117599  22.243  6.019  3.964 0.3750000000
76958  24.160  5.390  5.313 0.3750000000
77841  24.642  6.739  5.321 0.3750000000
76956  26.095  5.516  5.480 0.1250000000
78674  26.296  7.072  5.408 0.1250000000
77839  27.276  6.312  5.117 0.1250000000
79430  24.318  8.456  4.899 0.3750000000
80126  23.760  9.101  4.269 0.3750000000
79428  26.720  8.396  4.964 0.2500000000
78731  27.739  7.531  2.129 0.1250000000
77862  27.655  6.640  4.413 0.1250000000
79427  27.259  7.960  4.616 0.1250000000
111444  25.134  8.892  5.092 0.2500000000
79447  27.544  8.348  3.766 0.1250000000
80155  27.662  9.294  2.467 0.1250000000
80140  27.307  9.244  3.974 0.1250000000
82132  26.156  12.101  3.188 0.3750000000
80783  25.158  10.144  4.414 0.3750000000
113727  27.616  9.515  1.608 0.1250000000
108190  27.537  10.231  2.360 0.1250000000
80823  27.423  10.891  0.462 0.1250000000
118534  27.406  9.774  3.297 0.1250000000
80807  27.336  11.133  2.625 0.1250000000
79471  27.097  8.153  0.104 0.1250000000
107660  27.373  9.190  0.586 0.1250000000
82877  24.337  13.913  2.811 0.2500000000
82876  25.334  13.521  2.663 0.2500000000
82145  27.010  12.267  2.094 0.1250000000
117065  27.447  11.584  1.220 0.1250000000
108377  27.256  12.178  -0.257 0.1250000000
83635  25.135  14.163  2.339 0.1250000000
83648  25.437  14.670  1.597 0.1250000000
124276  26.977  13.005  1.086 0.1250000000
80829  26.799  10.461  -0.789 0.1250000000
82151  27.232  12.322  1.293 0.1250000000
84354  24.439  15.904  1.486 0.1250000000
83649  24.766  15.209  1.708 0.1250000000
61449  17.157  -12.337  7.380 0.7500000000
60550  17.224  -13.037  7.524 0.7500000000
64010  15.576  -8.907  7.785 0.5000000000
64036  16.812  -8.841  6.961 0.6250000000
64926  21.100  -8.000  4.537 0.6250000000
65749  21.965  -7.100  5.144 0.5000000000
104963  27.408  -2.492  3.114 0.1250000000
70167  27.681  -2.707  2.242 0.1250000000
120719  27.093  -2.211  3.918 0.1250000000
76087  27.256  4.810  5.315 0.1250000000
117237  26.631  8.872  -0.622 0.1250000000
61428  16.692  -12.775  7.685 0.7500000000
63138  15.422  -10.778  7.908 0.5000000000
116690  18.596  -13.712  7.109 0.6250000000
109441  18.862  -13.186  6.769 0.6250000000
61445  20.741  -12.738  6.561 0.3750000000
106282  19.876  -12.203  6.388 0.6250000000
122615  20.900  -11.125  6.330 0.2500000000
62295  20.045  -11.421  6.193 0.3750000000
105587  22.740  -6.629  5.542 0.3750000000
127076  15.314  9.331  7.213 0.3750000000
79386  17.390  9.137  6.673 0.2500000000
60549  18.102  -12.981  7.089 0.6250000000
63188  20.656  -9.931  5.835 0.5000000000
127651  20.472  -8.793  5.228 0.5000000000
114126  21.089  -8.516  5.229 0.3750000000
60546  21.623  -13.272  6.591 0.5000000000
61446  19.695  -13.004  6.596 0.6250000000
65750  21.479  -7.529  4.652 0.5000000000
58706  18.956  -15.026  7.421 0.6250000000
62272  15.559  -11.567  7.951 0.3750000000
120137  18.346  -14.366  7.400 0.6250000000
59659  17.878  -13.679  7.410 0.6250000000
58716  21.407  -14.996  6.732 0.3750000000
106758  20.205  -14.233  6.806 0.5000000000
59658  19.391  -14.456  7.114 0.6250000000
115393  22.286  -13.842  6.591 0.3750000000
109267  21.806  -11.218  6.499 0.2500000000
106831  21.853  -12.031  6.557 0.2500000000
65739  16.178  -6.681  6.857 0.3750000000
63160  21.223  -10.459  6.283 0.2500000000
64909  21.712  -8.828  5.822 0.3750000000
64908  22.565  -8.433  6.068 0.2500000000
65736  22.634  -7.540  5.729 0.2500000000
65735  23.533  -7.177  5.925 0.2500000000
72658  8.744  0.819  8.562 0.1250000000
75220  8.846  4.370  8.680 0.2500000000
105543  26.353  -6.586  4.985 0.2500000000
78646  9.205  6.929  8.022 0.3750000000
76933  8.578  5.924  7.779 0.2500000000
81388  9.886  12.715  10.261 0.2500000000
80084  17.963  9.700  6.909 0.2500000000
73484  6.950  2.019  9.193 0.1250000000
71832  9.686  -0.104  7.665 0.2500000000
65720  15.520  -7.189  7.510 0.2500000000
64031  20.140  -9.402  5.439 0.5000000000
62271  16.535  -12.013  7.572 0.5000000000
63161  20.318  -10.685  5.978 0.5000000000
66580  24.536  -7.044  5.828 0.2500000000
63996  15.500  -9.863  7.887 0.3750000000
64009  16.332  -9.319  7.404 0.3750000000
125922  17.613  -13.179  7.412 0.6250000000
65737  21.761  -7.979  5.358 0.2500000000
60548  19.527  -13.714  6.797 0.6250000000
62294  20.980  -11.876  6.473 0.2500000000
61444  21.509  -12.513  6.561 0.2500000000
62293  22.690  -11.905  6.563 0.2500000000
64030  20.949  -9.184  5.607 0.3750000000
60547  20.628  -13.647  6.669 0.5000000000
59656  21.532  -14.152  6.640 0.3750000000
117946  15.964  -12.259  8.027 0.3750000000
58717  20.444  -14.875  6.913 0.3750000000
64007  21.520  -9.652  6.122 0.2500000000
64907  23.462  -8.056  6.146 0.2500000000
71801  9.914  -0.032  8.372 0.1250000000
57821  17.578  -15.803  8.160 0.5000000000
58704  20.803  -15.577  7.109 0.2500000000
118282  19.761  -16.465  7.968 0.3750000000
57820  19.189  -15.832  7.673 0.5000000000
58707  18.135  -15.191  7.715 0.5000000000
57806  17.073  -16.484  8.518 0.3750000000
58709  16.677  -15.140  8.333 0.5000000000
59644  17.622  -14.358  7.667 0.5000000000
58708  17.254  -15.106  7.948 0.5000000000
60533  16.860  -13.596  7.913 0.3750000000
59660  17.375  -13.677  7.666 0.5000000000
56871  15.380  -17.495  9.859 0.1250000000
57807  16.363  -16.471  8.773 0.3750000000
59646  16.478  -13.803  8.353 0.2500000000
56014  16.294  -18.943  10.313 0.1250000000
56870  15.992  -17.706  9.466 0.2500000000
56885  17.594  -17.042  9.000 0.3750000000
57803  20.514  -16.639  8.084 0.2500000000
56884  18.656  -17.080  8.880 0.3750000000
57804  18.993  -16.485  8.236 0.5000000000
56015  15.644  -18.232  10.119 0.1250000000
56886  16.551  -17.119  8.958 0.3750000000
57805  18.045  -16.426  8.492 0.3750000000
57786  15.280  -16.595  9.736 0.1250000000
59629  16.256  -14.482  8.786 0.1250000000
72725  27.050  0.035  5.472 0.1250000000
58705  19.854  -15.324  7.304 0.3750000000
60534  16.275  -13.093  8.091 0.2500000000
61429  15.755  -12.315  8.337 0.2500000000
110123  21.657  -15.623  7.188 0.2500000000
117601  18.376  -15.932  8.025 0.5000000000
58693  16.862  -15.838  8.388 0.5000000000
57819  20.222  -16.052  7.563 0.3750000000
126634  16.350  -15.862  8.688 0.2500000000
58694  16.101  -15.404  8.907 0.1250000000
126466  16.440  -14.895  8.557 0.1250000000
59645  16.684  -14.392  8.300 0.1250000000
110172  17.096  -14.354  7.987 0.5000000000
57785  15.760  -17.008  9.190 0.2500000000
57773  15.200  -17.164  10.390 0.1250000000
122681  15.794  -16.255  9.063 0.1250000000
56034  16.385  -18.260  9.839 0.1250000000
56869  17.103  -17.785  9.441 0.3750000000
56883  19.787  -17.135  8.579 0.2500000000
126322  17.770  -18.107  9.585 0.2500000000
56867  19.262  -17.956  9.363 0.2500000000
56033  17.331  -18.546  9.899 0.1250000000
56868  18.152  -17.690  9.367 0.2500000000
56032  18.335  -18.422  9.665 0.1250000000
63998  13.998  -9.012  7.869 0.1250000000
82089  13.020  13.445  8.709 0.1250000000
82075  12.208  14.052  9.193 0.1250000000
80737  12.995  10.690  8.362 0.1250000000
80736  14.373  10.126  8.637 0.1250000000
80751  14.902  9.950  8.092 0.1250000000
80068  15.435  9.410  7.860 0.1250000000
79374  15.868  9.031  7.353 0.1250000000
80067  17.897  9.624  7.280 0.1250000000
82783  13.070  14.520  9.760 0.1250000000
106869  17.176  8.989  7.062 0.1250000000
80066  18.424  9.900  7.662 0.1250000000
82064  11.261  13.864  10.300 0.1250000000
76066  8.960  5.120  8.483 0.1250000000
61430  14.831  -11.529  8.166 0.1250000000
62274  13.922  -10.663  7.924 0.1250000000
79357  10.523  8.517  9.808 0.1250000000
82772  11.455  14.451  11.419 0.1250000000
81387  12.832  13.315  10.141 0.1250000000
105752  12.742  11.972  9.113 0.1250000000
80044  14.576  10.194  8.984 0.1250000000
79353  18.408  9.106  9.566 0.1250000000
80082  19.231  10.165  7.969 0.1250000000
110411  19.059  10.350  7.523 0.1250000000
65721  15.152  -6.942  7.564 0.1250000000
64892  15.551  -8.028  7.590 0.1250000000
80085  15.357  9.495  7.537 0.1250000000
63139  14.249  -10.443  7.856 0.1250000000
62273  14.156  -11.235  7.886 0.1250000000
77819  9.766  6.399  8.427 0.1250000000
64893  15.062  -7.757  7.667 0.1250000000
64878  14.770  -8.508  7.863 0.1250000000
63997  14.514  -9.492  7.958 0.1250000000
63982  13.952  -9.306  8.232 0.1250000000
63140  13.920  -9.926  7.959 0.1250000000
105134  13.196  13.476  9.382 0.1250000000
80723  13.066  10.276  8.773 0.1250000000
107735  16.833  8.761  7.295 0.1250000000
80083  18.538  10.065  7.532 0.1250000000
112202  17.647  9.308  7.394 0.1250000000
113151  15.886  8.937  7.559 0.1250000000
107028  19.875  10.302  7.776 0.1250000000
120194  22.107  -15.143  6.873 0.1250000000
59654  23.056  -14.120  6.704 0.1250000000
126948  22.276  -13.313  6.566 0.1250000000
61443  22.317  -12.731  6.564 0.1250000000
63159  22.916  -11.010  6.519 0.1250000000
117543  22.144  -10.297  6.435 0.1250000000
124293  23.002  -10.243  6.482 0.1250000000
64006  22.541  -9.438  6.338 0.1250000000
64028  24.905  -10.174  5.341 0.1250000000
108949  24.476  -9.415  5.910 0.1250000000
64029  23.605  -9.076  6.320 0.1250000000
64925  25.604  -9.064  4.705 0.1250000000
118857  24.216  -7.768  5.999 0.1250000000
65748  25.866  -7.836  4.732 0.1250000000
65734  25.075  -8.080  5.494 0.1250000000
66579  25.613  -6.914  5.447 0.1250000000
56882  20.827  -17.204  8.712 0.1250000000
57802  21.363  -16.689  8.321 0.1250000000
57817  22.057  -16.139  7.995 0.1250000000
59642  23.494  -14.502  7.171 0.1250000000
59643  22.749  -14.805  7.027 0.1250000000
60545  22.865  -13.397  6.567 0.1250000000
108803  24.242  -12.495  6.385 0.1250000000
63157  24.764  -11.306  5.868 0.1250000000
63158  23.953  -10.718  6.347 0.1250000000
113123  25.363  -10.721  4.878 0.1250000000
65763  26.355  -7.445  3.744 0.1250000000
104946  26.396  -6.561  4.017 0.1250000000
59655  22.217  -14.573  6.709 0.1250000000
64906  24.343  -8.593  5.978 0.1250000000
57818  21.109  -16.191  7.586 0.1250000000
56866  20.402  -17.815  9.251 0.1250000000
58703  22.449  -15.433  7.437 0.1250000000
125393  23.943  -13.026  6.446 0.1250000000
62292  23.884  -11.738  6.368 0.1250000000
64005  23.484  -9.875  6.403 0.1250000000
64905  24.992  -9.280  5.361 0.1250000000
63187  24.282  -10.007  6.128 0.1250000000
64069  26.113  -8.678  3.943 0.1250000000
56030  21.053  -18.318  9.796 0.1250000000
56881  21.566  -17.150  8.886 0.1250000000
60532  23.905  -13.949  6.770 0.1250000000
65778  26.399  -6.923  2.774 0.1250000000
59657  20.875  -14.410  6.718 0.3750000000
60544  23.629  -13.460  6.558 0.1250000000
61442  23.396  -12.715  6.507 0.1250000000
63186  24.850  -10.785  5.520 0.1250000000
64070  19.483  -8.280  2.803 0.7500000000
64076  18.963  -9.002  2.516 0.7500000000
64950  18.771  -7.165  4.165 0.8750000000
64973  18.911  -8.900  1.856 0.8750000000
65764  18.189  -6.174  4.230 0.8750000000
65789  18.574  -8.066  1.674 0.8750000000
66616  16.836  -6.628  2.527 1.0000000000
66628  18.016  -7.188  1.490 0.8750000000
67486  21.433  -4.387  3.610 0.7500000000
67487  15.688  -5.425  3.432 1.0000000000
67496  16.490  -5.348  2.595 1.0000000000
67498  15.175  -5.015  3.266 1.0000000000
67513  22.730  -5.298  -0.130 0.1250000000
68340  14.363  -4.714  4.302 0.8750000000
68354  26.705  -4.534  3.136 0.1250000000
68367  26.429  -4.537  2.502 0.1250000000
68370  19.754  -3.979  3.282 1.0000000000
68386  22.764  -4.793  0.190 0.1250000000
68393  22.768  -4.534  -0.170 0.1250000000
69220  23.463  -4.401  4.034 0.6250000000
69255  13.071  -2.983  4.216 0.8750000000
69263  20.066  -3.135  3.332 1.0000000000
69267  16.404  -3.551  2.649 1.0000000000
69269  14.647  -3.340  2.867 1.0000000000
69270  14.104  -2.924  3.088 1.0000000000
69287  23.375  -3.331  0.061 0.1250000000
69288  23.406  -3.407  -0.134 0.1250000000
69289  23.279  -4.009  -0.299 0.1250000000
69303  24.655  -2.516  -1.591 0.1250000000
69313  24.694  -3.305  -1.805 0.1250000000
70119  23.441  -2.810  4.901 0.6250000000
70150  20.790  -2.328  3.396 0.8750000000
70152  13.550  -2.493  3.439 1.0000000000
70169  17.960  -2.494  3.840 1.0000000000
70189  23.948  -2.955  -0.060 0.1250000000
70196  24.650  -2.877  -0.238 0.1250000000
70983  25.694  -1.649  5.588 0.5000000000
70984  24.501  -1.729  5.347 0.5000000000
71021  15.896  -1.536  2.915 1.0000000000
71031  16.494  -2.117  2.946 1.0000000000
71802  9.513  0.421  8.451 0.1250000000
71848  9.600  -0.110  6.676 0.5000000000
71874  23.957  -0.690  5.005 0.6250000000
71890  20.076  -0.267  3.424 0.8750000000
71910  15.294  -0.967  3.020 1.0000000000
72641  8.983  0.771  8.963 0.1250000000
72642  7.891  1.315  8.990 0.2500000000
72659  8.270  1.243  8.209 0.2500000000
72689  8.544  1.002  7.340 0.2500000000
72703  9.484  0.328  6.428 0.5000000000
72705  8.630  1.099  7.067 0.3750000000
72716  10.819  1.438  6.428 0.6250000000
72728  23.544  0.158  4.708 0.6250000000
72734  13.499  0.577  4.056 1.0000000000
72749  18.567  0.947  3.942 1.0000000000
72752  16.334  0.624  4.257 1.0000000000
73473  6.917  2.405  9.900 0.1250000000
73539  11.757  1.402  5.260 1.0000000000
73556  16.961  2.286  5.120 1.0000000000
73561  11.113  1.493  4.012 1.0000000000
73579  8.532  1.248  2.411 1.0000000000
74376  8.351  2.816  8.490 0.2500000000
74412  26.021  2.943  5.580 0.1250000000
74429  23.685  2.321  5.023 0.3750000000
74431  18.190  3.207  4.567 0.8750000000
74432  17.676  3.201  4.855 1.0000000000
74449  19.626  2.622  3.538 0.6250000000
75244  9.557  3.082  5.577 0.8750000000
75254  17.040  4.795  4.724 0.8750000000
75256  15.857  4.789  4.569 0.8750000000
75272  17.600  4.191  4.811 0.8750000000
75275  12.738  2.792  4.281 1.0000000000
75277  8.014  3.254  2.967 1.0000000000
75288  21.733  3.665  3.916 0.5000000000
75291  19.162  3.471  3.777 0.7500000000
75306  8.482  1.787  2.015 1.0000000000
76088  26.547  4.745  5.515 0.1250000000
76089  24.538  4.686  5.413 0.1250000000
76092  16.136  5.409  4.185 0.8750000000
76094  14.781  5.570  4.040 1.0000000000
76113  17.689  5.637  4.396 0.7500000000
76114  17.302  5.150  4.497 0.8750000000
76131  21.381  4.523  3.669 0.5000000000
76135  18.242  4.843  4.491 0.8750000000
76943  7.057  6.964  6.128 0.7500000000
76957  25.095  5.441  5.429 0.1250000000
76959  16.981  6.030  3.595 0.8750000000
76961  15.677  5.840  3.998 0.8750000000
76981  17.930  6.347  4.195 0.7500000000
76982  17.472  6.221  3.816 0.8750000000
76983  15.092  6.191  3.918 1.0000000000
76984  14.456  6.058  3.775 1.0000000000
76998  21.831  5.252  3.864 0.5000000000
77000  20.073  5.654  3.532 0.7500000000
77002  14.460  6.318  3.706 1.0000000000
77830  16.186  7.475  4.100 0.8750000000
77840  26.606  6.296  5.411 0.1250000000
77845  16.283  6.622  3.693 0.7500000000
77848  11.769  6.274  5.516 1.0000000000
77864  23.360  6.891  4.675 0.3750000000
77866  18.285  6.766  3.984 0.7500000000
77868  17.277  6.664  3.416 0.7500000000
77870  14.135  6.484  3.610 0.8750000000
77883  19.822  6.909  3.521 0.7500000000
78628  9.535  8.490  8.510 0.5000000000
78629  10.478  7.395  9.112 0.1250000000
78660  16.287  8.263  4.949 0.7500000000
78663  11.982  7.474  6.452 1.0000000000
78664  10.382  7.233  6.644 1.0000000000
78675  25.397  7.300  5.392 0.3750000000
78679  14.838  7.240  4.214 0.8750000000
78692  26.853  7.595  5.194 0.1250000000
78696  18.547  7.748  3.603 0.7500000000
78698  14.056  6.742  3.665 1.0000000000
78699  13.837  6.970  3.949 1.0000000000
78715  19.291  7.295  3.552 0.7500000000
78724  27.763  7.549  3.075 0.1250000000
79373  16.380  8.720  7.135 0.1250000000
79388  15.830  8.980  6.984 0.1250000000
79404  12.470  8.278  6.686 1.0000000000
79429  25.927  8.719  5.095 0.3750000000
79467  27.592  8.716  1.437 0.1250000000
80104  15.234  9.104  6.846 0.6250000000
80124  25.636  9.462  4.755 0.2500000000
80725  8.321  12.602  11.312 0.1250000000
80752  13.925  9.890  8.136 0.5000000000
80793  27.202  10.593  3.298 0.1250000000
80795  25.553  10.831  4.028 0.2500000000
80830  25.816  10.131  -1.970 0.1250000000
81398  12.745  12.022  8.369 0.1250000000
81399  11.851  12.188  8.409 0.7500000000
81412  12.817  12.586  8.434 0.1250000000
81461  26.905  11.817  2.769 0.1250000000
81487  26.355  11.098  -1.481 0.1250000000
82053  13.177  14.307  10.072 0.1250000000
82073  13.055  12.955  8.684 0.1250000000
82074  12.699  13.563  8.712 0.1250000000
82133  25.285  12.244  3.418 0.3750000000
82152  26.744  12.814  1.794 0.1250000000
82802  13.251  13.799  9.030 0.1250000000
82803  12.830  14.233  9.164 0.1250000000
82804  12.386  14.542  9.981 0.1250000000
82897  26.768  13.557  0.547 0.1250000000
83554  13.182  14.211  9.337 0.1250000000
83555  13.239  14.229  9.651 0.1250000000
104926  20.501  -8.597  2.008 0.7500000000
104927  19.987  -7.347  2.120 0.8750000000
104931  20.196  -8.499  2.411 0.7500000000
104934  19.283  -7.431  1.366 0.8750000000
104938  23.543  -6.080  1.025 0.1250000000
104941  20.189  -8.517  1.629 0.8750000000
104943  26.761  -4.988  3.721 0.5000000000
104945  20.873  -5.984  2.894 1.0000000000
104950  23.773  -6.189  5.824 0.3750000000
104954  24.776  -1.635  -1.423 0.1250000000
104961  27.367  -3.415  2.071 0.1250000000
104962  27.034  -3.892  2.673 0.1250000000
105011  8.347  1.443  2.148 1.0000000000
105012  8.884  1.604  1.976 1.0000000000
105275  25.292  -5.160  5.727 0.5000000000
105314  7.793  2.212  2.832 1.0000000000
105333  25.283  -4.514  5.600 0.5000000000
105385  22.159  -5.255  4.943 0.7500000000
105396  23.744  -4.234  5.321 0.7500000000
105517  21.272  -6.581  3.128 0.8750000000
105702  26.423  -5.662  4.850 0.1250000000
105716  24.440  -4.649  4.057 0.7500000000
105774  8.175  1.880  2.265 1.0000000000
106751  15.680  -4.061  2.621 1.0000000000
107027  24.729  -2.603  -1.124 0.1250000000
107280  18.981  -9.368  1.987 0.8750000000
107983  20.343  -9.043  1.652 0.8750000000
108348  15.198  8.690  6.176 0.7500000000
108443  19.440  -8.271  1.457 0.8750000000
108734  21.445  10.020  3.397 0.3750000000
111841  7.598  7.249  5.380 1.0000000000
112209  27.603  9.037  3.276 0.1250000000
112579  27.880  6.783  3.463 0.1250000000
113451  12.224  -1.942  4.146 1.0000000000
113664  12.682  11.573  8.242 0.3750000000
115207  13.290  14.037  9.481 0.1250000000
115522  23.195  -4.103  0.367 0.1250000000
115695  19.476  6.382  3.635 0.7500000000
117389  10.892  2.546  5.614 1.0000000000
117428  9.339  7.531  7.362 1.0000000000
117848  12.328  13.232  8.585 0.1250000000
118937  19.555  -7.515  3.959 0.7500000000
119288  17.228  5.722  4.021 0.7500000000
120327  9.089  1.519  7.141 0.5000000000
121250  21.355  -6.946  3.561 0.7500000000
121557  19.242  -5.219  2.905 1.0000000000
122340  18.874  -7.528  1.348 0.8750000000
122461  21.715  -1.592  3.894 0.8750000000
122768  11.884  0.012  4.593 1.0000000000
122858  8.251  2.591  2.388 1.0000000000
122882  26.969  6.916  5.316 0.1250000000
123688  13.279  3.301  4.400 1.0000000000
123881  27.662  5.992  4.609 0.1250000000
124735  27.248  -2.971  3.487 0.1250000000
124939  12.755  14.481  10.464 0.1250000000
126078  20.271  0.953  3.404 0.8750000000
126446  10.549  1.975  7.247 0.5000000000
126551  19.311  -2.801  3.372 1.0000000000
126909  14.820  8.123  5.176 0.8750000000
127175  6.940  2.230  8.955 0.1250000000
