#!ascii label  , from subject sub-v1s20x0050339_ses-1 vox2ras=TkReg
627
9361  -44.647  -67.678  3.434 0.0000000000
131466  -47.519  -62.653  -1.971 0.0000000000
13593  -38.058  -61.431  1.834 0.0000000000
10692  -44.929  -66.051  -0.255 0.0000000000
15731  -39.928  -58.502  -2.793 0.0000000000
12810  -45.824  -62.594  5.821 0.0000000000
17191  -38.099  -56.707  5.692 0.0000000000
22123  -40.415  -50.730  8.241 0.0000000000
17227  -36.495  -56.530  0.958 0.0000000000
123282  -38.755  -59.561  -1.191 0.0000000000
18079  -38.349  -55.620  -1.849 0.0000000000
14986  -41.609  -59.915  5.372 0.0000000000
15659  -41.771  -58.628  7.468 0.0000000000
22999  -38.629  -49.229  3.831 0.0000000000
21325  -41.836  -51.573  5.077 0.0000000000
6803  -43.574  -71.525  0.620 0.0000000000
12148  -46.351  -63.233  1.158 0.0000000000
8748  -47.666  -69.046  -2.282 0.0000000000
9437  -47.235  -67.348  -2.580 0.0000000000
11354  -40.917  -64.625  3.147 0.0000000000
9391  -43.000  -67.329  0.141 0.0000000000
12873  -42.088  -61.824  -0.942 0.0000000000
13622  -43.251  -61.533  -3.330 0.0000000000
12830  -41.367  -62.382  4.171 0.0000000000
15684  -37.929  -58.949  3.752 0.0000000000
127636  -37.894  -54.341  3.009 0.0000000000
17961  -40.997  -54.599  9.415 0.0000000000
18772  -39.573  -54.612  7.543 0.0000000000
124425  -40.729  -53.737  5.618 0.0000000000
18819  -43.291  -54.809  4.326 0.0000000000
7504  -44.961  -70.714  -1.661 0.0000000000
16538  -47.859  -57.242  -7.275 0.0000000000
13647  -49.011  -61.358  -4.923 0.0000000000
12185  -52.210  -63.011  -3.976 0.0000000000
132512  -38.209  -54.319  0.772 0.0000000000
17245  -37.128  -56.500  -0.678 0.0000000000
8100  -44.806  -69.757  2.077 0.0000000000
12864  -46.849  -63.040  0.231 0.0000000000
10695  -48.248  -65.314  0.064 0.0000000000
125815  -47.922  -63.615  -0.583 0.0000000000
10707  -46.261  -65.084  -2.991 0.0000000000
12167  -48.554  -62.980  -2.071 0.0000000000
12845  -39.068  -63.076  2.139 0.0000000000
12129  -38.919  -63.291  0.339 0.0000000000
15043  -39.689  -59.193  -2.083 0.0000000000
140207  -40.369  -60.848  -0.885 0.0000000000
14344  -40.901  -60.085  -2.012 0.0000000000
12888  -42.588  -61.850  -1.520 0.0000000000
14356  -42.040  -60.092  -3.178 0.0000000000
11334  -42.823  -64.008  5.007 0.0000000000
12824  -43.444  -62.706  5.171 0.0000000000
15670  -39.452  -58.682  5.318 0.0000000000
14991  -39.588  -59.658  4.333 0.0000000000
16412  -37.981  -57.881  4.709 0.0000000000
17195  -36.975  -56.322  3.260 0.0000000000
17997  -37.560  -55.680  4.604 0.0000000000
142537  -40.809  -51.375  9.829 0.0000000000
18768  -40.648  -54.346  8.875 0.0000000000
19561  -41.515  -52.440  8.799 0.0000000000
21333  -42.439  -51.789  3.689 0.0000000000
19595  -43.554  -53.059  6.968 0.0000000000
19596  -44.193  -53.467  6.174 0.0000000000
19607  -42.021  -54.203  5.208 0.0000000000
10080  -43.156  -66.611  -0.367 0.0000000000
134310  -44.778  -69.408  -0.329 0.0000000000
9409  -44.816  -67.767  -0.506 0.0000000000
130296  -44.912  -70.333  -3.868 0.0000000000
17364  -48.924  -56.211  -8.328 0.0000000000
142340  -48.113  -59.377  -6.204 0.0000000000
14394  -52.300  -60.659  -5.835 0.0000000000
15016  -37.114  -59.030  0.903 0.0000000000
14328  -38.069  -60.583  0.229 0.0000000000
15715  -37.510  -58.451  -0.471 0.0000000000
16480  -37.948  -57.244  -1.579 0.0000000000
16489  -39.261  -57.036  -3.035 0.0000000000
13568  -43.481  -61.313  5.103 0.0000000000
125200  -41.421  -58.910  6.658 0.0000000000
16405  -39.386  -57.581  6.503 0.0000000000
22162  -38.907  -50.163  5.060 0.0000000000
21302  -41.024  -51.189  6.470 0.0000000000
22171  -40.092  -50.468  3.945 0.0000000000
22173  -41.256  -50.864  3.134 0.0000000000
21350  -42.554  -51.327  1.928 0.0000000000
140127  -45.591  -65.019  0.653 0.0000000000
9411  -47.814  -68.281  -0.873 0.0000000000
10694  -47.773  -65.702  0.525 0.0000000000
9438  -48.163  -68.287  -2.191 0.0000000000
138133  -45.909  -68.980  -4.467 0.0000000000
9450  -45.027  -67.805  -4.495 0.0000000000
10712  -45.437  -66.104  -4.467 0.0000000000
11426  -46.950  -65.061  -4.391 0.0000000000
10038  -42.676  -66.166  3.164 0.0000000000
144131  -43.749  -68.115  1.787 0.0000000000
10069  -42.027  -66.202  0.257 0.0000000000
10689  -41.998  -65.304  -0.396 0.0000000000
13601  -39.251  -61.675  -0.575 0.0000000000
12858  -40.940  -62.613  -0.710 0.0000000000
124404  -43.084  -64.065  -0.210 0.0000000000
130359  -44.374  -62.982  0.373 0.0000000000
12876  -45.029  -62.570  -1.305 0.0000000000
12903  -45.789  -62.403  -2.946 0.0000000000
10641  -42.720  -65.302  4.241 0.0000000000
12121  -41.135  -63.989  3.814 0.0000000000
13588  -39.046  -62.187  2.802 0.0000000000
141102  -41.570  -60.870  4.492 0.0000000000
13582  -40.118  -61.037  3.814 0.0000000000
15011  -37.803  -59.888  2.823 0.0000000000
15694  -36.738  -58.107  1.936 0.0000000000
18016  -37.043  -55.203  2.129 0.0000000000
19622  -39.160  -53.794  1.961 0.0000000000
17151  -40.981  -56.290  8.948 0.0000000000
17163  -40.048  -56.656  7.982 0.0000000000
17981  -38.518  -55.456  6.491 0.0000000000
141884  -42.379  -52.256  7.577 0.0000000000
19581  -39.851  -53.829  6.547 0.0000000000
18799  -38.386  -54.503  5.164 0.0000000000
19604  -39.123  -53.620  4.541 0.0000000000
19612  -39.895  -53.551  3.376 0.0000000000
137533  -44.493  -69.829  0.488 0.0000000000
6829  -44.152  -71.157  -0.980 0.0000000000
8135  -46.021  -70.071  -2.101 0.0000000000
7521  -42.933  -71.026  -3.175 0.0000000000
126386  -43.166  -58.997  -3.978 0.0000000000
14358  -44.540  -60.261  -4.268 0.0000000000
13636  -46.059  -60.984  -4.245 0.0000000000
14373  -47.736  -60.423  -5.288 0.0000000000
13638  -47.768  -61.693  -3.977 0.0000000000
13627  -49.983  -62.014  -2.942 0.0000000000
11418  -49.734  -63.766  -3.595 0.0000000000
18847  -39.807  -54.045  1.218 0.0000000000
18860  -38.633  -54.272  0.231 0.0000000000
8706  -44.385  -68.821  2.116 0.0000000000
12878  -47.319  -62.896  -0.866 0.0000000000
143979  -47.933  -63.528  0.174 0.0000000000
12160  -47.679  -63.322  -0.504 0.0000000000
12166  -47.881  -63.219  -1.295 0.0000000000
12905  -48.271  -62.688  -2.187 0.0000000000
12844  -38.418  -62.231  1.949 0.0000000000
136607  -39.074  -63.664  1.136 0.0000000000
127517  -38.070  -62.050  1.004 0.0000000000
123339  -40.179  -59.882  -1.734 0.0000000000
15044  -40.496  -59.325  -2.410 0.0000000000
14345  -41.566  -60.388  -2.362 0.0000000000
15052  -40.913  -58.762  -3.088 0.0000000000
12093  -46.739  -63.130  6.114 0.0000000000
148129  -45.218  -63.266  5.916 0.0000000000
12107  -44.504  -63.469  5.752 0.0000000000
12108  -44.885  -62.637  5.601 0.0000000000
16409  -39.031  -57.972  5.769 0.0000000000
15669  -38.679  -58.320  5.065 0.0000000000
16408  -38.315  -57.539  5.419 0.0000000000
16407  -37.670  -57.059  4.982 0.0000000000
17190  -37.697  -56.193  5.143 0.0000000000
22136  -39.304  -50.524  6.844 0.0000000000
130790  -38.769  -50.444  7.532 0.0000000000
22111  -39.960  -50.628  8.747 0.0000000000
21279  -39.846  -50.854  9.348 0.0000000000
21280  -40.611  -50.981  9.128 0.0000000000
20419  -41.262  -51.620  8.888 0.0000000000
21289  -41.060  -51.174  8.375 0.0000000000
20453  -43.133  -52.151  3.326 0.0000000000
20450  -43.967  -52.901  5.498 0.0000000000
19608  -44.720  -53.550  5.461 0.0000000000
19614  -45.133  -53.580  4.524 0.0000000000
10081  -44.184  -66.844  -0.441 0.0000000000
134800  -45.836  -67.104  -0.426 0.0000000000
15764  -49.413  -59.212  -6.960 0.0000000000
14393  -50.920  -60.781  -6.037 0.0000000000
15079  -51.310  -60.192  -6.696 0.0000000000
138061  -36.771  -58.250  0.920 0.0000000000
15025  -37.217  -58.755  0.248 0.0000000000
15706  -36.907  -58.000  -0.008 0.0000000000
125693  -37.630  -55.858  -1.125 0.0000000000
17270  -37.601  -56.616  -1.248 0.0000000000
17271  -38.106  -56.441  -1.814 0.0000000000
16488  -38.540  -57.166  -2.329 0.0000000000
134091  -38.773  -56.154  -2.617 0.0000000000
15666  -40.635  -58.637  6.337 0.0000000000
15658  -40.950  -58.298  7.221 0.0000000000
22978  -38.300  -50.069  5.241 0.0000000000
22991  -39.025  -49.838  4.270 0.0000000000
22163  -39.649  -50.399  4.755 0.0000000000
148328  -39.534  -50.075  3.953 0.0000000000
22178  -41.782  -50.927  2.309 0.0000000000
6810  -42.441  -71.704  -0.491 0.0000000000
11380  -46.177  -64.157  1.550 0.0000000000
10693  -46.825  -64.884  1.061 0.0000000000
11381  -47.059  -64.183  1.633 0.0000000000
10701  -47.916  -65.903  -1.065 0.0000000000
145770  -48.444  -66.240  -0.354 0.0000000000
10103  -48.300  -67.311  -1.550 0.0000000000
148055  -46.455  -67.576  -3.266 0.0000000000
11416  -46.776  -64.556  -3.168 0.0000000000
10713  -45.723  -65.759  -3.702 0.0000000000
11425  -46.155  -65.123  -4.099 0.0000000000
10719  -45.931  -65.711  -4.846 0.0000000000
11417  -47.662  -64.253  -3.395 0.0000000000
10663  -41.986  -65.746  2.826 0.0000000000
10047  -42.330  -66.385  2.225 0.0000000000
10078  -42.140  -65.934  -0.191 0.0000000000
11393  -41.372  -64.599  -0.489 0.0000000000
142153  -38.439  -60.224  -0.353 0.0000000000
13597  -38.302  -61.644  0.041 0.0000000000
14333  -38.755  -60.856  -0.447 0.0000000000
12859  -41.781  -62.179  -0.737 0.0000000000
128343  -41.786  -62.992  -0.582 0.0000000000
12860  -42.671  -62.590  -0.634 0.0000000000
12146  -43.681  -63.347  0.151 0.0000000000
145381  -43.238  -61.975  -2.820 0.0000000000
12889  -43.323  -62.172  -2.035 0.0000000000
13614  -43.947  -62.204  -3.043 0.0000000000
12902  -44.899  -62.411  -2.595 0.0000000000
134805  -44.166  -61.410  -3.830 0.0000000000
12114  -42.233  -63.617  4.643 0.0000000000
144325  -42.341  -64.279  4.563 0.0000000000
12113  -41.570  -63.350  4.234 0.0000000000
12839  -40.132  -62.996  3.370 0.0000000000
12829  -40.605  -62.267  3.768 0.0000000000
14289  -42.868  -60.700  5.257 0.0000000000
13574  -42.718  -61.237  4.867 0.0000000000
14296  -41.604  -60.396  4.827 0.0000000000
14990  -38.694  -59.454  3.965 0.0000000000
14294  -40.101  -60.207  4.143 0.0000000000
140665  -39.263  -60.354  3.725 0.0000000000
15003  -38.418  -60.128  3.345 0.0000000000
15002  -38.078  -59.527  3.436 0.0000000000
15695  -37.071  -58.704  2.513 0.0000000000
15683  -37.354  -58.470  3.314 0.0000000000
133382  -37.056  -55.570  2.920 0.0000000000
18015  -36.727  -55.995  2.398 0.0000000000
129212  -37.417  -54.693  1.614 0.0000000000
18831  -38.367  -53.946  2.533 0.0000000000
17139  -40.875  -55.507  9.164 0.0000000000
18773  -40.397  -54.175  8.175 0.0000000000
17149  -39.803  -55.733  8.156 0.0000000000
17971  -39.328  -55.384  7.617 0.0000000000
17162  -39.375  -56.277  7.554 0.0000000000
17970  -38.925  -55.014  7.066 0.0000000000
140028  -41.090  -51.233  5.407 0.0000000000
21303  -42.071  -51.761  7.166 0.0000000000
21313  -42.013  -51.650  6.164 0.0000000000
129693  -42.871  -53.485  6.815 0.0000000000
19583  -42.219  -53.216  7.460 0.0000000000
125229  -40.474  -53.736  6.359 0.0000000000
19580  -38.966  -54.081  5.932 0.0000000000
19594  -39.651  -53.658  5.474 0.0000000000
19593  -38.853  -53.873  5.108 0.0000000000
125785  -42.651  -54.507  4.884 0.0000000000
18818  -41.698  -54.161  4.213 0.0000000000
129069  -42.336  -54.523  3.602 0.0000000000
18817  -41.418  -54.169  3.128 0.0000000000
9378  -43.221  -67.680  1.046 0.0000000000
8716  -43.836  -68.516  1.048 0.0000000000
8726  -43.644  -67.971  0.194 0.0000000000
8134  -45.417  -70.229  -1.221 0.0000000000
7492  -44.878  -70.075  -0.422 0.0000000000
6828  -43.207  -71.364  -1.237 0.0000000000
7503  -44.034  -71.142  -1.856 0.0000000000
8736  -47.815  -68.684  -1.538 0.0000000000
8747  -46.795  -69.374  -1.782 0.0000000000
142968  -46.931  -69.529  -2.704 0.0000000000
7536  -42.953  -70.656  -4.096 0.0000000000
7537  -43.866  -70.616  -3.531 0.0000000000
15737  -42.384  -58.450  -3.722 0.0000000000
15738  -43.246  -58.158  -3.900 0.0000000000
145452  -45.075  -59.704  -4.439 0.0000000000
14366  -45.583  -60.181  -4.483 0.0000000000
15061  -46.207  -59.676  -4.921 0.0000000000
14391  -48.895  -60.441  -5.898 0.0000000000
15066  -48.231  -60.022  -5.853 0.0000000000
14374  -48.518  -60.790  -5.395 0.0000000000
14368  -47.313  -60.857  -4.668 0.0000000000
14369  -48.293  -61.333  -4.598 0.0000000000
133058  -48.845  -61.938  -3.410 0.0000000000
13639  -49.366  -61.709  -3.995 0.0000000000
13642  -52.243  -61.876  -3.549 0.0000000000
12908  -51.161  -62.418  -2.874 0.0000000000
12177  -51.377  -63.006  -3.123 0.0000000000
18040  -36.690  -55.760  0.584 0.0000000000
17244  -36.629  -56.479  0.050 0.0000000000
18859  -37.855  -54.602  0.182 0.0000000000
18872  -38.328  -54.596  -0.459 0.0000000000
128817  -38.836  -54.451  -1.066 0.0000000000
23009  -39.715  -49.157  2.893 0.0000000000
23875  -39.477  -48.354  2.572 0.0000000000
7483  -44.459  -70.547  1.066 0.0000000000
11382  -47.720  -64.017  1.456 0.0000000000
12150  -48.010  -63.686  0.881 0.0000000000
11405  -48.179  -64.061  0.242 0.0000000000
11404  -47.787  -64.507  -0.816 0.0000000000
140020  -46.835  -65.351  -2.244 0.0000000000
11410  -47.058  -64.784  -2.073 0.0000000000
11411  -47.778  -63.939  -1.865 0.0000000000
12174  -48.620  -63.294  -2.256 0.0000000000
12124  -40.167  -64.297  2.639 0.0000000000
11361  -39.907  -64.409  1.922 0.0000000000
11369  -39.583  -64.320  1.123 0.0000000000
11377  -39.320  -64.072  0.263 0.0000000000
15038  -38.922  -59.055  -1.705 0.0000000000
14334  -39.653  -60.850  -0.758 0.0000000000
14338  -39.901  -60.387  -1.162 0.0000000000
14339  -40.612  -60.519  -1.314 0.0000000000
13607  -41.567  -61.221  -1.089 0.0000000000
127981  -42.122  -61.447  -1.482 0.0000000000
13612  -41.889  -60.972  -1.875 0.0000000000
14346  -42.113  -60.771  -2.677 0.0000000000
13621  -42.603  -60.822  -3.294 0.0000000000
12106  -43.586  -63.606  5.409 0.0000000000
12823  -42.130  -62.670  4.600 0.0000000000
14985  -40.911  -59.628  5.248 0.0000000000
14992  -41.113  -60.007  4.864 0.0000000000
145756  -39.783  -59.243  4.890 0.0000000000
15675  -39.082  -59.022  4.676 0.0000000000
15673  -37.673  -58.206  4.026 0.0000000000
16415  -37.201  -57.701  3.530 0.0000000000
16411  -37.427  -57.394  4.231 0.0000000000
17193  -37.313  -56.447  4.277 0.0000000000
18002  -37.344  -55.480  3.774 0.0000000000
20397  -40.687  -51.467  10.488 0.0000000000
18764  -41.379  -53.580  9.874 0.0000000000
19560  -41.306  -53.193  9.187 0.0000000000
19569  -40.972  -53.414  8.282 0.0000000000
21326  -42.499  -51.931  4.697 0.0000000000
132231  -42.738  -52.077  5.799 0.0000000000
142492  -43.245  -52.392  5.391 0.0000000000
143159  -43.566  -52.731  6.305 0.0000000000
131129  -41.873  -53.930  5.983 0.0000000000
18800  -42.903  -54.210  6.003 0.0000000000
18810  -43.752  -54.477  5.683 0.0000000000
18812  -45.143  -54.453  5.345 0.0000000000
9407  -42.890  -66.937  -0.186 0.0000000000
8733  -44.235  -68.127  -0.263 0.0000000000
8734  -45.222  -68.694  -0.648 0.0000000000
8121  -45.695  -69.503  -0.988 0.0000000000
7524  -45.721  -70.263  -3.368 0.0000000000
145872  -49.045  -56.924  -8.071 0.0000000000
16539  -48.748  -57.541  -7.563 0.0000000000
16525  -48.027  -58.133  -6.965 0.0000000000
15775  -48.958  -58.413  -7.232 0.0000000000
15077  -48.935  -59.781  -6.364 0.0000000000
14392  -49.709  -60.604  -6.057 0.0000000000
13648  -49.886  -61.508  -4.658 0.0000000000
14377  -51.897  -61.255  -4.925 0.0000000000
13650  -52.553  -61.612  -4.347 0.0000000000
15017  -37.378  -59.661  1.277 0.0000000000
125562  -37.888  -61.161  0.965 0.0000000000
14327  -37.780  -59.970  0.625 0.0000000000
15032  -37.761  -59.220  -0.274 0.0000000000
16463  -36.886  -57.211  -0.325 0.0000000000
15725  -37.830  -57.946  -1.064 0.0000000000
15716  -38.186  -58.909  -1.071 0.0000000000
15726  -38.513  -58.119  -1.830 0.0000000000
15730  -39.118  -57.891  -2.672 0.0000000000
16490  -39.760  -57.709  -3.187 0.0000000000
12825  -44.535  -62.066  5.264 0.0000000000
14987  -42.398  -60.105  5.708 0.0000000000
14980  -42.667  -59.673  6.475 0.0000000000
14978  -41.119  -59.304  5.876 0.0000000000
15665  -39.810  -58.353  6.056 0.0000000000
16404  -38.661  -57.184  6.151 0.0000000000
22149  -38.731  -50.383  5.888 0.0000000000
148296  -40.594  -50.896  6.958 0.0000000000
128801  -40.149  -50.728  6.505 0.0000000000
22151  -40.291  -50.816  5.599 0.0000000000
148569  -41.116  -51.205  4.577 0.0000000000
23001  -39.922  -49.865  3.366 0.0000000000
131778  -40.797  -50.900  3.892 0.0000000000
21332  -41.635  -51.411  3.984 0.0000000000
21339  -41.918  -51.260  3.156 0.0000000000
21340  -42.471  -51.513  2.784 0.0000000000
21341  -43.045  -51.788  2.453 0.0000000000
137720  -44.290  -65.039  0.072 0.0000000000
132376  -46.602  -66.025  0.241 0.0000000000
128434  -47.878  -67.201  -0.311 0.0000000000
9423  -48.496  -68.070  -1.216 0.0000000000
140175  -48.106  -68.638  -2.043 0.0000000000
8777  -46.010  -69.636  -4.326 0.0000000000
10110  -46.019  -66.680  -3.307 0.0000000000
10109  -45.386  -66.502  -3.883 0.0000000000
137072  -44.694  -67.017  -5.368 0.0000000000
10133  -45.176  -67.011  -6.391 0.0000000000
10124  -45.417  -66.516  -5.854 0.0000000000
9360  -43.778  -67.273  3.083 0.0000000000
9370  -44.190  -67.953  2.586 0.0000000000
10048  -43.021  -66.837  2.664 0.0000000000
9368  -42.733  -67.036  1.660 0.0000000000
144990  -42.670  -67.096  0.764 0.0000000000
9377  -42.138  -66.493  1.092 0.0000000000
9390  -42.512  -66.778  0.242 0.0000000000
10079  -42.534  -66.430  -0.164 0.0000000000
10690  -42.699  -65.921  -0.372 0.0000000000
126857  -43.040  -65.050  -0.402 0.0000000000
139953  -38.945  -62.884  -0.121 0.0000000000
135474  -40.150  -62.137  -0.692 0.0000000000
126398  -41.712  -63.891  -0.574 0.0000000000
11394  -42.231  -64.451  -0.465 0.0000000000
11395  -43.982  -64.152  0.307 0.0000000000
11379  -44.690  -63.516  0.821 0.0000000000
12147  -45.241  -63.107  0.758 0.0000000000
12874  -43.032  -62.291  -1.003 0.0000000000
12862  -44.634  -62.741  -0.169 0.0000000000
12863  -45.708  -62.829  0.023 0.0000000000
12877  -46.207  -62.673  -1.014 0.0000000000
12891  -45.674  -62.513  -2.049 0.0000000000
12892  -46.561  -62.551  -2.017 0.0000000000
10039  -43.400  -66.568  3.531 0.0000000000
10652  -43.026  -65.896  3.965 0.0000000000
10651  -42.352  -65.532  3.648 0.0000000000
11349  -42.800  -64.731  4.652 0.0000000000
11356  -42.133  -64.848  4.120 0.0000000000
12120  -40.427  -63.835  3.325 0.0000000000
12838  -39.494  -62.831  2.982 0.0000000000
13587  -38.523  -61.477  2.671 0.0000000000
141096  -43.872  -61.975  5.061 0.0000000000
12831  -42.950  -62.032  4.815 0.0000000000
13573  -41.028  -61.414  4.082 0.0000000000
14295  -40.882  -60.483  4.382 0.0000000000
148316  -40.399  -61.676  3.773 0.0000000000
13581  -39.199  -61.333  3.327 0.0000000000
14305  -38.658  -60.816  3.205 0.0000000000
14313  -38.114  -60.683  2.561 0.0000000000
15010  -37.317  -59.469  2.245 0.0000000000
15701  -37.005  -58.898  1.624 0.0000000000
16437  -36.572  -57.362  1.405 0.0000000000
15682  -36.938  -57.922  2.791 0.0000000000
17218  -36.564  -56.594  1.867 0.0000000000
18028  -36.632  -55.815  1.511 0.0000000000
18029  -36.982  -55.152  1.164 0.0000000000
18846  -38.153  -54.194  1.570 0.0000000000
17967  -40.336  -55.194  8.724 0.0000000000
17150  -40.397  -56.085  8.610 0.0000000000
16393  -40.492  -57.513  7.671 0.0000000000
16392  -39.702  -57.160  7.282 0.0000000000
17180  -39.014  -56.750  6.874 0.0000000000
17179  -38.473  -56.322  6.406 0.0000000000
127430  -41.032  -51.135  7.521 0.0000000000
20420  -41.868  -52.254  8.112 0.0000000000
19570  -41.746  -52.894  8.032 0.0000000000
20431  -42.933  -52.676  7.319 0.0000000000
19582  -40.964  -53.592  7.416 0.0000000000
19568  -40.102  -53.979  7.463 0.0000000000
18785  -39.330  -54.326  6.808 0.0000000000
128892  -38.404  -54.946  5.862 0.0000000000
17995  -38.136  -55.835  5.834 0.0000000000
17994  -37.959  -55.335  5.200 0.0000000000
18808  -37.856  -54.935  4.486 0.0000000000
18816  -38.471  -53.901  3.483 0.0000000000
19606  -41.128  -53.839  4.845 0.0000000000
134207  -39.222  -53.547  3.793 0.0000000000
19611  -39.120  -53.547  2.938 0.0000000000
19623  -39.754  -53.663  2.611 0.0000000000
18832  -41.099  -54.357  2.184 0.0000000000
8717  -44.321  -69.337  1.223 0.0000000000
129973  -44.480  -70.601  0.192 0.0000000000
8727  -44.251  -68.906  0.232 0.0000000000
6812  -44.142  -71.138  -0.076 0.0000000000
9410  -46.522  -68.095  -0.686 0.0000000000
8735  -46.770  -68.814  -1.068 0.0000000000
142531  -45.980  -69.807  -1.550 0.0000000000
146727  -46.263  -70.089  -2.900 0.0000000000
7505  -45.436  -70.453  -2.563 0.0000000000
124191  -44.621  -70.803  -2.350 0.0000000000
18874  -40.379  -53.957  -0.266 0.0000000000
131133  -39.630  -56.194  -3.225 0.0000000000
16491  -40.229  -57.026  -3.409 0.0000000000
16497  -40.520  -57.966  -3.374 0.0000000000
15053  -41.749  -59.129  -3.355 0.0000000000
15054  -42.487  -59.474  -3.687 0.0000000000
14357  -43.384  -60.536  -3.907 0.0000000000
15741  -44.043  -58.525  -4.188 0.0000000000
15056  -43.795  -59.560  -4.185 0.0000000000
14359  -45.221  -61.177  -4.074 0.0000000000
13624  -46.105  -61.877  -3.735 0.0000000000
13625  -47.211  -62.064  -3.521 0.0000000000
15762  -47.611  -58.738  -6.329 0.0000000000
15750  -46.961  -58.845  -5.871 0.0000000000
15064  -46.653  -59.254  -5.400 0.0000000000
13637  -46.824  -61.330  -4.181 0.0000000000
144422  -47.656  -62.435  -2.721 0.0000000000
13626  -48.232  -62.267  -3.001 0.0000000000
12906  -49.272  -62.538  -2.626 0.0000000000
12175  -49.587  -62.849  -2.521 0.0000000000
12907  -50.359  -62.419  -2.672 0.0000000000
146462  -49.228  -63.395  -2.800 0.0000000000
127677  -48.696  -64.243  -3.837 0.0000000000
6804  -44.206  -71.147  0.802 0.0000000000
6811  -43.430  -71.430  -0.284 0.0000000000
6846  -43.023  -71.248  -2.217 0.0000000000
6874  -42.287  -71.271  -4.626 0.0000000000
7522  -43.876  -70.955  -2.688 0.0000000000
7523  -44.756  -70.612  -3.052 0.0000000000
7547  -44.072  -70.411  -4.394 0.0000000000
8109  -44.568  -70.024  1.363 0.0000000000
8170  -45.595  -69.966  -4.952 0.0000000000
8776  -45.477  -69.493  -5.036 0.0000000000
9369  -43.389  -67.517  2.168 0.0000000000
9408  -43.597  -67.348  -0.248 0.0000000000
9446  -45.495  -67.240  -3.787 0.0000000000
9451  -46.418  -68.449  -3.658 0.0000000000
9459  -44.579  -67.783  -5.549 0.0000000000
10102  -46.683  -66.062  -2.454 0.0000000000
10115  -44.949  -66.633  -4.631 0.0000000000
10650  -41.675  -65.132  3.383 0.0000000000
10680  -41.589  -65.647  -0.015 0.0000000000
10681  -47.493  -64.644  1.188 0.0000000000
10688  -41.263  -65.126  -0.254 0.0000000000
10691  -43.596  -65.981  -0.400 0.0000000000
10718  -45.707  -66.149  -5.370 0.0000000000
11348  -41.785  -64.143  4.244 0.0000000000
11355  -41.520  -64.560  3.765 0.0000000000
11396  -45.037  -64.178  1.063 0.0000000000
11397  -48.183  -64.304  0.796 0.0000000000
11419  -50.676  -63.707  -3.827 0.0000000000
12105  -42.827  -63.149  4.999 0.0000000000
12112  -40.867  -63.161  3.783 0.0000000000
12119  -39.728  -63.629  2.731 0.0000000000
12134  -45.756  -63.639  1.361 0.0000000000
12135  -46.814  -63.752  1.620 0.0000000000
12143  -39.317  -63.475  -0.263 0.0000000000
12144  -39.983  -63.235  -0.659 0.0000000000
12149  -47.392  -63.444  1.206 0.0000000000
12176  -50.599  -62.942  -2.792 0.0000000000
12178  -51.923  -62.874  -3.420 0.0000000000
12826  -45.197  -61.884  5.463 0.0000000000
12849  -38.631  -62.833  1.139 0.0000000000
12853  -38.577  -62.509  0.302 0.0000000000
12856  -38.802  -62.305  -0.249 0.0000000000
12857  -39.351  -62.660  -0.457 0.0000000000
12865  -47.655  -63.358  0.322 0.0000000000
12875  -43.966  -62.512  -1.108 0.0000000000
12890  -44.211  -62.434  -2.090 0.0000000000
12893  -47.911  -62.996  -1.377 0.0000000000
12904  -46.779  -62.413  -2.942 0.0000000000
12909  -51.724  -62.465  -3.105 0.0000000000
12917  -52.275  -62.313  -3.489 0.0000000000
12918  -52.720  -61.907  -4.116 0.0000000000
13569  -44.468  -61.398  5.372 0.0000000000
13602  -40.358  -61.217  -0.742 0.0000000000
13606  -40.964  -60.967  -0.846 0.0000000000
13613  -42.579  -61.507  -2.424 0.0000000000
13623  -44.961  -62.066  -3.495 0.0000000000
13629  -51.715  -62.130  -3.050 0.0000000000
14288  -42.139  -60.402  5.170 0.0000000000
14297  -42.174  -60.811  4.829 0.0000000000
14312  -37.615  -60.190  2.004 0.0000000000
14319  -37.704  -60.394  1.118 0.0000000000
14320  -37.849  -60.774  1.727 0.0000000000
14340  -41.261  -60.690  -1.527 0.0000000000
14367  -46.485  -60.473  -4.622 0.0000000000
14372  -46.931  -60.050  -5.180 0.0000000000
14375  -49.351  -61.067  -5.492 0.0000000000
14979  -41.885  -59.530  6.179 0.0000000000
14984  -40.415  -59.735  4.716 0.0000000000
15001  -37.546  -59.192  3.054 0.0000000000
15026  -37.517  -59.443  0.463 0.0000000000
15033  -38.336  -59.706  -0.646 0.0000000000
15034  -39.052  -60.219  -0.861 0.0000000000
15039  -39.421  -59.727  -1.465 0.0000000000
15045  -41.299  -59.612  -2.729 0.0000000000
15055  -43.078  -59.777  -3.931 0.0000000000
15060  -45.469  -59.225  -4.676 0.0000000000
15065  -47.439  -59.524  -5.757 0.0000000000
15671  -40.310  -59.082  5.478 0.0000000000
15674  -38.334  -58.650  4.391 0.0000000000
15714  -37.299  -57.754  -0.554 0.0000000000
15736  -41.424  -58.246  -3.486 0.0000000000
15763  -48.480  -58.930  -6.671 0.0000000000
16414  -36.885  -57.160  3.048 0.0000000000
16427  -36.681  -57.311  2.288 0.0000000000
16451  -36.602  -57.317  0.460 0.0000000000
16464  -37.414  -57.200  -0.928 0.0000000000
16500  -42.742  -57.383  -3.701 0.0000000000
17161  -38.808  -55.865  7.089 0.0000000000
17196  -37.110  -57.005  3.690 0.0000000000
17207  -36.735  -56.669  2.585 0.0000000000
17966  -39.881  -54.887  8.195 0.0000000000
18041  -37.207  -55.140  0.320 0.0000000000
18055  -37.015  -55.778  -0.287 0.0000000000
18056  -37.634  -55.152  -0.466 0.0000000000
18057  -38.217  -55.089  -1.159 0.0000000000
18784  -38.766  -54.713  6.455 0.0000000000
18801  -44.405  -54.006  6.119 0.0000000000
18802  -44.880  -53.960  5.859 0.0000000000
18809  -38.431  -54.133  4.368 0.0000000000
18811  -44.588  -54.412  5.615 0.0000000000
18815  -37.846  -54.598  3.696 0.0000000000
18830  -37.648  -54.506  2.313 0.0000000000
18845  -37.579  -54.638  0.918 0.0000000000
19555  -41.200  -52.308  10.603 0.0000000000
19571  -42.460  -52.730  7.654 0.0000000000
19584  -42.987  -53.017  7.337 0.0000000000
19605  -40.047  -53.577  4.452 0.0000000000
19613  -40.773  -53.766  3.775 0.0000000000
19624  -40.529  -53.826  2.817 0.0000000000
20409  -41.202  -51.797  9.757 0.0000000000
20449  -43.212  -52.370  4.441 0.0000000000
21266  -40.347  -51.204  10.020 0.0000000000
21290  -41.681  -51.689  7.949 0.0000000000
21314  -42.910  -52.351  6.846 0.0000000000
22122  -39.517  -50.417  8.045 0.0000000000
22137  -40.175  -50.660  7.367 0.0000000000
22150  -39.496  -50.525  5.782 0.0000000000
22164  -40.462  -50.849  4.682 0.0000000000
22172  -40.557  -50.348  3.213 0.0000000000
23000  -39.304  -49.498  3.582 0.0000000000
124824  -38.903  -54.060  0.999 0.0000000000
126157  -44.086  -54.826  4.966 0.0000000000
126177  -41.990  -61.577  4.551 0.0000000000
126820  -38.014  -59.844  0.028 0.0000000000
126935  -42.658  -63.401  -0.371 0.0000000000
127745  -44.104  -62.727  5.423 0.0000000000
128048  -41.563  -53.726  6.747 0.0000000000
128136  -40.157  -57.941  6.847 0.0000000000
128304  -44.707  -70.729  -0.696 0.0000000000
129068  -39.449  -63.933  1.933 0.0000000000
130779  -37.413  -54.930  2.983 0.0000000000
131479  -42.689  -60.175  -3.647 0.0000000000
131696  -39.832  -62.053  3.441 0.0000000000
134971  -51.981  -61.594  -3.937 0.0000000000
136491  -44.568  -67.783  -6.406 0.0000000000
142361  -43.757  -53.731  6.369 0.0000000000
144410  -39.768  -64.108  2.339 0.0000000000
145265  -42.669  -52.296  7.262 0.0000000000
145896  -38.771  -53.737  4.048 0.0000000000
146092  -46.543  -63.872  6.266 0.0000000000
147642  -39.208  -58.570  -2.253 0.0000000000
148189  -43.262  -62.968  -0.264 0.0000000000
