#!ascii label  , from subject sub-v1s20x0050312_ses-1 vox2ras=TkReg
345
74193  -14.201  -1.247  -31.995 0.0000000000
69453  -12.425  -6.266  -30.435 0.0000000000
123758  -16.342  -2.864  -28.652 0.0000000000
142443  -15.567  -8.150  -28.546 0.0000000000
84355  -13.067  9.714  -34.948 0.0000000000
135135  -15.666  6.762  -32.384 0.0000000000
76712  -10.638  1.781  -31.426 0.0000000000
64602  -15.739  -11.355  -26.859 0.0000000000
68573  -13.669  -7.218  -30.166 0.0000000000
118113  -12.922  -9.704  -29.763 0.0000000000
119035  -14.423  7.765  -33.570 0.0000000000
118802  -12.474  5.999  -33.041 0.0000000000
73238  -11.147  -2.095  -30.982 0.0000000000
74187  -8.098  -1.338  -31.032 0.0000000000
75072  -12.833  0.043  -32.354 0.0000000000
140973  -14.088  2.759  -31.495 0.0000000000
76674  -15.223  1.577  -29.837 0.0000000000
137528  -16.326  0.701  -28.624 0.0000000000
70356  -10.274  -5.532  -30.277 0.0000000000
131897  -12.914  -3.479  -31.039 0.0000000000
73228  -15.252  -2.222  -30.129 0.0000000000
70361  -14.861  -4.958  -30.352 0.0000000000
70338  -16.028  -5.648  -28.976 0.0000000000
119734  -17.155  -6.333  -26.538 0.0000000000
78426  -10.313  2.680  -30.967 0.0000000000
79289  -12.845  3.838  -32.246 0.0000000000
135481  -16.050  5.255  -30.682 0.0000000000
64630  -13.227  -11.377  -28.426 0.0000000000
65601  -15.287  -10.189  -27.657 0.0000000000
118116  -12.515  -9.015  -30.001 0.0000000000
139644  -11.957  -10.060  -29.483 0.0000000000
135404  -11.537  6.479  -33.076 0.0000000000
119387  -11.181  4.965  -31.860 0.0000000000
123832  -12.461  -1.354  -31.837 0.0000000000
74190  -11.763  -1.128  -31.689 0.0000000000
74200  -13.446  -0.357  -32.572 0.0000000000
75895  -14.037  0.477  -32.201 0.0000000000
75066  -14.876  -0.173  -31.641 0.0000000000
75858  -15.566  0.967  -29.482 0.0000000000
126641  -15.048  -0.705  -30.944 0.0000000000
70357  -11.096  -6.024  -30.334 0.0000000000
71326  -11.638  -4.340  -30.552 0.0000000000
70358  -12.579  -5.380  -30.511 0.0000000000
71328  -13.713  -4.511  -30.770 0.0000000000
70359  -13.170  -5.866  -30.501 0.0000000000
120349  -14.462  -7.522  -29.793 0.0000000000
69442  -14.600  -6.695  -30.059 0.0000000000
118105  -15.952  -6.494  -28.817 0.0000000000
69433  -16.210  -5.853  -27.979 0.0000000000
118120  -16.289  -6.795  -27.858 0.0000000000
129317  -11.894  9.305  -33.381 0.0000000000
84354  -11.617  9.957  -33.662 0.0000000000
84369  -11.670  10.278  -34.658 0.0000000000
134383  -12.847  11.249  -35.181 0.0000000000
84356  -14.261  10.157  -33.662 0.0000000000
135175  -15.108  7.205  -33.082 0.0000000000
75892  -9.343  0.124  -31.138 0.0000000000
75889  -7.394  1.586  -30.418 0.0000000000
140534  -10.099  2.365  -31.084 0.0000000000
78428  -11.525  2.924  -31.749 0.0000000000
77588  -11.851  2.320  -31.756 0.0000000000
78407  -15.598  3.877  -30.161 0.0000000000
78431  -14.858  4.069  -30.755 0.0000000000
79260  -16.385  4.664  -30.295 0.0000000000
124761  -15.467  -2.889  -29.837 0.0000000000
74166  -16.015  -1.262  -29.060 0.0000000000
62531  -14.128  -12.986  -27.307 0.0000000000
139546  -14.647  -11.335  -27.641 0.0000000000
65600  -14.643  -10.665  -27.937 0.0000000000
129374  -15.199  -10.957  -27.355 0.0000000000
138983  -12.252  -7.751  -30.167 0.0000000000
132988  -12.966  -6.856  -30.372 0.0000000000
119526  -12.360  -8.400  -30.084 0.0000000000
118107  -13.354  -8.580  -29.868 0.0000000000
118102  -14.037  -8.979  -29.480 0.0000000000
82703  -11.892  8.380  -33.273 0.0000000000
83580  -14.058  9.241  -33.657 0.0000000000
119873  -12.364  7.807  -33.392 0.0000000000
118213  -13.358  7.481  -33.479 0.0000000000
119216  -14.258  5.939  -32.786 0.0000000000
72285  -9.338  -3.259  -30.771 0.0000000000
74176  -9.476  -1.691  -31.073 0.0000000000
75061  -10.256  -0.267  -31.428 0.0000000000
75894  -12.191  0.771  -31.983 0.0000000000
132831  -12.730  1.220  -31.964 0.0000000000
139482  -13.401  0.979  -31.972 0.0000000000
77589  -14.474  2.088  -31.237 0.0000000000
77570  -16.089  3.242  -29.437 0.0000000000
130488  -16.551  2.617  -29.089 0.0000000000
136999  -17.530  -11.466  -25.464 0.0000000000
127025  -17.788  -10.347  -26.022 0.0000000000
72286  -10.491  -3.578  -30.598 0.0000000000
73240  -12.304  -3.102  -30.951 0.0000000000
72295  -13.528  -2.760  -31.352 0.0000000000
74194  -14.681  -1.626  -31.293 0.0000000000
72289  -14.147  -3.267  -30.973 0.0000000000
72290  -14.646  -3.767  -30.609 0.0000000000
141309  -15.703  -3.871  -29.597 0.0000000000
69454  -13.869  -6.294  -30.399 0.0000000000
70349  -15.452  -5.311  -29.702 0.0000000000
71306  -16.279  -4.304  -28.359 0.0000000000
71292  -16.607  -4.495  -27.566 0.0000000000
70327  -17.089  -4.734  -26.885 0.0000000000
83581  -15.217  9.244  -33.449 0.0000000000
79275  -11.458  3.807  -31.574 0.0000000000
120062  -12.832  4.894  -32.686 0.0000000000
132720  -13.744  5.096  -32.544 0.0000000000
78442  -13.181  3.086  -32.064 0.0000000000
79277  -14.163  4.299  -31.928 0.0000000000
135368  -15.900  6.188  -31.661 0.0000000000
75034  -15.223  -0.779  -29.822 0.0000000000
75036  -17.173  -0.072  -28.350 0.0000000000
65630  -12.149  -10.621  -28.953 0.0000000000
65618  -12.873  -10.659  -28.949 0.0000000000
65632  -14.015  -9.717  -29.213 0.0000000000
118099  -15.119  -9.029  -28.435 0.0000000000
66631  -16.468  -9.749  -26.797 0.0000000000
118097  -16.366  -8.967  -27.141 0.0000000000
118103  -16.222  -8.222  -27.621 0.0000000000
144269  -11.137  5.096  -31.806 0.0000000000
74192  -13.571  -1.040  -32.269 0.0000000000
74191  -12.927  -0.851  -32.277 0.0000000000
75075  -13.843  -0.430  -32.555 0.0000000000
140482  -14.056  -0.071  -32.613 0.0000000000
75065  -14.290  -0.424  -32.250 0.0000000000
123865  -14.724  -0.935  -31.505 0.0000000000
69452  -11.805  -6.551  -30.348 0.0000000000
121678  -11.862  -5.714  -30.468 0.0000000000
118110  -15.015  -7.888  -29.335 0.0000000000
119261  -15.318  -7.118  -29.415 0.0000000000
141358  -15.452  -7.615  -29.034 0.0000000000
118104  -15.829  -7.300  -28.659 0.0000000000
135390  -16.159  -7.606  -28.050 0.0000000000
83578  -12.129  9.756  -34.580 0.0000000000
84371  -13.375  10.523  -34.992 0.0000000000
118221  -15.768  7.503  -32.766 0.0000000000
144583  -16.239  7.250  -32.284 0.0000000000
127984  -9.986  1.082  -31.302 0.0000000000
130351  -8.094  1.040  -30.353 0.0000000000
76710  -8.277  1.782  -30.628 0.0000000000
77586  -7.731  2.212  -30.593 0.0000000000
76711  -9.399  1.836  -31.072 0.0000000000
77587  -11.183  2.391  -31.524 0.0000000000
122392  -16.824  -2.299  -28.462 0.0000000000
63586  -15.666  -12.225  -26.731 0.0000000000
62532  -14.960  -12.621  -27.090 0.0000000000
64610  -15.134  -11.791  -27.277 0.0000000000
125463  -14.300  -12.065  -27.606 0.0000000000
119242  -11.802  -8.127  -30.110 0.0000000000
118115  -12.702  -9.380  -29.896 0.0000000000
118114  -12.929  -8.801  -29.945 0.0000000000
118106  -13.248  -9.356  -29.727 0.0000000000
119505  -11.165  7.518  -33.079 0.0000000000
82704  -13.012  8.397  -33.524 0.0000000000
82711  -11.571  7.652  -33.281 0.0000000000
119024  -12.199  7.036  -33.278 0.0000000000
118218  -13.323  6.498  -33.179 0.0000000000
120453  -10.297  -2.700  -30.718 0.0000000000
74177  -10.195  -2.063  -30.910 0.0000000000
75063  -12.181  -0.218  -32.010 0.0000000000
75062  -11.102  -0.656  -31.576 0.0000000000
75893  -11.507  0.220  -31.790 0.0000000000
129568  -12.412  0.234  -32.103 0.0000000000
76721  -12.989  0.584  -32.143 0.0000000000
75902  -13.110  0.221  -32.322 0.0000000000
76715  -14.688  0.792  -31.720 0.0000000000
76714  -14.270  1.234  -31.807 0.0000000000
76696  -14.931  1.424  -31.093 0.0000000000
77569  -14.888  2.259  -30.229 0.0000000000
76675  -15.538  2.429  -29.367 0.0000000000
75050  -15.418  0.191  -29.611 0.0000000000
75859  -17.637  0.720  -28.506 0.0000000000
63579  -16.889  -11.912  -25.654 0.0000000000
71315  -9.404  -5.029  -30.185 0.0000000000
141288  -9.749  -3.892  -30.596 0.0000000000
71324  -10.142  -4.531  -30.488 0.0000000000
126104  -12.237  -3.962  -30.668 0.0000000000
72287  -11.547  -3.534  -30.631 0.0000000000
72294  -12.841  -2.716  -31.350 0.0000000000
72288  -13.571  -3.746  -30.964 0.0000000000
71329  -14.369  -4.479  -30.678 0.0000000000
125698  -14.098  -3.982  -30.889 0.0000000000
71330  -14.978  -4.266  -30.353 0.0000000000
72277  -15.388  -3.650  -30.065 0.0000000000
143757  -13.046  -7.417  -30.249 0.0000000000
69443  -15.436  -6.200  -29.635 0.0000000000
69455  -14.735  -5.814  -30.290 0.0000000000
71305  -15.998  -4.816  -29.063 0.0000000000
70339  -16.162  -5.028  -28.123 0.0000000000
118119  -16.557  -6.033  -27.090 0.0000000000
70326  -16.483  -5.220  -27.243 0.0000000000
119989  -16.962  -5.466  -26.613 0.0000000000
118130  -18.477  -5.287  -26.717 0.0000000000
119504  -13.953  8.462  -33.683 0.0000000000
119251  -14.858  8.453  -33.594 0.0000000000
74174  -7.875  -1.950  -30.974 0.0000000000
78406  -8.753  2.669  -30.600 0.0000000000
79273  -10.158  2.878  -30.795 0.0000000000
80119  -10.859  3.226  -30.944 0.0000000000
79274  -10.934  3.101  -31.167 0.0000000000
133211  -11.920  3.738  -32.062 0.0000000000
79288  -12.309  4.104  -32.270 0.0000000000
77603  -13.158  1.777  -32.008 0.0000000000
77602  -12.660  1.881  -31.951 0.0000000000
139494  -13.534  2.527  -31.862 0.0000000000
79259  -15.454  4.710  -30.692 0.0000000000
135354  -14.753  4.606  -31.366 0.0000000000
118984  -15.432  5.409  -31.388 0.0000000000
118769  -16.245  5.837  -30.967 0.0000000000
135353  -16.889  6.126  -30.807 0.0000000000
125523  -14.902  -2.114  -30.832 0.0000000000
74178  -15.024  -1.466  -30.651 0.0000000000
74165  -15.381  -1.635  -29.721 0.0000000000
75016  -16.841  -0.918  -28.408 0.0000000000
63618  -12.931  -12.129  -28.167 0.0000000000
64629  -12.496  -11.474  -28.522 0.0000000000
65619  -14.050  -10.415  -28.629 0.0000000000
65620  -14.739  -9.854  -28.419 0.0000000000
142498  -14.542  -9.238  -28.946 0.0000000000
125325  -15.370  -9.535  -27.950 0.0000000000
140946  -16.572  -10.408  -26.518 0.0000000000
118112  -16.896  -8.171  -26.794 0.0000000000
118875  -11.804  -9.007  -30.134 0.0000000000
118121  -11.595  -9.603  -29.814 0.0000000000
119266  -12.244  -9.537  -29.978 0.0000000000
119927  -12.624  -9.981  -29.629 0.0000000000
118866  -11.001  7.007  -33.077 0.0000000000
118202  -10.759  6.450  -32.601 0.0000000000
135188  -11.151  6.098  -32.816 0.0000000000
136515  -11.367  5.377  -32.521 0.0000000000
73250  -11.912  -1.892  -31.392 0.0000000000
75064  -12.629  -0.469  -32.204 0.0000000000
75073  -13.201  -0.247  -32.456 0.0000000000
75903  -13.421  0.182  -32.407 0.0000000000
75074  -13.618  -0.064  -32.657 0.0000000000
75896  -14.637  0.335  -31.880 0.0000000000
75881  -15.236  0.629  -30.924 0.0000000000
75049  -15.192  -0.161  -30.702 0.0000000000
70348  -10.361  -6.323  -30.069 0.0000000000
71325  -11.165  -5.064  -30.492 0.0000000000
127293  -12.063  -4.832  -30.523 0.0000000000
71327  -12.886  -4.438  -30.701 0.0000000000
129747  -13.250  -5.096  -30.591 0.0000000000
70360  -14.006  -5.294  -30.627 0.0000000000
118109  -13.753  -7.911  -29.926 0.0000000000
118123  -16.699  -6.763  -27.046 0.0000000000
119271  -11.966  8.325  -33.203 0.0000000000
84370  -12.242  10.455  -35.288 0.0000000000
84372  -14.844  10.873  -33.776 0.0000000000
135545  -15.315  7.906  -33.348 0.0000000000
76695  -5.814  1.607  -30.223 0.0000000000
77566  -6.100  2.154  -30.458 0.0000000000
77568  -8.186  2.459  -30.549 0.0000000000
124069  -9.269  2.583  -30.783 0.0000000000
78427  -10.998  2.803  -31.395 0.0000000000
78429  -12.004  2.849  -31.932 0.0000000000
78440  -12.227  2.941  -31.969 0.0000000000
77590  -14.691  3.101  -30.675 0.0000000000
73216  -15.854  -2.267  -29.116 0.0000000000
74150  -16.569  -1.671  -28.577 0.0000000000
63595  -13.507  -12.573  -27.785 0.0000000000
64608  -13.595  -11.874  -28.003 0.0000000000
64609  -13.984  -11.209  -28.098 0.0000000000
68570  -11.807  -7.315  -30.192 0.0000000000
121648  -12.323  -7.095  -30.286 0.0000000000
68571  -12.662  -7.752  -30.155 0.0000000000
68572  -13.159  -7.930  -30.067 0.0000000000
118108  -12.765  -8.549  -29.995 0.0000000000
118101  -14.254  -8.252  -29.629 0.0000000000
118100  -14.787  -8.597  -29.099 0.0000000000
135460  -11.277  7.130  -33.118 0.0000000000
123619  -12.432  9.170  -33.462 0.0000000000
83579  -13.149  9.295  -33.785 0.0000000000
118214  -13.754  7.996  -33.671 0.0000000000
141581  -11.284  7.192  -33.208 0.0000000000
118219  -14.276  6.890  -33.197 0.0000000000
135546  -14.939  6.536  -32.770 0.0000000000
129849  -8.781  -1.263  -31.110 0.0000000000
74189  -10.619  -1.450  -31.220 0.0000000000
74188  -9.883  -1.011  -31.215 0.0000000000
143329  -9.262  -0.676  -31.152 0.0000000000
138721  -10.463  0.445  -31.489 0.0000000000
130771  -11.144  1.027  -31.684 0.0000000000
76713  -11.782  1.588  -31.762 0.0000000000
76720  -12.623  0.972  -31.998 0.0000000000
76722  -13.178  1.033  -32.003 0.0000000000
77604  -13.806  1.837  -31.822 0.0000000000
130428  -13.488  0.372  -32.247 0.0000000000
76723  -13.650  1.019  -31.998 0.0000000000
132147  -15.266  2.983  -29.870 0.0000000000
78409  -17.320  3.327  -29.308 0.0000000000
76676  -16.052  1.744  -28.816 0.0000000000
72268  -16.430  -3.541  -28.453 0.0000000000
64603  -16.271  -11.672  -26.261 0.0000000000
65590  -16.258  -10.948  -26.465 0.0000000000
136794  -11.105  -2.890  -30.648 0.0000000000
132118  -11.031  -4.230  -30.556 0.0000000000
73239  -11.760  -2.632  -30.947 0.0000000000
73251  -12.398  -2.260  -31.381 0.0000000000
73252  -13.100  -1.819  -31.787 0.0000000000
138343  -13.766  -1.831  -31.772 0.0000000000
73241  -14.302  -2.272  -31.303 0.0000000000
73242  -14.868  -2.882  -30.499 0.0000000000
72267  -15.779  -3.310  -29.203 0.0000000000
128017  -15.505  -4.424  -29.776 0.0000000000
125857  -15.962  -4.054  -29.111 0.0000000000
144440  -16.794  -3.949  -27.944 0.0000000000
119414  -15.890  8.470  -33.217 0.0000000000
80120  -11.349  4.169  -31.160 0.0000000000
118207  -11.403  4.815  -32.137 0.0000000000
79276  -11.694  3.882  -31.944 0.0000000000
79287  -11.713  4.599  -32.295 0.0000000000
118211  -11.892  5.415  -32.761 0.0000000000
118217  -13.324  5.682  -32.909 0.0000000000
118829  -15.190  5.952  -32.261 0.0000000000
78441  -12.662  2.898  -32.070 0.0000000000
78430  -14.345  3.723  -31.360 0.0000000000
79290  -13.475  4.205  -32.238 0.0000000000
135136  -14.561  5.121  -32.154 0.0000000000
118216  -16.393  6.782  -31.766 0.0000000000
75035  -16.094  -0.342  -28.804 0.0000000000
65631  -13.306  -10.119  -29.318 0.0000000000
142661  -13.478  -10.752  -28.669 0.0000000000
66630  -15.896  -10.457  -26.983 0.0000000000
118096  -15.855  -9.635  -27.381 0.0000000000
66632  -17.008  -9.100  -26.573 0.0000000000
118098  -15.773  -8.925  -27.857 0.0000000000
118118  -16.543  -7.463  -27.310 0.0000000000
75076  -14.228  0.009  -32.399 0.0000000000
75901  -12.866  0.483  -32.203 0.0000000000
75904  -13.821  0.005  -32.531 0.0000000000
76709  -6.992  1.717  -30.465 0.0000000000
77567  -7.600  2.329  -30.509 0.0000000000
77585  -7.211  2.047  -30.558 0.0000000000
77601  -12.271  2.119  -31.840 0.0000000000
78443  -13.751  3.431  -31.810 0.0000000000
118128  -17.596  -5.115  -26.639 0.0000000000
121968  -17.248  -9.958  -26.359 0.0000000000
128016  -8.941  1.056  -30.705 0.0000000000
129526  -8.724  2.296  -30.789 0.0000000000
132893  -13.267  0.442  -32.160 0.0000000000
133195  -12.304  1.607  -31.843 0.0000000000
135187  -11.051  5.705  -32.365 0.0000000000
140931  -13.999  4.685  -32.251 0.0000000000
143509  -17.372  2.706  -29.210 0.0000000000
