#!ascii label  , from subject sub-v1s20x0050363_ses-1 vox2ras=TkReg
480
16058  -30.446  -64.259  -29.074 0.6999999881
150934  -30.303  -63.357  -30.205 0.6000000238
16754  -30.383  -63.737  -31.059 0.6000000238
150830  -31.132  -63.875  -32.543 0.4000000060
18161  -29.473  -61.728  -22.342 0.6999999881
128243  -29.364  -61.009  -22.960 0.6999999881
130125  -29.459  -61.947  -23.189 0.6999999881
130359  -29.634  -62.697  -23.327 0.6999999881
18170  -29.283  -61.287  -23.813 0.6000000238
16689  -29.901  -63.170  -23.844 0.6000000238
18184  -29.399  -61.466  -24.671 0.6000000238
150323  -30.121  -63.448  -25.104 0.6000000238
17417  -29.696  -62.327  -25.035 0.6000000238
138925  -29.533  -61.585  -25.531 0.5000000000
17436  -29.853  -62.499  -26.571 0.5000000000
18202  -29.647  -61.737  -26.321 0.5000000000
17457  -30.007  -62.317  -28.275 0.6000000238
17458  -30.185  -62.837  -28.837 0.6000000238
17466  -30.003  -61.968  -29.218 0.6000000238
17467  -30.186  -62.741  -29.771 0.6000000238
18232  -30.142  -61.986  -30.239 0.6000000238
18991  -29.454  -60.764  -22.007 0.6000000238
19835  -29.071  -60.003  -22.750 0.6000000238
19001  -28.999  -60.377  -23.628 0.6000000238
19018  -28.988  -60.612  -24.403 0.6000000238
19030  -28.676  -60.054  -24.944 0.6000000238
19031  -29.142  -60.766  -25.229 0.6000000238
136414  -29.072  -60.144  -26.435 0.6000000238
132884  -29.319  -60.528  -26.962 0.6000000238
144904  -29.723  -61.859  -27.073 0.6000000238
127981  -29.563  -61.123  -27.593 0.6999999881
132663  -29.510  -60.684  -28.415 0.6000000238
18231  -29.687  -61.057  -29.161 0.6000000238
17472  -30.430  -62.829  -30.804 0.5000000000
17478  -30.994  -62.624  -31.700 0.5000000000
19821  -29.118  -59.756  -21.722 0.6000000238
154573  -28.859  -59.486  -22.402 0.6000000238
20690  -28.528  -58.792  -23.527 0.6000000238
148249  -28.582  -59.276  -24.056 0.6000000238
19866  -28.578  -59.360  -24.676 0.6000000238
20699  -28.592  -58.717  -24.334 0.6000000238
20715  -28.687  -58.724  -25.156 0.6000000238
20726  -28.824  -58.844  -26.000 0.6000000238
19044  -28.901  -60.136  -25.747 0.6000000238
19893  -28.896  -59.543  -26.245 0.6000000238
19894  -29.106  -59.707  -27.054 0.6999999881
146843  -29.872  -61.348  -29.838 0.6000000238
18238  -30.204  -61.108  -30.596 0.6000000238
17479  -31.844  -62.572  -32.001 0.4000000060
19820  -28.561  -58.911  -21.293 0.6000000238
19834  -28.650  -59.041  -22.169 0.6000000238
20678  -28.482  -58.534  -22.715 0.6000000238
21452  -28.640  -58.162  -23.927 0.6000000238
21462  -28.920  -57.930  -24.723 0.5000000000
20716  -29.020  -58.107  -25.711 0.6000000238
135786  -29.146  -58.296  -26.578 0.6999999881
19915  -29.565  -59.355  -28.889 0.6000000238
19054  -29.292  -60.228  -27.735 0.6000000238
128588  -29.372  -59.974  -28.426 0.6000000238
19064  -29.549  -60.234  -29.100 0.6000000238
19071  -29.752  -60.602  -29.843 0.6000000238
146670  -30.732  -60.475  -30.983 0.6000000238
18239  -30.595  -61.956  -31.117 0.6000000238
18246  -32.074  -61.796  -31.788 0.4000000060
18245  -31.358  -62.026  -31.608 0.5000000000
20647  -28.071  -58.349  -20.797 0.5000000000
21430  -28.336  -57.637  -21.796 0.6000000238
21441  -28.491  -57.793  -22.483 0.6000000238
131572  -28.557  -57.980  -23.240 0.6000000238
21453  -29.065  -57.404  -23.812 0.5000000000
22232  -29.457  -57.061  -24.652 0.5000000000
21477  -29.405  -57.346  -25.454 0.6000000238
22250  -29.822  -56.792  -26.063 0.6000000238
21490  -29.425  -57.529  -26.322 0.6999999881
21504  -29.498  -57.715  -27.185 0.6999999881
20737  -29.290  -58.570  -27.457 0.6999999881
21515  -30.019  -57.205  -28.651 0.6000000238
19904  -29.273  -59.368  -27.902 0.6999999881
21517  -29.780  -57.975  -28.699 0.6000000238
20750  -29.802  -58.518  -29.095 0.6000000238
140534  -29.883  -59.058  -29.525 0.6000000238
19927  -29.744  -59.764  -29.701 0.6000000238
132393  -30.837  -59.040  -30.670 0.6000000238
19078  -31.743  -60.253  -31.432 0.5000000000
19084  -32.399  -61.000  -31.675 0.4000000060
21418  -28.017  -57.629  -21.178 0.6000000238
22209  -28.710  -57.093  -22.165 0.6000000238
21442  -28.933  -57.286  -22.899 0.5000000000
22222  -29.441  -56.675  -23.275 0.6000000238
23092  -30.142  -55.973  -24.284 0.5000000000
152593  -29.860  -56.436  -24.649 0.6000000238
23093  -30.509  -55.356  -24.670 0.5000000000
130045  -29.823  -56.607  -25.271 0.6000000238
22233  -30.201  -55.973  -25.020 0.5000000000
22251  -30.214  -56.082  -25.792 0.5000000000
22267  -30.218  -56.233  -26.630 0.5000000000
22266  -29.838  -56.964  -26.910 0.6000000238
23134  -30.521  -55.639  -27.245 0.5000000000
22280  -30.208  -56.404  -27.494 0.5000000000
22279  -29.871  -57.117  -27.763 0.6000000238
135761  -30.433  -55.886  -28.132 0.4000000060
146033  -30.493  -55.465  -28.754 0.4000000060
22285  -30.366  -56.967  -29.433 0.5000000000
21518  -30.082  -57.773  -29.277 0.6000000238
152079  -30.672  -56.841  -29.993 0.5000000000
21521  -30.534  -57.635  -29.997 0.6000000238
22288  -31.001  -56.320  -30.254 0.5000000000
20756  -30.629  -58.452  -30.339 0.6000000238
130908  -32.889  -60.325  -31.766 0.5000000000
138682  -31.009  -57.924  -30.586 0.6000000238
20757  -31.278  -58.541  -30.887 0.6000000238
19933  -32.679  -59.608  -31.713 0.6000000238
22197  -28.353  -56.860  -21.433 0.5000000000
22210  -29.253  -56.576  -22.552 0.5000000000
23080  -29.971  -56.035  -23.532 0.5000000000
23081  -30.428  -55.366  -23.852 0.4000000060
23926  -30.833  -54.731  -25.116 0.4000000060
23105  -30.536  -55.393  -25.476 0.5000000000
23119  -30.540  -55.486  -26.326 0.5000000000
144829  -30.865  -54.772  -25.970 0.5000000000
25788  -30.678  -53.302  -29.158 0.4000000060
23956  -30.710  -54.990  -28.031 0.4000000060
23963  -30.557  -54.762  -29.058 0.4000000060
23968  -30.612  -54.607  -29.745 0.5000000000
23142  -30.567  -55.423  -29.442 0.5000000000
139591  -30.606  -56.177  -29.706 0.5000000000
136243  -32.896  -57.996  -31.685 0.5000000000
20761  -33.487  -58.953  -31.942 0.5000000000
21525  -31.741  -57.900  -31.110 0.6000000238
20760  -32.228  -58.708  -31.491 0.5000000000
23939  -31.189  -54.088  -26.492 0.5000000000
23957  -31.045  -54.117  -27.533 0.5000000000
24866  -31.111  -53.304  -28.174 0.5000000000
24875  -30.575  -53.989  -29.459 0.4000000060
23145  -30.834  -55.367  -30.064 0.5000000000
21526  -33.551  -57.104  -31.628 0.5000000000
20762  -34.110  -58.135  -31.995 0.3000000119
23970  -30.821  -54.388  -30.121 0.5000000000
23146  -31.604  -55.839  -30.634 0.5000000000
21523  -32.202  -57.155  -31.243 0.5000000000
24851  -31.412  -53.310  -27.091 0.4000000060
24865  -30.780  -54.090  -28.585 0.4000000060
25775  -31.407  -52.425  -27.795 0.4000000060
26746  -30.140  -51.532  -29.754 0.4000000060
24883  -30.494  -53.000  -30.062 0.4000000060
151632  -30.320  -52.207  -30.017 0.4000000060
149610  -30.747  -53.657  -30.176 0.5000000000
23150  -34.451  -55.748  -31.363 0.4000000060
22293  -34.482  -56.584  -31.477 0.4000000060
23971  -31.547  -54.968  -30.522 0.5000000000
22292  -33.542  -56.073  -31.447 0.5000000000
135264  -31.505  -54.023  -30.509 0.5000000000
23972  -32.504  -54.686  -30.912 0.5000000000
22290  -32.488  -56.354  -31.220 0.5000000000
134013  -30.127  -51.115  -29.913 0.4000000060
25799  -30.747  -52.367  -30.291 0.4000000060
149778  -34.406  -55.012  -31.338 0.4000000060
23149  -33.542  -55.235  -31.303 0.5000000000
24884  -31.064  -53.147  -30.392 0.5000000000
138722  -32.525  -53.997  -30.884 0.5000000000
139071  -30.654  -51.021  -30.174 0.4000000060
154752  -34.124  -53.864  -31.286 0.4000000060
24889  -34.847  -53.669  -31.253 0.3000000119
26754  -31.368  -51.669  -30.466 0.5000000000
24885  -32.083  -53.344  -30.714 0.5000000000
24888  -33.189  -53.597  -31.071 0.5000000000
27652  -30.129  -50.568  -29.849 0.4000000060
133927  -33.997  -53.200  -31.285 0.3000000119
25803  -34.902  -52.905  -31.325 0.3000000119
27653  -31.705  -50.812  -30.357 0.4000000060
25802  -32.888  -52.814  -30.911 0.5000000000
25800  -31.712  -52.545  -30.607 0.5000000000
135339  -32.578  -51.991  -30.779 0.5000000000
29466  -31.267  -48.691  -29.664 0.4000000060
26759  -34.232  -51.527  -31.319 0.3000000119
26760  -35.045  -52.002  -31.366 0.3000000119
28572  -30.986  -50.185  -29.938 0.4000000060
26756  -33.328  -51.414  -30.905 0.4000000060
28573  -32.200  -50.040  -30.182 0.4000000060
27654  -32.851  -50.688  -30.584 0.4000000060
30405  -30.943  -47.818  -29.604 0.5000000000
27659  -34.031  -50.756  -31.103 0.3000000119
27655  -35.024  -50.646  -31.356 0.4000000060
28576  -35.552  -49.379  -30.977 0.4000000060
28582  -35.341  -50.026  -31.178 0.4000000060
150295  -32.071  -48.814  -29.624 0.4000000060
28574  -33.428  -49.882  -30.495 0.5000000000
29480  -34.275  -49.379  -30.561 0.4000000060
29467  -32.793  -48.556  -29.621 0.5000000000
28561  -32.604  -49.283  -29.913 0.5000000000
143831  -33.504  -49.014  -30.083 0.5000000000
29468  -34.274  -48.798  -30.240 0.4000000060
29481  -34.942  -48.995  -30.674 0.4000000060
143975  -31.995  -48.138  -29.517 0.5000000000
30407  -32.843  -47.806  -29.311 0.5000000000
31327  -35.387  -46.777  -28.549 0.4000000060
31328  -36.322  -46.502  -29.029 0.3000000119
31339  -31.485  -46.405  -29.310 0.5000000000
31326  -34.475  -46.871  -28.235 0.4000000060
30408  -34.366  -47.799  -29.420 0.4000000060
30409  -35.156  -47.765  -29.800 0.4000000060
30410  -35.845  -47.272  -29.769 0.4000000060
31341  -36.777  -46.897  -30.293 0.3000000119
30406  -31.984  -47.202  -29.369 0.5000000000
133764  -33.750  -48.314  -29.650 0.5000000000
31317  -34.884  -46.410  -27.805 0.4000000060
32153  -35.704  -45.942  -27.879 0.4000000060
32176  -31.137  -45.735  -29.321 0.5000000000
31324  -32.260  -46.428  -28.932 0.5000000000
150760  -32.870  -46.416  -28.439 0.5000000000
31325  -33.590  -46.713  -28.222 0.5000000000
31340  -33.029  -47.065  -28.865 0.5000000000
130756  -35.339  -45.114  -27.066 0.4000000060
32987  -30.834  -45.014  -29.285 0.5000000000
32150  -32.794  -45.287  -27.613 0.5000000000
32154  -36.222  -44.976  -27.614 0.3000000119
32165  -36.688  -45.607  -28.463 0.3000000119
32162  -31.593  -45.261  -28.893 0.5000000000
32976  -32.035  -44.878  -28.208 0.5000000000
32163  -32.348  -45.733  -28.439 0.5000000000
16746  -30.308  -63.454  -29.391 0.6000000238
134874  -30.713  -63.380  -31.795 0.5000000000
17430  -29.764  -62.421  -25.827 0.6000000238
19077  -30.120  -60.146  -30.375 0.6000000238
19929  -31.558  -59.312  -31.182 0.6000000238
21514  -29.620  -57.852  -28.035 0.6999999881
23140  -30.368  -56.237  -28.963 0.5000000000
20751  -30.186  -58.438  -29.729 0.6000000238
129129  -30.834  -54.848  -26.918 0.5000000000
22283  -30.189  -56.572  -28.228 0.4000000060
22289  -31.643  -56.557  -30.773 0.5000000000
146486  -30.403  -52.514  -29.721 0.4000000060
24881  -30.544  -53.809  -29.948 0.5000000000
25774  -30.883  -52.469  -28.833 0.4000000060
28575  -34.540  -50.052  -30.963 0.4000000060
29470  -35.774  -47.937  -30.535 0.3000000119
32177  -31.778  -45.878  -29.031 0.5000000000
32164  -33.191  -46.082  -27.834 0.5000000000
147451  -28.043  -69.511  -24.445 0.5000000000
12221  -28.130  -69.763  -26.055 0.5000000000
141742  -28.416  -69.434  -25.500 0.5000000000
11592  -29.010  -70.132  -28.581 0.5000000000
11562  -28.617  -70.277  -27.169 0.5000000000
11561  -28.172  -70.125  -26.550 0.4000000060
12969  -29.249  -68.857  -24.464 0.5000000000
12222  -28.824  -69.272  -25.954 0.6000000238
142470  -29.078  -69.012  -25.196 0.6000000238
128860  -28.495  -70.011  -27.427 0.5000000000
12233  -28.543  -69.672  -26.718 0.5000000000
12283  -29.700  -69.955  -30.176 0.4000000060
12927  -30.309  -68.110  -21.994 0.6999999881
12948  -29.894  -68.490  -22.741 0.6999999881
12970  -29.827  -68.477  -24.816 0.6999999881
12981  -29.608  -68.621  -25.681 0.5000000000
13029  -29.219  -69.433  -29.111 0.5000000000
13012  -29.338  -69.079  -28.058 0.5000000000
153372  -29.325  -68.990  -27.339 0.5000000000
12300  -29.630  -69.506  -30.889 0.5000000000
12267  -29.177  -69.930  -29.255 0.5000000000
13720  -29.003  -67.360  -19.620 0.5000000000
13735  -29.519  -67.776  -20.194 0.6999999881
13750  -30.475  -67.373  -21.438 0.6999999881
13749  -29.884  -68.150  -21.037 0.6999999881
137539  -30.776  -67.465  -22.333 0.6999999881
12957  -30.214  -68.261  -23.421 0.6000000238
142461  -30.217  -68.264  -26.262 0.6999999881
148591  -30.548  -67.905  -25.312 0.6000000238
13044  -29.666  -68.897  -30.002 0.5000000000
13030  -29.659  -68.579  -28.804 0.6000000238
12993  -29.938  -68.444  -27.208 0.6000000238
13043  -29.496  -69.601  -29.914 0.5000000000
13059  -29.980  -69.297  -31.752 0.5000000000
14496  -29.268  -66.560  -19.771 0.5000000000
14513  -30.359  -66.544  -21.004 0.6999999881
132806  -30.774  -67.618  -23.206 0.6999999881
13767  -31.212  -66.900  -22.861 0.6999999881
14522  -30.854  -66.541  -21.936 0.6999999881
13773  -30.566  -67.877  -24.169 0.8000000119
13787  -31.248  -67.187  -24.664 0.6999999881
13825  -30.833  -67.225  -28.022 0.6000000238
13817  -31.126  -67.125  -27.233 0.6999999881
138834  -29.979  -68.086  -29.258 0.6999999881
13824  -30.324  -67.909  -28.379 0.6000000238
134950  -29.552  -68.766  -31.406 0.6000000238
13079  -29.903  -68.500  -32.300 0.6000000238
15235  -28.154  -65.529  -19.459 0.5000000000
15243  -29.464  -65.196  -20.198 0.6000000238
143106  -28.889  -65.910  -19.593 0.5000000000
143509  -29.499  -65.909  -19.974 0.6000000238
139084  -30.432  -65.715  -21.388 0.6000000238
15269  -30.738  -65.629  -22.118 0.6999999881
15278  -31.225  -65.419  -23.426 0.6999999881
15277  -30.743  -65.130  -22.730 0.6000000238
13774  -31.252  -67.135  -23.746 0.6999999881
150752  -31.579  -65.704  -24.156 0.6999999881
13798  -31.307  -67.071  -25.597 0.6999999881
14620  -30.397  -66.963  -29.631 0.6999999881
13860  -29.642  -67.807  -31.864 0.6999999881
13837  -29.884  -67.868  -30.312 0.6999999881
15966  -28.349  -64.636  -19.578 0.5000000000
15982  -29.698  -64.282  -21.363 0.6000000238
15983  -30.255  -64.851  -21.915 0.6000000238
14568  -31.650  -66.192  -25.041 0.8000000119
15303  -31.524  -65.345  -25.792 0.5000000000
16006  -31.290  -64.855  -24.110 0.6000000238
14588  -31.451  -66.376  -26.995 0.6999999881
15319  -31.432  -65.543  -26.751 0.6999999881
15365  -30.556  -66.211  -29.685 0.6999999881
15348  -30.800  -65.742  -28.750 0.6999999881
149406  -30.093  -66.789  -33.052 0.5000000000
14634  -29.812  -66.715  -32.249 0.6999999881
15387  -30.843  -65.434  -33.233 0.5000000000
15965  -27.536  -64.829  -19.499 0.5000000000
147545  -29.054  -63.922  -20.343 0.5000000000
130457  -29.315  -63.085  -21.343 0.6000000238
15973  -29.440  -64.447  -20.600 0.6000000238
147349  -29.509  -63.668  -21.583 0.6000000238
15998  -29.746  -64.005  -22.145 0.6000000238
16665  -29.538  -63.213  -22.081 0.6000000238
15999  -30.202  -64.343  -22.800 0.6000000238
16676  -29.748  -63.449  -22.930 0.6000000238
16035  -31.057  -64.684  -26.411 0.6000000238
16021  -30.552  -64.032  -26.021 0.5000000000
16690  -30.200  -63.902  -23.610 0.5000000000
15331  -30.700  -65.011  -28.373 0.6000000238
16045  -30.922  -64.879  -27.355 0.6000000238
16070  -30.256  -64.946  -30.645 0.6000000238
15347  -30.532  -65.206  -29.588 0.6000000238
16082  -30.443  -65.112  -32.583 0.5000000000
149917  -28.027  -63.462  -19.592 0.5000000000
16656  -28.927  -63.118  -20.522 0.6000000238
17378  -29.445  -62.429  -21.810 0.6000000238
134041  -30.455  -63.959  -25.125 0.5000000000
16700  -29.894  -63.023  -24.668 0.5000000000
16044  -30.494  -64.197  -27.901 0.4000000060
16728  -30.257  -63.456  -27.395 0.5000000000
16719  -30.258  -63.558  -26.450 0.5000000000
134901  -30.320  -64.097  -30.210 0.6000000238
140358  -27.403  -63.273  -19.432 0.5000000000
132451  -28.280  -62.836  -19.830 0.6000000238
18148  -29.241  -61.603  -20.757 0.6000000238
17372  -29.230  -62.331  -21.023 0.6000000238
17447  -30.154  -62.974  -28.054 0.5000000000
17446  -29.981  -62.614  -27.408 0.4000000060
17364  -27.569  -62.303  -19.507 0.5000000000
17365  -28.348  -61.824  -19.826 0.5000000000
18147  -28.971  -61.264  -20.212 0.6000000238
18155  -29.442  -61.591  -21.460 0.6000000238
17363  -26.659  -62.663  -19.406 0.5000000000
18142  -28.388  -60.957  -19.728 0.6000000238
18982  -29.369  -60.689  -20.923 0.6000000238
18139  -25.983  -62.085  -19.531 0.5000000000
18140  -26.885  -61.796  -19.311 0.5000000000
18141  -27.697  -61.411  -19.473 0.5000000000
18972  -28.887  -60.396  -20.103 0.6000000238
136220  -26.370  -61.332  -19.304 0.5000000000
133133  -27.071  -60.856  -19.140 0.5000000000
139504  -25.738  -61.204  -19.599 0.5000000000
19806  -28.948  -59.716  -20.671 0.5000000000
18963  -26.236  -60.633  -19.159 0.5000000000
18965  -28.257  -60.169  -19.599 0.5000000000
18961  -24.915  -60.102  -19.938 0.5000000000
18948  -25.968  -59.857  -18.949 0.5000000000
18964  -27.561  -60.037  -19.173 0.5000000000
140672  -28.579  -59.706  -19.979 0.4000000060
19790  -25.268  -59.671  -19.322 0.5000000000
18950  -27.236  -59.241  -18.958 0.5000000000
20630  -27.831  -58.473  -20.005 0.4000000060
19791  -27.972  -59.304  -19.526 0.4000000060
19776  -26.441  -59.187  -18.767 0.4000000060
20629  -27.420  -58.525  -19.327 0.4000000060
21400  -27.417  -57.764  -19.807 0.4000000060
140667  -30.283  -64.616  -31.431 0.5000000000
16765  -31.169  -64.633  -33.029 0.4000000060
16701  -30.211  -63.605  -24.443 0.6000000238
147322  -27.894  -57.062  -20.857 0.4000000060
14577  -31.607  -66.264  -26.109 0.6999999881
14600  -30.833  -66.539  -28.583 0.6999999881
150204  -31.191  -66.592  -27.688 0.6999999881
16014  -31.083  -64.475  -24.749 0.6000000238
16005  -30.762  -64.614  -23.460 0.6000000238
14619  -29.886  -66.920  -30.843 0.6999999881
15332  -31.209  -65.788  -27.778 0.6999999881
142569  -30.020  -65.563  -31.894 0.6000000238
15383  -30.249  -66.060  -32.887 0.6000000238
11577  -28.719  -70.076  -27.904 0.5000000000
12208  -27.760  -69.764  -25.352 0.5000000000
12209  -28.536  -69.271  -24.863 0.6000000238
12249  -28.792  -69.892  -28.341 0.5000000000
12901  -29.048  -68.111  -19.797 0.6999999881
12949  -30.449  -68.031  -22.734 0.6999999881
12992  -29.283  -68.940  -26.640 0.5000000000
13013  -30.005  -68.358  -27.976 0.6000000238
13736  -30.032  -67.261  -20.623 0.6999999881
13797  -30.824  -67.599  -26.063 0.6000000238
13803  -30.716  -67.724  -26.776 0.6999999881
13804  -31.281  -67.028  -26.457 0.6999999881
13816  -30.579  -67.812  -27.570 0.6000000238
13880  -29.930  -67.543  -32.779 0.6999999881
14512  -29.835  -66.522  -20.303 0.6999999881
14536  -31.147  -65.987  -22.720 0.6999999881
14542  -31.434  -66.294  -23.489 0.6999999881
14554  -31.514  -66.528  -24.203 0.6999999881
14599  -30.398  -67.396  -28.957 0.6000000238
14643  -30.620  -66.185  -33.190 0.5000000000
15236  -28.882  -65.209  -19.716 0.6000000238
15244  -30.001  -65.803  -20.586 0.6000000238
15251  -29.957  -65.018  -20.967 0.6000000238
15287  -31.516  -65.121  -24.874 0.6000000238
15364  -30.114  -65.905  -30.881 0.6999999881
15388  -31.214  -65.417  -33.246 0.5000000000
15967  -29.007  -64.513  -19.986 0.5000000000
16013  -30.717  -64.181  -24.218 0.6000000238
16022  -31.092  -64.525  -25.513 0.5000000000
16034  -30.555  -64.128  -26.911 0.6000000238
16651  -28.525  -63.771  -19.842 0.5000000000
16657  -29.335  -63.748  -20.928 0.6000000238
16710  -29.917  -63.036  -25.414 0.6000000238
16711  -30.187  -63.526  -25.691 0.6000000238
16718  -29.961  -63.082  -26.102 0.5000000000
16727  -30.066  -63.080  -26.758 0.4000000060
16737  -30.320  -63.528  -28.417 0.6000000238
16759  -30.587  -64.205  -32.138 0.5000000000
16760  -31.493  -63.294  -32.277 0.4000000060
16766  -31.739  -64.026  -32.917 0.4000000060
17371  -28.846  -62.162  -20.361 0.6000000238
17387  -29.523  -62.595  -22.618 0.6999999881
17400  -29.633  -62.273  -24.066 0.6000000238
18212  -29.816  -61.896  -27.752 0.6000000238
18222  -29.762  -61.511  -28.406 0.6000000238
18949  -26.769  -59.976  -18.929 0.5000000000
18962  -25.526  -60.413  -19.475 0.5000000000
19017  -28.688  -59.857  -24.212 0.6000000238
19045  -29.362  -60.843  -26.139 0.6000000238
19083  -31.233  -61.209  -31.456 0.5000000000
19805  -28.399  -59.046  -20.324 0.4000000060
19850  -28.708  -59.580  -23.532 0.6000000238
19881  -28.689  -59.446  -25.461 0.6000000238
19928  -30.809  -59.736  -30.804 0.6000000238
20615  -26.858  -58.469  -18.845 0.4000000060
20662  -28.401  -58.361  -21.992 0.6000000238
20727  -29.005  -59.016  -26.780 0.6000000238
20746  -29.524  -58.596  -28.360 0.6000000238
21401  -27.730  -57.691  -20.496 0.4000000060
21522  -31.188  -57.177  -30.563 0.5000000000
21527  -34.688  -57.450  -31.569 0.3000000119
23147  -32.509  -55.515  -31.051 0.5000000000
23974  -33.601  -54.396  -31.235 0.4000000060
23975  -34.677  -54.388  -31.250 0.3000000119
25801  -33.885  -52.272  -31.257 0.3000000119
26753  -30.406  -51.658  -30.121 0.4000000060
26755  -32.358  -51.299  -30.616 0.4000000060
28559  -30.656  -49.380  -29.717 0.4000000060
28560  -31.639  -49.405  -29.794 0.4000000060
28571  -30.186  -49.956  -29.728 0.4000000060
29469  -34.895  -48.347  -30.178 0.4000000060
29482  -35.691  -48.652  -30.774 0.3000000119
30392  -33.986  -47.330  -28.707 0.5000000000
30393  -34.889  -47.372  -28.998 0.4000000060
128877  -28.646  -59.242  -22.864 0.6000000238
130129  -30.469  -53.331  -29.805 0.4000000060
131455  -29.658  -56.597  -24.028 0.5000000000
134399  -30.507  -67.015  -33.048 0.5000000000
135849  -28.868  -69.529  -27.457 0.5000000000
136148  -29.724  -56.117  -22.910 0.5000000000
139628  -29.856  -68.437  -24.080 0.6999999881
145265  -34.802  -51.237  -31.405 0.4000000060
146168  -29.541  -61.206  -26.814 0.5000000000
147469  -30.234  -59.224  -30.171 0.6000000238
147682  -27.815  -60.688  -19.401 0.5000000000
149708  -33.573  -47.658  -29.157 0.5000000000
150017  -28.198  -58.200  -21.435 0.5000000000
151333  -28.785  -69.158  -24.218 0.5000000000
151360  -34.953  -49.560  -30.921 0.4000000060
152231  -28.364  -66.103  -19.465 0.5000000000
152414  -29.214  -65.547  -19.821 0.5000000000
152548  -29.557  -67.097  -20.068 0.6999999881
153258  -29.151  -59.163  -27.302 0.6999999881
154414  -31.679  -64.576  -33.166 0.4000000060
154491  -30.396  -64.570  -29.851 0.6000000238
