#!ascii label  , from subject sub-v1s20x0050358_ses-1 vox2ras=TkReg
1577
120243  -3.348  -81.377  -22.400 0.5000000000
4097  -6.160  -81.646  -25.016 0.5000000000
3616  -6.815  -82.776  -24.644 0.5000000000
4602  -3.802  -81.253  -21.056 0.5000000000
4075  -3.584  -81.269  -21.672 0.5000000000
4601  -3.758  -80.556  -21.261 0.5000000000
4609  -3.659  -80.634  -21.923 0.5000000000
5201  -4.293  -79.674  -21.841 0.6000000238
4623  -3.662  -81.087  -22.725 0.5000000000
3626  -7.811  -82.303  -25.343 0.5000000000
4096  -5.070  -81.537  -24.215 0.5000000000
3142  -8.840  -84.077  -24.508 0.5000000000
3615  -5.910  -82.994  -24.106 0.6000000238
3141  -8.063  -84.185  -24.369 0.6000000238
3612  -6.255  -83.406  -23.394 0.6000000238
119151  -7.451  -83.672  -24.449 0.6000000238
2647  -9.191  -84.877  -24.208 0.6999999881
3121  -6.824  -84.092  -22.990 0.6999999881
2646  -8.367  -84.768  -24.029 0.6999999881
3122  -7.589  -84.481  -22.596 0.6999999881
2627  -8.029  -84.947  -23.127 0.6999999881
2636  -8.739  -85.229  -23.553 0.6999999881
4594  -4.047  -80.813  -20.712 0.5000000000
5184  -4.312  -79.519  -21.263 0.6000000238
5164  -4.476  -79.689  -20.793 0.6000000238
5817  -4.896  -79.089  -21.778 0.6000000238
4094  -4.950  -81.539  -23.352 0.5000000000
2648  -10.113  -84.851  -24.270 0.5000000000
3144  -10.716  -83.705  -24.690 0.5000000000
2640  -11.883  -85.041  -23.787 0.6999999881
2639  -11.166  -85.386  -23.439 0.6999999881
3614  -5.636  -82.608  -23.672 0.6000000238
3606  -5.804  -82.564  -23.000 0.6999999881
2638  -10.406  -85.374  -23.522 0.6999999881
3607  -6.602  -83.293  -22.672 0.6999999881
3608  -7.341  -83.856  -22.305 0.6999999881
2621  -10.922  -85.379  -21.811 0.6999999881
3609  -7.946  -83.643  -21.963 0.6999999881
3109  -8.731  -84.566  -21.744 0.6999999881
2620  -9.268  -85.102  -21.849 0.6999999881
2614  -10.979  -84.920  -21.134 0.6999999881
3601  -8.753  -83.813  -21.666 0.6999999881
3602  -9.809  -83.566  -21.331 0.6999999881
3096  -10.103  -84.139  -21.154 0.6999999881
3595  -10.448  -83.682  -20.841 0.6999999881
115494  -4.555  -80.418  -20.517 0.5000000000
5165  -5.373  -80.072  -20.417 0.6000000238
5775  -6.578  -79.125  -21.091 0.6000000238
5796  -5.793  -78.850  -21.678 0.6000000238
6477  -6.335  -78.300  -22.502 0.6000000238
5202  -5.045  -79.554  -22.421 0.6000000238
5818  -5.774  -78.749  -22.615 0.6000000238
4611  -4.450  -80.307  -22.417 0.6000000238
113300  -13.269  -84.492  -22.857 0.6999999881
4084  -5.208  -81.354  -22.810 0.6999999881
119455  -12.412  -84.931  -23.131 0.6999999881
118469  -13.922  -84.199  -22.081 0.6999999881
3113  -14.506  -84.203  -21.422 0.6999999881
4612  -5.428  -80.930  -22.652 0.6999999881
120756  -13.100  -84.570  -21.759 0.6999999881
3101  -14.993  -84.336  -20.581 0.6999999881
4085  -6.207  -82.201  -22.608 0.6999999881
4613  -6.545  -81.709  -22.583 0.6999999881
2631  -11.610  -85.353  -22.636 0.6999999881
2623  -12.342  -84.829  -21.328 0.6999999881
3112  -13.620  -84.391  -21.202 0.6999999881
3100  -14.078  -84.337  -20.684 0.6999999881
4086  -7.295  -82.933  -22.303 0.6999999881
107914  -7.837  -82.110  -22.483 0.6999999881
2615  -11.705  -84.841  -20.974 0.6999999881
122513  -14.096  -84.324  -19.890 0.6999999881
4077  -9.258  -82.964  -21.796 0.6999999881
3098  -11.447  -84.457  -20.356 0.6999999881
3099  -12.233  -84.615  -20.591 0.6999999881
4078  -10.154  -82.720  -21.562 0.6999999881
3078  -11.170  -83.913  -20.030 0.6999999881
3080  -12.457  -84.063  -19.357 0.6999999881
4071  -10.609  -83.091  -20.723 0.6999999881
3585  -11.500  -83.373  -19.632 0.6999999881
4072  -11.225  -82.607  -20.357 0.6999999881
4583  -5.427  -81.160  -20.033 0.5000000000
5145  -6.551  -80.366  -19.995 0.6000000238
5166  -7.091  -79.871  -20.423 0.6000000238
4585  -7.674  -80.674  -19.298 0.5000000000
118843  -8.587  -79.668  -20.594 0.6000000238
4046  -6.648  -82.729  -18.120 0.5000000000
108923  -6.916  -81.055  -19.217 0.5000000000
128350  -7.494  -78.796  -21.600 0.6000000238
5777  -9.403  -79.525  -20.640 0.6000000238
6478  -7.245  -78.202  -22.273 0.6000000238
5798  -8.366  -79.014  -21.445 0.6000000238
5220  -5.766  -79.204  -23.031 0.6000000238
5203  -5.857  -80.306  -22.876 0.6999999881
5838  -6.483  -78.411  -24.108 0.6999999881
5204  -7.041  -80.902  -23.060 0.6999999881
5221  -6.439  -79.462  -23.720 0.6999999881
116860  -15.768  -84.387  -19.942 0.6999999881
4614  -8.085  -81.247  -23.179 0.6999999881
4624  -7.716  -80.259  -24.074 0.6999999881
3082  -14.865  -84.351  -19.541 0.6999999881
3084  -16.393  -84.370  -19.271 0.6999999881
4625  -8.827  -81.075  -23.722 0.6999999881
124388  -14.130  -84.188  -19.101 0.6999999881
3063  -15.798  -84.246  -18.401 0.6999999881
3085  -17.607  -84.263  -19.432 0.6999999881
4626  -9.722  -81.457  -23.288 0.6000000238
3081  -13.348  -84.121  -19.213 0.6999999881
3062  -14.712  -84.181  -18.484 0.6999999881
3047  -16.234  -83.899  -17.617 0.6999999881
3048  -17.490  -83.792  -17.747 0.6999999881
3065  -18.291  -83.942  -18.622 0.6999999881
4089  -9.753  -82.146  -22.373 0.6999999881
3060  -12.853  -83.631  -18.640 0.6999999881
3044  -13.336  -83.272  -17.954 0.6000000238
3561  -14.749  -83.214  -17.282 0.6999999881
3562  -15.650  -83.390  -17.038 0.6999999881
4079  -10.902  -82.355  -21.168 0.6000000238
4061  -11.109  -83.082  -20.025 0.6999999881
4063  -12.320  -82.537  -19.067 0.6999999881
3586  -12.178  -83.458  -19.093 0.6999999881
3560  -13.132  -82.950  -17.955 0.6000000238
122393  -14.327  -82.875  -17.356 0.6000000238
4596  -12.393  -81.722  -20.357 0.6000000238
4586  -12.120  -82.252  -19.679 0.6000000238
4573  -12.966  -82.208  -18.679 0.6000000238
4574  -13.686  -81.919  -18.337 0.5000000000
4038  -13.738  -82.779  -17.658 0.5000000000
4555  -15.255  -81.821  -17.299 0.5000000000
4597  -13.273  -81.351  -20.129 0.6000000238
5148  -14.170  -81.037  -19.920 0.5000000000
112915  -13.488  -81.584  -19.173 0.5000000000
5167  -8.169  -80.122  -20.115 0.6000000238
5756  -10.266  -79.733  -19.666 0.6999999881
4571  -7.341  -81.387  -18.430 0.5000000000
4572  -7.975  -81.021  -18.028 0.6000000238
5127  -8.563  -80.649  -18.514 0.6000000238
4021  -6.413  -82.364  -17.134 0.6000000238
4047  -6.986  -82.029  -17.964 0.6000000238
5799  -9.573  -78.860  -21.539 0.4000000060
4536  -7.085  -81.906  -16.886 0.6000000238
124523  -9.364  -78.200  -22.485 0.5000000000
6499  -8.597  -77.593  -23.276 0.6000000238
6498  -7.498  -77.677  -23.210 0.6000000238
5839  -7.143  -78.934  -24.653 0.6999999881
5857  -7.075  -78.177  -24.687 0.6000000238
5234  -8.146  -79.396  -25.045 0.6999999881
5222  -8.744  -80.346  -24.430 0.6000000238
4603  -10.631  -81.963  -21.949 0.6000000238
3549  -15.382  -82.991  -16.852 0.6000000238
3550  -16.149  -82.903  -16.508 0.6000000238
3563  -16.697  -83.465  -16.935 0.6999999881
3564  -17.902  -83.448  -17.086 0.6999999881
125069  -18.686  -83.643  -17.162 0.6999999881
126658  -11.259  -81.787  -21.621 0.6000000238
4539  -15.742  -81.983  -16.676 0.6000000238
3049  -19.137  -84.022  -17.612 0.6999999881
4606  -13.116  -81.191  -21.093 0.6000000238
4575  -14.438  -81.844  -17.906 0.4000000060
4556  -16.051  -81.416  -16.850 0.4000000060
4540  -16.412  -81.583  -16.351 0.5000000000
4008  -16.886  -81.763  -15.949 0.6000000238
4025  -17.780  -82.505  -15.914 0.6000000238
3565  -19.012  -83.774  -16.663 0.6000000238
5169  -13.940  -80.820  -20.851 0.5000000000
5149  -15.091  -80.790  -19.784 0.5000000000
4588  -14.469  -81.371  -18.839 0.5000000000
4519  -16.992  -81.115  -15.974 0.4000000060
4520  -17.598  -81.296  -15.522 0.6000000238
127367  -10.294  -79.944  -18.842 0.6000000238
5147  -9.755  -80.168  -18.922 0.6000000238
5757  -11.201  -79.332  -19.581 0.6000000238
4553  -8.133  -81.292  -17.222 0.6000000238
5107  -9.231  -80.694  -17.143 0.5000000000
5090  -9.380  -80.468  -16.364 0.6000000238
109786  -9.214  -80.162  -15.621 0.6000000238
5779  -10.804  -79.324  -20.279 0.6000000238
4535  -6.612  -81.726  -16.449 0.6999999881
5064  -7.882  -80.465  -15.923 0.6000000238
109224  -8.498  -79.580  -15.529 0.6000000238
116974  -10.287  -78.347  -22.116 0.5000000000
5800  -10.767  -78.939  -21.124 0.6000000238
5088  -6.432  -80.842  -16.247 0.6000000238
5673  -7.944  -79.899  -15.692 0.6999999881
119655  -9.751  -77.598  -23.183 0.5000000000
5696  -6.651  -79.826  -16.386 0.6999999881
6522  -8.921  -77.095  -24.267 0.6000000238
6392  -6.906  -78.927  -16.721 0.6000000238
5858  -7.757  -78.347  -25.237 0.6000000238
6541  -7.593  -77.764  -24.887 0.6000000238
108898  -8.366  -77.771  -25.534 0.6000000238
5859  -8.826  -78.583  -25.738 0.6000000238
5236  -10.316  -80.345  -24.654 0.6000000238
124588  -11.135  -81.135  -23.115 0.6000000238
5207  -13.435  -80.435  -22.647 0.6000000238
4618  -11.893  -81.373  -21.816 0.6000000238
5208  -14.277  -80.244  -22.443 0.6000000238
4009  -18.123  -81.927  -15.422 0.6000000238
4026  -18.674  -82.612  -15.661 0.6000000238
4027  -19.316  -82.665  -15.287 0.6000000238
5170  -14.804  -80.500  -20.636 0.5000000000
5150  -15.921  -80.411  -19.676 0.5000000000
5130  -15.491  -81.030  -18.957 0.5000000000
3541  -20.496  -83.661  -14.898 0.6000000238
5677  -18.388  -79.964  -15.726 0.4000000060
4522  -19.551  -81.186  -14.915 0.6000000238
4011  -19.842  -82.217  -14.967 0.6000000238
111690  -10.567  -79.924  -17.582 0.6000000238
6395  -11.358  -79.400  -16.145 0.5000000000
119364  -11.591  -79.242  -18.053 0.6000000238
6428  -12.290  -78.759  -18.254 0.5000000000
5108  -9.958  -80.320  -17.174 0.6000000238
5676  -10.997  -79.230  -15.317 0.6000000238
113438  -10.876  -79.625  -18.525 0.5000000000
5739  -11.723  -79.137  -18.884 0.5000000000
6445  -11.925  -78.872  -19.695 0.5000000000
5066  -9.837  -80.125  -15.805 0.5000000000
5719  -10.646  -79.920  -16.677 0.6000000238
6380  -9.547  -79.073  -15.116 0.5000000000
6463  -11.431  -78.978  -20.368 0.6000000238
6393  -7.668  -78.694  -16.354 0.6999999881
6394  -8.395  -78.472  -15.937 0.6000000238
7099  -8.065  -77.977  -16.799 0.6000000238
129522  -9.713  -77.034  -23.963 0.5000000000
6408  -6.420  -78.269  -17.448 0.5000000000
6409  -7.261  -78.136  -17.136 0.6999999881
7216  -8.969  -77.197  -25.391 0.5000000000
5873  -9.724  -78.314  -26.080 0.5000000000
5841  -12.807  -79.865  -24.426 0.6000000238
5225  -12.336  -80.359  -23.680 0.5000000000
5820  -13.984  -80.084  -23.381 0.6000000238
120262  -12.733  -80.545  -22.904 0.6000000238
5188  -15.524  -80.009  -21.292 0.5000000000
5678  -19.319  -79.847  -15.499 0.5000000000
5069  -19.645  -80.329  -15.122 0.5000000000
4523  -20.679  -81.694  -14.986 0.6000000238
4013  -21.366  -82.484  -15.248 0.6000000238
6382  -11.566  -78.741  -15.316 0.6000000238
6410  -11.839  -79.002  -17.201 0.6000000238
109196  -10.879  -78.582  -14.975 0.6000000238
6429  -12.882  -78.390  -18.962 0.5000000000
6381  -10.335  -79.201  -15.069 0.6000000238
109208  -10.106  -78.434  -15.020 0.6999999881
6464  -12.233  -78.502  -20.530 0.6000000238
7100  -8.672  -77.797  -16.304 0.6000000238
7088  -9.221  -78.237  -15.503 0.6000000238
6481  -12.096  -78.206  -21.449 0.6000000238
7109  -7.686  -77.474  -17.646 0.6000000238
7110  -8.570  -77.199  -17.183 0.6000000238
6500  -10.872  -77.776  -22.751 0.5000000000
6543  -10.163  -77.767  -26.097 0.5000000000
127607  -6.536  -77.090  -18.611 0.5000000000
7108  -6.861  -77.597  -17.927 0.6000000238
5237  -11.025  -79.787  -25.141 0.5000000000
5861  -12.406  -79.217  -25.210 0.6000000238
5840  -11.937  -79.896  -24.635 0.5000000000
5843  -14.509  -79.648  -24.220 0.5000000000
5821  -14.829  -79.901  -23.248 0.5000000000
5680  -21.012  -80.034  -15.446 0.6000000238
5071  -21.317  -80.930  -15.266 0.6000000238
6396  -12.191  -78.089  -15.288 0.6000000238
115680  -12.106  -78.668  -16.150 0.5000000000
6411  -12.543  -78.377  -17.258 0.5000000000
7800  -11.222  -77.047  -14.899 0.6999999881
121560  -13.032  -78.223  -18.158 0.5000000000
7813  -9.839  -76.966  -15.931 0.6999999881
7090  -10.690  -77.771  -14.957 0.6000000238
6430  -13.564  -77.966  -18.835 0.5000000000
7101  -9.248  -77.350  -16.178 0.6000000238
6447  -13.358  -78.051  -19.663 0.5000000000
7152  -12.860  -78.034  -21.126 0.6000000238
121015  -9.545  -76.306  -18.007 0.6999999881
7173  -12.710  -77.634  -22.002 0.6000000238
7826  -8.898  -76.657  -18.165 0.6000000238
7172  -11.840  -77.765  -22.380 0.6000000238
7863  -7.819  -76.105  -20.456 0.6999999881
7124  -8.082  -76.983  -18.384 0.6999999881
129796  -10.507  -76.868  -25.179 0.5000000000
7196  -10.443  -77.123  -23.737 0.5000000000
7136  -6.684  -76.520  -19.291 0.6000000238
7246  -10.707  -77.304  -25.635 0.5000000000
119749  -7.035  -76.015  -19.979 0.5000000000
5875  -11.841  -78.222  -25.690 0.6000000238
5874  -10.758  -78.615  -25.825 0.5000000000
121404  -6.807  -75.832  -19.821 0.6000000238
116776  -11.614  -79.195  -25.379 0.5000000000
5842  -13.653  -79.736  -24.295 0.6000000238
5844  -15.372  -79.642  -24.209 0.5000000000
7092  -12.094  -77.187  -14.874 0.6999999881
7102  -12.701  -77.549  -15.405 0.5000000000
6397  -12.809  -77.914  -16.287 0.5000000000
8505  -11.395  -75.480  -15.444 0.8000000119
7801  -11.793  -76.186  -14.933 0.6999999881
114163  -13.446  -77.475  -16.798 0.5000000000
7111  -13.890  -77.529  -17.542 0.5000000000
8527  -10.858  -75.290  -17.357 0.6999999881
8518  -10.744  -75.660  -16.200 0.6999999881
8504  -10.914  -76.240  -15.246 0.8000000119
7814  -10.241  -76.391  -16.079 0.6999999881
7125  -14.307  -77.616  -18.524 0.5000000000
8541  -9.976  -75.953  -19.519 0.6999999881
7828  -10.178  -75.997  -17.334 0.6999999881
6465  -13.044  -78.106  -20.396 0.6000000238
7137  -14.153  -77.696  -19.564 0.5000000000
8571  -9.185  -75.660  -21.359 0.6000000238
7843  -9.261  -76.312  -19.201 0.6000000238
7198  -12.489  -77.226  -22.994 0.6000000238
8570  -8.475  -75.669  -21.233 0.6999999881
7864  -8.640  -76.318  -20.222 0.6999999881
7219  -11.871  -76.689  -24.488 0.6000000238
122417  -12.359  -76.746  -23.805 0.6000000238
9274  -7.815  -75.276  -20.862 0.6000000238
7236  -12.244  -76.848  -25.122 0.6000000238
6544  -12.859  -78.404  -25.473 0.6000000238
9265  -6.750  -75.383  -19.600 0.6000000238
5863  -14.171  -79.134  -25.173 0.6000000238
5864  -15.048  -79.176  -25.143 0.5000000000
118331  -12.015  -75.315  -15.077 0.6000000238
116276  -12.634  -75.614  -14.880 0.5000000000
127765  -12.518  -76.447  -14.903 0.5000000000
110884  -14.120  -77.150  -16.624 0.5000000000
7112  -14.723  -77.362  -17.634 0.5000000000
8542  -10.458  -75.632  -18.443 0.6999999881
7153  -13.831  -77.718  -20.547 0.6000000238
118232  -8.674  -72.606  -15.340 0.6000000238
8560  -10.036  -75.868  -20.720 0.8000000119
10751  -10.008  -72.212  -15.879 0.6000000238
9276  -9.240  -75.015  -21.473 0.6999999881
8572  -10.070  -75.537  -21.441 0.8000000119
113791  -13.552  -77.567  -21.564 0.6000000238
9990  -8.540  -73.425  -16.822 0.6000000238
9268  -8.677  -74.785  -21.062 0.6000000238
7220  -12.932  -76.601  -24.457 0.6000000238
7237  -13.353  -76.929  -25.106 0.6000000238
9237  -7.789  -74.170  -18.424 0.6000000238
9256  -7.974  -74.544  -19.610 0.6000000238
9267  -8.026  -74.878  -20.732 0.6000000238
7248  -12.540  -77.441  -25.427 0.6000000238
7238  -14.200  -77.003  -24.984 0.6000000238
9266  -7.501  -75.126  -20.251 0.5000000000
5876  -14.879  -78.892  -25.751 0.5000000000
5877  -15.488  -79.011  -25.924 0.5000000000
6556  -15.854  -78.858  -25.946 0.5000000000
8506  -12.555  -74.634  -15.025 0.5000000000
9217  -11.332  -74.932  -16.379 0.6000000238
116155  -12.341  -74.110  -15.715 0.5000000000
8543  -11.029  -75.117  -18.401 0.8000000119
9238  -11.534  -74.498  -17.634 0.6999999881
9257  -11.448  -74.652  -19.041 0.8000000119
8561  -10.721  -75.398  -19.648 0.8000000119
7126  -15.220  -77.352  -18.520 0.5000000000
122372  -9.876  -71.082  -14.269 0.6000000238
9269  -10.625  -75.090  -21.585 0.8000000119
7139  -15.480  -77.204  -19.972 0.5000000000
11611  -10.349  -71.600  -16.177 0.6999999881
10732  -9.945  -71.876  -15.181 0.6000000238
10036  -9.867  -74.473  -21.950 0.8000000119
122858  -14.096  -77.267  -22.312 0.6000000238
7154  -14.410  -77.348  -21.432 0.6000000238
111745  -14.834  -77.342  -20.421 0.6000000238
10778  -10.354  -72.174  -16.813 0.6000000238
124607  -14.102  -76.744  -24.049 0.6000000238
7199  -12.999  -76.788  -23.599 0.6000000238
7175  -14.798  -77.208  -22.503 0.6000000238
10008  -8.407  -73.687  -17.805 0.6000000238
10030  -8.852  -74.172  -20.094 0.6000000238
10031  -9.321  -74.262  -21.170 0.5000000000
118411  -14.369  -76.924  -24.405 0.6000000238
10017  -8.628  -73.788  -18.765 0.6000000238
7250  -15.480  -78.177  -25.672 0.6000000238
7239  -15.047  -77.373  -24.956 0.6000000238
7240  -15.982  -77.762  -25.337 0.5000000000
6547  -17.717  -78.413  -25.477 0.5000000000
6558  -17.435  -78.838  -25.864 0.5000000000
6559  -18.122  -78.938  -25.934 0.5000000000
9218  -11.927  -74.184  -16.477 0.6000000238
9258  -12.077  -73.842  -18.594 0.6999999881
13209  -9.198  -69.683  -13.310 0.6000000238
12363  -9.657  -70.507  -13.868 0.6000000238
9270  -11.287  -74.813  -20.504 0.8000000119
7127  -16.013  -77.116  -18.541 0.5000000000
13248  -9.663  -70.116  -14.981 0.6000000238
9277  -11.333  -74.390  -21.639 0.8000000119
115876  -16.440  -76.954  -19.251 0.5000000000
12410  -10.223  -71.096  -15.515 0.6999999881
10037  -10.396  -73.939  -22.356 0.8000000119
115349  -15.234  -77.149  -21.365 0.6000000238
7140  -16.124  -76.972  -19.990 0.6000000238
11620  -10.417  -71.491  -17.220 0.8000000119
126695  -9.832  -73.547  -21.312 0.6999999881
7174  -14.146  -77.043  -23.310 0.6000000238
119472  -15.920  -77.023  -21.235 0.6000000238
10790  -10.476  -72.136  -17.792 0.6999999881
10789  -10.107  -72.628  -18.376 0.6999999881
122519  -9.559  -73.553  -20.249 0.6000000238
117247  -14.561  -77.073  -23.689 0.6000000238
7177  -16.581  -77.204  -21.555 0.6000000238
10009  -9.317  -73.165  -17.802 0.6000000238
7200  -16.257  -77.394  -22.648 0.5000000000
7224  -17.005  -77.627  -24.122 0.5000000000
10010  -12.282  -73.600  -17.448 0.6000000238
120086  -13.158  -72.989  -17.379 0.5000000000
115557  -7.886  -68.108  -11.803 0.6000000238
10021  -12.630  -73.336  -19.638 0.6999999881
121579  -8.867  -68.915  -12.869 0.6000000238
10020  -11.874  -74.067  -19.655 0.6999999881
10033  -12.804  -73.206  -20.937 0.6000000238
13228  -9.184  -69.349  -14.044 0.6000000238
14079  -8.822  -68.846  -13.615 0.6000000238
10032  -11.995  -73.877  -20.717 0.6000000238
10044  -12.509  -73.135  -22.505 0.6999999881
12409  -9.937  -70.547  -15.603 0.8000000119
10042  -11.027  -73.909  -22.545 0.6999999881
10826  -11.873  -72.879  -23.069 0.6000000238
12432  -10.250  -70.984  -16.350 0.8000000119
10818  -9.952  -73.352  -22.286 0.8000000119
11648  -10.132  -73.001  -23.000 0.6999999881
11628  -10.483  -71.642  -18.374 0.6999999881
10800  -10.452  -72.211  -18.955 0.6999999881
11638  -10.406  -71.806  -19.732 0.6000000238
109211  -10.089  -72.544  -21.419 0.8000000119
14892  -7.297  -67.348  -11.931 0.6000000238
14078  -8.399  -68.263  -13.142 0.6000000238
14096  -8.534  -68.884  -14.498 0.6999999881
114340  -12.028  -72.027  -23.278 0.6000000238
118757  -9.078  -69.498  -14.909 0.6999999881
13269  -8.384  -70.019  -16.579 0.6999999881
11663  -10.690  -72.355  -23.377 0.6999999881
11662  -9.243  -72.736  -24.078 0.6000000238
12431  -9.530  -70.461  -16.643 0.8000000119
12463  -8.204  -70.706  -18.677 0.6000000238
12464  -9.621  -70.895  -18.823 0.5000000000
11647  -9.443  -72.670  -22.519 0.6999999881
11661  -8.115  -72.568  -24.355 0.6999999881
12520  -9.797  -71.641  -24.076 0.6000000238
114524  -10.116  -70.881  -17.199 0.8000000119
12488  -8.835  -71.880  -21.344 0.6000000238
11637  -10.008  -71.878  -20.868 0.6000000238
15774  -6.525  -66.859  -11.592 0.6000000238
15784  -6.572  -66.631  -12.535 0.6000000238
14904  -7.585  -67.655  -13.635 0.6999999881
14893  -7.891  -67.754  -12.618 0.6000000238
14095  -8.073  -68.267  -14.112 0.6999999881
14113  -7.676  -68.516  -15.031 0.6999999881
13247  -8.342  -69.487  -15.853 0.6999999881
124145  -7.176  -70.168  -17.348 0.6000000238
11674  -10.859  -71.619  -23.678 0.6000000238
12449  -8.410  -70.335  -17.510 0.6000000238
114970  -8.446  -71.219  -19.883 0.6000000238
12506  -10.708  -70.835  -23.423 0.5000000000
13370  -7.758  -71.394  -23.546 0.6000000238
12505  -9.754  -70.837  -23.611 0.5000000000
13343  -9.438  -69.277  -21.657 0.5000000000
12504  -6.878  -71.713  -23.259 0.6000000238
13359  -8.675  -70.383  -22.977 0.5000000000
16641  -5.133  -66.088  -11.852 0.6000000238
117700  -5.922  -66.308  -12.130 0.6000000238
14903  -7.140  -67.054  -13.084 0.6999999881
15799  -6.265  -66.631  -13.469 0.6999999881
14922  -6.523  -67.209  -14.145 0.6999999881
14923  -7.120  -67.894  -14.618 0.6999999881
14112  -6.631  -68.370  -15.531 0.6000000238
14131  -7.340  -69.024  -15.957 0.5000000000
13267  -6.612  -69.561  -16.875 0.6999999881
13291  -5.997  -70.030  -17.761 0.6000000238
122470  -7.405  -70.460  -18.132 0.6000000238
12474  -6.428  -70.560  -19.334 0.6000000238
12461  -6.007  -70.276  -19.262 0.6000000238
12487  -6.227  -71.335  -21.573 0.6000000238
13357  -5.914  -71.101  -22.480 0.5000000000
13342  -5.755  -69.910  -22.152 0.5000000000
14192  -7.139  -69.053  -21.205 0.5000000000
17468  -2.012  -64.390  -11.763 0.6999999881
17475  -1.731  -64.589  -12.893 0.6999999881
17474  -1.086  -63.645  -13.529 0.6999999881
16650  -4.404  -65.748  -12.601 0.6000000238
17486  -2.212  -65.307  -13.487 0.6999999881
17485  -1.490  -64.499  -14.067 0.6999999881
18271  -0.413  -63.298  -14.889 0.6999999881
19041  -1.062  -62.258  -14.752 0.6000000238
129665  -5.282  -66.058  -12.603 0.6999999881
16664  -3.295  -65.500  -13.045 0.6999999881
116725  -2.820  -65.910  -14.055 0.6999999881
17496  -1.006  -64.412  -15.040 0.6999999881
15798  -5.424  -66.357  -13.810 0.6999999881
16651  -4.975  -66.016  -13.315 0.6999999881
16663  -1.846  -65.224  -14.807 0.6999999881
117315  -5.993  -67.791  -15.122 0.6999999881
14130  -6.169  -68.787  -16.481 0.6000000238
13290  -5.408  -69.470  -18.293 0.6000000238
14971  -4.970  -67.970  -18.883 0.6000000238
12462  -6.438  -70.384  -18.447 0.6000000238
13309  -5.693  -70.058  -18.697 0.6000000238
14175  -5.472  -68.907  -19.794 0.6000000238
13324  -5.706  -69.786  -19.692 0.5000000000
114325  -5.505  -68.323  -20.549 0.6000000238
14984  -5.658  -67.638  -20.730 0.6000000238
13341  -5.947  -70.356  -21.457 0.5000000000
14191  -5.999  -69.412  -20.920 0.5000000000
113980  -5.871  -68.349  -21.042 0.5000000000
18251  -1.396  -63.626  -12.371 0.6999999881
18261  0.154  -62.921  -14.022 0.6999999881
19024  -0.056  -62.210  -14.104 0.6000000238
121405  -1.423  -60.833  -14.379 0.6000000238
126970  -2.634  -60.808  -15.282 0.4000000060
17509  -0.977  -64.473  -15.907 0.6000000238
127419  -0.790  -63.243  -15.364 0.5000000000
19051  -1.506  -62.909  -15.735 0.5000000000
20552  -3.646  -60.746  -16.213 0.4000000060
20539  -3.895  -59.704  -15.716 0.5000000000
15817  -5.733  -66.775  -14.176 0.6999999881
15797  -4.512  -66.253  -14.156 0.8000000119
16675  -2.564  -66.047  -15.145 0.6999999881
17523  -1.334  -64.485  -16.753 0.5000000000
19065  -2.843  -63.107  -17.150 0.4000000060
19849  -3.396  -61.965  -16.702 0.4000000060
20553  -4.319  -60.254  -16.568 0.4000000060
129226  -4.822  -60.799  -17.217 0.4000000060
15816  -4.787  -66.727  -14.714 0.8000000119
15832  -3.661  -67.006  -15.740 0.8000000119
16688  -3.123  -66.546  -15.461 0.8000000119
16687  -2.670  -65.889  -16.197 0.8000000119
17510  -2.064  -65.101  -16.945 0.6000000238
18300  -2.289  -64.230  -17.138 0.5000000000
19066  -3.930  -62.669  -17.156 0.4000000060
19850  -4.295  -61.518  -17.088 0.4000000060
14921  -5.416  -67.225  -14.860 0.6999999881
14936  -4.909  -67.691  -15.735 0.8000000119
14949  -4.532  -67.866  -16.753 0.6999999881
14959  -4.482  -67.863  -17.861 0.5000000000
18301  -3.779  -63.806  -17.019 0.5000000000
19067  -5.034  -62.700  -16.961 0.4000000060
19851  -5.298  -61.683  -17.249 0.4000000060
14129  -5.102  -68.480  -17.105 0.6000000238
14149  -4.971  -68.678  -18.100 0.5000000000
120741  -4.791  -67.126  -18.792 0.5000000000
14972  -5.361  -67.248  -19.812 0.6000000238
14983  -5.365  -68.095  -19.825 0.6000000238
15892  -6.267  -66.741  -20.610 0.6000000238
18250  -0.662  -62.702  -12.987 0.6000000238
119570  -0.658  -61.783  -12.499 0.5000000000
19804  -0.412  -61.471  -13.680 0.5000000000
19806  -2.251  -60.549  -13.243 0.4000000060
20499  -1.955  -60.151  -14.086 0.5000000000
20537  -2.356  -60.502  -14.729 0.5000000000
20538  -3.115  -60.231  -15.282 0.5000000000
21229  -4.451  -59.163  -15.317 0.5000000000
21254  -4.922  -58.753  -15.754 0.5000000000
21255  -5.559  -58.151  -15.772 0.5000000000
21253  -4.518  -59.255  -16.150 0.5000000000
22072  -6.599  -57.695  -16.235 0.5000000000
110546  -3.059  -66.631  -16.184 0.6999999881
16697  -3.277  -65.867  -16.872 0.6000000238
16698  -4.065  -65.862  -17.346 0.5000000000
17524  -3.127  -64.981  -16.940 0.5000000000
20555  -5.677  -59.457  -17.370 0.5000000000
21282  -6.074  -58.195  -17.115 0.5000000000
129377  -4.515  -67.225  -15.474 0.8000000119
14935  -4.025  -67.415  -16.324 0.6999999881
15845  -3.989  -67.381  -17.262 0.6000000238
17525  -4.284  -64.701  -17.134 0.5000000000
18302  -4.981  -63.682  -16.824 0.4000000060
19068  -5.930  -62.531  -16.888 0.5000000000
110850  -5.552  -60.711  -17.426 0.4000000060
20569  -6.538  -59.259  -17.581 0.5000000000
121738  -4.471  -67.079  -17.969 0.5000000000
16707  -4.897  -65.777  -17.930 0.5000000000
17538  -5.045  -64.999  -17.530 0.6000000238
17526  -5.563  -64.155  -17.016 0.5000000000
18317  -6.533  -63.750  -17.300 0.5000000000
18304  -6.841  -62.814  -17.049 0.5000000000
15877  -4.809  -66.384  -18.478 0.5000000000
16717  -5.382  -65.575  -18.924 0.5000000000
127849  -5.509  -65.080  -18.158 0.5000000000
17539  -6.044  -64.486  -17.712 0.5000000000
15878  -5.353  -66.363  -19.559 0.6000000238
16718  -6.332  -65.737  -19.862 0.6000000238
19789  -1.080  -61.263  -11.883 0.5000000000
19798  -1.603  -60.825  -12.417 0.5000000000
19805  -1.082  -60.723  -13.623 0.5000000000
20500  -2.751  -60.219  -13.804 0.4000000060
19790  -1.839  -61.086  -11.184 0.5000000000
19016  -2.840  -60.953  -12.358 0.4000000060
20501  -3.592  -60.210  -13.919 0.5000000000
20518  -3.804  -59.654  -14.759 0.6000000238
115063  -4.646  -59.368  -14.678 0.5000000000
21230  -5.098  -58.835  -15.039 0.5000000000
21231  -5.929  -58.773  -14.748 0.4000000060
117591  -6.476  -58.166  -15.278 0.4000000060
20540  -8.043  -59.237  -14.990 0.4000000060
19009  -3.348  -61.421  -11.548 0.4000000060
117600  -4.120  -61.858  -12.281 0.4000000060
19807  -3.450  -60.844  -13.126 0.4000000060
125434  -4.250  -60.915  -13.459 0.5000000000
20502  -4.630  -60.215  -14.089 0.5000000000
19823  -5.852  -60.872  -14.047 0.5000000000
19025  -4.440  -61.740  -12.997 0.4000000060
19026  -6.111  -62.583  -13.236 0.4000000060
19809  -6.134  -61.945  -13.747 0.5000000000
127613  -6.565  -61.008  -14.174 0.4000000060
20520  -6.494  -60.099  -14.418 0.4000000060
21232  -6.998  -59.015  -14.830 0.4000000060
19010  -4.291  -62.178  -11.299 0.4000000060
18236  -5.896  -63.121  -10.856 0.4000000060
18245  -5.847  -63.068  -11.813 0.4000000060
19017  -5.270  -62.541  -12.623 0.4000000060
114118  -7.013  -62.989  -12.963 0.4000000060
19027  -6.824  -62.415  -13.643 0.5000000000
19043  -7.424  -62.082  -14.016 0.5000000000
19824  -7.170  -61.195  -14.258 0.4000000060
20521  -7.586  -60.295  -14.598 0.4000000060
19019  -7.909  -63.041  -12.600 0.4000000060
19811  -9.335  -62.431  -12.749 0.4000000060
19810  -8.893  -62.182  -13.674 0.4000000060
19825  -8.141  -61.528  -14.261 0.4000000060
20522  -8.597  -60.520  -14.712 0.4000000060
18997  -5.432  -62.658  -10.095 0.4000000060
18998  -6.320  -62.850  -9.884 0.3000000119
18246  -6.650  -63.368  -11.446 0.3000000119
18252  -7.295  -63.356  -12.069 0.4000000060
20473  -7.084  -60.562  -9.402 0.4000000060
126262  -7.716  -62.074  -9.758 0.3000000119
18999  -7.867  -62.770  -10.336 0.3000000119
108960  -8.296  -63.017  -10.984 0.4000000060
20480  -8.725  -61.024  -10.525 0.5000000000
19013  -9.454  -62.342  -11.828 0.4000000060
19799  -10.171  -61.878  -12.343 0.4000000060
119623  -9.839  -61.964  -13.378 0.4000000060
117179  -11.286  -60.777  -14.516 0.3000000119
21172  -8.264  -60.254  -10.811 0.5000000000
20489  -8.955  -60.505  -10.936 0.5000000000
19794  -9.928  -61.682  -11.493 0.4000000060
19795  -10.475  -61.322  -11.821 0.4000000060
19812  -10.680  -61.542  -13.128 0.3000000119
19771  -7.260  -61.788  -9.263 0.4000000060
21170  -5.580  -59.588  -10.167 0.4000000060
126779  -7.379  -60.447  -10.073 0.4000000060
118926  -8.007  -60.735  -10.264 0.5000000000
21171  -6.613  -59.890  -10.322 0.4000000060
20478  -7.459  -59.991  -10.677 0.5000000000
21183  -7.768  -59.541  -11.290 0.5000000000
21184  -8.639  -59.835  -11.292 0.4000000060
21190  -9.801  -59.491  -11.855 0.4000000060
20492  -10.786  -60.683  -11.897 0.3000000119
21986  -6.713  -58.641  -11.907 0.3000000119
21987  -7.390  -58.862  -11.765 0.3000000119
21988  -8.225  -59.074  -11.845 0.3000000119
21160  -6.281  -60.031  -9.316 0.4000000060
21180  -4.752  -59.399  -10.987 0.3000000119
115683  -4.988  -58.987  -11.776 0.4000000060
22013  -10.083  -58.855  -12.412 0.3000000119
21970  -3.714  -59.285  -10.723 0.3000000119
22774  -2.580  -58.068  -11.274 0.3000000119
128899  -8.566  -80.418  -19.333 0.6000000238
5128  -9.366  -80.470  -18.052 0.5000000000
11660  -7.310  -72.167  -23.518 0.6000000238
109785  -7.144  -71.548  -21.084 0.6000000238
4098  -7.158  -81.532  -25.940 0.5000000000
3133  -6.699  -83.965  -23.851 0.6000000238
4083  -4.109  -80.780  -22.832 0.5000000000
3134  -7.258  -84.464  -23.289 0.6999999881
2637  -9.491  -85.367  -23.523 0.6999999881
2629  -9.776  -85.476  -22.579 0.6999999881
4087  -8.316  -83.061  -22.012 0.6999999881
2613  -10.163  -84.768  -21.399 0.6999999881
3110  -9.431  -84.381  -21.482 0.6999999881
126285  -6.716  -77.864  -23.087 0.5000000000
3111  -12.881  -84.554  -20.999 0.6999999881
4615  -8.882  -81.759  -22.837 0.6999999881
4088  -8.838  -82.452  -22.284 0.6999999881
128491  -13.086  -84.410  -20.181 0.6999999881
5168  -9.183  -80.121  -19.790 0.6000000238
3045  -14.174  -83.617  -17.752 0.6999999881
5205  -10.487  -81.087  -23.715 0.6000000238
4605  -12.384  -81.413  -21.249 0.6000000238
4587  -12.694  -81.896  -19.457 0.5000000000
4518  -7.892  -81.031  -16.284 0.6999999881
4617  -11.241  -81.431  -22.332 0.6000000238
120946  -16.877  -82.404  -16.080 0.6000000238
3552  -18.451  -83.121  -16.437 0.6000000238
5185  -12.766  -80.931  -22.035 0.5000000000
5171  -15.620  -80.219  -20.430 0.5000000000
5068  -18.885  -80.445  -15.160 0.5000000000
5089  -8.535  -80.946  -16.738 0.6000000238
4517  -7.222  -81.040  -16.104 0.6999999881
6480  -11.252  -78.332  -21.778 0.6000000238
5224  -11.354  -80.594  -23.979 0.5000000000
5206  -11.929  -80.881  -22.799 0.5000000000
5186  -13.698  -80.654  -21.757 0.6000000238
5187  -14.562  -80.356  -21.525 0.5000000000
3540  -19.849  -83.099  -15.092 0.6000000238
5679  -20.155  -79.865  -15.432 0.5000000000
7827  -9.480  -76.648  -16.955 0.6000000238
7138  -14.952  -77.415  -19.392 0.5000000000
9964  -8.089  -73.196  -15.951 0.6000000238
9255  -7.123  -74.767  -19.187 0.6000000238
6546  -14.314  -78.423  -25.572 0.6000000238
10777  -9.625  -72.753  -16.731 0.6000000238
9282  -10.586  -74.449  -22.162 0.8000000119
123181  -10.076  -72.547  -17.445 0.6000000238
7176  -15.672  -77.250  -22.048 0.6000000238
10018  -9.482  -73.295  -19.094 0.6000000238
7223  -16.110  -77.370  -23.797 0.6000000238
10825  -10.955  -73.314  -22.812 0.8000000119
7156  -16.416  -76.932  -20.684 0.6000000238
10810  -10.233  -72.596  -20.451 0.6000000238
10019  -10.097  -72.834  -19.674 0.6999999881
12475  -9.861  -71.371  -19.835 0.6000000238
118559  -6.862  -70.972  -19.956 0.6000000238
121796  -7.530  -69.517  -22.092 0.5000000000
14150  -5.675  -69.161  -17.412 0.5000000000
13325  -6.174  -70.413  -20.248 0.6000000238
14177  -6.999  -68.543  -20.964 0.5000000000
17476  -2.538  -65.090  -12.409 0.6999999881
16649  -3.488  -65.406  -12.008 0.6000000238
16676  -3.484  -66.283  -14.550 0.8000000119
16686  -1.867  -65.255  -16.032 0.6000000238
19015  -0.053  -61.945  -13.443 0.6000000238
19052  -2.487  -62.449  -16.265 0.5000000000
18299  -1.751  -63.611  -16.679 0.5000000000
19852  -6.299  -61.772  -17.199 0.5000000000
19797  -0.605  -61.229  -12.942 0.5000000000
21281  -5.131  -58.748  -16.603 0.5000000000
15861  -3.460  -66.888  -16.821 0.6000000238
17552  -6.231  -64.792  -19.016 0.5000000000
111855  -2.396  -60.984  -11.654 0.5000000000
20519  -5.393  -59.562  -14.446 0.5000000000
19808  -5.178  -61.688  -13.525 0.6000000238
110145  -5.070  -62.626  -10.875 0.4000000060
19011  -5.095  -62.643  -11.650 0.4000000060
18237  -6.914  -63.226  -10.490 0.3000000119
19018  -6.358  -63.105  -12.411 0.4000000060
19028  -7.623  -62.647  -13.399 0.5000000000
19044  -8.115  -62.301  -13.774 0.4000000060
18253  -8.157  -63.146  -11.706 0.4000000060
19020  -8.747  -62.820  -12.221 0.4000000060
19826  -9.200  -61.453  -14.243 0.4000000060
20523  -9.558  -60.659  -14.820 0.4000000060
20479  -7.703  -61.174  -9.600 0.3000000119
19781  -8.307  -61.721  -10.171 0.5000000000
19000  -8.647  -62.408  -10.708 0.4000000060
19783  -9.436  -61.196  -10.987 0.5000000000
19793  -9.326  -62.095  -11.051 0.4000000060
19827  -10.176  -61.362  -14.082 0.4000000060
21189  -9.059  -59.459  -11.683 0.5000000000
21185  -9.562  -60.230  -11.310 0.4000000060
21181  -5.764  -59.341  -11.084 0.5000000000
21182  -6.779  -59.275  -11.272 0.4000000060
22012  -9.059  -58.753  -12.287 0.4000000060
115975  -5.934  -58.781  -11.831 0.4000000060
21985  -3.971  -58.929  -11.730 0.3000000119
22007  -3.286  -58.177  -11.901 0.3000000119
22009  -5.078  -58.375  -12.547 0.3000000119
1794  -19.225  -87.394  -16.464 0.5000000000
1781  -20.151  -87.381  -15.918 0.5000000000
129315  -21.562  -89.132  -15.962 0.5000000000
122415  -20.704  -87.944  -16.152 0.5000000000
1458  -23.026  -88.956  -15.406 0.5000000000
1783  -22.434  -88.423  -16.091 0.5000000000
1459  -24.076  -88.804  -15.489 0.6000000238
2145  -19.215  -86.613  -16.416 0.5000000000
2137  -19.585  -86.889  -15.946 0.5000000000
113292  -20.968  -87.265  -15.947 0.5000000000
1795  -21.974  -87.690  -16.461 0.5000000000
1460  -25.240  -88.812  -15.766 0.6000000238
1796  -22.772  -87.897  -16.639 0.6000000238
1477  -23.354  -88.278  -16.166 0.6000000238
129902  -19.562  -86.092  -17.771 0.4000000060
3116  -17.896  -84.273  -22.244 0.4000000060
111850  -18.554  -84.403  -21.391 0.4000000060
111359  -19.862  -84.690  -21.814 0.5000000000
116903  -19.956  -84.591  -20.182 0.5000000000
109868  -20.386  -85.204  -20.363 0.5000000000
3087  -19.908  -84.685  -19.269 0.5000000000
2609  -20.350  -85.480  -19.449 0.5000000000
2600  -20.043  -85.122  -18.655 0.5000000000
1461  -26.340  -88.766  -15.980 0.6000000238
1462  -27.446  -88.643  -16.010 0.6000000238
2572  -19.299  -85.575  -16.461 0.5000000000
2560  -19.635  -85.866  -15.655 0.5000000000
115123  -19.396  -84.915  -15.725 0.5000000000
112860  -25.636  -88.109  -16.216 0.6000000238
2138  -20.193  -86.525  -15.607 0.5000000000
2146  -21.941  -86.777  -16.414 0.6000000238
1797  -23.523  -87.629  -16.908 0.6000000238
1479  -26.687  -88.047  -16.361 0.6000000238
128617  -23.383  -87.244  -17.637 0.6000000238
1798  -25.720  -87.500  -16.670 0.6000000238
1799  -27.081  -87.418  -16.710 0.6999999881
2149  -25.213  -87.216  -18.541 0.6000000238
2150  -26.298  -87.227  -17.459 0.6999999881
3126  -16.005  -83.865  -22.486 0.6000000238
3115  -16.573  -84.115  -21.770 0.6000000238
108910  -16.123  -84.305  -20.851 0.6000000238
3127  -16.992  -84.079  -22.670 0.5000000000
110586  -17.279  -84.321  -21.097 0.5000000000
3102  -16.838  -84.388  -20.161 0.6000000238
3104  -19.422  -84.449  -20.701 0.5000000000
3103  -18.091  -84.388  -20.375 0.5000000000
3086  -19.081  -84.234  -19.567 0.5000000000
3067  -19.587  -84.562  -18.181 0.5000000000
3066  -19.266  -84.086  -18.537 0.5000000000
3050  -19.272  -84.515  -16.880 0.5000000000
1120  -28.083  -88.657  -14.374 0.6999999881
1463  -28.235  -88.251  -15.926 0.6000000238
1784  -28.523  -87.574  -15.457 0.8000000119
2561  -20.255  -85.608  -15.198 0.5000000000
2139  -20.912  -86.253  -15.567 0.5000000000
2573  -21.619  -85.941  -15.946 0.6000000238
1480  -27.706  -88.047  -16.404 0.6999999881
2141  -28.277  -87.115  -15.799 0.6999999881
2147  -22.952  -86.843  -17.394 0.6000000238
2161  -27.350  -87.166  -18.207 0.6999999881
118379  -23.258  -86.387  -17.754 0.6000000238
2148  -23.838  -87.040  -18.346 0.6000000238
2587  -24.358  -85.810  -19.147 0.6999999881
2160  -26.512  -87.317  -18.966 0.6999999881
2589  -27.504  -86.847  -18.947 0.6000000238
127499  -14.828  -83.786  -23.083 0.5000000000
3114  -15.491  -84.098  -21.564 0.6000000238
3036  -19.340  -84.075  -15.905 0.6000000238
1429  -28.308  -88.074  -14.174 0.6999999881
3021  -19.752  -84.065  -15.153 0.5000000000
1770  -28.036  -86.864  -14.048 0.5000000000
2129  -27.210  -86.281  -13.928 0.6000000238
111278  -19.739  -84.964  -15.132 0.6000000238
2563  -21.780  -85.319  -15.909 0.5000000000
2140  -27.814  -86.535  -15.541 0.6000000238
2574  -22.534  -85.912  -16.689 0.5000000000
2151  -27.441  -86.924  -16.640 0.6999999881
2577  -27.586  -86.599  -17.291 0.6000000238
115138  -23.237  -85.391  -17.393 0.5000000000
118170  -27.809  -86.136  -18.163 0.6000000238
3051  -23.554  -84.663  -17.940 0.5000000000
2602  -26.768  -85.943  -19.648 0.5000000000
3068  -25.162  -84.499  -20.163 0.5000000000
117189  -27.067  -84.218  -19.781 0.5000000000
3124  -14.222  -83.974  -22.993 0.6000000238
3125  -14.891  -83.901  -22.368 0.6000000238
3135  -12.790  -84.355  -24.058 0.4000000060
111741  -19.206  -83.326  -15.728 0.5000000000
3022  -20.466  -84.671  -14.920 0.5000000000
2557  -27.266  -85.890  -14.499 0.5000000000
3024  -22.361  -84.755  -16.286 0.5000000000
2565  -27.219  -85.789  -15.719 0.5000000000
2564  -26.534  -85.039  -14.755 0.5000000000
3554  -23.082  -83.680  -17.044 0.5000000000
3038  -27.281  -85.021  -17.779 0.5000000000
3566  -23.582  -83.546  -17.909 0.6000000238
3053  -27.613  -85.797  -18.943 0.5000000000
125556  -27.275  -84.354  -18.038 0.6000000238
3567  -24.055  -83.273  -18.612 0.6000000238
3577  -24.747  -83.520  -19.652 0.5000000000
2649  -11.177  -84.800  -24.278 0.4000000060
116083  -21.249  -83.339  -15.140 0.5000000000
3025  -26.122  -84.276  -15.320 0.5000000000
3553  -22.458  -83.797  -16.322 0.5000000000
4028  -22.504  -82.950  -16.407 0.5000000000
3555  -26.627  -83.872  -17.184 0.5000000000
4015  -25.663  -82.833  -15.619 0.5000000000
4526  -25.629  -81.976  -15.339 0.5000000000
5073  -25.940  -81.037  -15.025 0.5000000000
5663  -27.557  -79.727  -14.884 0.5000000000
4029  -23.053  -82.774  -17.102 0.6000000238
4040  -23.601  -82.561  -17.798 0.6000000238
4031  -26.588  -82.970  -17.307 0.5000000000
4041  -24.302  -82.363  -18.635 0.6000000238
4559  -27.361  -82.180  -18.328 0.5000000000
125601  -24.806  -81.764  -19.060 0.5000000000
4051  -25.602  -81.831  -19.921 0.5000000000
5072  -21.825  -80.310  -15.733 0.5000000000
4030  -26.110  -83.117  -16.445 0.5000000000
111597  -26.199  -81.550  -16.009 0.5000000000
5074  -26.439  -80.789  -15.692 0.5000000000
5058  -26.802  -80.185  -15.251 0.5000000000
4525  -22.107  -81.298  -15.817 0.5000000000
5094  -22.535  -80.495  -16.235 0.6000000238
4544  -26.621  -82.034  -17.213 0.5000000000
5096  -26.651  -81.109  -16.587 0.5000000000
5681  -27.414  -80.048  -15.742 0.5000000000
5682  -28.257  -79.868  -15.348 0.5000000000
5664  -28.565  -79.615  -14.772 0.5000000000
4558  -24.347  -81.155  -18.137 0.5000000000
5114  -27.135  -81.378  -17.522 0.5000000000
5115  -27.512  -80.753  -17.591 0.5000000000
123481  -21.509  -79.625  -15.889 0.5000000000
5707  -28.969  -80.005  -15.901 0.5000000000
5706  -27.909  -79.865  -16.359 0.5000000000
5076  -30.078  -80.431  -15.404 0.5000000000
5077  -30.857  -80.709  -15.300 0.4000000060
5708  -29.973  -80.205  -16.109 0.4000000060
118111  -6.084  -81.861  -19.375 0.4000000060
11564  -8.887  -71.594  -14.048 0.5000000000
12350  -8.178  -69.912  -12.117 0.5000000000
12361  -8.347  -70.508  -12.871 0.5000000000
128959  -7.461  -68.994  -10.987 0.5000000000
13186  -7.701  -69.378  -11.508 0.5000000000
11546  -8.634  -71.137  -13.465 0.5000000000
17469  -2.781  -64.884  -11.312 0.5000000000
18243  -1.209  -62.598  -11.899 0.5000000000
4524  -21.528  -81.735  -15.356 0.5000000000
4014  -21.919  -83.127  -15.711 0.5000000000
1478  -24.530  -87.988  -16.348 0.6000000238
111809  -24.504  -87.317  -17.554 0.6000000238
2576  -24.935  -86.975  -19.130 0.6999999881
2562  -21.025  -85.436  -15.275 0.5000000000
2575  -23.833  -86.280  -18.450 0.6000000238
2588  -26.089  -86.772  -19.723 0.6000000238
2601  -25.300  -85.539  -20.007 0.6000000238
121461  -27.460  -87.029  -13.734 0.6999999881
3023  -21.427  -84.696  -15.372 0.5000000000
123199  -23.050  -84.437  -16.899 0.5000000000
3052  -24.273  -84.403  -19.111 0.6000000238
3069  -26.131  -85.083  -20.180 0.5000000000
4042  -27.237  -82.871  -18.473 0.5000000000
3026  -26.889  -85.353  -16.521 0.5000000000
3544  -26.040  -83.611  -15.992 0.5000000000
4050  -25.101  -82.670  -19.751 0.5000000000
4541  -22.543  -82.080  -16.449 0.5000000000
4557  -23.673  -81.533  -17.606 0.5000000000
116543  -22.678  -81.312  -16.449 0.5000000000
5075  -26.901  -80.480  -16.150 0.5000000000
5705  -27.388  -80.271  -16.685 0.5000000000
5683  -29.301  -80.083  -15.066 0.5000000000
5728  -28.447  -79.615  -17.154 0.4000000060
5097  -30.632  -80.664  -15.715 0.4000000060
3514  -23.082  -83.670  -13.179 0.5000000000
3002  -23.700  -84.283  -13.378 0.6000000238
3003  -24.622  -84.095  -13.502 0.6000000238
2547  -24.437  -84.964  -13.627 0.6000000238
114311  -23.694  -85.745  -13.760 0.4000000060
114373  -24.663  -82.836  -13.650 0.4000000060
3517  -25.139  -83.228  -14.001 0.4000000060
3004  -25.232  -83.986  -13.746 0.5000000000
2548  -25.373  -84.632  -13.760 0.6000000238
118426  -25.865  -84.557  -14.007 0.5000000000
128244  -26.043  -84.453  -14.473 0.4000000060
2122  -24.667  -86.035  -13.877 0.5000000000
2556  -26.293  -85.346  -13.964 0.5000000000
1769  -26.429  -86.917  -13.755 0.6000000238
129948  -27.688  -88.123  -13.565 0.6000000238
1106  -27.428  -89.087  -13.518 0.6000000238
1119  -27.457  -89.286  -14.698 0.6000000238
1140  -27.032  -89.259  -15.515 0.6000000238
849  -26.479  -89.795  -15.128 0.6000000238
1139  -25.961  -89.574  -15.597 0.5000000000
1138  -24.815  -89.816  -15.375 0.5000000000
1137  -23.644  -89.804  -15.147 0.4000000060
1136  -22.676  -89.838  -15.265 0.5000000000
115724  -30.861  -80.439  -14.865 0.3000000119
1456  -20.884  -88.712  -16.162 0.4000000060
7141  -16.969  -76.792  -19.932 0.4000000060
7883  -17.737  -76.910  -20.100 0.4000000060
118928  -17.207  -77.018  -20.732 0.5000000000
14985  -6.624  -67.573  -21.093 0.5000000000
111208  -7.513  -66.886  -20.869 0.5000000000
15893  -7.464  -66.081  -20.670 0.4000000060
17553  -7.133  -64.335  -19.611 0.4000000060
16721  -9.382  -65.697  -19.469 0.4000000060
17540  -6.847  -64.013  -18.384 0.4000000060
18330  -7.731  -63.513  -19.488 0.4000000060
17569  -7.971  -64.404  -20.786 0.4000000060
18318  -7.413  -63.318  -17.842 0.4000000060
18319  -7.989  -62.822  -18.381 0.4000000060
17571  -10.253  -64.383  -20.682 0.4000000060
19084  -7.753  -62.516  -17.559 0.4000000060
19085  -8.459  -62.182  -18.200 0.4000000060
18350  -10.554  -63.383  -20.338 0.4000000060
19853  -7.255  -61.939  -17.221 0.4000000060
19867  -6.689  -60.659  -17.511 0.4000000060
19868  -7.949  -61.498  -17.513 0.4000000060
21256  -7.448  -58.068  -15.582 0.3000000119
21283  -7.058  -57.718  -17.097 0.4000000060
20541  -8.975  -59.640  -15.302 0.3000000119
22089  -7.767  -57.859  -16.935 0.3000000119
21257  -8.389  -58.535  -15.752 0.3000000119
16720  -9.055  -65.946  -20.430 0.4000000060
16731  -9.656  -65.218  -20.672 0.4000000060
16729  -8.294  -65.298  -21.059 0.4000000060
114930  -8.307  -66.122  -20.813 0.4000000060
111235  -9.536  -64.553  -21.146 0.4000000060
18348  -8.880  -63.740  -20.936 0.4000000060
17555  -10.597  -64.082  -19.607 0.4000000060
18349  -10.122  -63.694  -20.960 0.4000000060
19116  -9.432  -63.029  -20.218 0.4000000060
18331  -8.556  -62.771  -19.645 0.4000000060
7718  -23.583  -76.477  -10.256 0.3000000119
8430  -23.849  -75.714  -11.182 0.3000000119
7026  -22.790  -77.534  -10.044 0.4000000060
7042  -23.064  -76.891  -10.473 0.3000000119
7734  -22.889  -76.852  -11.192 0.4000000060
5626  -21.319  -79.036  -10.733 0.3000000119
7040  -22.060  -77.889  -10.974 0.3000000119
7048  -22.420  -77.579  -11.494 0.4000000060
5607  -20.602  -80.052  -9.978 0.3000000119
6332  -21.836  -78.375  -11.368 0.3000000119
6333  -22.212  -78.089  -12.003 0.3000000119
5625  -20.809  -79.823  -10.524 0.3000000119
5631  -21.020  -79.622  -11.097 0.3000000119
5029  -21.125  -79.892  -11.679 0.3000000119
4473  -20.046  -81.043  -10.768 0.3000000119
4482  -20.411  -81.092  -11.440 0.3000000119
129755  -21.431  -80.218  -12.263 0.3000000119
4481  -19.977  -81.681  -11.156 0.3000000119
110612  -20.463  -81.698  -11.645 0.3000000119
3973  -20.961  -82.120  -12.071 0.3000000119
2969  -19.405  -84.569  -10.544 0.3000000119
3498  -19.520  -83.157  -10.943 0.3000000119
3499  -20.081  -83.216  -11.558 0.3000000119
110917  -20.854  -82.936  -12.108 0.3000000119
3507  -21.536  -83.430  -12.597 0.3000000119
114407  -19.725  -83.983  -11.219 0.4000000060
8440  -23.969  -75.818  -11.942 0.3000000119
6311  -22.496  -78.276  -9.681 0.4000000060
7056  -22.726  -77.642  -12.250 0.4000000060
5608  -21.082  -79.476  -9.994 0.3000000119
6342  -21.919  -78.764  -12.135 0.4000000060
5021  -19.864  -81.043  -10.199 0.3000000119
5641  -22.345  -79.352  -12.791 0.4000000060
5039  -21.595  -80.925  -12.471 0.4000000060
3944  -19.240  -82.324  -9.465 0.3000000119
4491  -21.702  -81.785  -12.538 0.4000000060
2955  -19.050  -84.226  -9.766 0.3000000119
3466  -18.976  -83.049  -8.955 0.4000000060
3508  -22.426  -83.116  -12.911 0.4000000060
110303  -21.426  -84.114  -12.660 0.3000000119
2944  -18.749  -84.560  -8.418 0.3000000119
8441  -24.564  -75.217  -11.540 0.3000000119
8447  -24.651  -75.510  -12.391 0.3000000119
118327  -25.860  -74.554  -12.239 0.3000000119
7749  -24.240  -76.143  -12.718 0.3000000119
7763  -24.698  -76.497  -13.305 0.3000000119
5592  -22.782  -79.345  -8.787 0.4000000060
7057  -23.315  -77.206  -12.604 0.3000000119
7066  -23.790  -77.646  -13.161 0.3000000119
5005  -20.985  -80.092  -9.413 0.3000000119
125155  -21.574  -79.481  -9.440 0.4000000060
126490  -23.154  -77.852  -12.816 0.4000000060
5652  -23.517  -78.457  -13.179 0.3000000119
5642  -23.148  -79.257  -13.207 0.4000000060
4459  -19.691  -81.446  -9.651 0.3000000119
3927  -20.226  -82.220  -8.124 0.3000000119
4492  -22.596  -81.370  -12.938 0.4000000060
5041  -23.190  -80.686  -13.150 0.4000000060
3915  -19.950  -82.904  -7.709 0.3000000119
4493  -23.584  -81.459  -13.211 0.4000000060
4494  -24.262  -81.532  -13.403 0.5000000000
112539  -19.379  -82.671  -8.462 0.3000000119
3509  -23.388  -82.800  -13.177 0.4000000060
3986  -24.203  -82.840  -13.395 0.5000000000
2479  -18.637  -85.525  -7.714 0.3000000119
126004  -25.387  -75.274  -12.912 0.3000000119
9155  -26.159  -74.835  -13.142 0.3000000119
109393  -22.213  -81.254  -8.161 0.4000000060
6354  -24.507  -78.357  -13.439 0.4000000060
5654  -24.977  -79.364  -13.443 0.4000000060
4439  -21.465  -81.394  -8.329 0.4000000060
5042  -24.041  -80.812  -13.260 0.4000000060
4503  -24.701  -80.889  -13.469 0.5000000000
119334  -25.187  -80.987  -13.751 0.4000000060
3916  -20.971  -82.745  -7.663 0.3000000119
4504  -24.820  -81.588  -13.674 0.4000000060
3417  -20.338  -83.915  -6.970 0.3000000119
3988  -24.925  -82.339  -13.904 0.4000000060
4002  -25.282  -82.557  -14.642 0.4000000060
2932  -19.093  -84.142  -7.355 0.3000000119
2931  -18.738  -84.785  -7.725 0.3000000119
2058  -18.786  -86.063  -6.689 0.3000000119
7765  -26.156  -76.274  -13.918 0.3000000119
7068  -25.475  -76.996  -13.712 0.3000000119
6355  -25.473  -78.622  -13.650 0.3000000119
3928  -21.274  -82.108  -7.965 0.4000000060
5655  -25.752  -79.417  -13.763 0.5000000000
5056  -25.678  -80.658  -14.130 0.4000000060
3431  -21.644  -83.352  -7.443 0.4000000060
4512  -25.339  -81.574  -14.277 0.4000000060
2466  -20.820  -84.983  -6.284 0.3000000119
121528  -20.792  -84.308  -6.689 0.3000000119
117977  -19.879  -85.063  -6.304 0.3000000119
2465  -19.317  -85.669  -6.351 0.3000000119
1687  -18.732  -87.681  -6.103 0.3000000119
2048  -19.092  -86.600  -6.210 0.3000000119
7069  -26.457  -77.199  -14.097 0.3000000119
6356  -26.263  -78.762  -13.955 0.4000000060
5662  -26.478  -79.483  -14.205 0.4000000060
2050  -20.828  -86.465  -5.384 0.3000000119
126334  -21.488  -87.442  -4.712 0.3000000119
2049  -19.773  -86.375  -5.721 0.3000000119
1667  -20.288  -87.617  -4.821 0.3000000119
1677  -19.507  -87.166  -5.503 0.3000000119
1341  -22.218  -89.058  -3.534 0.3000000119
1015  -21.877  -89.958  -3.314 0.3000000119
1340  -20.989  -88.934  -3.857 0.3000000119
119130  -20.674  -89.662  -3.748 0.3000000119
121232  -20.282  -88.280  -4.446 0.3000000119
7078  -28.176  -78.217  -14.421 0.3000000119
6364  -27.833  -79.094  -14.449 0.4000000060
1001  -21.563  -90.602  -3.020 0.3000000119
710  -20.793  -91.214  -3.007 0.3000000119
7079  -29.908  -77.146  -14.699 0.3000000119
118402  -29.147  -77.917  -14.553 0.3000000119
6365  -28.816  -79.038  -14.409 0.3000000119
7080  -30.820  -77.600  -14.746 0.3000000119
120016  -30.001  -78.049  -14.629 0.3000000119
6367  -30.414  -78.780  -14.571 0.3000000119
21304  -7.123  -58.556  -17.503 0.5000000000
20570  -7.605  -59.888  -17.677 0.4000000060
16719  -7.240  -65.153  -20.209 0.4000000060
1757  -26.980  -87.813  -13.489 0.6000000238
2128  -26.047  -85.941  -13.801 0.5000000000
3530  -25.554  -83.392  -14.979 0.4000000060
5057  -26.292  -80.213  -14.586 0.4000000060
113383  -27.128  -79.348  -14.527 0.4000000060
126123  -30.041  -79.577  -14.560 0.3000000119
119025  -8.079  -67.029  -20.575 0.5000000000
15879  -8.372  -66.739  -19.579 0.4000000060
17554  -9.966  -64.996  -19.187 0.4000000060
6327  -22.201  -78.024  -10.386 0.3000000119
4472  -19.561  -81.747  -10.372 0.3000000119
3956  -19.266  -82.696  -10.322 0.3000000119
5609  -22.231  -79.009  -9.264 0.4000000060
3975  -22.537  -82.296  -12.902 0.4000000060
4989  -21.635  -80.536  -8.699 0.4000000060
4988  -20.774  -80.876  -8.958 0.3000000119
4437  -19.739  -81.853  -8.892 0.3000000119
5653  -24.069  -79.291  -13.325 0.4000000060
3416  -19.678  -84.148  -6.949 0.3000000119
5050  -25.291  -80.216  -13.590 0.4000000060
129342  -18.905  -84.740  -7.176 0.3000000119
6363  -26.993  -78.885  -14.286 0.4000000060
2917  -21.586  -84.467  -6.702 0.3000000119
1666  -19.366  -88.101  -5.076 0.3000000119
119426  -27.452  -78.376  -14.342 0.3000000119
1014  -20.849  -90.561  -3.377 0.3000000119
848  -25.475  -90.089  -15.257 0.5000000000
599  -25.294  -90.651  -14.245 0.5000000000
817  -26.207  -90.329  -13.651 0.5000000000
1756  -25.314  -87.691  -13.665 0.4000000060
5703  -22.233  -79.661  -16.201 0.4000000060
2546  -23.206  -85.138  -13.544 0.5000000000
2536  -21.442  -85.382  -12.719 0.3000000119
2996  -22.135  -83.908  -12.971 0.4000000060
128366  -20.201  -83.898  -11.692 0.3000000119
119326  -20.760  -83.848  -12.161 0.3000000119
2933  -22.130  -83.963  -7.184 0.3000000119
3432  -22.550  -83.473  -7.514 0.3000000119
3917  -21.990  -82.799  -7.685 0.3000000119
6312  -23.266  -77.889  -9.361 0.3000000119
2934  -23.027  -84.166  -7.281 0.3000000119
4440  -23.120  -82.388  -7.739 0.3000000119
109991  -23.007  -81.563  -7.866 0.3000000119
109066  -23.089  -80.009  -8.345 0.3000000119
5593  -23.517  -79.303  -8.491 0.3000000119
4992  -24.044  -80.078  -7.919 0.3000000119
3919  -23.629  -83.019  -7.688 0.3000000119
4421  -23.802  -82.103  -7.672 0.3000000119
128371  -23.601  -81.430  -7.734 0.3000000119
4977  -24.210  -81.172  -7.671 0.3000000119
6295  -22.993  -78.678  -9.014 0.3000000119
7012  -24.106  -77.598  -9.092 0.3000000119
3920  -24.467  -82.939  -7.677 0.3000000119
6296  -23.949  -78.495  -8.729 0.3000000119
6297  -24.864  -78.731  -8.253 0.3000000119
1135  -21.982  -89.909  -15.774 0.3000000119
1428  -27.217  -88.762  -13.195 0.4000000060
2545  -22.231  -85.320  -13.217 0.3000000119
18332  -10.837  -63.477  -19.758 0.3000000119
17572  -10.653  -63.782  -20.572 0.3000000119
19869  -8.698  -61.058  -18.124 0.3000000119
130158  -24.615  -90.227  -15.132 0.4000000060
584  -24.732  -91.008  -13.811 0.4000000060
327  -24.366  -92.229  -9.834 0.4000000060
365  -25.925  -91.899  -11.557 0.4000000060
573  -26.566  -91.034  -11.846 0.4000000060
1097  -26.563  -89.741  -11.756 0.4000000060
1105  -26.898  -89.444  -12.462 0.4000000060
572  -25.700  -91.172  -12.407 0.4000000060
586  -26.414  -90.542  -12.614 0.4000000060
113553  -26.909  -89.875  -12.753 0.4000000060
531  -23.816  -92.056  -8.907 0.3000000119
772  -25.090  -91.069  -9.949 0.4000000060
797  -26.613  -90.302  -10.706 0.4000000060
585  -25.502  -90.801  -13.280 0.4000000060
337  -25.164  -92.001  -10.466 0.4000000060
364  -24.997  -91.522  -12.163 0.4000000060
165  -24.081  -92.723  -9.207 0.3000000119
543  -25.789  -91.103  -10.211 0.4000000060
553  -26.235  -91.220  -10.566 0.4000000060
1084  -26.763  -89.933  -11.118 0.4000000060
1096  -26.596  -89.693  -11.677 0.4000000060
770  -23.586  -91.091  -9.493 0.3000000119
118617  -23.884  -91.488  -9.220 0.3000000119
796  -25.753  -90.301  -10.563 0.3000000119
783  -24.714  -90.363  -10.329 0.3000000119
1095  -25.481  -89.521  -11.710 0.3000000119
119640  -24.881  -88.428  -13.227 0.3000000119
1754  -23.161  -87.224  -13.558 0.3000000119
2121  -23.642  -86.476  -13.819 0.3000000119
1755  -24.260  -87.103  -13.904 0.3000000119
1418  -25.017  -88.946  -12.558 0.3000000119
1104  -26.342  -89.195  -12.427 0.3000000119
2888  -16.261  -84.710  -3.778 0.3000000119
3393  -17.113  -83.961  -4.418 0.3000000119
1670  -23.267  -88.230  -3.746 0.3000000119
2890  -18.875  -84.464  -4.303 0.3000000119
3386  -19.848  -84.281  -4.323 0.3000000119
2421  -20.169  -85.500  -3.459 0.3000000119
2422  -21.196  -85.441  -3.335 0.3000000119
2413  -22.033  -86.395  -2.850 0.3000000119
2414  -23.147  -86.782  -3.239 0.3000000119
2026  -23.488  -87.844  -3.614 0.3000000119
3396  -20.184  -83.608  -4.688 0.3000000119
3387  -20.637  -84.145  -4.279 0.3000000119
2879  -21.490  -84.553  -3.868 0.3000000119
113901  -22.325  -85.556  -3.250 0.3000000119
1082  -25.181  -89.862  -10.868 0.3000000119
2431  -17.636  -85.398  -3.683 0.3000000119
2411  -19.775  -86.170  -3.193 0.3000000119
2876  -18.540  -85.170  -3.836 0.3000000119
2889  -17.647  -84.701  -4.070 0.3000000119
2420  -19.212  -85.646  -3.552 0.3000000119
2877  -19.540  -84.957  -3.888 0.3000000119
3397  -21.156  -83.587  -4.609 0.3000000119
315  -23.751  -92.809  -8.631 0.3000000119
316  -24.724  -92.004  -9.196 0.3000000119
326  -23.363  -92.426  -8.945 0.3000000119
328  -25.176  -91.735  -9.843 0.4000000060
338  -26.015  -91.968  -10.134 0.4000000060
351  -25.221  -92.074  -11.082 0.4000000060
352  -25.914  -92.014  -10.758 0.4000000060
540  -23.463  -91.675  -9.199 0.3000000119
541  -24.354  -91.577  -9.294 0.3000000119
542  -24.950  -91.412  -9.761 0.4000000060
554  -27.008  -90.874  -10.714 0.4000000060
563  -26.364  -91.198  -11.152 0.4000000060
719  -20.583  -91.380  -3.110 0.3000000119
769  -23.015  -91.109  -9.652 0.3000000119
771  -24.321  -90.911  -9.740 0.3000000119
784  -25.964  -90.736  -10.337 0.3000000119
785  -26.575  -90.727  -10.535 0.4000000060
798  -27.016  -90.397  -10.871 0.4000000060
808  -26.893  -90.349  -11.925 0.4000000060
809  -26.988  -89.988  -11.336 0.4000000060
832  -25.914  -90.292  -14.728 0.5000000000
833  -26.773  -89.747  -14.103 0.6000000238
990  -21.433  -90.629  -2.931 0.3000000119
1083  -26.308  -89.863  -11.003 0.3000000119
1107  -27.932  -88.334  -13.689 0.6000000238
1141  -27.936  -88.815  -15.307 0.6999999881
1339  -19.860  -88.942  -4.348 0.3000000119
1427  -23.182  -87.980  -13.223 0.3000000119
1442  -28.452  -88.230  -14.976 0.8000000119
1455  -20.144  -88.144  -16.234 0.4000000060
1457  -22.205  -89.113  -15.679 0.5000000000
1481  -28.144  -87.568  -16.334 0.6999999881
1668  -21.311  -88.251  -4.204 0.3000000119
1758  -27.990  -87.609  -13.743 0.6999999881
1771  -28.451  -87.487  -14.455 0.8000000119
1780  -19.656  -87.578  -16.209 0.5000000000
1782  -21.501  -88.363  -16.179 0.5000000000
2037  -20.307  -86.961  -5.219 0.3000000119
2064  -18.597  -86.126  -7.328 0.3000000119
2130  -27.848  -86.490  -14.446 0.5000000000
2131  -28.338  -86.923  -14.881 0.6000000238
2159  -19.641  -85.314  -17.683 0.5000000000
2444  -20.278  -85.707  -5.943 0.3000000119
2464  -18.775  -85.334  -7.034 0.3000000119
2489  -18.724  -85.270  -8.320 0.3000000119
2555  -25.468  -85.269  -13.737 0.5000000000
2622  -11.667  -85.168  -21.619 0.6999999881
2628  -8.860  -85.350  -22.660 0.6999999881
2630  -10.676  -85.521  -22.602 0.6999999881
2632  -12.418  -84.965  -22.186 0.6999999881
2645  -7.554  -84.508  -23.924 0.6999999881
2878  -20.476  -84.776  -3.839 0.3000000119
2915  -19.310  -84.755  -6.751 0.3000000119
2916  -20.073  -84.466  -6.566 0.3000000119
2954  -18.829  -83.884  -8.902 0.4000000060
2983  -20.371  -84.588  -11.816 0.3000000119
2994  -21.046  -84.674  -12.473 0.3000000119
2995  -21.772  -84.653  -12.948 0.3000000119
3001  -22.663  -84.485  -13.254 0.4000000060
3011  -25.640  -83.980  -14.300 0.4000000060
3037  -26.496  -84.420  -16.533 0.5000000000
3046  -15.154  -83.825  -17.642 0.6999999881
3061  -13.684  -83.885  -18.402 0.6999999881
3064  -16.961  -84.180  -18.499 0.6999999881
3079  -11.700  -83.975  -19.640 0.6999999881
3083  -15.494  -84.374  -19.143 0.6999999881
3097  -10.720  -84.200  -20.695 0.6999999881
3108  -8.051  -84.289  -21.950 0.6999999881
3123  -8.379  -84.871  -22.193 0.6999999881
3143  -9.758  -83.933  -24.594 0.5000000000
3418  -21.212  -83.851  -7.054 0.3000000119
3429  -19.778  -83.594  -7.325 0.3000000119
3430  -20.645  -83.358  -7.348 0.3000000119
3433  -23.387  -83.646  -7.551 0.3000000119
3446  -19.234  -83.377  -7.842 0.3000000119
3467  -19.014  -83.255  -9.632 0.4000000060
3485  -19.264  -83.617  -10.429 0.3000000119
3515  -23.995  -83.521  -13.315 0.6000000238
3516  -24.653  -83.431  -13.550 0.6000000238
3542  -21.104  -84.064  -15.016 0.5000000000
3543  -21.761  -83.948  -15.608 0.5000000000
3551  -17.219  -83.000  -16.380 0.6999999881
3568  -27.259  -83.778  -18.450 0.5000000000
3575  -12.124  -83.018  -18.977 0.6999999881
3576  -12.668  -83.127  -18.423 0.6999999881
3584  -10.893  -83.540  -20.260 0.6999999881
3617  -8.412  -83.077  -24.733 0.5000000000
3881  -21.227  -82.875  -5.136 0.3000000119
3918  -22.854  -82.947  -7.700 0.3000000119
3929  -22.311  -82.089  -7.878 0.3000000119
3967  -19.677  -82.430  -11.025 0.3000000119
3968  -20.268  -82.326  -11.605 0.3000000119
3974  -21.672  -82.624  -12.547 0.3000000119
3976  -23.249  -82.031  -13.124 0.4000000060
3977  -23.890  -82.157  -13.305 0.5000000000
3987  -24.453  -82.219  -13.544 0.4000000060
4010  -18.995  -82.000  -15.139 0.6000000238
4012  -20.613  -82.748  -14.953 0.6000000238
4022  -14.943  -82.751  -17.088 0.6000000238
4023  -15.581  -82.551  -16.724 0.6000000238
4024  -16.237  -82.217  -16.340 0.6000000238
4037  -6.790  -82.303  -17.527 0.6000000238
4039  -14.514  -82.393  -17.428 0.5000000000
4048  -12.704  -82.788  -18.441 0.6000000238
4049  -13.292  -82.510  -18.083 0.6000000238
4060  -6.277  -82.867  -18.822 0.4000000060
4062  -11.641  -82.793  -19.592 0.6999999881
4076  -3.849  -82.121  -21.264 0.5000000000
4438  -20.556  -81.573  -8.539 0.3000000119
4460  -20.129  -81.256  -9.161 0.3000000119
4490  -20.953  -81.358  -12.032 0.3000000119
4521  -18.507  -81.214  -15.104 0.5000000000
4537  -7.760  -81.436  -16.791 0.6999999881
4538  -15.197  -82.324  -17.024 0.6000000238
4542  -23.064  -81.856  -17.054 0.6000000238
4543  -26.083  -82.406  -16.286 0.5000000000
4552  -7.471  -81.681  -17.454 0.6000000238
4554  -13.884  -82.281  -17.842 0.5000000000
4570  -6.679  -81.866  -18.744 0.5000000000
4576  -15.212  -81.426  -18.097 0.4000000060
4584  -6.215  -81.075  -19.673 0.5000000000
4595  -11.759  -82.260  -20.138 0.6000000238
4604  -11.647  -81.903  -20.919 0.6000000238
4610  -3.894  -80.284  -22.121 0.5000000000
4616  -10.515  -81.527  -22.782 0.6000000238
4990  -22.585  -80.665  -8.261 0.4000000060
4991  -23.417  -80.822  -7.894 0.3000000119
5004  -20.240  -80.696  -9.687 0.3000000119
5022  -20.312  -80.485  -10.400 0.3000000119
5028  -20.609  -80.344  -11.104 0.3000000119
5038  -20.934  -80.609  -11.875 0.3000000119
5040  -22.193  -80.284  -12.796 0.4000000060
5049  -24.503  -80.134  -13.345 0.4000000060
5051  -25.936  -79.996  -13.975 0.4000000060
5063  -7.286  -80.323  -16.022 0.6999999881
5065  -8.575  -80.546  -16.038 0.6000000238
5067  -17.589  -80.561  -15.775 0.4000000060
5070  -20.404  -80.634  -15.074 0.5000000000
5078  -31.528  -80.983  -15.548 0.4000000060
5091  -10.099  -80.182  -16.294 0.6000000238
5106  -8.659  -80.860  -17.569 0.6000000238
5129  -10.163  -80.127  -18.195 0.6000000238
5146  -9.108  -80.382  -18.927 0.6000000238
5163  -3.960  -79.981  -20.874 0.5000000000
5200  -3.879  -79.959  -21.514 0.5000000000
5209  -15.165  -79.989  -22.283 0.6000000238
5223  -9.601  -80.816  -24.196 0.6000000238
5226  -13.164  -80.206  -23.537 0.6000000238
5235  -9.268  -79.883  -25.034 0.6000000238
5591  -22.162  -79.810  -8.813 0.4000000060
5632  -21.402  -79.154  -11.538 0.3000000119
5640  -21.643  -79.558  -12.247 0.3000000119
5665  -29.435  -79.708  -14.630 0.3000000119
5674  -9.775  -79.726  -15.330 0.5000000000
5675  -10.505  -79.793  -15.701 0.5000000000
5684  -30.151  -80.281  -14.884 0.3000000119
5697  -7.421  -79.504  -16.094 0.6999999881
5702  -20.745  -79.342  -15.958 0.5000000000
5720  -11.172  -79.561  -17.351 0.5000000000
5727  -27.899  -80.057  -17.376 0.4000000060
5774  -4.974  -79.221  -21.062 0.6000000238
5776  -7.601  -79.318  -20.974 0.6000000238
5778  -10.200  -79.351  -20.658 0.5000000000
5797  -6.758  -78.684  -21.710 0.6000000238
5819  -6.300  -78.151  -23.332 0.6999999881
5837  -6.035  -78.648  -23.451 0.6999999881
5860  -9.973  -79.313  -25.575 0.5000000000
5862  -13.258  -79.238  -25.070 0.6000000238
5865  -15.882  -79.294  -25.206 0.5000000000
5878  -16.278  -79.043  -25.879 0.5000000000
5879  -17.185  -79.134  -25.789 0.5000000000
6310  -21.710  -78.737  -9.993 0.3000000119
6326  -21.784  -78.383  -10.706 0.3000000119
6343  -22.641  -78.441  -12.700 0.4000000060
6366  -29.649  -78.914  -14.453 0.3000000119
6378  -8.113  -79.213  -15.743 0.6000000238
6379  -8.792  -79.046  -15.405 0.6000000238
6412  -13.197  -77.840  -17.396 0.5000000000
6427  -5.972  -77.542  -18.234 0.5000000000
6446  -12.624  -78.442  -19.718 0.5000000000
6479  -8.441  -78.247  -22.357 0.6000000238
6521  -7.833  -77.368  -24.170 0.6000000238
6542  -9.227  -77.732  -26.023 0.5000000000
6545  -13.630  -78.597  -25.430 0.6000000238
6548  -18.511  -78.730  -25.619 0.5000000000
6554  -13.472  -77.794  -25.496 0.6000000238
6555  -15.132  -78.777  -25.804 0.5000000000
6557  -16.607  -78.809  -25.917 0.5000000000
7041  -22.496  -77.409  -10.790 0.3000000119
7049  -23.000  -76.974  -11.903 0.4000000060
7067  -24.575  -77.337  -13.425 0.3000000119
7089  -9.924  -77.623  -15.375 0.6999999881
7091  -11.442  -77.918  -14.889 0.6999999881
7103  -13.329  -77.359  -15.907 0.5000000000
7113  -15.616  -77.173  -17.710 0.5000000000
7123  -7.227  -77.057  -18.542 0.6000000238
7155  -15.690  -77.045  -20.630 0.6000000238
7197  -11.547  -77.133  -23.509 0.6000000238
7217  -9.859  -76.893  -24.696 0.5000000000
7218  -10.899  -76.789  -24.499 0.6000000238
7221  -13.804  -76.672  -24.510 0.6000000238
7222  -15.121  -77.164  -24.116 0.6000000238
7234  -9.870  -77.209  -25.632 0.5000000000
7235  -11.286  -76.822  -25.168 0.6000000238
7247  -11.569  -77.342  -25.512 0.5000000000
7249  -14.703  -77.827  -25.495 0.6000000238
7251  -16.174  -78.407  -25.782 0.5000000000
7252  -16.822  -78.219  -25.620 0.5000000000
7735  -23.372  -76.281  -10.865 0.3000000119
7736  -23.926  -75.916  -10.468 0.3000000119
7743  -23.409  -76.325  -11.557 0.4000000060
7762  -23.964  -76.845  -13.023 0.3000000119
7764  -25.352  -76.002  -13.544 0.3000000119
7799  -10.447  -76.983  -15.231 0.6999999881
7841  -7.493  -76.549  -19.409 0.6000000238
7842  -8.385  -76.561  -19.343 0.6999999881
7844  -9.909  -76.038  -18.497 0.6999999881
7862  -6.284  -76.095  -19.643 0.6000000238
7865  -9.283  -76.142  -20.487 0.6000000238
7866  -17.159  -76.732  -19.077 0.5000000000
7867  -17.706  -76.742  -19.491 0.4000000060
7882  -8.510  -75.998  -21.023 0.6999999881
8448  -25.120  -74.989  -12.116 0.3000000119
8462  -24.813  -75.843  -13.051 0.3000000119
8507  -13.475  -75.673  -14.746 0.5000000000
8559  -7.517  -75.545  -20.345 0.5000000000
8569  -8.036  -75.614  -21.019 0.6999999881
9200  -11.885  -74.759  -15.588 0.6000000238
9275  -8.374  -75.338  -21.152 0.6000000238
9281  -9.897  -75.087  -21.835 0.8000000119
9283  -11.357  -74.028  -22.328 0.6999999881
9965  -9.102  -72.822  -15.937 0.6000000238
10038  -12.162  -73.675  -21.946 0.6999999881
10043  -11.725  -73.592  -22.738 0.6999999881
10731  -9.428  -72.292  -15.260 0.6000000238
11547  -9.440  -71.154  -13.775 0.5000000000
11565  -10.055  -71.343  -14.912 0.6000000238
11586  -10.193  -71.628  -15.502 0.6999999881
11646  -6.980  -72.140  -22.346 0.6000000238
11671  -7.838  -72.202  -24.254 0.6000000238
11672  -8.833  -72.333  -24.771 0.6000000238
11673  -9.806  -72.126  -24.196 0.6000000238
12351  -8.807  -70.045  -12.695 0.5000000000
12362  -9.145  -70.547  -13.205 0.5000000000
12382  -9.945  -70.676  -14.705 0.6000000238
12450  -9.504  -70.647  -17.803 0.8000000119
12451  -10.229  -71.018  -18.041 0.6999999881
12465  -10.229  -71.286  -18.881 0.6999999881
12519  -8.796  -71.619  -24.197 0.6000000238
13187  -8.294  -69.274  -11.829 0.5000000000
13200  -8.712  -69.413  -12.438 0.5000000000
13229  -9.629  -69.945  -14.217 0.6000000238
13268  -7.565  -69.656  -16.533 0.6000000238
13270  -9.253  -69.971  -15.732 0.6999999881
13308  -5.475  -69.466  -19.062 0.6000000238
13340  -5.983  -69.799  -20.481 0.5000000000
13358  -6.730  -70.701  -22.799 0.6000000238
14034  -7.394  -68.223  -11.092 0.5000000000
14050  -7.966  -68.790  -11.451 0.5000000000
14064  -8.417  -68.618  -12.226 0.6000000238
14163  -5.288  -68.761  -18.976 0.6000000238
14176  -5.760  -69.046  -20.417 0.5000000000
14885  -6.910  -67.508  -11.113 0.6000000238
14937  -5.483  -68.228  -16.077 0.8000000119
15756  -6.269  -67.298  -10.768 0.6000000238
15783  -5.811  -66.237  -12.995 0.6999999881
15815  -3.934  -66.579  -14.929 0.8000000119
15862  -4.262  -66.616  -17.610 0.5000000000
16665  -3.966  -65.929  -13.613 0.6999999881
16730  -9.045  -65.310  -21.140 0.4000000060
17484  -0.540  -63.717  -14.666 0.6999999881
17508  -0.403  -63.994  -15.483 0.6999999881
17570  -8.816  -64.688  -21.279 0.4000000060
18247  -7.570  -63.324  -11.133 0.3000000119
18284  -0.749  -63.863  -15.988 0.5000000000
18303  -5.888  -63.311  -16.827 0.5000000000
18986  -7.153  -62.597  -9.759 0.3000000119
19012  -8.838  -62.709  -11.356 0.4000000060
19029  -8.472  -62.671  -13.098 0.4000000060
19042  -6.686  -61.679  -14.000 0.4000000060
19782  -8.912  -61.720  -10.672 0.4000000060
19800  -10.885  -61.206  -12.376 0.4000000060
19822  -0.652  -61.367  -14.101 0.6000000238
19838  -2.110  -61.544  -15.277 0.4000000060
19839  -2.935  -61.265  -15.841 0.4000000060
20490  -10.172  -60.898  -11.445 0.4000000060
20517  -2.866  -60.039  -14.447 0.5000000000
20524  -10.498  -60.781  -14.771 0.3000000119
20554  -4.885  -59.794  -16.990 0.5000000000
21186  -10.390  -60.154  -11.677 0.4000000060
22073  -7.354  -57.653  -16.533 0.3000000119
22074  -7.919  -57.909  -16.328 0.3000000119
107955  -24.681  -78.058  -8.684 0.3000000119
108015  -9.069  -79.628  -15.362 0.6000000238
109874  -13.899  -83.122  -17.567 0.6000000238
110132  -6.976  -70.660  -18.876 0.6000000238
110256  -13.416  -77.165  -22.818 0.6000000238
111826  -10.185  -85.321  -21.848 0.6999999881
113053  -4.787  -81.477  -20.314 0.5000000000
113155  -22.641  -84.795  -3.718 0.3000000119
113558  -16.500  -77.598  -24.835 0.5000000000
113616  -23.596  -76.511  -12.311 0.3000000119
113759  -5.960  -79.390  -20.720 0.6000000238
113994  -21.997  -82.280  -15.814 0.5000000000
114028  -8.518  -80.052  -15.595 0.6000000238
114249  -9.502  -71.750  -14.567 0.5000000000
114360  -22.895  -79.940  -13.136 0.4000000060
114730  -23.675  -80.050  -13.254 0.4000000060
114948  -26.848  -79.760  -14.675 0.4000000060
116197  -13.639  -76.681  -23.871 0.6000000238
116542  -27.369  -84.761  -18.780 0.6000000238
117044  -18.598  -83.745  -17.838 0.6999999881
117529  -18.135  -80.650  -15.347 0.4000000060
118156  -15.740  -77.371  -24.627 0.6000000238
118220  -26.099  -88.497  -13.164 0.3000000119
118250  -25.203  -77.840  -13.628 0.3000000119
118323  -8.123  -72.620  -23.328 0.6999999881
118468  -15.342  -77.240  -23.137 0.6000000238
118496  -12.114  -84.388  -19.941 0.6999999881
118590  -11.576  -78.654  -21.040 0.6000000238
118653  -15.710  -77.206  -19.290 0.5000000000
119086  -10.986  -77.778  -25.912 0.5000000000
119831  -26.768  -78.111  -14.177 0.4000000060
119961  -25.959  -77.930  -13.860 0.3000000119
120020  -25.197  -90.705  -10.180 0.3000000119
120171  -6.509  -71.776  -22.739 0.6000000238
120387  -7.310  -81.454  -16.457 0.6999999881
120915  -24.011  -87.893  -13.531 0.3000000119
120964  -22.668  -87.322  -17.020 0.6000000238
121065  -6.881  -77.716  -24.019 0.6000000238
122384  -25.270  -86.816  -13.967 0.6000000238
124610  -24.271  -79.248  -8.227 0.3000000119
124662  -24.106  -92.258  -8.989 0.3000000119
124742  -7.721  -58.637  -12.081 0.3000000119
124827  -8.225  -69.027  -15.276 0.6999999881
124862  -14.024  -77.493  -25.396 0.6000000238
124917  -4.510  -58.681  -12.185 0.3000000119
125266  -10.581  -75.471  -20.897 0.8000000119
125955  -12.300  -78.740  -19.109 0.5000000000
126494  -17.385  -81.965  -15.693 0.6000000238
126638  -27.037  -90.678  -11.298 0.4000000060
126967  -26.356  -80.543  -15.126 0.5000000000
127231  -4.496  -63.199  -16.987 0.5000000000
127839  -23.656  -85.535  -18.273 0.6000000238
128060  -25.590  -88.764  -12.854 0.3000000119
128504  -13.472  -83.028  -17.734 0.6000000238
128671  -13.343  -77.875  -20.891 0.6000000238
128763  -9.067  -72.256  -14.928 0.6000000238
128822  -13.616  -77.863  -18.110 0.5000000000
129172  -27.041  -80.726  -16.907 0.5000000000
129194  -21.550  -79.943  -9.094 0.4000000060
129410  -8.264  -77.359  -24.937 0.6000000238
129415  -16.001  -79.901  -20.830 0.5000000000
129595  -10.550  -85.140  -21.523 0.6999999881
129651  -19.525  -84.522  -15.366 0.5000000000
