#!ascii label  , from subject sub-v1s20x0050380_ses-1 vox2ras=TkReg
1943
58704  -1.655  -15.334  50.334 0.0000000000
72249  33.428  -4.108  21.207 0.0000000000
58774  17.390  -15.684  44.033 0.0000000000
68531  23.321  -6.651  45.884 0.0000000000
60115  9.078  -15.085  41.203 0.0000000000
65073  6.006  -10.307  49.134 0.0000000000
80856  41.119  2.919  12.095 0.0000000000
81738  40.630  4.690  23.697 0.0000000000
68705  28.870  -7.453  33.452 0.0000000000
79825  42.122  2.319  4.298 0.0000000000
57466  16.685  -16.652  51.381 0.0000000000
62612  1.649  -12.805  49.248 0.0000000000
80776  42.063  3.618  18.475 0.0000000000
144404  37.899  0.299  18.460 0.0000000000
73232  32.673  -3.545  26.594 0.0000000000
76394  36.780  -1.029  26.477 0.0000000000
71041  28.015  -5.730  26.634 0.0000000000
68629  20.829  -6.854  39.618 0.0000000000
62659  21.120  -12.231  44.975 0.0000000000
59992  12.947  -14.255  49.057 0.0000000000
63840  11.342  -11.082  52.603 0.0000000000
62690  7.430  -12.518  44.671 0.0000000000
61366  3.097  -14.380  44.088 0.0000000000
57576  13.520  -16.760  43.317 0.0000000000
83724  44.782  6.395  11.675 0.0000000000
84485  44.622  8.523  18.583 0.0000000000
76442  38.935  -0.840  22.597 0.0000000000
73159  28.815  -2.952  32.071 0.0000000000
67486  27.634  -8.532  41.298 0.0000000000
136812  39.554  3.309  7.890 0.0000000000
80881  45.477  3.259  8.960 0.0000000000
76585  47.541  -0.553  8.175 0.0000000000
57429  16.878  -16.031  54.562 0.0000000000
61281  0.113  -13.981  49.971 0.0000000000
65038  0.489  -10.522  52.479 0.0000000000
63846  -0.945  -11.920  53.307 0.0000000000
76525  37.423  -0.717  15.222 0.0000000000
74330  32.061  -2.381  28.810 0.0000000000
142774  34.340  -1.584  28.454 0.0000000000
133092  -4.968  -17.459  54.004 0.0000000000
69931  28.251  -6.690  23.558 0.0000000000
60130  19.186  -13.905  40.004 0.0000000000
64020  20.102  -11.703  40.558 0.0000000000
61338  18.039  -13.604  44.865 0.0000000000
60041  10.747  -14.535  45.501 0.0000000000
61301  10.246  -13.119  47.408 0.0000000000
61362  8.176  -13.940  43.005 0.0000000000
58789  11.558  -16.215  42.908 0.0000000000
58755  13.047  -15.509  46.414 0.0000000000
128520  8.580  -10.481  50.642 0.0000000000
82811  43.584  4.627  12.101 0.0000000000
147920  44.758  7.257  14.723 0.0000000000
81824  43.460  4.880  15.412 0.0000000000
81775  40.176  4.742  21.141 0.0000000000
83639  42.002  7.249  20.987 0.0000000000
136012  33.328  -3.711  18.404 0.0000000000
133344  35.954  -2.207  19.131 0.0000000000
74428  35.916  -3.035  21.493 0.0000000000
69843  26.803  -6.671  30.045 0.0000000000
72120  26.966  -4.324  30.132 0.0000000000
70970  29.624  -5.313  32.413 0.0000000000
69699  22.006  -7.700  42.082 0.0000000000
67508  23.720  -8.290  40.358 0.0000000000
69695  25.275  -6.599  43.344 0.0000000000
79776  38.274  2.825  10.381 0.0000000000
80912  37.216  2.942  7.632 0.0000000000
81877  39.909  4.596  9.583 0.0000000000
82851  41.470  5.634  8.203 0.0000000000
77651  46.244  0.190  6.169 0.0000000000
77653  44.300  0.615  6.477 0.0000000000
78673  47.220  1.600  8.995 0.0000000000
128839  43.437  0.520  8.487 0.0000000000
56277  17.595  -17.459  47.224 0.0000000000
140432  19.889  -16.005  47.258 0.0000000000
55115  19.581  -18.347  51.736 0.0000000000
63889  3.379  -11.180  48.136 0.0000000000
67351  5.173  -8.591  52.555 0.0000000000
67368  2.760  -8.881  51.954 0.0000000000
131387  39.741  1.140  13.096 0.0000000000
79727  42.313  2.629  15.601 0.0000000000
77581  40.164  0.591  15.355 0.0000000000
78594  40.136  1.509  18.473 0.0000000000
79677  39.179  2.847  20.601 0.0000000000
73278  32.980  -3.967  23.780 0.0000000000
74369  35.176  -2.306  24.088 0.0000000000
75388  34.741  -2.338  26.959 0.0000000000
130943  27.420  -9.632  34.984 0.0000000000
71960  26.041  -4.611  45.253 0.0000000000
57484  -2.567  -16.723  50.642 0.0000000000
59936  -2.920  -14.250  53.394 0.0000000000
58669  -4.116  -15.755  53.780 0.0000000000
71125  30.495  -5.429  20.607 0.0000000000
71090  30.503  -5.668  23.605 0.0000000000
72181  30.312  -4.922  26.775 0.0000000000
74331  30.054  -2.761  28.785 0.0000000000
140043  18.530  -7.550  39.238 0.0000000000
66350  20.239  -9.296  42.131 0.0000000000
132448  21.732  -9.285  45.192 0.0000000000
61299  18.602  -13.086  47.977 0.0000000000
65087  20.080  -10.126  48.375 0.0000000000
59931  14.882  -14.035  53.434 0.0000000000
62519  13.853  -13.324  55.218 0.0000000000
62595  12.365  -12.674  50.858 0.0000000000
63886  9.233  -11.718  48.766 0.0000000000
63907  6.522  -11.187  46.848 0.0000000000
61403  5.848  -13.406  41.246 0.0000000000
62713  4.952  -12.660  43.640 0.0000000000
63955  4.138  -11.837  45.996 0.0000000000
61314  2.575  -13.549  46.547 0.0000000000
130143  0.928  -14.972  46.784 0.0000000000
58758  -1.070  -16.080  47.071 0.0000000000
58831  17.070  -15.324  40.572 0.0000000000
132689  14.689  -16.434  40.046 0.0000000000
57561  16.361  -17.043  43.910 0.0000000000
57516  15.315  -16.893  47.737 0.0000000000
58700  14.800  -15.508  50.460 0.0000000000
85391  46.508  8.497  17.910 0.0000000000
82726  43.107  6.014  18.853 0.0000000000
77540  34.750  0.038  18.158 0.0000000000
76465  38.266  -0.181  20.117 0.0000000000
140130  40.860  1.237  23.241 0.0000000000
76413  37.631  -0.301  24.279 0.0000000000
78501  39.667  2.072  25.976 0.0000000000
71044  25.112  -5.384  26.842 0.0000000000
74321  27.211  -2.226  29.282 0.0000000000
131704  29.347  -0.901  31.557 0.0000000000
145765  26.181  -9.923  38.246 0.0000000000
67547  28.667  -8.506  37.311 0.0000000000
70853  28.490  -5.545  43.042 0.0000000000
69721  30.639  -6.741  40.550 0.0000000000
69772  30.779  -6.314  36.459 0.0000000000
73127  31.305  -3.672  35.616 0.0000000000
76299  30.685  -0.591  35.416 0.0000000000
78701  40.378  1.589  5.671 0.0000000000
80898  42.391  3.788  8.156 0.0000000000
83754  44.419  6.032  8.153 0.0000000000
57411  17.167  -16.795  56.548 0.0000000000
59982  -0.549  -14.330  50.341 0.0000000000
62585  -0.089  -12.730  51.763 0.0000000000
61253  -1.007  -13.748  51.838 0.0000000000
135062  31.417  -1.169  29.883 0.0000000000
75356  32.368  -0.896  29.597 0.0000000000
52734  -5.083  -20.252  52.892 0.0000000000
145923  18.160  -14.427  41.401 0.0000000000
61394  19.063  -13.978  42.031 0.0000000000
60049  17.722  -14.156  44.354 0.0000000000
58790  9.915  -15.246  43.290 0.0000000000
60066  9.333  -14.704  43.628 0.0000000000
60096  8.654  -14.623  41.625 0.0000000000
146341  10.420  -16.059  40.399 0.0000000000
58803  10.494  -16.085  41.923 0.0000000000
58776  11.295  -15.377  44.342 0.0000000000
65058  7.224  -10.165  50.194 0.0000000000
145071  7.021  -9.453  51.646 0.0000000000
80862  42.379  3.752  11.926 0.0000000000
137234  43.609  4.600  13.643 0.0000000000
80832  43.257  3.906  13.837 0.0000000000
81752  40.278  5.243  22.160 0.0000000000
137488  41.194  6.175  23.093 0.0000000000
73325  33.236  -4.087  20.204 0.0000000000
73323  34.881  -3.536  20.674 0.0000000000
137980  34.241  -3.655  21.391 0.0000000000
135691  27.499  -8.474  32.006 0.0000000000
68727  27.959  -7.412  31.355 0.0000000000
69830  28.750  -6.254  31.600 0.0000000000
69815  29.303  -6.547  32.790 0.0000000000
68575  22.534  -7.464  43.670 0.0000000000
69697  23.566  -7.381  43.056 0.0000000000
69683  23.852  -6.713  43.731 0.0000000000
79766  39.571  2.769  11.409 0.0000000000
130251  38.669  3.466  9.934 0.0000000000
80864  40.330  3.702  10.972 0.0000000000
81868  41.865  4.371  11.200 0.0000000000
78706  44.439  1.578  4.818 0.0000000000
77662  43.717  0.858  6.010 0.0000000000
145273  43.732  0.380  7.780 0.0000000000
146604  42.440  1.034  6.061 0.0000000000
56255  16.892  -17.041  49.672 0.0000000000
56253  18.977  -17.679  49.606 0.0000000000
56224  17.955  -17.809  51.644 0.0000000000
63877  2.482  -11.225  49.315 0.0000000000
66255  3.106  -9.955  49.961 0.0000000000
66238  2.055  -9.978  50.920 0.0000000000
67339  0.117  -8.848  54.170 0.0000000000
68429  1.174  -8.100  54.205 0.0000000000
77607  38.194  0.326  12.889 0.0000000000
78633  39.803  0.705  13.764 0.0000000000
77583  38.724  -0.061  14.363 0.0000000000
77567  37.712  -0.425  17.080 0.0000000000
145945  39.169  0.272  17.016 0.0000000000
78612  38.758  1.147  18.516 0.0000000000
79685  39.252  2.529  20.121 0.0000000000
78575  38.423  1.393  19.514 0.0000000000
124557  32.975  -3.686  25.130 0.0000000000
74371  33.952  -3.030  24.887 0.0000000000
74351  33.450  -3.011  26.701 0.0000000000
78660  37.719  0.922  11.157 0.0000000000
57458  -3.056  -16.318  51.912 0.0000000000
130787  -3.632  -17.699  52.371 0.0000000000
69972  29.035  -6.086  20.842 0.0000000000
71102  30.492  -5.664  22.624 0.0000000000
147939  29.366  -6.124  22.744 0.0000000000
69900  27.992  -6.627  25.059 0.0000000000
71059  29.312  -5.921  25.624 0.0000000000
72182  29.430  -5.109  26.991 0.0000000000
73218  30.303  -3.926  27.843 0.0000000000
73220  28.592  -3.821  27.762 0.0000000000
67551  17.929  -8.274  38.427 0.0000000000
62721  21.231  -11.962  42.512 0.0000000000
65192  20.033  -10.159  41.566 0.0000000000
65181  21.101  -10.730  42.929 0.0000000000
66333  20.989  -9.053  43.346 0.0000000000
65163  21.593  -10.714  44.533 0.0000000000
58710  20.703  -16.081  49.495 0.0000000000
60003  19.145  -14.384  47.859 0.0000000000
59989  19.849  -14.213  49.632 0.0000000000
63863  19.088  -11.189  50.437 0.0000000000
66267  20.952  -9.026  48.223 0.0000000000
59962  14.020  -14.139  51.256 0.0000000000
61244  13.622  -13.452  51.709 0.0000000000
61277  12.471  -13.568  49.616 0.0000000000
62665  8.175  -12.791  45.297 0.0000000000
62632  9.564  -12.604  47.546 0.0000000000
62633  8.349  -12.115  46.880 0.0000000000
63905  7.742  -11.645  47.155 0.0000000000
63951  7.029  -11.716  45.922 0.0000000000
132481  6.602  -13.304  40.463 0.0000000000
60068  3.295  -14.700  43.193 0.0000000000
61385  4.736  -13.782  42.349 0.0000000000
62714  4.147  -13.067  43.987 0.0000000000
62693  4.659  -12.406  44.437 0.0000000000
61324  3.264  -13.268  45.260 0.0000000000
62648  3.462  -12.296  46.412 0.0000000000
61325  2.735  -13.780  45.741 0.0000000000
143633  -0.049  -15.352  47.118 0.0000000000
60154  18.497  -14.421  38.649 0.0000000000
58844  17.207  -15.378  38.609 0.0000000000
126008  13.166  -16.653  41.333 0.0000000000
57585  14.407  -16.770  42.435 0.0000000000
57584  15.194  -16.625  42.308 0.0000000000
146050  14.703  -17.030  43.773 0.0000000000
57562  15.544  -17.270  45.191 0.0000000000
57550  14.745  -16.975  45.509 0.0000000000
60005  13.103  -14.822  48.183 0.0000000000
58727  13.811  -15.459  48.492 0.0000000000
59991  13.605  -14.667  49.620 0.0000000000
59945  15.213  -14.948  52.136 0.0000000000
63807  12.896  -12.002  54.345 0.0000000000
61201  -3.633  -13.664  54.342 0.0000000000
62535  -2.920  -12.591  54.406 0.0000000000
84539  45.328  8.333  13.177 0.0000000000
130588  44.972  7.863  16.614 0.0000000000
84501  45.531  8.587  16.532 0.0000000000
85392  45.676  8.707  18.323 0.0000000000
84475  45.643  8.207  19.789 0.0000000000
80813  42.097  3.105  17.025 0.0000000000
81813  42.838  4.339  16.956 0.0000000000
82734  42.645  5.167  18.985 0.0000000000
127297  42.822  8.121  21.463 0.0000000000
74426  37.628  -2.317  20.928 0.0000000000
75468  37.001  -1.121  19.417 0.0000000000
75458  39.284  -0.800  21.118 0.0000000000
77503  39.723  0.628  21.410 0.0000000000
77487  40.058  0.098  22.598 0.0000000000
75397  35.693  -1.830  25.492 0.0000000000
128184  36.265  -1.540  24.005 0.0000000000
76404  37.297  -0.426  25.901 0.0000000000
71046  24.013  -5.678  27.294 0.0000000000
73175  28.172  -4.012  31.054 0.0000000000
73187  26.360  -3.362  29.176 0.0000000000
73167  27.778  -2.225  30.861 0.0000000000
75337  28.034  -1.686  30.489 0.0000000000
75322  28.789  -1.412  31.983 0.0000000000
68646  20.611  -6.945  38.612 0.0000000000
68644  21.996  -7.810  38.712 0.0000000000
67506  25.514  -8.736  40.760 0.0000000000
66377  24.754  -9.449  39.249 0.0000000000
66375  26.533  -9.439  39.458 0.0000000000
66394  27.441  -9.431  38.407 0.0000000000
67518  28.225  -8.843  39.483 0.0000000000
71973  27.286  -4.912  44.225 0.0000000000
70884  31.991  -5.717  39.536 0.0000000000
69750  30.842  -6.997  38.782 0.0000000000
138980  31.848  -5.827  37.817 0.0000000000
70931  31.081  -5.266  35.690 0.0000000000
72037  31.970  -4.504  37.239 0.0000000000
80911  38.209  2.860  7.648 0.0000000000
78689  39.462  1.818  7.034 0.0000000000
78686  41.242  1.614  8.236 0.0000000000
80900  40.927  3.195  7.942 0.0000000000
82838  43.291  6.138  9.346 0.0000000000
82855  43.145  6.022  7.779 0.0000000000
83741  44.729  6.437  9.346 0.0000000000
84561  46.351  7.296  9.680 0.0000000000
76592  47.022  -0.601  7.546 0.0000000000
79785  46.110  2.424  9.117 0.0000000000
80879  47.477  3.804  8.527 0.0000000000
81891  47.267  5.246  8.266 0.0000000000
57453  16.837  -16.494  52.651 0.0000000000
143264  17.685  -17.416  53.181 0.0000000000
57428  17.339  -16.826  54.300 0.0000000000
62613  1.136  -13.016  49.851 0.0000000000
65062  1.252  -11.094  51.023 0.0000000000
62584  0.475  -12.315  51.439 0.0000000000
65039  -0.090  -10.927  52.979 0.0000000000
66191  -0.667  -10.021  54.181 0.0000000000
76527  35.626  -1.430  15.728 0.0000000000
76492  35.833  -0.314  17.644 0.0000000000
74342  32.513  -2.925  28.004 0.0000000000
74341  33.338  -2.737  27.688 0.0000000000
75368  32.731  -1.535  28.997 0.0000000000
76364  33.324  -0.515  29.190 0.0000000000
56220  -4.053  -18.273  52.877 0.0000000000
55111  -4.153  -19.048  52.696 0.0000000000
53950  -5.989  -19.007  53.953 0.0000000000
69948  27.649  -6.857  22.404 0.0000000000
69901  27.098  -6.667  25.303 0.0000000000
65231  18.951  -10.929  38.632 0.0000000000
61413  20.310  -12.997  40.617 0.0000000000
61376  20.621  -13.096  42.161 0.0000000000
62683  19.808  -12.946  44.793 0.0000000000
60018  11.751  -14.218  47.306 0.0000000000
128405  11.284  -13.722  47.636 0.0000000000
61311  10.479  -14.051  46.193 0.0000000000
61339  8.803  -13.804  44.479 0.0000000000
61341  7.715  -13.011  43.988 0.0000000000
60054  2.454  -14.773  44.556 0.0000000000
140700  1.312  -15.587  43.564 0.0000000000
149954  12.065  -16.599  40.943 0.0000000000
57578  12.363  -16.512  42.893 0.0000000000
57552  13.497  -16.346  45.021 0.0000000000
58765  12.715  -15.767  45.065 0.0000000000
58756  12.328  -14.971  46.333 0.0000000000
65046  10.049  -10.680  51.753 0.0000000000
141846  43.991  5.237  11.982 0.0000000000
84540  44.908  7.534  13.378 0.0000000000
82789  44.132  5.902  13.986 0.0000000000
83697  44.188  6.121  14.920 0.0000000000
83669  44.173  6.327  16.615 0.0000000000
81785  41.217  4.480  20.207 0.0000000000
82728  41.645  5.410  20.397 0.0000000000
82716  41.201  6.111  21.022 0.0000000000
83622  42.344  7.264  22.654 0.0000000000
74465  33.909  -2.261  17.864 0.0000000000
74447  34.905  -2.905  18.765 0.0000000000
74437  36.199  -3.128  20.597 0.0000000000
74403  37.183  -2.348  21.949 0.0000000000
77439  37.910  -0.057  26.536 0.0000000000
69852  24.864  -6.323  28.650 0.0000000000
70995  24.869  -5.338  28.306 0.0000000000
137212  26.985  -5.828  30.082 0.0000000000
72118  28.305  -4.907  30.998 0.0000000000
73158  29.449  -3.782  32.404 0.0000000000
69709  21.621  -7.623  41.174 0.0000000000
68616  22.365  -7.451  40.444 0.0000000000
68603  22.555  -7.733  41.175 0.0000000000
133730  24.558  -7.867  41.997 0.0000000000
68599  26.438  -7.957  42.106 0.0000000000
79789  36.832  2.805  9.316 0.0000000000
138362  35.556  3.272  7.575 0.0000000000
80885  37.169  3.243  8.824 0.0000000000
80884  38.169  3.580  8.796 0.0000000000
81896  39.455  4.263  8.498 0.0000000000
81906  40.675  4.605  7.879 0.0000000000
82840  40.838  5.481  8.910 0.0000000000
82829  41.893  5.540  9.863 0.0000000000
79822  45.155  1.902  4.122 0.0000000000
77652  45.196  0.411  6.579 0.0000000000
76593  46.085  -0.128  7.978 0.0000000000
137481  47.085  0.117  8.651 0.0000000000
77638  45.402  0.233  8.533 0.0000000000
78675  45.357  1.231  9.332 0.0000000000
79787  44.325  2.094  9.418 0.0000000000
56309  17.807  -17.083  45.096 0.0000000000
57546  18.848  -15.907  45.750 0.0000000000
125933  19.093  -17.387  47.709 0.0000000000
125225  20.127  -17.468  49.649 0.0000000000
56223  20.528  -17.675  51.603 0.0000000000
138047  4.698  -10.574  48.233 0.0000000000
66218  5.668  -9.321  51.306 0.0000000000
66235  4.327  -9.595  50.521 0.0000000000
137507  3.935  -8.377  52.671 0.0000000000
66205  1.371  -9.358  52.363 0.0000000000
124947  2.465  -7.879  54.145 0.0000000000
78651  40.177  1.667  12.782 0.0000000000
79744  42.444  2.506  13.996 0.0000000000
78631  41.293  1.476  14.033 0.0000000000
78627  41.399  1.433  14.971 0.0000000000
128304  41.602  2.371  17.478 0.0000000000
77574  38.802  -0.095  15.372 0.0000000000
78610  40.382  1.333  17.495 0.0000000000
79716  41.375  2.343  18.501 0.0000000000
79684  39.938  2.893  20.228 0.0000000000
81763  39.900  4.160  21.116 0.0000000000
80735  39.891  3.910  22.178 0.0000000000
73293  32.971  -4.121  22.927 0.0000000000
73291  34.130  -3.186  23.151 0.0000000000
73276  34.028  -3.067  24.014 0.0000000000
74359  35.105  -2.248  25.033 0.0000000000
139219  35.715  -1.839  26.333 0.0000000000
75381  34.728  -1.940  27.781 0.0000000000
75380  35.579  -1.514  27.814 0.0000000000
76387  36.250  -1.179  27.839 0.0000000000
67598  27.937  -8.650  33.675 0.0000000000
69661  24.386  -5.732  45.338 0.0000000000
79790  35.611  2.545  9.368 0.0000000000
79768  37.966  1.932  10.811 0.0000000000
141849  39.179  2.049  11.739 0.0000000000
126859  43.090  4.500  3.285 0.0000000000
82878  41.866  4.996  3.151 0.0000000000
58705  -2.081  -16.191  49.877 0.0000000000
59969  -2.147  -14.903  51.822 0.0000000000
58676  -2.675  -15.653  51.832 0.0000000000
59953  -3.141  -14.999  53.121 0.0000000000
61203  -4.932  -13.994  54.994 0.0000000000
131308  -4.517  -17.067  53.734 0.0000000000
125872  31.924  -4.878  19.980 0.0000000000
72263  30.744  -5.148  19.734 0.0000000000
126147  32.101  -4.936  20.779 0.0000000000
72239  31.799  -4.959  22.741 0.0000000000
71089  31.618  -4.984  23.741 0.0000000000
72204  32.034  -4.431  25.230 0.0000000000
132536  29.725  -6.017  23.930 0.0000000000
72206  30.634  -5.180  25.956 0.0000000000
72155  31.427  -4.048  27.078 0.0000000000
73217  31.165  -3.775  27.713 0.0000000000
144880  31.031  -2.697  28.855 0.0000000000
75357  30.532  -1.563  29.829 0.0000000000
69725  19.497  -6.811  39.460 0.0000000000
133545  19.121  -9.784  40.068 0.0000000000
67509  19.363  -7.865  40.386 0.0000000000
68618  20.477  -7.274  40.538 0.0000000000
68590  20.822  -7.893  42.087 0.0000000000
67464  21.588  -8.351  43.717 0.0000000000
67454  22.395  -7.888  45.145 0.0000000000
58754  18.322  -14.729  46.124 0.0000000000
125350  18.129  -13.477  46.219 0.0000000000
62643  19.108  -12.444  46.350 0.0000000000
61275  19.405  -12.516  50.031 0.0000000000
63903  18.751  -12.172  48.323 0.0000000000
65131  20.725  -11.242  47.056 0.0000000000
65107  21.207  -10.008  47.384 0.0000000000
67432  21.756  -8.967  46.591 0.0000000000
68510  22.281  -7.479  47.284 0.0000000000
59909  15.445  -14.539  55.538 0.0000000000
61210  14.275  -13.349  53.728 0.0000000000
62561  13.323  -12.478  53.136 0.0000000000
63854  12.057  -11.934  51.904 0.0000000000
62621  11.037  -12.818  49.057 0.0000000000
62610  10.605  -12.285  49.493 0.0000000000
63865  10.491  -11.459  50.659 0.0000000000
63876  8.771  -11.247  49.056 0.0000000000
65094  7.347  -10.811  48.673 0.0000000000
132349  5.994  -10.758  47.803 0.0000000000
61420  7.482  -13.432  40.764 0.0000000000
139394  6.534  -12.983  41.570 0.0000000000
62726  6.271  -12.607  42.744 0.0000000000
131138  4.856  -14.020  41.625 0.0000000000
62728  5.243  -13.008  42.804 0.0000000000
63990  6.039  -11.926  44.006 0.0000000000
63975  5.673  -11.871  44.500 0.0000000000
63930  5.351  -11.231  46.082 0.0000000000
65118  4.716  -10.907  47.329 0.0000000000
63909  3.643  -11.440  47.473 0.0000000000
63910  3.073  -11.753  47.794 0.0000000000
62635  2.121  -13.123  47.992 0.0000000000
132529  1.893  -14.736  45.854 0.0000000000
61315  2.013  -13.987  46.938 0.0000000000
61291  1.657  -13.440  48.572 0.0000000000
60010  0.562  -14.530  48.457 0.0000000000
60011  -0.161  -14.832  48.731 0.0000000000
58733  -1.343  -15.836  48.621 0.0000000000
57496  -1.783  -16.204  49.040 0.0000000000
57497  -2.171  -16.865  48.970 0.0000000000
61449  19.322  -13.295  38.468 0.0000000000
60131  18.516  -14.403  39.590 0.0000000000
58801  16.828  -15.322  42.344 0.0000000000
57608  15.911  -16.076  40.894 0.0000000000
57594  16.270  -15.873  41.738 0.0000000000
57560  17.001  -16.471  43.873 0.0000000000
56310  17.037  -17.404  45.472 0.0000000000
133437  16.726  -17.228  47.848 0.0000000000
57502  16.101  -16.879  49.267 0.0000000000
57518  14.039  -16.148  47.192 0.0000000000
57491  14.997  -16.314  49.282 0.0000000000
127441  16.176  -16.107  51.478 0.0000000000
58686  15.666  -15.567  51.759 0.0000000000
58651  16.055  -14.961  54.456 0.0000000000
136647  -2.034  -13.084  53.401 0.0000000000
63814  -1.729  -11.310  54.454 0.0000000000
85449  45.735  8.882  14.964 0.0000000000
81825  42.845  4.077  15.965 0.0000000000
82752  43.679  5.628  16.972 0.0000000000
83654  43.740  6.767  18.393 0.0000000000
83638  42.523  7.014  20.235 0.0000000000
127032  43.453  8.488  20.335 0.0000000000
85365  44.236  8.857  20.304 0.0000000000
76511  34.331  -0.710  17.204 0.0000000000
77551  36.152  0.202  18.122 0.0000000000
75481  35.539  -1.222  18.650 0.0000000000
77524  36.386  -0.045  18.746 0.0000000000
78576  38.097  0.695  19.241 0.0000000000
78574  38.395  1.483  20.274 0.0000000000
79663  40.128  2.169  22.143 0.0000000000
79638  41.013  2.639  23.582 0.0000000000
74383  35.274  -2.427  23.195 0.0000000000
75419  36.820  -1.452  23.381 0.0000000000
76429  38.465  -0.487  23.476 0.0000000000
77448  37.896  0.279  25.657 0.0000000000
77457  38.747  0.566  24.523 0.0000000000
77477  39.093  0.177  23.805 0.0000000000
77455  40.614  1.091  23.863 0.0000000000
79626  41.091  2.618  25.039 0.0000000000
126475  25.329  -6.689  25.460 0.0000000000
71043  26.061  -5.474  26.725 0.0000000000
72141  25.631  -4.292  28.303 0.0000000000
149009  26.414  -3.746  27.995 0.0000000000
149768  27.371  -3.719  27.798 0.0000000000
74333  28.162  -2.654  28.540 0.0000000000
76368  29.107  -1.405  30.085 0.0000000000
76355  29.953  -0.561  31.371 0.0000000000
67523  23.484  -8.632  39.464 0.0000000000
66431  26.637  -10.043  37.088 0.0000000000
66429  27.953  -9.057  36.087 0.0000000000
67574  29.150  -7.843  35.977 0.0000000000
70841  25.402  -5.803  43.989 0.0000000000
69694  26.614  -6.685  43.101 0.0000000000
68583  27.939  -7.359  42.311 0.0000000000
145906  29.619  -6.011  41.787 0.0000000000
68613  29.553  -7.903  40.667 0.0000000000
68643  29.718  -7.820  38.838 0.0000000000
68657  29.799  -7.503  37.271 0.0000000000
143538  30.004  -6.727  34.889 0.0000000000
70945  30.518  -5.494  34.396 0.0000000000
134147  30.669  -4.885  34.207 0.0000000000
73140  30.593  -3.521  34.045 0.0000000000
73091  31.929  -2.991  37.086 0.0000000000
74262  31.181  -2.214  35.732 0.0000000000
75306  29.973  -1.682  34.041 0.0000000000
76324  29.671  -0.347  33.551 0.0000000000
125865  40.975  4.149  3.455 0.0000000000
143847  41.164  1.563  5.402 0.0000000000
77647  42.184  0.692  7.811 0.0000000000
78678  42.627  2.037  9.157 0.0000000000
80897  43.663  3.297  8.864 0.0000000000
135609  41.856  4.677  7.722 0.0000000000
81894  43.757  4.872  7.676 0.0000000000
147909  45.393  5.257  7.921 0.0000000000
83752  46.526  6.188  8.642 0.0000000000
58635  16.042  -15.616  56.516 0.0000000000
57412  16.526  -16.257  56.588 0.0000000000
59999  -1.056  -14.913  49.896 0.0000000000
61268  -0.765  -14.054  51.105 0.0000000000
59983  -1.219  -14.663  50.698 0.0000000000
137472  31.100  -0.582  30.503 0.0000000000
76365  31.887  -0.309  30.115 0.0000000000
60064  17.318  -14.804  42.937 0.0000000000
60077  17.878  -14.339  42.644 0.0000000000
126728  17.379  -14.818  43.834 0.0000000000
60095  9.125  -15.104  41.999 0.0000000000
60079  9.196  -14.965  42.833 0.0000000000
58819  9.705  -15.630  41.521 0.0000000000
58804  9.807  -15.546  42.416 0.0000000000
65059  6.384  -10.050  49.919 0.0000000000
126768  7.160  -9.750  51.016 0.0000000000
66233  6.643  -9.827  50.579 0.0000000000
130891  41.934  3.092  12.372 0.0000000000
80855  42.676  3.333  12.707 0.0000000000
79756  42.239  2.730  13.154 0.0000000000
81751  40.601  5.440  22.995 0.0000000000
82687  41.190  5.645  24.084 0.0000000000
73324  34.029  -3.746  20.421 0.0000000000
67605  28.386  -7.956  33.023 0.0000000000
68714  28.107  -7.831  32.070 0.0000000000
68713  28.783  -7.208  32.632 0.0000000000
69816  28.945  -6.630  32.205 0.0000000000
68712  29.210  -6.970  33.229 0.0000000000
68547  23.230  -6.871  44.991 0.0000000000
69671  23.145  -6.917  44.084 0.0000000000
69670  23.674  -6.556  44.475 0.0000000000
79765  40.339  2.803  11.831 0.0000000000
129628  40.137  3.238  11.324 0.0000000000
133471  40.718  3.404  11.465 0.0000000000
80863  41.507  3.595  11.651 0.0000000000
79824  43.029  2.241  4.309 0.0000000000
78708  42.520  1.717  4.858 0.0000000000
78699  42.989  1.267  5.593 0.0000000000
56226  16.957  -16.978  50.622 0.0000000000
136257  17.782  -17.551  50.870 0.0000000000
56225  17.278  -17.213  51.492 0.0000000000
63891  2.024  -11.986  49.214 0.0000000000
65078  2.306  -10.841  49.905 0.0000000000
63878  1.935  -11.460  49.907 0.0000000000
77608  37.534  -0.048  12.428 0.0000000000
77593  38.505  0.120  13.550 0.0000000000
77594  37.711  -0.018  13.334 0.0000000000
77550  37.660  0.129  17.907 0.0000000000
123992  38.469  0.137  17.510 0.0000000000
128470  38.295  0.650  18.249 0.0000000000
78596  38.709  1.383  19.067 0.0000000000
78597  38.306  0.849  18.845 0.0000000000
73250  32.458  -3.923  25.749 0.0000000000
73249  33.152  -3.437  25.857 0.0000000000
57473  -3.250  -17.120  51.804 0.0000000000
69973  28.309  -6.322  20.540 0.0000000000
69959  29.196  -6.142  21.599 0.0000000000
69960  28.471  -6.418  21.436 0.0000000000
71040  28.952  -5.666  26.470 0.0000000000
72183  28.486  -5.114  27.114 0.0000000000
72158  28.981  -4.514  27.500 0.0000000000
62703  21.331  -12.081  43.283 0.0000000000
63985  21.313  -11.400  43.089 0.0000000000
63968  21.441  -11.479  43.854 0.0000000000
65171  21.366  -10.712  43.569 0.0000000000
63943  21.437  -11.566  45.340 0.0000000000
58698  20.713  -15.833  50.594 0.0000000000
58711  20.234  -15.109  49.102 0.0000000000
59988  20.457  -15.059  50.029 0.0000000000
61276  13.188  -13.960  49.978 0.0000000000
61260  13.394  -13.720  50.835 0.0000000000
62646  8.294  -12.453  46.099 0.0000000000
62647  7.565  -12.207  45.597 0.0000000000
63928  7.696  -11.915  46.378 0.0000000000
63973  6.861  -11.900  45.125 0.0000000000
61365  3.770  -13.942  43.635 0.0000000000
62694  3.903  -12.777  44.799 0.0000000000
61342  3.534  -13.609  44.474 0.0000000000
61343  2.889  -14.046  44.918 0.0000000000
57586  13.624  -16.771  42.661 0.0000000000
124911  13.758  -16.702  41.890 0.0000000000
57575  14.198  -16.888  43.230 0.0000000000
57563  14.913  -17.094  44.558 0.0000000000
127436  14.219  -16.763  44.996 0.0000000000
130931  13.498  -14.910  48.924 0.0000000000
59976  13.803  -14.405  50.426 0.0000000000
130784  12.355  -11.606  53.337 0.0000000000
62526  -4.305  -12.492  55.313 0.0000000000
84549  45.130  7.308  11.970 0.0000000000
145998  45.518  8.371  12.295 0.0000000000
139640  45.070  7.667  12.719 0.0000000000
128808  44.755  8.213  17.866 0.0000000000
84492  45.147  8.398  17.331 0.0000000000
85408  45.168  8.688  18.109 0.0000000000
85379  45.668  8.607  19.079 0.0000000000
85393  45.044  8.829  18.878 0.0000000000
80796  42.407  3.796  17.610 0.0000000000
81792  42.455  4.359  18.549 0.0000000000
126446  38.515  -1.501  22.066 0.0000000000
75451  38.360  -1.738  21.140 0.0000000000
75435  39.244  -1.040  21.846 0.0000000000
76441  39.608  -0.495  22.273 0.0000000000
75396  36.264  -1.452  25.978 0.0000000000
76405  36.720  -0.928  25.657 0.0000000000
71022  24.008  -5.823  27.528 0.0000000000
73166  28.237  -3.023  31.399 0.0000000000
142970  27.702  -3.099  30.831 0.0000000000
74298  28.414  -2.116  31.665 0.0000000000
74290  28.968  -2.095  32.387 0.0000000000
68645  21.327  -7.490  38.403 0.0000000000
134642  21.453  -7.147  39.170 0.0000000000
67505  26.382  -8.764  40.856 0.0000000000
66362  26.011  -9.138  40.133 0.0000000000
67504  27.587  -8.824  40.538 0.0000000000
67519  27.456  -9.115  39.731 0.0000000000
141547  28.109  -8.802  40.169 0.0000000000
70874  31.699  -5.365  40.409 0.0000000000
70892  32.051  -5.859  38.601 0.0000000000
70902  32.457  -5.161  38.027 0.0000000000
70903  31.735  -5.356  37.245 0.0000000000
126789  38.997  2.647  7.536 0.0000000000
126652  38.552  2.275  6.976 0.0000000000
79803  39.801  2.421  7.662 0.0000000000
79800  40.646  2.370  7.927 0.0000000000
80910  40.314  3.510  7.903 0.0000000000
82826  44.131  5.828  10.657 0.0000000000
83732  44.086  6.203  9.762 0.0000000000
83731  44.752  6.304  10.558 0.0000000000
141774  45.874  7.411  10.536 0.0000000000
76596  47.006  -0.469  6.647 0.0000000000
76591  48.083  -1.149  7.454 0.0000000000
76584  48.730  -0.647  8.000 0.0000000000
80880  46.475  3.521  8.734 0.0000000000
147464  47.644  4.604  8.315 0.0000000000
80894  46.827  4.500  8.340 0.0000000000
57442  16.847  -16.294  53.643 0.0000000000
61280  0.776  -13.689  49.617 0.0000000000
62599  0.917  -12.497  50.636 0.0000000000
61266  0.565  -13.353  50.351 0.0000000000
62567  -0.335  -12.467  52.381 0.0000000000
63857  0.090  -12.064  52.078 0.0000000000
63845  -0.323  -11.820  52.822 0.0000000000
65026  -0.393  -10.484  53.645 0.0000000000
63827  -0.642  -11.272  53.496 0.0000000000
76509  36.265  -1.163  16.632 0.0000000000
76510  35.218  -1.114  17.010 0.0000000000
74329  33.061  -2.275  28.470 0.0000000000
53984  -3.924  -19.424  51.469 0.0000000000
53961  -5.377  -19.772  53.419 0.0000000000
61429  19.625  -13.129  39.173 0.0000000000
62760  19.776  -12.506  39.500 0.0000000000
61414  19.833  -13.464  40.300 0.0000000000
61359  18.275  -13.723  43.893 0.0000000000
61377  19.764  -13.606  42.374 0.0000000000
61358  19.348  -13.462  43.386 0.0000000000
61357  20.393  -13.161  43.023 0.0000000000
61337  19.021  -13.309  44.340 0.0000000000
60029  11.659  -14.497  46.607 0.0000000000
60030  11.084  -14.390  46.215 0.0000000000
60067  8.692  -14.404  43.264 0.0000000000
60053  8.900  -14.220  43.900 0.0000000000
61340  8.281  -13.725  43.770 0.0000000000
62689  8.184  -13.193  44.555 0.0000000000
61363  7.539  -13.275  43.173 0.0000000000
57599  10.882  -16.357  41.367 0.0000000000
57598  11.559  -16.529  41.265 0.0000000000
57588  11.838  -16.541  42.122 0.0000000000
58775  12.418  -15.967  44.256 0.0000000000
58788  12.057  -16.134  43.572 0.0000000000
60050  11.391  -15.031  45.094 0.0000000000
60040  11.559  -14.752  45.870 0.0000000000
60028  12.212  -14.621  47.018 0.0000000000
65057  9.390  -10.631  51.090 0.0000000000
65047  9.451  -10.296  51.878 0.0000000000
82801  44.313  6.069  13.148 0.0000000000
82802  43.923  5.169  13.012 0.0000000000
81843  43.511  4.643  14.414 0.0000000000
82790  43.804  5.383  14.684 0.0000000000
138074  43.864  5.630  15.369 0.0000000000
83684  44.204  6.245  15.740 0.0000000000
82768  43.754  5.588  16.086 0.0000000000
81774  40.726  5.109  20.881 0.0000000000
82717  40.605  5.452  21.260 0.0000000000
83615  41.900  6.738  23.068 0.0000000000
73357  32.708  -3.415  17.500 0.0000000000
140696  33.589  -3.131  17.789 0.0000000000
73356  34.201  -3.189  18.472 0.0000000000
73322  35.550  -3.351  20.895 0.0000000000
73337  35.572  -3.344  20.107 0.0000000000
74427  36.742  -2.780  21.243 0.0000000000
69851  25.603  -6.656  29.209 0.0000000000
69850  26.122  -6.463  29.505 0.0000000000
137759  26.370  -5.761  29.607 0.0000000000
69829  29.308  -6.034  32.275 0.0000000000
70978  28.587  -5.528  31.245 0.0000000000
70977  29.131  -5.456  31.793 0.0000000000
72112  28.774  -4.763  31.449 0.0000000000
72103  29.813  -4.600  32.613 0.0000000000
69723  21.910  -7.468  40.802 0.0000000000
69708  22.285  -7.808  41.540 0.0000000000
148065  23.925  -7.463  42.812 0.0000000000
68587  23.867  -7.744  42.200 0.0000000000
68586  24.717  -7.374  42.708 0.0000000000
68600  25.436  -7.883  42.115 0.0000000000
68585  25.923  -7.221  42.754 0.0000000000
80874  37.929  3.255  9.492 0.0000000000
80873  39.383  3.916  9.935 0.0000000000
80883  38.779  3.823  9.279 0.0000000000
81884  39.484  4.443  9.044 0.0000000000
81885  38.939  3.942  8.743 0.0000000000
81895  40.040  4.718  8.501 0.0000000000
81883  40.175  5.034  9.004 0.0000000000
81874  42.153  5.053  10.716 0.0000000000
81867  42.843  4.591  11.427 0.0000000000
82820  43.645  5.271  11.167 0.0000000000
77661  44.665  1.012  5.656 0.0000000000
76597  46.080  -0.126  7.158 0.0000000000
77644  45.216  0.129  7.671 0.0000000000
77639  44.399  0.352  8.358 0.0000000000
77631  43.910  0.814  9.098 0.0000000000
140711  44.576  1.330  9.379 0.0000000000
78676  43.906  1.539  9.369 0.0000000000
56293  18.065  -17.451  46.359 0.0000000000
56292  18.774  -17.144  46.299 0.0000000000
124656  18.308  -17.405  47.786 0.0000000000
55128  19.232  -18.201  50.996 0.0000000000
56252  19.601  -17.559  49.227 0.0000000000
56239  19.635  -17.836  50.196 0.0000000000
56238  20.373  -17.466  50.495 0.0000000000
55127  20.044  -18.129  51.166 0.0000000000
65097  3.822  -10.606  48.524 0.0000000000
66253  4.713  -9.899  49.781 0.0000000000
66254  3.872  -9.920  49.840 0.0000000000
66220  3.139  -9.240  51.263 0.0000000000
67367  3.563  -8.826  51.940 0.0000000000
67352  3.178  -8.436  52.648 0.0000000000
65049  0.808  -10.943  51.688 0.0000000000
65048  1.453  -10.427  51.307 0.0000000000
66223  0.978  -10.036  51.937 0.0000000000
79746  40.995  1.861  13.204 0.0000000000
78639  40.448  1.267  13.536 0.0000000000
78632  40.529  0.938  14.521 0.0000000000
78628  40.745  1.053  15.540 0.0000000000
78621  41.371  1.585  15.935 0.0000000000
78622  40.621  1.191  16.511 0.0000000000
145426  37.570  -0.577  14.472 0.0000000000
76524  38.118  -0.448  14.837 0.0000000000
78611  39.466  1.214  18.029 0.0000000000
77565  39.826  0.743  17.020 0.0000000000
79717  41.048  1.676  18.060 0.0000000000
131791  40.711  1.947  18.806 0.0000000000
79698  40.740  2.582  19.426 0.0000000000
79699  39.725  2.073  19.424 0.0000000000
80769  39.658  3.196  20.712 0.0000000000
144360  39.308  3.307  21.069 0.0000000000
80746  39.656  3.860  21.303 0.0000000000
79649  39.599  3.195  21.725 0.0000000000
145986  33.270  -3.793  23.261 0.0000000000
73277  33.572  -3.518  23.572 0.0000000000
73265  33.425  -3.515  24.451 0.0000000000
74350  34.290  -2.676  26.396 0.0000000000
74360  34.471  -2.661  25.449 0.0000000000
74349  35.076  -2.268  26.113 0.0000000000
75387  35.344  -1.945  27.027 0.0000000000
75382  33.893  -2.154  28.128 0.0000000000
75366  35.019  -1.248  28.453 0.0000000000
76377  35.895  -0.843  28.516 0.0000000000
76376  36.876  -0.730  28.336 0.0000000000
130343  27.403  -9.382  33.923 0.0000000000
66484  27.286  -9.235  33.259 0.0000000000
67590  27.717  -9.164  34.471 0.0000000000
79779  35.651  1.789  9.977 0.0000000000
79778  36.528  1.978  9.833 0.0000000000
78669  37.139  1.493  10.511 0.0000000000
78652  39.291  1.324  12.304 0.0000000000
78659  38.532  1.522  11.548 0.0000000000
79759  39.896  2.119  12.074 0.0000000000
144903  42.347  4.583  3.273 0.0000000000
58693  -2.256  -15.687  50.980 0.0000000000
57472  -2.693  -16.201  51.346 0.0000000000
58668  -3.636  -15.795  53.189 0.0000000000
58677  -3.154  -15.734  52.512 0.0000000000
134543  -3.704  -15.213  53.626 0.0000000000
59922  -4.191  -14.245  54.472 0.0000000000
59938  -4.125  -15.042  54.135 0.0000000000
56212  -4.581  -17.991  53.551 0.0000000000
56211  -4.039  -17.356  53.145 0.0000000000
72271  32.158  -4.633  19.322 0.0000000000
125109  30.961  -5.013  19.040 0.0000000000
71126  29.614  -5.680  20.336 0.0000000000
71140  29.452  -5.575  19.496 0.0000000000
72262  31.320  -5.096  20.293 0.0000000000
71124  31.302  -5.317  21.201 0.0000000000
72251  31.952  -5.024  21.783 0.0000000000
71111  31.239  -5.409  22.169 0.0000000000
71101  31.118  -5.356  23.087 0.0000000000
147224  31.068  -5.380  23.708 0.0000000000
72220  31.535  -4.896  24.708 0.0000000000
69930  29.013  -6.337  23.370 0.0000000000
71039  29.812  -5.488  26.226 0.0000000000
71058  30.096  -5.671  25.377 0.0000000000
72180  31.209  -4.569  26.477 0.0000000000
72156  30.740  -4.338  27.260 0.0000000000
73202  29.749  -3.357  28.283 0.0000000000
73201  30.684  -3.345  28.335 0.0000000000
75370  30.321  -2.143  29.286 0.0000000000
68631  18.710  -6.912  38.934 0.0000000000
69752  19.330  -6.657  38.713 0.0000000000
64021  19.597  -11.183  40.070 0.0000000000
65217  19.118  -10.490  39.520 0.0000000000
65207  19.377  -10.411  40.282 0.0000000000
66351  19.786  -9.037  41.418 0.0000000000
65193  19.431  -9.719  40.795 0.0000000000
68606  19.972  -7.522  40.697 0.0000000000
67491  19.857  -8.107  41.091 0.0000000000
68605  20.531  -7.682  41.248 0.0000000000
67490  20.263  -8.357  41.786 0.0000000000
66323  21.552  -9.639  44.571 0.0000000000
66332  21.339  -9.123  44.068 0.0000000000
136552  21.661  -8.787  44.554 0.0000000000
68563  22.112  -7.977  44.387 0.0000000000
67455  22.005  -8.494  45.152 0.0000000000
57515  19.651  -16.525  47.044 0.0000000000
58763  18.109  -15.221  45.239 0.0000000000
58753  19.326  -15.691  46.609 0.0000000000
60004  18.847  -13.468  48.334 0.0000000000
134682  18.053  -14.028  46.835 0.0000000000
61310  18.166  -13.409  47.043 0.0000000000
62644  18.341  -12.860  46.785 0.0000000000
62630  18.542  -12.789  47.715 0.0000000000
65089  18.859  -10.928  49.539 0.0000000000
63885  18.844  -11.523  49.640 0.0000000000
65109  19.499  -10.876  48.137 0.0000000000
63901  19.829  -11.405  47.461 0.0000000000
65108  20.560  -10.579  47.632 0.0000000000
65130  21.254  -10.657  46.981 0.0000000000
67417  21.406  -9.015  47.492 0.0000000000
67416  21.922  -8.278  46.980 0.0000000000
59917  15.555  -14.380  54.891 0.0000000000
61209  14.816  -13.810  54.465 0.0000000000
61245  13.033  -13.006  51.230 0.0000000000
62578  13.193  -12.761  52.157 0.0000000000
62579  12.559  -12.447  51.656 0.0000000000
62562  12.638  -12.082  52.627 0.0000000000
62580  12.066  -12.186  51.243 0.0000000000
140153  10.743  -13.538  47.312 0.0000000000
61289  11.387  -13.383  48.464 0.0000000000
61290  10.806  -13.224  47.874 0.0000000000
62623  9.744  -12.248  48.381 0.0000000000
62622  10.373  -12.530  48.786 0.0000000000
62611  9.905  -11.982  49.162 0.0000000000
62597  10.924  -11.951  50.184 0.0000000000
63874  10.175  -11.693  49.913 0.0000000000
63866  9.782  -11.147  50.418 0.0000000000
63875  9.360  -11.348  49.608 0.0000000000
128467  7.105  -11.530  46.654 0.0000000000
63888  7.782  -11.258  48.001 0.0000000000
65115  7.087  -10.940  47.989 0.0000000000
65116  6.544  -10.934  47.576 0.0000000000
62752  6.332  -13.227  41.070 0.0000000000
61402  6.883  -13.121  40.889 0.0000000000
62725  6.688  -12.822  42.169 0.0000000000
149891  6.267  -12.837  42.116 0.0000000000
134092  4.606  -14.558  41.027 0.0000000000
60097  4.275  -14.543  41.858 0.0000000000
61364  4.505  -13.467  43.207 0.0000000000
62712  5.757  -12.365  43.402 0.0000000000
148176  5.700  -12.048  43.985 0.0000000000
62692  5.326  -12.129  44.106 0.0000000000
62666  4.393  -12.119  45.202 0.0000000000
63954  4.905  -11.593  45.646 0.0000000000
65138  5.335  -10.972  46.771 0.0000000000
63931  4.666  -11.281  46.521 0.0000000000
63908  4.206  -11.163  47.162 0.0000000000
63932  3.870  -11.632  46.776 0.0000000000
62649  2.864  -12.776  46.881 0.0000000000
63933  3.236  -12.059  47.178 0.0000000000
62634  2.662  -12.505  47.770 0.0000000000
61303  2.382  -13.318  47.331 0.0000000000
60055  1.860  -15.268  44.048 0.0000000000
60043  2.372  -14.502  45.421 0.0000000000
60031  1.686  -14.638  46.536 0.0000000000
60019  1.446  -14.441  47.319 0.0000000000
61304  1.830  -13.768  47.724 0.0000000000
61305  1.203  -14.150  48.103 0.0000000000
61292  0.984  -13.925  48.877 0.0000000000
60020  0.725  -14.770  47.651 0.0000000000
58746  -0.663  -15.498  48.077 0.0000000000
60021  0.063  -14.966  48.002 0.0000000000
58732  -0.866  -15.183  49.057 0.0000000000
57508  -1.844  -16.595  48.235 0.0000000000
57509  -2.442  -17.339  48.168 0.0000000000
60132  17.813  -14.899  39.136 0.0000000000
60114  17.750  -14.858  40.088 0.0000000000
60094  17.676  -14.836  41.018 0.0000000000
58817  16.979  -15.275  41.444 0.0000000000
57621  14.951  -16.449  39.277 0.0000000000
57620  15.734  -16.256  39.058 0.0000000000
136221  15.586  -16.209  39.976 0.0000000000
57573  15.807  -16.661  43.031 0.0000000000
57583  15.815  -16.312  42.260 0.0000000000
58787  16.344  -16.034  42.644 0.0000000000
56321  17.123  -17.102  44.546 0.0000000000
56322  16.365  -17.319  44.854 0.0000000000
57549  15.326  -17.198  46.087 0.0000000000
56295  15.966  -17.317  46.574 0.0000000000
56279  15.936  -17.174  47.424 0.0000000000
56267  15.861  -16.974  48.368 0.0000000000
58764  13.253  -15.932  45.746 0.0000000000
57534  13.707  -16.095  46.434 0.0000000000
58713  14.581  -15.751  49.668 0.0000000000
58726  14.413  -15.954  48.866 0.0000000000
58712  15.184  -16.079  50.032 0.0000000000
146673  15.724  -16.354  50.278 0.0000000000
58699  15.526  -15.907  50.865 0.0000000000
58685  16.266  -15.905  52.237 0.0000000000
59946  14.790  -14.318  52.541 0.0000000000
59930  15.362  -14.695  53.018 0.0000000000
128420  15.378  -14.547  53.989 0.0000000000
61186  14.247  -13.692  55.585 0.0000000000
67365  5.886  -8.881  52.138 0.0000000000
148192  6.149  -9.211  51.644 0.0000000000
126435  5.832  -8.410  53.131 0.0000000000
59952  -2.402  -14.398  52.774 0.0000000000
59951  -1.667  -14.098  52.243 0.0000000000
61216  -2.458  -13.701  53.386 0.0000000000
63803  -3.015  -11.252  55.345 0.0000000000
63815  -2.486  -11.810  54.625 0.0000000000
65017  -2.220  -10.911  55.021 0.0000000000
66179  -1.834  -10.126  55.389 0.0000000000
66173  -2.144  -9.656  56.040 0.0000000000
84526  44.872  7.512  14.195 0.0000000000
84525  45.324  8.312  14.368 0.0000000000
84514  45.133  7.859  15.000 0.0000000000
85407  45.793  8.783  17.435 0.0000000000
79733  42.456  2.494  14.856 0.0000000000
80833  42.794  3.213  14.401 0.0000000000
80824  42.672  3.256  15.306 0.0000000000
82740  42.956  5.099  18.195 0.0000000000
81801  43.198  5.004  17.351 0.0000000000
82739  43.470  5.771  17.871 0.0000000000
83661  44.018  6.493  17.511 0.0000000000
82715  42.006  6.309  20.526 0.0000000000
82727  42.506  5.822  19.791 0.0000000000
84466  43.594  8.678  21.034 0.0000000000
84477  43.709  8.358  19.663 0.0000000000
84464  44.964  8.772  20.415 0.0000000000
76494  33.968  -0.126  17.862 0.0000000000
127450  33.930  -0.772  17.173 0.0000000000
76493  34.699  0.078  17.741 0.0000000000
77552  35.313  0.290  18.096 0.0000000000
74463  35.227  -2.140  18.678 0.0000000000
75482  34.754  -1.129  18.303 0.0000000000
137121  38.146  -0.818  20.024 0.0000000000
76474  36.644  -0.436  19.079 0.0000000000
76473  37.331  -0.387  19.268 0.0000000000
77523  37.113  -0.095  18.861 0.0000000000
77516  37.982  0.416  19.671 0.0000000000
139458  38.056  1.044  19.781 0.0000000000
77515  38.293  0.596  20.230 0.0000000000
78546  40.635  1.196  22.517 0.0000000000
78560  40.022  1.355  21.714 0.0000000000
134785  40.821  1.895  23.006 0.0000000000
79648  40.349  2.925  22.653 0.0000000000
74384  34.634  -2.704  23.594 0.0000000000
74406  34.793  -2.916  22.704 0.0000000000
76414  36.870  -0.939  24.172 0.0000000000
76430  37.559  -0.948  23.477 0.0000000000
78502  39.012  1.442  25.628 0.0000000000
77447  38.450  0.834  25.282 0.0000000000
78520  39.097  1.101  24.891 0.0000000000
77456  39.664  0.751  24.239 0.0000000000
78519  39.996  1.515  24.920 0.0000000000
69903  24.640  -6.044  26.255 0.0000000000
71063  25.676  -6.125  26.142 0.0000000000
70993  25.962  -4.820  29.264 0.0000000000
72142  25.037  -4.830  28.084 0.0000000000
72130  25.888  -4.086  28.925 0.0000000000
74334  26.757  -2.720  29.011 0.0000000000
73206  26.555  -3.380  28.529 0.0000000000
72160  26.899  -4.102  27.620 0.0000000000
73221  26.994  -3.419  28.054 0.0000000000
73204  27.821  -3.291  27.965 0.0000000000
75373  27.815  -2.094  29.076 0.0000000000
137743  28.706  -1.330  31.010 0.0000000000
75350  28.540  -1.541  30.259 0.0000000000
138570  29.340  -1.135  30.768 0.0000000000
68627  22.970  -7.873  39.967 0.0000000000
126178  25.952  -9.776  38.794 0.0000000000
66396  25.174  -9.807  38.701 0.0000000000
65242  26.013  -10.203  37.623 0.0000000000
65227  26.726  -9.835  37.932 0.0000000000
66393  28.112  -9.028  37.828 0.0000000000
66413  28.042  -9.090  36.966 0.0000000000
67561  28.585  -8.473  36.464 0.0000000000
67575  28.526  -8.439  35.570 0.0000000000
67560  29.200  -7.956  36.848 0.0000000000
70817  24.888  -5.226  45.519 0.0000000000
70827  24.990  -5.503  44.749 0.0000000000
70826  25.777  -5.166  44.691 0.0000000000
70840  27.927  -5.318  43.624 0.0000000000
69680  27.101  -5.899  43.529 0.0000000000
70854  27.920  -6.051  43.189 0.0000000000
69693  27.518  -6.695  42.923 0.0000000000
69692  28.418  -6.493  42.601 0.0000000000
70875  30.924  -5.862  40.842 0.0000000000
70864  30.341  -5.440  41.530 0.0000000000
69706  30.206  -6.421  41.252 0.0000000000
139258  29.562  -6.940  41.649 0.0000000000
69722  29.978  -7.264  41.030 0.0000000000
68626  29.608  -7.891  39.714 0.0000000000
68625  30.294  -7.447  39.327 0.0000000000
69760  30.883  -6.584  37.281 0.0000000000
68656  30.504  -7.122  37.838 0.0000000000
68668  30.331  -6.946  36.878 0.0000000000
68681  29.772  -7.171  35.499 0.0000000000
69783  30.409  -6.407  35.506 0.0000000000
127178  30.286  -6.170  34.667 0.0000000000
70918  30.887  -5.867  35.838 0.0000000000
72060  31.234  -4.545  35.632 0.0000000000
72061  30.919  -4.928  34.925 0.0000000000
72076  31.092  -4.207  35.070 0.0000000000
72091  30.550  -4.402  33.770 0.0000000000
73139  30.972  -3.573  34.826 0.0000000000
73074  33.030  -3.570  38.154 0.0000000000
74233  32.564  -2.790  37.763 0.0000000000
74250  31.594  -2.330  36.492 0.0000000000
75296  30.895  -1.451  35.535 0.0000000000
135094  30.437  -2.139  34.523 0.0000000000
75297  30.382  -1.300  34.824 0.0000000000
135282  29.530  -1.085  33.438 0.0000000000
75307  29.867  -0.727  34.142 0.0000000000
125028  41.102  4.831  3.254 0.0000000000
80903  36.447  3.190  8.121 0.0000000000
129085  35.415  3.438  6.687 0.0000000000
80913  36.169  2.999  7.108 0.0000000000
79815  39.978  1.917  4.971 0.0000000000
78710  40.769  1.897  4.811 0.0000000000
130222  41.092  1.306  6.220 0.0000000000
125053  40.945  1.079  7.037 0.0000000000
79799  41.360  2.444  8.384 0.0000000000
133745  41.869  1.763  8.845 0.0000000000
79797  42.893  3.027  8.875 0.0000000000
82857  41.003  5.238  7.865 0.0000000000
81905  41.260  4.931  7.697 0.0000000000
82856  41.818  5.459  7.717 0.0000000000
83755  43.767  6.178  8.112 0.0000000000
81903  43.393  5.624  7.547 0.0000000000
83760  44.005  5.919  7.800 0.0000000000
81902  44.113  5.471  7.641 0.0000000000
81901  44.736  5.592  7.850 0.0000000000
82848  45.663  5.693  8.253 0.0000000000
83753  45.399  6.044  8.518 0.0000000000
84560  47.021  8.061  9.880 0.0000000000
77669  46.198  1.081  4.735 0.0000000000
77659  46.643  0.545  5.220 0.0000000000
77627  47.452  0.766  8.882 0.0000000000
57420  16.918  -16.252  55.975 0.0000000000
61267  -0.099  -13.709  50.739 0.0000000000
61252  -0.361  -13.416  51.470 0.0000000000
62586  -0.637  -13.075  52.162 0.0000000000
130984  31.990  -1.634  29.363 0.0000000000
60093  18.858  -14.138  41.390 0.0000000000
60112  19.400  -13.893  40.802 0.0000000000
137368  18.308  -14.200  42.031 0.0000000000
61378  18.609  -13.926  42.823 0.0000000000
60051  10.691  -14.907  44.621 0.0000000000
60065  10.005  -14.827  44.100 0.0000000000
60080  8.513  -14.423  42.386 0.0000000000
58818  10.329  -16.056  41.078 0.0000000000
130610  11.340  -15.761  43.609 0.0000000000
134412  10.690  -15.792  42.899 0.0000000000
58777  10.644  -15.334  43.819 0.0000000000
124802  7.967  -10.444  50.190 0.0000000000
66215  8.652  -9.990  51.707 0.0000000000
66232  7.884  -10.039  50.877 0.0000000000
66216  7.675  -9.643  51.674 0.0000000000
66203  7.260  -9.152  52.407 0.0000000000
80854  43.117  3.943  12.338 0.0000000000
81855  43.542  4.222  12.968 0.0000000000
82698  40.684  5.859  22.242 0.0000000000
73340  32.909  -4.175  19.318 0.0000000000
73339  33.736  -3.761  19.395 0.0000000000
73307  35.034  -3.279  21.698 0.0000000000
68742  27.451  -7.276  30.670 0.0000000000
69831  28.152  -6.758  31.112 0.0000000000
70957  29.796  -5.839  33.032 0.0000000000
69685  22.560  -7.653  42.849 0.0000000000
69698  22.828  -7.782  42.443 0.0000000000
69684  23.128  -7.277  43.262 0.0000000000
69696  24.316  -6.919  43.260 0.0000000000
79775  39.050  3.163  10.630 0.0000000000
80865  39.767  3.494  10.789 0.0000000000
80872  40.121  4.179  10.335 0.0000000000
81876  40.514  5.030  9.837 0.0000000000
81869  40.900  4.214  10.870 0.0000000000
78698  43.863  1.345  5.418 0.0000000000
77645  44.385  0.359  7.282 0.0000000000
77654  43.538  0.580  6.943 0.0000000000
133082  42.703  0.677  7.137 0.0000000000
56265  17.611  -17.321  48.264 0.0000000000
142031  18.665  -17.490  48.710 0.0000000000
56254  17.637  -17.352  49.187 0.0000000000
56240  18.588  -17.773  50.333 0.0000000000
55116  18.737  -18.244  51.656 0.0000000000
65098  3.062  -10.837  48.823 0.0000000000
65076  3.479  -10.299  49.268 0.0000000000
65077  2.820  -10.522  49.559 0.0000000000
65060  2.484  -10.274  50.251 0.0000000000
66221  2.406  -9.410  51.410 0.0000000000
66189  0.433  -9.313  53.423 0.0000000000
66206  0.740  -9.723  52.723 0.0000000000
78640  39.013  0.637  13.055 0.0000000000
77592  39.187  0.282  13.866 0.0000000000
77582  39.595  0.298  14.715 0.0000000000
76508  37.147  -0.769  16.256 0.0000000000
77566  38.657  -0.098  16.504 0.0000000000
77549  38.987  0.731  17.782 0.0000000000
78595  39.198  1.503  18.888 0.0000000000
79686  38.942  1.861  19.500 0.0000000000
79678  38.793  2.148  20.049 0.0000000000
73266  32.850  -3.914  24.543 0.0000000000
131488  33.479  -3.363  25.213 0.0000000000
74361  33.795  -3.022  25.745 0.0000000000
78653  38.320  0.495  12.011 0.0000000000
56245  -2.754  -17.747  50.179 0.0000000000
149938  -2.892  -16.739  51.355 0.0000000000
57459  -3.561  -16.627  52.639 0.0000000000
69989  28.862  -5.972  20.005 0.0000000000
71113  29.775  -5.811  21.209 0.0000000000
71112  30.535  -5.632  21.660 0.0000000000
71103  29.739  -5.957  22.178 0.0000000000
71091  29.796  -5.943  23.077 0.0000000000
69916  27.814  -6.837  24.096 0.0000000000
69899  28.861  -6.351  25.021 0.0000000000
72157  29.896  -4.541  27.447 0.0000000000
73219  29.414  -3.919  27.820 0.0000000000
74332  29.106  -2.706  28.620 0.0000000000
67537  18.275  -8.313  39.059 0.0000000000
62735  20.884  -11.782  41.823 0.0000000000
65206  19.796  -10.800  40.875 0.0000000000
63998  20.505  -10.970  41.817 0.0000000000
65182  20.631  -10.269  42.410 0.0000000000
66342  20.637  -9.434  42.753 0.0000000000
65172  20.962  -10.008  43.182 0.0000000000
125650  21.303  -9.877  43.892 0.0000000000
141759  21.663  -10.026  45.138 0.0000000000
58724  20.514  -15.882  48.520 0.0000000000
58739  19.593  -15.313  47.439 0.0000000000
58725  19.941  -15.138  48.208 0.0000000000
128593  19.427  -14.235  48.760 0.0000000000
65056  19.128  -10.029  50.644 0.0000000000
66268  20.431  -9.386  48.623 0.0000000000
61243  14.204  -13.924  52.132 0.0000000000
61227  14.437  -13.738  52.893 0.0000000000
61261  12.760  -13.300  50.424 0.0000000000
62608  12.063  -12.913  50.090 0.0000000000
61313  8.891  -13.093  45.745 0.0000000000
61302  9.767  -13.108  46.919 0.0000000000
62645  9.053  -12.734  46.678 0.0000000000
149612  8.885  -12.242  47.346 0.0000000000
62624  9.121  -11.924  47.962 0.0000000000
132226  8.402  -11.782  47.624 0.0000000000
144858  6.562  -11.427  46.245 0.0000000000
60081  3.468  -15.040  42.189 0.0000000000
61386  3.988  -14.241  42.727 0.0000000000
62667  3.683  -12.530  45.611 0.0000000000
62668  2.999  -12.965  46.038 0.0000000000
60155  17.895  -14.901  38.253 0.0000000000
135043  16.995  -15.441  39.587 0.0000000000
146090  13.868  -16.628  41.227 0.0000000000
57610  14.286  -16.538  40.721 0.0000000000
57609  15.105  -16.372  40.799 0.0000000000
57596  14.597  -16.587  41.560 0.0000000000
57574  14.983  -16.930  43.068 0.0000000000
125554  15.451  -17.099  43.793 0.0000000000
143513  15.753  -17.243  44.452 0.0000000000
57532  15.262  -17.035  46.972 0.0000000000
58743  12.903  -15.039  47.170 0.0000000000
58742  13.590  -15.559  47.681 0.0000000000
58714  14.032  -15.302  49.267 0.0000000000
59975  14.214  -15.077  50.042 0.0000000000
58687  15.037  -15.219  51.281 0.0000000000
130367  14.398  -14.839  50.858 0.0000000000
59961  14.591  -14.585  51.697 0.0000000000
61217  -3.074  -13.701  53.823 0.0000000000
62550  -2.590  -13.051  53.847 0.0000000000
62536  -3.633  -12.908  54.668 0.0000000000
62525  -3.413  -12.081  54.948 0.0000000000
84502  45.055  7.789  15.869 0.0000000000
85378  46.289  8.401  18.602 0.0000000000
80812  42.382  3.205  16.151 0.0000000000
137984  42.524  3.708  16.731 0.0000000000
81802  42.792  4.490  17.715 0.0000000000
84457  42.934  7.917  22.309 0.0000000000
76482  33.767  -0.814  17.753 0.0000000000
74436  36.912  -2.679  20.284 0.0000000000
74445  36.722  -2.158  19.524 0.0000000000
74435  37.491  -1.971  19.915 0.0000000000
75459  38.718  -1.069  20.554 0.0000000000
76464  38.914  -0.191  20.619 0.0000000000
76457  39.476  -0.101  21.216 0.0000000000
77486  40.342  0.601  22.116 0.0000000000
77475  40.600  0.664  22.950 0.0000000000
75405  35.702  -1.850  24.541 0.0000000000
75404  36.318  -1.248  24.955 0.0000000000
126082  36.974  -0.556  24.978 0.0000000000
78500  40.544  2.277  25.429 0.0000000000
69887  23.852  -5.875  26.770 0.0000000000
71045  24.358  -5.443  27.097 0.0000000000
73176  27.400  -3.691  30.475 0.0000000000
73177  26.668  -3.395  29.958 0.0000000000
134992  27.157  -2.761  30.302 0.0000000000
74310  27.350  -2.089  29.993 0.0000000000
75360  27.872  -1.908  29.730 0.0000000000
75336  28.374  -1.529  31.275 0.0000000000
76348  28.962  -1.091  31.700 0.0000000000
67507  24.601  -8.575  40.617 0.0000000000
67522  24.284  -8.919  39.770 0.0000000000
67521  25.135  -9.104  40.006 0.0000000000
66376  25.598  -9.503  39.404 0.0000000000
66395  26.667  -9.675  38.669 0.0000000000
66374  27.166  -9.428  39.089 0.0000000000
67532  28.212  -8.911  38.663 0.0000000000
132643  28.771  -8.486  38.129 0.0000000000
70825  26.549  -4.741  44.767 0.0000000000
145671  27.163  -4.340  44.898 0.0000000000
71972  28.209  -4.578  44.093 0.0000000000
70839  28.562  -4.861  43.513 0.0000000000
69720  31.324  -6.232  40.050 0.0000000000
69736  30.823  -6.890  39.695 0.0000000000
69735  31.503  -6.453  39.136 0.0000000000
69749  31.390  -6.496  38.083 0.0000000000
69759  31.331  -6.041  37.221 0.0000000000
70917  31.260  -5.542  36.469 0.0000000000
72046  31.583  -4.924  36.696 0.0000000000
134770  31.547  -4.234  36.381 0.0000000000
79805  36.831  2.705  6.588 0.0000000000
79804  37.707  2.516  6.917 0.0000000000
78695  39.663  1.657  6.143 0.0000000000
78694  40.284  1.416  6.678 0.0000000000
78688  40.471  1.549  7.534 0.0000000000
80899  41.572  3.476  8.108 0.0000000000
139566  42.424  5.952  9.086 0.0000000000
82850  42.365  5.898  7.923 0.0000000000
83743  42.959  6.212  8.296 0.0000000000
83742  43.875  6.314  8.756 0.0000000000
126356  44.570  6.207  8.550 0.0000000000
83740  45.543  6.507  9.088 0.0000000000
83730  45.457  6.855  9.967 0.0000000000
76595  47.845  -1.149  6.797 0.0000000000
147242  46.666  2.030  9.067 0.0000000000
79784  47.211  2.730  8.879 0.0000000000
80893  48.381  4.243  8.394 0.0000000000
57452  16.973  -16.813  51.976 0.0000000000
56215  17.509  -17.371  52.447 0.0000000000
57441  17.327  -17.008  53.338 0.0000000000
57419  17.292  -16.494  55.306 0.0000000000
62598  1.549  -12.263  49.930 0.0000000000
63867  1.434  -11.667  50.552 0.0000000000
63868  0.897  -11.702  51.171 0.0000000000
62600  0.235  -13.007  51.064 0.0000000000
63844  0.268  -11.342  52.314 0.0000000000
66207  0.133  -10.094  53.141 0.0000000000
66177  -0.438  -9.332  54.584 0.0000000000
67324  -0.743  -8.983  55.370 0.0000000000
76541  36.931  -0.785  14.592 0.0000000000
76526  36.638  -1.046  15.536 0.0000000000
145836  36.786  -0.686  17.139 0.0000000000
76491  36.822  -0.111  17.815 0.0000000000
74352  32.825  -3.181  27.285 0.0000000000
75367  33.621  -1.513  28.739 0.0000000000
146861  34.312  -0.722  28.811 0.0000000000
53972  -3.712  -18.792  52.060 0.0000000000
55101  -4.435  -18.776  53.196 0.0000000000
53960  -4.608  -19.620  53.019 0.0000000000
133390  -4.985  -18.907  53.582 0.0000000000
55102  -5.338  -18.116  53.990 0.0000000000
124560  -6.104  -18.105  54.411 0.0000000000
149501  27.344  -6.868  24.586 0.0000000000
71061  27.555  -6.224  25.978 0.0000000000
64032  19.456  -11.653  39.194 0.0000000000
62759  20.133  -12.485  40.267 0.0000000000
131845  20.110  -13.455  41.012 0.0000000000
61393  20.551  -12.973  41.383 0.0000000000
62748  20.525  -12.318  41.114 0.0000000000
62722  21.038  -12.588  42.719 0.0000000000
62704  20.957  -12.693  43.586 0.0000000000
62682  20.707  -12.677  44.469 0.0000000000
60006  12.507  -14.244  48.356 0.0000000000
61288  12.172  -13.751  48.806 0.0000000000
60007  11.927  -13.950  48.030 0.0000000000
61300  11.062  -13.984  46.851 0.0000000000
132168  10.324  -13.574  46.806 0.0000000000
60042  10.040  -14.434  44.896 0.0000000000
61323  9.363  -13.831  45.190 0.0000000000
61312  9.699  -13.518  46.159 0.0000000000
148073  8.678  -13.370  45.064 0.0000000000
128410  7.081  -12.531  43.719 0.0000000000
60069  2.563  -15.014  43.625 0.0000000000
57597  12.351  -16.623  41.417 0.0000000000
57587  12.864  -16.691  42.176 0.0000000000
127188  13.035  -16.708  42.935 0.0000000000
57564  13.878  -16.790  44.146 0.0000000000
57565  13.059  -16.299  44.438 0.0000000000
130146  12.669  -15.472  45.820 0.0000000000
144717  11.814  -15.724  44.102 0.0000000000
58766  12.094  -15.235  45.495 0.0000000000
60017  12.397  -14.474  47.676 0.0000000000
82819  44.316  5.712  11.385 0.0000000000
83714  44.690  6.777  12.707 0.0000000000
82810  44.333  5.835  12.314 0.0000000000
83708  44.552  6.741  13.655 0.0000000000
83696  44.514  6.731  14.461 0.0000000000
131599  43.761  5.150  13.958 0.0000000000
83683  44.624  6.979  15.269 0.0000000000
83668  44.622  7.039  16.209 0.0000000000
83660  44.615  7.358  17.195 0.0000000000
83653  44.317  7.529  18.072 0.0000000000
81793  41.768  3.925  19.339 0.0000000000
81784  42.141  4.780  19.592 0.0000000000
83631  41.499  6.660  21.482 0.0000000000
82706  40.861  6.038  21.583 0.0000000000
83623  41.426  6.618  22.247 0.0000000000
83630  42.137  7.331  21.818 0.0000000000
73375  33.282  -2.401  17.440 0.0000000000
74464  34.539  -2.143  18.275 0.0000000000
74446  35.512  -3.022  19.298 0.0000000000
73338  34.722  -3.459  19.578 0.0000000000
128088  36.248  -2.967  19.752 0.0000000000
140615  37.853  -1.960  21.755 0.0000000000
76393  37.382  -0.674  26.901 0.0000000000
139707  24.370  -5.773  28.088 0.0000000000
70994  25.525  -5.670  29.053 0.0000000000
70987  26.656  -5.020  29.819 0.0000000000
69842  27.648  -6.243  30.515 0.0000000000
70986  27.380  -5.283  30.280 0.0000000000
72119  27.757  -4.632  30.576 0.0000000000
73165  28.820  -3.885  31.729 0.0000000000
69724  21.125  -7.175  40.410 0.0000000000
68617  21.634  -7.067  40.059 0.0000000000
68615  23.076  -7.784  40.841 0.0000000000
68588  23.334  -7.790  42.373 0.0000000000
131610  23.189  -7.843  41.626 0.0000000000
68601  23.954  -8.004  41.308 0.0000000000
67489  25.000  -8.293  41.429 0.0000000000
67488  25.945  -8.422  41.515 0.0000000000
67487  26.832  -8.486  41.502 0.0000000000
80886  36.138  3.094  8.819 0.0000000000
80902  37.440  3.281  8.388 0.0000000000
140344  38.130  3.373  8.262 0.0000000000
80901  38.968  3.603  8.164 0.0000000000
81907  39.927  4.207  8.092 0.0000000000
82852  40.657  5.202  8.362 0.0000000000
82830  41.185  5.436  9.584 0.0000000000
82839  41.598  5.758  8.902 0.0000000000
82828  42.865  5.535  10.310 0.0000000000
131493  45.340  1.346  4.852 0.0000000000
77660  45.677  0.794  5.520 0.0000000000
145237  46.725  -0.280  8.222 0.0000000000
77637  46.243  0.138  8.659 0.0000000000
77628  46.634  0.715  9.027 0.0000000000
77629  45.756  0.648  9.064 0.0000000000
78674  46.189  1.422  9.214 0.0000000000
145955  45.684  1.777  9.295 0.0000000000
79786  45.138  2.159  9.352 0.0000000000
57548  17.652  -16.477  44.518 0.0000000000
58773  17.907  -15.778  44.611 0.0000000000
57547  18.320  -16.388  45.150 0.0000000000
57530  19.195  -16.518  46.352 0.0000000000
56275  19.764  -17.061  47.602 0.0000000000
56264  19.682  -17.362  48.353 0.0000000000
56263  20.224  -16.983  48.196 0.0000000000
57479  20.525  -17.056  49.546 0.0000000000
142716  20.659  -16.684  50.244 0.0000000000
56214  18.316  -18.059  52.336 0.0000000000
145665  19.046  -18.366  52.236 0.0000000000
55094  19.707  -18.133  53.492 0.0000000000
55105  19.713  -18.295  52.515 0.0000000000
139298  8.518  -14.299  40.277 0.0000000000
65074  5.132  -10.213  49.044 0.0000000000
66252  5.568  -9.947  49.812 0.0000000000
66234  5.178  -9.630  50.532 0.0000000000
139849  4.802  -9.271  51.235 0.0000000000
66236  3.503  -9.597  50.567 0.0000000000
66219  3.962  -9.231  51.246 0.0000000000
67366  4.460  -8.803  52.017 0.0000000000
133264  4.582  -8.356  52.812 0.0000000000
65061  1.841  -10.809  50.543 0.0000000000
66222  1.709  -9.686  51.655 0.0000000000
67369  2.017  -8.993  52.050 0.0000000000
67355  1.022  -8.955  53.038 0.0000000000
67354  1.729  -8.739  52.841 0.0000000000
67353  2.433  -8.556  52.707 0.0000000000
79758  40.687  2.278  12.451 0.0000000000
79745  41.819  2.073  13.593 0.0000000000
79734  42.011  1.896  14.471 0.0000000000
79728  42.016  1.976  15.363 0.0000000000
136961  41.875  2.372  16.348 0.0000000000
80797  41.894  3.043  17.992 0.0000000000
77584  38.026  -0.338  14.030 0.0000000000
77573  39.552  0.268  16.025 0.0000000000
77564  40.212  0.730  16.098 0.0000000000
79722  41.089  1.858  16.921 0.0000000000
80777  41.550  3.099  19.013 0.0000000000
80767  40.778  3.543  20.009 0.0000000000
81786  40.361  4.252  20.747 0.0000000000
80757  39.948  3.921  20.977 0.0000000000
81762  39.985  4.634  21.604 0.0000000000
81739  40.194  4.678  22.640 0.0000000000
80725  40.511  3.740  23.206 0.0000000000
72237  33.205  -4.211  22.145 0.0000000000
73308  33.752  -3.821  21.977 0.0000000000
73292  33.578  -3.686  22.763 0.0000000000
74370  34.555  -2.645  24.506 0.0000000000
75379  36.142  -1.511  27.005 0.0000000000
74340  34.103  -2.537  27.317 0.0000000000
125411  36.811  -1.028  27.414 0.0000000000
76386  37.539  -0.721  27.820 0.0000000000
67606  27.747  -8.519  32.733 0.0000000000
143319  28.520  -7.994  33.785 0.0000000000
69653  23.452  -6.221  46.666 0.0000000000
69662  23.797  -6.303  45.205 0.0000000000
70806  24.529  -5.308  46.230 0.0000000000
79777  37.446  2.420  10.052 0.0000000000
79767  38.725  2.412  11.149 0.0000000000
80941  42.485  4.094  3.424 0.0000000000
131781  42.168  3.583  3.656 0.0000000000
58692  -1.770  -14.990  51.054 0.0000000000
135890  -2.705  -15.136  52.420 0.0000000000
59937  -3.533  -14.450  53.859 0.0000000000
61202  -4.279  -13.408  54.809 0.0000000000
57447  -4.069  -16.489  53.429 0.0000000000
58657  -4.549  -15.661  54.346 0.0000000000
59923  -4.698  -14.893  54.646 0.0000000000
61193  -5.452  -13.461  55.594 0.0000000000
73358  32.461  -4.205  18.472 0.0000000000
72261  32.524  -4.567  20.054 0.0000000000
146271  32.813  -4.527  20.736 0.0000000000
72250  32.711  -4.638  21.524 0.0000000000
72238  32.546  -4.635  22.393 0.0000000000
72231  32.407  -4.540  23.327 0.0000000000
72219  32.325  -4.446  24.351 0.0000000000
73251  31.830  -4.372  25.925 0.0000000000
135157  28.218  -6.604  22.138 0.0000000000
71076  29.580  -6.012  24.776 0.0000000000
136976  30.294  -5.728  24.515 0.0000000000
72205  31.356  -4.814  25.568 0.0000000000
73233  31.945  -3.992  26.533 0.0000000000
73216  32.062  -3.578  27.375 0.0000000000
74343  31.623  -3.189  28.235 0.0000000000
75369  31.258  -1.972  29.369 0.0000000000
76366  30.632  -1.057  30.251 0.0000000000
127924  19.436  -6.674  37.987 0.0000000000
69751  20.042  -6.652  39.167 0.0000000000
65218  18.675  -10.079  38.870 0.0000000000
66380  18.684  -9.300  39.466 0.0000000000
66379  19.063  -8.921  40.249 0.0000000000
67525  18.730  -8.142  39.746 0.0000000000
68630  19.031  -7.248  39.692 0.0000000000
68619  19.737  -7.128  40.147 0.0000000000
69737  20.280  -6.887  39.907 0.0000000000
69710  21.036  -7.436  40.957 0.0000000000
68604  21.301  -7.685  41.572 0.0000000000
68589  21.478  -7.772  42.271 0.0000000000
67475  20.641  -8.643  42.515 0.0000000000
67474  21.208  -8.194  42.823 0.0000000000
68576  21.920  -7.752  42.984 0.0000000000
68562  22.697  -7.390  44.642 0.0000000000
68548  22.746  -7.400  45.672 0.0000000000
60039  17.669  -14.713  44.629 0.0000000000
61321  17.719  -14.048  45.020 0.0000000000
61320  17.900  -13.798  45.578 0.0000000000
58740  18.719  -14.628  47.048 0.0000000000
60027  17.932  -13.929  46.253 0.0000000000
140396  18.201  -13.438  45.559 0.0000000000
62684  18.785  -13.154  45.173 0.0000000000
62661  19.466  -12.730  45.578 0.0000000000
62642  20.068  -12.376  45.940 0.0000000000
61274  19.767  -13.412  50.186 0.0000000000
61287  18.869  -12.739  48.736 0.0000000000
62607  18.830  -12.128  49.175 0.0000000000
62620  18.784  -12.554  48.550 0.0000000000
63923  18.921  -12.134  47.322 0.0000000000
63922  20.158  -11.904  46.625 0.0000000000
63944  20.837  -12.086  45.785 0.0000000000
63921  21.232  -11.366  46.315 0.0000000000
125658  21.559  -10.519  46.337 0.0000000000
66314  21.732  -9.812  45.862 0.0000000000
66288  20.773  -9.680  47.901 0.0000000000
66304  21.582  -9.823  46.741 0.0000000000
67444  21.901  -8.932  45.853 0.0000000000
67431  22.049  -8.433  46.312 0.0000000000
68532  22.357  -7.793  46.453 0.0000000000
69654  22.831  -6.949  46.701 0.0000000000
58636  15.546  -15.198  56.544 0.0000000000
61185  14.772  -14.107  55.997 0.0000000000
61196  14.326  -13.427  55.029 0.0000000000
61228  13.867  -13.184  52.738 0.0000000000
61211  13.786  -12.772  53.605 0.0000000000
62542  13.851  -12.779  54.319 0.0000000000
62543  13.420  -12.304  54.043 0.0000000000
133733  11.552  -11.523  52.000 0.0000000000
61278  11.729  -13.190  49.320 0.0000000000
62631  10.282  -12.743  48.051 0.0000000000
62609  11.322  -12.586  49.797 0.0000000000
62596  11.644  -12.247  50.604 0.0000000000
63864  11.108  -11.720  50.851 0.0000000000
63841  10.861  -11.227  51.573 0.0000000000
145245  10.125  -11.001  51.070 0.0000000000
65070  9.141  -10.850  50.270 0.0000000000
65071  8.525  -10.839  49.721 0.0000000000
63887  8.566  -11.491  48.380 0.0000000000
65093  8.134  -10.998  48.866 0.0000000000
132307  7.673  -10.625  49.496 0.0000000000
65095  6.492  -10.686  48.410 0.0000000000
65096  5.609  -10.549  48.365 0.0000000000
61419  8.111  -13.893  40.702 0.0000000000
61400  8.045  -13.857  41.540 0.0000000000
149439  7.613  -13.440  41.944 0.0000000000
61401  7.226  -13.163  41.572 0.0000000000
61383  7.262  -13.118  42.330 0.0000000000
62710  6.815  -12.684  42.899 0.0000000000
62711  6.395  -12.254  43.464 0.0000000000
61404  5.324  -13.937  41.078 0.0000000000
61384  5.455  -13.383  41.888 0.0000000000
62727  5.893  -12.805  42.436 0.0000000000
62691  6.630  -12.071  44.268 0.0000000000
63974  6.188  -11.743  44.781 0.0000000000
63952  6.352  -11.551  45.600 0.0000000000
63976  5.111  -11.887  44.853 0.0000000000
63953  5.649  -11.535  45.372 0.0000000000
63929  5.938  -11.137  46.235 0.0000000000
65137  5.955  -10.925  47.111 0.0000000000
65117  5.368  -10.768  47.585 0.0000000000
65119  4.060  -10.878  47.773 0.0000000000
63890  2.692  -11.730  48.517 0.0000000000
62625  2.146  -12.612  48.563 0.0000000000
61326  2.235  -14.233  46.188 0.0000000000
61279  1.271  -13.398  49.255 0.0000000000
59997  0.351  -14.289  49.224 0.0000000000
59998  -0.346  -14.602  49.553 0.0000000000
58719  -1.474  -15.592  49.477 0.0000000000
137490  -2.438  -17.201  49.665 0.0000000000
126070  -2.568  -17.712  48.839 0.0000000000
60153  19.128  -13.783  39.067 0.0000000000
60113  18.512  -14.360  40.609 0.0000000000
60078  17.514  -14.653  41.978 0.0000000000
58786  16.907  -15.614  43.261 0.0000000000
147134  16.240  -15.946  39.546 0.0000000000
58845  16.398  -15.785  40.264 0.0000000000
57595  15.495  -16.342  41.589 0.0000000000
58832  16.529  -15.669  40.985 0.0000000000
141560  17.734  -17.371  45.756 0.0000000000
56294  17.279  -17.472  46.326 0.0000000000
56311  16.137  -17.393  45.725 0.0000000000
56278  16.667  -17.402  46.947 0.0000000000
56266  16.781  -17.136  48.782 0.0000000000
57489  16.237  -16.694  50.046 0.0000000000
57551  13.978  -16.489  45.708 0.0000000000
57533  14.507  -16.720  46.498 0.0000000000
57517  14.686  -16.634  47.483 0.0000000000
58741  14.220  -16.110  48.033 0.0000000000
57503  14.944  -16.577  48.412 0.0000000000
146786  15.453  -16.711  49.012 0.0000000000
57480  16.205  -16.453  50.784 0.0000000000
58671  16.363  -15.773  53.089 0.0000000000
58664  15.922  -15.131  53.512 0.0000000000
58663  16.396  -15.627  54.007 0.0000000000
66217  6.457  -9.499  51.239 0.0000000000
66204  6.557  -9.154  51.954 0.0000000000
59968  -1.415  -14.428  51.478 0.0000000000
61233  -1.254  -13.378  52.530 0.0000000000
62549  -1.582  -12.413  53.563 0.0000000000
147969  -2.123  -12.734  53.708 0.0000000000
63829  -1.902  -11.870  54.048 0.0000000000
63828  -1.298  -11.578  53.836 0.0000000000
65016  -1.569  -10.636  54.790 0.0000000000
66178  -1.124  -9.879  54.870 0.0000000000
139732  45.220  8.153  13.802 0.0000000000
85462  45.692  9.083  13.895 0.0000000000
81844  43.100  3.996  14.888 0.0000000000
81812  43.304  4.905  16.450 0.0000000000
83647  42.954  6.694  19.600 0.0000000000
84467  42.844  8.070  20.671 0.0000000000
84478  43.077  7.756  19.919 0.0000000000
83646  43.423  7.214  19.202 0.0000000000
84486  43.959  8.028  18.850 0.0000000000
84476  44.458  8.719  19.391 0.0000000000
85364  44.956  8.831  19.670 0.0000000000
75503  34.575  -1.415  16.308 0.0000000000
125728  37.136  0.125  18.305 0.0000000000
76481  34.289  -0.348  18.140 0.0000000000
76480  35.063  -0.296  18.402 0.0000000000
75469  36.262  -1.172  19.105 0.0000000000
76475  35.884  -0.372  18.764 0.0000000000
77539  35.695  0.114  18.394 0.0000000000
77538  36.690  0.068  18.537 0.0000000000
77537  37.704  0.139  18.713 0.0000000000
136857  38.740  2.226  20.574 0.0000000000
77514  38.982  0.637  20.775 0.0000000000
78561  39.031  1.530  21.030 0.0000000000
79664  39.216  2.495  21.245 0.0000000000
80724  41.052  3.557  24.307 0.0000000000
124277  34.255  -3.433  22.298 0.0000000000
74405  35.549  -2.768  22.360 0.0000000000
75420  35.755  -2.003  23.666 0.0000000000
144055  36.258  -1.806  23.318 0.0000000000
75436  36.662  -1.992  22.709 0.0000000000
75418  37.531  -1.646  22.624 0.0000000000
146377  38.184  -1.071  22.855 0.0000000000
131872  37.532  -0.092  25.113 0.0000000000
77438  38.459  0.845  26.290 0.0000000000
77458  38.032  0.309  24.814 0.0000000000
145586  38.323  0.123  24.138 0.0000000000
76428  39.405  -0.263  23.056 0.0000000000
77476  40.016  0.339  23.438 0.0000000000
78518  40.924  1.863  24.571 0.0000000000
78537  41.126  1.737  23.815 0.0000000000
78517  41.201  2.470  24.382 0.0000000000
141789  41.072  4.721  24.564 0.0000000000
69902  26.226  -6.708  25.392 0.0000000000
71062  26.629  -6.197  26.064 0.0000000000
71042  27.034  -5.605  26.661 0.0000000000
71003  24.489  -5.453  27.818 0.0000000000
72162  24.780  -5.086  27.816 0.0000000000
72161  25.346  -4.538  27.898 0.0000000000
73188  26.075  -3.793  28.610 0.0000000000
73222  25.949  -3.917  28.131 0.0000000000
72186  25.563  -4.819  27.370 0.0000000000
72185  26.467  -4.797  27.178 0.0000000000
72184  27.469  -4.943  27.131 0.0000000000
72159  27.934  -4.216  27.559 0.0000000000
73203  28.799  -3.237  28.093 0.0000000000
75359  28.605  -1.781  29.539 0.0000000000
75371  29.349  -2.110  29.092 0.0000000000
76367  29.871  -1.239  30.235 0.0000000000
127047  30.260  -0.805  30.727 0.0000000000
68628  22.213  -7.489  39.564 0.0000000000
67524  22.729  -8.242  39.088 0.0000000000
66378  23.936  -9.314  39.009 0.0000000000
66453  27.356  -9.692  35.697 0.0000000000
66414  27.399  -9.551  37.475 0.0000000000
66430  27.348  -9.644  36.585 0.0000000000
67576  27.927  -9.085  35.225 0.0000000000
67589  28.406  -8.399  34.577 0.0000000000
68698  28.953  -7.617  34.230 0.0000000000
69669  24.312  -6.087  44.437 0.0000000000
149317  24.844  -5.856  44.185 0.0000000000
130727  26.356  -5.440  44.106 0.0000000000
69681  26.108  -6.167  43.544 0.0000000000
144203  25.979  -6.664  43.199 0.0000000000
68584  26.991  -7.376  42.576 0.0000000000
68598  27.398  -8.021  41.954 0.0000000000
68597  28.400  -8.054  41.628 0.0000000000
71982  29.171  -4.764  42.959 0.0000000000
70865  29.712  -5.073  42.165 0.0000000000
70852  29.041  -5.718  42.401 0.0000000000
69707  28.785  -7.207  41.945 0.0000000000
67503  28.315  -8.588  40.858 0.0000000000
67502  28.856  -8.419  40.155 0.0000000000
67531  28.969  -8.357  39.040 0.0000000000
140339  29.307  -8.065  38.335 0.0000000000
144961  30.260  -7.441  38.571 0.0000000000
68642  29.808  -7.669  38.076 0.0000000000
67546  29.259  -8.029  37.653 0.0000000000
68669  29.748  -7.358  36.420 0.0000000000
68697  29.529  -7.176  34.619 0.0000000000
69798  29.813  -6.604  34.235 0.0000000000
69797  30.096  -5.987  33.884 0.0000000000
70932  30.717  -5.710  35.156 0.0000000000
70969  30.024  -5.136  32.929 0.0000000000
72102  30.213  -4.560  33.163 0.0000000000
73148  30.266  -3.837  33.364 0.0000000000
73149  29.807  -3.342  33.006 0.0000000000
72036  32.670  -4.330  37.858 0.0000000000
148664  31.812  -3.745  36.925 0.0000000000
73111  31.584  -3.313  36.394 0.0000000000
74249  32.095  -2.056  37.361 0.0000000000
141757  31.368  -2.894  35.885 0.0000000000
74274  31.096  -2.898  35.270 0.0000000000
74275  30.726  -2.829  34.611 0.0000000000
74283  30.260  -2.607  33.999 0.0000000000
74289  29.615  -2.251  33.226 0.0000000000
75321  29.185  -1.294  32.694 0.0000000000
76335  29.465  -0.517  32.853 0.0000000000
77366  29.810  0.210  33.314 0.0000000000
77382  29.785  0.005  32.649 0.0000000000
81931  41.746  4.248  3.382 0.0000000000
80942  41.352  3.611  3.677 0.0000000000
79845  41.041  3.076  3.974 0.0000000000
78709  41.625  1.800  4.815 0.0000000000
78700  41.960  1.335  5.639 0.0000000000
125412  41.911  0.911  6.770 0.0000000000
77648  41.340  0.992  7.741 0.0000000000
77641  41.851  1.037  8.521 0.0000000000
78684  43.088  0.809  8.985 0.0000000000
78677  43.230  1.371  9.247 0.0000000000
80882  44.467  3.059  9.147 0.0000000000
136998  44.927  3.903  8.530 0.0000000000
80909  41.060  4.161  7.818 0.0000000000
127769  42.625  5.682  7.593 0.0000000000
81904  42.794  4.936  7.595 0.0000000000
134380  43.274  3.978  8.176 0.0000000000
81893  44.704  4.827  7.830 0.0000000000
80895  45.740  4.397  8.303 0.0000000000
81892  46.291  5.254  8.125 0.0000000000
82847  46.814  5.785  8.425 0.0000000000
84570  46.456  6.650  8.948 0.0000000000
84577  47.105  6.717  8.873 0.0000000000
55114  20.250  -18.160  52.019 0.0000000000
55129  18.447  -17.978  51.086 0.0000000000
56179  17.769  -17.081  56.050 0.0000000000
56241  17.685  -17.363  50.055 0.0000000000
56251  20.216  -17.279  48.906 0.0000000000
56276  18.564  -17.416  47.019 0.0000000000
56291  19.274  -17.142  46.938 0.0000000000
56308  18.338  -17.112  45.657 0.0000000000
57467  16.584  -16.383  51.939 0.0000000000
57488  20.518  -16.707  48.753 0.0000000000
57490  15.584  -16.540  49.658 0.0000000000
57501  20.391  -16.397  48.161 0.0000000000
57514  20.083  -16.509  47.660 0.0000000000
57531  18.748  -16.607  45.807 0.0000000000
57572  16.484  -16.398  43.319 0.0000000000
57577  12.895  -16.501  43.647 0.0000000000
57589  11.166  -16.410  41.804 0.0000000000
57614  10.958  -16.394  40.747 0.0000000000
58672  15.817  -15.320  52.608 0.0000000000
58738  20.225  -15.854  47.814 0.0000000000
58802  11.133  -16.265  42.332 0.0000000000
59898  15.914  -15.035  55.982 0.0000000000
59990  19.253  -13.231  49.260 0.0000000000
60016  18.449  -13.740  47.498 0.0000000000
60038  17.852  -14.287  45.474 0.0000000000
60052  9.401  -14.329  44.369 0.0000000000
60063  17.800  -14.273  43.436 0.0000000000
60116  8.534  -14.485  40.993 0.0000000000
61176  14.041  -13.898  56.202 0.0000000000
61195  14.967  -13.893  55.253 0.0000000000
61234  -1.888  -13.618  52.900 0.0000000000
61322  10.056  -14.098  45.589 0.0000000000
61336  20.125  -13.099  43.938 0.0000000000
61382  7.866  -13.675  42.395 0.0000000000
61428  19.986  -13.030  39.904 0.0000000000
61450  18.887  -13.849  37.981 0.0000000000
62528  13.850  -12.973  54.842 0.0000000000
62534  -2.284  -12.397  54.010 0.0000000000
62544  12.891  -11.922  53.640 0.0000000000
62568  -0.929  -12.579  52.848 0.0000000000
62569  -1.531  -13.020  53.054 0.0000000000
62660  20.422  -12.542  45.273 0.0000000000
62662  18.560  -12.996  45.943 0.0000000000
62681  21.273  -12.181  44.120 0.0000000000
62736  20.901  -12.457  41.931 0.0000000000
62739  6.038  -12.990  41.680 0.0000000000
63821  12.339  -11.565  54.063 0.0000000000
63839  11.978  -11.530  52.660 0.0000000000
63855  11.562  -11.788  51.337 0.0000000000
63856  0.536  -11.685  51.757 0.0000000000
63884  18.816  -11.406  48.840 0.0000000000
63902  19.079  -11.589  47.999 0.0000000000
63906  7.134  -11.242  47.369 0.0000000000
63997  20.980  -11.211  42.428 0.0000000000
64010  20.368  -11.420  41.251 0.0000000000
64031  19.863  -11.926  39.904 0.0000000000
65027  -1.080  -10.739  54.152 0.0000000000
65068  19.118  -10.233  49.822 0.0000000000
65069  18.953  -10.771  50.245 0.0000000000
65072  6.854  -10.447  49.307 0.0000000000
65075  4.263  -10.197  49.076 0.0000000000
65088  19.303  -10.533  48.963 0.0000000000
65149  21.648  -10.686  45.582 0.0000000000
65228  25.559  -10.042  38.145 0.0000000000
66190  -0.180  -9.651  53.810 0.0000000000
66237  2.764  -9.702  50.693 0.0000000000
66363  19.457  -8.702  40.819 0.0000000000
66400  18.260  -9.256  38.489 0.0000000000
66471  27.141  -9.808  34.449 0.0000000000
67336  2.097  -8.164  53.451 0.0000000000
67349  7.781  -8.969  53.240 0.0000000000
67404  20.719  -8.663  48.882 0.0000000000
67443  22.262  -8.163  45.763 0.0000000000
67520  26.851  -9.018  40.256 0.0000000000
67533  27.697  -9.185  39.087 0.0000000000
68436  4.263  -7.976  53.403 0.0000000000
68596  29.287  -7.699  41.416 0.0000000000
68602  22.829  -7.873  41.793 0.0000000000
68612  30.197  -7.407  40.205 0.0000000000
68614  28.976  -8.256  41.043 0.0000000000
68680  30.221  -6.830  36.136 0.0000000000
68682  29.097  -7.784  35.066 0.0000000000
68704  29.354  -7.068  33.865 0.0000000000
68726  28.500  -7.046  31.793 0.0000000000
69682  24.664  -6.273  43.789 0.0000000000
69802  29.611  -6.510  33.494 0.0000000000
69841  28.283  -6.095  31.010 0.0000000000
69888  23.536  -6.008  27.179 0.0000000000
69915  28.549  -6.583  24.218 0.0000000000
69946  28.903  -6.324  22.332 0.0000000000
69947  28.272  -6.639  22.849 0.0000000000
70956  30.334  -5.218  33.593 0.0000000000
70985  28.031  -5.483  30.750 0.0000000000
71021  24.398  -5.454  27.565 0.0000000000
71060  28.469  -6.143  25.836 0.0000000000
71074  30.990  -5.380  24.250 0.0000000000
71075  30.833  -5.328  25.083 0.0000000000
71139  30.098  -5.370  19.847 0.0000000000
71946  25.923  -4.288  45.935 0.0000000000
71959  27.809  -4.307  44.725 0.0000000000
72077  30.849  -4.267  34.449 0.0000000000
72111  29.340  -4.653  32.021 0.0000000000
72129  26.353  -4.094  29.546 0.0000000000
72131  25.433  -4.746  28.588 0.0000000000
72187  24.837  -5.048  27.509 0.0000000000
72272  31.446  -4.923  19.496 0.0000000000
73157  29.961  -4.036  32.881 0.0000000000
73205  27.243  -2.737  28.648 0.0000000000
74263  30.806  -2.156  35.077 0.0000000000
74311  26.802  -2.625  29.591 0.0000000000
74404  36.360  -2.608  22.134 0.0000000000
75358  29.599  -1.675  29.703 0.0000000000
75372  28.542  -2.159  28.935 0.0000000000
75437  35.938  -2.211  22.871 0.0000000000
75450  38.902  -1.335  21.330 0.0000000000
75460  38.092  -1.584  20.331 0.0000000000
75467  37.669  -0.979  19.703 0.0000000000
76336  29.160  -0.917  32.252 0.0000000000
76347  29.455  -0.661  32.190 0.0000000000
76440  39.959  0.002  21.799 0.0000000000
76466  37.878  -0.250  19.603 0.0000000000
76507  38.003  -0.479  15.866 0.0000000000
77522  37.856  0.037  19.185 0.0000000000
77630  44.882  0.657  9.072 0.0000000000
77640  42.618  0.694  8.530 0.0000000000
77646  43.009  0.500  7.792 0.0000000000
78685  42.473  1.191  9.026 0.0000000000
78693  42.888  0.847  6.386 0.0000000000
78707  43.461  1.681  4.841 0.0000000000
79757  41.482  2.468  12.804 0.0000000000
79788  43.569  2.353  9.278 0.0000000000
79798  42.076  2.708  8.725 0.0000000000
79826  41.269  2.440  4.298 0.0000000000
79827  40.375  2.654  4.283 0.0000000000
79844  41.752  3.000  3.952 0.0000000000
80758  39.620  3.548  20.957 0.0000000000
80768  40.067  3.578  20.657 0.0000000000
80846  43.197  3.638  13.051 0.0000000000
80847  42.798  3.189  13.521 0.0000000000
80896  44.140  3.996  8.359 0.0000000000
81875  41.362  5.037  10.428 0.0000000000
81930  42.566  5.089  3.081 0.0000000000
82707  40.373  5.354  21.561 0.0000000000
82827  43.629  5.831  10.270 0.0000000000
82849  44.760  5.819  8.072 0.0000000000
83723  45.379  6.903  11.043 0.0000000000
84569  47.242  7.406  9.234 0.0000000000
124188  11.951  -15.498  44.732 0.0000000000
126455  18.316  -17.533  49.584 0.0000000000
127870  14.221  -13.226  54.551 0.0000000000
128344  26.026  -4.234  27.717 0.0000000000
128524  5.986  -9.713  50.561 0.0000000000
129210  13.465  -15.671  46.981 0.0000000000
131789  21.432  -11.699  44.599 0.0000000000
132237  31.373  -4.917  36.163 0.0000000000
134343  29.318  -2.881  32.628 0.0000000000
134879  25.452  -4.907  45.344 0.0000000000
137073  27.080  -8.748  40.894 0.0000000000
137163  19.624  -13.802  41.543 0.0000000000
137551  -3.174  -13.184  54.227 0.0000000000
137592  18.646  -12.018  48.994 0.0000000000
140541  39.585  -0.541  21.673 0.0000000000
140684  19.587  -13.449  39.675 0.0000000000
141077  42.276  5.311  7.595 0.0000000000
141807  29.179  -6.320  24.254 0.0000000000
142010  29.034  -6.460  42.010 0.0000000000
142184  16.611  -17.440  46.216 0.0000000000
142673  10.791  -12.929  48.446 0.0000000000
143911  40.448  4.888  8.046 0.0000000000
143933  19.868  -6.696  38.449 0.0000000000
144845  17.302  -16.631  56.016 0.0000000000
145045  42.154  5.932  8.359 0.0000000000
145077  20.228  -13.425  41.688 0.0000000000
145850  8.951  -14.885  40.576 0.0000000000
146196  19.039  -12.375  49.370 0.0000000000
146378  32.546  -4.069  25.007 0.0000000000
146426  38.580  3.688  8.533 0.0000000000
147627  16.047  -15.964  56.852 0.0000000000
147983  32.328  -3.677  37.456 0.0000000000
148439  5.204  -8.954  51.820 0.0000000000
148740  21.763  -9.380  46.249 0.0000000000
149022  20.162  -10.849  41.380 0.0000000000
149245  22.027  -7.814  43.696 0.0000000000
149952  30.130  -3.127  33.524 0.0000000000
