#!ascii label  , from subject sub-v1s20x0050380_ses-1 vox2ras=TkReg
1893
20553  20.335  -54.121  -1.507 0.8999999762
19667  20.335  -55.048  -1.582 0.8000000119
19684  20.996  -55.007  -2.820 0.8000000119
18810  19.795  -56.663  -1.867 0.6999999881
18828  20.060  -56.169  -3.302 0.8000000119
20554  19.618  -53.941  -0.965 0.8999999762
20572  21.354  -54.202  -2.889 1.0000000000
20581  21.695  -54.225  -3.717 1.0000000000
19699  21.307  -55.024  -3.585 0.8999999762
19700  20.654  -55.698  -3.793 0.8000000119
18848  19.813  -56.346  -3.913 0.8000000119
19714  20.585  -55.786  -4.500 0.8999999762
18849  19.198  -57.149  -4.199 0.8000000119
19730  19.543  -56.207  -5.523 0.6999999881
18866  18.833  -57.181  -5.021 0.6999999881
21401  18.232  -53.474  -0.830 0.8000000119
134400  19.083  -53.186  -1.132 0.8999999762
22235  19.607  -52.684  -1.696 0.8999999762
142622  18.894  -52.569  -1.647 0.8999999762
22245  16.747  -52.699  -2.556 0.8999999762
21433  21.723  -53.452  -3.412 0.8999999762
21439  22.009  -53.671  -4.188 1.0000000000
20593  21.771  -54.609  -5.408 0.8999999762
21455  21.777  -53.747  -6.463 1.0000000000
19728  21.181  -55.141  -5.764 0.8999999762
19729  20.508  -55.729  -5.270 0.8999999762
18865  19.660  -56.369  -4.701 0.8000000119
18867  18.216  -57.594  -5.654 0.6999999881
23093  21.046  -51.543  -2.927 0.8999999762
23094  20.300  -51.572  -2.648 0.8999999762
23095  19.597  -51.498  -2.692 0.8999999762
23097  18.038  -51.926  -2.855 0.8999999762
22254  17.295  -52.207  -3.116 0.8999999762
22242  21.337  -52.239  -2.867 0.8999999762
22253  21.733  -52.608  -3.272 0.8999999762
21447  22.168  -53.735  -5.127 1.0000000000
19757  20.072  -55.001  -6.813 0.8000000119
19745  19.412  -55.829  -6.355 0.8000000119
19746  18.546  -56.205  -6.675 0.8000000119
19760  17.717  -55.967  -7.867 0.8000000119
18893  17.168  -56.912  -7.488 0.8000000119
18898  16.978  -56.334  -8.392 0.8000000119
23940  19.194  -51.080  -3.299 0.8999999762
23114  17.795  -51.665  -3.791 0.8999999762
23115  17.118  -52.034  -4.162 0.8999999762
139711  21.054  -50.776  -3.277 0.8999999762
23953  18.238  -51.079  -4.410 0.8999999762
23127  17.564  -51.404  -4.798 0.8000000119
22260  16.398  -52.343  -4.539 0.8000000119
23112  21.694  -51.833  -3.251 0.8999999762
24818  18.108  -49.696  -5.573 0.6999999881
23128  16.841  -51.728  -5.175 0.6999999881
23133  16.337  -51.180  -6.047 0.6999999881
23111  22.141  -52.150  -3.880 0.8999999762
148399  16.360  -50.332  -6.381 0.6999999881
23142  14.779  -50.037  -7.025 0.6999999881
131142  22.608  -51.233  -5.708 1.0000000000
24857  14.654  -48.943  -6.695 0.6000000238
22266  22.325  -52.741  -5.361 1.0000000000
22274  22.301  -52.465  -6.160 1.0000000000
22275  21.982  -52.986  -6.724 1.0000000000
21461  21.345  -53.502  -7.226 1.0000000000
20611  20.646  -54.233  -7.243 0.8999999762
22283  21.621  -52.592  -7.411 1.0000000000
21462  20.670  -53.583  -7.716 0.8999999762
141304  20.166  -53.923  -7.828 0.8000000119
20612  19.793  -54.538  -7.547 0.8000000119
19759  18.453  -55.639  -7.480 0.8000000119
20625  17.884  -54.735  -8.809 0.8000000119
143158  17.612  -55.460  -8.486 0.8000000119
19777  17.034  -55.236  -9.044 0.8000000119
20631  17.404  -54.264  -9.355 0.8000000119
130007  16.252  -55.307  -9.490 0.8000000119
134740  20.013  -51.212  -2.834 0.8999999762
23113  18.483  -51.346  -3.511 0.8999999762
23950  20.348  -50.404  -3.368 0.8999999762
23951  19.535  -50.335  -3.708 0.8999999762
23952  18.845  -50.729  -4.015 0.8999999762
24817  18.828  -49.631  -4.905 0.8999999762
23948  22.242  -50.621  -4.093 0.8999999762
23989  17.504  -50.101  -5.914 0.6999999881
23973  22.631  -50.638  -4.658 0.8999999762
24838  17.243  -49.224  -6.209 0.6000000238
24839  16.213  -48.637  -6.348 0.6000000238
23988  22.826  -50.536  -5.408 1.0000000000
24819  15.225  -48.552  -5.725 0.5000000000
23141  22.412  -51.629  -6.282 1.0000000000
25642  14.968  -48.825  -4.554 0.5000000000
136659  22.296  -51.269  -6.981 1.0000000000
23151  21.786  -51.718  -7.532 1.0000000000
22290  21.176  -52.117  -8.043 1.0000000000
22284  20.935  -52.930  -7.886 1.0000000000
21467  20.160  -53.264  -8.278 0.8999999762
20613  18.996  -54.805  -7.868 0.8000000119
21472  18.993  -52.855  -9.134 0.8999999762
21469  18.833  -53.603  -8.857 0.8000000119
20624  18.616  -54.358  -8.525 0.8000000119
22300  18.419  -52.398  -9.640 0.8999999762
21473  18.288  -53.206  -9.394 0.8000000119
22312  17.858  -51.918  -10.093 0.8999999762
21475  16.962  -53.594  -9.914 0.8000000119
21477  15.110  -54.221  -10.581 0.8000000119
124319  14.621  -53.385  -11.173 0.8000000119
125045  14.164  -54.155  -11.131 0.8000000119
24799  19.044  -50.148  -4.343 0.8999999762
24796  21.161  -49.871  -3.626 0.8999999762
25616  21.713  -49.002  -3.981 0.8999999762
134120  18.475  -48.866  -5.441 0.6999999881
25639  17.716  -48.671  -6.017 0.8000000119
143188  22.497  -50.069  -4.406 0.8999999762
139288  22.367  -49.036  -4.286 0.8999999762
25668  16.925  -48.378  -6.272 0.6999999881
25669  16.418  -47.874  -6.180 0.6000000238
25670  15.676  -48.052  -6.050 0.6000000238
26562  16.684  -47.265  -5.916 0.6999999881
25640  16.076  -47.675  -5.570 0.6000000238
25641  15.586  -48.259  -4.924 0.5000000000
24002  22.647  -50.721  -6.264 1.0000000000
26513  15.451  -47.457  -4.047 0.5000000000
26514  14.729  -47.955  -3.899 0.5000000000
24016  22.461  -50.392  -7.086 1.0000000000
23161  21.285  -51.200  -8.199 1.0000000000
126802  20.744  -51.712  -8.528 1.0000000000
22292  19.744  -52.602  -8.833 0.8999999762
128171  21.526  -49.809  -8.365 1.0000000000
23162  20.610  -51.037  -8.805 0.8999999762
22298  20.078  -51.712  -9.012 0.8999999762
22299  19.221  -52.048  -9.352 0.8999999762
23173  19.420  -51.117  -9.557 0.8999999762
23181  18.057  -51.147  -10.283 0.8999999762
22313  17.045  -52.135  -10.411 0.8999999762
22314  16.379  -52.644  -10.638 0.8999999762
24037  18.748  -50.755  -10.051 0.8999999762
23182  17.470  -51.471  -10.471 0.8999999762
22315  15.799  -52.417  -11.101 0.8999999762
23183  16.881  -51.364  -10.871 0.8999999762
25617  20.756  -48.949  -3.972 0.8999999762
24798  19.448  -49.612  -4.301 0.8999999762
25638  19.213  -48.935  -4.877 0.8999999762
25618  19.906  -48.958  -4.320 0.8999999762
126306  18.870  -48.027  -5.345 1.0000000000
143001  18.087  -48.115  -5.864 0.8000000119
25636  21.300  -48.059  -4.167 0.8999999762
24837  23.095  -49.684  -5.568 0.8999999762
24816  22.640  -49.442  -4.520 0.8999999762
27497  17.414  -46.941  -5.855 0.6999999881
27474  16.863  -46.734  -5.392 0.6999999881
26511  16.405  -46.780  -4.511 0.5000000000
24856  22.938  -49.787  -6.429 1.0000000000
27446  15.245  -46.692  -3.989 0.5000000000
26539  14.833  -47.274  -3.967 0.5000000000
142095  22.594  -49.536  -7.307 1.0000000000
24892  22.088  -49.260  -8.052 1.0000000000
25718  22.066  -48.339  -8.342 1.0000000000
24894  20.901  -49.626  -8.898 1.0000000000
24893  21.437  -49.019  -8.644 1.0000000000
25719  21.335  -48.246  -9.037 1.0000000000
24907  20.280  -49.455  -9.465 0.8999999762
24036  19.323  -50.395  -9.854 0.8999999762
24920  18.225  -49.632  -10.765 0.8999999762
22359  14.142  -52.308  -12.844 0.6999999881
23223  13.393  -51.606  -12.854 0.8000000119
22361  11.509  -52.572  -12.486 0.8000000119
23225  10.438  -51.794  -12.246 0.8000000119
25635  22.243  -48.326  -4.334 0.8999999762
26534  21.418  -47.093  -4.350 1.0000000000
26535  20.535  -47.349  -4.477 1.0000000000
27472  19.884  -46.713  -4.925 1.0000000000
26537  18.962  -46.911  -5.463 0.6999999881
26560  18.103  -47.333  -5.883 0.6999999881
129306  23.270  -48.980  -5.373 0.8999999762
26532  23.259  -47.747  -5.068 0.8999999762
128256  17.491  -46.139  -5.423 0.6999999881
27445  15.946  -46.794  -4.060 0.6000000238
25694  23.099  -48.918  -6.808 1.0000000000
24855  23.409  -49.021  -6.043 0.8999999762
25667  23.490  -48.251  -5.594 0.8999999762
28420  14.745  -45.763  -4.275 0.4000000060
25710  22.662  -48.723  -7.602 1.0000000000
133432  20.321  -48.732  -9.663 1.0000000000
25726  20.695  -48.169  -9.602 1.0000000000
23186  12.266  -51.480  -11.286 0.8999999762
23219  17.623  -51.367  -13.399 0.6000000238
23221  15.542  -51.479  -13.288 0.6000000238
23222  14.558  -51.503  -13.101 0.8000000119
23224  11.977  -51.711  -12.617 0.8000000119
22349  9.930  -52.438  -11.851 0.8999999762
130905  11.515  -52.213  -11.132 0.8999999762
27468  23.272  -46.872  -4.945 0.8999999762
27469  22.350  -46.776  -4.462 0.8999999762
27473  18.718  -46.047  -5.489 0.8000000119
144079  18.132  -45.862  -5.516 0.6999999881
28440  17.060  -45.484  -4.622 0.6999999881
29355  16.266  -45.305  -4.181 0.6000000238
29368  14.669  -44.871  -4.522 0.4000000060
26595  23.524  -47.439  -6.775 1.0000000000
144032  23.719  -47.685  -6.070 0.8999999762
26596  23.046  -47.458  -7.646 1.0000000000
26608  22.448  -47.525  -8.276 1.0000000000
27546  22.217  -46.953  -8.692 1.0000000000
27555  21.657  -46.765  -9.239 1.0000000000
26621  21.158  -47.484  -9.456 1.0000000000
27571  20.244  -46.708  -10.412 1.0000000000
24048  14.371  -50.372  -11.505 0.8999999762
24923  14.207  -49.530  -11.546 0.8999999762
24924  13.368  -49.993  -11.465 0.8999999762
24067  10.810  -50.396  -11.749 0.8999999762
23187  11.259  -51.112  -11.426 0.8999999762
24962  19.631  -49.894  -13.990 0.6000000238
24086  18.318  -50.895  -13.578 0.6000000238
133735  16.864  -51.078  -13.569 0.6000000238
124094  16.021  -50.860  -13.596 0.8000000119
24090  13.789  -50.831  -13.155 0.8000000119
23210  9.894  -51.385  -11.931 0.8999999762
27470  21.506  -46.359  -4.376 0.8999999762
27471  20.725  -46.474  -4.508 0.8999999762
145008  19.372  -46.187  -5.249 0.6999999881
28435  21.020  -45.623  -4.438 0.8999999762
147209  20.436  -45.201  -4.621 0.8999999762
28439  17.904  -45.355  -5.087 0.6000000238
27495  23.746  -46.551  -5.573 1.0000000000
139740  23.564  -45.971  -5.136 1.0000000000
28433  22.951  -45.999  -4.663 1.0000000000
133567  18.018  -44.011  -4.626 0.6000000238
129732  17.329  -44.039  -4.441 0.6000000238
128441  15.940  -44.368  -4.228 0.5000000000
126318  23.701  -46.700  -6.722 1.0000000000
26583  23.811  -47.008  -6.135 1.0000000000
28473  23.986  -45.559  -6.649 1.0000000000
27531  23.369  -46.736  -7.402 1.0000000000
27545  22.781  -46.785  -8.151 1.0000000000
28513  22.303  -46.098  -8.791 1.0000000000
28514  21.452  -45.780  -9.613 1.0000000000
27556  20.923  -46.670  -9.863 1.0000000000
142569  19.907  -46.137  -10.647 1.0000000000
26639  19.155  -47.382  -10.863 1.0000000000
146157  18.380  -47.380  -11.214 1.0000000000
26652  17.890  -48.074  -11.293 1.0000000000
143411  17.198  -47.986  -11.460 1.0000000000
135082  16.584  -48.307  -11.537 0.8999999762
25761  17.304  -48.645  -11.369 0.8999999762
24922  15.124  -49.895  -11.560 0.8999999762
24925  12.333  -49.760  -11.553 0.8999999762
24967  10.985  -50.102  -12.177 0.8999999762
129678  21.119  -48.723  -14.432 0.6000000238
132089  20.081  -49.510  -14.145 0.6000000238
24101  18.291  -50.146  -14.095 0.6000000238
24087  17.566  -50.621  -13.742 0.6000000238
140264  14.967  -50.686  -13.431 0.8000000119
24091  12.862  -50.036  -13.029 0.8000000119
135782  22.511  -45.210  -4.606 0.8999999762
135942  20.402  -44.056  -4.632 0.6999999881
142175  19.046  -44.895  -4.937 0.6000000238
144774  18.644  -43.980  -4.669 0.6000000238
28453  23.851  -45.266  -5.427 0.8999999762
30299  17.481  -43.286  -4.505 0.6000000238
30300  16.557  -43.614  -4.366 0.5000000000
27494  23.875  -45.866  -5.646 1.0000000000
135063  23.746  -46.087  -7.078 1.0000000000
29400  24.211  -44.795  -6.649 0.8999999762
27544  23.189  -45.899  -7.943 1.0000000000
28503  22.720  -45.216  -8.623 1.0000000000
142042  22.082  -45.272  -9.171 1.0000000000
29443  21.623  -44.798  -9.641 1.0000000000
29444  20.945  -45.003  -10.099 1.0000000000
28530  20.525  -45.823  -10.275 1.0000000000
129008  19.284  -45.983  -10.950 1.0000000000
27591  17.929  -46.616  -11.360 1.0000000000
26653  16.722  -47.536  -11.567 1.0000000000
26655  15.226  -47.471  -11.719 0.8999999762
129897  14.943  -48.260  -11.658 0.8999999762
25745  13.170  -49.201  -11.571 0.8999999762
24944  11.737  -49.295  -12.197 0.8999999762
24975  20.070  -49.138  -14.821 0.6000000238
148958  19.256  -49.530  -14.499 0.6000000238
24102  17.468  -49.983  -14.112 0.6000000238
24979  16.955  -49.455  -14.277 0.6999999881
24963  14.799  -49.814  -13.642 0.6999999881
147648  14.080  -50.182  -13.391 0.6999999881
24966  11.808  -49.525  -12.549 0.8000000119
25785  11.932  -48.564  -12.832 0.8999999762
25795  21.591  -48.348  -14.641 0.6000000238
24964  13.746  -49.474  -13.481 0.6999999881
24965  12.552  -49.100  -13.176 0.8000000119
147227  12.375  -48.436  -13.319 0.8999999762
29364  19.134  -44.253  -4.742 0.6999999881
30298  18.373  -43.385  -4.609 0.6000000238
29382  22.749  -43.900  -4.892 0.8999999762
29361  21.972  -44.411  -4.607 0.8000000119
30311  20.560  -43.334  -4.677 0.6999999881
29380  24.197  -44.626  -5.814 0.8999999762
29381  23.607  -44.437  -5.241 0.8000000119
30328  24.501  -43.911  -6.309 0.8000000119
30344  24.170  -43.790  -7.666 0.8999999762
29417  24.381  -44.105  -7.022 0.8000000119
28502  23.369  -44.963  -8.015 1.0000000000
148934  23.010  -44.558  -8.574 1.0000000000
29442  22.375  -44.470  -9.154 1.0000000000
30375  21.762  -43.972  -9.746 1.0000000000
29459  21.191  -44.322  -10.054 1.0000000000
142769  20.324  -45.041  -10.459 1.0000000000
28532  19.173  -45.197  -11.137 1.0000000000
28549  18.402  -45.771  -11.292 1.0000000000
27592  16.973  -46.654  -11.593 1.0000000000
133186  16.097  -47.053  -11.706 0.8999999762
27595  14.501  -46.810  -11.862 0.8999999762
25763  14.046  -48.667  -11.620 0.8999999762
26658  12.092  -47.539  -12.656 0.8999999762
24977  18.734  -49.430  -14.556 0.6000000238
138322  15.622  -48.914  -14.213 0.6999999881
25775  11.903  -48.393  -12.830 0.8999999762
25809  22.028  -48.775  -16.225 0.6000000238
25810  21.402  -48.735  -15.890 0.6000000238
126264  15.120  -48.309  -14.281 0.6999999881
25784  13.376  -48.713  -13.621 0.6999999881
30296  19.767  -43.695  -4.661 0.6999999881
30297  19.051  -43.522  -4.665 0.6000000238
30309  22.452  -43.074  -5.023 0.8000000119
30294  21.946  -43.610  -4.722 0.8000000119
31245  20.688  -42.532  -4.802 0.6999999881
139627  19.495  -42.903  -4.676 0.6999999881
30329  24.361  -43.258  -5.851 0.6999999881
145366  23.513  -43.368  -5.376 0.8000000119
30343  24.633  -43.420  -7.038 0.6999999881
31295  23.914  -42.717  -8.721 0.8000000119
30373  23.217  -43.168  -9.141 0.8000000119
30361  23.039  -43.904  -8.822 0.8000000119
31310  22.730  -42.857  -9.828 0.8000000119
30374  22.497  -43.596  -9.465 0.8999999762
30392  21.999  -43.246  -10.106 0.8999999762
30393  21.204  -43.627  -10.398 1.0000000000
29460  19.837  -44.717  -10.838 1.0000000000
131007  17.509  -45.906  -11.526 1.0000000000
28550  17.133  -45.312  -11.711 1.0000000000
29473  19.263  -44.405  -11.386 1.0000000000
29474  18.366  -44.796  -11.566 1.0000000000
27593  16.199  -46.213  -11.767 1.0000000000
28552  15.492  -45.776  -11.941 1.0000000000
27594  15.403  -46.574  -11.805 0.8999999762
124737  14.801  -46.133  -11.925 0.8999999762
27596  13.561  -46.888  -12.069 0.8999999762
147322  13.236  -46.282  -12.192 0.8999999762
25811  20.616  -48.751  -15.495 0.6000000238
25812  19.749  -48.787  -15.082 0.6000000238
25797  18.134  -48.787  -14.702 0.6000000238
134664  16.402  -48.841  -14.420 0.6999999881
135015  11.714  -47.817  -13.112 0.8999999762
26687  15.641  -47.719  -14.502 0.6999999881
25799  14.072  -48.197  -13.999 0.6999999881
26690  12.349  -47.380  -13.655 0.8999999762
27627  12.046  -46.661  -13.785 0.8999999762
31244  22.071  -42.402  -5.122 0.6999999881
126033  21.395  -42.104  -5.064 0.6000000238
31246  20.006  -42.249  -4.796 0.6000000238
31233  18.802  -42.762  -4.631 0.6000000238
31243  23.951  -42.661  -5.670 0.6999999881
32068  22.091  -41.613  -5.336 0.6000000238
31261  24.555  -42.537  -6.133 0.6999999881
31260  24.916  -42.550  -6.982 0.6999999881
31277  24.786  -42.183  -7.729 0.6999999881
32129  23.817  -41.769  -9.877 0.8000000119
31324  22.324  -42.578  -10.519 0.8000000119
31325  21.616  -42.899  -10.732 0.8000000119
30394  20.567  -43.677  -10.852 1.0000000000
30408  20.950  -43.145  -11.077 0.8000000119
30411  18.685  -43.983  -11.923 1.0000000000
29475  17.498  -44.780  -11.810 1.0000000000
28551  16.349  -45.345  -11.915 1.0000000000
30425  18.161  -43.522  -12.474 1.0000000000
29488  17.052  -44.297  -12.152 1.0000000000
145813  15.695  -44.540  -12.381 1.0000000000
29489  15.101  -44.610  -12.488 1.0000000000
28566  14.524  -45.385  -12.204 1.0000000000
28553  13.400  -45.676  -12.223 0.8999999762
25814  18.488  -48.170  -14.849 0.6000000238
148749  12.467  -46.074  -12.516 0.8999999762
25824  21.934  -48.729  -16.442 0.6000000238
26701  19.882  -48.188  -15.438 0.6000000238
26685  17.583  -48.054  -14.742 0.6999999881
27609  11.767  -46.267  -13.060 0.8999999762
26704  17.099  -47.217  -14.707 0.6999999881
27625  13.955  -46.756  -14.419 0.6999999881
27626  12.712  -46.261  -14.349 0.8999999762
32070  19.798  -41.358  -5.055 0.5000000000
32082  23.101  -41.277  -5.573 0.6000000238
32899  21.416  -40.843  -5.407 0.5000000000
32066  23.965  -41.875  -5.796 0.6999999881
32080  24.623  -41.735  -6.497 0.6999999881
129206  24.901  -41.661  -7.350 0.6999999881
32128  24.542  -41.348  -9.456 0.6999999881
31323  23.065  -42.183  -10.264 0.8000000119
32146  22.661  -41.909  -11.119 0.8000000119
31336  22.000  -42.411  -11.107 0.8000000119
131041  22.561  -41.413  -12.009 0.8000000119
31343  21.322  -42.265  -12.208 0.8000000119
30423  19.958  -43.026  -12.314 0.8999999762
30410  19.525  -43.702  -11.746 1.0000000000
31344  19.330  -42.718  -12.941 0.8999999762
30424  19.038  -43.349  -12.428 1.0000000000
30426  17.327  -43.674  -12.496 1.0000000000
30427  16.546  -43.844  -12.514 1.0000000000
30429  14.709  -44.005  -12.836 1.0000000000
29478  13.480  -44.986  -12.444 0.8999999762
28554  12.779  -45.366  -12.477 0.8999999762
28567  12.109  -45.491  -12.932 0.8999999762
29490  12.582  -44.813  -12.891 0.8999999762
29501  11.875  -44.888  -13.495 0.8999999762
26700  20.663  -48.441  -15.913 0.6000000238
26702  18.978  -47.646  -15.005 0.6000000238
27623  16.182  -47.090  -14.615 0.6999999881
125649  13.650  -45.999  -14.696 0.8000000119
136690  11.819  -45.762  -14.070 0.8999999762
148450  21.901  -48.501  -16.750 0.6000000238
27642  17.642  -46.444  -14.744 0.6999999881
28586  15.787  -46.368  -14.641 0.6999999881
28589  12.663  -45.405  -14.742 0.8000000119
127567  11.604  -44.918  -14.003 0.8999999762
28587  14.840  -46.027  -14.712 0.6999999881
29513  12.216  -44.559  -14.888 0.8999999762
32083  22.319  -40.817  -5.519 0.5000000000
33789  21.019  -39.753  -5.683 0.5000000000
32081  23.949  -40.870  -6.095 0.6999999881
32912  22.035  -40.087  -5.682 0.5000000000
32096  24.676  -40.905  -6.875 0.6999999881
32095  24.946  -40.879  -7.699 0.6999999881
32094  25.047  -40.746  -8.390 0.6999999881
32939  25.031  -40.753  -9.128 0.6999999881
32972  24.742  -40.477  -10.758 0.6999999881
32144  24.298  -41.176  -10.321 0.6999999881
32158  23.316  -41.240  -11.516 0.8000000119
33002  23.231  -40.674  -12.311 0.8000000119
32170  21.856  -41.660  -12.532 0.8000000119
31356  20.434  -42.057  -13.280 0.8000000119
31358  18.816  -42.319  -13.502 0.8999999762
31345  18.469  -42.881  -12.949 1.0000000000
31347  16.783  -43.227  -12.909 1.0000000000
141919  16.118  -43.423  -12.840 1.0000000000
32178  21.640  -41.242  -13.279 0.8000000119
31357  19.670  -42.183  -13.450 0.8000000119
31346  17.595  -43.033  -12.949 0.8999999762
30442  16.156  -42.888  -13.250 1.0000000000
30443  15.350  -43.262  -13.096 1.0000000000
31360  16.951  -42.541  -13.482 0.8999999762
31362  14.786  -42.681  -13.610 1.0000000000
30444  14.217  -43.421  -13.385 1.0000000000
30445  12.996  -43.521  -13.750 1.0000000000
30446  11.996  -43.710  -14.257 0.8999999762
26703  18.054  -47.376  -14.794 0.6999999881
31364  12.693  -42.921  -14.414 0.8999999762
27639  20.353  -47.644  -15.802 0.6000000238
27641  18.624  -46.704  -14.903 0.6000000238
30457  12.073  -43.545  -14.811 0.8999999762
28603  18.279  -45.689  -14.891 0.6999999881
27643  16.634  -46.234  -14.667 0.6999999881
28605  15.879  -45.567  -14.805 0.6999999881
28588  13.963  -45.408  -15.009 0.6999999881
29512  13.241  -44.783  -15.187 0.8000000119
28606  14.972  -45.172  -15.017 0.6999999881
30470  12.320  -43.424  -15.274 0.8000000119
31386  12.279  -42.654  -15.399 0.8999999762
29529  13.734  -44.260  -15.545 0.6999999881
32911  22.971  -40.381  -5.761 0.6000000238
33797  22.678  -39.544  -6.193 0.5000000000
33809  24.466  -39.545  -6.933 0.6999999881
32926  24.213  -40.109  -6.617 0.5000000000
32953  25.332  -40.017  -9.349 0.6999999881
33821  25.229  -39.488  -8.554 0.6999999881
147555  25.451  -39.672  -9.812 0.6999999881
34783  25.293  -38.580  -8.703 0.6999999881
32971  25.288  -40.118  -10.097 0.6999999881
33851  25.207  -39.803  -10.780 0.6999999881
33870  24.785  -39.801  -11.518 0.6999999881
145740  24.308  -40.459  -11.444 0.6999999881
33001  24.043  -40.168  -12.037 0.8000000119
32169  22.408  -41.008  -12.859 0.8000000119
33883  23.605  -39.813  -12.754 0.8000000119
124778  20.852  -41.425  -13.566 0.8000000119
129063  22.417  -39.823  -13.609 0.8000000119
33012  21.213  -40.620  -13.912 0.8000000119
32180  19.204  -41.697  -13.981 0.8000000119
32182  17.420  -41.951  -14.041 0.8999999762
32183  16.112  -42.285  -13.755 0.8999999762
31361  15.563  -42.629  -13.507 1.0000000000
33021  20.431  -40.390  -14.414 0.8000000119
32197  19.678  -40.967  -14.408 0.8000000119
31363  13.732  -42.793  -13.939 1.0000000000
32185  14.334  -42.078  -14.099 1.0000000000
28601  20.113  -46.485  -15.535 0.6000000238
32186  13.276  -42.162  -14.467 1.0000000000
28604  17.257  -45.413  -14.810 0.6999999881
124266  16.486  -44.870  -15.017 0.6999999881
31375  12.216  -42.917  -14.912 0.8999999762
32187  12.503  -42.303  -14.855 1.0000000000
29527  15.956  -44.258  -15.521 0.6999999881
29528  14.926  -44.406  -15.495 0.8000000119
30469  13.109  -43.552  -15.639 0.8000000119
33834  25.475  -39.108  -9.437 0.6999999881
34800  25.537  -38.076  -9.383 0.6999999881
33850  25.508  -39.306  -10.302 0.6999999881
34818  25.693  -38.507  -10.737 0.6999999881
34835  25.603  -38.355  -11.508 0.6999999881
128516  25.122  -38.942  -11.944 0.6999999881
33882  24.399  -39.393  -12.341 0.6999999881
34853  24.732  -38.527  -12.643 0.6999999881
33894  23.941  -38.926  -13.030 0.8000000119
33010  22.822  -40.226  -13.121 0.8000000119
33897  21.794  -39.835  -13.972 0.8000000119
34867  22.860  -38.639  -13.977 0.8000000119
33020  21.058  -39.753  -14.415 0.8000000119
32199  17.786  -41.335  -14.560 0.8999999762
32200  16.903  -41.420  -14.480 0.8999999762
33022  19.042  -40.435  -14.914 0.8000000119
33024  17.237  -40.785  -14.985 0.8999999762
32201  15.963  -41.563  -14.319 0.8999999762
28602  19.269  -46.014  -15.097 0.6000000238
33038  16.704  -40.211  -15.324 0.8999999762
33026  15.403  -40.852  -14.753 0.8999999762
32203  13.822  -41.399  -14.491 1.0000000000
28618  20.600  -45.340  -16.295 0.6000000238
33028  13.400  -40.718  -14.907 0.8999999762
29526  16.799  -44.112  -15.496 0.6999999881
33029  12.544  -40.611  -15.455 0.8999999762
30468  14.262  -43.666  -15.881 0.8000000119
30485  12.609  -42.835  -15.713 0.8999999762
138151  12.156  -41.774  -15.906 0.8000000119
34817  25.783  -37.776  -10.278 0.6999999881
34834  25.940  -37.760  -11.100 0.6999999881
35784  25.836  -37.614  -11.830 0.6999999881
34865  24.318  -38.095  -13.295 0.6999999881
34864  25.113  -37.618  -12.958 0.6999999881
145057  19.778  -40.243  -14.766 0.8000000119
33023  18.146  -40.635  -15.023 0.8000000119
33907  19.440  -39.686  -15.121 0.8000000119
33036  18.508  -39.787  -15.395 0.8000000119
32202  14.902  -41.434  -14.334 0.8999999762
29524  18.884  -45.027  -15.282 0.6000000238
33037  17.581  -40.095  -15.389 0.8000000119
33918  17.081  -39.563  -15.713 0.8999999762
33040  14.872  -40.265  -15.132 0.8999999762
33027  14.420  -40.792  -14.715 0.8999999762
29543  19.324  -44.457  -15.910 0.6000000238
145129  17.222  -44.600  -15.131 0.6999999881
33909  13.198  -40.060  -15.371 0.8999999762
30466  16.338  -43.603  -15.973 0.6999999881
33041  11.916  -40.405  -16.035 0.8000000119
31398  13.842  -42.369  -16.489 0.6999999881
146356  12.224  -41.479  -16.285 0.8000000119
35783  26.123  -37.027  -11.431 0.6999999881
35800  25.994  -36.915  -12.184 0.6999999881
36816  25.688  -36.845  -12.876 0.6999999881
33906  20.261  -39.644  -14.793 0.8000000119
34878  19.911  -38.932  -15.192 0.8000000119
34879  19.111  -39.044  -15.536 0.8000000119
33917  17.818  -39.486  -15.696 0.8000000119
33039  15.805  -40.256  -15.221 0.8999999762
33920  15.247  -39.682  -15.597 0.8999999762
29544  18.441  -44.214  -15.691 0.6000000238
33921  14.160  -39.720  -15.561 0.8999999762
131116  18.003  -43.588  -16.185 0.6999999881
126779  16.729  -43.055  -16.496 0.6999999881
149755  13.908  -39.277  -16.044 0.8999999762
31397  14.889  -42.231  -16.796 0.6999999881
32228  12.834  -41.727  -16.551 0.8000000119
145482  11.777  -39.813  -16.337 0.8000000119
32227  14.096  -41.690  -16.907 0.6999999881
32250  12.246  -40.740  -16.822 0.8000000119
32229  12.036  -40.935  -16.246 0.8000000119
32249  13.350  -40.952  -17.147 0.8000000119
36801  26.195  -36.252  -11.766 0.6999999881
37773  26.276  -35.518  -12.098 0.6000000238
29558  19.738  -44.014  -16.602 0.6000000238
34889  17.542  -38.916  -16.050 0.8000000119
34891  15.631  -39.046  -16.109 0.8999999762
139783  14.621  -39.165  -16.090 0.8999999762
30480  18.869  -43.736  -16.357 0.6000000238
34892  13.628  -38.710  -16.506 0.8999999762
30482  15.875  -43.060  -16.376 0.8000000119
34893  12.626  -38.882  -16.591 0.8999999762
33074  11.922  -39.834  -17.304 0.8000000119
32247  15.540  -41.238  -17.463 0.6999999881
33073  12.705  -40.122  -17.561 0.8000000119
33946  12.459  -38.574  -17.940 0.8000000119
30499  17.543  -43.054  -16.659 0.6999999881
34898  17.114  -38.158  -16.543 0.8000000119
31414  17.907  -42.486  -17.194 0.5000000000
31395  17.065  -42.532  -17.046 0.6000000238
32245  17.310  -41.779  -17.454 0.6000000238
31415  16.588  -42.091  -17.238 0.6999999881
34901  12.754  -38.324  -17.221 0.8000000119
32246  16.413  -41.445  -17.474 0.6000000238
33070  16.099  -40.664  -17.786 0.6000000238
33944  13.373  -39.509  -18.106 0.6999999881
33959  13.106  -38.657  -18.317 0.8000000119
34902  12.127  -38.861  -16.892 0.8000000119
33094  14.546  -39.726  -18.225 0.6000000238
34899  16.043  -38.347  -16.582 0.8000000119
137864  15.500  -37.792  -17.042 0.8000000119
35849  14.630  -37.486  -17.331 0.8999999762
128620  18.323  -41.828  -17.542 0.6000000238
34934  13.149  -37.819  -18.508 0.8000000119
34919  12.767  -38.035  -17.889 0.8000000119
36864  13.816  -37.177  -17.786 0.8000000119
33958  13.993  -38.896  -18.627 0.6000000238
143172  16.445  -36.981  -17.388 0.8000000119
35867  14.477  -36.908  -17.827 0.8000000119
33069  16.971  -40.871  -17.720 0.6000000238
33092  16.555  -40.095  -18.138 0.6000000238
143741  13.547  -37.052  -18.167 0.8000000119
33093  15.623  -39.929  -18.262 0.6000000238
35885  13.598  -37.163  -18.914 0.6999999881
36879  13.958  -36.785  -18.356 0.8000000119
34931  15.404  -38.347  -19.038 0.6000000238
34945  14.102  -37.431  -19.377 0.6000000238
36908  14.280  -36.781  -19.498 0.6999999881
33955  16.959  -39.438  -18.351 0.6000000238
34930  16.436  -38.494  -18.842 0.6000000238
36876  17.965  -36.231  -17.528 0.8000000119
36877  16.057  -36.401  -18.052 0.8000000119
33068  18.234  -40.456  -17.732 0.6000000238
129975  17.020  -36.168  -17.984 0.8000000119
33067  19.064  -40.686  -17.691 0.5000000000
36894  15.264  -36.102  -19.222 0.8000000119
36878  14.831  -36.554  -18.362 0.8000000119
33943  18.705  -39.782  -17.719 0.6000000238
33091  17.397  -40.268  -17.898 0.6000000238
36907  15.008  -36.396  -19.912 0.6000000238
33942  19.588  -39.481  -17.564 0.5000000000
33954  17.787  -39.626  -17.972 0.6000000238
128743  17.499  -38.628  -18.497 0.6000000238
34944  14.756  -37.656  -19.545 0.6000000238
34918  18.389  -38.329  -18.298 0.6000000238
137814  16.925  -38.024  -19.196 0.6000000238
34943  15.767  -37.628  -19.766 0.6000000238
35898  16.202  -37.186  -20.411 0.6000000238
36892  17.461  -35.799  -18.393 0.8000000119
36893  16.401  -35.938  -18.732 0.8000000119
37849  19.104  -35.404  -18.392 0.8000000119
37850  18.181  -35.485  -18.742 0.6999999881
37851  17.344  -35.468  -19.144 0.6999999881
34917  18.918  -38.850  -17.751 0.6000000238
35913  15.400  -36.244  -20.468 0.6000000238
37880  15.846  -35.606  -20.920 0.6000000238
37852  15.924  -35.684  -19.681 0.6999999881
34929  19.181  -38.125  -18.049 0.5000000000
36920  15.745  -36.179  -20.910 0.6000000238
35883  18.835  -37.784  -18.774 0.5000000000
35896  17.868  -37.376  -19.917 0.6000000238
35911  17.008  -37.035  -20.567 0.6000000238
35882  19.744  -37.707  -18.505 0.5000000000
38711  19.666  -35.064  -18.946 0.6999999881
37865  17.738  -35.132  -19.613 0.6000000238
37879  16.158  -35.149  -21.152 0.6000000238
37866  16.580  -35.267  -20.015 0.6000000238
37878  17.134  -34.803  -20.664 0.6000000238
35895  19.303  -37.374  -19.400 0.5000000000
147245  17.332  -36.784  -20.962 0.6000000238
36919  16.578  -36.380  -21.188 0.6000000238
37881  15.732  -35.794  -20.886 0.6000000238
38736  16.794  -34.661  -21.806 0.6000000238
35909  18.714  -37.162  -20.087 0.6000000238
36917  18.766  -36.834  -20.927 0.6000000238
35894  20.204  -37.232  -19.305 0.5000000000
36906  19.692  -36.877  -20.278 0.5000000000
36905  20.767  -36.709  -19.940 0.4000000060
36916  20.361  -36.465  -20.909 0.5000000000
38722  19.289  -34.816  -19.673 0.6000000238
38723  18.389  -34.774  -20.113 0.6000000238
36928  17.692  -36.086  -22.149 0.6000000238
37893  16.567  -34.921  -22.053 0.6000000238
38735  17.939  -34.511  -21.171 0.6000000238
127503  18.686  -36.552  -21.806 0.6000000238
36936  18.468  -36.056  -22.659 0.6000000238
133965  19.574  -36.592  -21.303 0.5000000000
36927  19.517  -36.387  -22.124 0.6000000238
145157  20.127  -36.348  -21.666 0.5000000000
36915  21.160  -36.300  -20.677 0.4000000060
36926  20.767  -36.130  -21.470 0.4000000060
125251  17.023  -34.578  -22.767 0.6000000238
38748  17.486  -34.275  -22.243 0.5000000000
38747  18.694  -34.168  -21.587 0.5000000000
38734  19.244  -34.484  -20.522 0.5000000000
37892  17.129  -35.220  -22.677 0.6000000238
39640  17.348  -34.079  -23.032 0.5000000000
37891  19.477  -36.045  -22.761 0.6000000238
37890  20.277  -35.998  -22.281 0.5000000000
37889  21.136  -35.695  -21.904 0.4000000060
39637  20.197  -33.453  -21.484 0.4000000060
37906  17.842  -35.386  -23.242 0.6000000238
38769  17.576  -34.372  -23.637 0.5000000000
37904  19.928  -35.623  -23.219 0.4000000060
37905  18.801  -35.659  -23.354 0.6000000238
38768  18.154  -34.533  -23.956 0.6000000238
39663  18.226  -33.623  -23.828 0.4000000060
38759  20.628  -35.220  -23.262 0.4000000060
38766  20.079  -34.969  -23.747 0.4000000060
135130  18.604  -33.060  -23.661 0.4000000060
38767  18.997  -35.017  -23.877 0.4000000060
38778  18.041  -34.051  -23.946 0.4000000060
38758  21.259  -34.973  -22.974 0.4000000060
39673  19.584  -33.846  -24.629 0.4000000060
40501  20.818  -32.076  -22.190 0.4000000060
40503  19.444  -32.537  -23.168 0.4000000060
143378  18.621  -32.961  -24.094 0.4000000060
39662  21.358  -34.199  -24.124 0.4000000060
38775  20.386  -34.403  -24.266 0.4000000060
39682  20.012  -33.182  -25.202 0.4000000060
39683  19.409  -33.138  -24.807 0.4000000060
41449  20.239  -31.903  -22.973 0.4000000060
41460  19.633  -31.827  -23.717 0.4000000060
40511  19.045  -32.404  -23.969 0.4000000060
39672  20.762  -33.686  -24.864 0.3000000119
40521  19.147  -32.583  -24.562 0.4000000060
41458  20.788  -30.736  -23.391 0.4000000060
146700  19.775  -31.300  -24.108 0.4000000060
22362  10.422  -52.999  -12.223 0.8000000119
134015  10.163  -53.059  -11.409 0.8999999762
22317  12.829  -52.218  -11.291 0.8999999762
22318  11.834  -52.838  -10.979 0.8999999762
125609  12.854  -53.023  -11.279 0.8999999762
24908  19.660  -49.775  -9.838 0.8999999762
25728  19.372  -48.616  -10.396 1.0000000000
26638  19.840  -47.408  -10.505 1.0000000000
126592  16.319  -51.923  -11.020 0.8999999762
24044  18.194  -50.387  -10.500 0.8999999762
24921  17.708  -50.070  -10.914 0.8999999762
25744  18.777  -48.200  -10.909 1.0000000000
23184  15.391  -51.678  -11.353 0.8999999762
24045  17.457  -50.758  -10.778 0.8999999762
24066  16.070  -50.174  -11.455 0.8999999762
24939  18.112  -48.851  -11.070 1.0000000000
140697  14.442  -51.241  -11.466 0.8999999762
24941  16.559  -49.228  -11.463 0.8999999762
39639  18.249  -33.856  -22.538 0.4000000060
39652  18.075  -33.717  -23.340 0.4000000060
39638  19.306  -33.687  -21.959 0.4000000060
40494  20.555  -32.777  -21.794 0.4000000060
148119  20.408  -53.538  -1.737 0.8999999762
20588  21.744  -54.633  -4.492 1.0000000000
18880  18.571  -56.740  -5.803 0.8000000119
22244  17.527  -52.506  -2.073 0.8999999762
21432  21.993  -52.959  -3.842 1.0000000000
19758  19.257  -55.331  -7.153 0.8000000119
24795  22.099  -49.799  -4.017 0.8999999762
22291  20.496  -52.409  -8.459 0.8999999762
20623  19.450  -53.965  -8.242 0.8000000119
21474  17.676  -53.559  -9.557 0.8000000119
20632  16.591  -54.502  -9.654 0.8000000119
24875  22.060  -50.066  -7.791 1.0000000000
22301  17.589  -52.812  -9.911 0.8999999762
21476  16.099  -53.920  -10.196 0.8000000119
22316  14.922  -52.459  -11.314 0.8999999762
129944  19.830  -50.405  -9.535 0.8999999762
24046  16.110  -51.108  -11.311 0.8999999762
26536  19.677  -47.600  -4.876 1.0000000000
28418  16.363  -46.130  -4.288 0.6000000238
28441  15.421  -45.083  -4.221 0.4000000060
24906  20.814  -48.869  -9.209 1.0000000000
126625  18.803  -49.084  -10.597 0.8999999762
21527  12.586  -53.978  -12.528 0.6999999881
149057  11.249  -51.057  -12.459 0.8000000119
23185  13.340  -51.351  -11.398 0.8999999762
132587  16.900  -51.784  -13.233 0.6000000238
23200  10.139  -51.139  -11.740 0.8999999762
29363  19.837  -44.757  -4.716 0.6999999881
130403  15.048  -44.213  -4.452 0.4000000060
24047  15.266  -50.751  -11.477 0.8999999762
24945  11.492  -49.759  -11.794 0.8999999762
24956  11.020  -49.956  -11.982 0.8999999762
24088  16.680  -50.214  -13.868 0.6999999881
24089  15.691  -50.088  -13.766 0.6999999881
29362  20.896  -44.707  -4.553 0.8000000119
29360  23.322  -45.267  -4.919 0.8999999762
28531  19.839  -45.470  -10.711 1.0000000000
26654  15.996  -47.843  -11.658 0.8999999762
24943  14.993  -49.068  -11.625 0.8999999762
25746  12.269  -49.123  -11.832 0.8999999762
30308  24.142  -43.926  -5.678 0.8000000119
31234  18.007  -42.600  -4.564 0.5000000000
28489  23.791  -45.324  -7.319 1.0000000000
26657  12.918  -47.617  -12.163 0.8999999762
137139  24.715  -43.151  -6.435 0.6999999881
30359  24.450  -42.936  -7.859 0.8000000119
134131  23.560  -44.212  -8.179 0.8999999762
127113  15.890  -48.369  -14.435 0.6999999881
135492  11.691  -46.832  -13.146 0.8999999762
26689  13.478  -47.499  -14.060 0.8000000119
31247  19.270  -42.067  -4.713 0.6000000238
32067  23.038  -42.304  -5.391 0.8000000119
146527  21.398  -41.549  -5.252 0.6000000238
31294  24.484  -42.280  -8.347 0.6999999881
31308  24.192  -42.026  -9.064 0.6999999881
30409  20.288  -43.411  -11.467 1.0000000000
27614  11.714  -46.450  -13.437 0.8999999762
32069  20.723  -41.605  -5.104 0.6000000238
126695  18.945  -41.162  -4.935 0.5000000000
32114  24.817  -41.518  -8.406 0.6999999881
31338  20.771  -42.830  -11.850 0.8999999762
32900  20.388  -40.596  -5.375 0.5000000000
125071  24.916  -40.755  -9.911 0.6999999881
32990  24.056  -41.005  -11.122 0.8000000119
30431  12.187  -44.190  -13.516 0.8999999762
32910  23.502  -40.016  -6.241 0.6000000238
33810  22.754  -38.816  -6.575 0.5000000000
33808  24.869  -39.396  -7.622 0.6999999881
31359  17.921  -42.443  -13.503 0.8999999762
33011  22.070  -40.496  -13.488 0.8000000119
32196  20.462  -41.006  -14.032 0.8000000119
126603  12.303  -42.084  -15.370 0.8999999762
34769  25.059  -38.830  -8.105 0.6999999881
33895  23.076  -39.308  -13.469 0.8000000119
32198  18.696  -41.187  -14.542 0.8999999762
33025  16.337  -40.858  -14.865 0.8999999762
30483  14.799  -42.960  -16.347 0.8000000119
31399  12.881  -42.443  -16.183 0.8000000119
35801  25.649  -37.436  -12.440 0.6999999881
34876  21.550  -38.411  -14.730 0.8000000119
33910  12.282  -39.885  -15.845 0.8999999762
33919  16.195  -39.628  -15.663 0.8999999762
37760  26.178  -35.515  -11.388 0.6000000238
33071  15.117  -40.497  -17.797 0.6999999881
34900  14.850  -38.336  -16.662 0.8999999762
34933  13.759  -38.092  -18.872 0.6999999881
33957  15.035  -39.078  -18.649 0.6000000238
34932  14.452  -38.221  -19.068 0.6000000238
36895  14.217  -36.527  -19.124 0.8000000119
35899  14.638  -36.872  -19.971 0.6000000238
35884  17.878  -37.845  -19.099 0.6000000238
36929  16.602  -35.633  -21.808 0.6000000238
143879  18.542  -37.510  -19.437 0.6000000238
38749  17.011  -34.514  -22.629 0.6000000238
40502  20.187  -32.475  -22.455 0.4000000060
39651  18.888  -33.315  -22.844 0.4000000060
41448  21.020  -31.304  -22.725 0.4000000060
40530  20.240  -32.518  -25.606 0.4000000060
124716  13.883  -52.734  -11.364 0.8999999762
14374  19.336  -62.105  0.584 0.4000000060
15030  18.193  -61.681  1.582 0.4000000060
142389  17.039  -61.616  1.715 0.4000000060
15043  20.099  -61.125  0.323 0.4000000060
15694  17.788  -60.368  1.726 0.4000000060
138066  16.890  -60.705  1.674 0.4000000060
16396  20.508  -59.867  0.047 0.3000000119
15701  19.204  -60.753  1.370 0.4000000060
16401  21.301  -59.885  -1.578 0.4000000060
17162  21.176  -59.182  -2.735 0.4000000060
17176  21.073  -58.849  -3.428 0.4000000060
127495  20.358  -58.406  -4.851 0.4000000060
16380  17.168  -59.739  1.614 0.5000000000
16381  16.427  -59.936  1.523 0.4000000060
16387  19.428  -59.950  1.278 0.4000000060
16388  18.673  -59.982  1.615 0.4000000060
16402  20.844  -59.099  -1.360 0.5000000000
17163  20.713  -58.781  -2.230 0.4000000060
17177  20.271  -58.357  -3.400 0.4000000060
17198  20.745  -58.550  -4.132 0.5000000000
17220  18.874  -58.108  -5.366 0.5000000000
17238  18.560  -58.212  -6.006 0.6000000238
17237  19.511  -58.363  -6.217 0.5000000000
137189  18.477  -58.366  -7.230 0.6000000238
17266  17.442  -58.447  -8.023 0.4000000060
17135  16.498  -59.024  1.317 0.5000000000
133783  15.483  -58.855  0.947 0.5000000000
17144  14.691  -58.849  0.460 0.5000000000
17150  14.063  -58.983  -0.151 0.5000000000
135308  18.843  -58.361  1.025 0.6000000238
17133  18.366  -59.011  1.466 0.6000000238
17141  19.572  -58.641  0.585 0.5000000000
17944  19.268  -57.805  0.403 0.6000000238
17156  20.339  -58.564  -0.750 0.5000000000
128921  20.260  -58.320  -1.679 0.5000000000
17178  19.637  -57.992  -3.377 0.4000000060
17199  19.623  -58.152  -4.100 0.6000000238
18027  18.663  -57.794  -5.199 0.6000000238
17221  18.183  -57.971  -5.732 0.6000000238
18037  17.698  -57.847  -6.336 0.6000000238
146165  16.936  -57.665  -7.263 0.6000000238
18894  16.643  -57.436  -7.874 0.6000000238
17239  17.978  -58.173  -6.459 0.6000000238
17259  17.073  -58.179  -7.336 0.6000000238
18062  16.272  -57.976  -8.261 0.6000000238
18071  15.737  -57.809  -9.136 0.6000000238
127967  16.140  -58.047  0.945 0.5000000000
135732  15.253  -58.028  0.581 0.5000000000
17949  14.465  -58.082  0.157 0.5000000000
17959  13.783  -58.115  -0.429 0.5000000000
17945  18.509  -57.577  0.732 0.6000000238
17142  17.997  -58.202  1.220 0.6000000238
17157  19.916  -57.802  -1.020 0.6000000238
18760  18.990  -56.975  0.267 0.6000000238
130981  19.824  -57.520  -2.000 0.5000000000
17971  19.690  -57.018  -1.144 0.6000000238
17986  19.620  -57.548  -2.963 0.6000000238
18000  19.274  -57.659  -3.910 0.6000000238
18881  17.836  -57.139  -6.233 0.6000000238
18899  16.194  -57.202  -8.650 0.6000000238
18907  15.082  -56.718  -9.974 0.6999999881
145668  14.973  -57.385  0.258 0.6000000238
18765  14.360  -57.316  -0.167 0.5000000000
17960  13.507  -57.825  -1.056 0.5000000000
18761  18.176  -56.784  0.566 0.6000000238
17946  17.633  -57.424  0.899 0.6000000238
17947  16.725  -57.311  0.854 0.6000000238
17972  13.714  -56.989  -1.374 0.5000000000
130236  13.218  -57.225  -2.329 0.5000000000
18782  18.670  -56.156  0.190 0.6000000238
18829  19.524  -56.946  -3.293 0.6000000238
19779  15.495  -55.882  -9.759 0.6999999881
19636  15.996  -56.176  0.280 0.6000000238
18764  15.069  -56.546  -0.027 0.6000000238
18783  14.295  -56.637  -0.675 0.6000000238
19634  17.755  -56.006  0.431 0.6000000238
19655  14.764  -55.845  -0.681 0.6000000238
18793  14.231  -56.122  -1.320 0.6000000238
18811  13.800  -56.356  -2.047 0.6000000238
124838  13.445  -56.392  -2.897 0.6000000238
19652  17.287  -55.271  0.157 0.6000000238
18851  12.527  -57.061  -4.156 0.5000000000
18781  19.385  -56.427  -0.386 0.6000000238
19715  12.768  -56.187  -4.547 0.6000000238
19780  14.591  -55.905  -10.436 0.6999999881
19653  16.364  -55.360  0.025 0.6000000238
19670  14.695  -55.345  -1.392 0.6000000238
20537  16.798  -54.504  -0.319 0.6000000238
20538  15.865  -54.843  -0.505 0.6000000238
19669  15.199  -55.212  -0.778 0.6000000238
19687  13.964  -55.759  -2.578 0.6000000238
19702  13.669  -55.662  -3.424 0.6000000238
19651  18.242  -55.391  0.086 0.6000000238
20583  13.891  -55.035  -3.765 0.6000000238
19650  19.093  -55.546  -0.342 0.6000000238
19685  20.533  -55.435  -2.323 0.6000000238
20640  14.290  -54.971  -10.796 0.6999999881
127963  13.082  -54.620  -11.327 0.6999999881
132830  17.792  -54.664  -0.174 0.6000000238
20557  15.370  -54.601  -1.301 0.6999999881
20574  15.242  -54.262  -2.208 0.6999999881
20535  19.220  -54.654  -0.621 0.6000000238
21485  11.879  -53.650  -11.073 0.6999999881
20556  16.169  -54.113  -0.917 0.6999999881
20536  18.375  -54.222  -0.472 0.6999999881
20555  17.530  -53.915  -0.560 0.6999999881
21423  16.258  -53.234  -2.119 0.6999999881
21425  15.098  -54.068  -3.113 0.6999999881
19701  14.195  -55.148  -3.066 0.6000000238
20582  14.443  -54.491  -3.631 0.6999999881
21436  14.886  -53.811  -3.943 0.6000000238
20590  13.898  -54.599  -4.348 0.5000000000
21518  10.228  -53.578  -11.818 0.8000000119
21415  17.361  -53.208  -1.181 0.6999999881
21416  16.527  -53.480  -1.357 0.6999999881
21434  16.120  -53.071  -3.024 0.6999999881
21435  15.499  -53.447  -3.496 0.6999999881
21450  13.642  -53.846  -5.788 0.5000000000
22256  15.923  -52.869  -3.959 0.6999999881
22261  15.686  -52.645  -4.917 0.6000000238
22262  14.974  -52.956  -5.255 0.6000000238
139798  18.855  -38.477  -15.894 0.6999999881
34866  23.537  -38.418  -13.663 0.6999999881
34875  22.259  -38.371  -14.410 0.6999999881
35827  21.137  -37.983  -15.180 0.6999999881
35815  24.592  -37.404  -13.554 0.6000000238
35816  23.933  -37.649  -13.891 0.6000000238
34886  20.336  -38.168  -15.410 0.6999999881
34887  19.525  -38.322  -15.662 0.6999999881
35837  18.185  -38.189  -16.256 0.6999999881
140413  17.780  -37.567  -16.664 0.6999999881
36829  25.125  -36.795  -13.493 0.6000000238
141904  23.628  -37.188  -14.366 0.6000000238
129566  22.482  -37.640  -14.698 0.6999999881
35834  21.499  -37.257  -15.402 0.6999999881
36828  25.666  -35.934  -13.291 0.6000000238
35836  19.048  -37.806  -16.118 0.6999999881
35846  18.489  -37.318  -16.536 0.6999999881
36863  17.877  -36.903  -16.988 0.6999999881
36843  24.997  -36.026  -13.969 0.6000000238
134223  24.328  -36.036  -14.408 0.6000000238
36852  23.152  -36.173  -15.127 0.6000000238
36853  21.917  -36.567  -15.568 0.6999999881
35835  20.715  -37.387  -15.684 0.6999999881
35845  19.312  -37.009  -16.386 0.6999999881
36862  18.689  -36.592  -16.886 0.6999999881
36875  18.968  -36.048  -17.300 0.6999999881
37798  25.394  -35.318  -13.814 0.6000000238
37811  23.957  -34.967  -15.083 0.5000000000
37812  23.307  -35.376  -15.411 0.6000000238
37823  22.079  -35.336  -16.336 0.5000000000
35844  20.273  -36.688  -16.247 0.6999999881
37835  20.186  -35.488  -17.435 0.6999999881
37836  19.402  -35.625  -17.670 0.6999999881
39648  23.204  -33.556  -22.577 0.3000000119
39649  22.429  -34.005  -22.975 0.3000000119
38765  20.937  -34.768  -23.643 0.3000000119
15046  18.272  -62.196  1.398 0.4000000060
14355  17.605  -62.177  1.595 0.3000000119
14356  16.727  -62.344  1.667 0.4000000060
14398  20.391  -62.124  -0.509 0.3000000119
15031  16.237  -61.477  1.610 0.4000000060
15733  21.648  -60.617  -1.790 0.4000000060
15695  15.883  -60.588  1.444 0.4000000060
16436  21.602  -59.596  -3.319 0.4000000060
127442  21.524  -59.199  -4.100 0.4000000060
17218  21.045  -58.643  -5.661 0.4000000060
17219  19.961  -58.368  -5.544 0.5000000000
17257  19.311  -58.450  -7.754 0.4000000060
15703  14.314  -60.355  0.203 0.4000000060
124873  17.054  -58.483  -8.897 0.5000000000
16397  13.375  -60.185  -1.420 0.5000000000
18072  15.372  -57.814  -9.921 0.6000000238
132962  13.239  -58.523  -1.514 0.5000000000
136392  12.977  -58.194  -2.275 0.5000000000
17987  12.765  -57.870  -2.921 0.5000000000
18908  14.574  -56.613  -10.646 0.6000000238
18001  12.413  -58.113  -3.785 0.5000000000
18852  12.164  -56.824  -5.000 0.4000000060
19789  13.610  -55.567  -11.165 0.6999999881
19731  12.831  -55.523  -5.067 0.5000000000
20641  11.603  -54.658  -11.364 0.6999999881
20594  13.370  -54.662  -5.166 0.5000000000
20642  10.934  -54.902  -11.641 0.8000000119
21517  11.162  -54.111  -12.239 0.6999999881
21456  12.981  -53.425  -6.597 0.5000000000
22269  13.677  -52.866  -6.458 0.6000000238
148198  25.246  -37.870  -8.696 0.6000000238
37783  26.126  -35.316  -12.745 0.6000000238
38658  25.537  -34.534  -13.949 0.5000000000
38673  24.472  -34.188  -15.157 0.5000000000
38685  23.927  -33.811  -15.927 0.5000000000
37822  22.853  -35.004  -16.014 0.5000000000
38688  21.718  -34.950  -16.906 0.5000000000
38697  21.475  -34.729  -17.588 0.5000000000
38710  20.473  -34.808  -18.675 0.5000000000
40500  23.571  -32.839  -22.883 0.3000000119
39660  22.848  -33.320  -23.326 0.3000000119
39661  22.160  -33.835  -23.779 0.3000000119
19668  19.784  -55.441  -0.967 0.6000000238
18792  19.759  -56.246  -1.134 0.6000000238
145403  19.628  -56.996  -2.518 0.6000000238
22255  16.595  -52.533  -3.532 0.8000000119
19778  16.315  -56.172  -9.146 0.6999999881
20634  15.045  -55.176  -10.242 0.6999999881
21484  13.508  -53.609  -11.276 0.6999999881
34874  23.103  -37.864  -14.286 0.6999999881
35847  17.138  -37.313  -17.012 0.6999999881
38764  21.696  -34.446  -23.367 0.3000000119
21486  10.763  -53.912  -11.074 0.8000000119
20671  12.324  -54.954  -12.345 0.6999999881
35826  21.853  -37.794  -14.900 0.6999999881
15045  18.852  -61.680  1.311 0.4000000060
15700  19.897  -60.470  0.718 0.4000000060
15066  21.133  -61.116  -0.754 0.3000000119
17140  20.244  -58.952  0.072 0.5000000000
16389  14.869  -59.648  0.684 0.5000000000
17236  20.663  -58.585  -6.430 0.3000000119
17265  19.323  -58.546  -8.705 0.4000000060
15718  13.533  -60.842  -0.966 0.5000000000
21442  14.040  -54.028  -4.955 0.6000000238
36845  22.988  -37.022  -14.808 0.6999999881
36844  23.717  -36.500  -14.624 0.6000000238
147110  22.544  -36.543  -15.263 0.6999999881
36854  21.175  -36.688  -15.925 0.6999999881
37799  24.744  -35.119  -14.471 0.6000000238
37813  22.486  -35.846  -15.678 0.6000000238
36860  20.951  -36.162  -16.342 0.6999999881
36861  19.543  -36.301  -16.772 0.6999999881
37826  19.688  -35.847  -17.152 0.6999999881
147815  25.213  -34.189  -14.526 0.5000000000
37824  21.286  -35.594  -16.608 0.5000000000
37834  20.955  -35.274  -17.172 0.5000000000
38709  21.259  -34.527  -18.371 0.5000000000
37848  19.949  -35.274  -18.144 0.6999999881
39549  25.767  -33.638  -14.134 0.5000000000
38686  23.221  -34.262  -16.316 0.5000000000
38695  22.888  -33.977  -16.988 0.5000000000
38708  22.016  -34.233  -18.076 0.5000000000
18919  11.943  -56.281  -11.849 0.6000000238
20672  11.336  -55.421  -12.098 0.6000000238
21526  15.421  -53.426  -12.712 0.5000000000
20670  14.265  -54.629  -12.631 0.6000000238
20682  13.519  -54.304  -12.599 0.6000000238
23209  18.917  -51.847  -12.851 0.5000000000
22357  16.803  -52.467  -12.850 0.5000000000
141654  14.796  -52.933  -12.794 0.6000000238
24005  14.113  -49.037  -7.171 0.5000000000
124144  13.609  -53.267  -12.681 0.6000000238
24077  19.560  -51.370  -12.904 0.5000000000
22356  17.543  -52.015  -12.956 0.5000000000
148414  19.913  -50.497  -13.185 0.5000000000
24858  14.002  -48.857  -6.899 0.4000000060
23993  13.516  -49.256  -6.617 0.4000000060
24820  14.751  -49.253  -5.154 0.4000000060
23218  18.300  -51.587  -13.159 0.5000000000
25774  20.751  -48.987  -12.951 0.5000000000
24085  19.376  -50.366  -13.686 0.5000000000
137861  14.488  -48.675  -3.990 0.4000000060
25783  20.627  -49.145  -13.941 0.5000000000
24084  19.859  -50.129  -13.526 0.5000000000
31235  17.200  -42.408  -4.494 0.4000000060
31236  15.965  -42.708  -4.550 0.4000000060
30301  15.555  -43.513  -4.487 0.4000000060
30302  14.732  -43.430  -4.885 0.3000000119
34761  21.071  -38.936  -6.432 0.4000000060
33798  20.387  -39.227  -6.156 0.4000000060
32058  18.468  -41.903  -4.634 0.4000000060
32059  17.620  -41.759  -4.594 0.4000000060
34762  20.200  -38.696  -6.685 0.4000000060
32071  18.055  -41.013  -4.850 0.4000000060
32060  16.791  -41.716  -4.652 0.4000000060
129066  18.043  -39.525  -5.991 0.4000000060
32072  17.172  -41.042  -5.000 0.4000000060
32061  16.049  -41.872  -4.792 0.4000000060
31248  15.338  -42.203  -5.107 0.4000000060
32901  19.439  -40.429  -5.346 0.4000000060
33791  19.069  -39.608  -5.767 0.4000000060
32902  18.512  -40.294  -5.346 0.4000000060
34773  21.445  -38.301  -6.882 0.4000000060
33799  19.656  -39.135  -6.307 0.4000000060
33800  18.827  -39.060  -6.548 0.4000000060
33811  17.976  -38.973  -6.854 0.4000000060
33801  17.401  -39.358  -6.572 0.4000000060
32073  16.331  -41.185  -5.182 0.4000000060
33812  17.201  -39.058  -7.154 0.4000000060
32914  16.223  -40.019  -6.211 0.4000000060
32074  15.574  -41.472  -5.456 0.4000000060
143370  23.679  -39.165  -6.613 0.4000000060
35720  20.980  -37.774  -7.478 0.4000000060
34775  19.997  -38.221  -7.331 0.4000000060
134536  19.356  -38.257  -7.465 0.4000000060
139870  24.411  -38.953  -7.072 0.5000000000
135677  23.132  -38.260  -6.940 0.4000000060
139793  21.750  -37.845  -7.284 0.4000000060
35722  19.618  -37.934  -7.757 0.4000000060
35723  19.028  -37.998  -7.904 0.4000000060
34776  18.649  -38.504  -7.344 0.4000000060
34777  17.736  -38.597  -7.590 0.4000000060
33813  16.450  -39.247  -7.366 0.4000000060
35716  24.963  -38.140  -8.165 0.5000000000
35717  24.380  -37.790  -7.742 0.5000000000
35718  23.482  -37.547  -7.612 0.5000000000
35739  21.640  -37.334  -7.896 0.4000000060
149857  21.259  -37.037  -8.334 0.4000000060
35740  20.831  -37.265  -8.162 0.4000000060
34784  18.263  -38.133  -8.073 0.4000000060
35736  24.103  -37.206  -8.098 0.5000000000
35738  22.558  -37.089  -8.048 0.4000000060
36748  20.890  -36.800  -8.692 0.4000000060
36749  20.078  -37.048  -8.635 0.4000000060
37699  23.835  -36.153  -9.018 0.4000000060
36746  22.585  -36.556  -8.577 0.4000000060
37701  22.105  -36.154  -9.060 0.4000000060
36772  21.206  -36.322  -9.171 0.4000000060
36773  20.378  -36.482  -9.232 0.4000000060
38586  22.977  -34.865  -9.933 0.4000000060
125391  22.415  -34.364  -10.340 0.4000000060
37746  21.990  -35.031  -9.997 0.4000000060
38597  21.472  -34.558  -10.432 0.4000000060
38598  20.468  -34.655  -10.573 0.4000000060
36770  25.362  -36.654  -9.539 0.5000000000
37745  24.550  -35.079  -10.021 0.5000000000
38585  23.856  -34.863  -9.944 0.4000000060
38614  21.926  -33.897  -10.674 0.4000000060
144069  21.106  -34.086  -10.781 0.4000000060
129790  20.428  -33.879  -11.108 0.3000000119
142572  26.040  -37.173  -10.774 0.5000000000
37700  23.028  -36.087  -8.966 0.4000000060
132255  21.573  -35.699  -9.608 0.4000000060
37748  20.163  -35.487  -10.143 0.4000000060
138125  22.543  -35.538  -9.507 0.4000000060
37747  21.044  -35.245  -10.102 0.4000000060
37744  25.155  -35.337  -10.119 0.5000000000
38595  24.219  -34.276  -10.341 0.5000000000
38596  23.425  -34.103  -10.364 0.4000000060
125657  22.661  -33.250  -10.969 0.4000000060
38610  26.001  -34.772  -11.287 0.5000000000
39499  24.536  -33.870  -10.623 0.5000000000
38612  23.379  -33.424  -10.704 0.4000000060
39523  21.920  -32.644  -11.488 0.4000000060
39510  21.338  -33.438  -11.226 0.3000000119
39511  20.368  -33.169  -11.579 0.3000000119
39512  19.654  -33.590  -11.496 0.3000000119
38593  25.557  -34.495  -10.903 0.5000000000
130304  26.288  -35.006  -11.766 0.4000000060
138025  26.318  -34.819  -12.263 0.5000000000
125935  23.819  -32.835  -11.091 0.3000000119
39509  23.731  -32.615  -10.352 0.4000000060
39524  20.981  -32.731  -11.625 0.3000000119
40381  19.513  -32.494  -12.495 0.3000000119
125940  18.944  -32.803  -12.426 0.3000000119
39508  24.514  -33.309  -11.004 0.3000000119
39497  25.796  -34.073  -11.377 0.4000000060
39506  26.187  -33.691  -11.906 0.4000000060
145206  26.309  -34.182  -12.294 0.4000000060
38645  25.859  -34.935  -13.335 0.4000000060
40367  23.785  -31.997  -10.587 0.3000000119
40368  23.173  -32.456  -11.322 0.3000000119
41321  20.626  -31.720  -12.629 0.3000000119
40380  20.271  -32.433  -12.136 0.3000000119
137278  18.338  -32.676  -12.903 0.3000000119
40390  17.648  -32.545  -13.400 0.3000000119
135106  24.154  -32.114  -11.475 0.3000000119
41322  19.784  -31.980  -12.855 0.3000000119
41323  19.028  -32.275  -12.979 0.3000000119
41346  17.666  -31.902  -14.065 0.3000000119
39507  25.498  -33.241  -11.442 0.3000000119
39522  26.027  -32.903  -12.118 0.3000000119
40376  26.254  -32.541  -12.863 0.3000000119
39536  26.014  -33.997  -13.406 0.4000000060
39564  25.332  -33.456  -14.888 0.4000000060
39565  24.712  -33.324  -15.634 0.4000000060
38687  22.473  -34.623  -16.630 0.4000000060
41337  16.899  -32.330  -13.911 0.3000000119
41301  24.204  -31.511  -11.842 0.3000000119
40366  24.767  -32.612  -11.398 0.3000000119
40365  25.471  -32.478  -11.757 0.3000000119
40389  26.080  -31.704  -13.033 0.3000000119
39548  26.199  -32.928  -13.586 0.3000000119
40401  25.951  -32.756  -14.479 0.4000000060
40414  26.070  -31.898  -14.879 0.3000000119
40415  25.498  -32.605  -15.379 0.4000000060
39582  24.270  -33.133  -16.346 0.4000000060
39591  23.989  -32.927  -17.087 0.4000000060
39592  23.316  -33.366  -17.414 0.4000000060
39593  22.665  -33.799  -17.733 0.4000000060
40377  25.744  -32.126  -12.363 0.3000000119
40429  25.760  -31.759  -15.684 0.3000000119
40443  24.261  -32.197  -17.438 0.4000000060
39603  23.057  -33.143  -18.151 0.4000000060
40468  23.154  -32.202  -19.280 0.4000000060
39613  22.196  -33.347  -19.295 0.4000000060
38720  21.005  -34.300  -19.209 0.4000000060
38721  20.125  -34.574  -19.637 0.5000000000
41359  26.077  -31.078  -15.282 0.3000000119
41373  25.380  -31.111  -16.870 0.3000000119
41374  24.818  -31.672  -17.115 0.3000000119
41389  24.505  -31.496  -17.755 0.4000000060
40455  23.986  -31.982  -18.161 0.4000000060
41405  23.705  -31.716  -18.870 0.4000000060
40456  23.401  -32.448  -18.533 0.4000000060
41416  23.445  -31.460  -19.611 0.3000000119
40469  22.550  -32.636  -19.660 0.4000000060
39625  21.227  -33.404  -20.369 0.3000000119
39615  20.771  -34.014  -19.999 0.3000000119
38733  20.123  -34.225  -20.402 0.4000000060
39636  20.938  -33.124  -21.097 0.3000000119
39626  20.528  -33.737  -20.732 0.3000000119
43383  25.901  -29.784  -16.665 0.3000000119
43399  25.652  -29.540  -17.517 0.3000000119
42403  24.825  -30.786  -17.948 0.3000000119
43421  24.672  -30.313  -18.717 0.3000000119
41404  24.269  -31.216  -18.444 0.3000000119
41415  24.010  -30.951  -19.202 0.3000000119
42433  23.715  -30.805  -19.870 0.3000000119
41417  22.858  -31.899  -20.013 0.3000000119
40480  22.255  -32.340  -20.389 0.3000000119
40492  21.943  -32.048  -21.124 0.3000000119
41426  22.560  -31.657  -20.758 0.3000000119
43398  25.876  -28.954  -16.929 0.3000000119
42419  25.220  -30.109  -18.019 0.3000000119
146357  24.807  -29.582  -19.202 0.3000000119
42443  24.230  -30.114  -19.678 0.3000000119
43463  24.117  -29.566  -20.475 0.3000000119
41425  23.222  -31.147  -20.445 0.3000000119
41436  22.806  -31.113  -21.123 0.3000000119
41437  22.248  -31.379  -21.472 0.3000000119
40493  21.254  -32.399  -21.451 0.3000000119
42456  22.621  -30.716  -21.710 0.3000000119
41438  21.548  -31.694  -21.859 0.3000000119
42467  21.483  -30.523  -22.930 0.3000000119
35735  24.761  -37.375  -8.460 0.5000000000
35753  25.272  -37.309  -9.081 0.5000000000
18918  13.035  -56.166  -11.589 0.6000000238
144695  12.870  -56.500  -12.125 0.5000000000
19817  13.485  -56.099  -12.381 0.5000000000
21515  16.041  -53.778  -12.667 0.5000000000
20669  15.194  -54.429  -12.659 0.5000000000
24076  20.080  -50.881  -12.800 0.5000000000
126074  18.845  -52.779  -12.435 0.5000000000
22348  16.689  -53.239  -12.646 0.5000000000
23129  16.079  -51.994  -5.513 0.6000000238
22267  15.314  -52.226  -5.908 0.6000000238
23135  14.595  -51.219  -6.776 0.6000000238
22276  13.515  -51.348  -7.288 0.5000000000
23144  12.738  -49.991  -7.678 0.5000000000
24006  13.251  -49.266  -7.266 0.5000000000
23994  12.669  -49.526  -6.951 0.5000000000
23977  13.918  -50.069  -5.234 0.4000000060
23954  14.295  -49.789  -4.860 0.4000000060
135525  13.641  -49.014  -3.889 0.4000000060
25620  13.864  -48.219  -3.923 0.4000000060
29369  14.021  -45.121  -4.824 0.3000000119
29383  14.202  -44.215  -5.010 0.3000000119
31249  14.611  -42.650  -5.458 0.4000000060
33803  15.862  -39.796  -6.955 0.4000000060
32075  14.864  -41.827  -5.784 0.4000000060
35754  19.183  -37.089  -8.857 0.4000000060
34785  17.474  -38.264  -8.269 0.4000000060
34802  16.387  -38.017  -8.992 0.4000000060
35742  18.719  -37.610  -8.492 0.4000000060
35743  17.942  -37.718  -8.681 0.4000000060
36774  19.594  -36.608  -9.284 0.4000000060
36776  18.096  -36.820  -9.604 0.4000000060
38615  19.648  -34.288  -11.013 0.4000000060
37724  19.885  -36.084  -9.695 0.4000000060
38599  19.543  -35.021  -10.549 0.4000000060
39525  18.956  -33.319  -11.875 0.3000000119
134457  18.352  -33.215  -12.333 0.3000000119
40382  17.685  -33.139  -12.746 0.3000000119
24953  20.697  -49.697  -12.572 0.5000000000
28442  13.791  -45.926  -4.670 0.4000000060
135798  15.731  -39.466  -7.563 0.4000000060
33822  16.222  -38.956  -7.988 0.4000000060
36775  18.831  -36.703  -9.397 0.4000000060
35755  18.410  -37.214  -9.081 0.4000000060
26540  14.084  -47.411  -4.102 0.4000000060
149594  15.538  -52.697  -12.822 0.5000000000
135533  21.775  -39.427  -6.084 0.4000000060
35769  25.805  -36.874  -10.168 0.5000000000
38644  26.203  -34.463  -12.785 0.5000000000
34772  22.261  -38.269  -6.866 0.4000000060
37743  25.700  -35.259  -10.660 0.5000000000
39605  21.750  -33.968  -18.848 0.4000000060
39604  22.433  -33.586  -18.505 0.4000000060
21516  14.545  -53.808  -12.678 0.6000000238
22347  17.378  -52.763  -12.677 0.5000000000
22345  19.606  -52.242  -12.428 0.5000000000
32913  17.049  -39.698  -5.944 0.4000000060
33802  16.701  -39.520  -6.734 0.4000000060
32915  15.482  -40.452  -6.492 0.4000000060
34771  24.007  -38.302  -7.137 0.5000000000
35719  22.472  -37.694  -7.406 0.4000000060
34786  16.704  -38.407  -8.423 0.4000000060
35737  23.447  -36.758  -8.392 0.4000000060
36745  24.286  -36.687  -8.619 0.5000000000
37723  20.682  -35.901  -9.666 0.4000000060
36787  25.541  -36.023  -10.097 0.5000000000
36771  24.915  -35.885  -9.540 0.5000000000
37721  24.209  -35.586  -9.476 0.5000000000
126477  24.850  -36.675  -9.036 0.5000000000
39498  25.173  -33.891  -10.907 0.5000000000
38611  23.876  -33.411  -10.667 0.4000000060
39521  26.260  -33.518  -12.696 0.4000000060
134569  25.228  -32.255  -16.077 0.4000000060
40430  24.646  -32.380  -16.666 0.4000000060
41316  25.447  -31.347  -12.626 0.3000000119
40444  23.654  -32.675  -17.796 0.4000000060
41372  25.839  -31.051  -16.105 0.3000000119
132368  25.297  -31.725  -16.463 0.3000000119
40470  21.922  -33.045  -20.031 0.4000000060
42402  25.438  -30.446  -17.318 0.3000000119
44496  25.712  -28.670  -17.759 0.3000000119
41447  21.888  -30.969  -22.196 0.3000000119
34801  17.177  -37.863  -8.856 0.4000000060
133020  12.503  -56.107  -5.041 0.4000000060
19732  12.181  -55.879  -5.620 0.4000000060
19747  11.902  -55.059  -6.555 0.4000000060
20602  12.290  -54.059  -6.864 0.3000000119
20601  13.056  -54.261  -6.043 0.4000000060
21457  12.234  -52.927  -7.473 0.3000000119
17277  15.563  -58.098  -10.417 0.5000000000
22277  12.833  -52.306  -7.343 0.5000000000
22278  12.045  -52.028  -7.826 0.3000000119
18085  14.721  -57.012  -10.962 0.5000000000
18093  14.361  -56.759  -11.628 0.5000000000
148571  15.394  -57.862  -10.944 0.5000000000
146544  13.972  -56.121  -11.034 0.5000000000
18105  14.945  -56.980  -11.793 0.5000000000
18938  14.912  -56.587  -12.264 0.3000000119
18926  12.697  -56.595  -11.931 0.5000000000
18106  14.206  -56.681  -11.968 0.4000000060
18939  13.798  -56.440  -12.146 0.4000000060
136479  16.348  -56.159  -12.663 0.3000000119
139168  15.492  -56.148  -12.653 0.3000000119
19814  17.003  -55.657  -12.467 0.3000000119
19815  15.934  -55.591  -12.696 0.3000000119
141344  18.556  -53.803  -12.071 0.3000000119
136409  17.631  -55.182  -12.165 0.3000000119
20667  16.935  -54.650  -12.471 0.4000000060
19816  14.382  -55.370  -12.599 0.4000000060
23136  13.240  -50.236  -5.727 0.3000000119
140965  19.436  -52.838  -12.236 0.4000000060
21512  19.358  -53.459  -11.933 0.4000000060
20666  17.738  -54.188  -12.271 0.4000000060
23955  13.770  -50.127  -4.331 0.3000000119
27476  13.468  -46.699  -4.528 0.3000000119
32084  15.166  -41.138  -6.140 0.3000000119
32085  14.557  -41.545  -6.456 0.3000000119
32927  15.135  -40.224  -7.067 0.3000000119
32928  14.404  -40.684  -7.374 0.3000000119
33814  14.988  -39.848  -7.666 0.3000000119
34787  15.913  -38.585  -8.551 0.3000000119
35756  17.642  -37.350  -9.270 0.3000000119
133979  16.851  -37.481  -9.418 0.3000000119
35757  16.017  -37.620  -9.532 0.3000000119
34804  14.727  -38.390  -9.227 0.3000000119
37725  19.150  -36.247  -9.750 0.3000000119
36788  18.515  -36.408  -9.824 0.3000000119
128071  17.792  -36.306  -10.189 0.3000000119
35770  17.298  -36.927  -9.793 0.3000000119
35771  16.458  -37.049  -9.920 0.3000000119
37749  19.368  -35.715  -10.143 0.3000000119
38600  18.778  -35.279  -10.561 0.3000000119
37751  17.094  -35.801  -10.689 0.3000000119
36789  16.859  -36.480  -10.308 0.3000000119
37761  17.783  -34.803  -11.238 0.3000000119
37762  17.164  -35.095  -11.225 0.3000000119
39513  18.957  -33.954  -11.450 0.3000000119
38616  18.891  -34.599  -10.965 0.3000000119
147221  18.311  -34.868  -10.959 0.3000000119
38617  17.287  -34.327  -11.808 0.3000000119
17276  15.840  -58.203  -9.685 0.5000000000
21513  17.954  -53.206  -12.494 0.4000000060
35758  15.147  -37.790  -9.623 0.3000000119
37750  18.612  -35.932  -10.188 0.3000000119
22285  12.234  -51.080  -7.819 0.3000000119
144483  11.974  -50.347  -7.674 0.3000000119
23137  12.376  -50.475  -6.289 0.3000000119
15069  13.522  -61.291  -0.391 0.4000000060
15082  12.754  -60.997  -1.569 0.4000000060
15751  12.970  -60.587  -2.031 0.4000000060
15775  11.059  -59.873  -3.678 0.4000000060
15789  11.366  -59.491  -4.371 0.3000000119
16415  13.124  -59.946  -2.255 0.4000000060
15773  12.106  -59.986  -3.343 0.4000000060
16462  11.905  -59.279  -4.314 0.4000000060
17256  20.194  -58.536  -7.303 0.3000000119
16416  12.756  -59.598  -2.823 0.4000000060
17202  11.567  -58.692  -5.127 0.3000000119
18018  11.613  -57.796  -5.394 0.3000000119
17201  12.021  -58.843  -4.515 0.4000000060
18884  10.594  -57.152  -7.074 0.3000000119
18038  10.817  -57.871  -6.451 0.3000000119
18895  10.999  -56.148  -7.118 0.3000000119
18017  12.029  -57.923  -4.661 0.4000000060
18868  11.650  -56.826  -5.771 0.3000000119
19733  11.549  -55.997  -6.382 0.3000000119
15735  11.581  -60.439  -2.064 0.4000000060
15099  12.318  -60.542  -2.364 0.4000000060
19748  11.335  -55.304  -7.110 0.3000000119
15048  14.200  -61.202  0.432 0.3000000119
18896  10.289  -56.332  -7.924 0.3000000119
14357  15.700  -62.276  1.584 0.4000000060
14375  18.654  -62.493  0.941 0.4000000060
14376  17.993  -62.830  1.235 0.4000000060
14377  17.246  -63.081  1.437 0.3000000119
15044  19.583  -61.339  0.802 0.4000000060
15047  15.184  -61.330  1.319 0.4000000060
15067  20.597  -61.323  -0.281 0.3000000119
15068  19.950  -61.735  0.118 0.3000000119
15070  13.146  -61.246  -1.063 0.4000000060
15083  12.208  -60.869  -1.305 0.4000000060
15693  18.442  -60.980  1.659 0.4000000060
15699  20.437  -60.667  0.102 0.4000000060
15702  14.958  -60.469  0.949 0.5000000000
15715  21.306  -60.527  -1.073 0.3000000119
15716  20.882  -60.554  -0.422 0.3000000119
15717  13.907  -60.844  -0.362 0.4000000060
15734  13.192  -60.874  -1.472 0.5000000000
15752  12.592  -60.073  -2.741 0.4000000060
15772  22.004  -60.397  -3.191 0.4000000060
15774  11.657  -59.768  -3.774 0.3000000119
15788  21.978  -60.069  -4.000 0.4000000060
16379  17.898  -59.583  1.642 0.5000000000
16382  15.672  -59.727  1.224 0.4000000060
16386  19.844  -59.495  0.707 0.4000000060
16390  14.322  -59.598  0.147 0.5000000000
16395  21.011  -59.831  -0.773 0.4000000060
16413  21.604  -59.963  -2.450 0.4000000060
16414  21.147  -59.376  -2.076 0.4000000060
16437  12.297  -59.547  -3.516 0.4000000060
16438  11.807  -59.530  -4.052 0.3000000119
16480  11.151  -58.993  -5.351 0.3000000119
17134  17.505  -58.925  1.465 0.6000000238
17143  17.078  -58.126  1.181 0.5000000000
17149  19.891  -58.135  -0.122 0.5000000000
17151  13.526  -59.100  -0.909 0.5000000000
17158  13.257  -59.412  -1.687 0.5000000000
17164  20.069  -58.171  -2.642 0.4000000060
17165  13.029  -59.130  -2.301 0.5000000000
17166  12.665  -58.827  -3.097 0.4000000060
17179  12.301  -59.052  -3.918 0.4000000060
17200  18.994  -57.912  -4.656 0.6000000238
17222  11.078  -58.540  -5.839 0.3000000119
17240  10.463  -58.562  -6.392 0.3000000119
17258  17.720  -58.295  -7.239 0.6000000238
17267  16.696  -58.233  -8.049 0.6000000238
17268  16.245  -58.240  -8.864 0.5000000000
17308  15.606  -57.607  -11.585 0.5000000000
17948  15.796  -57.127  0.547 0.6000000238
17958  19.584  -57.320  -0.275 0.6000000238
17973  13.278  -57.726  -1.676 0.5000000000
18016  18.950  -57.659  -4.629 0.6999999881
18028  11.285  -57.657  -5.998 0.3000000119
18051  17.428  -58.076  -6.805 0.6000000238
18052  17.136  -57.973  -6.957 0.6000000238
18053  16.717  -58.021  -7.534 0.6000000238
18073  15.053  -57.270  -10.269 0.6000000238
18084  15.205  -57.611  -10.574 0.5000000000
18092  15.041  -57.318  -11.201 0.5000000000
18762  17.266  -56.668  0.664 0.6000000238
18763  16.512  -56.634  0.577 0.6000000238
18791  20.115  -55.887  -1.733 0.6000000238
18809  20.014  -56.280  -2.565 0.6999999881
18830  12.872  -57.141  -3.291 0.5000000000
18850  13.137  -56.303  -3.790 0.6000000238
18882  17.360  -57.447  -6.822 0.6000000238
18883  11.166  -56.936  -6.447 0.3000000119
18892  17.791  -56.537  -7.045 0.6000000238
18906  15.657  -56.927  -9.373 0.6999999881
18925  13.281  -56.571  -11.912 0.4000000060
18940  12.370  -56.534  -11.947 0.5000000000
19635  16.845  -55.982  0.420 0.6000000238
19654  15.524  -55.628  -0.232 0.6000000238
19686  14.424  -55.247  -2.237 0.6000000238
19713  21.331  -55.319  -4.987 0.8999999762
19744  20.336  -55.468  -6.064 0.8000000119
19761  10.726  -55.191  -7.760 0.3000000119
19768  18.261  -55.147  -8.210 0.8000000119
19790  12.401  -55.512  -11.546 0.6000000238
19791  11.513  -55.509  -11.662 0.6999999881
19803  11.310  -55.766  -11.826 0.6000000238
19818  11.588  -56.110  -11.952 0.6000000238
19819  11.104  -55.458  -11.840 0.8000000119
19825  13.382  -55.306  -12.489 0.5000000000
20558  14.857  -54.820  -1.941 0.6999999881
20573  20.804  -54.615  -2.180 1.0000000000
20575  14.706  -54.675  -2.705 0.6999999881
20589  14.394  -54.110  -4.328 0.5000000000
20595  12.639  -54.938  -5.850 0.4000000060
20599  21.553  -54.446  -6.154 0.8999999762
20600  20.895  -54.768  -6.496 0.8999999762
20610  21.280  -54.161  -6.750 1.0000000000
20630  18.138  -53.958  -9.101 0.8000000119
20633  15.762  -54.818  -9.952 0.8000000119
20668  16.076  -54.721  -12.628 0.4000000060
20673  10.742  -54.657  -11.835 0.8000000119
21402  16.839  -53.775  -0.779 0.6999999881
21414  20.453  -52.929  -1.965 0.8999999762
21417  15.826  -53.822  -1.687 0.6999999881
21421  21.253  -53.035  -2.635 0.8999999762
21422  20.827  -53.736  -2.111 0.8999999762
21424  15.660  -53.625  -2.583 0.6999999881
21440  15.285  -53.239  -4.375 0.6000000238
21441  14.650  -53.588  -4.716 0.6000000238
21448  22.003  -54.001  -5.838 1.0000000000
21449  14.305  -53.367  -5.558 0.6000000238
21454  22.195  -53.306  -5.964 1.0000000000
21468  19.443  -53.263  -8.677 0.8999999762
21482  16.416  -53.247  -10.348 0.8999999762
21483  15.678  -53.207  -10.804 0.8000000119
21502  10.453  -54.035  -11.553 0.8000000119
21511  20.006  -53.032  -11.916 0.4000000060
21514  17.187  -53.637  -12.536 0.5000000000
21525  16.119  -52.948  -12.743 0.5000000000
22236  18.227  -52.785  -1.405 0.8999999762
22237  16.856  -52.975  -1.801 0.6999999881
22243  18.421  -52.249  -2.120 0.8999999762
22259  22.199  -52.892  -4.520 1.0000000000
22268  14.472  -52.446  -6.249 0.6000000238
22282  22.131  -52.133  -6.883 1.0000000000
22302  16.878  -52.879  -10.230 0.8999999762
22319  10.914  -53.019  -10.860 0.8999999762
22346  18.147  -52.304  -12.733 0.5000000000
22358  15.154  -52.151  -12.941 0.6000000238
22360  12.888  -52.443  -12.683 0.8000000119
23096  18.794  -51.666  -2.742 0.8999999762
23126  22.398  -52.079  -4.756 1.0000000000
23132  22.457  -51.918  -5.555 1.0000000000
23134  15.514  -51.252  -6.359 0.6000000238
23143  13.734  -49.794  -7.399 0.5000000000
23172  20.083  -50.914  -9.238 0.8999999762
23174  18.613  -51.565  -9.839 0.8999999762
23217  19.037  -51.062  -13.366 0.5000000000
23220  16.297  -51.484  -13.381 0.6000000238
23938  20.416  -51.054  -3.026 0.8999999762
23939  19.838  -50.903  -3.132 0.8999999762
23949  21.524  -51.226  -3.353 0.8999999762
23972  22.860  -49.947  -4.883 0.8999999762
23974  18.531  -50.364  -4.780 0.8999999762
23975  17.918  -50.654  -5.270 0.6999999881
23976  17.143  -50.846  -5.808 0.6999999881
23990  16.733  -49.766  -6.341 0.6000000238
23991  15.644  -50.268  -6.616 0.6999999881
23992  14.226  -49.239  -5.936 0.4000000060
24003  15.659  -49.307  -6.573 0.6000000238
24004  14.946  -49.413  -6.865 0.6999999881
24007  12.464  -49.751  -7.448 0.3000000119
24017  21.944  -50.872  -7.617 1.0000000000
24027  21.588  -50.475  -8.132 1.0000000000
24028  21.046  -50.398  -8.595 1.0000000000
24043  18.908  -49.907  -10.271 0.8999999762
24049  12.521  -50.610  -11.388 0.8999999762
24050  11.572  -50.227  -11.562 0.8999999762
24065  17.005  -50.057  -11.216 0.8999999762
24078  10.388  -50.656  -11.951 0.8999999762
24092  11.513  -50.323  -12.477 0.8000000119
24093  10.432  -50.793  -12.177 0.8999999762
24100  19.140  -49.943  -14.195 0.6000000238
24797  20.164  -49.653  -3.788 0.8999999762
24800  14.270  -49.470  -4.205 0.4000000060
24801  13.379  -49.841  -3.885 0.3000000119
24815  23.026  -49.326  -4.978 0.8999999762
24840  15.274  -48.612  -6.326 0.6000000238
24841  14.691  -48.807  -6.296 0.5000000000
24940  17.493  -49.416  -11.191 0.8999999762
24942  15.710  -49.400  -11.562 0.8999999762
24954  20.322  -49.658  -13.390 0.5000000000
24955  11.629  -49.440  -12.367 0.8999999762
24976  19.623  -49.550  -14.417 0.6000000238
24978  17.807  -49.444  -14.440 0.6000000238
24980  16.134  -49.496  -14.115 0.6999999881
24981  14.641  -48.982  -13.879 0.6999999881
24988  19.419  -49.228  -14.740 0.6000000238
25619  15.245  -48.236  -4.153 0.5000000000
25634  22.949  -48.595  -4.776 0.8999999762
25637  20.273  -48.210  -4.370 0.8999999762
25693  23.489  -48.260  -6.396 1.0000000000
25709  23.150  -48.153  -7.174 1.0000000000
25727  20.007  -48.192  -10.128 1.0000000000
25743  19.446  -47.962  -10.576 1.0000000000
25762  15.766  -48.600  -11.611 0.8999999762
25764  13.072  -48.425  -11.806 0.8999999762
25765  12.299  -48.417  -12.314 0.8999999762
25794  22.151  -48.335  -15.327 0.6000000238
25796  20.740  -48.924  -14.954 0.6000000238
25798  17.239  -48.761  -14.571 0.6000000238
25800  12.884  -48.035  -13.671 0.6999999881
25801  11.916  -47.880  -13.258 0.8999999762
25813  18.972  -48.820  -14.861 0.6000000238
25825  21.221  -48.703  -16.044 0.6000000238
26512  15.818  -47.719  -4.502 0.5000000000
26533  22.756  -47.662  -4.646 0.8999999762
26538  16.354  -47.263  -4.906 0.5000000000
26541  13.125  -47.484  -4.353 0.3000000119
26559  23.592  -47.352  -5.539 1.0000000000
26561  17.282  -47.742  -6.122 0.6999999881
26609  21.807  -47.553  -8.849 1.0000000000
26622  20.497  -47.447  -10.043 1.0000000000
26656  14.015  -47.707  -11.768 0.8999999762
26668  11.693  -47.359  -13.050 0.8999999762
26675  11.733  -47.182  -13.257 0.8999999762
26686  16.577  -48.012  -14.627 0.6999999881
26688  14.636  -47.578  -14.339 0.6999999881
26715  21.184  -48.241  -16.336 0.6000000238
27475  14.358  -46.636  -4.245 0.5000000000
27496  18.117  -46.502  -5.774 0.6999999881
27517  23.899  -46.175  -6.261 1.0000000000
27572  19.556  -46.711  -10.771 1.0000000000
27573  18.802  -46.637  -11.099 1.0000000000
27624  15.227  -46.925  -14.552 0.6999999881
27640  19.546  -47.107  -15.244 0.6000000238
28419  15.743  -46.003  -4.038 0.4000000060
28434  22.032  -45.851  -4.420 0.8999999762
28436  20.065  -45.766  -4.811 0.8999999762
28437  19.254  -45.514  -5.126 0.8000000119
28438  18.584  -45.359  -5.210 0.6000000238
28472  24.117  -45.389  -6.018 0.8999999762
28564  16.271  -44.541  -12.235 1.0000000000
28565  15.595  -45.034  -12.203 1.0000000000
28575  11.801  -45.678  -13.550 0.8999999762
28607  14.213  -44.835  -15.302 0.6999999881
28619  19.890  -45.373  -15.617 0.6000000238
29365  18.451  -44.649  -4.810 0.6000000238
29366  17.623  -44.682  -4.621 0.6000000238
29367  16.822  -44.576  -4.318 0.6000000238
29418  23.957  -44.548  -7.484 1.0000000000
29476  16.857  -44.828  -11.923 1.0000000000
29477  14.278  -44.643  -12.603 1.0000000000
29514  11.738  -44.247  -14.424 0.8999999762
29525  17.962  -44.759  -15.099 0.6999999881
29530  12.674  -44.090  -15.298 0.8000000119
29531  12.031  -43.957  -14.945 0.8000000119
29545  17.603  -44.072  -15.557 0.6999999881
30295  21.166  -43.831  -4.651 0.8000000119
30310  21.458  -42.959  -4.791 0.6000000238
30360  23.731  -43.461  -8.414 0.8000000119
30395  19.970  -44.003  -11.060 1.0000000000
30412  17.849  -44.190  -12.086 1.0000000000
30428  15.709  -44.013  -12.610 1.0000000000
30430  13.465  -44.179  -12.989 1.0000000000
30467  15.385  -43.667  -15.949 0.8000000119
30481  17.174  -43.554  -16.056 0.6999999881
30484  13.556  -42.986  -16.056 0.8000000119
31232  20.078  -42.961  -4.700 0.6999999881
31237  15.211  -42.878  -4.854 0.4000000060
31309  23.472  -42.452  -9.494 0.8000000119
31337  21.437  -42.597  -11.440 0.8000000119
31396  16.293  -42.551  -16.829 0.8000000119
31400  12.280  -42.172  -16.025 0.8999999762
31416  15.783  -42.002  -17.132 0.6999999881
32145  23.527  -41.553  -10.712 0.8000000119
32159  21.971  -42.043  -11.734 0.8000000119
32171  21.162  -41.901  -12.968 0.8000000119
32179  20.068  -41.583  -13.813 0.8000000119
32181  18.305  -41.852  -14.053 0.8999999762
32184  15.303  -42.101  -13.931 1.0000000000
32204  12.718  -41.463  -14.982 0.8999999762
32216  12.202  -41.205  -15.723 0.8000000119
32226  15.010  -41.684  -17.160 0.6999999881
32248  14.554  -41.073  -17.367 0.6999999881
32903  17.566  -40.281  -5.404 0.4000000060
32904  16.663  -40.431  -5.552 0.4000000060
32905  15.860  -40.731  -5.805 0.4000000060
32916  14.827  -40.891  -6.756 0.3000000119
32924  25.095  -40.180  -8.014 0.6999999881
32925  24.781  -40.173  -7.244 0.6999999881
32938  25.201  -40.265  -8.688 0.6999999881
32989  23.798  -40.724  -11.698 0.8000000119
33049  11.775  -40.169  -16.631 0.8000000119
33072  13.965  -40.305  -17.665 0.8000000119
33790  19.987  -39.725  -5.680 0.4000000060
33869  25.369  -39.147  -11.147 0.6999999881
33896  22.341  -39.183  -13.978 0.8000000119
33905  21.645  -39.069  -14.385 0.8000000119
33908  14.023  -40.295  -15.081 0.8999999762
33922  13.068  -39.374  -15.976 0.8999999762
33923  12.136  -39.336  -16.404 0.8000000119
33927  11.823  -39.410  -16.953 0.8000000119
33945  12.441  -39.298  -17.823 0.8000000119
33956  16.038  -39.245  -18.547 0.6000000238
34760  21.996  -38.877  -6.486 0.4000000060
34763  19.448  -38.601  -6.927 0.4000000060
34770  24.653  -38.553  -7.598 0.5000000000
34774  20.676  -38.295  -7.022 0.4000000060
34778  16.961  -38.732  -7.795 0.4000000060
34799  25.586  -37.335  -9.667 0.5000000000
34852  25.402  -38.106  -12.245 0.6999999881
34877  20.843  -38.844  -14.844 0.6999999881
34888  18.344  -38.993  -15.823 0.6999999881
34890  16.621  -38.966  -16.111 0.8999999762
34920  12.260  -38.756  -17.417 0.8000000119
34946  13.655  -37.401  -19.049 0.6999999881
35721  20.198  -37.666  -7.857 0.4000000060
35741  19.484  -37.568  -8.266 0.4000000060
35825  24.362  -36.821  -14.085 0.6000000238
35833  22.207  -37.129  -15.105 0.6999999881
35848  16.325  -37.639  -17.039 0.8000000119
35850  13.738  -37.867  -17.215 0.8999999762
35851  13.210  -37.554  -17.813 0.8000000119
35865  17.110  -36.619  -17.463 0.8000000119
35866  15.468  -37.032  -17.522 0.8000000119
35868  13.359  -37.378  -18.332 0.8000000119
35893  20.951  -37.127  -19.115 0.5000000000
35897  16.959  -37.565  -19.841 0.6000000238
35900  13.911  -37.014  -19.419 0.6999999881
35910  17.933  -37.038  -20.653 0.6000000238
35912  15.505  -36.708  -20.501 0.6000000238
36747  21.730  -36.750  -8.538 0.4000000060
36786  26.083  -36.299  -10.857 0.6000000238
36827  26.057  -36.153  -12.535 0.6000000238
36896  13.687  -36.908  -18.722 0.8000000119
36909  13.861  -36.839  -19.184 0.8000000119
36914  21.824  -36.129  -20.484 0.4000000060
36918  17.658  -36.578  -21.430 0.6000000238
36930  16.030  -35.776  -21.209 0.6000000238
37722  23.456  -35.492  -9.459 0.4000000060
37800  23.856  -35.693  -14.861 0.6000000238
37814  21.646  -36.024  -16.084 0.5000000000
37825  20.388  -35.862  -16.768 0.6999999881
37837  18.505  -35.718  -17.917 0.8000000119
37853  15.397  -35.890  -20.106 0.6999999881
37864  18.782  -35.165  -19.242 0.6999999881
37867  15.782  -35.598  -20.543 0.6000000238
37868  15.543  -35.928  -20.581 0.6000000238
37903  20.813  -35.505  -22.681 0.4000000060
37907  17.300  -34.689  -23.279 0.6000000238
37914  17.968  -35.007  -23.737 0.6000000238
38594  25.034  -34.560  -10.438 0.5000000000
38613  22.752  -33.768  -10.566 0.4000000060
38631  26.247  -34.403  -11.793 0.4000000060
38674  23.599  -34.591  -15.648 0.5000000000
38696  22.199  -34.377  -17.293 0.5000000000
38698  20.718  -35.017  -17.874 0.5000000000
38746  19.733  -34.022  -21.104 0.4000000060
38760  17.249  -34.331  -23.147 0.5000000000
38776  19.517  -34.547  -24.214 0.4000000060
38777  18.737  -34.283  -24.252 0.4000000060
39583  23.598  -33.580  -16.676 0.4000000060
39614  21.487  -33.689  -19.632 0.4000000060
39650  19.806  -33.077  -22.276 0.4000000060
39653  17.616  -34.074  -23.517 0.5000000000
39674  18.705  -33.482  -24.351 0.4000000060
40416  24.842  -32.734  -16.030 0.4000000060
40457  22.820  -32.914  -18.914 0.4000000060
40481  21.608  -32.726  -20.736 0.3000000119
40531  19.668  -32.544  -25.178 0.4000000060
41302  23.550  -31.740  -11.621 0.3000000119
41388  24.995  -31.123  -17.431 0.3000000119
41459  20.253  -31.263  -23.513 0.4000000060
41470  19.853  -31.240  -24.813 0.4000000060
41471  19.481  -31.860  -24.379 0.4000000060
42386  25.796  -30.512  -16.545 0.3000000119
42455  23.236  -30.570  -21.158 0.3000000119
124207  16.074  -52.139  -13.049 0.6000000238
124351  22.382  -51.363  -4.318 0.8999999762
124370  18.433  -58.461  -7.997 0.4000000060
124842  21.716  -50.604  -3.647 0.8999999762
124914  14.077  -51.977  -11.428 0.8999999762
125449  16.832  -45.881  -11.704 1.0000000000
125626  22.715  -48.048  -7.850 1.0000000000
125656  11.580  -51.532  -7.826 0.3000000119
125783  16.107  -35.436  -21.200 0.6000000238
126090  20.665  -58.660  -2.885 0.4000000060
126199  12.184  -53.274  -12.560 0.6999999881
126260  17.515  -47.370  -11.429 1.0000000000
126361  18.579  -54.896  -0.265 0.6000000238
126637  25.654  -38.577  -10.033 0.6999999881
126672  20.773  -52.214  -2.472 0.8999999762
126806  21.481  -48.736  -15.389 0.6000000238
126879  12.328  -56.105  -12.274 0.6000000238
126923  21.669  -45.147  -4.499 0.8999999762
127632  18.994  -58.352  -6.804 0.5000000000
127913  22.642  -51.311  -5.035 1.0000000000
128232  24.428  -36.214  -9.147 0.5000000000
128348  16.580  -53.979  -12.585 0.5000000000
128457  19.585  -48.355  -4.736 0.8999999762
128781  12.507  -50.912  -12.774 0.8000000119
128903  19.864  -37.546  -15.892 0.6999999881
129545  17.932  -35.442  -10.689 0.3000000119
129729  19.195  -52.117  -2.162 0.8999999762
129750  13.388  -55.413  -4.312 0.6000000238
129814  22.005  -51.310  -3.709 0.8999999762
129840  10.538  -52.083  -11.335 0.8999999762
130609  20.608  -55.588  -3.076 0.8000000119
130857  14.006  -46.169  -12.022 0.8999999762
132062  19.580  -32.920  -11.945 0.3000000119
132391  19.637  -50.723  -13.281 0.5000000000
132554  19.477  -40.247  -17.617 0.5000000000
132605  16.849  -46.234  -4.863 0.6999999881
133039  17.833  -41.064  -17.654 0.6000000238
133045  19.911  -54.647  -1.060 0.6000000238
133141  13.847  -56.490  -11.510 0.5000000000
133495  21.344  -58.834  -4.884 0.4000000060
134220  19.994  -52.126  -2.206 0.8999999762
134846  15.561  -42.566  -16.699 0.6999999881
135511  17.112  -56.517  -12.512 0.3000000119
135551  11.880  -46.809  -12.830 0.8999999762
136115  20.399  -50.255  -9.159 0.8999999762
136677  19.814  -48.991  -9.937 0.8999999762
137415  16.450  -55.344  -12.576 0.3000000119
137512  16.751  -42.858  -4.475 0.4000000060
137571  17.692  -61.277  1.719 0.4000000060
137615  16.536  -42.292  -4.551 0.4000000060
138654  12.662  -46.848  -12.396 0.8999999762
138802  11.679  -60.148  -3.050 0.4000000060
138830  14.545  -56.087  -12.519 0.4000000060
138952  20.203  -50.235  -12.980 0.5000000000
139086  15.675  -44.846  -15.127 0.6999999881
139339  19.410  -58.162  -4.841 0.5000000000
139385  20.628  -42.448  -12.619 0.8000000119
139605  15.349  -57.381  -9.716 0.6000000238
139623  11.846  -44.939  -14.413 0.8999999762
139710  15.526  -57.069  -12.115 0.3000000119
139766  13.655  -50.708  -11.458 0.8999999762
139951  19.179  -59.205  1.247 0.6000000238
140309  20.658  -59.234  -0.517 0.5000000000
140394  20.567  -46.036  -15.895 0.6000000238
140722  16.727  -35.611  -19.164 0.6999999881
141252  15.291  -55.415  -12.663 0.4000000060
141490  20.555  -44.310  -10.497 1.0000000000
141522  19.943  -53.385  -1.447 0.8999999762
141530  13.897  -57.357  -0.693 0.5000000000
141554  9.893  -51.964  -11.781 0.8999999762
143194  12.861  -46.936  -14.080 0.8999999762
143599  12.040  -39.173  -17.519 0.8000000119
143712  16.112  -36.696  -20.796 0.6000000238
143802  16.711  -50.693  -11.190 0.8999999762
143838  13.848  -60.037  -0.511 0.5000000000
143908  22.925  -50.184  -5.898 1.0000000000
144151  19.226  -48.338  -15.053 0.6000000238
144228  15.413  -49.454  -13.917 0.6999999881
144654  17.779  -45.302  -11.569 1.0000000000
145049  16.673  -41.969  -14.030 0.8999999762
145138  20.023  -42.509  -12.954 0.8999999762
145232  14.220  -55.757  -1.887 0.6000000238
145338  22.057  -47.577  -4.345 0.8999999762
145386  11.686  -44.351  -13.951 0.8999999762
145545  18.856  -50.477  -13.767 0.6000000238
145603  21.228  -55.339  -4.293 0.8999999762
145606  18.924  -53.867  -0.722 0.8999999762
145855  19.330  -49.282  -10.219 0.8999999762
146470  11.277  -53.253  -12.394 0.8000000119
146693  15.506  -48.049  -11.649 0.8999999762
146807  15.414  -39.813  -7.296 0.4000000060
146811  14.742  -51.836  -11.420 0.8999999762
146858  22.884  -44.633  -4.787 0.8999999762
147212  16.566  -45.515  -14.772 0.6999999881
147229  25.169  -40.433  -9.635 0.6999999881
147254  19.532  -55.915  -0.693 0.6000000238
147312  20.451  -37.998  -7.434 0.4000000060
148112  16.048  -47.258  -4.260 0.5000000000
149205  13.471  -58.374  -0.936 0.5000000000
149371  18.191  -39.028  -17.948 0.6000000238
149778  20.048  -49.971  -9.509 0.8999999762
149886  19.735  -38.050  -17.932 0.5000000000
