#!ascii label  , from subject sub-v1s20x0050303_ses-1 vox2ras=TkReg
1343
99204  -40.106  -17.125  19.877 0.0000000000
51297  -52.750  -3.976  7.301 0.0000000000
47219  -44.050  -8.636  12.103 0.0000000000
37602  -11.409  -19.449  39.583 0.0000000000
42959  -35.917  -12.823  26.037 0.0000000000
36615  -26.028  -20.142  38.354 0.0000000000
37627  -34.110  -19.900  38.293 0.0000000000
42048  -37.071  -14.383  31.997 0.0000000000
45377  -36.457  -10.664  30.379 0.0000000000
36652  -20.554  -20.684  35.092 0.0000000000
37591  -22.358  -19.946  40.173 0.0000000000
107364  -24.104  -19.770  34.701 0.0000000000
87772  -32.372  -20.962  33.522 0.0000000000
38618  -35.785  -18.598  33.043 0.0000000000
43779  -42.918  -12.420  26.489 0.0000000000
89514  -44.767  -14.122  23.469 0.0000000000
84622  -47.343  -5.466  9.449 0.0000000000
99857  -41.396  -13.034  14.830 0.0000000000
48981  -51.132  -6.931  2.211 0.0000000000
102252  -6.569  -20.272  41.479 0.0000000000
44603  -39.631  -10.996  27.892 0.0000000000
40519  -37.952  -17.374  23.821 0.0000000000
36694  -28.047  -20.540  33.346 0.0000000000
83857  -30.358  -21.033  37.228 0.0000000000
102550  -45.483  -10.368  19.216 0.0000000000
49052  -57.743  -6.627  -2.841 0.0000000000
40452  -36.407  -16.254  30.236 0.0000000000
42093  -35.731  -13.870  29.364 0.0000000000
37688  -22.248  -20.178  34.662 0.0000000000
37746  -34.697  -19.763  31.428 0.0000000000
38664  -36.119  -17.978  30.876 0.0000000000
90849  -36.599  -16.696  33.247 0.0000000000
104343  -41.054  -15.461  23.219 0.0000000000
43804  -44.075  -13.159  25.765 0.0000000000
83690  -42.301  -15.188  20.911 0.0000000000
86376  -49.693  -4.029  8.820 0.0000000000
50556  -51.053  -4.033  12.519 0.0000000000
51313  -55.291  -3.307  6.344 0.0000000000
90550  -10.995  -19.982  37.195 0.0000000000
37574  -9.209  -19.250  40.955 0.0000000000
43764  -36.391  -11.747  27.218 0.0000000000
45402  -38.130  -10.041  28.378 0.0000000000
42931  -37.648  -12.837  27.236 0.0000000000
106422  -39.229  -14.099  26.183 0.0000000000
41354  -36.555  -15.790  24.714 0.0000000000
37608  -24.634  -19.671  39.609 0.0000000000
37558  -23.534  -19.183  43.346 0.0000000000
37568  -26.215  -18.620  42.030 0.0000000000
36601  -27.695  -20.193  39.733 0.0000000000
36721  -26.495  -20.763  31.483 0.0000000000
36723  -28.383  -20.705  31.352 0.0000000000
36658  -33.148  -20.540  35.312 0.0000000000
87473  -31.352  -21.482  35.484 0.0000000000
88795  -32.209  -21.144  37.059 0.0000000000
88448  -31.182  -21.454  39.026 0.0000000000
36623  -16.627  -20.539  37.308 0.0000000000
36612  -17.477  -20.627  38.469 0.0000000000
35744  -15.961  -21.464  39.618 0.0000000000
98986  -44.188  -11.698  13.991 0.0000000000
97836  -43.260  -11.555  17.206 0.0000000000
100604  -44.299  -9.059  16.218 0.0000000000
49065  -59.944  -6.501  -3.993 0.0000000000
94469  -9.368  -16.918  45.202 0.0000000000
42838  -37.926  -13.145  34.378 0.0000000000
45358  -37.499  -10.661  32.430 0.0000000000
93040  -36.750  -13.107  31.230 0.0000000000
43746  -35.449  -12.035  29.055 0.0000000000
88468  -20.297  -21.626  37.679 0.0000000000
83845  -20.736  -20.390  40.664 0.0000000000
36626  -21.622  -20.414  37.054 0.0000000000
37637  -23.526  -19.643  37.102 0.0000000000
37668  -25.213  -19.497  36.024 0.0000000000
35814  -30.876  -21.416  31.818 0.0000000000
36728  -33.141  -20.677  31.355 0.0000000000
104434  -33.750  -19.937  33.736 0.0000000000
105958  -35.037  -19.160  35.566 0.0000000000
39460  -36.364  -17.384  35.435 0.0000000000
41199  -37.380  -15.340  35.498 0.0000000000
96114  -18.842  -21.417  35.013 0.0000000000
45408  -45.249  -10.353  28.588 0.0000000000
47896  -49.139  -7.598  32.274 0.0000000000
45411  -48.427  -10.895  29.105 0.0000000000
45414  -51.011  -9.996  28.022 0.0000000000
48897  -45.331  -6.222  11.000 0.0000000000
48085  -46.168  -7.423  14.365 0.0000000000
48879  -49.035  -5.690  13.689 0.0000000000
86318  -1.296  -19.395  41.094 0.0000000000
99914  -41.308  -15.244  16.856 0.0000000000
100684  -41.814  -13.475  10.416 0.0000000000
47250  -43.907  -8.326  8.437 0.0000000000
48144  -45.289  -7.809  7.610 0.0000000000
99705  -47.547  -6.094  6.244 0.0000000000
49773  -49.630  -5.626  5.789 0.0000000000
49781  -51.681  -5.737  4.748 0.0000000000
92196  -49.338  -7.276  3.158 0.0000000000
41156  -7.244  -15.262  45.239 0.0000000000
40359  -4.613  -16.614  43.816 0.0000000000
39424  -2.449  -17.512  42.600 0.0000000000
47037  -43.354  -7.848  31.081 0.0000000000
47032  -37.855  -8.602  30.580 0.0000000000
47072  -39.562  -8.297  29.713 0.0000000000
46249  -42.500  -9.358  28.820 0.0000000000
44614  -41.759  -11.749  26.945 0.0000000000
42147  -40.252  -14.194  25.246 0.0000000000
100062  -39.435  -17.579  21.940 0.0000000000
87133  -21.211  -20.893  43.535 0.0000000000
36691  -25.618  -19.975  33.935 0.0000000000
92730  -27.158  -20.619  35.559 0.0000000000
90195  -29.387  -21.784  33.407 0.0000000000
35770  -28.903  -21.010  35.408 0.0000000000
35756  -28.132  -20.974  37.672 0.0000000000
35752  -29.547  -21.406  38.652 0.0000000000
90359  -13.249  -20.343  36.627 0.0000000000
36621  -14.867  -20.514  37.117 0.0000000000
37620  -13.494  -20.062  38.334 0.0000000000
99289  -42.760  -13.278  19.401 0.0000000000
99925  -44.967  -12.928  21.256 0.0000000000
87015  -47.548  -13.315  22.991 0.0000000000
47169  -47.175  -8.006  18.006 0.0000000000
49791  -54.055  -5.892  3.249 0.0000000000
50627  -56.378  -5.064  1.632 0.0000000000
49830  -57.962  -4.410  0.121 0.0000000000
49035  -56.694  -6.697  -1.501 0.0000000000
49845  -59.279  -5.006  -0.891 0.0000000000
40462  -36.140  -16.504  29.535 0.0000000000
95002  -35.849  -15.808  28.878 0.0000000000
40478  -35.481  -16.038  28.077 0.0000000000
38677  -35.597  -18.252  29.513 0.0000000000
39543  -35.910  -17.387  29.486 0.0000000000
39532  -36.287  -17.138  30.364 0.0000000000
83689  -40.716  -16.357  21.276 0.0000000000
42181  -42.068  -14.966  22.649 0.0000000000
88683  -41.500  -15.750  21.072 0.0000000000
51296  -51.256  -3.936  7.506 0.0000000000
51273  -51.813  -3.721  9.546 0.0000000000
51275  -53.270  -3.750  8.889 0.0000000000
51990  -55.016  -3.140  8.116 0.0000000000
51312  -54.534  -3.818  6.753 0.0000000000
37633  -11.777  -20.056  37.698 0.0000000000
37617  -10.206  -19.723  38.671 0.0000000000
37601  -10.407  -19.539  39.481 0.0000000000
43777  -35.962  -11.803  26.510 0.0000000000
43765  -37.235  -12.033  27.569 0.0000000000
42130  -36.588  -13.556  26.363 0.0000000000
42131  -37.515  -14.104  26.433 0.0000000000
41343  -36.143  -15.120  25.656 0.0000000000
88914  -18.536  -20.625  40.816 0.0000000000
37626  -25.282  -19.964  38.991 0.0000000000
37595  -25.783  -18.921  40.938 0.0000000000
37596  -26.362  -19.446  40.655 0.0000000000
36590  -26.801  -19.601  41.004 0.0000000000
36616  -27.080  -20.189  38.848 0.0000000000
37652  -33.896  -20.195  36.364 0.0000000000
89150  -32.809  -20.973  36.871 0.0000000000
36618  -33.388  -20.577  38.114 0.0000000000
99887  -32.568  -20.900  38.287 0.0000000000
88931  -18.962  -21.140  38.797 0.0000000000
88321  -18.272  -20.760  39.023 0.0000000000
36598  -17.656  -20.815  39.270 0.0000000000
46188  -45.193  -9.793  31.621 0.0000000000
98004  -44.261  -10.117  13.163 0.0000000000
98534  -43.610  -9.867  15.275 0.0000000000
100491  -44.098  -9.141  14.037 0.0000000000
42040  -37.482  -14.206  33.303 0.0000000000
43708  -37.529  -12.788  32.735 0.0000000000
103622  -37.056  -13.654  31.794 0.0000000000
42910  -35.179  -12.823  28.796 0.0000000000
42922  -34.627  -12.169  27.979 0.0000000000
43763  -35.233  -11.695  27.431 0.0000000000
35761  -19.978  -21.438  36.197 0.0000000000
36613  -21.170  -20.945  37.994 0.0000000000
36639  -21.301  -20.508  36.186 0.0000000000
37689  -23.125  -19.923  34.671 0.0000000000
37665  -22.675  -20.157  35.475 0.0000000000
37666  -23.522  -19.889  35.510 0.0000000000
37651  -24.422  -19.545  36.595 0.0000000000
37667  -24.344  -19.629  35.692 0.0000000000
36751  -32.400  -20.791  30.062 0.0000000000
37747  -35.349  -19.236  31.784 0.0000000000
106890  -34.267  -19.822  32.643 0.0000000000
37712  -35.279  -19.052  33.439 0.0000000000
36677  -34.193  -19.702  34.344 0.0000000000
37672  -35.397  -18.962  34.912 0.0000000000
38595  -35.508  -18.659  35.706 0.0000000000
38605  -36.084  -17.849  34.136 0.0000000000
103176  -36.988  -15.367  32.952 0.0000000000
89775  -36.802  -15.901  33.519 0.0000000000
41223  -37.285  -14.985  33.682 0.0000000000
91147  -37.811  -13.899  34.955 0.0000000000
35780  -19.924  -20.955  34.696 0.0000000000
44616  -44.154  -11.325  27.502 0.0000000000
45410  -47.056  -10.682  28.994 0.0000000000
44617  -45.245  -11.349  27.360 0.0000000000
43805  -44.971  -13.275  25.628 0.0000000000
44637  -47.530  -11.884  27.071 0.0000000000
43783  -47.043  -12.405  26.518 0.0000000000
44639  -49.410  -12.530  27.378 0.0000000000
43807  -47.439  -13.014  25.865 0.0000000000
48907  -45.924  -5.882  10.441 0.0000000000
89464  -47.074  -6.149  12.598 0.0000000000
99758  -48.271  -4.991  11.918 0.0000000000
102474  -53.520  -4.430  13.774 0.0000000000
48143  -44.632  -7.997  8.061 0.0000000000
48155  -44.052  -8.252  6.733 0.0000000000
84601  -45.772  -7.270  5.235 0.0000000000
87017  -47.451  -6.474  5.396 0.0000000000
84619  -48.186  -5.936  5.715 0.0000000000
48961  -48.073  -6.757  4.111 0.0000000000
48970  -49.470  -7.173  4.199 0.0000000000
36594  -8.305  -20.770  39.073 0.0000000000
100870  -5.804  -20.059  41.394 0.0000000000
106838  -9.867  -15.226  47.474 0.0000000000
40347  -8.492  -16.624  45.032 0.0000000000
41946  -8.506  -14.266  47.435 0.0000000000
41954  -5.177  -13.973  46.783 0.0000000000
41152  -3.715  -15.815  45.320 0.0000000000
39407  -3.205  -17.093  43.971 0.0000000000
40352  -2.681  -17.085  45.262 0.0000000000
39405  -1.361  -18.003  43.631 0.0000000000
44575  -36.677  -11.039  31.127 0.0000000000
46172  -37.522  -9.622  31.995 0.0000000000
45378  -36.908  -9.917  30.123 0.0000000000
44602  -38.514  -10.841  28.092 0.0000000000
46245  -38.593  -9.279  28.639 0.0000000000
46246  -39.565  -9.397  28.645 0.0000000000
46225  -41.063  -8.988  29.311 0.0000000000
45405  -41.210  -10.079  28.010 0.0000000000
103301  -41.949  -10.372  27.645 0.0000000000
92853  -40.422  -11.357  27.548 0.0000000000
41356  -38.268  -15.646  24.638 0.0000000000
42146  -39.319  -14.454  25.526 0.0000000000
41357  -39.276  -15.594  24.420 0.0000000000
41371  -39.569  -16.123  23.814 0.0000000000
100653  -38.201  -18.102  23.204 0.0000000000
88055  -21.779  -20.223  40.942 0.0000000000
83812  -20.654  -20.650  42.430 0.0000000000
37563  -22.279  -20.029  42.044 0.0000000000
103766  -27.446  -20.480  32.934 0.0000000000
92616  -25.858  -20.350  33.114 0.0000000000
36692  -26.437  -20.188  33.814 0.0000000000
36655  -26.409  -20.100  35.415 0.0000000000
36673  -26.992  -20.347  34.601 0.0000000000
35815  -31.616  -21.335  32.306 0.0000000000
35813  -30.089  -21.780  32.145 0.0000000000
86587  -30.676  -22.388  33.484 0.0000000000
86920  -30.873  -21.152  36.353 0.0000000000
83869  -30.343  -21.309  35.547 0.0000000000
89469  -29.553  -21.063  35.905 0.0000000000
35763  -28.731  -21.261  36.357 0.0000000000
105682  -28.993  -21.275  37.065 0.0000000000
35751  -28.788  -20.957  38.576 0.0000000000
35758  -29.536  -21.228  37.574 0.0000000000
39443  -36.116  -16.811  38.429 0.0000000000
36622  -15.732  -20.499  36.950 0.0000000000
92175  -15.306  -20.535  37.738 0.0000000000
37636  -14.368  -20.331  37.832 0.0000000000
98516  -41.364  -13.584  15.830 0.0000000000
101111  -41.859  -14.137  17.967 0.0000000000
100269  -42.147  -12.738  16.975 0.0000000000
98517  -44.822  -10.475  18.471 0.0000000000
100276  -44.104  -11.651  19.421 0.0000000000
83727  -45.402  -11.234  20.672 0.0000000000
99351  -45.830  -12.457  21.563 0.0000000000
93060  -45.914  -11.458  21.579 0.0000000000
48076  -48.335  -7.207  15.778 0.0000000000
48056  -46.811  -7.872  16.199 0.0000000000
48041  -48.020  -7.652  17.557 0.0000000000
49789  -51.905  -6.544  3.137 0.0000000000
92929  -52.921  -5.652  4.160 0.0000000000
49798  -52.592  -6.169  2.540 0.0000000000
49814  -54.458  -6.181  1.504 0.0000000000
48991  -55.099  -6.330  0.843 0.0000000000
50630  -57.235  -3.896  1.013 0.0000000000
104486  -56.767  -5.748  0.437 0.0000000000
49062  -57.019  -6.550  -3.384 0.0000000000
49879  -55.290  -6.059  -2.734 0.0000000000
49051  -56.815  -6.697  -2.507 0.0000000000
49862  -58.630  -5.510  -1.451 0.0000000000
49037  -58.639  -6.233  -2.260 0.0000000000
49038  -59.875  -6.445  -2.505 0.0000000000
48229  -61.173  -7.625  -4.012 0.0000000000
42061  -36.834  -14.888  31.342 0.0000000000
42074  -36.550  -14.400  30.575 0.0000000000
92648  -36.234  -14.686  29.858 0.0000000000
42108  -35.256  -14.034  28.632 0.0000000000
36670  -21.329  -20.425  34.659 0.0000000000
37777  -35.165  -19.194  29.708 0.0000000000
38647  -35.813  -18.678  31.304 0.0000000000
38648  -36.291  -18.096  31.734 0.0000000000
39503  -36.449  -17.410  32.950 0.0000000000
39517  -36.537  -17.445  32.167 0.0000000000
104853  -36.576  -16.467  31.002 0.0000000000
42981  -41.945  -13.799  24.635 0.0000000000
43780  -43.817  -12.608  26.432 0.0000000000
42162  -42.254  -14.207  23.853 0.0000000000
101384  -43.210  -14.142  23.596 0.0000000000
83707  -43.393  -14.402  22.729 0.0000000000
101957  -49.044  -4.337  9.318 0.0000000000
86773  -48.760  -4.283  10.747 0.0000000000
87906  -49.976  -3.509  10.284 0.0000000000
51246  -52.380  -3.767  11.937 0.0000000000
52016  -56.106  -2.728  5.001 0.0000000000
37616  -9.407  -19.840  38.527 0.0000000000
38556  -7.789  -18.960  41.629 0.0000000000
44600  -36.424  -11.341  28.361 0.0000000000
45391  -37.224  -9.990  29.308 0.0000000000
95937  -37.100  -10.991  28.433 0.0000000000
44612  -37.903  -11.545  27.927 0.0000000000
44613  -38.918  -11.777  27.759 0.0000000000
42933  -39.246  -12.752  27.322 0.0000000000
42944  -38.107  -13.685  26.894 0.0000000000
97668  -37.754  -14.655  25.853 0.0000000000
41355  -37.326  -15.953  24.543 0.0000000000
105789  -23.515  -19.583  39.798 0.0000000000
37579  -23.258  -19.381  42.580 0.0000000000
97615  -24.574  -18.992  41.612 0.0000000000
36570  -24.937  -19.117  42.627 0.0000000000
35733  -27.331  -21.062  40.981 0.0000000000
36722  -27.467  -20.674  31.441 0.0000000000
36707  -28.039  -20.600  32.330 0.0000000000
36675  -32.593  -20.838  34.504 0.0000000000
99052  -31.330  -21.781  34.617 0.0000000000
91427  -32.369  -21.132  35.586 0.0000000000
99493  -31.779  -21.297  36.354 0.0000000000
99594  -31.336  -21.073  37.188 0.0000000000
102605  -30.925  -21.229  38.241 0.0000000000
99990  -31.897  -21.099  38.016 0.0000000000
35766  -17.772  -21.461  35.775 0.0000000000
36637  -17.229  -20.777  36.925 0.0000000000
36611  -16.683  -20.523  38.062 0.0000000000
93167  -15.524  -20.787  39.034 0.0000000000
36597  -16.602  -20.823  38.856 0.0000000000
98533  -42.779  -11.933  14.425 0.0000000000
100203  -42.233  -12.109  16.156 0.0000000000
102823  -43.220  -11.133  15.495 0.0000000000
85981  -43.821  -10.277  16.721 0.0000000000
85911  -45.019  -9.676  17.847 0.0000000000
48997  -50.562  -6.771  0.469 0.0000000000
49811  -52.012  -6.186  0.947 0.0000000000
49015  -51.424  -6.242  -0.386 0.0000000000
49077  -57.324  -6.259  -3.923 0.0000000000
49064  -58.814  -6.389  -3.848 0.0000000000
49078  -58.103  -6.117  -4.224 0.0000000000
49079  -59.278  -6.050  -4.615 0.0000000000
37588  -11.497  -19.167  40.440 0.0000000000
38559  -10.375  -18.644  41.832 0.0000000000
44539  -38.262  -11.511  34.767 0.0000000000
95398  -37.851  -12.536  33.575 0.0000000000
43725  -37.269  -12.196  32.137 0.0000000000
44581  -36.263  -11.495  30.529 0.0000000000
42894  -36.425  -13.470  30.546 0.0000000000
91864  -35.763  -11.827  29.859 0.0000000000
44591  -35.890  -11.376  29.064 0.0000000000
44599  -35.660  -11.559  28.279 0.0000000000
44631  -35.761  -11.672  26.905 0.0000000000
88188  -19.898  -21.195  39.086 0.0000000000
89450  -20.071  -20.664  39.935 0.0000000000
83827  -20.453  -21.375  38.469 0.0000000000
105583  -21.572  -20.491  39.320 0.0000000000
37605  -22.073  -20.060  39.366 0.0000000000
36640  -22.166  -20.237  36.252 0.0000000000
36627  -22.519  -19.947  37.077 0.0000000000
91749  -23.117  -19.520  38.658 0.0000000000
37624  -23.664  -19.487  38.141 0.0000000000
37639  -25.182  -19.788  37.937 0.0000000000
36628  -25.898  -19.895  37.317 0.0000000000
36726  -31.658  -21.051  31.447 0.0000000000
83884  -32.201  -21.065  32.775 0.0000000000
36729  -33.955  -20.391  31.147 0.0000000000
36709  -33.420  -20.486  32.045 0.0000000000
101674  -33.093  -20.382  33.662 0.0000000000
36676  -33.422  -20.192  34.479 0.0000000000
37670  -33.900  -19.987  35.323 0.0000000000
37653  -34.564  -19.621  36.793 0.0000000000
37628  -34.653  -19.272  38.578 0.0000000000
38589  -35.107  -19.028  37.136 0.0000000000
39446  -36.095  -17.910  36.932 0.0000000000
39447  -36.463  -17.144  37.369 0.0000000000
39474  -36.312  -17.316  34.552 0.0000000000
40389  -36.796  -16.716  35.823 0.0000000000
40378  -37.201  -15.990  36.141 0.0000000000
90572  -37.633  -14.877  35.946 0.0000000000
35767  -18.541  -21.636  35.700 0.0000000000
45392  -45.580  -10.166  29.298 0.0000000000
45382  -48.476  -10.034  30.646 0.0000000000
47060  -49.825  -8.252  30.669 0.0000000000
47061  -50.872  -8.327  29.637 0.0000000000
44619  -47.117  -11.262  27.596 0.0000000000
46251  -50.721  -9.667  28.751 0.0000000000
48108  -44.363  -7.734  11.792 0.0000000000
48093  -44.993  -7.351  13.304 0.0000000000
48103  -45.408  -6.599  12.758 0.0000000000
48863  -47.699  -6.743  14.067 0.0000000000
48849  -49.695  -6.559  15.305 0.0000000000
89478  -49.811  -4.468  13.275 0.0000000000
49722  -50.806  -5.843  14.394 0.0000000000
87393  -39.603  -17.726  17.443 0.0000000000
40586  -40.833  -16.487  17.815 0.0000000000
40602  -40.509  -16.452  16.353 0.0000000000
99474  -40.830  -15.000  15.402 0.0000000000
99085  -40.972  -13.755  14.195 0.0000000000
98987  -42.227  -12.797  13.007 0.0000000000
100683  -43.464  -11.991  11.906 0.0000000000
86001  -43.563  -11.417  11.440 0.0000000000
83754  -43.122  -10.238  11.069 0.0000000000
94951  -44.100  -8.398  10.310 0.0000000000
48124  -44.648  -7.763  9.907 0.0000000000
48134  -45.224  -7.504  8.571 0.0000000000
48926  -46.405  -6.497  8.589 0.0000000000
84599  -45.269  -7.667  5.786 0.0000000000
84600  -46.389  -6.858  6.621 0.0000000000
84613  -46.970  -5.962  8.015 0.0000000000
84624  -48.542  -5.132  7.120 0.0000000000
50594  -49.892  -4.652  6.844 0.0000000000
50595  -51.302  -4.508  5.913 0.0000000000
50600  -52.268  -4.317  5.783 0.0000000000
49780  -50.855  -6.034  5.032 0.0000000000
48971  -50.372  -7.545  3.820 0.0000000000
48980  -50.159  -7.426  2.495 0.0000000000
48996  -49.689  -6.856  0.614 0.0000000000
39430  -9.292  -18.054  43.014 0.0000000000
39419  -7.806  -17.350  43.226 0.0000000000
39418  -6.923  -17.254  42.993 0.0000000000
41956  -7.172  -14.195  46.598 0.0000000000
41155  -6.216  -14.891  45.164 0.0000000000
39426  -5.634  -17.637  42.646 0.0000000000
102560  -4.350  -17.455  42.898 0.0000000000
38540  -3.353  -17.687  41.922 0.0000000000
89509  -2.422  -18.433  40.814 0.0000000000
38538  -1.257  -18.365  42.282 0.0000000000
46206  -44.201  -9.119  30.520 0.0000000000
47891  -39.070  -7.745  32.187 0.0000000000
46204  -37.571  -9.050  29.744 0.0000000000
47054  -38.354  -8.273  29.992 0.0000000000
47074  -41.491  -8.448  30.064 0.0000000000
92225  -42.955  -8.854  29.563 0.0000000000
46228  -44.477  -9.533  29.770 0.0000000000
97227  -43.939  -9.769  28.917 0.0000000000
45423  -43.746  -10.542  28.100 0.0000000000
93726  -42.190  -12.244  26.577 0.0000000000
92537  -39.785  -13.160  26.751 0.0000000000
42961  -40.791  -13.506  25.639 0.0000000000
42962  -41.640  -13.386  25.369 0.0000000000
42173  -40.872  -15.057  23.798 0.0000000000
86050  -40.618  -15.998  22.717 0.0000000000
88370  -39.631  -17.583  20.381 0.0000000000
83973  -34.853  -14.886  24.840 0.0000000000
92586  -35.585  -15.390  24.841 0.0000000000
41369  -36.171  -16.850  23.347 0.0000000000
83679  -36.373  -17.712  23.353 0.0000000000
100111  -37.351  -18.413  22.028 0.0000000000
87676  -38.236  -18.532  21.507 0.0000000000
83664  -38.719  -18.508  19.982 0.0000000000
99203  -39.486  -17.933  18.777 0.0000000000
99828  -22.212  -20.397  43.322 0.0000000000
89852  -24.007  -19.866  33.107 0.0000000000
36690  -24.916  -20.110  33.279 0.0000000000
37710  -24.895  -19.774  34.234 0.0000000000
37691  -25.683  -19.761  35.296 0.0000000000
37669  -25.938  -19.744  35.954 0.0000000000
36642  -26.540  -20.251  36.476 0.0000000000
106227  -29.537  -21.371  31.828 0.0000000000
102132  -29.409  -21.661  32.524 0.0000000000
35788  -28.724  -20.946  33.960 0.0000000000
99134  -30.665  -22.217  34.293 0.0000000000
87485  -29.434  -21.613  34.298 0.0000000000
36657  -28.401  -20.760  34.813 0.0000000000
36656  -27.961  -21.114  35.699 0.0000000000
90033  -27.363  -20.893  36.293 0.0000000000
36630  -27.441  -20.573  38.029 0.0000000000
36617  -28.040  -20.451  38.763 0.0000000000
36602  -28.554  -20.748  39.532 0.0000000000
102788  -12.545  -20.283  36.456 0.0000000000
37634  -12.645  -20.203  37.289 0.0000000000
101472  -15.819  -20.446  36.088 0.0000000000
36635  -14.881  -20.470  36.163 0.0000000000
90354  -14.104  -20.411  36.858 0.0000000000
102350  -13.051  -20.111  37.834 0.0000000000
92488  -12.508  -19.693  39.255 0.0000000000
90848  -13.070  -19.588  40.003 0.0000000000
36596  -14.909  -20.669  39.851 0.0000000000
83680  -41.984  -15.384  19.407 0.0000000000
87052  -42.869  -14.517  20.880 0.0000000000
42192  -43.513  -13.968  20.953 0.0000000000
97870  -42.984  -12.329  18.626 0.0000000000
99158  -43.576  -12.663  20.219 0.0000000000
98575  -44.967  -14.085  22.138 0.0000000000
99823  -46.615  -13.675  23.762 0.0000000000
47192  -45.408  -8.054  15.538 0.0000000000
103098  -45.416  -8.630  16.962 0.0000000000
98011  -46.496  -8.954  19.166 0.0000000000
50609  -53.408  -4.617  5.007 0.0000000000
51322  -54.863  -4.185  5.046 0.0000000000
51329  -55.914  -3.761  3.715 0.0000000000
49799  -53.396  -6.066  2.526 0.0000000000
50619  -54.990  -5.493  2.955 0.0000000000
51338  -56.331  -3.902  2.745 0.0000000000
51349  -57.475  -3.205  1.111 0.0000000000
51358  -57.824  -3.139  0.920 0.0000000000
49034  -55.675  -6.750  -1.141 0.0000000000
49842  -57.564  -5.336  -0.141 0.0000000000
50638  -58.685  -4.506  -0.177 0.0000000000
101271  -60.430  -6.869  -3.340 0.0000000000
95036  -35.742  -16.760  28.739 0.0000000000
39557  -35.499  -17.702  28.674 0.0000000000
83683  -40.109  -16.946  20.752 0.0000000000
86786  -40.867  -16.280  20.263 0.0000000000
106175  -52.030  -3.914  7.604 0.0000000000
51285  -52.615  -3.946  8.184 0.0000000000
51286  -53.491  -3.919  7.922 0.0000000000
51287  -54.202  -3.545  8.481 0.0000000000
51299  -54.383  -3.685  7.599 0.0000000000
51298  -53.638  -3.974  7.050 0.0000000000
37618  -11.683  -19.793  38.633 0.0000000000
91281  -10.925  -19.648  38.889 0.0000000000
37587  -10.655  -19.238  40.255 0.0000000000
42942  -36.291  -12.507  26.400 0.0000000000
42144  -35.925  -13.891  25.992 0.0000000000
83842  -19.194  -20.458  40.332 0.0000000000
36599  -26.228  -20.007  39.447 0.0000000000
36600  -26.938  -19.949  39.789 0.0000000000
37640  -34.050  -20.137  37.397 0.0000000000
36631  -33.389  -20.668  37.096 0.0000000000
36603  -33.481  -19.948  39.050 0.0000000000
88810  -18.441  -20.633  39.880 0.0000000000
87265  -43.963  -9.723  12.383 0.0000000000
87070  -44.311  -8.733  13.025 0.0000000000
42862  -37.380  -13.757  32.567 0.0000000000
42929  -34.697  -13.199  28.287 0.0000000000
36638  -20.557  -20.783  35.907 0.0000000000
94875  -23.550  -19.768  33.863 0.0000000000
37730  -35.306  -19.149  32.669 0.0000000000
37692  -35.011  -19.273  34.177 0.0000000000
38604  -35.623  -18.528  34.008 0.0000000000
41238  -36.964  -15.211  32.188 0.0000000000
42039  -37.264  -14.678  32.775 0.0000000000
35769  -19.966  -21.063  35.451 0.0000000000
44633  -43.534  -11.919  26.979 0.0000000000
42966  -45.251  -13.652  24.806 0.0000000000
43806  -45.876  -13.356  25.448 0.0000000000
43784  -47.933  -12.641  26.550 0.0000000000
89454  -45.557  -13.970  23.830 0.0000000000
49751  -46.685  -5.710  9.897 0.0000000000
99025  -47.664  -5.481  11.335 0.0000000000
87134  -47.616  -5.334  10.272 0.0000000000
50534  -53.740  -4.571  14.369 0.0000000000
87970  -48.073  -6.412  4.880 0.0000000000
83912  -7.192  -20.986  41.067 0.0000000000
99168  -7.164  -21.944  40.482 0.0000000000
98360  -6.113  -21.323  40.972 0.0000000000
103573  -6.194  -19.571  41.736 0.0000000000
41947  -9.378  -14.526  47.720 0.0000000000
41939  -9.696  -13.963  48.601 0.0000000000
40353  -3.279  -16.623  44.779 0.0000000000
39400  -2.163  -17.632  45.821 0.0000000000
104581  -36.782  -10.273  30.849 0.0000000000
45403  -39.062  -10.090  28.281 0.0000000000
45404  -40.102  -10.155  28.241 0.0000000000
44604  -40.531  -10.724  27.806 0.0000000000
42158  -39.011  -15.001  24.872 0.0000000000
41370  -38.627  -16.502  24.074 0.0000000000
92604  -26.715  -20.433  33.018 0.0000000000
36693  -27.278  -20.349  33.659 0.0000000000
36674  -27.897  -20.473  34.221 0.0000000000
86496  -31.578  -21.618  33.243 0.0000000000
99135  -30.789  -21.878  32.629 0.0000000000
87667  -30.137  -21.011  36.341 0.0000000000
88807  -29.570  -21.098  36.718 0.0000000000
36609  -15.026  -20.498  38.490 0.0000000000
86250  -41.694  -13.650  16.881 0.0000000000
101016  -41.663  -12.758  15.953 0.0000000000
85908  -44.960  -11.052  19.503 0.0000000000
100735  -45.807  -10.525  20.129 0.0000000000
48077  -49.194  -6.964  16.004 0.0000000000
48058  -48.643  -7.292  16.736 0.0000000000
49797  -51.935  -6.351  1.930 0.0000000000
49016  -54.882  -6.585  0.074 0.0000000000
49815  -56.098  -5.891  1.028 0.0000000000
48999  -55.771  -6.447  0.280 0.0000000000
49880  -59.279  -6.315  -2.565 0.0000000000
49053  -58.611  -6.510  -3.124 0.0000000000
41264  -36.577  -15.456  30.593 0.0000000000
41283  -36.239  -15.598  29.665 0.0000000000
41306  -35.479  -15.049  28.271 0.0000000000
41282  -35.830  -14.855  29.088 0.0000000000
37790  -34.730  -19.421  28.707 0.0000000000
38663  -35.674  -18.567  30.398 0.0000000000
96161  -36.453  -17.323  31.337 0.0000000000
41252  -36.785  -15.815  31.583 0.0000000000
42161  -41.400  -14.414  24.176 0.0000000000
42174  -41.678  -14.867  23.339 0.0000000000
83696  -42.015  -15.281  21.867 0.0000000000
42175  -42.564  -14.610  23.096 0.0000000000
89275  -42.653  -14.730  22.275 0.0000000000
83702  -42.627  -14.803  21.540 0.0000000000
105218  -49.598  -3.832  9.549 0.0000000000
84629  -50.286  -3.639  9.334 0.0000000000
51256  -53.273  -3.584  11.768 0.0000000000
51247  -53.163  -3.804  12.343 0.0000000000
93687  -53.966  -3.409  12.445 0.0000000000
52007  -55.943  -2.551  5.856 0.0000000000
51319  -55.444  -3.459  5.472 0.0000000000
37600  -9.649  -19.773  39.313 0.0000000000
36587  -9.144  -19.942  39.814 0.0000000000
36586  -8.505  -20.535  39.929 0.0000000000
37573  -8.374  -19.424  41.109 0.0000000000
44611  -36.954  -11.449  27.918 0.0000000000
43766  -38.251  -12.385  27.589 0.0000000000
42932  -38.514  -13.166  27.251 0.0000000000
42145  -36.861  -14.608  26.115 0.0000000000
41344  -37.354  -15.314  25.302 0.0000000000
37593  -24.271  -19.560  40.497 0.0000000000
38563  -26.015  -18.577  41.456 0.0000000000
38549  -25.463  -18.347  41.908 0.0000000000
37567  -25.684  -18.499  42.161 0.0000000000
36591  -27.311  -20.301  40.530 0.0000000000
36582  -26.988  -20.265  41.216 0.0000000000
98411  -31.937  -21.409  34.868 0.0000000000
83877  -32.462  -21.090  36.411 0.0000000000
88023  -31.897  -20.974  38.899 0.0000000000
103643  -18.289  -21.797  36.842 0.0000000000
35760  -17.733  -21.376  36.537 0.0000000000
35755  -17.877  -21.158  37.309 0.0000000000
35739  -17.700  -21.056  40.379 0.0000000000
100682  -43.959  -11.874  13.983 0.0000000000
86259  -43.384  -11.554  14.673 0.0000000000
83734  -44.043  -9.139  15.542 0.0000000000
98767  -43.420  -10.440  15.868 0.0000000000
98750  -43.835  -9.614  16.134 0.0000000000
98878  -44.331  -10.270  17.542 0.0000000000
98532  -44.431  -9.462  16.921 0.0000000000
49014  -50.746  -6.468  -0.333 0.0000000000
49897  -56.482  -5.954  -3.903 0.0000000000
49915  -57.320  -5.547  -4.406 0.0000000000
103034  -10.842  -18.549  42.616 0.0000000000
41149  -11.075  -16.038  46.936 0.0000000000
43681  -38.154  -12.404  35.098 0.0000000000
43693  -38.060  -12.291  34.317 0.0000000000
42861  -37.152  -12.938  31.951 0.0000000000
43724  -36.781  -12.089  31.345 0.0000000000
42094  -36.151  -13.886  30.030 0.0000000000
42911  -35.791  -12.908  29.770 0.0000000000
37622  -21.722  -20.417  38.732 0.0000000000
36614  -22.055  -20.174  37.899 0.0000000000
36654  -21.813  -20.344  35.458 0.0000000000
37649  -23.046  -19.986  36.270 0.0000000000
89721  -22.879  -19.685  37.903 0.0000000000
37638  -24.395  -19.534  37.541 0.0000000000
90855  -25.163  -19.549  36.986 0.0000000000
90962  -32.412  -20.820  30.991 0.0000000000
36727  -32.507  -20.896  31.964 0.0000000000
37762  -34.622  -19.875  30.440 0.0000000000
36753  -33.931  -20.420  30.089 0.0000000000
36710  -34.149  -20.059  32.077 0.0000000000
101820  -33.711  -20.101  32.898 0.0000000000
36708  -32.878  -20.615  32.820 0.0000000000
94277  -34.697  -19.465  35.040 0.0000000000
37671  -34.509  -19.578  35.893 0.0000000000
38594  -35.035  -19.091  36.270 0.0000000000
39450  -36.024  -18.018  35.985 0.0000000000
39451  -36.531  -17.358  36.372 0.0000000000
39488  -36.349  -17.297  33.735 0.0000000000
41210  -36.959  -15.736  34.541 0.0000000000
40404  -36.573  -16.616  34.957 0.0000000000
41198  -36.941  -16.069  35.374 0.0000000000
41185  -37.410  -15.198  36.364 0.0000000000
94675  -38.015  -13.145  35.282 0.0000000000
92455  -19.508  -21.966  37.505 0.0000000000
102800  -47.109  -10.641  29.905 0.0000000000
46229  -48.835  -9.866  29.928 0.0000000000
46230  -49.538  -9.548  29.684 0.0000000000
91124  -50.541  -7.879  30.305 0.0000000000
46231  -50.368  -9.186  29.352 0.0000000000
43781  -44.716  -12.747  26.323 0.0000000000
106359  -45.941  -11.652  26.996 0.0000000000
44635  -45.358  -12.166  26.744 0.0000000000
44621  -49.011  -11.753  27.878 0.0000000000
44620  -48.028  -11.518  27.743 0.0000000000
45413  -50.263  -10.531  28.552 0.0000000000
46232  -51.196  -8.837  28.996 0.0000000000
46252  -51.555  -9.286  28.390 0.0000000000
46266  -51.962  -9.655  27.739 0.0000000000
44623  -51.057  -11.438  27.269 0.0000000000
48109  -44.805  -6.896  11.438 0.0000000000
48102  -44.731  -7.091  12.420 0.0000000000
48888  -45.201  -6.217  11.927 0.0000000000
84636  -47.822  -6.004  12.929 0.0000000000
48877  -47.362  -6.498  13.293 0.0000000000
48878  -48.217  -6.204  13.478 0.0000000000
48864  -48.554  -6.448  14.269 0.0000000000
48865  -49.361  -6.250  14.470 0.0000000000
87714  -50.311  -3.622  12.000 0.0000000000
86935  -49.420  -3.971  12.592 0.0000000000
99959  -50.254  -4.080  12.722 0.0000000000
49723  -51.795  -5.613  14.462 0.0000000000
88025  -1.904  -19.257  39.373 0.0000000000
99394  -1.356  -19.883  40.053 0.0000000000
86558  -40.666  -14.449  13.877 0.0000000000
86704  -40.780  -14.550  14.618 0.0000000000
87243  -41.391  -13.432  12.621 0.0000000000
86505  -41.776  -13.569  11.737 0.0000000000
98531  -43.033  -12.172  12.015 0.0000000000
98150  -43.435  -13.097  11.394 0.0000000000
99750  -42.785  -11.906  10.581 0.0000000000
98548  -42.885  -11.013  10.547 0.0000000000
105765  -42.828  -10.399  10.515 0.0000000000
46388  -43.525  -8.926  9.852 0.0000000000
47239  -43.501  -8.728  9.128 0.0000000000
47240  -44.051  -8.320  9.399 0.0000000000
92028  -44.657  -8.099  7.301 0.0000000000
48916  -45.739  -6.847  9.086 0.0000000000
48925  -45.872  -7.173  8.108 0.0000000000
99409  -46.906  -6.578  6.051 0.0000000000
105181  -46.294  -6.965  5.866 0.0000000000
88754  -47.076  -6.210  6.959 0.0000000000
95455  -47.760  -5.596  7.456 0.0000000000
107461  -47.610  -5.879  6.812 0.0000000000
48954  -48.943  -6.027  5.302 0.0000000000
49768  -48.934  -5.501  6.264 0.0000000000
49769  -49.751  -5.024  6.288 0.0000000000
102030  -50.475  -4.614  6.441 0.0000000000
49774  -50.461  -5.263  5.680 0.0000000000
49775  -51.216  -5.190  5.252 0.0000000000
48955  -49.946  -6.074  5.267 0.0000000000
48963  -50.356  -7.116  4.900 0.0000000000
86012  -5.060  -20.313  39.865 0.0000000000
39421  -9.557  -17.713  43.896 0.0000000000
38544  -9.437  -18.491  42.144 0.0000000000
39408  -9.008  -17.226  44.457 0.0000000000
41157  -8.116  -15.849  45.514 0.0000000000
40363  -8.031  -16.837  44.092 0.0000000000
41161  -7.661  -16.038  44.716 0.0000000000
40362  -7.288  -16.832  43.537 0.0000000000
40357  -7.113  -16.151  43.926 0.0000000000
42751  -7.953  -13.054  48.645 0.0000000000
41158  -4.512  -15.461  44.929 0.0000000000
41959  -5.652  -14.402  45.972 0.0000000000
40355  -5.057  -15.923  44.126 0.0000000000
40360  -5.572  -16.550  43.545 0.0000000000
39416  -5.043  -17.177  43.101 0.0000000000
86826  -4.965  -17.778  42.520 0.0000000000
39425  -3.392  -17.388  43.019 0.0000000000
91730  -3.100  -18.153  41.108 0.0000000000
38539  -2.166  -17.853  41.782 0.0000000000
39413  -1.675  -17.859  42.842 0.0000000000
102712  -1.088  -18.412  44.806 0.0000000000
47895  -43.707  -8.178  32.054 0.0000000000
46187  -44.592  -9.224  31.425 0.0000000000
47038  -44.024  -8.456  31.220 0.0000000000
45347  -37.917  -10.825  33.333 0.0000000000
45337  -38.265  -10.812  34.184 0.0000000000
46186  -37.878  -8.725  31.478 0.0000000000
46173  -38.143  -8.893  32.506 0.0000000000
92629  -38.400  -8.268  31.944 0.0000000000
47033  -38.537  -8.041  31.066 0.0000000000
45401  -37.487  -10.321  28.657 0.0000000000
46221  -37.818  -9.436  28.818 0.0000000000
46223  -39.105  -8.677  29.069 0.0000000000
47071  -38.845  -8.282  29.616 0.0000000000
47034  -39.187  -7.924  30.407 0.0000000000
47055  -39.991  -8.069  30.355 0.0000000000
47056  -40.852  -8.177  30.662 0.0000000000
47073  -40.511  -8.507  29.879 0.0000000000
46248  -41.629  -9.280  28.527 0.0000000000
46226  -42.063  -8.852  29.404 0.0000000000
46227  -43.707  -9.185  29.671 0.0000000000
103948  -43.212  -9.437  29.081 0.0000000000
91535  -43.041  -9.884  28.431 0.0000000000
45421  -41.280  -11.037  27.450 0.0000000000
45422  -42.710  -10.452  27.799 0.0000000000
93572  -42.253  -11.086  27.338 0.0000000000
44615  -43.173  -11.199  27.451 0.0000000000
42945  -39.084  -13.666  26.765 0.0000000000
43778  -40.059  -12.568  27.019 0.0000000000
42960  -39.875  -13.730  26.074 0.0000000000
104383  -41.307  -12.941  25.907 0.0000000000
42980  -41.101  -13.942  24.906 0.0000000000
42160  -40.591  -14.633  24.519 0.0000000000
100784  -39.011  -17.879  22.602 0.0000000000
40520  -39.893  -16.373  23.223 0.0000000000
40526  -39.759  -16.842  22.500 0.0000000000
87535  -39.995  -16.927  21.596 0.0000000000
83666  -39.442  -17.710  21.171 0.0000000000
101320  -35.138  -15.380  24.141 0.0000000000
40525  -35.629  -16.851  22.559 0.0000000000
83674  -35.955  -17.617  22.693 0.0000000000
89549  -36.415  -18.111  21.939 0.0000000000
100091  -37.242  -18.635  21.396 0.0000000000
99431  -37.127  -19.014  20.964 0.0000000000
86476  -38.751  -18.336  18.982 0.0000000000
90259  -19.852  -20.359  40.702 0.0000000000
90262  -20.150  -20.337  41.434 0.0000000000
37564  -23.159  -19.237  43.171 0.0000000000
36569  -22.650  -19.735  43.131 0.0000000000
92463  -22.874  -19.662  43.300 0.0000000000
36671  -25.447  -19.811  34.635 0.0000000000
36725  -30.126  -21.173  31.331 0.0000000000
83883  -29.915  -22.480  32.911 0.0000000000
35798  -28.738  -21.055  32.928 0.0000000000
103217  -30.757  -21.764  34.922 0.0000000000
99420  -29.567  -21.226  35.111 0.0000000000
87297  -29.021  -21.008  34.723 0.0000000000
35762  -27.941  -21.249  36.682 0.0000000000
36643  -27.324  -20.775  37.138 0.0000000000
103224  -29.165  -21.334  39.369 0.0000000000
92156  -30.136  -21.506  38.372 0.0000000000
87956  -30.408  -21.852  39.449 0.0000000000
38585  -35.174  -18.886  38.063 0.0000000000
36651  -17.123  -20.912  36.096 0.0000000000
36636  -16.514  -20.578  36.492 0.0000000000
37635  -13.485  -20.237  37.463 0.0000000000
37619  -12.595  -19.975  38.259 0.0000000000
105366  -13.027  -19.890  38.792 0.0000000000
47017  -48.566  -8.198  32.691 0.0000000000
40587  -41.310  -15.784  17.953 0.0000000000
41417  -41.686  -15.571  18.693 0.0000000000
98518  -41.693  -15.063  18.039 0.0000000000
100200  -42.292  -13.708  18.708 0.0000000000
88066  -42.201  -14.783  18.870 0.0000000000
86869  -42.605  -14.173  19.418 0.0000000000
83703  -42.971  -13.931  20.164 0.0000000000
102276  -42.896  -11.733  16.503 0.0000000000
101020  -42.788  -12.174  17.086 0.0000000000
100914  -43.117  -11.940  17.913 0.0000000000
86606  -44.254  -12.326  20.722 0.0000000000
98186  -43.950  -12.081  20.040 0.0000000000
83691  -44.037  -13.207  20.994 0.0000000000
83697  -44.814  -13.603  21.551 0.0000000000
104941  -46.106  -14.019  23.131 0.0000000000
86298  -46.019  -13.964  22.540 0.0000000000
99643  -46.734  -12.926  22.176 0.0000000000
83661  -47.019  -13.646  23.087 0.0000000000
101845  -47.844  -13.285  23.831 0.0000000000
48084  -45.244  -7.616  14.145 0.0000000000
103530  -44.841  -8.069  14.870 0.0000000000
48073  -45.558  -7.743  14.860 0.0000000000
47180  -47.067  -7.946  17.095 0.0000000000
47179  -46.151  -8.297  16.820 0.0000000000
102962  -46.533  -8.281  17.562 0.0000000000
98742  -45.747  -9.079  18.267 0.0000000000
83728  -46.486  -8.502  18.277 0.0000000000
50607  -51.881  -4.787  5.152 0.0000000000
50601  -53.175  -4.391  5.649 0.0000000000
50608  -52.671  -4.640  5.075 0.0000000000
49790  -53.655  -5.487  3.953 0.0000000000
50613  -54.121  -4.753  4.541 0.0000000000
50614  -54.525  -5.054  3.683 0.0000000000
50610  -55.126  -4.415  4.204 0.0000000000
49812  -52.792  -5.998  1.625 0.0000000000
49801  -55.325  -5.754  2.148 0.0000000000
50620  -55.938  -4.820  2.467 0.0000000000
50621  -56.874  -3.950  1.790 0.0000000000
51339  -57.275  -3.390  2.071 0.0000000000
49829  -57.516  -4.551  0.565 0.0000000000
51357  -57.632  -3.070  0.959 0.0000000000
50631  -57.853  -3.722  0.766 0.0000000000
51359  -58.222  -3.626  0.751 0.0000000000
50632  -58.095  -3.927  0.704 0.0000000000
49050  -55.881  -6.612  -2.132 0.0000000000
49049  -54.888  -6.216  -1.750 0.0000000000
49018  -56.531  -6.497  -0.427 0.0000000000
49843  -58.423  -4.849  -0.491 0.0000000000
49844  -58.982  -4.925  -0.988 0.0000000000
90678  -59.515  -6.497  -3.267 0.0000000000
37791  -35.225  -18.651  28.687 0.0000000000
39531  -35.939  -17.881  30.132 0.0000000000
86105  -41.174  -15.873  21.934 0.0000000000
87846  -41.480  -15.439  22.638 0.0000000000
92039  -41.796  -15.578  20.167 0.0000000000
51295  -50.557  -3.833  8.342 0.0000000000
51284  -51.666  -3.807  8.465 0.0000000000
51274  -52.653  -3.746  9.537 0.0000000000
51984  -54.832  -3.035  9.008 0.0000000000
51985  -55.396  -2.266  8.581 0.0000000000
51991  -55.605  -2.296  7.660 0.0000000000
51300  -55.167  -3.206  7.227 0.0000000000
90971  -10.926  -19.843  38.125 0.0000000000
37586  -9.706  -19.509  40.167 0.0000000000
42930  -36.704  -12.288  26.955 0.0000000000
42943  -37.139  -13.176  26.739 0.0000000000
36579  -17.825  -20.909  41.592 0.0000000000
92318  -25.099  -19.355  40.568 0.0000000000
37609  -25.524  -19.700  40.080 0.0000000000
37582  -26.318  -18.812  41.579 0.0000000000
36581  -26.587  -19.543  41.843 0.0000000000
92668  -27.010  -19.897  40.287 0.0000000000
105939  -33.513  -20.367  35.804 0.0000000000
36644  -33.104  -20.741  36.205 0.0000000000
87193  -32.750  -20.962  37.572 0.0000000000
83873  -32.670  -20.526  38.970 0.0000000000
100681  -44.427  -11.542  13.100 0.0000000000
98151  -44.009  -10.365  14.194 0.0000000000
105496  -43.895  -9.356  14.821 0.0000000000
89485  -44.231  -8.652  14.863 0.0000000000
42849  -37.663  -13.440  33.434 0.0000000000
43754  -35.129  -11.919  28.325 0.0000000000
83843  -19.985  -21.869  36.941 0.0000000000
83846  -20.672  -21.022  36.863 0.0000000000
37650  -23.781  -19.720  36.233 0.0000000000
96212  -34.726  -19.604  32.309 0.0000000000
37711  -34.525  -19.579  33.278 0.0000000000
39473  -35.945  -18.148  34.964 0.0000000000
89698  -36.768  -16.076  32.565 0.0000000000
41211  -37.486  -14.785  34.697 0.0000000000
42027  -37.618  -14.087  34.063 0.0000000000
35768  -19.336  -21.538  35.641 0.0000000000
45424  -44.774  -10.741  28.010 0.0000000000
45409  -46.105  -10.454  28.704 0.0000000000
45425  -45.723  -10.704  27.979 0.0000000000
45426  -46.639  -10.799  28.114 0.0000000000
45427  -47.665  -10.969  28.316 0.0000000000
104891  -46.179  -12.293  26.593 0.0000000000
43782  -45.590  -12.861  26.170 0.0000000000
44638  -48.398  -12.216  27.253 0.0000000000
44622  -50.055  -11.787  27.760 0.0000000000
43785  -48.859  -12.987  26.708 0.0000000000
48898  -45.857  -5.821  11.392 0.0000000000
48899  -46.913  -5.888  11.771 0.0000000000
89094  -47.861  -5.687  12.275 0.0000000000
89124  -48.450  -5.373  13.018 0.0000000000
104396  -51.833  -4.018  12.372 0.0000000000
50544  -51.808  -4.564  13.035 0.0000000000
50533  -53.035  -4.851  14.113 0.0000000000
91306  -58.373  -2.763  2.744 0.0000000000
98149  -42.603  -12.729  10.561 0.0000000000
98557  -43.444  -8.450  7.604 0.0000000000
47260  -44.149  -8.265  7.603 0.0000000000
84604  -46.629  -6.849  5.196 0.0000000000
48962  -49.506  -6.738  4.931 0.0000000000
95118  -48.744  -6.730  4.536 0.0000000000
48969  -48.619  -6.970  3.646 0.0000000000
100075  -5.538  -21.062  40.069 0.0000000000
83914  -5.065  -19.249  41.360 0.0000000000
40340  -9.429  -16.046  46.333 0.0000000000
41140  -9.124  -15.223  46.972 0.0000000000
41148  -8.563  -15.602  46.254 0.0000000000
41957  -8.137  -14.718  46.742 0.0000000000
42761  -5.600  -13.567  47.522 0.0000000000
41153  -4.142  -15.078  45.827 0.0000000000
40354  -4.103  -16.150  44.497 0.0000000000
40358  -3.842  -16.719  44.138 0.0000000000
39406  -2.704  -17.216  44.530 0.0000000000
39414  -2.249  -17.537  43.731 0.0000000000
103617  -1.503  -18.009  44.423 0.0000000000
39399  -1.673  -18.086  45.475 0.0000000000
45367  -37.080  -10.404  31.564 0.0000000000
46185  -37.260  -9.458  30.913 0.0000000000
46224  -40.066  -8.911  29.203 0.0000000000
46247  -40.616  -9.445  28.607 0.0000000000
45406  -42.185  -9.713  27.984 0.0000000000
43767  -40.779  -12.006  27.055 0.0000000000
42159  -39.766  -14.830  24.760 0.0000000000
41358  -40.115  -15.363  24.179 0.0000000000
89085  -39.011  -17.173  23.434 0.0000000000
101186  -21.492  -20.433  39.959 0.0000000000
83813  -21.224  -20.382  41.664 0.0000000000
83807  -21.948  -20.347  42.692 0.0000000000
36560  -23.597  -19.919  43.522 0.0000000000
83797  -23.133  -19.834  43.464 0.0000000000
36706  -27.050  -20.619  32.255 0.0000000000
36705  -26.182  -20.639  32.320 0.0000000000
36672  -26.103  -20.005  34.615 0.0000000000
87554  -29.893  -22.468  33.906 0.0000000000
104181  -28.506  -21.239  37.063 0.0000000000
35757  -28.901  -21.167  37.678 0.0000000000
37621  -14.264  -20.202  38.808 0.0000000000
37603  -13.523  -19.868  39.307 0.0000000000
99712  -41.280  -14.554  16.237 0.0000000000
99856  -41.564  -14.671  17.246 0.0000000000
101643  -42.103  -13.248  17.876 0.0000000000
100268  -44.080  -10.784  18.021 0.0000000000
101019  -43.527  -11.737  18.684 0.0000000000
100202  -44.201  -11.189  18.658 0.0000000000
100741  -44.565  -11.684  20.301 0.0000000000
99159  -45.057  -11.945  21.065 0.0000000000
43001  -45.810  -13.543  21.837 0.0000000000
83726  -46.428  -11.837  22.186 0.0000000000
48075  -47.427  -7.477  15.537 0.0000000000
48074  -46.361  -7.702  15.313 0.0000000000
48057  -47.737  -7.598  16.462 0.0000000000
48025  -47.875  -7.848  18.444 0.0000000000
91250  -52.252  -6.114  4.117 0.0000000000
49782  -52.404  -5.157  4.591 0.0000000000
97798  -53.006  -6.111  3.441 0.0000000000
105570  -55.488  -5.979  1.497 0.0000000000
49816  -56.913  -5.005  1.011 0.0000000000
49896  -55.599  -5.775  -3.536 0.0000000000
49061  -56.131  -6.432  -3.080 0.0000000000
49036  -57.726  -6.465  -1.909 0.0000000000
49863  -59.430  -5.681  -1.657 0.0000000000
49066  -60.894  -6.893  -4.217 0.0000000000
36653  -21.095  -20.499  35.481 0.0000000000
37708  -22.608  -19.886  33.775 0.0000000000
37776  -34.447  -19.933  29.457 0.0000000000
37763  -35.277  -19.260  30.837 0.0000000000
38633  -35.907  -18.706  32.181 0.0000000000
38619  -36.144  -17.981  33.411 0.0000000000
38634  -36.265  -18.083  32.577 0.0000000000
40432  -36.626  -16.878  32.559 0.0000000000
104421  -36.682  -16.689  31.873 0.0000000000
43802  -42.161  -12.760  25.923 0.0000000000
42963  -42.527  -13.357  25.211 0.0000000000
42964  -43.439  -13.431  25.095 0.0000000000
42982  -42.834  -13.753  24.434 0.0000000000
42983  -43.728  -13.781  24.315 0.0000000000
42991  -44.040  -14.033  23.594 0.0000000000
83688  -44.312  -14.232  22.878 0.0000000000
84617  -47.889  -5.122  9.468 0.0000000000
98513  -49.138  -4.015  10.119 0.0000000000
90473  -49.961  -3.499  11.206 0.0000000000
87859  -51.366  -3.713  11.854 0.0000000000
84630  -50.903  -3.513  9.930 0.0000000000
84637  -51.866  -3.699  11.145 0.0000000000
50557  -52.602  -4.153  12.641 0.0000000000
50546  -53.625  -4.023  13.067 0.0000000000
52674  -56.316  -1.437  7.212 0.0000000000
52008  -56.587  -1.884  5.391 0.0000000000
51324  -56.438  -2.959  4.160 0.0000000000
36595  -9.000  -20.209  39.189 0.0000000000
36575  -8.074  -20.201  40.721 0.0000000000
37572  -7.503  -19.797  41.321 0.0000000000
45400  -36.713  -10.798  29.025 0.0000000000
45390  -36.611  -10.444  29.720 0.0000000000
44601  -37.661  -10.847  28.267 0.0000000000
90681  -39.854  -11.940  27.464 0.0000000000
42132  -38.527  -14.290  26.181 0.0000000000
97633  -38.392  -14.834  25.324 0.0000000000
40510  -37.645  -16.607  24.219 0.0000000000
37592  -23.245  -19.725  40.354 0.0000000000
37578  -22.829  -20.019  41.268 0.0000000000
96193  -23.788  -19.639  41.472 0.0000000000
37565  -23.832  -18.816  43.111 0.0000000000
37594  -25.292  -18.740  41.452 0.0000000000
37566  -24.764  -18.830  42.379 0.0000000000
37559  -24.131  -18.827  43.149 0.0000000000
36561  -24.221  -19.655  43.340 0.0000000000
86199  -31.888  -21.483  34.119 0.0000000000
36624  -17.383  -20.641  37.708 0.0000000000
36610  -15.847  -20.644  38.318 0.0000000000
35745  -17.015  -21.306  39.608 0.0000000000
83743  -41.969  -12.431  14.022 0.0000000000
101024  -41.880  -12.108  15.136 0.0000000000
98012  -42.731  -11.574  15.546 0.0000000000
97871  -43.307  -11.124  16.415 0.0000000000
100790  -43.516  -10.850  14.904 0.0000000000
101018  -43.708  -10.873  17.336 0.0000000000
101110  -45.542  -9.807  18.677 0.0000000000
48990  -51.249  -6.722  1.178 0.0000000000
48998  -51.352  -6.489  0.295 0.0000000000
49825  -52.024  -6.061  0.086 0.0000000000
49063  -57.857  -6.474  -3.615 0.0000000000
49916  -58.341  -5.029  -4.925 0.0000000000
38569  -11.023  -18.915  41.054 0.0000000000
38545  -10.087  -18.421  42.765 0.0000000000
103389  -10.053  -15.788  46.908 0.0000000000
44549  -38.015  -11.656  33.829 0.0000000000
44563  -37.640  -11.746  32.830 0.0000000000
44576  -37.123  -11.365  31.917 0.0000000000
42878  -36.813  -13.986  31.223 0.0000000000
43738  -36.275  -12.481  30.553 0.0000000000
44592  -36.063  -11.007  29.794 0.0000000000
44610  -36.066  -11.601  27.639 0.0000000000
42941  -35.611  -11.982  25.953 0.0000000000
105102  -20.837  -20.676  39.946 0.0000000000
83814  -20.959  -20.925  39.205 0.0000000000
37623  -22.463  -19.859  38.657 0.0000000000
37606  -22.895  -19.605  39.426 0.0000000000
37607  -23.716  -19.496  39.187 0.0000000000
37625  -24.425  -19.598  38.535 0.0000000000
36750  -31.469  -20.824  30.495 0.0000000000
92690  -33.215  -20.688  30.565 0.0000000000
37641  -34.650  -19.522  37.706 0.0000000000
38586  -35.605  -18.400  37.487 0.0000000000
38590  -35.553  -18.522  36.569 0.0000000000
95979  -35.997  -17.685  37.891 0.0000000000
40377  -36.888  -16.579  36.760 0.0000000000
40419  -36.556  -16.582  34.096 0.0000000000
41184  -37.050  -15.670  37.047 0.0000000000
42013  -37.706  -14.488  35.556 0.0000000000
42002  -37.602  -14.313  36.439 0.0000000000
83828  -18.277  -21.784  36.263 0.0000000000
88254  -19.111  -22.038  36.537 0.0000000000
45381  -47.680  -10.603  30.635 0.0000000000
45394  -47.756  -10.690  29.592 0.0000000000
46208  -49.164  -9.112  30.359 0.0000000000
47897  -49.650  -7.705  31.485 0.0000000000
47914  -50.302  -7.599  30.969 0.0000000000
44634  -44.474  -12.034  26.907 0.0000000000
44618  -46.227  -11.178  27.491 0.0000000000
44636  -46.672  -11.711  27.024 0.0000000000
45428  -48.682  -11.236  28.348 0.0000000000
45412  -49.406  -10.843  28.879 0.0000000000
47929  -51.330  -7.643  30.061 0.0000000000
45431  -51.460  -10.474  27.522 0.0000000000
47211  -44.695  -7.861  13.016 0.0000000000
48094  -45.850  -7.147  13.542 0.0000000000
48889  -46.000  -6.018  12.293 0.0000000000
48876  -46.397  -6.558  13.043 0.0000000000
48086  -47.118  -7.278  14.644 0.0000000000
48087  -48.014  -6.974  14.910 0.0000000000
48848  -48.850  -6.714  15.131 0.0000000000
87309  -48.808  -4.149  11.707 0.0000000000
99144  -48.700  -4.587  12.608 0.0000000000
84640  -49.536  -4.964  13.700 0.0000000000
49729  -51.303  -5.219  13.707 0.0000000000
84644  -50.307  -5.112  13.726 0.0000000000
49721  -49.885  -5.736  14.072 0.0000000000
48866  -50.084  -6.172  14.704 0.0000000000
83907  -2.571  -18.855  39.852 0.0000000000
83669  -39.881  -17.603  18.254 0.0000000000
98692  -40.481  -16.941  18.453 0.0000000000
39683  -40.287  -17.136  17.648 0.0000000000
92780  -40.607  -16.697  17.139 0.0000000000
41427  -40.997  -15.952  17.121 0.0000000000
89090  -40.528  -15.859  15.530 0.0000000000
83722  -40.921  -15.534  16.250 0.0000000000
87168  -41.026  -14.058  15.185 0.0000000000
98657  -40.908  -13.654  13.262 0.0000000000
103208  -41.460  -13.173  13.649 0.0000000000
98239  -42.891  -12.503  13.413 0.0000000000
86065  -43.814  -11.984  12.847 0.0000000000
100489  -43.618  -12.181  11.139 0.0000000000
85976  -44.518  -12.110  12.055 0.0000000000
100490  -44.201  -11.023  12.361 0.0000000000
83744  -43.673  -10.393  11.813 0.0000000000
87869  -43.717  -9.455  11.567 0.0000000000
46376  -43.050  -9.757  10.268 0.0000000000
83747  -43.555  -9.189  10.727 0.0000000000
47228  -44.110  -8.537  11.215 0.0000000000
48116  -44.546  -7.715  10.860 0.0000000000
48117  -44.993  -6.978  10.463 0.0000000000
48133  -44.612  -7.849  8.952 0.0000000000
48125  -45.135  -7.211  9.504 0.0000000000
48906  -45.573  -6.533  10.047 0.0000000000
48917  -46.157  -6.143  9.538 0.0000000000
49757  -46.852  -5.867  9.014 0.0000000000
48168  -44.584  -7.909  5.862 0.0000000000
48156  -45.138  -7.900  6.652 0.0000000000
89131  -45.836  -7.397  6.204 0.0000000000
84603  -45.902  -7.400  7.116 0.0000000000
88682  -46.471  -6.734  7.578 0.0000000000
87372  -47.658  -5.392  8.629 0.0000000000
88621  -48.396  -4.816  8.984 0.0000000000
84623  -48.381  -4.960  8.036 0.0000000000
92524  -49.073  -4.661  7.621 0.0000000000
84618  -48.080  -5.646  6.588 0.0000000000
50584  -49.271  -4.853  6.883 0.0000000000
103357  -49.651  -4.532  7.328 0.0000000000
50585  -50.369  -4.272  7.318 0.0000000000
50586  -51.062  -4.212  6.764 0.0000000000
51310  -51.901  -4.006  6.711 0.0000000000
51311  -52.914  -4.162  6.454 0.0000000000
49788  -51.385  -6.925  4.334 0.0000000000
48972  -51.063  -7.226  3.237 0.0000000000
48988  -49.443  -7.098  1.481 0.0000000000
48989  -50.392  -7.097  1.378 0.0000000000
38568  -10.055  -19.013  40.910 0.0000000000
38558  -9.534  -18.826  41.438 0.0000000000
38557  -8.710  -18.772  41.615 0.0000000000
39420  -8.692  -17.532  43.600 0.0000000000
39429  -8.346  -17.885  42.755 0.0000000000
38543  -8.027  -18.396  42.140 0.0000000000
38542  -7.172  -18.516  42.111 0.0000000000
39427  -6.458  -17.903  42.500 0.0000000000
42760  -8.803  -13.599  48.138 0.0000000000
42763  -7.573  -13.803  47.333 0.0000000000
41955  -6.130  -13.910  46.605 0.0000000000
41960  -6.744  -14.568  45.861 0.0000000000
41160  -6.720  -15.514  44.512 0.0000000000
40361  -6.515  -16.611  43.459 0.0000000000
39417  -6.028  -17.111  42.943 0.0000000000
38541  -6.326  -18.786  42.063 0.0000000000
88145  -5.637  -18.274  42.265 0.0000000000
83913  -4.840  -18.372  41.956 0.0000000000
39415  -4.078  -17.123  43.521 0.0000000000
83915  -4.173  -17.949  41.829 0.0000000000
86407  -1.699  -18.624  41.384 0.0000000000
106210  -0.991  -18.930  41.834 0.0000000000
38532  -0.718  -18.357  43.214 0.0000000000
38537  -0.403  -18.926  42.518 0.0000000000
45338  -38.441  -9.930  34.606 0.0000000000
46160  -37.920  -9.891  32.896 0.0000000000
46222  -38.314  -8.685  29.181 0.0000000000
105967  -39.354  -7.740  31.370 0.0000000000
47057  -41.813  -7.827  30.868 0.0000000000
47913  -42.598  -7.623  31.158 0.0000000000
47058  -42.604  -8.171  30.308 0.0000000000
46205  -43.500  -8.527  30.351 0.0000000000
106781  -45.144  -9.853  29.786 0.0000000000
89931  -44.828  -9.944  29.136 0.0000000000
45407  -44.502  -10.270  28.550 0.0000000000
44632  -42.644  -11.776  26.957 0.0000000000
42946  -40.579  -12.893  26.395 0.0000000000
42947  -41.460  -12.433  26.473 0.0000000000
41372  -40.387  -15.753  23.520 0.0000000000
100760  -40.509  -16.419  22.017 0.0000000000
87798  -35.267  -12.487  25.482 0.0000000000
41368  -36.035  -15.877  23.756 0.0000000000
95391  -36.769  -16.448  24.091 0.0000000000
40518  -36.915  -17.262  23.866 0.0000000000
83672  -36.599  -18.291  22.774 0.0000000000
39615  -37.160  -18.078  23.483 0.0000000000
103856  -37.468  -18.444  22.808 0.0000000000
83675  -38.259  -18.411  22.332 0.0000000000
83667  -39.009  -18.274  21.804 0.0000000000
104194  -37.978  -19.176  20.321 0.0000000000
86783  -38.355  -18.803  20.878 0.0000000000
99725  -38.885  -18.318  21.146 0.0000000000
83681  -39.140  -18.175  20.585 0.0000000000
98691  -39.424  -17.903  19.445 0.0000000000
99174  -40.049  -17.454  19.090 0.0000000000
83826  -19.301  -20.342  41.160 0.0000000000
88833  -19.431  -20.418  42.213 0.0000000000
102830  -22.698  -19.643  42.827 0.0000000000
97230  -24.300  -19.793  33.822 0.0000000000
37690  -24.949  -19.665  35.099 0.0000000000
36641  -25.757  -19.701  36.546 0.0000000000
36629  -26.677  -20.373  37.695 0.0000000000
35812  -28.878  -21.053  32.020 0.0000000000
100041  -31.269  -22.042  33.962 0.0000000000
100044  -30.105  -21.834  34.668 0.0000000000
90605  -27.704  -20.612  34.963 0.0000000000
90251  -11.844  -20.198  36.779 0.0000000000
90364  -13.811  -20.425  35.906 0.0000000000
37589  -12.285  -19.338  40.218 0.0000000000
89556  -41.338  -15.917  19.413 0.0000000000
41406  -42.510  -14.886  19.952 0.0000000000
105539  -43.987  -14.181  22.228 0.0000000000
101017  -42.597  -12.574  17.866 0.0000000000
101023  -42.517  -12.915  18.644 0.0000000000
86081  -42.908  -12.666  19.169 0.0000000000
83730  -43.151  -13.146  19.984 0.0000000000
83704  -43.431  -13.359  20.476 0.0000000000
91832  -44.107  -13.933  21.589 0.0000000000
42967  -46.209  -13.652  24.625 0.0000000000
42968  -46.846  -13.369  25.272 0.0000000000
43808  -48.433  -13.156  25.885 0.0000000000
83706  -47.243  -13.431  24.506 0.0000000000
47203  -44.554  -8.134  13.926 0.0000000000
87058  -44.636  -8.544  15.743 0.0000000000
47193  -46.026  -8.105  16.025 0.0000000000
88466  -45.359  -8.400  16.305 0.0000000000
86378  -44.808  -8.798  16.618 0.0000000000
103813  -45.159  -8.991  17.373 0.0000000000
100201  -46.080  -9.750  19.543 0.0000000000
101022  -46.733  -9.261  20.090 0.0000000000
100710  -46.158  -10.688  21.369 0.0000000000
51317  -53.849  -4.235  6.241 0.0000000000
50602  -54.034  -4.428  5.413 0.0000000000
49783  -53.137  -4.911  4.472 0.0000000000
51323  -55.651  -3.625  4.618 0.0000000000
89916  -53.657  -6.043  1.814 0.0000000000
49800  -54.327  -6.019  2.406 0.0000000000
50615  -55.471  -4.610  3.331 0.0000000000
51330  -56.804  -3.159  3.162 0.0000000000
52035  -57.714  -2.877  2.566 0.0000000000
51340  -57.726  -3.175  1.392 0.0000000000
52036  -58.041  -2.891  2.140 0.0000000000
51350  -57.761  -2.990  1.011 0.0000000000
96697  -58.002  -3.015  1.051 0.0000000000
49033  -54.827  -6.541  -0.743 0.0000000000
49017  -55.505  -6.674  -0.382 0.0000000000
49019  -57.660  -6.024  -0.961 0.0000000000
50637  -58.272  -4.241  0.266 0.0000000000
36585  -7.809  -21.055  40.443 0.0000000000
37561  -5.627  -19.114  41.813 0.0000000000
37580  -24.266  -18.959  42.361 0.0000000000
37581  -25.063  -18.440  42.014 0.0000000000
37585  -8.849  -19.774  40.424 0.0000000000
38528  -0.727  -18.280  43.995 0.0000000000
38550  -25.887  -18.337  41.842 0.0000000000
38555  -6.925  -19.302  41.775 0.0000000000
38562  -25.582  -18.270  41.919 0.0000000000
38571  -25.793  -18.435  41.688 0.0000000000
39428  -7.460  -17.869  42.586 0.0000000000
39431  -9.995  -18.087  43.456 0.0000000000
40356  -6.115  -15.902  43.910 0.0000000000
41154  -5.069  -14.849  45.398 0.0000000000
41159  -5.597  -15.373  44.614 0.0000000000
41958  -4.693  -14.513  46.296 0.0000000000
41961  -7.714  -15.011  45.988 0.0000000000
42758  -5.969  -13.160  48.353 0.0000000000
42759  -7.989  -13.441  47.873 0.0000000000
42965  -44.336  -13.522  24.974 0.0000000000
42969  -48.021  -13.365  25.075 0.0000000000
42984  -44.600  -13.884  24.187 0.0000000000
43803  -43.154  -12.945  25.808 0.0000000000
45393  -46.374  -10.433  29.602 0.0000000000
45395  -48.329  -10.394  29.847 0.0000000000
45396  -49.081  -10.361  29.437 0.0000000000
45429  -49.711  -11.182  28.257 0.0000000000
45430  -50.590  -10.896  27.897 0.0000000000
46250  -49.893  -10.052  29.111 0.0000000000
47013  -38.612  -8.182  32.623 0.0000000000
47075  -49.984  -8.638  29.927 0.0000000000
47088  -51.922  -8.689  28.706 0.0000000000
48095  -46.824  -7.066  13.768 0.0000000000
48101  -44.412  -7.971  12.469 0.0000000000
49724  -53.382  -4.974  14.844 0.0000000000
49740  -46.738  -5.680  10.826 0.0000000000
50545  -52.810  -4.575  13.361 0.0000000000
51255  -52.642  -3.665  11.251 0.0000000000
51264  -51.577  -3.638  10.392 0.0000000000
51318  -54.704  -4.034  5.915 0.0000000000
51351  -58.066  -3.127  1.348 0.0000000000
83658  -39.276  -17.884  20.026 0.0000000000
83668  -39.674  -17.608  19.844 0.0000000000
83676  -41.041  -16.200  18.614 0.0000000000
83711  -43.315  -14.389  21.739 0.0000000000
84645  -50.754  -4.596  13.147 0.0000000000
86021  -39.838  -17.538  19.543 0.0000000000
86053  -43.133  -12.758  19.649 0.0000000000
86173  -6.208  -21.800  39.896 0.0000000000
86340  -40.669  -16.653  19.298 0.0000000000
87045  -45.334  -14.170  22.931 0.0000000000
87080  -48.267  -4.867  10.988 0.0000000000
87223  -41.424  -15.359  17.442 0.0000000000
87373  -39.161  -18.114  18.140 0.0000000000
87984  -49.715  -4.273  7.980 0.0000000000
88399  -49.048  -4.622  13.327 0.0000000000
89592  -50.843  -3.542  10.988 0.0000000000
91053  -7.925  -21.376  39.780 0.0000000000
92964  -52.405  -3.830  8.927 0.0000000000
95864  -2.173  -17.623  44.874 0.0000000000
97581  -4.212  -17.723  42.331 0.0000000000
97795  -8.759  -18.327  42.318 0.0000000000
98469  -5.214  -20.233  40.701 0.0000000000
98768  -45.863  -8.619  17.568 0.0000000000
99416  -49.040  -4.501  8.462 0.0000000000
99417  -49.309  -3.739  10.974 0.0000000000
99418  -48.440  -4.691  9.980 0.0000000000
99612  -49.527  -3.648  11.735 0.0000000000
100733  -43.407  -12.226  19.424 0.0000000000
101021  -43.599  -11.307  17.989 0.0000000000
101778  -48.297  -13.354  24.344 0.0000000000
102005  -46.718  -13.571  22.451 0.0000000000
103281  -46.481  -12.948  25.997 0.0000000000
105097  -45.953  -9.373  18.902 0.0000000000
105481  -47.141  -13.247  22.564 0.0000000000
105829  -47.763  -10.888  29.024 0.0000000000
105989  -9.665  -16.587  45.791 0.0000000000
106059  -48.340  -5.193  12.472 0.0000000000
107067  -43.732  -14.258  23.199 0.0000000000
