#!ascii label  , from subject sub-v1s20x0050322_ses-1 vox2ras=TkReg
734
10051  -37.687  -67.335  -30.643 0.5000000000
11136  -39.240  -65.852  -32.118 0.8000000119
11142  -37.441  -65.517  -32.246 0.8000000119
11143  -38.231  -65.342  -32.413 0.8000000119
11144  -38.901  -65.558  -32.373 0.8000000119
10044  -36.935  -68.118  -29.922 0.5000000000
10584  -38.707  -66.116  -31.237 0.5000000000
11697  -38.696  -65.429  -31.618 0.6000000238
11694  -35.208  -65.058  -30.405 0.6999999881
11134  -35.770  -65.440  -30.991 0.6999999881
11696  -37.605  -64.693  -31.217 0.8000000119
11688  -37.471  -64.649  -30.468 0.6999999881
10038  -36.193  -68.683  -29.119 0.6000000238
10578  -37.132  -66.844  -29.983 0.5000000000
10577  -36.771  -66.240  -29.588 0.6000000238
11684  -33.185  -65.186  -30.190 0.6999999881
11135  -37.859  -66.122  -30.502 0.6000000238
11124  -37.007  -65.039  -29.654 0.6000000238
12303  -33.538  -64.496  -29.484 0.6999999881
11133  -34.538  -66.142  -30.727 0.6999999881
103759  -36.378  -64.600  -30.634 0.6999999881
11125  -37.458  -65.492  -30.152 0.6000000238
100363  -36.930  -64.444  -29.503 0.6000000238
113066  -37.104  -64.536  -30.788 0.8000000119
11687  -36.820  -64.584  -30.123 0.8000000119
10037  -35.870  -67.748  -28.652 0.4000000060
10570  -36.111  -66.459  -29.068 0.6000000238
113982  -31.963  -63.659  -29.072 0.6999999881
11676  -36.694  -64.882  -28.848 0.6000000238
12294  -32.628  -63.853  -28.895 0.6999999881
11685  -34.583  -64.707  -29.920 0.6999999881
12304  -35.494  -64.205  -29.654 0.6999999881
12296  -35.696  -63.866  -29.166 0.6000000238
12297  -36.754  -63.841  -29.068 0.6999999881
14098  -36.543  -61.251  -25.804 0.5000000000
12889  -34.973  -63.519  -28.359 0.6000000238
12882  -35.728  -63.083  -27.895 0.6000000238
14109  -35.966  -61.675  -25.986 0.6000000238
13513  -35.404  -62.059  -26.555 0.6000000238
111598  -36.362  -60.484  -25.781 0.5000000000
11109  -35.170  -66.323  -27.241 0.4000000060
11115  -35.920  -66.276  -28.061 0.5000000000
92602  -31.909  -63.501  -29.426 0.6999999881
11671  -36.253  -65.641  -27.671 0.6000000238
12289  -37.229  -64.625  -27.589 0.6000000238
112340  -32.883  -63.277  -28.175 0.6999999881
12884  -37.355  -63.848  -27.906 0.6000000238
12888  -33.623  -63.498  -28.141 0.6999999881
13526  -37.215  -63.372  -27.378 0.5000000000
13503  -37.118  -62.312  -26.000 0.6000000238
12881  -34.218  -63.110  -27.589 0.6999999881
13524  -34.784  -62.549  -27.125 0.6000000238
14691  -37.142  -60.822  -25.807 0.5000000000
14108  -35.036  -61.352  -26.243 0.5000000000
92615  -31.679  -64.461  -32.553 0.6000000238
92616  -32.622  -62.738  -32.432 0.6000000238
11662  -35.613  -65.570  -26.778 0.5000000000
92618  -32.458  -62.925  -30.408 0.6999999881
92605  -31.929  -64.189  -30.515 0.6999999881
11663  -36.670  -65.145  -27.180 0.5000000000
12280  -37.124  -64.672  -26.793 0.5000000000
105317  -38.443  -64.703  -26.219 0.4000000060
92604  -32.255  -62.818  -29.226 0.6999999881
12281  -37.438  -64.335  -27.307 0.5000000000
94649  -32.210  -63.170  -28.607 0.6999999881
97020  -32.904  -62.839  -27.919 0.6999999881
13504  -38.398  -63.527  -25.974 0.5000000000
14118  -33.688  -61.704  -27.167 0.6999999881
13523  -33.652  -62.522  -27.326 0.6000000238
14099  -37.664  -61.858  -25.765 0.5000000000
13512  -34.372  -61.924  -26.733 0.6000000238
14706  -38.735  -60.626  -25.991 0.5000000000
15307  -35.151  -59.831  -26.288 0.5000000000
14704  -34.858  -60.606  -26.236 0.5000000000
15300  -35.976  -59.904  -25.911 0.5000000000
15310  -38.313  -59.884  -26.559 0.5000000000
15309  -37.403  -59.675  -26.419 0.5000000000
15320  -38.773  -59.360  -27.415 0.3000000119
12856  -39.129  -65.147  -25.666 0.3000000119
12895  -31.700  -63.021  -33.116 0.6000000238
92620  -32.108  -63.407  -32.659 0.6000000238
12270  -37.073  -64.537  -26.184 0.4000000060
97128  -39.287  -65.030  -26.055 0.4000000060
95447  -33.076  -61.849  -30.724 0.6000000238
13505  -39.690  -64.555  -25.971 0.5000000000
97001  -32.808  -62.152  -29.582 0.6999999881
14120  -33.140  -61.733  -28.765 0.6999999881
14693  -39.407  -61.496  -25.449 0.5000000000
14716  -33.946  -60.783  -27.452 0.5000000000
14707  -39.601  -60.773  -25.980 0.5000000000
14717  -34.535  -60.264  -26.847 0.5000000000
15311  -39.431  -60.131  -26.706 0.4000000060
15321  -39.890  -59.557  -27.799 0.4000000060
112579  -37.934  -59.326  -27.079 0.5000000000
13532  -31.172  -62.453  -33.303 0.6000000238
14130  -32.329  -61.587  -33.379 0.6000000238
14127  -32.937  -61.767  -32.743 0.6000000238
14125  -33.337  -61.374  -31.813 0.6000000238
14123  -33.493  -61.065  -30.951 0.6000000238
14100  -40.208  -62.621  -25.190 0.3000000119
98822  -39.133  -62.685  -25.552 0.4000000060
14122  -33.314  -61.251  -29.862 0.6000000238
103438  -40.273  -60.940  -25.518 0.3000000119
107615  -33.460  -61.048  -28.941 0.6000000238
14121  -33.409  -61.313  -27.973 0.6999999881
14708  -41.389  -60.597  -26.186 0.3000000119
14723  -33.776  -60.400  -28.584 0.6000000238
14718  -41.997  -60.461  -27.305 0.3000000119
102550  -40.271  -60.621  -26.309 0.3000000119
97407  -34.546  -59.101  -28.127 0.5000000000
14724  -34.326  -59.939  -27.844 0.5000000000
15316  -34.801  -59.491  -27.261 0.5000000000
15329  -41.755  -59.240  -29.346 0.3000000119
15322  -41.103  -59.829  -28.185 0.3000000119
15317  -35.363  -59.156  -27.082 0.5000000000
15318  -36.177  -58.908  -27.167 0.5000000000
15328  -40.515  -59.009  -28.833 0.3000000119
116627  -35.482  -58.545  -27.518 0.5000000000
15961  -39.273  -58.647  -28.270 0.4000000060
14129  -31.471  -61.415  -33.513 0.5000000000
14736  -33.281  -60.779  -32.710 0.5000000000
14729  -33.723  -60.468  -30.484 0.6000000238
15337  -34.005  -59.739  -30.962 0.5000000000
14725  -43.606  -59.541  -29.239 0.3000000119
110297  -33.601  -60.574  -29.515 0.6000000238
15335  -43.255  -58.966  -30.098 0.3000000119
15330  -42.965  -59.473  -29.571 0.3000000119
15327  -34.142  -59.480  -28.751 0.6000000238
15957  -34.974  -58.717  -27.743 0.5000000000
16660  -36.537  -57.509  -27.826 0.5000000000
15960  -38.019  -58.622  -27.675 0.4000000060
16671  -38.186  -57.197  -28.052 0.4000000060
14735  -32.784  -60.478  -33.166 0.5000000000
15346  -33.457  -59.867  -32.463 0.5000000000
15340  -33.813  -59.518  -31.740 0.5000000000
16664  -43.075  -58.238  -27.442 0.3000000119
15962  -43.742  -58.777  -28.206 0.3000000119
15332  -33.941  -59.822  -29.740 0.6000000238
113701  -34.384  -58.784  -28.775 0.6000000238
15965  -34.661  -58.300  -28.397 0.5000000000
16659  -35.819  -57.427  -27.984 0.5000000000
15967  -39.318  -57.536  -28.429 0.4000000060
116548  -38.704  -56.679  -28.120 0.4000000060
106276  -33.132  -59.187  -32.266 0.5000000000
15981  -33.501  -59.147  -31.924 0.5000000000
15341  -33.658  -58.937  -31.551 0.5000000000
16657  -43.134  -58.459  -26.128 0.4000000060
104709  -42.092  -57.875  -26.846 0.4000000060
15338  -33.945  -59.033  -31.089 0.5000000000
107165  -34.192  -59.228  -30.383 0.5000000000
16663  -42.040  -57.594  -28.152 0.4000000060
16675  -42.856  -58.161  -28.892 0.3000000119
16682  -35.130  -56.816  -30.469 0.4000000060
16674  -41.959  -57.662  -29.219 0.3000000119
101850  -34.527  -58.239  -29.257 0.5000000000
16667  -34.880  -57.608  -28.811 0.4000000060
16668  -35.519  -57.172  -28.484 0.4000000060
17319  -37.728  -56.100  -28.082 0.4000000060
15988  -33.368  -57.820  -31.562 0.5000000000
15982  -33.502  -58.435  -31.550 0.5000000000
16686  -34.338  -56.881  -31.001 0.5000000000
16656  -41.055  -57.647  -26.192 0.4000000060
16681  -34.394  -57.618  -30.739 0.5000000000
17334  -34.999  -56.133  -31.128 0.4000000060
17311  -41.049  -57.257  -27.352 0.4000000060
17314  -39.894  -56.458  -27.208 0.4000000060
16677  -34.921  -57.654  -29.941 0.4000000060
17315  -41.088  -57.207  -28.349 0.4000000060
16678  -35.387  -57.022  -29.387 0.4000000060
17316  -35.770  -56.562  -28.844 0.4000000060
17317  -36.192  -55.863  -28.880 0.4000000060
17318  -36.761  -56.101  -28.221 0.4000000060
17926  -36.951  -55.385  -28.672 0.4000000060
17927  -37.679  -55.102  -28.609 0.4000000060
17326  -37.889  -54.771  -28.499 0.4000000060
17940  -34.066  -55.544  -31.502 0.5000000000
17333  -34.346  -56.248  -31.217 0.4000000060
17307  -39.870  -56.868  -25.777 0.4000000060
17310  -40.194  -56.850  -26.591 0.4000000060
104462  -34.836  -55.451  -31.541 0.5000000000
17937  -36.128  -54.924  -30.631 0.4000000060
18492  -39.882  -52.150  -28.145 0.4000000060
17325  -36.030  -55.533  -29.785 0.4000000060
17931  -36.533  -55.156  -29.536 0.4000000060
17320  -38.558  -55.732  -27.771 0.3000000119
113871  -34.500  -54.889  -31.866 0.4000000060
18518  -35.306  -54.538  -32.211 0.5000000000
114651  -35.995  -54.142  -32.731 0.4000000060
18487  -39.389  -54.565  -26.198 0.4000000060
100894  -36.325  -54.134  -32.433 0.4000000060
17942  -36.035  -54.558  -32.089 0.4000000060
18520  -36.960  -53.723  -31.562 0.4000000060
18519  -36.666  -54.253  -31.395 0.4000000060
18507  -37.456  -54.129  -30.924 0.4000000060
18498  -37.922  -54.563  -30.271 0.4000000060
17932  -37.352  -54.844  -29.456 0.4000000060
19115  -39.410  -52.987  -29.918 0.4000000060
17933  -37.965  -54.612  -29.507 0.4000000060
115917  -38.778  -53.479  -29.919 0.4000000060
103583  -36.087  -52.992  -31.541 0.4000000060
19146  -36.438  -53.265  -31.700 0.4000000060
19147  -36.947  -52.764  -31.547 0.4000000060
113896  -36.837  -53.338  -31.618 0.4000000060
111771  -37.432  -53.203  -31.484 0.4000000060
19137  -38.385  -53.070  -31.281 0.4000000060
19116  -40.566  -53.153  -30.012 0.4000000060
19737  -39.049  -52.533  -31.315 0.4000000060
19124  -38.581  -53.560  -30.827 0.4000000060
19738  -39.996  -52.641  -31.443 0.4000000060
112652  -38.451  -54.136  -30.264 0.4000000060
19139  -40.448  -53.072  -31.121 0.4000000060
19741  -36.468  -52.288  -31.503 0.4000000060
109836  -36.912  -51.882  -31.666 0.4000000060
20356  -38.132  -51.437  -32.254 0.4000000060
20357  -39.107  -51.605  -32.332 0.4000000060
104240  -38.519  -52.083  -31.662 0.4000000060
19736  -38.442  -52.597  -31.422 0.4000000060
19743  -39.550  -52.167  -31.828 0.4000000060
19744  -40.439  -52.478  -32.144 0.4000000060
19127  -41.045  -53.443  -30.630 0.3000000119
19149  -41.762  -53.538  -32.106 0.4000000060
19126  -39.969  -53.020  -30.486 0.4000000060
20991  -37.253  -50.441  -32.695 0.4000000060
20992  -37.870  -50.731  -32.847 0.4000000060
20995  -37.680  -49.934  -33.158 0.4000000060
20362  -38.726  -51.021  -32.998 0.4000000060
20358  -40.031  -51.841  -32.569 0.4000000060
19747  -40.826  -52.211  -32.923 0.4000000060
18523  -43.142  -54.606  -30.879 0.4000000060
18522  -42.101  -54.015  -30.734 0.3000000119
19745  -41.258  -52.885  -32.490 0.4000000060
19141  -42.394  -54.112  -31.617 0.4000000060
19154  -42.138  -53.338  -32.874 0.5000000000
21694  -38.226  -49.357  -33.635 0.4000000060
21698  -38.683  -48.955  -34.091 0.4000000060
20996  -38.494  -50.179  -33.358 0.4000000060
22379  -39.555  -48.979  -34.407 0.4000000060
20997  -39.357  -50.460  -33.588 0.4000000060
19748  -41.634  -52.591  -33.285 0.4000000060
22375  -38.068  -48.576  -33.874 0.4000000060
22378  -38.773  -48.232  -34.270 0.4000000060
19749  -42.523  -52.981  -33.652 0.4000000060
23056  -37.925  -47.636  -34.026 0.4000000060
23061  -39.633  -48.004  -34.815 0.4000000060
19752  -42.972  -52.508  -34.344 0.5000000000
24450  -38.712  -46.005  -34.145 0.4000000060
23739  -38.242  -46.759  -34.174 0.4000000060
23740  -39.026  -46.596  -34.515 0.4000000060
23060  -38.817  -47.374  -34.431 0.4000000060
23742  -39.737  -46.472  -34.997 0.4000000060
23743  -40.584  -46.355  -35.483 0.5000000000
16661  -37.523  -57.816  -27.940 0.5000000000
16662  -38.455  -58.014  -28.169 0.4000000060
9485  -37.809  -68.497  -30.687 0.5000000000
11145  -37.979  -66.142  -32.999 0.8000000119
11141  -36.384  -66.159  -31.771 0.8000000119
11140  -35.110  -66.739  -31.399 0.6999999881
11693  -33.926  -65.580  -30.388 0.6999999881
114761  -35.568  -68.645  -28.476 0.5000000000
10563  -34.868  -67.188  -27.653 0.4000000060
10031  -35.216  -67.981  -28.080 0.4000000060
12302  -32.287  -64.723  -29.945 0.6999999881
92603  -32.385  -63.673  -31.835 0.6999999881
11649  -35.018  -65.216  -25.950 0.4000000060
109976  -31.467  -63.926  -32.848 0.6000000238
12864  -37.903  -64.559  -25.761 0.4000000060
14128  -30.641  -61.893  -33.266 0.6000000238
14737  -30.854  -61.241  -33.402 0.5000000000
15347  -31.973  -60.392  -33.290 0.5000000000
15345  -32.479  -59.593  -32.701 0.5000000000
15986  -32.528  -58.642  -32.216 0.4000000060
97011  -34.568  -54.153  -32.313 0.4000000060
18528  -35.615  -53.972  -32.689 0.4000000060
19740  -35.934  -52.239  -31.302 0.4000000060
20990  -36.751  -50.567  -32.245 0.4000000060
21693  -37.596  -49.086  -33.330 0.4000000060
22374  -37.541  -48.292  -33.385 0.4000000060
23052  -37.367  -47.527  -33.267 0.4000000060
23732  -38.081  -46.187  -33.724 0.4000000060
10595  -38.761  -66.134  -33.296 0.8000000119
10571  -36.460  -67.426  -29.328 0.5000000000
102153  -34.718  -64.212  -29.471 0.6999999881
11119  -36.251  -65.654  -29.005 0.6000000238
12891  -37.172  -63.764  -28.487 0.6999999881
12890  -36.406  -63.543  -28.651 0.6999999881
12873  -37.537  -64.119  -26.973 0.6000000238
13514  -36.685  -62.487  -26.536 0.6000000238
13525  -36.225  -62.724  -27.304 0.6000000238
13515  -37.601  -63.652  -26.508 0.5000000000
95266  -32.898  -62.396  -31.698 0.6000000238
11650  -36.244  -64.941  -26.354 0.5000000000
15319  -37.163  -59.084  -27.129 0.5000000000
14731  -33.745  -60.373  -31.725 0.6000000238
15966  -35.170  -57.862  -27.988 0.5000000000
15959  -36.908  -58.349  -27.562 0.5000000000
16670  -37.123  -56.855  -27.898 0.4000000060
16669  -36.187  -56.717  -28.214 0.4000000060
101041  -39.361  -56.766  -28.149 0.4000000060
18508  -38.171  -54.143  -30.722 0.4000000060
19148  -40.891  -53.044  -31.778 0.4000000060
23063  -39.480  -47.158  -34.821 0.4000000060
5811  -33.418  -76.141  -31.360 0.4000000060
6376  -34.385  -75.806  -31.938 0.4000000060
6366  -35.246  -75.616  -31.307 0.4000000060
6367  -36.174  -75.314  -31.271 0.4000000060
6353  -35.505  -75.280  -29.960 0.4000000060
6838  -36.961  -74.756  -30.634 0.4000000060
7353  -36.736  -74.089  -29.491 0.4000000060
7361  -38.101  -73.561  -29.942 0.5000000000
6338  -35.364  -74.806  -29.167 0.4000000060
6826  -36.283  -74.735  -30.107 0.4000000060
7880  -36.853  -73.321  -29.654 0.5000000000
7894  -38.047  -72.955  -30.240 0.5000000000
7907  -38.298  -72.420  -31.017 0.6000000238
6819  -34.687  -74.832  -28.427 0.4000000060
7879  -35.809  -73.281  -29.449 0.4000000060
11114  -34.252  -66.930  -26.895 0.4000000060
96939  -35.639  -64.652  -25.493 0.3000000119
7379  -38.520  -72.905  -30.587 0.5000000000
8910  -36.880  -69.973  -29.332 0.5000000000
9473  -35.685  -69.482  -28.638 0.4000000060
7865  -34.234  -73.169  -29.025 0.4000000060
7893  -37.379  -72.923  -29.935 0.5000000000
7345  -34.474  -74.048  -28.473 0.4000000060
7346  -35.114  -74.397  -28.808 0.4000000060
7908  -38.898  -72.463  -31.355 0.6000000238
8382  -40.199  -71.614  -32.080 0.6000000238
8386  -41.202  -70.422  -32.146 0.6999999881
9478  -36.861  -69.155  -29.741 0.5000000000
7910  -40.498  -72.012  -31.491 0.6999999881
8927  -41.302  -70.249  -30.731 0.6999999881
9479  -37.812  -69.604  -30.103 0.6999999881
8928  -41.606  -70.343  -30.876 0.6999999881
8926  -40.337  -70.086  -30.730 0.6999999881
7892  -36.416  -72.426  -29.934 0.5000000000
8373  -37.354  -72.237  -30.674 0.6000000238
105410  -37.980  -71.559  -31.399 0.6000000238
8940  -38.994  -70.829  -32.081 0.6000000238
7878  -34.784  -72.817  -29.404 0.4000000060
112665  -35.473  -72.232  -29.595 0.5000000000
8380  -36.946  -71.262  -31.223 0.6000000238
102059  -38.723  -71.949  -31.566 0.6000000238
8941  -40.047  -70.921  -32.419 0.6000000238
8947  -40.730  -70.111  -32.539 0.6000000238
12260  -36.622  -64.446  -25.541 0.3000000119
8942  -41.125  -69.902  -32.105 0.6999999881
8371  -34.446  -71.317  -30.262 0.6000000238
8924  -34.928  -70.830  -30.966 0.6000000238
8379  -35.930  -71.017  -31.040 0.6999999881
8939  -37.769  -70.510  -31.943 0.6000000238
8946  -39.990  -69.826  -32.905 0.6000000238
8364  -34.752  -71.812  -29.554 0.5000000000
102020  -36.400  -71.676  -30.574 0.6000000238
9504  -40.503  -69.289  -32.948 0.6000000238
9499  -40.529  -69.238  -32.549 0.6999999881
9498  -40.109  -68.479  -32.530 0.6999999881
100340  -39.957  -69.432  -31.644 0.6999999881
9486  -38.822  -68.977  -31.274 0.6999999881
8937  -35.427  -70.379  -31.681 0.6999999881
8944  -36.012  -69.813  -32.247 0.6999999881
8938  -36.508  -70.456  -31.793 0.6999999881
107708  -38.865  -69.378  -33.112 0.6000000238
10052  -38.550  -67.401  -31.258 0.5000000000
107605  -39.874  -68.709  -33.655 0.6999999881
10059  -40.132  -68.451  -33.385 0.6999999881
10053  -39.185  -67.970  -31.840 0.6000000238
10060  -36.272  -68.295  -32.818 0.6999999881
103737  -37.391  -67.329  -33.864 0.6999999881
9501  -35.548  -69.247  -32.361 0.6999999881
10061  -37.402  -68.082  -33.657 0.6000000238
10062  -38.603  -67.468  -34.519 0.5000000000
8945  -37.285  -69.625  -32.588 0.6999999881
9502  -38.066  -68.585  -33.693 0.6000000238
10063  -39.685  -67.586  -34.193 0.6999999881
10057  -39.375  -66.710  -32.230 0.5000000000
10058  -40.000  -67.369  -33.391 0.6999999881
10592  -36.412  -67.554  -32.943 0.6999999881
10593  -37.102  -66.692  -33.102 0.6999999881
10590  -35.797  -67.288  -32.271 0.6999999881
115031  -39.865  -66.905  -34.066 0.6000000238
10594  -38.246  -66.740  -34.151 0.6999999881
9474  -36.256  -69.598  -29.154 0.5000000000
102912  -39.319  -66.780  -34.320 0.6000000238
6365  -34.114  -75.869  -30.601 0.4000000060
7360  -37.614  -73.695  -29.782 0.4000000060
7352  -35.821  -74.236  -29.202 0.4000000060
7351  -35.032  -73.690  -29.074 0.4000000060
8925  -39.024  -69.847  -30.602 0.6999999881
8372  -35.473  -71.593  -30.192 0.6999999881
104361  -36.712  -68.949  -32.807 0.6999999881
9503  -39.193  -68.248  -34.198 0.6000000238
9497  -35.113  -69.852  -32.022 0.5000000000
8363  -33.952  -71.592  -29.574 0.4000000060
8923  -33.937  -70.620  -30.965 0.5000000000
9496  -34.521  -69.480  -32.031 0.6000000238
8355  -33.393  -71.782  -28.977 0.4000000060
8362  -32.560  -71.261  -29.229 0.5000000000
8370  -33.573  -71.061  -30.303 0.5000000000
116086  -33.902  -69.782  -31.736 0.5000000000
9495  -33.535  -69.397  -31.787 0.5000000000
8936  -34.386  -70.155  -31.642 0.5000000000
9500  -35.153  -68.841  -32.329 0.6000000238
10055  -34.376  -68.783  -32.103 0.5000000000
10589  -34.451  -67.845  -31.841 0.6999999881
105480  -33.511  -68.573  -31.796 0.6000000238
11139  -33.900  -67.057  -31.271 0.6000000238
8909  -32.796  -70.736  -30.187 0.5000000000
8921  -32.245  -70.047  -30.951 0.5000000000
9494  -32.445  -69.486  -31.498 0.5000000000
8935  -33.191  -69.960  -31.412 0.5000000000
10056  -35.392  -68.163  -32.360 0.6000000238
106526  -32.831  -69.047  -31.700 0.6000000238
10588  -33.296  -67.758  -31.582 0.5000000000
11132  -33.406  -66.422  -30.816 0.6000000238
8361  -31.652  -70.884  -29.128 0.5000000000
8908  -31.962  -70.461  -30.051 0.5000000000
8933  -31.336  -69.764  -31.455 0.5000000000
8934  -32.035  -69.647  -31.321 0.5000000000
106704  -32.017  -69.044  -31.650 0.5000000000
105649  -32.654  -68.389  -31.636 0.5000000000
11138  -32.923  -67.080  -31.325 0.6000000238
8353  -31.258  -71.428  -28.424 0.5000000000
8907  -31.031  -70.375  -29.955 0.5000000000
8932  -30.620  -69.954  -31.743 0.5000000000
9492  -30.421  -69.732  -31.868 0.5000000000
10054  -30.346  -69.080  -31.778 0.6000000238
10582  -30.354  -68.040  -31.274 0.4000000060
10585  -30.931  -68.404  -31.568 0.5000000000
10586  -31.758  -68.193  -31.575 0.5000000000
9493  -31.243  -69.616  -31.597 0.4000000060
107361  -30.250  -67.217  -30.928 0.4000000060
11129  -30.454  -66.537  -30.983 0.5000000000
11130  -31.620  -66.711  -31.191 0.5000000000
11691  -30.514  -65.444  -31.117 0.4000000060
11137  -32.063  -67.218  -31.390 0.6000000238
11131  -32.459  -66.540  -31.002 0.6000000238
11692  -32.831  -65.891  -30.670 0.6000000238
111360  -31.649  -64.213  -29.614 0.6000000238
10583  -31.070  -67.406  -31.347 0.5000000000
92598  -31.186  -65.522  -32.053 0.5000000000
106601  -31.822  -66.118  -30.965 0.5000000000
92599  -30.166  -65.515  -32.770 0.4000000060
92608  -30.561  -65.550  -32.627 0.5000000000
94751  -31.625  -65.172  -30.994 0.6000000238
97156  -31.230  -65.341  -32.839 0.5000000000
13530  -30.011  -62.299  -33.068 0.3000000119
95118  -29.983  -63.655  -33.027 0.4000000060
92614  -29.951  -65.238  -32.790 0.4000000060
12894  -30.878  -63.715  -33.128 0.5000000000
108722  -31.809  -64.890  -31.965 0.5000000000
17335  -33.144  -57.111  -31.562 0.3000000119
15985  -31.477  -58.795  -32.301 0.3000000119
14734  -31.063  -60.314  -32.995 0.4000000060
18517  -33.645  -54.669  -31.751 0.3000000119
20353  -36.183  -51.486  -31.276 0.3000000119
19735  -35.321  -52.213  -31.241 0.3000000119
20989  -36.315  -50.717  -31.522 0.3000000119
21690  -37.045  -49.691  -32.725 0.3000000119
21689  -36.427  -49.887  -32.018 0.3000000119
22370  -36.751  -49.028  -32.324 0.3000000119
23055  -37.077  -48.242  -32.743 0.3000000119
23736  -37.633  -46.851  -33.681 0.3000000119
8922  -33.155  -70.451  -30.817 0.5000000000
10587  -32.535  -67.683  -31.508 0.5000000000
11683  -32.085  -65.522  -30.773 0.6000000238
8898  -36.196  -70.276  -28.645 0.3000000119
8912  -39.518  -70.527  -29.906 0.6000000238
8911  -38.497  -70.294  -29.783 0.6000000238
10548  -32.819  -67.544  -25.040 0.3000000119
10549  -33.267  -67.597  -25.668 0.3000000119
10026  -34.193  -68.512  -26.871 0.3000000119
10557  -34.278  -67.710  -27.115 0.3000000119
9463  -34.343  -69.359  -26.580 0.3000000119
9468  -34.582  -69.027  -27.231 0.3000000119
10030  -34.628  -68.246  -27.519 0.3000000119
110632  -38.773  -70.964  -29.233 0.6000000238
8900  -37.775  -70.452  -29.275 0.5000000000
11103  -32.648  -66.943  -24.809 0.3000000119
11104  -33.007  -66.739  -25.434 0.3000000119
11108  -33.606  -66.816  -26.179 0.3000000119
9464  -34.947  -69.858  -27.089 0.3000000119
8889  -35.474  -70.054  -27.941 0.3000000119
7877  -34.137  -72.127  -29.087 0.4000000060
11089  -32.286  -66.429  -23.565 0.3000000119
11098  -32.799  -66.204  -24.848 0.3000000119
11638  -33.336  -65.583  -25.180 0.3000000119
11660  -33.527  -66.097  -25.729 0.3000000119
6369  -37.165  -74.885  -30.673 0.5000000000
6355  -37.794  -74.808  -30.089 0.5000000000
6378  -35.576  -75.809  -32.066 0.4000000060
6368  -36.382  -75.223  -31.042 0.4000000060
5813  -36.276  -75.703  -31.242 0.5000000000
104560  -39.614  -73.485  -29.607 0.5000000000
6841  -38.867  -73.866  -29.821 0.5000000000
115908  -37.484  -74.596  -30.116 0.5000000000
112937  -40.253  -72.309  -28.496 0.6000000238
7881  -40.991  -72.035  -29.635 0.6000000238
7364  -40.295  -72.903  -29.847 0.5000000000
6839  -37.509  -74.409  -29.952 0.4000000060
7362  -38.528  -73.376  -30.196 0.5000000000
8358  -40.336  -71.877  -28.771 0.6000000238
7882  -41.365  -71.340  -29.757 0.6000000238
7896  -40.828  -72.182  -30.554 0.6000000238
7895  -39.044  -72.885  -30.985 0.4000000060
7363  -39.327  -73.253  -30.309 0.5000000000
8357  -39.299  -71.703  -28.572 0.6000000238
8891  -36.885  -71.016  -28.124 0.4000000060
8366  -40.962  -71.264  -29.469 0.6000000238
9458  -34.062  -69.651  -25.822 0.3000000119
10020  -33.422  -68.440  -25.668 0.3000000119
8890  -36.035  -70.779  -27.733 0.3000000119
8356  -37.980  -71.237  -28.502 0.5000000000
8374  -41.667  -70.862  -30.438 0.6000000238
8365  -39.956  -71.251  -29.322 0.6000000238
107528  -40.816  -71.864  -29.123 0.6000000238
111167  -35.469  -70.543  -27.256 0.3000000119
8349  -39.806  -72.436  -27.914 0.5000000000
7853  -39.096  -72.725  -27.156 0.5000000000
8348  -38.721  -72.042  -27.783 0.5000000000
8339  -37.453  -72.141  -26.858 0.4000000060
8347  -37.651  -71.689  -27.603 0.5000000000
7845  -39.056  -73.296  -26.694 0.5000000000
7854  -39.643  -72.976  -27.291 0.5000000000
7844  -38.322  -72.905  -26.504 0.4000000060
8338  -36.543  -71.899  -26.529 0.4000000060
7354  -40.071  -73.281  -29.001 0.5000000000
7866  -40.096  -72.778  -27.890 0.5000000000
8346  -36.704  -71.445  -27.293 0.4000000060
4251  -31.498  -79.522  -31.187 0.3000000119
3696  -30.973  -79.800  -30.280 0.3000000119
4240  -32.180  -79.538  -29.760 0.3000000119
4228  -32.839  -79.488  -29.178 0.3000000119
4229  -33.515  -79.501  -28.493 0.4000000060
4241  -32.837  -79.131  -30.133 0.3000000119
4217  -33.972  -79.715  -27.811 0.4000000060
116562  -33.947  -79.071  -28.845 0.4000000060
4750  -33.577  -78.960  -29.466 0.3000000119
4758  -33.511  -78.661  -30.557 0.3000000119
4219  -35.344  -79.191  -27.160 0.4000000060
4733  -35.585  -78.483  -27.531 0.4000000060
99135  -34.304  -78.602  -29.089 0.4000000060
4764  -33.461  -78.384  -31.531 0.4000000060
4751  -34.197  -78.274  -30.044 0.4000000060
4714  -37.168  -78.272  -25.226 0.3000000119
4723  -36.179  -78.827  -26.696 0.4000000060
4734  -36.403  -78.069  -27.087 0.4000000060
100358  -35.467  -77.337  -28.989 0.4000000060
4752  -34.848  -77.857  -29.532 0.4000000060
5258  -34.782  -77.395  -30.629 0.4000000060
6294  -37.191  -75.942  -25.539 0.3000000119
5227  -37.638  -77.246  -26.339 0.4000000060
5236  -37.644  -77.084  -27.070 0.4000000060
5226  -37.211  -77.716  -26.644 0.4000000060
5235  -36.808  -77.372  -27.527 0.4000000060
5246  -37.069  -76.597  -28.050 0.4000000060
5245  -36.197  -76.876  -28.530 0.4000000060
100608  -35.384  -76.952  -30.145 0.4000000060
5737  -37.714  -75.817  -25.969 0.4000000060
5750  -37.852  -76.516  -26.652 0.4000000060
5782  -37.459  -75.890  -28.677 0.4000000060
5799  -36.780  -76.142  -29.506 0.4000000060
5259  -35.463  -76.493  -31.402 0.4000000060
5251  -36.029  -76.591  -29.749 0.4000000060
5266  -34.782  -76.858  -31.830 0.4000000060
5766  -38.069  -75.642  -26.924 0.4000000060
5783  -38.084  -75.600  -27.938 0.4000000060
6339  -38.035  -75.271  -29.167 0.4000000060
5812  -36.091  -76.226  -31.031 0.4000000060
6354  -37.380  -75.390  -30.009 0.4000000060
107504  -38.494  -75.154  -27.256 0.4000000060
6820  -39.191  -74.320  -28.197 0.4000000060
6828  -39.470  -73.835  -28.881 0.4000000060
7326  -38.631  -73.566  -26.164 0.4000000060
6326  -38.968  -74.548  -27.271 0.4000000060
6814  -39.431  -73.762  -27.461 0.4000000060
8333  -36.404  -72.361  -25.993 0.3000000119
6827  -38.555  -74.512  -29.283 0.4000000060
6804  -39.280  -73.442  -26.940 0.4000000060
8332  -35.656  -71.656  -26.035 0.3000000119
114206  -39.597  -73.824  -28.118 0.4000000060
4230  -34.340  -79.105  -28.306 0.4000000060
4741  -34.985  -78.250  -28.428 0.4000000060
5219  -37.439  -77.401  -25.735 0.4000000060
4725  -37.244  -77.911  -25.859 0.4000000060
5724  -36.986  -76.856  -24.981 0.3000000119
5244  -35.831  -77.689  -27.977 0.4000000060
5736  -37.771  -76.642  -26.087 0.4000000060
5765  -37.688  -76.253  -27.447 0.4000000060
6305  -38.085  -74.882  -26.101 0.4000000060
103767  -36.454  -76.043  -30.564 0.4000000060
6803  -38.985  -74.087  -26.633 0.4000000060
4195  -36.236  -79.964  -25.403 0.3000000119
3639  -34.474  -80.490  -26.232 0.3000000119
3652  -33.226  -80.344  -27.533 0.3000000119
3653  -34.173  -80.152  -27.120 0.3000000119
4206  -35.754  -79.503  -26.305 0.3000000119
4205  -34.937  -79.843  -26.771 0.3000000119
4207  -36.667  -79.191  -25.773 0.3000000119
4713  -37.138  -78.842  -25.321 0.3000000119
6304  -37.555  -75.034  -25.849 0.3000000119
6796  -38.162  -74.315  -25.809 0.3000000119
7317  -38.495  -73.947  -25.848 0.3000000119
7835  -37.913  -73.484  -25.853 0.3000000119
6797  -38.580  -74.267  -26.077 0.3000000119
4196  -36.922  -79.654  -24.854 0.3000000119
4218  -34.589  -79.455  -27.500 0.4000000060
4239  -31.665  -79.574  -30.273 0.3000000119
4724  -36.909  -78.409  -26.184 0.4000000060
4732  -34.944  -78.887  -27.792 0.4000000060
5212  -37.209  -77.617  -25.209 0.3000000119
5725  -37.505  -76.766  -25.590 0.3000000119
5751  -37.862  -75.652  -26.336 0.4000000060
5814  -36.768  -75.508  -30.706 0.5000000000
6315  -38.418  -74.813  -26.506 0.3000000119
6340  -38.645  -75.019  -28.229 0.4000000060
6840  -37.988  -74.132  -29.812 0.5000000000
7327  -38.868  -73.774  -26.307 0.4000000060
7336  -39.749  -73.171  -27.463 0.4000000060
7347  -39.986  -73.322  -28.137 0.4000000060
7348  -40.401  -72.573  -28.783 0.5000000000
7380  -39.915  -72.718  -30.933 0.5000000000
7843  -37.263  -72.662  -26.201 0.4000000060
7852  -38.271  -72.333  -27.153 0.4000000060
7897  -41.276  -71.428  -31.064 0.6999999881
7909  -39.573  -72.343  -31.593 0.6000000238
8367  -41.496  -70.707  -30.128 0.6000000238
8381  -39.395  -71.838  -31.916 0.6000000238
8383  -41.016  -71.248  -31.954 0.6999999881
8384  -41.492  -70.650  -31.458 0.6999999881
8385  -40.689  -70.902  -32.359 0.6999999881
8387  -41.396  -70.198  -31.856 0.6999999881
8899  -37.074  -70.608  -28.808 0.5000000000
8913  -40.819  -70.605  -29.934 0.6999999881
8920  -31.221  -70.006  -30.949 0.5000000000
8943  -41.459  -70.171  -31.550 0.6999999881
9469  -35.108  -69.065  -27.878 0.4000000060
9487  -40.991  -69.812  -31.610 0.6999999881
9488  -41.409  -70.042  -31.364 0.6999999881
9491  -29.802  -69.584  -31.599 0.6000000238
10021  -33.887  -68.852  -26.130 0.3000000119
10556  -33.775  -67.833  -26.413 0.3000000119
10564  -35.593  -66.918  -28.386 0.5000000000
10591  -39.524  -66.404  -33.264 0.8000000119
11097  -32.538  -66.772  -24.155 0.3000000119
11126  -38.133  -65.114  -30.918 0.6000000238
11672  -36.964  -65.033  -27.911 0.6000000238
11686  -35.892  -64.485  -30.026 0.6999999881
11695  -36.973  -64.781  -31.387 0.6999999881
11698  -37.738  -64.816  -31.830 0.8000000119
11699  -38.265  -64.920  -31.746 0.8000000119
12271  -37.625  -64.266  -26.408 0.4000000060
12290  -37.420  -64.110  -28.005 0.6000000238
12295  -34.151  -63.912  -28.888 0.6999999881
12298  -37.197  -64.305  -28.391 0.6000000238
12305  -36.329  -64.295  -29.454 0.6999999881
12880  -33.367  -63.099  -27.716 0.6999999881
12883  -36.955  -63.289  -28.111 0.6999999881
13529  -32.345  -62.436  -33.042 0.6000000238
13531  -30.330  -62.796  -33.215 0.6000000238
13533  -31.833  -62.114  -33.309 0.6000000238
14097  -35.595  -60.675  -25.834 0.5000000000
14117  -33.095  -62.146  -27.748 0.6999999881
14119  -34.390  -61.136  -26.727 0.5000000000
14692  -38.213  -61.266  -25.750 0.5000000000
14705  -37.721  -60.365  -25.980 0.5000000000
14720  -43.852  -60.002  -27.995 0.3000000119
14733  -30.644  -60.810  -33.045 0.4000000060
14738  -31.381  -60.899  -33.554 0.5000000000
14739  -32.210  -60.926  -33.610 0.5000000000
15301  -36.811  -60.065  -25.914 0.5000000000
15308  -36.547  -59.501  -26.426 0.5000000000
15312  -40.654  -60.316  -27.087 0.3000000119
15323  -42.355  -60.017  -28.459 0.3000000119
15324  -43.900  -59.603  -28.489 0.3000000119
15333  -34.341  -59.021  -29.560 0.6000000238
15334  -43.499  -59.128  -30.142 0.3000000119
15953  -44.100  -58.863  -26.733 0.3000000119
15958  -35.963  -58.063  -27.626 0.5000000000
15963  -43.584  -59.299  -29.702 0.3000000119
15971  -43.477  -58.800  -29.566 0.3000000119
15974  -34.381  -58.471  -30.353 0.5000000000
15977  -33.849  -58.322  -31.120 0.5000000000
15987  -33.202  -58.546  -31.932 0.5000000000
16679  -42.677  -58.453  -29.763 0.3000000119
16685  -33.768  -57.660  -31.191 0.5000000000
16688  -32.760  -57.852  -31.916 0.4000000060
17324  -35.745  -56.302  -29.686 0.4000000060
17328  -35.636  -55.891  -30.641 0.4000000060
17332  -33.615  -56.306  -31.327 0.3000000119
17336  -33.792  -57.038  -31.279 0.4000000060
17920  -39.582  -55.815  -26.250 0.4000000060
17934  -38.190  -53.936  -29.368 0.4000000060
17941  -35.440  -55.242  -31.438 0.4000000060
18499  -38.708  -52.894  -29.223 0.4000000060
18506  -36.955  -54.592  -30.299 0.4000000060
18509  -41.779  -53.726  -30.040 0.4000000060
18521  -37.867  -53.655  -31.199 0.4000000060
18529  -36.521  -53.636  -31.980 0.4000000060
19125  -39.031  -53.175  -30.380 0.4000000060
19135  -34.661  -53.426  -32.075 0.3000000119
19136  -37.843  -52.626  -31.513 0.4000000060
19138  -39.336  -52.887  -30.914 0.4000000060
19140  -41.422  -53.561  -31.373 0.4000000060
19144  -35.556  -53.093  -31.655 0.4000000060
19145  -36.066  -54.221  -32.385 0.4000000060
19742  -37.534  -51.953  -31.724 0.4000000060
20354  -36.642  -51.357  -31.713 0.4000000060
20355  -37.216  -51.208  -32.227 0.4000000060
20364  -40.455  -51.538  -33.428 0.4000000060
20365  -41.259  -51.840  -33.730 0.4000000060
20999  -39.893  -49.946  -34.200 0.4000000060
21695  -39.059  -49.625  -33.878 0.4000000060
22373  -37.158  -48.874  -32.962 0.4000000060
24454  -39.295  -45.821  -34.626 0.4000000060
92600  -29.860  -65.476  -32.220 0.4000000060
92613  -30.414  -64.767  -33.042 0.4000000060
94746  -29.728  -62.853  -33.044 0.4000000060
96511  -32.656  -62.526  -28.540 0.6999999881
97463  -30.643  -65.473  -33.086 0.5000000000
97819  -38.316  -55.850  -28.024 0.4000000060
98530  -31.114  -64.906  -33.098 0.6000000238
98829  -33.581  -64.918  -24.646 0.3000000119
106202  -31.000  -69.168  -31.734 0.5000000000
106204  -32.812  -61.046  -33.343 0.5000000000
110706  -33.045  -65.534  -24.546 0.3000000119
111893  -35.953  -75.539  -31.590 0.4000000060
112474  -43.261  -60.021  -28.562 0.3000000119
113641  -35.817  -59.444  -26.518 0.5000000000
114282  -42.133  -58.132  -26.083 0.4000000060
115034  -33.095  -66.136  -25.343 0.3000000119
115097  -36.467  -64.675  -25.916 0.5000000000
115478  -43.928  -59.171  -28.848 0.3000000119
115545  -33.254  -71.308  -29.631 0.5000000000
115993  -41.357  -71.530  -30.234 0.6000000238
