#!ascii label  , from subject sub-v1s20x0050322_ses-1 vox2ras=TkReg
917
82955  47.834  31.991  5.947 0.0000000000
85493  51.008  34.905  4.563 0.0000000000
82861  55.389  31.874  14.140 0.0000000000
83605  42.838  32.014  7.148 0.0000000000
82303  45.536  30.424  10.385 0.0000000000
83035  49.785  31.287  0.199 0.0000000000
86095  45.000  36.756  5.511 0.0000000000
86122  46.667  36.598  1.162 0.0000000000
81226  53.266  28.175  17.386 0.0000000000
80305  53.201  26.438  10.395 0.0000000000
82373  53.350  30.121  4.694 0.0000000000
83578  50.746  32.736  9.608 0.0000000000
85465  53.743  35.475  9.553 0.0000000000
84799  52.494  34.043  14.036 0.0000000000
88431  48.727  41.359  -1.097 0.0000000000
84899  50.679  34.445  0.868 0.0000000000
80796  48.909  27.753  11.412 0.0000000000
83615  45.107  32.405  6.374 0.0000000000
82317  44.194  30.937  8.842 0.0000000000
82924  46.320  31.800  8.692 0.0000000000
83004  48.517  31.375  3.181 0.0000000000
83007  45.923  32.002  3.719 0.0000000000
86106  42.946  36.503  2.028 0.0000000000
79708  50.319  26.001  17.190 0.0000000000
79196  53.251  24.741  14.107 0.0000000000
78593  50.253  23.941  13.874 0.0000000000
88926  51.914  41.812  -3.303 0.0000000000
84289  53.166  33.146  4.342 0.0000000000
83597  53.926  32.747  6.993 0.0000000000
85483  52.622  35.647  6.343 0.0000000000
86058  48.064  36.179  10.250 0.0000000000
85445  49.967  34.662  11.040 0.0000000000
84825  48.876  33.963  11.756 0.0000000000
83510  49.906  32.609  15.744 0.0000000000
85499  48.215  35.201  3.047 0.0000000000
119589  48.831  36.078  1.278 0.0000000000
84298  50.153  33.921  2.646 0.0000000000
83668  52.348  31.351  2.303 0.0000000000
83537  52.949  32.252  12.121 0.0000000000
82875  50.074  31.085  12.485 0.0000000000
82271  51.859  29.937  13.450 0.0000000000
81294  43.274  28.633  9.376 0.0000000000
80826  45.014  26.864  9.184 0.0000000000
84368  52.003  33.052  -2.621 0.0000000000
83760  47.525  32.695  -2.333 0.0000000000
85491  47.622  36.082  5.203 0.0000000000
86692  50.443  37.687  6.446 0.0000000000
121621  41.656  40.800  -0.958 0.0000000000
87944  44.428  39.530  -1.169 0.0000000000
85509  45.802  35.425  2.980 0.0000000000
119716  55.267  30.241  16.347 0.0000000000
81252  53.522  28.412  14.140 0.0000000000
80269  55.108  26.300  14.740 0.0000000000
79246  54.094  24.794  10.678 0.0000000000
82972  50.270  31.058  5.740 0.0000000000
83598  49.258  32.198  7.835 0.0000000000
82316  52.822  30.842  8.257 0.0000000000
84263  53.183  34.188  9.742 0.0000000000
84241  55.174  34.193  11.900 0.0000000000
86067  51.940  36.255  9.254 0.0000000000
85442  54.043  35.583  12.028 0.0000000000
84200  55.208  33.808  16.006 0.0000000000
83487  53.313  31.786  17.036 0.0000000000
81731  49.834  29.827  18.130 0.0000000000
89390  48.762  42.393  -2.480 0.0000000000
116990  51.480  40.390  -0.590 0.0000000000
86746  50.796  37.609  0.263 0.0000000000
117320  52.621  36.472  -0.403 0.0000000000
83733  52.868  32.023  -1.064 0.0000000000
82388  51.159  30.514  2.410 0.0000000000
82908  47.522  31.375  10.679 0.0000000000
81281  46.790  28.944  11.301 0.0000000000
80327  47.160  26.587  8.485 0.0000000000
80803  51.188  27.111  10.766 0.0000000000
83613  46.435  32.318  6.488 0.0000000000
83594  46.023  32.083  7.901 0.0000000000
83600  47.501  32.265  7.460 0.0000000000
82974  48.441  31.644  5.047 0.0000000000
83006  46.725  31.823  3.333 0.0000000000
82976  46.773  31.987  5.080 0.0000000000
104348  45.255  32.334  5.050 0.0000000000
79721  48.691  25.276  16.845 0.0000000000
79185  50.484  24.328  15.490 0.0000000000
78567  48.919  23.847  15.270 0.0000000000
79789  43.792  25.314  7.505 0.0000000000
84876  51.923  34.537  4.450 0.0000000000
84871  53.191  34.508  5.289 0.0000000000
85487  52.115  35.690  5.507 0.0000000000
85457  46.806  35.602  10.368 0.0000000000
85447  48.788  34.674  11.222 0.0000000000
84878  49.453  34.767  3.907 0.0000000000
84883  49.222  34.587  3.056 0.0000000000
84877  50.286  34.464  4.042 0.0000000000
122990  51.399  33.612  3.443 0.0000000000
82872  53.582  31.892  12.883 0.0000000000
82284  52.290  30.750  13.054 0.0000000000
82270  52.940  29.994  13.603 0.0000000000
82942  41.469  31.489  7.412 0.0000000000
82332  41.988  30.996  7.896 0.0000000000
82308  44.534  30.523  9.569 0.0000000000
82309  43.769  30.294  9.337 0.0000000000
81789  44.254  29.798  9.867 0.0000000000
80819  44.616  27.692  9.524 0.0000000000
81287  45.138  28.360  9.967 0.0000000000
83052  50.956  32.096  -2.051 0.0000000000
83758  50.299  32.666  -2.271 0.0000000000
83054  48.890  32.065  -1.377 0.0000000000
118170  42.961  32.583  5.644 0.0000000000
83617  42.214  32.444  6.116 0.0000000000
86097  46.653  36.095  5.217 0.0000000000
109140  48.048  37.848  5.574 0.0000000000
86704  46.492  38.320  5.671 0.0000000000
86101  44.139  36.226  3.840 0.0000000000
86105  44.280  35.951  2.731 0.0000000000
85497  45.697  35.642  3.962 0.0000000000
123639  46.384  35.679  4.398 0.0000000000
81728  53.957  30.039  17.303 0.0000000000
81241  54.103  28.546  16.145 0.0000000000
80749  54.295  27.143  16.902 0.0000000000
103024  52.396  24.465  11.767 0.0000000000
79227  54.049  24.651  12.611 0.0000000000
79247  53.202  24.348  10.380 0.0000000000
82364  52.262  30.309  5.016 0.0000000000
82331  51.373  30.698  7.074 0.0000000000
82347  53.243  30.190  6.774 0.0000000000
84862  53.532  34.179  7.873 0.0000000000
84274  52.907  33.447  8.449 0.0000000000
84849  53.818  35.077  9.367 0.0000000000
84249  53.699  34.016  10.788 0.0000000000
110424  55.624  35.671  10.698 0.0000000000
86680  49.847  38.204  8.304 0.0000000000
86678  51.423  37.042  8.007 0.0000000000
86658  50.408  37.095  9.386 0.0000000000
85418  51.227  34.103  12.434 0.0000000000
85433  51.779  34.517  12.215 0.0000000000
85416  53.420  34.628  13.237 0.0000000000
84812  55.119  34.903  13.754 0.0000000000
84789  54.201  34.547  14.914 0.0000000000
83494  54.821  32.944  17.073 0.0000000000
84202  52.675  33.565  15.713 0.0000000000
103257  48.304  32.112  15.775 0.0000000000
82838  49.426  31.776  17.152 0.0000000000
89373  47.992  42.940  -1.382 0.0000000000
88915  50.146  41.938  -1.297 0.0000000000
88430  49.970  41.551  -0.886 0.0000000000
86765  46.162  37.778  -0.181 0.0000000000
87942  46.198  39.298  -0.886 0.0000000000
86764  47.054  38.000  0.040 0.0000000000
85523  50.397  35.432  0.798 0.0000000000
86747  49.601  37.363  0.312 0.0000000000
86118  51.259  36.188  0.544 0.0000000000
104760  52.140  36.863  0.196 0.0000000000
85521  52.975  34.701  -0.171 0.0000000000
84910  53.783  33.793  -0.975 0.0000000000
84330  52.613  32.668  -0.392 0.0000000000
83000  53.217  30.347  3.065 0.0000000000
83014  52.528  30.630  2.229 0.0000000000
82382  52.726  29.971  2.945 0.0000000000
82988  50.709  30.611  4.077 0.0000000000
83589  50.426  32.534  8.848 0.0000000000
83580  48.868  32.260  9.315 0.0000000000
108822  49.694  32.232  10.436 0.0000000000
81773  48.821  29.217  12.454 0.0000000000
82289  47.747  30.221  12.392 0.0000000000
80797  48.029  28.109  11.373 0.0000000000
80808  46.747  27.725  10.509 0.0000000000
80815  48.061  27.163  10.021 0.0000000000
80783  53.158  27.382  12.345 0.0000000000
80784  52.122  27.652  12.302 0.0000000000
80298  52.269  26.900  10.750 0.0000000000
83604  43.785  32.290  6.937 0.0000000000
82940  43.521  31.873  7.596 0.0000000000
82938  45.141  32.052  7.759 0.0000000000
82925  45.484  31.694  8.497 0.0000000000
82915  45.781  31.313  9.246 0.0000000000
103508  49.179  31.097  1.660 0.0000000000
83631  44.619  32.463  5.610 0.0000000000
80741  51.878  27.603  17.719 0.0000000000
79705  53.564  26.127  16.787 0.0000000000
79718  51.784  25.622  16.458 0.0000000000
79198  51.521  24.392  14.159 0.0000000000
83648  53.801  31.612  4.699 0.0000000000
82951  54.592  30.956  6.502 0.0000000000
123423  54.084  33.138  5.198 0.0000000000
105810  54.036  34.174  6.579 0.0000000000
119170  53.314  35.166  7.783 0.0000000000
123600  48.302  37.354  9.785 0.0000000000
86056  49.333  36.522  10.113 0.0000000000
86047  48.757  35.427  10.616 0.0000000000
85435  50.118  34.109  11.776 0.0000000000
84800  50.929  33.482  13.649 0.0000000000
84215  50.736  33.315  14.505 0.0000000000
119081  49.607  33.046  13.442 0.0000000000
83522  48.625  32.412  14.737 0.0000000000
83524  47.148  31.753  14.899 0.0000000000
114245  47.086  42.599  -1.183 0.0000000000
85514  47.408  35.729  2.038 0.0000000000
86121  47.498  36.995  0.906 0.0000000000
85506  48.178  35.451  2.283 0.0000000000
84893  49.501  34.766  1.830 0.0000000000
84316  50.204  34.106  1.422 0.0000000000
84315  50.955  32.896  1.184 0.0000000000
84304  50.806  32.995  1.983 0.0000000000
123746  52.499  31.659  3.104 0.0000000000
83547  51.663  32.387  11.220 0.0000000000
82905  50.036  32.016  11.075 0.0000000000
82890  51.303  31.786  11.787 0.0000000000
82286  50.571  30.529  12.952 0.0000000000
81772  49.723  28.926  12.851 0.0000000000
79778  53.399  25.190  8.420 0.0000000000
80315  52.009  26.247  9.381 0.0000000000
119346  41.584  28.226  8.615 0.0000000000
82318  43.359  30.769  8.658 0.0000000000
81791  42.731  29.230  9.186 0.0000000000
112755  42.188  28.056  8.869 0.0000000000
80828  43.301  27.102  9.040 0.0000000000
80330  43.751  26.355  8.664 0.0000000000
80340  45.150  25.992  7.760 0.0000000000
85550  50.739  35.290  -2.075 0.0000000000
84370  49.023  33.759  -2.420 0.0000000000
85489  49.619  35.959  5.227 0.0000000000
109040  50.489  36.441  5.439 0.0000000000
86090  49.934  37.075  5.569 0.0000000000
87338  49.273  38.729  6.315 0.0000000000
87324  48.626  39.405  7.830 0.0000000000
87303  47.448  39.239  9.400 0.0000000000
86661  47.209  38.430  9.629 0.0000000000
113117  42.835  40.356  -1.156 0.0000000000
116569  43.693  38.219  -0.782 0.0000000000
86750  45.086  36.731  0.340 0.0000000000
86112  45.874  36.059  1.410 0.0000000000
85508  46.636  35.497  2.460 0.0000000000
103488  47.954  35.441  3.743 0.0000000000
82257  55.472  30.787  15.263 0.0000000000
82259  53.732  29.685  14.048 0.0000000000
81242  54.074  29.044  15.276 0.0000000000
80773  54.470  27.096  13.961 0.0000000000
80284  54.707  26.070  12.101 0.0000000000
79195  54.363  25.397  14.620 0.0000000000
79754  54.906  25.545  12.579 0.0000000000
80295  54.516  25.609  11.212 0.0000000000
82954  48.712  31.764  6.100 0.0000000000
82937  48.995  32.035  6.982 0.0000000000
82936  49.845  31.667  7.276 0.0000000000
82921  51.089  31.663  8.426 0.0000000000
83588  51.309  32.499  8.927 0.0000000000
83586  53.582  31.481  8.224 0.0000000000
121444  51.969  32.949  8.897 0.0000000000
83577  51.598  33.042  9.501 0.0000000000
84250  52.812  33.518  10.529 0.0000000000
83536  54.082  32.818  12.386 0.0000000000
83535  55.372  33.288  13.015 0.0000000000
86088  51.477  36.710  6.292 0.0000000000
85477  52.091  36.434  7.754 0.0000000000
103019  53.069  35.906  9.625 0.0000000000
86055  50.658  35.652  10.345 0.0000000000
109789  52.568  35.359  10.856 0.0000000000
86053  55.608  36.871  10.905 0.0000000000
85414  55.816  35.662  12.138 0.0000000000
84226  56.345  34.075  14.047 0.0000000000
82854  56.497  32.354  14.895 0.0000000000
107118  55.842  32.540  16.630 0.0000000000
110768  54.187  31.242  17.188 0.0000000000
82230  52.848  30.432  18.056 0.0000000000
83497  51.216  32.332  16.818 0.0000000000
82826  51.783  31.142  18.323 0.0000000000
81221  51.286  29.402  18.507 0.0000000000
80743  49.802  27.903  18.078 0.0000000000
89389  49.789  42.209  -2.461 0.0000000000
88913  51.934  41.253  -1.625 0.0000000000
103195  52.419  39.615  -0.991 0.0000000000
110224  48.438  37.279  0.495 0.0000000000
87940  49.409  39.515  -0.633 0.0000000000
87383  51.351  38.442  -0.125 0.0000000000
123480  52.115  38.104  -0.371 0.0000000000
112490  52.572  37.229  -0.851 0.0000000000
119064  53.180  34.135  -1.777 0.0000000000
83745  52.891  31.967  -2.262 0.0000000000
83042  51.771  31.645  -0.436 0.0000000000
83705  51.740  31.687  0.846 0.0000000000
112649  51.151  30.992  1.074 0.0000000000
105530  50.110  31.107  0.984 0.0000000000
83015  50.105  30.747  2.649 0.0000000000
82989  49.581  31.212  4.298 0.0000000000
83592  47.766  32.190  8.269 0.0000000000
82913  47.360  31.649  9.753 0.0000000000
82909  46.739  31.150  10.364 0.0000000000
82893  48.566  31.265  11.895 0.0000000000
82298  47.041  30.539  12.255 0.0000000000
81782  46.216  29.502  11.147 0.0000000000
80809  45.927  27.974  10.319 0.0000000000
80320  45.884  26.862  9.216 0.0000000000
81760  52.266  29.101  13.781 0.0000000000
80785  51.118  27.849  12.349 0.0000000000
80795  49.718  27.624  11.495 0.0000000000
80316  51.098  26.404  9.378 0.0000000000
80308  48.888  27.122  10.059 0.0000000000
103291  49.221  23.826  12.873 0.0000000000
103290  50.135  24.116  10.887 0.0000000000
83628  47.014  32.159  5.858 0.0000000000
83612  47.255  32.255  6.640 0.0000000000
82975  47.508  31.881  5.244 0.0000000000
83629  46.248  32.244  5.746 0.0000000000
79178  49.046  24.761  16.398 0.0000000000
121353  51.797  35.102  4.666 0.0000000000
84872  52.367  35.055  4.910 0.0000000000
105757  51.605  35.537  4.962 0.0000000000
85494  49.966  35.131  4.623 0.0000000000
84291  51.183  34.136  4.041 0.0000000000
82862  54.250  31.423  13.609 0.0000000000
82863  53.211  31.046  13.290 0.0000000000
82941  42.223  31.608  7.472 0.0000000000
81784  44.913  30.174  10.234 0.0000000000
81288  44.900  29.334  10.238 0.0000000000
83053  50.057  31.869  -1.315 0.0000000000
83044  49.364  31.620  -0.569 0.0000000000
118694  43.008  32.366  6.438 0.0000000000
120998  42.499  32.224  6.643 0.0000000000
82956  41.934  32.014  6.841 0.0000000000
86094  45.986  36.906  5.846 0.0000000000
86705  45.472  37.883  5.795 0.0000000000
86099  44.164  36.588  4.936 0.0000000000
103673  44.865  36.120  4.478 0.0000000000
86098  45.699  36.097  5.090 0.0000000000
104194  53.399  29.187  17.206 0.0000000000
80750  53.866  28.095  16.848 0.0000000000
80739  53.841  27.258  17.320 0.0000000000
79240  53.261  24.495  11.253 0.0000000000
82348  52.203  30.361  6.350 0.0000000000
82363  53.155  30.061  5.718 0.0000000000
108686  53.373  34.938  8.576 0.0000000000
102742  53.157  34.377  8.795 0.0000000000
84842  54.563  35.090  10.096 0.0000000000
84848  54.602  35.373  10.090 0.0000000000
120284  49.952  37.626  9.015 0.0000000000
84813  52.111  33.851  13.119 0.0000000000
85417  52.494  34.277  12.865 0.0000000000
85404  52.963  34.367  13.524 0.0000000000
84798  53.453  34.526  14.208 0.0000000000
84790  53.228  34.187  15.078 0.0000000000
122478  53.469  33.912  15.864 0.0000000000
84791  52.259  33.836  14.832 0.0000000000
82849  47.729  31.780  16.115 0.0000000000
88917  47.913  42.578  -1.181 0.0000000000
88916  48.959  42.255  -1.234 0.0000000000
108795  45.803  37.130  0.115 0.0000000000
86749  46.660  37.253  0.447 0.0000000000
85522  51.700  35.082  0.585 0.0000000000
84898  51.925  33.684  0.299 0.0000000000
82380  53.269  30.306  3.933 0.0000000000
82381  53.142  30.045  3.044 0.0000000000
82374  52.997  29.946  3.722 0.0000000000
82375  51.895  30.277  3.914 0.0000000000
83579  49.802  32.475  9.612 0.0000000000
83563  50.386  32.474  10.346 0.0000000000
81279  48.758  28.411  11.885 0.0000000000
80806  48.451  27.483  10.728 0.0000000000
104290  53.596  26.552  11.030 0.0000000000
80297  52.798  27.130  11.470 0.0000000000
121218  52.959  26.807  10.890 0.0000000000
108782  44.389  32.430  6.422 0.0000000000
83603  44.726  32.331  7.055 0.0000000000
83016  49.276  31.028  2.505 0.0000000000
83025  48.232  31.285  1.496 0.0000000000
103538  48.192  31.334  2.352 0.0000000000
83630  45.495  32.359  5.692 0.0000000000
80249  50.967  26.905  17.523 0.0000000000
79707  51.470  26.019  17.110 0.0000000000
78566  50.335  24.010  14.697 0.0000000000
103392  51.090  24.333  14.813 0.0000000000
123797  50.852  24.190  14.210 0.0000000000
79213  51.091  24.250  13.419 0.0000000000
116405  51.020  24.307  12.499 0.0000000000
88935  51.287  41.859  -4.086 0.0000000000
83649  53.366  32.026  4.202 0.0000000000
83627  54.063  32.245  5.239 0.0000000000
84283  53.815  32.722  4.718 0.0000000000
84869  53.488  34.828  6.212 0.0000000000
84866  53.291  35.302  6.952 0.0000000000
84865  53.799  34.615  7.166 0.0000000000
105911  52.702  35.828  7.300 0.0000000000
86649  47.801  37.282  9.827 0.0000000000
86057  48.639  36.604  10.113 0.0000000000
123558  48.831  34.466  11.516 0.0000000000
85436  49.252  34.608  11.839 0.0000000000
84824  49.773  33.782  11.954 0.0000000000
85419  50.535  33.829  12.321 0.0000000000
84815  50.269  33.336  12.888 0.0000000000
84801  50.109  33.253  13.975 0.0000000000
107265  49.312  33.368  12.621 0.0000000000
84229  48.043  32.666  13.268 0.0000000000
83531  47.651  32.066  14.011 0.0000000000
83523  47.885  32.095  14.910 0.0000000000
84887  49.614  34.260  2.183 0.0000000000
84305  50.276  33.670  1.867 0.0000000000
84297  51.096  33.355  2.739 0.0000000000
84290  52.156  33.564  3.969 0.0000000000
84296  51.869  32.607  3.125 0.0000000000
83650  52.672  32.420  3.728 0.0000000000
83546  52.415  32.455  11.471 0.0000000000
82889  52.118  31.902  11.901 0.0000000000
82285  51.397  30.665  12.943 0.0000000000
82272  51.038  29.992  13.339 0.0000000000
111465  50.306  29.585  13.228 0.0000000000
81761  51.280  29.228  13.557 0.0000000000
81301  41.126  28.726  8.523 0.0000000000
81300  41.956  28.869  8.855 0.0000000000
82927  43.822  31.432  8.172 0.0000000000
81790  43.505  29.479  9.509 0.0000000000
81295  42.606  28.548  9.106 0.0000000000
80821  42.918  27.903  9.131 0.0000000000
80820  43.749  27.851  9.337 0.0000000000
80827  44.167  26.982  9.116 0.0000000000
119357  44.635  26.348  8.585 0.0000000000
85549  51.764  34.851  -2.060 0.0000000000
84933  51.240  34.104  -2.187 0.0000000000
83747  48.494  32.570  -2.183 0.0000000000
110794  49.104  32.918  -2.523 0.0000000000
83759  48.092  32.935  -2.656 0.0000000000
85490  48.574  35.996  5.185 0.0000000000
109567  49.032  36.555  5.473 0.0000000000
86702  48.783  38.452  5.726 0.0000000000
107185  48.744  39.349  6.714 0.0000000000
87886  47.410  40.011  8.996 0.0000000000
88422  42.307  40.979  -1.019 0.0000000000
87947  42.066  40.007  -1.176 0.0000000000
86766  44.025  37.546  -0.463 0.0000000000
107505  45.096  37.489  -0.350 0.0000000000
86104  45.156  35.601  2.611 0.0000000000
107747  45.038  35.769  1.883 0.0000000000
103217  45.071  36.188  1.081 0.0000000000
85515  45.855  35.564  2.114 0.0000000000
85496  47.267  35.612  4.263 0.0000000000
106852  48.173  35.608  4.477 0.0000000000
107659  49.050  35.417  4.548 0.0000000000
82248  55.805  30.794  16.025 0.0000000000
81751  55.017  30.055  15.601 0.0000000000
81742  54.549  29.483  16.167 0.0000000000
80765  54.890  26.921  15.438 0.0000000000
80766  54.431  27.467  14.718 0.0000000000
80772  54.904  26.759  14.606 0.0000000000
80277  54.581  26.602  13.161 0.0000000000
80276  55.004  26.352  13.968 0.0000000000
79729  53.030  25.358  15.507 0.0000000000
79728  54.109  25.506  15.434 0.0000000000
79183  53.551  25.152  14.778 0.0000000000
79239  54.086  24.744  11.651 0.0000000000
79238  54.560  25.099  12.128 0.0000000000
79245  54.475  25.168  11.251 0.0000000000
79772  54.256  25.168  10.396 0.0000000000
79774  54.021  24.857  9.406 0.0000000000
82973  49.448  31.408  5.425 0.0000000000
82953  49.597  31.500  6.375 0.0000000000
82934  51.722  30.904  8.039 0.0000000000
82935  50.743  31.226  7.644 0.0000000000
82920  52.098  31.440  8.639 0.0000000000
82952  54.216  31.661  6.869 0.0000000000
82933  54.375  30.936  7.766 0.0000000000
119694  53.858  31.804  7.643 0.0000000000
83576  52.378  33.557  9.185 0.0000000000
83587  52.766  32.335  8.664 0.0000000000
84251  52.169  33.420  10.003 0.0000000000
84832  54.858  34.561  11.119 0.0000000000
84242  54.274  33.625  11.656 0.0000000000
84234  54.965  33.576  12.303 0.0000000000
86089  50.763  37.071  5.845 0.0000000000
86086  51.083  37.242  6.533 0.0000000000
86083  51.190  36.852  8.914 0.0000000000
86082  51.768  36.573  8.483 0.0000000000
86081  52.277  36.270  8.460 0.0000000000
86045  49.896  35.496  10.449 0.0000000000
85455  50.631  34.889  10.933 0.0000000000
85432  53.116  34.780  12.612 0.0000000000
105190  52.818  35.091  11.847 0.0000000000
85443  54.074  36.089  10.937 0.0000000000
85441  55.288  36.523  11.070 0.0000000000
85429  55.848  36.393  11.105 0.0000000000
85430  55.189  35.819  12.116 0.0000000000
84796  55.025  34.603  14.575 0.0000000000
84795  55.988  34.524  14.056 0.0000000000
84213  56.345  33.755  14.716 0.0000000000
83528  56.492  33.373  14.471 0.0000000000
83521  56.763  33.003  15.248 0.0000000000
117454  56.747  32.316  15.671 0.0000000000
83493  55.585  33.164  16.538 0.0000000000
83495  53.772  32.641  16.802 0.0000000000
83486  54.663  32.428  16.939 0.0000000000
82824  53.889  31.462  17.136 0.0000000000
82229  53.382  30.735  17.578 0.0000000000
82825  52.837  30.979  17.805 0.0000000000
84204  50.533  33.078  15.252 0.0000000000
83509  50.816  32.864  15.980 0.0000000000
111121  50.313  32.422  16.451 0.0000000000
82232  50.146  30.688  18.085 0.0000000000
113802  50.830  31.148  18.213 0.0000000000
82217  51.230  30.525  18.602 0.0000000000
81721  51.848  30.042  18.690 0.0000000000
81222  50.432  29.437  18.477 0.0000000000
81229  50.507  28.699  18.389 0.0000000000
89391  47.715  42.693  -2.436 0.0000000000
88930  46.050  41.587  -3.442 0.0000000000
88929  47.184  41.430  -3.605 0.0000000000
88902  51.016  41.413  -0.934 0.0000000000
88914  51.211  41.627  -1.461 0.0000000000
88429  51.749  41.265  -1.063 0.0000000000
88428  52.204  40.856  -1.110 0.0000000000
87938  52.173  40.164  -0.863 0.0000000000
86120  48.281  36.571  1.122 0.0000000000
86119  49.253  36.529  0.672 0.0000000000
86762  50.034  38.187  0.121 0.0000000000
87384  50.322  39.021  -0.312 0.0000000000
86761  52.337  37.448  -0.358 0.0000000000
86760  52.438  38.065  -0.758 0.0000000000
86133  52.639  36.256  -1.027 0.0000000000
85537  52.956  35.071  -1.247 0.0000000000
84344  53.614  32.844  -1.123 0.0000000000
84354  53.995  33.054  -1.764 0.0000000000
83051  52.417  31.869  -1.489 0.0000000000
83687  51.587  32.099  1.427 0.0000000000
83686  52.079  31.174  1.511 0.0000000000
82391  51.835  30.803  1.731 0.0000000000
104849  50.461  30.824  1.774 0.0000000000
122544  50.191  31.080  4.900 0.0000000000
83599  48.389  32.265  7.620 0.0000000000
83591  48.638  32.280  8.451 0.0000000000
82912  48.190  31.869  9.985 0.0000000000
83581  48.005  32.014  9.092 0.0000000000
82891  50.466  31.661  11.766 0.0000000000
82892  49.590  31.470  11.824 0.0000000000
81780  47.451  29.716  12.161 0.0000000000
82297  47.925  30.762  12.272 0.0000000000
81781  46.781  29.705  11.834 0.0000000000
82299  46.394  30.279  11.700 0.0000000000
108754  45.666  28.911  10.585 0.0000000000
81286  46.422  28.506  10.843 0.0000000000
80816  47.188  27.184  9.956 0.0000000000
80817  46.308  27.268  9.883 0.0000000000
80319  46.761  26.855  9.239 0.0000000000
80328  46.322  26.589  8.527 0.0000000000
81752  53.782  29.064  14.416 0.0000000000
81759  53.217  29.048  13.956 0.0000000000
81260  52.913  28.241  13.702 0.0000000000
80793  51.678  27.374  11.521 0.0000000000
121688  51.598  28.062  12.971 0.0000000000
80794  50.645  27.516  11.555 0.0000000000
80323  51.662  26.044  8.751 0.0000000000
79780  51.138  25.759  8.047 0.0000000000
83614  45.790  32.370  6.282 0.0000000000
83602  45.684  32.336  7.045 0.0000000000
83601  46.624  32.265  7.289 0.0000000000
83593  46.896  32.128  8.092 0.0000000000
82990  48.596  31.551  3.958 0.0000000000
83005  47.716  31.635  3.220 0.0000000000
82991  47.539  31.827  4.223 0.0000000000
82992  46.418  32.005  4.291 0.0000000000
83652  45.567  32.199  4.375 0.0000000000
83651  45.959  32.150  5.046 0.0000000000
79720  49.688  25.325  16.793 0.0000000000
79719  50.732  25.444  16.613 0.0000000000
79177  50.108  24.744  16.246 0.0000000000
117761  49.727  23.929  15.183 0.0000000000
84875  52.769  34.122  4.630 0.0000000000
84284  53.578  33.633  4.943 0.0000000000
85486  52.770  35.171  5.594 0.0000000000
85456  47.533  35.708  10.420 0.0000000000
86048  48.157  35.220  10.749 0.0000000000
85448  47.412  35.048  10.861 0.0000000000
85495  48.663  35.191  3.748 0.0000000000
118383  49.877  34.298  3.430 0.0000000000
84882  50.620  33.997  3.402 0.0000000000
82873  52.619  31.514  12.604 0.0000000000
81293  44.195  28.750  9.718 0.0000000000
83757  51.446  32.587  -2.452 0.0000000000
84369  50.442  33.294  -2.380 0.0000000000
83746  49.611  32.396  -2.029 0.0000000000
83633  42.276  32.613  5.340 0.0000000000
83618  41.304  32.319  6.218 0.0000000000
82957  40.977  31.883  6.830 0.0000000000
86093  48.197  36.745  5.541 0.0000000000
106421  47.128  37.101  5.690 0.0000000000
86703  47.291  38.345  5.530 0.0000000000
119664  43.008  36.557  2.825 0.0000000000
107685  43.536  36.316  2.360 0.0000000000
85502  44.945  35.735  3.422 0.0000000000
81736  54.766  30.127  16.886 0.0000000000
81236  54.013  29.298  16.712 0.0000000000
80755  54.443  27.464  16.320 0.0000000000
80264  55.033  26.240  15.426 0.0000000000
79211  52.988  24.486  13.267 0.0000000000
79210  53.993  24.736  13.486 0.0000000000
79228  53.169  24.492  12.208 0.0000000000
82365  51.016  30.626  4.953 0.0000000000
82349  51.178  30.624  5.999 0.0000000000
82330  52.443  30.528  7.431 0.0000000000
103461  53.336  32.794  7.827 0.0000000000
84823  55.779  35.127  11.706 0.0000000000
86689  50.275  38.065  7.404 0.0000000000
86688  50.962  37.486  7.304 0.0000000000
86679  50.636  37.552  8.351 0.0000000000
86068  50.909  36.352  9.709 0.0000000000
85434  50.524  34.334  11.759 0.0000000000
102825  50.809  34.540  11.632 0.0000000000
85431  54.118  35.097  12.841 0.0000000000
85415  54.219  34.867  13.504 0.0000000000
84797  54.247  34.709  14.109 0.0000000000
118247  54.885  34.339  15.352 0.0000000000
84192  54.869  33.269  16.838 0.0000000000
84201  54.254  34.076  15.904 0.0000000000
84193  53.856  33.371  16.449 0.0000000000
83496  52.487  32.384  16.722 0.0000000000
104611  49.142  32.284  15.963 0.0000000000
83498  49.583  32.178  16.573 0.0000000000
83499  48.812  32.001  16.603 0.0000000000
82828  49.518  31.201  17.487 0.0000000000
89383  47.197  43.339  -1.589 0.0000000000
89382  48.121  42.926  -1.842 0.0000000000
89372  49.099  42.411  -1.725 0.0000000000
88419  50.833  40.926  -0.622 0.0000000000
87387  45.660  38.438  -0.653 0.0000000000
87943  45.265  39.315  -1.037 0.0000000000
87386  46.602  38.538  -0.447 0.0000000000
85524  49.526  35.773  1.052 0.0000000000
110817  50.082  36.112  0.631 0.0000000000
110220  50.340  36.781  0.418 0.0000000000
116814  51.329  37.042  0.333 0.0000000000
105668  52.459  35.888  0.171 0.0000000000
116408  52.865  35.529  -0.370 0.0000000000
85529  53.300  34.775  -0.810 0.0000000000
84329  53.156  33.560  -0.436 0.0000000000
83001  52.934  30.693  2.591 0.0000000000
82387  52.382  30.374  2.448 0.0000000000
82383  51.550  30.298  3.105 0.0000000000
83590  49.512  32.399  8.686 0.0000000000
83564  49.036  32.097  10.197 0.0000000000
82287  49.345  29.807  12.863 0.0000000000
82876  49.166  30.757  12.537 0.0000000000
82288  48.474  30.193  12.562 0.0000000000
81272  48.123  29.017  11.916 0.0000000000
81280  47.391  28.927  11.599 0.0000000000
81285  47.149  28.251  11.073 0.0000000000
80807  47.587  27.610  10.641 0.0000000000
80318  47.747  26.778  9.218 0.0000000000
80774  53.606  27.425  13.284 0.0000000000
80775  52.463  27.862  13.106 0.0000000000
82939  44.275  31.985  7.655 0.0000000000
82926  44.657  31.564  8.326 0.0000000000
82916  45.007  31.087  9.004 0.0000000000
82307  45.281  30.741  9.773 0.0000000000
103317  48.846  31.258  0.788 0.0000000000
103594  48.850  31.450  0.027 0.0000000000
103316  47.739  31.420  0.900 0.0000000000
83017  47.271  31.594  2.601 0.0000000000
83653  44.633  32.438  4.505 0.0000000000
83616  43.745  32.493  6.047 0.0000000000
86102  43.500  36.407  3.283 0.0000000000
86715  43.480  36.561  4.266 0.0000000000
120890  52.517  28.193  17.669 0.0000000000
80247  53.359  26.626  17.328 0.0000000000
80248  52.265  26.661  17.478 0.0000000000
79717  52.843  25.688  16.326 0.0000000000
123668  52.170  25.056  15.199 0.0000000000
79176  51.098  24.973  16.006 0.0000000000
79184  51.850  24.670  14.733 0.0000000000
79197  52.365  24.557  14.111 0.0000000000
79212  51.977  24.399  13.544 0.0000000000
78609  51.487  24.400  11.703 0.0000000000
82986  53.796  30.631  4.722 0.0000000000
81825  54.100  30.209  5.751 0.0000000000
82971  54.249  31.088  5.478 0.0000000000
83609  54.211  31.743  5.958 0.0000000000
83610  54.151  32.761  6.007 0.0000000000
84868  53.947  33.869  5.763 0.0000000000
84279  54.114  33.520  6.492 0.0000000000
84276  53.967  33.747  7.173 0.0000000000
116500  53.121  35.396  8.468 0.0000000000
86648  48.752  37.456  9.720 0.0000000000
113407  49.599  37.221  9.674 0.0000000000
86046  49.294  35.505  10.520 0.0000000000
85446  49.466  34.596  11.207 0.0000000000
84814  51.152  33.669  12.911 0.0000000000
120418  51.692  33.685  13.531 0.0000000000
84214  51.597  33.635  14.242 0.0000000000
104844  49.938  32.997  14.828 0.0000000000
84216  49.277  32.833  14.293 0.0000000000
84205  49.187  32.519  15.211 0.0000000000
83511  47.476  31.817  15.604 0.0000000000
83512  46.905  31.511  15.494 0.0000000000
88432  47.465  41.396  -1.361 0.0000000000
86110  47.448  36.352  1.487 0.0000000000
85513  48.194  35.971  1.690 0.0000000000
84894  48.980  35.443  1.716 0.0000000000
84888  48.950  34.963  2.397 0.0000000000
84900  49.833  35.033  1.298 0.0000000000
84331  50.966  33.476  0.824 0.0000000000
83669  51.579  32.217  2.190 0.0000000000
83667  53.127  31.287  3.415 0.0000000000
82987  53.468  30.910  3.963 0.0000000000
83562  51.300  32.777  10.297 0.0000000000
83548  50.838  32.250  11.068 0.0000000000
107531  51.758  31.358  12.479 0.0000000000
82874  50.903  31.268  12.479 0.0000000000
114252  49.852  30.378  12.912 0.0000000000
81271  49.326  28.536  12.311 0.0000000000
80313  53.788  25.599  9.788 0.0000000000
103908  52.719  26.265  9.772 0.0000000000
80314  52.878  25.751  9.032 0.0000000000
82928  42.891  31.349  7.941 0.0000000000
82319  42.501  30.544  8.487 0.0000000000
82310  42.979  30.038  9.082 0.0000000000
81797  42.193  29.750  8.784 0.0000000000
80830  41.678  27.506  8.534 0.0000000000
80829  42.462  27.261  8.829 0.0000000000
80341  44.228  25.830  8.015 0.0000000000
84934  49.899  34.484  -2.133 0.0000000000
83045  48.283  31.792  -0.542 0.0000000000
83734  47.417  31.951  -0.555 0.0000000000
85488  50.658  35.735  5.032 0.0000000000
121644  50.235  37.479  5.872 0.0000000000
86701  49.004  37.455  5.656 0.0000000000
86693  49.701  37.936  5.943 0.0000000000
117484  49.875  38.268  6.670 0.0000000000
87323  49.474  38.774  7.371 0.0000000000
87302  48.364  38.465  9.251 0.0000000000
86660  47.956  38.036  9.585 0.0000000000
86650  47.011  37.659  9.757 0.0000000000
87945  43.721  39.033  -1.110 0.0000000000
87946  42.912  39.477  -1.136 0.0000000000
119529  44.564  38.463  -0.867 0.0000000000
86123  45.882  36.647  0.726 0.0000000000
86114  43.560  36.359  1.431 0.0000000000
86111  46.648  35.936  1.749 0.0000000000
85507  47.415  35.425  2.759 0.0000000000
85501  46.668  35.438  3.435 0.0000000000
85500  47.490  35.425  3.410 0.0000000000
117448  55.821  31.467  14.886 0.0000000000
82855  54.864  31.001  14.396 0.0000000000
82258  54.478  29.971  14.629 0.0000000000
81251  53.909  28.217  14.657 0.0000000000
81259  53.811  27.793  14.057 0.0000000000
80285  54.004  26.855  12.506 0.0000000000
120228  54.340  26.129  11.267 0.0000000000
80246  54.111  26.657  16.962 0.0000000000
79715  54.595  25.932  15.920 0.0000000000
79726  55.163  26.014  14.759 0.0000000000
117250  54.565  25.239  13.793 0.0000000000
79742  55.043  25.640  13.404 0.0000000000
79735  55.186  25.995  14.037 0.0000000000
80304  54.175  25.875  10.633 0.0000000000
83611  48.125  32.203  6.784 0.0000000000
117562  50.454  31.081  6.703 0.0000000000
82922  50.155  31.975  8.120 0.0000000000
82346  54.115  30.234  7.060 0.0000000000
82328  54.218  30.583  7.620 0.0000000000
82315  53.786  30.894  8.142 0.0000000000
82919  52.979  31.424  8.520 0.0000000000
119401  52.162  32.168  8.865 0.0000000000
83561  52.211  32.930  10.782 0.0000000000
83545  53.162  33.023  11.386 0.0000000000
83530  54.747  32.332  13.291 0.0000000000
86092  51.312  36.249  5.556 0.0000000000
85484  51.947  36.182  6.076 0.0000000000
85480  52.104  36.351  6.804 0.0000000000
86085  51.558  36.924  7.115 0.0000000000
85476  52.690  35.818  8.070 0.0000000000
86647  50.058  36.421  9.973 0.0000000000
86054  51.413  35.911  10.048 0.0000000000
85444  51.622  34.811  11.489 0.0000000000
85454  51.475  35.309  10.642 0.0000000000
85453  52.288  35.871  10.025 0.0000000000
122763  53.336  35.943  10.207 0.0000000000
86065  54.420  36.149  10.432 0.0000000000
85464  55.238  35.746  10.402 0.0000000000
84840  56.005  36.423  10.533 0.0000000000
103238  55.998  36.095  11.218 0.0000000000
84822  55.993  35.363  12.485 0.0000000000
109584  55.174  35.324  13.004 0.0000000000
84811  56.111  35.153  13.132 0.0000000000
84233  55.885  34.357  12.665 0.0000000000
84227  56.255  33.865  13.639 0.0000000000
83529  55.953  32.856  13.904 0.0000000000
82256  56.350  31.576  15.689 0.0000000000
82241  56.137  31.436  16.371 0.0000000000
82242  55.418  30.990  16.755 0.0000000000
83485  55.154  32.771  17.048 0.0000000000
107680  54.914  31.531  16.996 0.0000000000
116717  54.541  30.802  17.145 0.0000000000
123447  53.770  30.640  17.458 0.0000000000
81729  53.073  30.060  17.805 0.0000000000
81227  52.672  29.078  17.701 0.0000000000
84203  51.463  33.350  15.221 0.0000000000
84194  51.856  32.979  16.173 0.0000000000
83488  52.074  31.677  17.480 0.0000000000
82837  50.209  32.029  17.149 0.0000000000
83489  50.999  31.702  17.725 0.0000000000
82231  52.276  30.544  18.525 0.0000000000
81730  52.241  29.630  18.320 0.0000000000
81228  51.698  28.647  18.114 0.0000000000
80742  50.813  27.850  18.032 0.0000000000
120899  50.312  27.382  17.821 0.0000000000
80250  49.799  26.864  17.587 0.0000000000
104103  50.872  42.039  -2.896 0.0000000000
88923  50.480  42.068  -1.955 0.0000000000
88922  51.527  41.740  -2.277 0.0000000000
87953  52.347  40.307  -1.196 0.0000000000
87394  52.325  38.762  -0.997 0.0000000000
87954  47.848  40.133  -1.198 0.0000000000
86748  47.529  37.554  0.413 0.0000000000
120030  48.749  40.056  -0.989 0.0000000000
88420  49.726  40.594  -0.799 0.0000000000
87939  50.542  39.972  -0.593 0.0000000000
106483  51.452  39.503  -0.524 0.0000000000
87382  52.078  38.912  -0.797 0.0000000000
86774  52.368  37.832  -1.201 0.0000000000
86134  52.296  36.815  -1.399 0.0000000000
84932  52.520  33.849  -2.246 0.0000000000
84922  53.652  33.918  -1.454 0.0000000000
84931  53.592  33.267  -2.184 0.0000000000
83756  52.634  32.419  -2.601 0.0000000000
116730  51.950  31.891  -1.979 0.0000000000
113793  51.277  31.764  -1.281 0.0000000000
83043  50.547  31.498  -0.466 0.0000000000
83721  51.812  32.482  0.420 0.0000000000
83720  52.087  31.858  -0.083 0.0000000000
117455  51.747  31.367  1.279 0.0000000000
83033  51.594  31.479  0.602 0.0000000000
83034  50.939  31.231  0.365 0.0000000000
83002  50.372  30.678  3.301 0.0000000000
83003  49.375  31.079  3.326 0.0000000000
82923  47.163  31.873  8.892 0.0000000000
82914  46.567  31.478  9.492 0.0000000000
82306  46.032  30.910  10.000 0.0000000000
82906  49.228  31.774  11.048 0.0000000000
82907  48.371  31.576  10.913 0.0000000000
82877  48.511  30.781  12.369 0.0000000000
82894  47.616  31.177  11.717 0.0000000000
82301  46.862  30.844  11.329 0.0000000000
82302  46.155  30.439  10.847 0.0000000000
81783  45.463  29.840  10.749 0.0000000000
80818  45.460  27.429  9.722 0.0000000000
80329  45.495  26.471  8.518 0.0000000000
82269  53.931  30.505  13.858 0.0000000000
81261  51.836  28.526  13.388 0.0000000000
81262  50.787  28.595  13.083 0.0000000000
80786  50.054  28.107  12.313 0.0000000000
121316  52.460  26.570  10.244 0.0000000000
80306  51.734  26.608  10.052 0.0000000000
80324  50.584  26.181  8.644 0.0000000000
117113  50.658  26.806  10.067 0.0000000000
80804  50.202  27.249  10.775 0.0000000000
80805  49.310  27.369  10.762 0.0000000000
78573  49.439  23.721  14.419 0.0000000000
78594  49.548  23.774  13.546 0.0000000000
78618  49.566  24.127  11.851 0.0000000000
117349  50.151  24.087  12.826 0.0000000000
79175  52.030  25.318  15.767 0.0000000000
79186  49.455  24.248  15.787 0.0000000000
79194  54.946  25.745  14.287 0.0000000000
79226  54.738  25.014  12.965 0.0000000000
79229  51.998  24.393  12.655 0.0000000000
79706  52.606  26.052  17.024 0.0000000000
79716  53.812  25.746  16.162 0.0000000000
79727  54.830  25.787  15.142 0.0000000000
79753  55.208  26.011  13.134 0.0000000000
79766  54.641  25.504  11.831 0.0000000000
80258  54.666  26.638  16.281 0.0000000000
80259  54.215  26.197  16.479 0.0000000000
80296  53.826  26.714  11.737 0.0000000000
80740  52.994  27.363  17.569 0.0000000000
80756  54.223  27.926  15.461 0.0000000000
81722  51.083  29.870  18.649 0.0000000000
81774  48.124  29.692  12.318 0.0000000000
81817  54.261  30.289  6.484 0.0000000000
81818  53.878  30.007  6.200 0.0000000000
81826  53.739  30.103  5.412 0.0000000000
81829  53.713  30.304  4.979 0.0000000000
82218  50.531  30.044  18.471 0.0000000000
82329  53.557  30.498  7.667 0.0000000000
82345  54.499  30.524  7.062 0.0000000000
82362  54.395  30.483  6.162 0.0000000000
82372  54.095  30.410  5.413 0.0000000000
82386  52.986  30.192  2.584 0.0000000000
82823  54.828  32.197  16.972 0.0000000000
82827  50.135  31.476  17.671 0.0000000000
82836  55.541  31.976  16.815 0.0000000000
82847  56.516  31.995  16.289 0.0000000000
83058  52.067  32.140  -2.330 0.0000000000
83508  56.540  32.726  16.033 0.0000000000
83732  53.472  32.296  -1.835 0.0000000000
83755  53.476  32.517  -2.412 0.0000000000
84199  56.136  33.462  15.629 0.0000000000
84217  48.322  32.444  14.110 0.0000000000
84367  53.006  32.848  -2.575 0.0000000000
84788  55.638  34.143  15.076 0.0000000000
84831  56.031  36.502  10.384 0.0000000000
84841  55.499  35.750  10.559 0.0000000000
85403  53.646  34.655  13.705 0.0000000000
85440  56.048  36.759  10.574 0.0000000000
85463  55.496  36.347  10.474 0.0000000000
86044  56.053  37.068  10.572 0.0000000000
86052  55.978  36.877  10.544 0.0000000000
86066  52.814  35.915  8.804 0.0000000000
86745  51.812  37.635  0.089 0.0000000000
86763  49.019  37.922  0.191 0.0000000000
88418  51.724  40.933  -0.756 0.0000000000
89374  47.172  43.221  -1.163 0.0000000000
103056  52.675  24.936  14.735 0.0000000000
103993  51.443  24.725  15.358 0.0000000000
106258  52.902  33.007  16.364 0.0000000000
111175  52.913  35.669  -0.740 0.0000000000
117872  56.177  34.662  13.388 0.0000000000
119190  49.338  28.037  11.903 0.0000000000
120358  52.545  30.166  18.399 0.0000000000
121014  48.086  31.649  3.650 0.0000000000
121260  53.039  31.940  -1.728 0.0000000000
121413  54.612  30.874  7.147 0.0000000000
121928  48.768  32.645  14.165 0.0000000000
122447  53.938  25.023  14.155 0.0000000000
