#!ascii label  , from subject sub-v1s20x0050333_ses-1 vox2ras=TkReg
1483
65066  -25.553  -2.577  -32.451 0.5555555820
145673  -26.448  -2.112  -33.366 0.6666666865
124577  -27.599  -0.849  -35.318 0.7777777910
66088  -29.454  -0.815  -35.188 0.7777777910
68069  -28.877  0.590  -36.078 0.8888888955
143128  -32.655  1.325  -34.751 0.8888888955
65053  -24.324  -2.627  -31.626 0.5555555820
66050  -24.942  -2.053  -33.131 0.5555555820
66072  -26.308  -1.182  -34.592 0.6666666865
66085  -26.515  -0.345  -35.327 0.8888888955
67088  -29.860  -0.079  -35.539 0.8888888955
147269  -30.691  0.773  -35.815 0.8888888955
70106  -32.436  2.358  -35.682 1.0000000000
70095  -33.749  1.942  -34.707 0.8888888955
70108  -34.138  2.726  -34.959 1.0000000000
66070  -24.969  -1.055  -34.106 0.7777777910
67108  -26.815  -0.963  -37.893 1.0000000000
125540  -27.721  0.628  -37.596 1.0000000000
68103  -29.384  1.461  -36.811 1.0000000000
69099  -30.320  2.256  -37.248 1.0000000000
69097  -28.765  1.509  -36.989 1.0000000000
70119  -31.746  3.089  -37.231 1.0000000000
70131  -30.589  2.851  -37.745 1.0000000000
70132  -31.197  3.043  -37.731 1.0000000000
71168  -32.457  3.480  -36.701 1.0000000000
71158  -35.349  3.628  -35.071 1.0000000000
71181  -32.202  4.019  -37.310 1.0000000000
71169  -32.971  4.128  -36.778 1.0000000000
72243  -36.075  4.228  -35.410 1.0000000000
72256  -35.016  5.285  -35.675 1.0000000000
72257  -35.860  5.140  -35.754 0.7777777910
69108  -26.589  1.552  -37.449 0.8888888955
69110  -28.465  1.984  -37.313 1.0000000000
71179  -30.838  3.468  -38.134 1.0000000000
70144  -28.765  2.927  -37.846 1.0000000000
71198  -30.224  4.087  -38.438 1.0000000000
140322  -32.194  4.829  -37.445 1.0000000000
73370  -33.928  5.465  -36.278 1.0000000000
74433  -34.504  5.766  -35.906 1.0000000000
73371  -35.268  5.874  -35.866 1.0000000000
73372  -36.011  5.783  -36.328 0.8888888955
137801  -35.470  6.408  -36.385 1.0000000000
73389  -36.630  5.530  -37.105 0.7777777910
73407  -37.271  5.000  -38.803 0.7777777910
71206  -26.943  3.787  -37.920 0.5555555820
72313  -28.090  5.434  -39.622 0.7777777910
72301  -27.718  4.880  -38.721 0.8888888955
72288  -30.532  4.840  -38.235 1.0000000000
72270  -31.039  4.164  -38.202 1.0000000000
73405  -30.485  5.602  -38.306 0.8888888955
125028  -31.873  6.069  -37.618 1.0000000000
75492  -34.267  7.136  -36.267 1.0000000000
74454  -35.664  6.733  -36.938 0.8888888955
75493  -35.016  7.181  -36.572 1.0000000000
74469  -35.597  7.203  -37.454 0.8888888955
74483  -36.424  6.445  -39.241 0.7777777910
73422  -37.469  5.274  -39.863 0.6666666865
74493  -36.628  6.349  -40.234 0.6666666865
73415  -25.913  5.777  -38.791 0.4444444478
73417  -27.426  5.432  -39.269 0.7777777910
73441  -27.357  6.232  -40.750 0.6666666865
74492  -29.405  6.342  -40.018 0.7777777910
74480  -30.524  6.392  -38.685 0.8888888955
74481  -31.145  6.913  -38.328 0.8888888955
74451  -33.105  6.483  -36.938 1.0000000000
75505  -31.713  7.456  -37.996 1.0000000000
132341  -32.348  7.897  -37.538 1.0000000000
75507  -34.229  7.949  -36.725 1.0000000000
76533  -34.518  8.534  -37.488 0.8888888955
75519  -35.590  7.642  -38.384 0.7777777910
75532  -35.683  7.563  -39.444 0.7777777910
73433  -37.212  5.770  -40.610 0.5555555820
75544  -35.740  7.370  -40.382 0.7777777910
75545  -36.292  6.697  -40.838 0.6666666865
74511  -27.081  6.908  -41.167 0.6666666865
74501  -26.675  6.468  -40.450 0.6666666865
75543  -29.115  6.883  -40.529 0.7777777910
75554  -28.211  7.076  -41.370 0.7777777910
75531  -29.968  7.377  -39.296 0.8888888955
75518  -30.996  7.812  -38.368 0.8888888955
76543  -30.202  8.171  -38.881 1.0000000000
76544  -30.973  8.810  -38.346 1.0000000000
76532  -32.492  8.883  -37.399 1.0000000000
76520  -33.463  8.321  -36.957 0.8888888955
77500  -34.189  9.242  -37.721 0.8888888955
126983  -34.936  9.174  -38.996 0.8888888955
76546  -35.309  8.394  -38.994 0.7777777910
129097  -33.911  9.845  -37.859 0.8888888955
77513  -34.385  9.668  -38.461 0.7777777910
76556  -34.991  8.749  -39.951 0.7777777910
76568  -35.295  7.910  -40.748 0.7777777910
134418  -35.843  7.089  -41.526 0.6666666865
147517  -26.643  7.554  -41.170 0.6666666865
74510  -26.265  7.136  -40.773 0.5555555820
128362  -27.849  7.626  -41.558 0.7777777910
75542  -28.284  7.675  -41.347 0.8888888955
76566  -29.227  8.437  -40.008 0.8888888955
77511  -30.286  9.275  -38.836 1.0000000000
136213  -32.313  9.957  -37.361 1.0000000000
77498  -32.940  9.393  -37.182 0.8888888955
77524  -34.545  9.664  -39.477 0.7777777910
77536  -34.495  9.461  -40.544 0.7777777910
76577  -34.823  8.477  -42.146 0.6666666865
76588  -34.964  7.481  -42.675 0.5555555820
124518  -35.514  7.074  -42.383 0.5555555820
76574  -26.552  8.229  -41.449 0.7777777910
130907  -25.720  8.546  -41.060 0.6666666865
76576  -28.103  8.401  -41.343 0.8888888955
77510  -29.661  9.846  -39.375 1.0000000000
131867  -30.262  10.069  -38.731 1.0000000000
79369  -31.838  11.437  -37.532 0.8888888955
78473  -32.606  10.849  -37.436 0.8888888955
79370  -32.574  11.638  -37.781 0.8888888955
139742  -33.920  10.233  -38.250 0.8888888955
78512  -34.134  10.385  -40.054 0.7777777910
78511  -33.785  10.870  -40.855 0.7777777910
78525  -34.087  10.100  -41.148 0.7777777910
76587  -34.301  8.087  -43.092 0.5555555820
80273  -33.321  12.301  -39.135 0.7777777910
77546  -33.928  9.862  -42.085 0.5555555820
76586  -33.635  8.693  -43.586 0.5555555820
79419  -33.364  11.393  -41.476 0.6666666865
77533  -23.033  9.848  -39.848 0.4444444478
77544  -25.305  9.273  -41.072 0.5555555820
134157  -26.824  10.155  -41.685 0.7777777910
77522  -28.975  10.106  -39.999 1.0000000000
77545  -27.376  9.900  -41.353 0.8888888955
78499  -29.297  10.724  -39.540 1.0000000000
78487  -29.905  10.687  -38.908 0.8888888955
136265  -30.722  12.216  -38.257 0.8888888955
79383  -31.011  11.483  -37.985 0.8888888955
130397  -31.473  12.074  -38.005 0.8888888955
79384  -33.012  12.182  -38.372 0.8888888955
133396  -33.542  11.584  -40.534 0.6666666865
142500  -33.485  10.306  -42.544 0.5555555820
79426  -24.588  12.009  -41.868 0.6666666865
78530  -25.169  10.696  -41.771 0.6666666865
80296  -27.152  12.099  -41.856 0.7777777910
140422  -28.401  11.890  -40.369 0.8888888955
80283  -28.233  12.475  -40.766 0.7777777910
80271  -28.601  12.396  -39.964 0.7777777910
80260  -29.802  12.260  -38.614 0.8888888955
81202  -29.500  13.042  -39.011 0.7777777910
80261  -31.565  12.897  -38.293 0.8888888955
81189  -31.183  13.795  -38.546 0.7777777910
81192  -33.055  12.889  -38.852 0.6666666865
124092  -30.180  14.961  -39.083 0.6666666865
82153  -32.316  14.526  -38.821 0.6666666865
81191  -32.778  13.705  -39.003 0.6666666865
81205  -33.204  13.035  -39.494 0.5555555820
83167  -31.619  15.850  -39.345 0.6666666865
82166  -32.684  14.583  -39.381 0.5555555820
81215  -32.888  13.648  -41.011 0.5555555820
124267  -33.150  11.108  -42.669 0.4444444478
82173  -32.760  14.602  -40.456 0.5555555820
81224  -22.429  13.608  -41.078 0.3333333433
81225  -23.387  13.423  -41.459 0.3333333433
80309  -24.839  12.800  -41.998 0.5555555820
129419  -25.341  12.274  -42.197 0.6666666865
81238  -25.748  13.823  -41.913 0.5555555820
138239  -27.286  12.964  -41.651 0.7777777910
81228  -27.919  13.134  -41.225 0.7777777910
143746  -27.703  14.386  -41.317 0.6666666865
81201  -29.153  13.666  -39.689 0.6666666865
82182  -28.123  13.878  -41.049 0.6666666865
82165  -29.387  14.446  -39.728 0.6666666865
129230  -29.417  15.271  -39.819 0.6666666865
83166  -29.851  16.096  -39.496 0.6666666865
128199  -30.708  16.062  -39.309 0.6666666865
141827  -32.550  15.205  -39.758 0.5555555820
83181  -32.490  15.579  -40.576 0.5555555820
125506  -32.219  15.794  -39.842 0.6666666865
82179  -22.938  14.157  -41.400 0.4444444478
142086  -22.337  14.369  -41.156 0.4444444478
81237  -23.736  14.181  -41.711 0.4444444478
131496  -23.935  14.936  -42.099 0.5555555820
82191  -25.411  14.489  -42.207 0.5555555820
82193  -26.247  14.770  -42.030 0.6666666865
81226  -26.608  14.391  -41.732 0.6666666865
82181  -27.052  14.680  -41.600 0.6666666865
83180  -28.824  14.705  -40.328 0.6666666865
83179  -28.453  15.305  -40.689 0.6666666865
134017  -29.055  16.072  -40.057 0.6666666865
85237  -30.935  17.497  -39.532 0.6666666865
85239  -32.013  17.086  -40.163 0.5555555820
84220  -32.211  16.432  -40.369 0.6666666865
83199  -24.349  15.584  -42.604 0.4444444478
144934  -26.012  15.814  -42.549 0.6666666865
82180  -26.502  15.051  -41.968 0.6666666865
136340  -26.875  16.138  -41.873 0.6666666865
82172  -27.669  14.964  -41.320 0.6666666865
83178  -27.661  15.708  -41.334 0.6666666865
84206  -29.570  16.875  -39.691 0.6666666865
67087  -28.745  0.098  -35.738 0.8888888955
67110  -28.287  -0.345  -37.880 1.0000000000
69086  -30.046  1.640  -36.830 1.0000000000
70107  -33.297  2.589  -35.360 1.0000000000
73429  -26.352  6.182  -39.556 0.5555555820
77484  -33.333  8.947  -37.145 0.8888888955
75552  -25.295  8.105  -40.574 0.5555555820
78519  -23.250  10.496  -40.448 0.5555555820
76575  -27.541  8.883  -41.381 0.7777777910
79396  -33.471  11.569  -38.777 0.8888888955
77532  -22.340  10.151  -39.586 0.2222222239
129418  -33.262  12.194  -41.033 0.6666666865
81214  -28.498  13.230  -40.389 0.7777777910
80299  -32.877  12.003  -42.106 0.4444444478
83201  -26.097  15.304  -42.361 0.6666666865
84239  -25.524  16.215  -42.759 0.6666666865
74500  -25.928  6.810  -39.978 0.4444444478
75540  -24.939  7.796  -39.851 0.4444444478
126382  -32.618  16.217  -41.879 0.5555555820
131420  -32.546  14.926  -42.112 0.5555555820
83187  -22.114  14.965  -41.042 0.2222222239
140427  -23.278  15.171  -41.828 0.3333333433
85253  -32.222  17.170  -40.860 0.5555555820
64130  -24.657  -3.632  -31.460 0.5555555820
64141  -25.953  -3.285  -32.259 0.5555555820
65067  -26.533  -2.639  -32.707 0.6666666865
66064  -27.890  -1.935  -33.909 0.5555555820
65087  -28.732  -1.881  -34.313 0.5555555820
67074  -32.422  -0.406  -34.944 0.7777777910
68055  -32.521  0.641  -34.761 0.8888888955
66075  -29.089  -1.454  -34.806 0.6666666865
66089  -30.410  -0.892  -35.278 0.6666666865
67090  -31.426  -0.366  -35.406 0.8888888955
69062  -34.279  0.996  -34.564 0.7777777910
69063  -35.241  0.833  -34.866 0.7777777910
71150  -35.858  2.729  -34.795 0.8888888955
144890  -22.401  -2.568  -30.314 0.4444444478
66032  -23.161  -1.369  -31.599 0.5555555820
67059  -23.888  -0.301  -33.514 0.2222222239
67085  -25.613  0.433  -35.082 0.6666666865
71170  -36.770  3.694  -35.773 0.8888888955
72259  -37.150  3.899  -36.611 0.6666666865
73390  -37.192  4.875  -37.812 0.7777777910
72289  -37.706  4.227  -38.536 0.6666666865
67106  -24.895  0.227  -38.006 0.5555555820
147552  -38.168  4.138  -39.182 0.6666666865
129113  -24.970  2.174  -38.048 0.4444444478
133807  -37.895  4.537  -39.462 0.5555555820
124520  -38.467  5.006  -42.173 0.5555555820
136464  -24.338  4.708  -37.058 0.2222222239
74516  -37.485  5.549  -41.824 0.5555555820
74491  -25.615  6.525  -39.116 0.4444444478
75555  -35.932  6.494  -42.680 0.5555555820
75516  -22.738  7.572  -38.216 0.3333333433
74522  -35.968  6.322  -43.563 0.5555555820
76572  -24.511  9.190  -40.396 0.4444444478
74531  -34.730  6.938  -44.771 0.4444444478
77521  -22.473  9.615  -39.153 0.3333333433
76593  -33.206  8.389  -44.589 0.5555555820
78534  -33.103  10.315  -43.416 0.4444444478
81213  -21.600  13.627  -40.560 0.3333333433
80293  -22.084  12.951  -40.778 0.3333333433
80294  -22.963  12.526  -41.136 0.4444444478
80312  -32.586  12.778  -42.811 0.4444444478
82194  -32.474  14.307  -42.647 0.4444444478
83202  -32.570  15.655  -42.458 0.2222222239
83197  -22.717  15.295  -41.450 0.3333333433
83200  -24.991  15.951  -42.842 0.6666666865
84229  -26.118  16.307  -42.550 0.6666666865
84218  -27.737  16.582  -41.280 0.6666666865
85249  -27.925  17.407  -41.171 0.6666666865
86256  -28.509  18.104  -40.836 0.6666666865
129860  -29.296  18.464  -40.482 0.6666666865
86251  -30.653  18.070  -39.787 0.6666666865
86252  -31.275  18.044  -39.901 0.6666666865
86260  -31.905  17.981  -41.076 0.4444444478
84240  -32.453  16.434  -42.623 0.3333333433
84251  -24.986  16.770  -43.162 0.5555555820
65065  -24.736  -2.303  -32.177 0.5555555820
65077  -25.734  -2.130  -33.210 0.6666666865
65054  -25.174  -2.948  -31.872 0.5555555820
65078  -27.237  -2.298  -33.248 0.6666666865
66062  -25.859  -1.794  -33.988 0.6666666865
66073  -27.276  -1.335  -34.621 0.7777777910
66074  -28.192  -1.377  -34.700 0.7777777910
68088  -30.355  1.240  -36.267 1.0000000000
68102  -28.412  0.859  -36.776 1.0000000000
141775  -29.439  0.518  -35.906 0.8888888955
67102  -28.101  0.029  -36.922 1.0000000000
69075  -32.868  1.891  -34.916 1.0000000000
69073  -31.391  1.304  -35.761 0.8888888955
68072  -31.788  0.324  -35.268 0.8888888955
64129  -23.655  -3.106  -31.178 0.4444444478
65041  -22.731  -2.609  -30.738 0.4444444478
65052  -23.414  -2.190  -31.380 0.5555555820
66033  -23.954  -1.884  -31.912 0.5555555820
66049  -24.294  -1.609  -32.700 0.6666666865
66084  -25.830  -0.395  -34.789 0.8888888955
66061  -25.207  -1.698  -33.854 0.5555555820
66086  -27.113  -0.195  -35.979 0.8888888955
68071  -31.168  0.548  -35.617 0.8888888955
68089  -30.883  1.294  -36.067 1.0000000000
69088  -31.143  1.928  -36.418 1.0000000000
133118  -31.532  2.463  -36.716 1.0000000000
70096  -34.661  1.932  -34.652 1.0000000000
127367  -33.680  3.409  -35.635 1.0000000000
66059  -23.936  -0.951  -33.020 0.5555555820
67060  -24.530  -0.245  -34.107 0.6666666865
67072  -25.174  -0.418  -34.415 0.8888888955
66048  -23.597  -1.138  -32.315 0.6666666865
66101  -26.821  -0.805  -36.993 1.0000000000
67100  -26.147  0.557  -36.289 0.8888888955
135299  -26.205  -0.557  -37.936 0.8888888955
66097  -26.560  0.001  -36.199 1.0000000000
67117  -27.511  0.071  -38.210 1.0000000000
67115  -25.705  0.006  -38.100 0.8888888955
69109  -27.478  1.378  -37.157 1.0000000000
69098  -29.707  2.011  -37.225 1.0000000000
69111  -29.290  2.449  -37.560 1.0000000000
70118  -31.030  2.473  -37.161 1.0000000000
140660  -32.794  3.099  -36.005 1.0000000000
70146  -30.133  3.282  -38.211 1.0000000000
141954  -33.102  3.687  -36.299 1.0000000000
71159  -36.307  3.339  -35.142 0.8888888955
122393  -34.422  4.015  -35.587 1.0000000000
72255  -33.513  4.773  -36.576 1.0000000000
73352  -34.310  4.852  -35.941 1.0000000000
72242  -35.183  4.567  -35.473 1.0000000000
72258  -36.592  4.534  -36.046 0.8888888955
72272  -36.961  4.707  -36.891 0.7777777910
70142  -27.018  2.296  -37.281 1.0000000000
130281  -26.047  2.281  -37.252 0.5555555820
68116  -25.172  0.651  -38.169 0.6666666865
70143  -27.963  2.594  -37.563 1.0000000000
69107  -25.484  1.382  -38.136 0.5555555820
136081  -29.485  3.719  -38.480 1.0000000000
71196  -28.205  3.443  -38.207 0.8888888955
73387  -31.725  5.359  -37.645 1.0000000000
73369  -33.321  5.550  -36.793 1.0000000000
74452  -33.911  6.390  -36.266 1.0000000000
74453  -34.703  6.504  -36.034 1.0000000000
147062  -36.484  6.069  -37.571 0.8888888955
73406  -36.871  5.599  -38.082 0.7777777910
71193  -25.535  3.827  -37.226 0.5555555820
140250  -25.555  2.892  -37.134 0.5555555820
72286  -26.316  4.270  -37.796 0.6666666865
72300  -27.000  4.689  -38.573 0.6666666865
133278  -26.746  3.008  -37.482 0.7777777910
71207  -27.628  3.961  -38.477 0.7777777910
144973  -27.678  5.592  -39.970 0.6666666865
73432  -29.235  5.893  -39.960 0.8888888955
72302  -28.445  5.060  -38.659 0.8888888955
73420  -29.852  5.978  -39.184 0.8888888955
143659  -28.806  4.017  -38.666 0.8888888955
71209  -29.271  4.672  -38.495 1.0000000000
74467  -31.768  6.708  -37.871 1.0000000000
75491  -33.572  7.425  -36.674 1.0000000000
75508  -35.025  7.870  -37.327 0.8888888955
74482  -36.064  6.886  -38.342 0.8888888955
134903  -36.502  6.238  -38.290 0.7777777910
126306  -36.831  5.695  -39.024 0.7777777910
75533  -36.128  6.938  -39.879 0.6666666865
72303  -38.481  4.594  -40.594 0.5555555820
74503  -36.842  6.147  -41.067 0.6666666865
73430  -27.193  5.831  -40.057 0.5555555820
73414  -25.124  5.986  -38.481 0.3333333433
73404  -25.457  5.275  -38.123 0.3333333433
73416  -26.726  5.578  -39.053 0.4444444478
74512  -27.840  6.602  -41.096 0.6666666865
74502  -29.003  6.276  -40.579 0.7777777910
75517  -30.506  7.192  -38.852 0.8888888955
146524  -32.229  7.178  -37.663 1.0000000000
76531  -31.707  8.364  -37.919 1.0000000000
76545  -34.768  8.918  -38.266 0.7777777910
76557  -35.367  7.970  -39.899 0.7777777910
74515  -36.574  6.179  -42.033 0.5555555820
128244  -29.152  7.702  -40.288 0.8888888955
77497  -31.675  9.354  -37.771 1.0000000000
76567  -34.845  8.599  -41.101 0.7777777910
76578  -35.329  7.839  -41.781 0.6666666865
75529  -24.569  7.449  -39.151 0.4444444478
76565  -28.630  8.447  -40.732 0.8888888955
77512  -30.955  9.881  -38.191 1.0000000000
144454  -31.916  10.711  -37.377 0.8888888955
78501  -34.152  10.341  -38.974 0.7777777910
77547  -34.452  9.305  -41.604 0.6666666865
75563  -34.579  7.254  -43.602 0.5555555820
75564  -35.289  6.705  -43.215 0.5555555820
76573  -25.098  8.718  -40.643 0.5555555820
77553  -27.019  9.556  -41.519 0.6666666865
124669  -28.040  9.184  -41.102 0.8888888955
78488  -30.596  10.720  -38.329 1.0000000000
79371  -33.189  11.304  -37.997 0.8888888955
79407  -33.576  11.645  -39.649 0.8888888955
77555  -34.143  9.035  -42.550 0.6666666865
80262  -32.557  12.977  -38.496 0.8888888955
77554  -33.541  9.604  -43.005 0.5555555820
77542  -23.840  9.878  -40.454 0.5555555820
77551  -25.681  9.992  -41.693 0.5555555820
131428  -27.908  10.150  -40.948 1.0000000000
78522  -27.454  10.648  -41.327 0.7777777910
144625  -26.092  10.288  -42.026 0.7777777910
79381  -29.445  11.475  -38.998 0.8888888955
79394  -28.384  11.265  -40.431 0.7777777910
77562  -33.041  9.435  -44.102 0.5555555820
79415  -23.383  11.746  -41.071 0.5555555820
135088  -24.744  11.286  -41.711 0.5555555820
79425  -23.777  12.067  -41.427 0.4444444478
79428  -26.150  11.462  -42.306 0.6666666865
134161  -26.445  12.123  -42.217 0.6666666865
79429  -26.701  11.410  -42.017 0.7777777910
77543  -24.721  10.059  -41.084 0.7777777910
78520  -23.899  10.575  -40.985 0.6666666865
80297  -27.751  12.378  -41.394 0.7777777910
79418  -27.634  11.776  -41.414 0.7777777910
81188  -30.444  13.041  -38.557 0.7777777910
81203  -30.087  13.989  -38.931 0.6666666865
81190  -32.115  13.752  -38.564 0.6666666865
82152  -31.737  14.398  -38.617 0.6666666865
83152  -30.954  15.439  -38.895 0.6666666865
83153  -31.736  15.083  -38.765 0.6666666865
81204  -33.017  13.799  -39.906 0.5555555820
81216  -33.201  12.992  -40.491 0.5555555820
80298  -32.645  13.402  -41.943 0.4444444478
79430  -32.609  11.900  -43.423 0.4444444478
146668  -32.636  14.990  -41.244 0.5555555820
80308  -23.970  12.700  -41.627 0.4444444478
122905  -24.309  13.487  -41.816 0.5555555820
80295  -26.670  13.552  -41.733 0.6666666865
81227  -27.336  13.876  -41.505 0.7777777910
84207  -30.410  16.845  -39.398 0.6666666865
84209  -31.860  16.546  -39.820 0.6666666865
82190  -24.629  14.312  -42.056 0.5555555820
127844  -25.572  15.229  -42.504 0.6666666865
84219  -28.377  16.234  -40.753 0.6666666865
128657  -28.915  16.800  -40.222 0.6666666865
85251  -29.238  17.657  -40.133 0.6666666865
76564  -24.728  8.449  -40.115 0.4444444478
78509  -22.599  10.602  -40.028 0.3333333433
74490  -24.799  6.697  -38.852 0.4444444478
75528  -23.792  7.658  -38.994 0.4444444478
131733  -32.451  14.864  -43.260 0.3333333433
85266  -32.172  17.513  -41.634 0.3333333433
68056  -33.170  -0.113  -34.613 0.6666666865
64117  -23.135  -3.443  -30.640 0.4444444478
64118  -23.796  -4.158  -30.899 0.5555555820
137056  -36.474  2.556  -35.101 0.7777777910
64116  -22.560  -3.223  -30.153 0.3333333433
65051  -22.527  -1.722  -31.035 0.4444444478
72273  -37.415  4.041  -37.527 0.6666666865
125263  -25.185  0.626  -36.939 0.7777777910
72285  -25.743  4.663  -37.751 0.3333333433
71192  -24.821  3.940  -36.909 0.3333333433
71191  -24.313  3.798  -36.488 0.1111111119
73403  -24.707  5.442  -37.744 0.1111111119
74488  -23.349  7.276  -38.309 0.4444444478
76554  -23.653  8.520  -39.183 0.3333333433
76563  -24.185  8.710  -39.774 0.3333333433
79414  -22.785  11.655  -40.721 0.3333333433
86258  -30.702  18.657  -40.374 0.6666666865
86259  -31.449  18.427  -40.601 0.4444444478
64146  -30.874  -3.893  -32.864 0.4444444478
64135  -33.144  -2.896  -31.146 0.2222222239
63144  -26.783  -4.588  -32.062 0.4444444478
63145  -27.419  -4.525  -32.303 0.4444444478
65068  -27.499  -2.914  -32.810 0.4444444478
65069  -28.331  -3.093  -33.062 0.4444444478
64154  -30.674  -3.501  -33.559 0.4444444478
65083  -32.512  -2.084  -33.622 0.4444444478
66051  -33.785  -1.830  -32.347 0.2222222239
65088  -29.490  -2.184  -34.526 0.4444444478
65089  -30.330  -2.429  -34.801 0.4444444478
65091  -31.787  -2.296  -34.292 0.4444444478
66053  -35.078  -1.014  -32.401 0.1111111119
67035  -36.541  -0.636  -31.726 0.1111111119
66078  -32.359  -1.753  -34.541 0.4444444478
66066  -34.236  -1.048  -34.192 0.3333333433
66076  -30.003  -1.665  -35.039 0.4444444478
124714  -31.713  -1.857  -35.010 0.4444444478
132788  -33.005  -1.534  -34.101 0.3333333433
67061  -34.976  -1.027  -34.810 0.3333333433
67048  -35.679  -0.502  -33.114 0.2222222239
123619  -32.283  -1.264  -35.000 0.4444444478
140018  -33.574  -1.090  -34.409 0.3333333433
66077  -30.978  -1.746  -35.229 0.5555555820
67073  -31.616  -1.273  -35.241 0.4444444478
146749  -36.649  -0.899  -34.997 0.2222222239
67078  -37.302  -0.794  -34.938 0.1111111119
67080  -39.071  -0.962  -35.443 0.1111111119
67093  -35.771  -0.833  -35.210 0.3333333433
67095  -36.867  -0.665  -35.436 0.3333333433
69077  -36.398  0.912  -35.585 0.5555555820
68090  -37.204  0.313  -36.666 0.6666666865
67111  -37.579  -1.059  -38.046 0.4444444478
70109  -36.744  1.905  -35.561 0.6666666865
67120  -39.334  -0.924  -39.038 0.3333333433
69089  -37.478  1.363  -36.711 0.6666666865
69100  -38.137  0.746  -38.013 0.5555555820
71171  -37.278  3.040  -36.335 0.6666666865
70133  -38.776  1.818  -38.027 0.5555555820
69112  -39.094  0.988  -38.566 0.5555555820
68121  -39.248  0.016  -38.923 0.4444444478
69113  -39.902  0.922  -39.445 0.3333333433
71182  -37.609  3.228  -37.150 0.5555555820
71210  -39.530  3.323  -39.708 0.4444444478
72290  -38.966  4.032  -40.012 0.5555555820
71200  -38.934  2.779  -38.573 0.4444444478
85265  -27.239  17.074  -41.673 0.5555555820
85264  -26.586  16.823  -42.218 0.5555555820
86265  -27.429  18.707  -41.836 0.5555555820
86266  -28.158  18.860  -41.290 0.5555555820
87239  -28.617  19.569  -41.339 0.5555555820
63147  -29.645  -4.671  -32.641 0.4444444478
65055  -32.840  -2.742  -31.914 0.2222222239
67047  -34.890  -0.795  -33.629 0.2222222239
67063  -36.897  -0.581  -34.261 0.2222222239
67064  -37.778  -0.489  -33.881 0.1111111119
67103  -37.099  -0.487  -36.369 0.4444444478
67096  -37.628  -0.924  -35.925 0.3333333433
68074  -36.336  -0.319  -35.544 0.4444444478
68104  -37.532  0.441  -37.433 0.6666666865
68105  -37.577  -0.433  -38.133 0.4444444478
70148  -40.521  2.101  -39.812 0.3333333433
71211  -40.596  2.983  -40.510 0.4444444478
73443  -38.562  5.312  -43.085 0.4444444478
86278  -25.933  18.204  -42.866 0.5555555820
86292  -25.701  18.559  -43.843 0.5555555820
65079  -28.800  -2.507  -33.730 0.4444444478
66104  -39.359  -2.462  -38.081 0.2222222239
87232  -29.809  19.078  -40.660 0.5555555820
62017  -27.397  -5.661  -31.500 0.4444444478
62025  -29.039  -5.202  -32.151 0.4444444478
63136  -29.935  -5.123  -32.117 0.4444444478
64133  -31.770  -3.717  -31.751 0.2222222239
144303  -32.880  -3.293  -30.844 0.2222222239
64120  -33.347  -3.311  -30.418 0.1111111119
63131  -24.612  -4.605  -31.141 0.4444444478
62016  -26.623  -5.555  -31.342 0.4444444478
146901  -34.058  -1.947  -31.824 0.1111111119
67034  -35.759  -0.899  -31.359 0.1111111119
65042  -33.838  -2.648  -30.835 0.1111111119
67020  -37.281  -0.787  -31.341 0.1111111119
124041  -38.001  -0.498  -32.803 0.1111111119
136514  -39.727  -0.778  -33.571 0.1111111119
67081  -40.126  -1.234  -35.130 0.1111111119
67098  -39.686  -1.667  -36.134 0.1111111119
68122  -40.289  -0.520  -39.334 0.1111111119
66108  -39.610  -2.108  -38.546 0.2222222239
69121  -40.500  1.155  -39.773 0.2222222239
69122  -41.136  1.376  -39.892 0.2222222239
131666  -40.013  4.189  -41.651 0.4444444478
73444  -39.516  4.831  -42.941 0.3333333433
73449  -39.817  5.097  -43.599 0.3333333433
132583  -37.388  5.672  -42.878 0.4444444478
73448  -39.139  5.402  -43.514 0.3333333433
136312  -23.330  11.102  -40.887 0.4444444478
76594  -33.851  7.835  -44.103 0.4444444478
84238  -24.162  16.296  -42.793 0.4444444478
87233  -30.445  19.322  -40.991 0.5555555820
85294  -24.986  17.526  -43.708 0.5555555820
86277  -25.349  17.717  -43.469 0.5555555820
86279  -26.699  18.507  -42.433 0.5555555820
87253  -27.226  19.432  -42.354 0.5555555820
88143  -28.427  20.175  -41.666 0.5555555820
147520  -25.071  18.504  -44.721 0.5555555820
63132  -25.463  -4.591  -31.508 0.4444444478
64132  -26.135  -4.255  -32.057 0.4444444478
64142  -26.864  -3.759  -32.431 0.4444444478
66090  -31.116  -0.941  -35.369 0.5555555820
67091  -31.915  -0.690  -35.237 0.5555555820
68058  -34.838  -0.254  -35.024 0.6666666865
70098  -36.205  1.897  -35.014 0.6666666865
71183  -38.199  2.550  -37.584 0.5555555820
139862  -38.506  3.691  -38.923 0.4444444478
74523  -36.712  6.005  -43.303 0.4444444478
81240  -32.493  13.639  -42.733 0.3333333433
126068  -27.984  -2.486  -33.261 0.4444444478
142731  -34.627  -0.788  -34.888 0.3333333433
67075  -33.913  -0.791  -34.549 0.3333333433
64145  -30.188  -4.136  -33.148 0.4444444478
143284  -31.846  -3.042  -32.801 0.4444444478
64147  -31.520  -3.571  -32.506 0.3333333433
64155  -31.329  -3.291  -33.207 0.4444444478
63148  -30.418  -4.505  -32.490 0.4444444478
64134  -32.482  -3.322  -31.341 0.3333333433
65056  -33.612  -2.340  -31.681 0.1111111119
63133  -26.371  -4.936  -31.636 0.4444444478
63134  -27.101  -5.065  -31.803 0.4444444478
64143  -27.791  -3.831  -32.683 0.4444444478
63135  -28.000  -5.071  -32.083 0.4444444478
63146  -28.785  -4.615  -32.601 0.4444444478
65080  -29.747  -2.945  -34.187 0.4444444478
135743  -29.409  -4.117  -33.114 0.4444444478
64153  -29.959  -3.581  -33.694 0.4444444478
65081  -30.480  -3.040  -34.286 0.4444444478
65082  -31.199  -2.894  -33.969 0.4444444478
65071  -32.458  -2.570  -32.754 0.4444444478
147237  -32.861  -2.136  -32.985 0.4444444478
65072  -33.169  -2.241  -32.466 0.2222222239
66065  -33.310  -1.750  -33.186 0.4444444478
66052  -34.410  -1.607  -32.050 0.1111111119
122615  -34.184  -1.313  -33.074 0.2222222239
67050  -37.302  -0.537  -32.202 0.1111111119
67019  -36.499  -0.854  -30.893 0.1111111119
67076  -35.656  -1.009  -35.066 0.3333333433
66080  -34.565  -0.899  -34.694 0.3333333433
67062  -35.569  -0.626  -34.199 0.2222222239
132178  -36.307  -0.424  -33.675 0.2222222239
67079  -38.418  -0.695  -34.662 0.1111111119
67097  -38.415  -1.365  -36.792 0.1111111119
67066  -39.487  -0.747  -34.390 0.1111111119
68073  -35.547  -0.350  -35.288 0.3333333433
68075  -36.851  0.211  -36.027 0.4444444478
68091  -37.289  -0.661  -37.502 0.4444444478
67112  -38.618  -1.486  -38.286 0.3333333433
67104  -37.421  -1.015  -37.320 0.4444444478
66099  -38.315  -1.503  -37.801 0.3333333433
137855  -40.048  -1.514  -39.043 0.1111111119
67119  -38.263  -0.768  -38.505 0.4444444478
69090  -38.038  1.609  -37.332 0.5555555820
70147  -39.560  1.897  -38.946 0.5555555820
68131  -39.981  0.213  -39.464 0.3333333433
71217  -40.977  3.513  -41.372 0.4444444478
86264  -26.854  17.733  -42.107 0.5555555820
85280  -26.001  17.343  -42.642 0.5555555820
87238  -27.942  19.592  -41.715 0.5555555820
67065  -38.806  -0.576  -33.488 0.1111111119
87264  -25.555  18.975  -44.608 0.5555555820
66091  -39.328  -2.297  -37.504 0.2222222239
62018  -28.366  -5.787  -31.564 0.4444444478
63137  -30.609  -4.762  -31.781 0.4444444478
63138  -31.329  -4.281  -31.224 0.2222222239
63149  -31.106  -4.161  -32.145 0.4444444478
62015  -25.878  -5.384  -31.175 0.4444444478
63121  -25.079  -5.209  -30.924 0.4444444478
66037  -34.981  -1.496  -31.483 0.1111111119
65057  -34.356  -2.058  -31.296 0.1111111119
130233  -38.171  -0.739  -31.844 0.1111111119
55227  -28.638  -11.910  -27.033 0.1111111119
57280  -25.029  -9.174  -27.781 0.3333333433
56279  -27.611  -10.857  -27.908 0.2222222239
55240  -28.126  -11.457  -27.573 0.2222222239
55241  -28.884  -11.100  -27.252 0.1111111119
56281  -29.135  -10.264  -27.421 0.1111111119
59568  -22.758  -7.202  -28.125 0.3333333433
58345  -23.596  -8.568  -27.575 0.3333333433
58346  -24.322  -8.939  -27.722 0.3333333433
58359  -26.471  -8.616  -28.902 0.3333333433
133942  -27.136  -8.613  -29.297 0.3333333433
56290  -27.859  -10.306  -28.308 0.2222222239
58360  -27.677  -8.911  -29.165 0.2222222239
57272  -28.546  -9.790  -28.121 0.2222222239
60860  -22.376  -6.160  -28.284 0.2222222239
141933  -22.639  -6.579  -28.396 0.2222222239
60849  -22.234  -6.761  -27.939 0.2222222239
59569  -23.479  -7.771  -28.109 0.3333333433
58356  -24.257  -8.144  -28.195 0.3333333433
58358  -25.684  -8.284  -28.631 0.3333333433
57285  -29.056  -9.026  -28.243 0.1111111119
61984  -23.014  -5.618  -29.255 0.2222222239
60871  -22.911  -6.127  -28.819 0.3333333433
61985  -23.576  -5.655  -29.579 0.3333333433
60872  -23.620  -6.183  -29.276 0.3333333433
61986  -24.184  -5.906  -29.709 0.3333333433
60889  -24.835  -6.166  -29.823 0.3333333433
59590  -23.927  -6.802  -29.091 0.3333333433
60874  -25.199  -6.570  -29.665 0.3333333433
59593  -26.725  -7.217  -30.188 0.3333333433
60875  -25.989  -6.785  -29.940 0.3333333433
59594  -27.818  -7.868  -30.039 0.3333333433
59608  -28.140  -7.409  -30.402 0.3333333433
59595  -28.561  -7.805  -29.875 0.3333333433
58376  -29.045  -8.154  -29.231 0.1111111119
59596  -29.362  -7.546  -29.561 0.2222222239
63106  -22.315  -3.934  -28.905 0.2222222239
63093  -22.666  -4.862  -29.277 0.2222222239
63119  -23.074  -4.730  -29.927 0.3333333433
61999  -24.779  -5.657  -30.243 0.3333333433
62000  -25.523  -5.703  -30.651 0.3333333433
60890  -25.574  -6.205  -30.220 0.3333333433
62002  -26.847  -6.172  -31.038 0.3333333433
60892  -27.100  -6.766  -30.692 0.3333333433
60906  -27.603  -6.312  -31.142 0.3333333433
59609  -28.927  -7.249  -30.235 0.3333333433
60876  -29.710  -6.879  -29.878 0.1111111119
135427  -22.581  -4.037  -29.709 0.3333333433
62001  -26.159  -5.958  -30.820 0.3333333433
60908  -29.001  -6.101  -31.233 0.3333333433
62019  -29.366  -5.604  -31.615 0.3333333433
62020  -30.148  -5.363  -31.402 0.3333333433
71212  -40.997  2.961  -40.781 0.2222222239
72316  -40.858  3.926  -41.764 0.2222222239
71218  -41.155  3.521  -41.182 0.2222222239
125972  -35.825  6.456  -44.237 0.3333333433
74533  -36.812  6.278  -44.157 0.2222222239
145529  -26.071  -9.574  -28.054 0.3333333433
57282  -26.534  -9.473  -28.431 0.3333333433
56280  -28.362  -10.655  -27.805 0.2222222239
57273  -29.461  -9.456  -27.601 0.1111111119
61974  -22.539  -5.528  -28.710 0.3333333433
59579  -23.245  -6.653  -28.741 0.3333333433
58372  -25.993  -7.780  -29.191 0.3333333433
58373  -26.763  -7.947  -29.643 0.3333333433
63120  -24.265  -4.982  -30.616 0.3333333433
62003  -29.705  -5.905  -30.980 0.3333333433
54191  -27.902  -12.182  -27.234 0.1111111119
54182  -29.120  -12.345  -26.456 0.1111111119
57267  -23.134  -8.948  -26.838 0.3333333433
57268  -23.797  -9.281  -27.096 0.3333333433
131441  -24.446  -9.961  -26.763 0.3333333433
56276  -25.037  -10.105  -26.902 0.3333333433
56277  -25.937  -10.422  -27.182 0.3333333433
56278  -26.860  -10.844  -27.607 0.3333333433
56267  -29.630  -10.706  -26.841 0.1111111119
58344  -22.820  -8.112  -27.335 0.3333333433
60859  -22.065  -6.216  -27.699 0.2222222239
57274  -30.323  -9.115  -27.185 0.1111111119
61973  -22.161  -5.478  -27.845 0.2222222239
58362  -29.456  -8.412  -28.442 0.1111111119
59597  -30.139  -7.176  -29.127 0.1111111119
60877  -30.468  -6.490  -29.456 0.1111111119
60895  -30.074  -6.240  -30.274 0.1111111119
63122  -30.770  -4.899  -30.903 0.1111111119
64079  -21.950  -3.009  -28.394 0.1111111119
72322  -40.307  4.938  -43.287 0.2222222239
75579  -35.720  7.180  -44.962 0.2222222239
75580  -36.434  6.942  -44.636 0.2222222239
65040  -22.263  -1.990  -30.361 0.2222222239
134884  -25.868  1.167  -35.854 0.5555555820
131838  -23.050  -4.082  -30.311 0.3333333433
145850  -23.582  -4.701  -30.387 0.4444444478
64098  -22.267  -3.186  -29.311 0.2222222239
74526  -39.759  5.154  -43.531 0.2222222239
55209  -29.854  -11.921  -26.043 0.1111111119
55239  -27.439  -11.512  -27.474 0.1111111119
57269  -24.558  -9.583  -27.209 0.3333333433
58357  -25.041  -8.510  -28.189 0.3333333433
57270  -25.537  -9.705  -27.590 0.3333333433
57271  -26.379  -10.038  -27.893 0.3333333433
134778  -23.507  -7.150  -28.595 0.3333333433
59567  -22.255  -7.386  -27.345 0.2222222239
57281  -25.765  -9.063  -28.242 0.3333333433
57283  -27.157  -9.263  -28.855 0.3333333433
59581  -25.100  -7.656  -28.754 0.3333333433
57284  -27.772  -9.658  -28.697 0.2222222239
58375  -28.233  -8.432  -29.455 0.2222222239
59580  -24.154  -7.390  -28.703 0.3333333433
58347  -29.784  -8.740  -27.767 0.1111111119
129479  -28.816  -8.638  -28.833 0.1111111119
63092  -22.357  -4.757  -28.481 0.2222222239
61998  -23.803  -5.298  -30.028 0.3333333433
60873  -24.411  -6.427  -29.474 0.3333333433
59591  -24.734  -6.927  -29.205 0.3333333433
127651  -26.234  -7.319  -29.730 0.3333333433
59607  -27.432  -7.349  -30.408 0.3333333433
58374  -27.475  -8.274  -29.669 0.3333333433
60891  -26.413  -6.523  -30.476 0.3333333433
142530  -28.477  -6.939  -30.662 0.3333333433
59582  -29.799  -7.817  -28.782 0.1111111119
60894  -29.188  -6.572  -30.665 0.3333333433
62004  -30.435  -5.595  -30.624 0.1111111119
54180  -27.695  -12.789  -26.633 0.1111111119
145130  -26.965  -11.478  -27.299 0.2222222239
57256  -24.003  -9.836  -26.676 0.3333333433
57255  -23.403  -9.590  -26.459 0.2222222239
56265  -24.423  -10.348  -26.450 0.3333333433
56266  -25.340  -10.763  -26.572 0.3333333433
55238  -26.352  -11.293  -26.873 0.3333333433
58343  -22.259  -8.019  -26.737 0.2222222239
72305  -41.324  4.084  -41.026 0.1111111119
72306  -41.574  3.700  -40.441 0.1111111119
73409  -40.705  4.923  -39.064 0.1111111119
72291  -41.317  4.433  -39.808 0.1111111119
74505  -39.846  5.885  -41.111 0.1111111119
74495  -39.551  6.171  -39.808 0.1111111119
74534  -37.759  6.211  -43.919 0.1111111119
74504  -39.113  6.504  -41.404 0.1111111119
75575  -38.390  6.214  -43.801 0.1111111119
75557  -38.521  7.043  -41.830 0.1111111119
77569  -32.726  9.019  -44.860 0.2222222239
75574  -37.549  6.668  -44.039 0.1111111119
125865  -37.918  7.053  -43.419 0.1111111119
78545  -32.327  10.691  -45.236 0.1111111119
79435  -32.486  11.087  -44.139 0.2222222239
80317  -32.317  12.492  -44.277 0.1111111119
77568  -32.602  9.832  -45.070 0.1111111119
127352  -31.839  11.570  -46.009 0.1111111119
85279  -25.340  16.930  -42.945 0.4444444478
128771  -32.346  13.996  -43.577 0.1111111119
85301  -24.374  18.213  -44.189 0.4444444478
140341  -32.212  14.349  -44.252 0.1111111119
87252  -26.399  19.049  -43.055 0.4444444478
86267  -31.486  18.669  -41.438 0.3333333433
86268  -31.812  18.106  -42.011 0.2222222239
84253  -32.023  16.606  -43.664 0.1111111119
122280  -32.329  15.751  -43.492 0.1111111119
83213  -31.737  15.834  -44.627 0.1111111119
87265  -26.227  19.605  -43.966 0.4444444478
88173  -25.897  20.512  -44.620 0.4444444478
89058  -26.212  21.337  -44.411 0.4444444478
88155  -26.946  20.068  -43.022 0.4444444478
88166  -27.284  21.024  -43.114 0.4444444478
88156  -27.876  20.564  -42.233 0.4444444478
88157  -28.677  20.696  -41.856 0.4444444478
89030  -29.267  20.925  -41.955 0.4444444478
88145  -29.957  20.496  -41.700 0.2222222239
88147  -30.802  20.195  -42.217 0.2222222239
87255  -31.051  19.444  -42.757 0.2222222239
87267  -31.164  18.882  -43.543 0.2222222239
86294  -31.081  18.131  -44.155 0.2222222239
92403  -31.036  25.289  -45.594 0.1111111119
89064  -30.920  21.796  -45.718 0.1111111119
86303  -30.466  17.889  -45.177 0.1111111119
87272  -23.391  19.752  -44.889 0.4444444478
88172  -23.247  20.009  -44.749 0.4444444478
87277  -23.412  19.636  -44.947 0.4444444478
88177  -24.603  20.564  -44.999 0.3333333433
88178  -25.334  20.566  -44.879 0.4444444478
135860  -26.501  22.202  -44.293 0.4444444478
89886  -27.144  22.667  -44.046 0.4444444478
89051  -27.470  21.795  -43.495 0.4444444478
89039  -27.978  21.587  -42.784 0.4444444478
89040  -28.653  21.292  -42.296 0.4444444478
89887  -27.651  23.673  -43.938 0.3333333433
89041  -29.243  21.656  -42.532 0.3333333433
89879  -29.649  22.200  -43.149 0.1111111119
88158  -30.305  20.861  -42.774 0.1111111119
88167  -30.413  20.963  -43.929 0.1111111119
143721  -30.485  20.257  -44.229 0.1111111119
142645  -30.680  20.721  -45.409 0.1111111119
88164  -23.241  20.182  -44.507 0.2222222239
89899  -24.266  22.179  -44.792 0.3333333433
89900  -25.049  22.352  -44.827 0.3333333433
89052  -27.940  22.488  -43.409 0.4444444478
89888  -28.455  23.240  -43.384 0.2222222239
89890  -30.220  22.556  -43.963 0.1111111119
90712  -29.211  24.185  -44.104 0.1111111119
90703  -28.938  23.598  -43.504 0.1111111119
90720  -29.947  24.349  -44.889 0.1111111119
138109  -30.763  22.810  -45.159 0.1111111119
90721  -30.595  23.792  -45.146 0.1111111119
89898  -23.854  21.873  -44.565 0.3333333433
89892  -23.848  22.803  -44.427 0.3333333433
137093  -23.397  23.610  -43.240 0.3333333433
90709  -24.417  24.908  -44.230 0.3333333433
89894  -25.389  23.579  -44.775 0.3333333433
89895  -26.304  23.570  -44.622 0.3333333433
90710  -27.026  25.044  -44.590 0.2222222239
90711  -28.065  24.650  -43.923 0.2222222239
126576  -28.521  25.093  -44.397 0.1111111119
92404  -29.725  26.381  -45.253 0.1111111119
91582  -30.723  25.358  -45.636 0.1111111119
94056  -29.506  28.046  -44.536 0.1111111119
141343  -23.798  23.348  -40.287 0.1111111119
89869  -24.465  24.021  -40.856 0.1111111119
90700  -24.378  25.315  -43.129 0.2222222239
90701  -25.069  25.332  -42.515 0.2222222239
91559  -24.690  25.642  -44.240 0.3333333433
142963  -25.898  25.596  -43.097 0.2222222239
90718  -25.732  25.128  -45.277 0.3333333433
91560  -25.305  25.974  -44.054 0.3333333433
91562  -27.211  25.435  -43.902 0.2222222239
92399  -27.796  26.193  -43.930 0.1111111119
93242  -27.747  27.168  -43.808 0.1111111119
93243  -27.972  26.714  -44.255 0.1111111119
92401  -28.617  26.291  -44.696 0.1111111119
91577  -29.365  25.734  -45.072 0.1111111119
94059  -29.171  27.534  -44.749 0.1111111119
93249  -30.264  26.270  -45.621 0.1111111119
92402  -30.627  26.018  -45.521 0.1111111119
91580  -31.596  24.688  -45.273 0.1111111119
89857  -24.633  23.575  -39.984 0.1111111119
89859  -26.530  22.980  -40.253 0.1111111119
90691  -25.029  24.592  -41.463 0.1111111119
123417  -26.825  23.697  -40.987 0.1111111119
92368  -28.379  25.653  -41.769 0.1111111119
91550  -28.029  25.136  -42.319 0.1111111119
90702  -26.906  25.028  -42.953 0.2222222239
124324  -28.222  26.370  -42.271 0.1111111119
92396  -27.893  25.890  -42.889 0.1111111119
94855  -27.446  28.426  -42.746 0.1111111119
94858  -27.473  28.854  -43.722 0.1111111119
131603  -26.703  30.272  -44.148 0.1111111119
94861  -27.892  29.140  -44.393 0.1111111119
90682  -28.021  23.708  -40.506 0.1111111119
90674  -28.547  23.758  -39.898 0.1111111119
91528  -28.887  24.518  -40.062 0.1111111119
91537  -28.464  24.961  -40.970 0.1111111119
93229  -29.072  27.056  -40.844 0.1111111119
93228  -28.708  26.311  -41.253 0.1111111119
94035  -28.622  28.065  -41.091 0.1111111119
94856  -27.792  28.821  -41.680 0.1111111119
92358  -29.964  25.640  -39.690 0.1111111119
91530  -30.322  25.188  -39.108 0.1111111119
134596  -29.587  27.039  -40.153 0.1111111119
72292  -41.663  3.970  -39.363 0.1111111119
73435  -40.635  5.035  -42.106 0.1111111119
73423  -40.447  5.356  -40.782 0.1111111119
73408  -40.051  5.497  -38.718 0.1111111119
76603  -36.189  7.556  -44.616 0.1111111119
76597  -37.187  7.519  -43.602 0.1111111119
76602  -35.526  8.060  -44.936 0.1111111119
80319  -31.996  12.090  -45.458 0.1111111119
85302  -24.891  18.129  -44.308 0.4444444478
87240  -29.904  19.790  -41.264 0.4444444478
87241  -30.671  19.933  -41.586 0.3333333433
85281  -31.590  18.246  -43.078 0.2222222239
85282  -32.116  17.341  -42.663 0.1111111119
85295  -31.602  17.431  -43.849 0.1111111119
82208  -32.106  14.497  -44.967 0.1111111119
88174  -26.305  20.492  -44.240 0.4444444478
87266  -30.716  19.565  -43.807 0.2222222239
89053  -30.201  21.650  -43.486 0.1111111119
89059  -30.550  21.801  -44.656 0.1111111119
88179  -31.018  20.318  -46.146 0.1111111119
135733  -25.868  22.345  -44.584 0.3333333433
91563  -27.686  25.670  -43.634 0.1111111119
145453  -28.346  24.215  -40.551 0.1111111119
139335  -27.997  27.818  -41.960 0.1111111119
126322  -26.682  29.808  -43.275 0.1111111119
94036  -29.288  27.866  -40.239 0.1111111119
93206  -30.175  26.634  -39.604 0.1111111119
73391  -39.825  5.413  -37.606 0.1111111119
73392  -40.384  5.033  -38.210 0.1111111119
75582  -34.382  7.607  -44.958 0.2222222239
77561  -32.524  9.946  -44.741 0.2222222239
126502  -32.322  12.867  -44.805 0.1111111119
85293  -24.623  17.499  -43.561 0.4444444478
86308  -24.992  19.164  -45.027 0.4444444478
89050  -26.801  21.409  -43.916 0.4444444478
135261  -28.638  22.139  -42.863 0.4444444478
89878  -29.110  22.692  -43.038 0.2222222239
90681  -27.409  23.252  -40.349 0.1111111119
89853  -28.112  22.557  -39.305 0.1111111119
91529  -29.673  24.836  -39.597 0.1111111119
146968  -28.805  25.674  -40.866 0.1111111119
93220  -29.400  26.195  -40.366 0.1111111119
72260  -40.445  4.534  -37.312 0.1111111119
71213  -41.525  3.029  -40.437 0.1111111119
135240  -41.841  3.370  -39.866 0.1111111119
72274  -40.979  4.535  -38.606 0.1111111119
73374  -39.635  5.242  -36.642 0.1111111119
72261  -39.911  4.508  -36.081 0.1111111119
74472  -39.375  6.099  -37.884 0.1111111119
74494  -38.787  6.825  -40.017 0.1111111119
135553  -38.168  7.631  -39.767 0.1111111119
75565  -37.993  7.517  -42.288 0.1111111119
76595  -35.843  8.501  -44.374 0.1111111119
76596  -36.523  8.016  -43.924 0.1111111119
76590  -37.425  7.995  -42.603 0.1111111119
77571  -35.098  9.085  -44.953 0.1111111119
77570  -34.496  9.816  -45.308 0.1111111119
79443  -32.138  11.438  -46.043 0.1111111119
80322  -32.153  12.027  -45.640 0.1111111119
81253  -32.636  12.975  -44.943 0.1111111119
123362  -31.087  15.975  -45.583 0.1111111119
82212  -31.980  14.850  -45.402 0.1111111119
86290  -23.938  18.540  -43.771 0.4444444478
86301  -23.903  18.956  -44.594 0.4444444478
143205  -31.599  16.897  -46.311 0.1111111119
86311  -30.900  18.480  -46.379 0.1111111119
143745  -23.279  20.885  -43.696 0.2222222239
136093  -23.392  20.918  -44.137 0.3333333433
89049  -23.102  21.817  -43.397 0.2222222239
134039  -23.160  22.724  -43.512 0.2222222239
124879  -31.097  21.151  -46.096 0.1111111119
89855  -22.860  22.649  -40.838 0.1111111119
89877  -23.717  24.299  -42.593 0.2222222239
91585  -31.874  24.101  -45.297 0.1111111119
91581  -32.168  24.157  -44.905 0.1111111119
89856  -23.106  22.755  -39.956 0.1111111119
89020  -24.015  22.640  -38.516 0.1111111119
89852  -27.303  22.530  -39.677 0.1111111119
92397  -30.864  25.962  -44.000 0.1111111119
89842  -27.665  22.206  -38.929 0.1111111119
89844  -29.201  22.764  -38.374 0.1111111119
140774  -25.908  31.213  -43.815 0.1111111119
142844  -27.243  31.867  -44.937 0.1111111119
95597  -29.137  30.379  -44.682 0.1111111119
94859  -29.406  29.269  -44.554 0.1111111119
90666  -29.526  23.607  -38.669 0.1111111119
91524  -29.949  24.476  -38.899 0.1111111119
94849  -28.722  28.966  -40.023 0.1111111119
95589  -27.250  30.553  -41.192 0.1111111119
94032  -29.956  27.617  -39.586 0.1111111119
75581  -33.729  7.844  -45.006 0.1111111119
88144  -29.172  20.236  -41.500 0.4444444478
73445  -40.401  4.905  -43.163 0.1111111119
139174  -32.060  11.833  -44.762 0.2222222239
87279  -25.055  19.960  -45.030 0.4444444478
74517  -39.407  6.154  -42.795 0.1111111119
74485  -39.411  6.198  -38.783 0.1111111119
75547  -38.324  7.371  -40.633 0.1111111119
76604  -33.650  8.800  -45.233 0.1111111119
79445  -32.654  10.802  -46.103 0.1111111119
78550  -33.899  10.093  -45.869 0.1111111119
82205  -32.362  13.711  -44.629 0.1111111119
83212  -31.697  15.222  -45.304 0.1111111119
89031  -29.821  20.982  -42.216 0.2222222239
88146  -30.496  20.550  -42.065 0.2222222239
87254  -30.578  20.243  -43.164 0.1111111119
86293  -30.654  18.811  -44.512 0.2222222239
85303  -30.870  17.363  -44.720 0.1111111119
90724  -31.394  23.936  -45.482 0.1111111119
92406  -30.556  25.863  -45.636 0.1111111119
90723  -31.009  23.642  -45.589 0.1111111119
142695  -31.394  23.195  -45.529 0.1111111119
148111  -31.200  21.881  -45.887 0.1111111119
85310  -30.823  17.683  -46.158 0.1111111119
84262  -30.593  16.904  -45.993 0.1111111119
124975  -30.440  18.804  -45.356 0.2222222239
87275  -30.519  19.620  -44.850 0.2222222239
89893  -24.552  23.485  -44.676 0.3333333433
89889  -29.541  23.120  -43.573 0.2222222239
90713  -30.080  23.498  -44.401 0.1111111119
91578  -30.074  25.214  -45.480 0.1111111119
89056  -23.445  22.084  -44.083 0.3333333433
89885  -23.511  23.230  -43.942 0.3333333433
139371  -23.217  23.352  -42.392 0.1111111119
90699  -24.029  24.741  -43.530 0.3333333433
91574  -25.239  25.781  -45.249 0.3333333433
91576  -26.287  25.899  -45.165 0.2222222239
91570  -28.323  25.677  -44.486 0.1111111119
93247  -29.772  26.628  -44.962 0.1111111119
93248  -30.040  26.557  -45.294 0.1111111119
94060  -29.484  27.208  -44.746 0.1111111119
93244  -30.209  26.651  -44.600 0.1111111119
89849  -23.878  23.222  -39.372 0.1111111119
89868  -23.599  23.549  -41.482 0.1111111119
90690  -24.352  24.593  -41.966 0.1111111119
90692  -26.225  24.491  -41.918 0.1111111119
91575  -25.837  26.062  -45.390 0.3333333433
91568  -25.939  26.226  -45.094 0.2222222239
122810  -27.880  25.224  -43.732 0.1111111119
93236  -27.826  26.549  -43.307 0.1111111119
94055  -27.883  27.899  -44.147 0.1111111119
93246  -28.916  26.963  -44.804 0.1111111119
128789  -29.084  28.610  -44.770 0.1111111119
94862  -28.317  29.681  -44.839 0.1111111119
90680  -25.598  23.807  -40.715 0.1111111119
89858  -25.660  22.979  -40.049 0.1111111119
145349  -27.543  23.836  -40.984 0.1111111119
89851  -26.146  22.436  -39.660 0.1111111119
90693  -27.256  24.333  -41.808 0.1111111119
140120  -27.928  24.382  -41.420 0.1111111119
91549  -27.561  24.952  -42.729 0.1111111119
94052  -27.845  27.225  -42.738 0.1111111119
94051  -27.625  27.818  -43.497 0.1111111119
139626  -27.047  29.596  -42.362 0.1111111119
95596  -26.130  31.278  -44.472 0.1111111119
95598  -26.940  30.715  -44.736 0.1111111119
90673  -28.048  23.114  -39.803 0.1111111119
90675  -29.218  24.040  -39.376 0.1111111119
92369  -29.237  25.279  -40.239 0.1111111119
71202  -42.046  3.389  -39.010 0.1111111119
76605  -34.351  8.334  -45.101 0.1111111119
84252  -31.255  16.644  -44.740 0.1111111119
143680  -30.902  19.577  -46.117 0.1111111119
88182  -31.269  19.887  -46.243 0.1111111119
95592  -26.116  31.097  -42.660 0.1111111119
138973  -29.376  28.614  -39.383 0.1111111119
74457  -39.307  5.954  -37.029 0.1111111119
90665  -28.742  23.119  -39.171 0.1111111119
77574  -34.372  9.275  -45.563 0.1111111119
79444  -33.295  10.909  -45.967 0.1111111119
84260  -30.888  16.198  -46.010 0.1111111119
87283  -31.059  19.194  -46.391 0.1111111119
89065  -31.700  21.584  -46.013 0.1111111119
89023  -22.368  21.805  -40.280 0.1111111119
89902  -31.693  22.518  -45.748 0.1111111119
89850  -24.957  22.836  -39.427 0.1111111119
139999  -26.436  32.228  -44.661 0.1111111119
95599  -27.778  30.868  -45.001 0.1111111119
94851  -28.184  29.301  -40.740 0.1111111119
121966  -27.900  30.755  -39.630 0.1111111119
95588  -26.170  32.560  -41.460 0.1111111119
55223  -24.073  -10.648  -26.070 0.2222222239
68084  -24.040  1.872  -34.813 0.2222222239
69105  -23.917  1.915  -37.982 0.2222222239
67084  -25.028  1.046  -35.062 0.3333333433
68115  -24.511  0.830  -38.032 0.4444444478
68114  -24.254  1.309  -38.023 0.3333333433
84249  -24.231  16.991  -43.171 0.3333333433
84236  -23.385  16.317  -42.173 0.2222222239
124134  -23.094  18.824  -41.933 0.1111111119
127944  -23.383  20.245  -43.101 0.1111111119
87251  -23.616  19.208  -42.881 0.2222222239
79413  -22.089  12.217  -40.569 0.2222222239
79405  -22.150  11.367  -40.169 0.1111111119
67071  -24.503  0.612  -34.387 0.2222222239
79403  -20.631  12.239  -39.586 0.1111111119
82171  -21.210  14.389  -40.121 0.1111111119
82159  -20.962  15.090  -39.598 0.1111111119
143299  -22.509  16.885  -40.563 0.1111111119
86263  -23.206  18.568  -41.034 0.1111111119
87237  -23.232  19.293  -41.299 0.1111111119
88142  -22.973  20.888  -41.999 0.1111111119
83188  -22.170  15.595  -40.966 0.1111111119
68047  -23.213  0.405  -33.167 0.2222222239
147085  -24.940  0.267  -34.503 0.3333333433
74479  -24.368  6.226  -38.117 0.2222222239
137466  -22.751  15.967  -41.476 0.1111111119
73402  -23.879  5.603  -37.350 0.1111111119
127321  -23.606  6.537  -37.809 0.3333333433
85278  -23.776  17.281  -42.758 0.3333333433
86276  -23.689  18.203  -42.746 0.3333333433
68068  -24.297  1.282  -34.593 0.2222222239
137803  -22.942  16.625  -41.296 0.1111111119
85277  -23.388  16.982  -41.924 0.1111111119
85263  -23.276  17.842  -41.627 0.1111111119
144081  -21.190  15.390  -39.501 0.1111111119
84228  -22.386  16.252  -40.825 0.1111111119
84217  -22.216  16.688  -40.168 0.1111111119
85262  -22.876  17.288  -40.863 0.1111111119
83177  -22.098  15.796  -40.304 0.1111111119
66092  -40.391  -3.047  -37.018 0.1111111119
55225  -25.619  -11.606  -26.177 0.1111111119
132573  -22.981  -10.891  -25.177 0.1111111119
56263  -23.072  -9.916  -25.908 0.1111111119
58335  -22.505  -8.644  -26.442 0.1111111119
65039  -22.196  -1.491  -30.106 0.1111111119
69084  -24.035  2.245  -35.149 0.1111111119
69085  -24.607  2.330  -35.675 0.1111111119
68085  -24.775  1.804  -35.392 0.1111111119
148036  -22.970  8.547  -38.839 0.2222222239
76553  -23.044  9.102  -39.290 0.2222222239
147305  -21.908  9.357  -38.718 0.2222222239
77509  -21.311  9.548  -38.370 0.2222222239
56250  -22.692  -10.261  -25.343 0.1111111119
70129  -24.802  2.638  -36.775 0.1111111119
133684  -25.061  3.025  -36.944 0.1111111119
55194  -22.957  -11.487  -24.661 0.1111111119
124033  -24.182  -11.215  -25.761 0.1111111119
55208  -24.862  -11.636  -25.806 0.1111111119
55206  -22.269  -10.730  -24.693 0.1111111119
57240  -22.455  -9.602  -25.448 0.1111111119
57253  -22.205  -8.971  -25.661 0.1111111119
59558  -21.836  -7.460  -26.513 0.1111111119
66001  -22.196  -1.753  -29.792 0.1111111119
141118  -22.306  -0.709  -30.879 0.1111111119
69059  -22.970  2.018  -33.688 0.1111111119
76542  -21.730  8.635  -38.267 0.2222222239
77507  -20.451  10.318  -37.803 0.2222222239
78496  -20.634  11.184  -38.705 0.1111111119
55226  -27.132  -12.068  -26.987 0.1111111119
54164  -24.384  -12.114  -25.311 0.1111111119
77519  -20.991  10.369  -38.528 0.2222222239
78497  -21.282  10.870  -39.172 0.1111111119
67028  -22.918  -0.543  -31.899 0.1111111119
75526  -22.484  8.186  -38.442 0.2222222239
132214  -24.525  3.045  -36.593 0.1111111119
66031  -22.206  -1.248  -30.625 0.1111111119
61957  -21.915  -5.868  -27.165 0.1111111119
123281  -21.937  -5.075  -26.890 0.1111111119
66000  -22.170  -1.948  -29.604 0.1111111119
56264  -23.711  -10.154  -26.220 0.1111111119
57254  -22.781  -9.308  -26.133 0.1111111119
55224  -24.710  -11.017  -26.136 0.1111111119
68053  -23.514  1.445  -34.035 0.1111111119
128135  -22.442  -0.875  -31.187 0.1111111119
68037  -22.603  0.971  -32.789 0.1111111119
56251  -23.469  -10.619  -25.723 0.1111111119
55207  -23.617  -11.407  -25.216 0.1111111119
56249  -22.115  -9.966  -24.842 0.1111111119
76541  -21.021  8.987  -37.918 0.1111111119
57239  -21.945  -9.295  -24.959 0.1111111119
58333  -21.334  -8.187  -25.433 0.1111111119
65984  -22.083  -2.171  -28.980 0.1111111119
65985  -22.198  -1.519  -28.613 0.1111111119
78482  -20.225  11.222  -37.795 0.1111111119
78483  -20.232  11.557  -38.285 0.1111111119
80282  -21.358  12.837  -40.393 0.1111111119
75515  -22.136  7.619  -37.828 0.1111111119
80270  -20.230  12.686  -39.381 0.1111111119
81212  -20.839  13.590  -40.022 0.1111111119
54167  -29.528  -12.738  -25.812 0.1111111119
55228  -29.391  -11.498  -26.639 0.1111111119
56289  -27.192  -10.113  -28.322 0.2222222239
58361  -28.305  -9.122  -28.818 0.1111111119
59592  -25.558  -7.108  -29.444 0.3333333433
60893  -27.809  -6.907  -30.774 0.3333333433
60907  -28.390  -6.462  -31.050 0.3333333433
63107  -23.202  -5.258  -29.651 0.2222222239
63139  -31.978  -3.801  -31.040 0.2222222239
64119  -32.594  -3.750  -30.539 0.2222222239
64131  -25.488  -3.793  -31.858 0.5555555820
64144  -28.601  -3.979  -32.930 0.4444444478
64148  -32.178  -3.194  -32.190 0.4444444478
64152  -29.186  -3.393  -33.430 0.4444444478
65070  -31.839  -2.676  -33.432 0.4444444478
65090  -31.085  -2.435  -34.743 0.4444444478
66060  -24.570  -1.170  -33.600 0.7777777910
66063  -26.795  -1.788  -33.971 0.6666666865
66071  -25.475  -1.202  -34.290 0.8888888955
66079  -33.650  -1.335  -33.830 0.3333333433
66087  -28.467  -0.800  -35.276 0.7777777910
66096  -26.217  0.226  -35.400 1.0000000000
66098  -27.587  -0.903  -37.196 1.0000000000
66100  -40.263  -3.360  -37.958 0.2222222239
66102  -27.575  -1.124  -37.837 1.0000000000
66103  -28.045  -0.828  -38.030 1.0000000000
67046  -23.360  -0.390  -32.724 0.2222222239
67049  -36.470  -0.446  -32.676 0.2222222239
67077  -36.226  -0.878  -34.795 0.3333333433
67086  -27.783  -0.006  -35.971 0.8888888955
67089  -30.755  -0.065  -35.536 0.8888888955
67092  -35.188  -0.948  -35.084 0.3333333433
67094  -36.219  -0.852  -35.115 0.2222222239
67101  -26.287  -0.547  -37.202 1.0000000000
67107  -25.574  -0.198  -37.685 0.7777777910
67109  -27.605  -0.706  -38.124 1.0000000000
67116  -26.775  -0.179  -38.186 0.8888888955
67118  -28.064  -0.383  -38.127 1.0000000000
68046  -23.223  1.022  -33.513 0.1111111119
68054  -23.860  0.701  -33.965 0.2222222239
68057  -34.033  0.004  -34.573 0.6666666865
68070  -30.150  0.627  -35.854 0.8888888955
68086  -25.611  1.470  -36.171 0.1111111119
68087  -29.569  1.088  -36.392 1.0000000000
68100  -25.286  1.873  -36.587 0.4444444478
68101  -24.469  0.676  -37.737 0.4444444478
68117  -26.136  0.528  -38.204 0.6666666865
68118  -26.926  0.478  -38.103 1.0000000000
68119  -28.209  -0.025  -37.802 1.0000000000
68120  -38.387  0.089  -38.459 0.5555555820
69061  -33.285  1.042  -34.539 0.8888888955
69064  -35.883  1.193  -35.082 0.5555555820
69072  -23.866  1.953  -34.759 0.1111111119
69074  -32.081  1.481  -35.237 0.8888888955
69076  -35.868  0.390  -35.365 0.5555555820
69078  -37.044  1.137  -36.082 0.6666666865
69087  -30.612  1.824  -36.667 1.0000000000
69095  -24.443  2.569  -35.813 0.1111111119
69096  -25.018  2.212  -36.999 0.2222222239
69106  -24.596  1.500  -38.195 0.5555555820
70097  -35.504  1.945  -34.738 1.0000000000
70105  -31.726  2.063  -36.084 1.0000000000
70110  -37.221  2.108  -36.172 0.6666666865
70120  -32.083  2.774  -36.429 1.0000000000
70121  -37.664  2.344  -36.844 0.5555555820
70130  -29.945  2.679  -37.706 1.0000000000
70140  -24.367  2.997  -36.257 0.1111111119
70141  -24.123  2.153  -38.011 0.1111111119
70145  -29.455  3.111  -38.052 1.0000000000
71149  -35.021  2.765  -34.763 1.0000000000
71157  -34.504  3.352  -35.147 1.0000000000
71160  -36.896  2.802  -35.585 0.7777777910
71180  -31.517  3.622  -37.859 1.0000000000
71190  -23.910  3.708  -36.068 0.1111111119
71194  -26.182  3.322  -37.395 0.5555555820
71195  -27.477  3.228  -37.816 0.7777777910
71197  -28.868  3.558  -38.418 1.0000000000
71199  -38.021  3.430  -38.013 0.5555555820
71201  -39.824  2.580  -39.539 0.4444444478
71208  -28.271  4.027  -38.688 0.8888888955
72241  -33.654  4.152  -36.198 1.0000000000
72254  -32.812  4.773  -37.080 1.0000000000
72271  -31.670  4.459  -37.796 1.0000000000
72275  -41.341  3.941  -38.188 0.1111111119
72284  -25.094  4.673  -37.417 0.2222222239
72287  -29.881  5.178  -38.420 1.0000000000
72299  -26.198  5.026  -38.420 0.3333333433
72304  -40.365  3.622  -41.010 0.4444444478
72314  -39.090  4.610  -41.852 0.4444444478
72315  -40.136  4.570  -42.616 0.3333333433
72317  -40.916  3.906  -41.694 0.2222222239
72323  -40.532  4.599  -42.276 0.2222222239
73386  -31.076  5.071  -37.955 1.0000000000
73388  -32.511  5.641  -37.323 1.0000000000
73418  -28.748  5.579  -39.438 0.7777777910
73419  -29.217  5.451  -38.736 0.8888888955
73421  -36.925  5.948  -39.783 0.6666666865
73424  -40.895  4.937  -40.194 0.1111111119
73431  -28.691  5.863  -40.347 0.8888888955
73434  -37.991  5.164  -41.073 0.5555555820
73436  -40.978  4.505  -41.540 0.1111111119
73442  -27.948  5.858  -40.536 0.6666666865
73450  -40.208  5.008  -43.544 0.3333333433
74455  -36.105  6.226  -36.930 1.0000000000
74466  -31.146  6.049  -37.919 1.0000000000
74468  -32.391  6.555  -37.467 1.0000000000
74470  -36.108  6.589  -37.562 0.8888888955
74489  -24.060  6.961  -38.558 0.4444444478
74499  -25.213  7.105  -39.595 0.4444444478
74513  -28.477  6.402  -40.904 0.7777777910
74514  -28.642  6.910  -41.012 0.7777777910
74518  -39.993  5.267  -43.406 0.2222222239
74524  -37.946  5.787  -43.760 0.3333333433
74525  -39.264  5.727  -43.540 0.2222222239
74532  -35.012  6.665  -44.125 0.3333333433
74535  -38.823  5.712  -43.593 0.1111111119
74536  -35.421  6.734  -44.766 0.2222222239
74537  -36.245  6.717  -44.551 0.3333333433
74538  -36.915  6.633  -44.251 0.2222222239
74539  -34.913  7.180  -45.012 0.2222222239
75506  -32.811  7.300  -37.208 1.0000000000
75520  -35.995  7.106  -39.075 0.7777777910
75527  -23.148  7.946  -38.670 0.3333333433
75530  -29.549  7.103  -39.872 0.8888888955
75539  -24.284  8.075  -39.557 0.4444444478
75541  -25.577  7.458  -40.329 0.5555555820
75553  -25.957  7.807  -41.027 0.6666666865
75561  -27.370  8.184  -41.588 0.7777777910
75562  -27.884  8.103  -41.557 0.8888888955
75566  -38.597  6.603  -43.045 0.1111111119
75571  -33.599  7.730  -44.865 0.4444444478
75572  -34.296  7.279  -44.455 0.4444444478
75573  -36.863  7.115  -44.364 0.1111111119
75578  -34.157  7.317  -44.989 0.2222222239
75583  -35.039  7.798  -44.999 0.2222222239
76519  -33.008  8.143  -37.108 1.0000000000
76521  -33.861  8.766  -37.175 0.8888888955
76534  -35.094  8.325  -38.044 0.7777777910
76552  -22.437  8.920  -38.759 0.2222222239
76555  -29.575  7.940  -39.564 0.8888888955
76562  -23.736  9.215  -39.784 0.4444444478
76584  -26.079  9.138  -41.453 0.6666666865
76585  -26.833  8.978  -41.450 0.7777777910
76600  -32.961  9.194  -45.134 0.1111111119
76601  -33.142  8.322  -44.970 0.1111111119
76606  -34.917  8.559  -45.085 0.1111111119
77483  -33.054  8.761  -37.115 0.8888888955
77499  -33.511  9.535  -37.411 0.8888888955
77508  -20.709  9.839  -37.983 0.2222222239
77520  -21.725  10.073  -39.053 0.2222222239
77523  -29.672  8.824  -39.440 0.8888888955
77534  -28.511  9.587  -40.551 1.0000000000
77535  -29.122  9.218  -40.029 1.0000000000
77552  -26.429  9.823  -41.746 0.5555555820
77572  -32.861  9.849  -45.453 0.1111111119
77573  -33.492  9.689  -45.653 0.1111111119
77575  -32.945  10.191  -46.157 0.1111111119
78465  -20.285  10.904  -37.698 0.1111111119
78472  -31.637  10.190  -37.583 1.0000000000
78474  -33.418  10.415  -37.730 0.8888888955
78489  -31.325  10.795  -37.658 0.8888888955
78490  -33.670  10.820  -38.470 0.8888888955
78498  -28.780  10.813  -40.037 1.0000000000
78500  -33.841  11.000  -39.334 0.8888888955
78508  -21.942  10.724  -39.634 0.1111111119
78510  -28.401  10.495  -40.484 1.0000000000
78521  -24.550  10.821  -41.299 0.6666666865
78523  -27.845  11.085  -40.996 0.7777777910
78524  -33.608  10.598  -41.765 0.6666666865
78531  -25.845  10.763  -42.095 0.6666666865
78532  -26.420  10.669  -42.019 0.7777777910
78533  -26.962  10.709  -41.681 0.7777777910
78539  -32.262  10.688  -44.825 0.1111111119
78540  -32.640  10.271  -44.265 0.2222222239
78548  -32.555  10.519  -45.527 0.1111111119
78549  -33.227  10.327  -46.150 0.1111111119
79377  -19.912  12.049  -37.852 0.1111111119
79382  -30.222  11.457  -38.481 0.8888888955
79395  -28.801  11.541  -39.742 0.8888888955
79404  -21.266  12.036  -40.032 0.1111111119
79406  -28.067  11.816  -40.950 0.7777777910
79416  -24.012  11.358  -41.362 0.5555555820
79417  -27.282  11.307  -41.588 0.7777777910
79427  -25.426  11.529  -42.079 0.6666666865
79440  -31.877  11.440  -45.602 0.2222222239
79442  -31.961  11.312  -46.062 0.1111111119
80249  -32.195  12.233  -38.009 0.8888888955
80269  -19.853  12.795  -38.886 0.1111111119
80272  -29.030  12.280  -39.172 0.8888888955
80281  -20.651  12.792  -39.885 0.1111111119
80284  -33.396  12.298  -40.049 0.5555555820
80310  -25.599  12.893  -42.092 0.5555555820
80311  -26.163  13.015  -42.031 0.6666666865
81198  -20.070  13.491  -39.367 0.1111111119
81229  -32.903  12.829  -41.552 0.5555555820
81239  -26.183  14.084  -41.812 0.5555555820
81250  -32.394  13.248  -43.870 0.1111111119
82151  -31.027  14.688  -38.670 0.6666666865
82164  -28.707  14.080  -40.395 0.6666666865
82188  -22.590  14.716  -41.359 0.3333333433
82189  -23.166  14.740  -41.653 0.3333333433
82192  -25.940  14.669  -42.185 0.6666666865
82204  -32.084  15.006  -44.409 0.1111111119
83168  -32.297  15.235  -39.152 0.5555555820
83176  -21.643  15.109  -40.369 0.1111111119
83189  -26.394  15.628  -42.247 0.6666666865
83190  -26.931  15.336  -41.729 0.6666666865
83191  -32.595  15.625  -41.536 0.5555555820
83198  -23.494  15.666  -42.083 0.4444444478
84208  -31.234  16.724  -39.473 0.6666666865
84230  -32.479  16.872  -41.766 0.5555555820
84237  -23.836  16.678  -42.727 0.2222222239
84250  -24.622  16.770  -43.083 0.4444444478
84257  -30.663  16.872  -45.533 0.1111111119
85236  -30.133  17.591  -39.636 0.6666666865
85238  -31.581  17.320  -39.789 0.5555555820
85250  -28.437  17.158  -40.699 0.6666666865
85252  -31.802  17.720  -40.309 0.5555555820
85292  -24.143  17.652  -43.540 0.4444444478
85306  -30.452  17.469  -45.763 0.1111111119
85311  -31.492  17.916  -46.540 0.1111111119
86257  -29.977  18.311  -40.074 0.6666666865
86291  -25.195  18.180  -44.341 0.5555555820
86302  -24.461  18.692  -44.758 0.4444444478
86306  -23.771  19.257  -44.862 0.4444444478
86307  -24.152  19.202  -45.023 0.4444444478
86309  -30.364  18.173  -45.965 0.1111111119
87231  -28.930  18.975  -40.908 0.5555555820
87234  -31.039  19.114  -41.103 0.5555555820
87242  -31.177  19.440  -41.860 0.3333333433
87263  -23.627  19.470  -44.016 0.4444444478
87273  -25.562  19.788  -44.808 0.5555555820
87274  -25.953  19.808  -44.513 0.4444444478
87278  -24.336  19.817  -45.082 0.4444444478
87280  -30.681  19.658  -45.703 0.1111111119
87284  -31.523  19.431  -46.249 0.1111111119
88165  -26.693  20.525  -43.667 0.4444444478
88176  -23.724  20.374  -44.944 0.3333333433
89042  -29.818  21.456  -42.761 0.2222222239
89057  -25.597  21.372  -44.715 0.4444444478
89061  -23.690  20.998  -44.454 0.3333333433
89062  -24.116  21.231  -44.847 0.3333333433
89063  -24.829  21.362  -44.914 0.3333333433
89896  -26.915  24.043  -44.416 0.3333333433
89901  -31.138  22.583  -45.616 0.1111111119
90708  -23.808  24.109  -43.859 0.3333333433
90715  -24.069  23.921  -44.312 0.3333333433
90716  -24.738  24.881  -44.700 0.3333333433
90717  -25.120  24.673  -44.972 0.3333333433
90719  -26.400  25.313  -45.165 0.3333333433
90725  -31.871  23.384  -45.478 0.1111111119
91561  -26.333  25.858  -44.107 0.2222222239
91566  -24.877  25.743  -44.875 0.3333333433
91567  -25.289  26.081  -45.102 0.3333333433
91569  -26.820  25.502  -44.444 0.2222222239
91571  -29.208  24.980  -44.758 0.1111111119
91579  -30.684  24.547  -45.480 0.1111111119
91583  -31.053  24.607  -45.634 0.1111111119
91584  -31.349  24.556  -45.431 0.1111111119
92405  -30.177  25.917  -45.833 0.1111111119
93245  -28.152  27.255  -44.382 0.1111111119
94044  -28.487  27.080  -41.701 0.1111111119
94058  -28.507  27.810  -44.587 0.1111111119
94061  -29.710  27.123  -44.753 0.1111111119
95595  -25.862  31.914  -44.326 0.1111111119
96357  -26.793  31.510  -44.987 0.1111111119
97114  -26.872  32.281  -44.844 0.1111111119
122067  -26.674  32.417  -44.620 0.1111111119
123132  -31.445  18.808  -42.317 0.2222222239
124631  -37.119  -0.383  -33.229 0.2222222239
124690  -25.188  13.619  -42.021 0.5555555820
126049  -27.668  18.010  -41.428 0.5555555820
127011  -21.840  14.368  -40.750 0.4444444478
127052  -40.026  5.649  -39.604 0.1111111119
127180  -28.885  12.929  -39.589 0.7777777910
127293  -35.902  -0.671  -32.246 0.1111111119
127447  -22.998  19.730  -42.092 0.1111111119
127812  -32.450  16.331  -41.138 0.5555555820
128320  -20.484  10.728  -38.116 0.2222222239
128345  -27.227  -7.758  -30.054 0.3333333433
129335  -40.047  5.566  -42.476 0.1111111119
130513  -30.710  18.951  -46.069 0.1111111119
130869  -25.909  12.181  -42.337 0.6666666865
130884  -33.005  -0.939  -34.691 0.3333333433
131697  -36.463  5.191  -36.370 0.7777777910
131725  -24.869  15.086  -42.520 0.5555555820
132500  -29.982  6.644  -39.358 0.8888888955
133478  -32.976  10.080  -37.291 0.8888888955
134909  -26.949  -0.850  -35.174 0.8888888955
135398  -29.290  19.534  -41.147 0.5555555820
135425  -32.189  22.862  -45.467 0.1111111119
135944  -32.583  14.193  -41.708 0.5555555820
135955  -28.098  -4.452  -32.520 0.4444444478
136025  -21.495  11.307  -39.718 0.1111111119
136748  -22.817  11.034  -40.467 0.4444444478
137243  -28.257  14.534  -40.898 0.6666666865
137504  -27.936  1.040  -37.013 1.0000000000
138234  -26.229  31.618  -44.677 0.1111111119
138814  -28.802  30.058  -44.931 0.1111111119
138821  -33.806  11.109  -40.095 0.8888888955
139360  -28.750  7.476  -40.846 0.7777777910
139786  -25.697  15.720  -42.615 0.6666666865
139791  -26.734  12.740  -41.928 0.7777777910
140783  -23.101  21.183  -42.913 0.2222222239
142193  -24.099  2.221  -37.750 0.1111111119
142308  -23.525  5.438  -37.008 0.1111111119
143414  -30.217  15.580  -39.284 0.6666666865
144109  -35.483  6.485  -43.749 0.5555555820
144435  -27.268  7.619  -41.512 0.7777777910
144688  -26.352  17.931  -42.504 0.5555555820
144756  -31.356  18.852  -42.916 0.2222222239
144830  -27.715  7.190  -41.455 0.6666666865
146145  -28.736  28.531  -44.720 0.1111111119
146934  -23.944  1.185  -34.226 0.1111111119
147265  -32.791  -1.311  -34.568 0.4444444478
