#!ascii label  , from subject sub-v1s20x0050343_ses-1 vox2ras=TkReg
1290
62629  -36.403  11.493  13.035 0.0000000000
59622  -47.951  8.057  1.767 0.0000000000
67554  -45.977  18.649  17.683 0.0000000000
60349  -43.779  8.661  8.698 0.0000000000
61090  -44.142  9.540  15.999 0.0000000000
88994  -42.971  15.864  7.145 0.0000000000
68904  -48.337  21.871  1.841 0.0000000000
70367  -41.534  24.713  8.066 0.0000000000
60223  -39.836  8.770  21.855 0.0000000000
61146  -38.911  9.947  9.474 0.0000000000
97530  -42.457  12.134  6.507 0.0000000000
65166  -38.444  15.427  9.441 0.0000000000
102312  -48.720  22.439  13.598 0.0000000000
67645  -48.589  19.363  9.797 0.0000000000
68833  -48.518  21.594  9.518 0.0000000000
69427  -43.770  22.595  5.511 0.0000000000
71342  -45.340  26.370  8.869 0.0000000000
63391  -47.806  12.035  1.427 0.0000000000
64503  -36.712  14.095  17.202 0.0000000000
65146  -40.523  15.355  15.372 0.0000000000
59549  -46.595  7.770  12.455 0.0000000000
61125  -42.427  9.759  12.076 0.0000000000
58783  -39.010  6.720  12.927 0.0000000000
58741  -39.852  5.981  17.659 0.0000000000
63992  -47.140  13.741  5.635 0.0000000000
65236  -44.367  15.581  1.320 0.0000000000
67632  -42.239  19.077  10.743 0.0000000000
68311  -43.961  20.367  4.741 0.0000000000
99952  -42.533  18.873  -1.288 0.0000000000
68355  -41.874  20.628  -0.010 0.0000000000
68893  -40.006  21.431  3.772 0.0000000000
61936  -36.859  10.722  10.637 0.0000000000
95944  -38.236  12.993  9.068 0.0000000000
63956  -37.209  13.659  11.543 0.0000000000
70799  -49.014  25.457  12.324 0.0000000000
69362  -49.722  21.702  11.448 0.0000000000
70343  -49.171  24.424  10.579 0.0000000000
92211  -46.291  23.664  10.140 0.0000000000
105081  -48.050  10.000  1.718 0.0000000000
65138  -35.070  15.679  15.918 0.0000000000
65128  -38.305  15.492  17.191 0.0000000000
61109  -43.686  10.136  13.957 0.0000000000
59548  -41.021  8.056  12.853 0.0000000000
59531  -41.501  7.459  14.434 0.0000000000
58712  -39.748  6.896  20.028 0.0000000000
59499  -34.074  6.795  17.148 0.0000000000
61895  -33.418  10.784  16.582 0.0000000000
61085  -31.873  9.808  16.981 0.0000000000
60365  -46.738  9.140  7.535 0.0000000000
64556  -42.382  14.321  6.791 0.0000000000
63354  -45.535  13.015  5.900 0.0000000000
64563  -45.085  14.724  5.834 0.0000000000
64577  -46.122  14.771  3.577 0.0000000000
65216  -42.931  15.926  4.108 0.0000000000
66971  -42.258  17.566  15.613 0.0000000000
66998  -40.425  18.349  13.153 0.0000000000
67599  -43.964  19.568  13.535 0.0000000000
98474  -48.738  20.349  5.030 0.0000000000
68287  -45.536  20.479  6.414 0.0000000000
88488  -45.719  20.505  3.512 0.0000000000
67741  -43.176  19.231  0.828 0.0000000000
68346  -44.655  20.608  -0.201 0.0000000000
68369  -42.736  20.183  -2.518 0.0000000000
68911  -45.061  21.852  -0.494 0.0000000000
69404  -42.680  22.845  7.256 0.0000000000
69437  -41.652  22.520  4.348 0.0000000000
69414  -40.319  22.698  6.392 0.0000000000
68879  -38.683  21.466  5.502 0.0000000000
69920  -39.626  23.522  7.386 0.0000000000
61148  -40.555  9.462  8.987 0.0000000000
61176  -42.560  9.905  6.555 0.0000000000
62640  -40.070  10.828  7.952 0.0000000000
63975  -40.395  13.587  7.546 0.0000000000
65169  -40.761  15.779  8.161 0.0000000000
103430  -48.367  19.880  16.967 0.0000000000
67602  -47.153  19.489  13.409 0.0000000000
67605  -49.588  19.948  13.122 0.0000000000
68257  -50.692  20.104  8.950 0.0000000000
68873  -49.547  21.312  5.503 0.0000000000
88762  -46.317  22.515  3.246 0.0000000000
89083  -46.237  22.145  6.817 0.0000000000
69913  -44.336  23.218  8.921 0.0000000000
70845  -42.983  25.054  8.762 0.0000000000
64033  -46.506  14.188  -0.236 0.0000000000
62615  -37.591  11.289  15.767 0.0000000000
64511  -38.518  13.962  14.256 0.0000000000
63921  -39.645  13.423  17.026 0.0000000000
65116  -41.101  15.661  17.722 0.0000000000
66949  -43.285  17.908  18.702 0.0000000000
68210  -41.551  20.834  16.263 0.0000000000
68201  -45.385  20.222  17.746 0.0000000000
60337  -45.161  8.701  10.705 0.0000000000
61135  -45.082  9.758  11.881 0.0000000000
61142  -43.470  9.108  10.569 0.0000000000
60335  -40.659  9.210  10.617 0.0000000000
60324  -38.623  8.639  11.169 0.0000000000
61078  -44.906  9.811  17.713 0.0000000000
60227  -42.829  9.099  21.325 0.0000000000
59481  -42.837  7.815  19.177 0.0000000000
89645  -41.918  6.928  16.976 0.0000000000
58053  -38.893  5.618  15.417 0.0000000000
61107  -36.116  9.673  14.709 0.0000000000
60390  -48.920  9.464  5.623 0.0000000000
61187  -44.400  10.500  6.068 0.0000000000
62667  -48.095  11.553  5.624 0.0000000000
62679  -49.268  11.718  4.163 0.0000000000
64591  -49.402  13.911  1.557 0.0000000000
65239  -48.885  15.002  -0.242 0.0000000000
65257  -45.840  15.776  -1.506 0.0000000000
65768  -38.496  16.268  12.435 0.0000000000
66393  -40.212  17.842  10.144 0.0000000000
66401  -41.949  17.981  7.998 0.0000000000
67634  -44.754  19.656  10.458 0.0000000000
67669  -43.415  19.848  7.543 0.0000000000
66427  -42.303  17.852  5.559 0.0000000000
101340  -42.326  17.212  2.866 0.0000000000
65851  -43.451  16.370  -0.389 0.0000000000
65876  -44.033  15.953  -2.823 0.0000000000
69461  -43.071  22.216  2.343 0.0000000000
68344  -40.761  20.419  1.562 0.0000000000
67739  -38.165  19.278  1.399 0.0000000000
67718  -36.952  19.229  3.342 0.0000000000
68296  -37.182  19.979  5.471 0.0000000000
62631  -36.467  11.458  11.967 0.0000000000
63317  -36.916  12.206  10.839 0.0000000000
63953  -37.110  13.175  12.243 0.0000000000
70344  -49.523  24.828  10.986 0.0000000000
70358  -47.954  25.019  9.952 0.0000000000
104956  -48.426  9.161  2.274 0.0000000000
61098  -43.901  9.812  14.971 0.0000000000
94871  -42.573  8.750  14.293 0.0000000000
60302  -42.799  8.474  15.170 0.0000000000
58739  -33.498  6.648  17.999 0.0000000000
60282  -33.048  8.784  17.163 0.0000000000
60350  -45.022  8.586  8.945 0.0000000000
101289  -44.693  8.691  8.200 0.0000000000
65191  -42.897  15.174  7.172 0.0000000000
90184  -43.385  14.508  6.484 0.0000000000
65192  -43.486  15.381  6.677 0.0000000000
65200  -44.463  15.216  5.540 0.0000000000
65207  -43.140  16.050  5.271 0.0000000000
66973  -43.926  18.260  16.313 0.0000000000
67579  -43.114  19.116  14.721 0.0000000000
67567  -44.035  18.977  15.366 0.0000000000
68327  -48.983  20.966  3.088 0.0000000000
88723  -47.716  20.435  4.093 0.0000000000
87816  -47.423  21.094  1.547 0.0000000000
68337  -45.399  20.516  1.239 0.0000000000
68348  -46.447  21.416  -0.100 0.0000000000
68921  -45.585  21.783  -0.562 0.0000000000
69473  -46.400  22.245  0.057 0.0000000000
69910  -41.805  23.931  8.080 0.0000000000
69403  -41.774  22.958  7.121 0.0000000000
69402  -40.847  23.034  7.055 0.0000000000
69401  -39.955  22.995  7.123 0.0000000000
96321  -40.062  23.953  7.541 0.0000000000
61147  -39.695  9.731  9.325 0.0000000000
61947  -40.385  10.032  8.285 0.0000000000
61945  -39.353  10.861  8.510 0.0000000000
63961  -38.247  13.809  9.252 0.0000000000
63324  -39.309  12.988  8.101 0.0000000000
64535  -39.444  14.363  8.367 0.0000000000
65179  -40.673  15.084  7.900 0.0000000000
65781  -39.723  16.086  8.912 0.0000000000
68798  -48.770  21.029  15.284 0.0000000000
67585  -48.933  19.971  15.191 0.0000000000
68805  -49.438  20.747  13.571 0.0000000000
68822  -49.615  21.530  10.352 0.0000000000
68824  -50.336  20.572  10.408 0.0000000000
98238  -49.937  21.108  8.656 0.0000000000
68863  -50.198  20.867  6.936 0.0000000000
68862  -49.569  21.254  7.751 0.0000000000
68872  -48.516  21.641  6.047 0.0000000000
68860  -47.391  21.638  8.131 0.0000000000
99479  -45.390  24.907  9.568 0.0000000000
69379  -45.146  22.838  9.156 0.0000000000
102951  -44.825  24.309  9.537 0.0000000000
100950  -43.545  24.050  9.068 0.0000000000
70846  -43.789  25.581  8.845 0.0000000000
64023  -47.372  13.709  0.469 0.0000000000
63284  -37.882  12.008  17.110 0.0000000000
63285  -38.786  12.175  16.009 0.0000000000
63934  -38.437  12.782  17.292 0.0000000000
66347  -39.170  17.043  16.741 0.0000000000
65723  -39.658  15.591  17.608 0.0000000000
66338  -40.553  16.721  17.712 0.0000000000
65726  -42.245  16.418  18.267 0.0000000000
66948  -41.801  18.061  17.849 0.0000000000
93988  -41.031  21.945  14.859 0.0000000000
92204  -43.512  20.731  16.943 0.0000000000
68794  -43.907  21.716  15.298 0.0000000000
68768  -46.090  21.233  16.484 0.0000000000
69350  -44.673  22.493  13.972 0.0000000000
60330  -47.298  8.065  11.232 0.0000000000
60329  -46.109  8.695  11.866 0.0000000000
61128  -45.282  10.726  12.168 0.0000000000
99733  -43.743  10.221  11.880 0.0000000000
61134  -43.497  9.670  11.243 0.0000000000
61141  -42.754  9.509  10.910 0.0000000000
61140  -41.436  9.267  10.649 0.0000000000
61132  -42.095  9.534  11.313 0.0000000000
59547  -40.288  7.774  12.615 0.0000000000
59554  -39.938  8.269  11.939 0.0000000000
59553  -39.078  8.052  11.781 0.0000000000
60225  -41.358  8.946  21.683 0.0000000000
59480  -41.413  7.270  19.349 0.0000000000
58734  -41.401  6.824  18.475 0.0000000000
94907  -42.095  6.983  17.925 0.0000000000
58742  -40.447  6.205  17.199 0.0000000000
58759  -40.380  6.263  15.679 0.0000000000
58043  -39.285  5.659  16.406 0.0000000000
61906  -36.487  10.214  15.452 0.0000000000
101627  -35.691  9.323  15.902 0.0000000000
59602  -48.118  8.531  5.743 0.0000000000
61963  -42.814  10.756  6.313 0.0000000000
61177  -43.579  10.076  6.414 0.0000000000
61964  -43.656  11.034  6.114 0.0000000000
91175  -46.514  13.624  6.014 0.0000000000
63355  -46.684  12.799  5.766 0.0000000000
63993  -47.617  12.835  5.394 0.0000000000
63358  -48.678  11.831  5.085 0.0000000000
64002  -48.489  12.735  4.289 0.0000000000
97401  -49.751  11.951  3.336 0.0000000000
64007  -48.060  13.586  4.204 0.0000000000
99256  -46.314  15.324  1.919 0.0000000000
65226  -47.348  15.360  1.368 0.0000000000
65237  -46.516  15.574  1.001 0.0000000000
87470  -46.679  15.457  -0.990 0.0000000000
65246  -45.867  15.771  -0.595 0.0000000000
65144  -39.065  14.957  14.174 0.0000000000
65150  -38.665  15.267  13.511 0.0000000000
65761  -39.500  16.294  13.721 0.0000000000
67008  -41.141  19.017  11.796 0.0000000000
67012  -39.823  18.214  11.730 0.0000000000
67018  -41.510  18.576  10.252 0.0000000000
66397  -41.117  17.733  9.077 0.0000000000
67023  -42.074  18.593  9.152 0.0000000000
67627  -47.900  19.432  11.572 0.0000000000
67625  -45.784  19.507  11.499 0.0000000000
101809  -46.256  19.653  9.768 0.0000000000
68299  -44.637  20.503  5.079 0.0000000000
68269  -44.693  20.452  7.039 0.0000000000
68285  -43.689  20.252  6.206 0.0000000000
67685  -42.752  19.285  6.307 0.0000000000
67698  -42.779  19.273  5.474 0.0000000000
66433  -42.333  17.325  4.306 0.0000000000
67060  -42.723  18.663  3.251 0.0000000000
67081  -42.613  18.619  -0.444 0.0000000000
66461  -42.497  17.708  0.303 0.0000000000
66469  -42.407  17.831  -0.843 0.0000000000
65858  -42.848  16.935  -1.274 0.0000000000
65866  -42.749  16.976  -2.350 0.0000000000
65875  -42.521  16.571  -3.684 0.0000000000
66475  -42.090  18.538  -2.735 0.0000000000
68363  -42.842  20.391  -1.603 0.0000000000
67769  -41.928  20.087  -3.120 0.0000000000
69440  -45.196  22.506  4.133 0.0000000000
69451  -44.676  22.495  2.232 0.0000000000
90773  -43.309  22.602  3.866 0.0000000000
68894  -40.681  21.738  3.530 0.0000000000
68895  -41.391  21.931  3.233 0.0000000000
68322  -40.315  21.026  3.201 0.0000000000
67740  -39.137  19.596  1.192 0.0000000000
67728  -39.057  19.775  2.149 0.0000000000
67727  -38.065  19.347  2.275 0.0000000000
68320  -38.946  20.470  3.770 0.0000000000
68869  -38.263  21.624  6.271 0.0000000000
102310  -37.801  20.511  5.408 0.0000000000
68868  -37.502  21.137  6.454 0.0000000000
68283  -36.129  20.246  6.508 0.0000000000
61937  -37.390  10.819  9.949 0.0000000000
62637  -38.160  11.575  9.126 0.0000000000
62636  -37.557  11.561  9.697 0.0000000000
96653  -37.684  12.993  9.738 0.0000000000
64530  -37.472  14.574  10.167 0.0000000000
87435  -49.229  21.785  13.124 0.0000000000
70329  -49.419  24.223  12.099 0.0000000000
69888  -49.525  23.101  11.011 0.0000000000
69886  -48.379  22.967  10.559 0.0000000000
69366  -47.455  22.428  10.295 0.0000000000
69885  -47.281  23.300  10.422 0.0000000000
70830  -47.077  25.247  9.703 0.0000000000
62699  -48.897  11.675  1.407 0.0000000000
64502  -36.006  14.547  16.802 0.0000000000
89943  -37.471  14.463  17.345 0.0000000000
65731  -36.936  15.857  16.369 0.0000000000
61116  -42.657  9.821  12.827 0.0000000000
60320  -41.988  9.297  12.644 0.0000000000
60311  -42.281  9.057  13.445 0.0000000000
59540  -41.276  7.699  13.627 0.0000000000
101362  -40.188  6.821  13.637 0.0000000000
59467  -39.528  7.326  20.670 0.0000000000
58011  -37.891  5.756  19.203 0.0000000000
60284  -34.531  8.154  16.476 0.0000000000
96246  -34.681  8.910  16.531 0.0000000000
60283  -33.918  8.625  16.881 0.0000000000
61086  -32.799  9.543  16.949 0.0000000000
63345  -42.174  12.797  6.556 0.0000000000
63347  -43.562  12.486  6.125 0.0000000000
63983  -43.660  13.433  6.143 0.0000000000
63984  -45.029  14.407  6.094 0.0000000000
92300  -45.863  14.548  5.542 0.0000000000
64578  -47.073  14.508  3.957 0.0000000000
65201  -45.212  14.943  5.063 0.0000000000
65218  -44.648  15.203  3.440 0.0000000000
65225  -44.480  15.358  2.524 0.0000000000
102013  -41.218  16.629  15.359 0.0000000000
66380  -40.309  17.280  13.947 0.0000000000
66987  -41.688  18.325  14.611 0.0000000000
91149  -42.245  19.497  13.288 0.0000000000
100312  -43.098  19.583  12.142 0.0000000000
102374  -49.115  19.493  7.308 0.0000000000
67656  -47.430  19.663  8.258 0.0000000000
68289  -47.527  20.254  5.634 0.0000000000
68313  -45.621  20.522  4.482 0.0000000000
68312  -44.682  20.450  4.015 0.0000000000
67719  -43.389  19.538  3.135 0.0000000000
68336  -44.541  20.280  2.370 0.0000000000
91400  -43.915  19.841  0.977 0.0000000000
67752  -43.733  20.221  -0.988 0.0000000000
67770  -43.033  19.771  -2.155 0.0000000000
67762  -43.550  20.401  -1.111 0.0000000000
68364  -43.462  20.449  -1.175 0.0000000000
68919  -43.643  21.084  -0.533 0.0000000000
69417  -43.198  22.656  6.456 0.0000000000
88756  -43.065  22.663  4.736 0.0000000000
94234  -42.043  22.681  5.624 0.0000000000
69425  -41.473  22.571  5.153 0.0000000000
69435  -40.112  22.172  4.870 0.0000000000
68886  -39.038  21.274  4.785 0.0000000000
69423  -39.789  22.324  5.731 0.0000000000
69413  -39.430  22.527  6.669 0.0000000000
90057  -38.287  22.956  7.396 0.0000000000
61150  -42.108  8.800  9.117 0.0000000000
60363  -42.995  8.895  7.855 0.0000000000
61163  -41.438  9.558  7.525 0.0000000000
61956  -41.281  10.338  6.926 0.0000000000
98039  -41.009  11.962  7.076 0.0000000000
62649  -39.398  12.261  8.027 0.0000000000
63336  -39.896  12.860  7.713 0.0000000000
63338  -41.404  12.785  6.854 0.0000000000
101281  -41.654  14.150  7.068 0.0000000000
64549  -41.952  14.932  7.432 0.0000000000
65181  -42.323  15.725  7.498 0.0000000000
67556  -47.273  19.429  17.444 0.0000000000
67582  -46.757  19.354  15.754 0.0000000000
67583  -47.885  19.495  15.850 0.0000000000
67603  -48.267  19.617  13.811 0.0000000000
87822  -49.154  19.425  11.184 0.0000000000
68809  -49.737  20.991  12.321 0.0000000000
67630  -50.354  19.778  10.395 0.0000000000
67658  -49.683  19.401  8.723 0.0000000000
67672  -49.880  19.615  6.859 0.0000000000
100120  -49.767  20.807  5.127 0.0000000000
69443  -48.963  22.038  3.121 0.0000000000
69453  -47.267  22.456  2.280 0.0000000000
69431  -48.300  22.169  4.534 0.0000000000
69430  -47.065  22.333  5.093 0.0000000000
98150  -45.185  22.391  6.581 0.0000000000
69380  -45.965  22.416  9.505 0.0000000000
69407  -45.392  22.325  7.639 0.0000000000
69406  -44.458  22.581  7.492 0.0000000000
69924  -43.066  23.150  8.044 0.0000000000
69911  -42.655  23.752  8.390 0.0000000000
70844  -42.224  25.394  8.280 0.0000000000
63295  -37.262  11.633  14.722 0.0000000000
63306  -37.564  12.641  14.243 0.0000000000
63297  -38.425  12.610  14.988 0.0000000000
63944  -38.899  13.303  14.940 0.0000000000
65140  -40.373  14.599  15.797 0.0000000000
64490  -39.151  14.297  17.562 0.0000000000
64506  -40.329  14.544  17.289 0.0000000000
65141  -40.855  15.060  16.387 0.0000000000
66350  -42.134  16.008  17.111 0.0000000000
89042  -43.400  16.725  18.123 0.0000000000
66343  -44.410  17.577  18.354 0.0000000000
90694  -41.268  19.526  16.841 0.0000000000
67552  -41.873  19.467  17.327 0.0000000000
68193  -44.262  19.519  18.164 0.0000000000
67547  -45.988  19.029  18.449 0.0000000000
68202  -46.528  20.279  17.568 0.0000000000
68777  -47.708  21.299  16.137 0.0000000000
69336  -47.561  22.275  14.597 0.0000000000
60345  -46.448  8.490  10.352 0.0000000000
60344  -45.042  8.590  9.864 0.0000000000
94518  -45.553  9.629  12.273 0.0000000000
60328  -45.134  8.997  11.338 0.0000000000
60336  -44.262  8.790  10.388 0.0000000000
60342  -42.992  8.697  9.267 0.0000000000
88095  -41.742  9.027  9.949 0.0000000000
87676  -40.929  9.161  9.887 0.0000000000
61138  -39.340  9.403  9.939 0.0000000000
105625  -41.099  9.030  11.837 0.0000000000
60334  -39.862  9.112  10.598 0.0000000000
61137  -38.490  9.601  10.043 0.0000000000
61131  -37.373  9.461  10.864 0.0000000000
61046  -44.469  9.829  21.050 0.0000000000
59468  -41.201  7.691  20.193 0.0000000000
60259  -42.841  8.211  19.913 0.0000000000
60260  -44.146  8.959  19.481 0.0000000000
60265  -43.908  8.579  18.822 0.0000000000
91275  -43.771  8.512  17.238 0.0000000000
60286  -43.645  8.673  16.419 0.0000000000
59522  -42.315  7.732  15.630 0.0000000000
58769  -40.551  6.509  14.895 0.0000000000
93912  -39.299  6.013  14.116 0.0000000000
61923  -36.110  10.687  13.493 0.0000000000
62614  -36.964  10.844  15.161 0.0000000000
62599  -36.740  11.231  16.502 0.0000000000
101185  -36.209  11.753  16.728 0.0000000000
63932  -35.944  13.776  16.936 0.0000000000
59608  -47.016  7.780  4.684 0.0000000000
59609  -47.679  8.337  4.420 0.0000000000
90572  -48.519  8.842  3.253 0.0000000000
61166  -44.220  9.358  6.876 0.0000000000
61167  -45.310  9.356  6.651 0.0000000000
62665  -44.839  11.950  5.730 0.0000000000
103477  -46.462  11.001  5.490 0.0000000000
61973  -47.687  10.695  5.853 0.0000000000
61975  -48.845  10.874  5.444 0.0000000000
103470  -48.966  10.198  4.366 0.0000000000
94298  -48.785  9.777  2.773 0.0000000000
62005  -48.988  10.918  2.619 0.0000000000
62700  -49.270  11.634  1.940 0.0000000000
64025  -50.315  12.967  -0.061 0.0000000000
89935  -48.127  14.463  2.566 0.0000000000
64598  -49.995  14.237  0.337 0.0000000000
64035  -50.070  13.773  -0.655 0.0000000000
64605  -48.238  14.708  -0.536 0.0000000000
64614  -46.295  15.068  -1.623 0.0000000000
64623  -45.584  15.034  -2.144 0.0000000000
64523  -37.523  13.986  12.632 0.0000000000
65157  -37.497  15.256  11.540 0.0000000000
65771  -37.695  15.850  10.938 0.0000000000
66387  -39.446  17.470  12.630 0.0000000000
66389  -38.749  17.209  11.321 0.0000000000
65775  -39.095  16.944  10.119 0.0000000000
65779  -40.061  16.803  9.135 0.0000000000
66400  -41.435  17.284  8.322 0.0000000000
66410  -41.935  17.243  7.611 0.0000000000
67600  -45.085  19.488  13.838 0.0000000000
87827  -44.384  19.563  11.801 0.0000000000
87825  -44.148  19.545  10.976 0.0000000000
68255  -45.533  20.125  8.228 0.0000000000
90533  -43.977  19.797  9.170 0.0000000000
67641  -43.350  19.461  9.636 0.0000000000
67652  -42.867  19.292  8.117 0.0000000000
66411  -42.151  17.956  7.201 0.0000000000
97718  -42.370  17.235  6.045 0.0000000000
65817  -42.570  16.541  4.655 0.0000000000
65234  -42.821  16.044  2.084 0.0000000000
67066  -42.472  18.056  2.603 0.0000000000
65842  -42.551  16.624  1.599 0.0000000000
65245  -43.854  15.840  0.398 0.0000000000
65256  -44.865  16.158  -0.872 0.0000000000
65860  -44.761  16.129  -2.196 0.0000000000
67093  -42.106  19.637  -3.415 0.0000000000
89449  -45.819  22.476  1.521 0.0000000000
69462  -44.072  22.344  1.627 0.0000000000
68908  -42.045  21.309  1.422 0.0000000000
69449  -42.719  22.403  3.334 0.0000000000
68901  -41.726  21.580  2.444 0.0000000000
68354  -40.990  20.288  0.566 0.0000000000
68353  -40.114  19.945  0.980 0.0000000000
67748  -38.144  19.225  0.344 0.0000000000
67756  -35.819  19.069  -0.937 0.0000000000
68309  -38.630  20.602  4.412 0.0000000000
67697  -37.054  19.568  4.776 0.0000000000
92951  -41.528  26.700  7.566 0.0000000000
92420  -40.562  25.739  7.696 0.0000000000
93663  -39.250  24.840  7.618 0.0000000000
100816  -38.613  24.328  7.555 0.0000000000
69918  -38.032  23.727  7.526 0.0000000000
63312  -36.790  12.315  12.430 0.0000000000
60413  -48.201  8.563  2.009 0.0000000000
61099  -44.382  10.347  15.304 0.0000000000
60303  -43.263  9.255  14.616 0.0000000000
60295  -43.489  8.955  15.542 0.0000000000
59486  -32.659  7.065  18.655 0.0000000000
65198  -43.252  16.033  6.406 0.0000000000
65199  -43.787  15.569  5.987 0.0000000000
66974  -44.944  18.551  16.697 0.0000000000
89753  -45.112  19.068  15.655 0.0000000000
68339  -48.794  21.525  2.639 0.0000000000
88591  -48.236  21.271  2.274 0.0000000000
68350  -47.737  21.751  1.186 0.0000000000
68349  -47.200  21.605  0.432 0.0000000000
68913  -47.391  21.979  0.427 0.0000000000
68912  -46.742  21.964  -0.167 0.0000000000
87967  -47.296  22.150  0.490 0.0000000000
69922  -41.306  23.513  7.597 0.0000000000
91246  -40.834  24.130  7.792 0.0000000000
69921  -40.427  23.547  7.433 0.0000000000
61942  -39.302  10.276  9.002 0.0000000000
61946  -39.880  10.171  8.666 0.0000000000
64534  -38.730  14.492  8.983 0.0000000000
65167  -39.340  15.255  8.768 0.0000000000
69337  -48.278  22.079  14.360 0.0000000000
68221  -49.148  20.640  14.544 0.0000000000
68804  -48.960  21.434  14.133 0.0000000000
68821  -49.110  21.734  10.220 0.0000000000
68835  -50.056  21.073  9.484 0.0000000000
68850  -49.195  21.388  8.798 0.0000000000
68849  -48.408  21.499  8.472 0.0000000000
68861  -48.469  21.516  7.326 0.0000000000
97304  -45.340  25.727  9.201 0.0000000000
70355  -44.493  25.046  9.292 0.0000000000
70828  -44.632  26.033  8.905 0.0000000000
99070  -47.666  12.927  1.287 0.0000000000
63933  -36.958  12.913  17.214 0.0000000000
104326  -37.778  12.711  17.330 0.0000000000
64504  -37.617  13.457  17.425 0.0000000000
66348  -39.987  17.304  17.235 0.0000000000
100734  -40.651  17.304  17.592 0.0000000000
66947  -41.177  17.624  17.701 0.0000000000
66349  -40.417  18.148  17.040 0.0000000000
69332  -43.259  22.116  14.535 0.0000000000
59550  -46.886  8.117  12.005 0.0000000000
61133  -42.939  9.870  11.636 0.0000000000
59538  -39.868  7.061  13.038 0.0000000000
59546  -39.481  7.520  12.435 0.0000000000
59545  -38.613  7.377  12.371 0.0000000000
59552  -38.024  8.002  11.838 0.0000000000
104279  -37.849  7.366  12.459 0.0000000000
60224  -40.597  8.864  21.775 0.0000000000
89402  -40.192  6.500  18.890 0.0000000000
58733  -40.550  6.386  18.174 0.0000000000
58743  -41.254  6.582  17.539 0.0000000000
58030  -39.825  5.865  16.983 0.0000000000
58029  -39.257  5.656  17.240 0.0000000000
61096  -35.635  8.804  15.444 0.0000000000
61181  -49.233  9.501  7.049 0.0000000000
62658  -42.245  11.386  6.457 0.0000000000
62659  -43.079  11.759  6.283 0.0000000000
101057  -47.111  13.188  5.722 0.0000000000
63365  -48.315  12.397  5.017 0.0000000000
64001  -47.834  13.274  5.025 0.0000000000
64571  -47.531  14.042  4.837 0.0000000000
90536  -45.440  15.427  1.724 0.0000000000
91820  -45.609  15.643  0.583 0.0000000000
65247  -46.731  15.583  -0.128 0.0000000000
65145  -39.788  14.967  14.808 0.0000000000
65151  -39.300  15.572  13.985 0.0000000000
65755  -39.970  15.841  14.505 0.0000000000
67622  -41.861  19.270  11.668 0.0000000000
67014  -41.333  18.877  11.063 0.0000000000
67019  -42.162  18.767  9.839 0.0000000000
67637  -48.294  19.371  10.608 0.0000000000
87823  -47.279  19.463  10.801 0.0000000000
67644  -47.320  19.483  9.954 0.0000000000
68298  -43.836  20.342  5.510 0.0000000000
67711  -43.314  19.966  5.025 0.0000000000
67699  -43.213  19.893  5.865 0.0000000000
67710  -42.869  19.277  4.599 0.0000000000
96082  -42.944  19.235  3.834 0.0000000000
66476  -42.324  17.668  -1.944 0.0000000000
66484  -42.267  17.374  -3.092 0.0000000000
67087  -42.347  18.643  -1.881 0.0000000000
103081  -42.155  20.535  -0.940 0.0000000000
68368  -41.788  20.336  -1.839 0.0000000000
68362  -41.265  20.313  -0.513 0.0000000000
69428  -44.631  22.519  5.044 0.0000000000
69439  -43.994  22.597  4.481 0.0000000000
68333  -39.771  20.397  2.747 0.0000000000
68321  -39.599  20.739  3.454 0.0000000000
68332  -38.864  19.955  3.075 0.0000000000
69411  -37.827  21.799  6.883 0.0000000000
62634  -37.042  11.505  10.359 0.0000000000
63955  -36.980  12.767  11.515 0.0000000000
63958  -37.244  13.136  10.588 0.0000000000
63960  -37.641  13.815  9.890 0.0000000000
64528  -37.328  14.110  10.738 0.0000000000
69877  -49.275  23.490  12.499 0.0000000000
89246  -49.569  23.962  10.955 0.0000000000
69887  -49.190  23.556  10.720 0.0000000000
69368  -49.220  22.469  10.738 0.0000000000
102901  -48.302  24.104  10.410 0.0000000000
101354  -47.835  25.657  9.518 0.0000000000
70829  -46.199  25.530  9.450 0.0000000000
97298  -47.995  9.124  1.685 0.0000000000
61222  -47.393  9.666  1.504 0.0000000000
65125  -35.573  15.105  16.457 0.0000000000
65126  -36.573  15.058  16.826 0.0000000000
65139  -35.996  15.746  16.129 0.0000000000
61916  -44.112  11.019  13.242 0.0000000000
61117  -43.369  10.403  13.008 0.0000000000
61108  -42.973  9.585  13.689 0.0000000000
59532  -42.153  7.940  14.787 0.0000000000
60310  -41.919  8.201  13.965 0.0000000000
59539  -40.593  7.357  13.306 0.0000000000
59530  -40.793  6.959  14.126 0.0000000000
90188  -34.515  6.165  17.202 0.0000000000
59519  -34.487  7.288  16.481 0.0000000000
59510  -33.950  7.699  16.946 0.0000000000
63982  -42.682  13.558  6.396 0.0000000000
64562  -44.294  14.977  6.265 0.0000000000
97666  -44.268  14.311  6.216 0.0000000000
105151  -45.655  14.357  6.006 0.0000000000
65208  -43.721  15.615  4.812 0.0000000000
65209  -44.488  15.260  4.401 0.0000000000
65217  -43.699  15.529  3.513 0.0000000000
66363  -41.956  16.657  16.036 0.0000000000
66374  -41.600  17.382  15.201 0.0000000000
101400  -43.676  19.379  14.400 0.0000000000
67578  -42.290  19.163  14.255 0.0000000000
67598  -43.004  19.562  13.887 0.0000000000
67611  -42.386  19.517  12.340 0.0000000000
89405  -43.061  19.662  12.932 0.0000000000
67671  -49.066  19.663  6.426 0.0000000000
68272  -47.792  19.899  6.534 0.0000000000
101707  -48.594  19.989  5.788 0.0000000000
87820  -46.828  20.505  3.631 0.0000000000
68301  -46.738  20.483  4.888 0.0000000000
68323  -44.372  20.297  3.292 0.0000000000
68324  -45.306  20.460  2.652 0.0000000000
68347  -45.615  20.958  -0.180 0.0000000000
99668  -44.670  20.289  1.083 0.0000000000
67742  -43.887  20.094  -0.275 0.0000000000
68357  -44.220  20.865  -0.691 0.0000000000
68920  -44.755  21.350  -0.514 0.0000000000
68910  -44.170  21.641  -0.007 0.0000000000
69426  -42.766  22.666  5.593 0.0000000000
69416  -42.309  22.740  6.376 0.0000000000
69415  -41.354  22.752  6.169 0.0000000000
69424  -40.641  22.501  5.448 0.0000000000
69436  -40.879  22.368  4.590 0.0000000000
69400  -39.104  22.956  7.250 0.0000000000
69412  -38.525  22.277  6.937 0.0000000000
69919  -38.851  23.582  7.455 0.0000000000
61154  -41.371  9.160  8.515 0.0000000000
61155  -42.108  8.910  8.094 0.0000000000
61162  -40.862  9.630  8.185 0.0000000000
61955  -40.746  10.235  7.641 0.0000000000
62651  -40.729  11.060  7.251 0.0000000000
62657  -41.453  11.189  6.718 0.0000000000
63321  -38.352  12.229  8.864 0.0000000000
62639  -38.858  11.684  8.528 0.0000000000
63323  -38.813  12.621  8.466 0.0000000000
63974  -39.662  13.620  7.984 0.0000000000
63337  -40.632  12.777  7.284 0.0000000000
63976  -41.131  13.540  7.133 0.0000000000
103946  -41.291  14.995  7.654 0.0000000000
65180  -41.431  15.614  7.794 0.0000000000
67557  -48.116  19.716  16.855 0.0000000000
67570  -47.503  19.395  16.823 0.0000000000
67571  -48.601  19.777  16.040 0.0000000000
67604  -49.084  19.878  14.116 0.0000000000
67617  -49.051  19.675  13.050 0.0000000000
67628  -49.003  19.510  12.116 0.0000000000
100789  -49.773  19.632  11.672 0.0000000000
69356  -49.487  22.429  12.142 0.0000000000
68836  -50.438  20.552  9.593 0.0000000000
68240  -50.378  20.127  10.877 0.0000000000
67648  -50.487  19.783  9.565 0.0000000000
95687  -50.164  19.527  9.988 0.0000000000
67660  -50.524  19.794  8.804 0.0000000000
91286  -49.772  19.478  7.767 0.0000000000
67674  -50.625  19.953  7.959 0.0000000000
68874  -50.069  20.929  6.036 0.0000000000
91873  -49.855  21.025  5.247 0.0000000000
68304  -49.531  21.145  4.433 0.0000000000
68889  -49.075  21.765  4.091 0.0000000000
69442  -48.434  22.285  3.615 0.0000000000
68881  -48.894  21.676  4.969 0.0000000000
68871  -47.336  21.742  7.023 0.0000000000
69419  -47.231  22.051  6.028 0.0000000000
92629  -46.095  22.312  5.938 0.0000000000
69900  -46.483  22.720  10.148 0.0000000000
69381  -46.870  22.054  9.796 0.0000000000
69898  -44.852  23.514  9.459 0.0000000000
69391  -44.754  22.678  8.408 0.0000000000
69390  -43.909  22.950  8.235 0.0000000000
70369  -43.642  24.631  9.069 0.0000000000
94673  -43.075  24.203  8.852 0.0000000000
70368  -42.366  24.455  8.459 0.0000000000
64022  -45.691  13.531  0.948 0.0000000000
64044  -45.982  14.459  -1.070 0.0000000000
63296  -38.033  11.891  15.367 0.0000000000
63935  -39.157  12.753  16.763 0.0000000000
63938  -39.242  12.889  15.878 0.0000000000
63936  -39.708  13.345  16.443 0.0000000000
63939  -39.577  13.608  15.556 0.0000000000
64508  -40.154  13.914  16.172 0.0000000000
65127  -37.535  15.312  17.017 0.0000000000
65113  -38.288  14.770  17.453 0.0000000000
65114  -39.042  15.169  17.549 0.0000000000
94767  -40.391  15.613  17.682 0.0000000000
65115  -39.915  14.874  17.609 0.0000000000
64492  -40.540  15.169  17.568 0.0000000000
65129  -40.828  15.051  17.194 0.0000000000
65142  -41.461  15.503  17.043 0.0000000000
65735  -41.919  15.971  17.849 0.0000000000
92566  -42.490  17.594  18.413 0.0000000000
66351  -42.714  16.318  17.886 0.0000000000
66341  -42.913  16.952  18.515 0.0000000000
66352  -44.078  17.106  17.908 0.0000000000
66334  -44.029  17.793  18.735 0.0000000000
68791  -41.378  21.506  15.486 0.0000000000
67565  -40.533  19.964  16.147 0.0000000000
68199  -41.168  20.283  16.393 0.0000000000
68200  -41.767  20.110  16.871 0.0000000000
68192  -43.377  20.027  17.558 0.0000000000
94192  -44.357  20.166  17.659 0.0000000000
104124  -45.396  18.967  18.647 0.0000000000
68194  -45.310  19.402  18.393 0.0000000000
68195  -46.130  19.587  18.220 0.0000000000
69319  -45.948  22.027  15.036 0.0000000000
68776  -46.686  21.657  15.733 0.0000000000
68796  -47.365  21.834  15.304 0.0000000000
69335  -46.678  22.313  14.731 0.0000000000
59558  -47.798  7.889  10.723 0.0000000000
60338  -46.291  8.469  11.102 0.0000000000
90349  -47.360  8.245  10.670 0.0000000000
61127  -44.609  10.567  12.048 0.0000000000
61143  -44.232  9.145  10.929 0.0000000000
60343  -43.746  8.696  9.770 0.0000000000
61151  -42.670  8.920  10.057 0.0000000000
61139  -40.147  9.319  9.864 0.0000000000
60319  -41.355  8.836  12.430 0.0000000000
60318  -40.698  8.510  12.177 0.0000000000
60325  -39.530  8.696  11.236 0.0000000000
60333  -39.012  9.060  10.541 0.0000000000
60332  -38.116  9.227  10.623 0.0000000000
61028  -42.510  9.521  22.115 0.0000000000
61045  -43.580  9.394  21.219 0.0000000000
96591  -40.360  7.437  20.351 0.0000000000
91760  -42.082  7.853  19.847 0.0000000000
105778  -43.712  8.768  19.915 0.0000000000
59482  -43.469  8.401  19.475 0.0000000000
59489  -43.435  8.049  18.598 0.0000000000
59500  -42.690  7.406  17.379 0.0000000000
59501  -43.374  7.901  17.729 0.0000000000
59513  -43.241  7.945  16.870 0.0000000000
59512  -42.505  7.519  16.491 0.0000000000
60294  -43.026  8.185  16.019 0.0000000000
59511  -41.750  7.088  16.056 0.0000000000
99801  -39.715  5.879  15.775 0.0000000000
58054  -39.715  6.025  14.961 0.0000000000
58777  -40.025  6.449  14.225 0.0000000000
58065  -38.957  5.736  14.618 0.0000000000
102679  -35.802  9.210  14.078 0.0000000000
61114  -35.892  9.165  13.407 0.0000000000
61922  -35.949  9.847  13.821 0.0000000000
61915  -36.334  10.415  14.485 0.0000000000
61898  -36.383  10.575  16.205 0.0000000000
61088  -34.256  9.453  16.683 0.0000000000
61896  -34.452  10.363  16.580 0.0000000000
100735  -34.940  12.711  16.668 0.0000000000
63931  -34.955  13.635  16.698 0.0000000000
94814  -35.257  14.482  16.626 0.0000000000
58831  -46.210  7.118  5.008 0.0000000000
60389  -48.433  8.889  4.972 0.0000000000
60397  -48.089  8.449  3.524 0.0000000000
60398  -48.559  9.161  4.292 0.0000000000
61164  -42.313  9.337  7.198 0.0000000000
61165  -43.225  9.350  7.001 0.0000000000
61178  -44.512  9.828  6.390 0.0000000000
63353  -44.345  12.745  5.958 0.0000000000
62664  -43.937  11.868  5.995 0.0000000000
62666  -47.158  11.797  5.572 0.0000000000
96103  -45.942  11.927  5.585 0.0000000000
61974  -48.571  10.726  5.838 0.0000000000
62673  -48.949  11.559  4.904 0.0000000000
61981  -49.043  11.014  4.516 0.0000000000
61209  -48.769  9.549  3.637 0.0000000000
61992  -49.012  10.480  3.561 0.0000000000
62691  -49.338  11.423  3.458 0.0000000000
63382  -49.870  12.342  2.198 0.0000000000
63393  -49.803  12.449  1.343 0.0000000000
64026  -50.420  13.204  0.897 0.0000000000
64589  -46.875  14.891  2.554 0.0000000000
65227  -48.513  15.212  0.687 0.0000000000
64590  -49.039  14.752  1.088 0.0000000000
64597  -49.430  14.797  0.190 0.0000000000
64607  -49.929  14.286  -0.380 0.0000000000
64606  -49.269  14.447  -0.466 0.0000000000
64034  -48.990  14.067  -0.435 0.0000000000
65249  -48.390  14.883  -0.542 0.0000000000
64615  -47.266  15.075  -0.934 0.0000000000
65258  -46.359  15.348  -1.439 0.0000000000
100558  -45.896  15.447  -1.888 0.0000000000
63949  -37.660  13.457  13.564 0.0000000000
64517  -38.037  14.077  13.604 0.0000000000
65155  -38.245  15.540  12.753 0.0000000000
65154  -37.662  15.025  12.292 0.0000000000
65158  -37.882  15.779  11.941 0.0000000000
65772  -38.271  16.511  11.577 0.0000000000
97368  -40.511  17.879  13.734 0.0000000000
66379  -39.706  17.032  13.467 0.0000000000
66997  -40.000  17.728  13.267 0.0000000000
67016  -39.950  18.168  10.879 0.0000000000
66390  -39.321  17.738  11.132 0.0000000000
66392  -39.536  17.551  10.459 0.0000000000
66391  -38.969  17.263  10.720 0.0000000000
66395  -39.757  17.233  9.758 0.0000000000
65778  -39.376  16.576  9.466 0.0000000000
67024  -41.702  18.107  8.745 0.0000000000
67601  -46.336  19.461  14.194 0.0000000000
67581  -45.583  19.357  14.962 0.0000000000
88533  -45.583  19.476  13.209 0.0000000000
67635  -45.399  19.596  10.771 0.0000000000
87826  -45.084  19.534  11.921 0.0000000000
87824  -44.910  19.574  11.236 0.0000000000
68271  -46.861  19.970  7.482 0.0000000000
68256  -46.384  19.895  8.340 0.0000000000
105547  -46.115  20.103  7.865 0.0000000000
68253  -44.074  20.249  7.532 0.0000000000
68254  -44.726  20.279  7.879 0.0000000000
67653  -43.905  19.998  8.261 0.0000000000
88616  -43.356  19.574  8.741 0.0000000000
67640  -42.682  19.111  9.146 0.0000000000
95366  -42.433  18.564  5.921 0.0000000000
67043  -42.427  18.601  6.753 0.0000000000
66420  -42.259  17.909  6.383 0.0000000000
65810  -42.687  16.607  5.686 0.0000000000
97896  -42.375  17.209  5.156 0.0000000000
66439  -42.355  17.669  3.471 0.0000000000
65825  -42.415  16.619  3.566 0.0000000000
65833  -42.465  16.554  2.550 0.0000000000
67729  -43.128  19.121  2.150 0.0000000000
67072  -42.628  18.297  1.632 0.0000000000
65850  -42.708  16.982  -0.011 0.0000000000
90389  -42.539  16.978  0.826 0.0000000000
65843  -42.953  16.289  0.776 0.0000000000
65867  -43.603  16.437  -2.295 0.0000000000
65274  -44.973  15.656  -2.408 0.0000000000
65280  -43.029  16.064  -3.567 0.0000000000
99932  -42.977  20.068  -2.556 0.0000000000
67094  -42.680  19.747  -2.753 0.0000000000
67778  -42.505  19.974  -3.061 0.0000000000
67776  -40.999  19.884  -3.769 0.0000000000
67788  -41.042  19.424  -4.344 0.0000000000
69441  -47.461  22.477  3.362 0.0000000000
69464  -46.955  22.381  1.156 0.0000000000
99718  -46.329  22.504  2.239 0.0000000000
69450  -43.631  22.459  2.869 0.0000000000
68903  -43.542  22.004  1.155 0.0000000000
68902  -42.552  21.830  1.868 0.0000000000
91075  -42.239  22.639  4.924 0.0000000000
69438  -42.450  22.613  4.135 0.0000000000
69448  -41.875  22.369  3.636 0.0000000000
68900  -41.014  21.269  2.899 0.0000000000
68335  -41.305  20.936  2.051 0.0000000000
68345  -41.560  20.759  1.033 0.0000000000
67747  -36.794  19.154  -0.333 0.0000000000
92450  -37.090  19.138  0.706 0.0000000000
91821  -37.823  19.412  2.994 0.0000000000
67726  -36.913  19.127  2.249 0.0000000000
68297  -38.353  20.836  5.112 0.0000000000
68308  -37.815  20.086  4.785 0.0000000000
67696  -36.359  19.509  5.016 0.0000000000
71376  -39.978  26.320  7.540 0.0000000000
70858  -39.924  25.326  7.666 0.0000000000
70378  -38.433  25.177  7.591 0.0000000000
62633  -36.647  11.445  11.095 0.0000000000
63314  -36.704  12.039  11.537 0.0000000000
70338  -49.380  24.868  11.783 0.0000000000
70817  -49.359  25.602  10.721 0.0000000000
70815  -48.771  25.000  10.183 0.0000000000
70831  -48.565  25.655  9.728 0.0000000000
71345  -48.334  26.193  9.256 0.0000000000
61223  -48.476  9.930  2.173 0.0000000000
65744  -35.477  16.329  15.416 0.0000000000
61110  -44.313  10.917  14.298 0.0000000000
59498  -33.502  7.282  17.423 0.0000000000
60275  -33.272  7.982  17.257 0.0000000000
89594  -32.880  7.437  17.820 0.0000000000
60351  -46.669  8.586  9.403 0.0000000000
89481  -45.941  8.738  8.346 0.0000000000
94745  -45.072  8.879  7.460 0.0000000000
66972  -43.139  17.692  16.188 0.0000000000
66988  -42.587  18.497  15.135 0.0000000000
67566  -43.325  18.587  15.495 0.0000000000
68314  -48.854  20.552  3.979 0.0000000000
68326  -47.542  20.705  2.563 0.0000000000
68325  -46.528  20.569  2.494 0.0000000000
68338  -46.434  20.802  1.110 0.0000000000
89029  -46.049  20.845  0.370 0.0000000000
68359  -45.997  21.798  -0.600 0.0000000000
68358  -45.213  21.420  -0.567 0.0000000000
68922  -46.105  21.965  -0.588 0.0000000000
69472  -45.572  22.081  -0.407 0.0000000000
69923  -42.229  23.345  7.779 0.0000000000
63963  -38.910  13.560  8.571 0.0000000000
64548  -40.174  14.332  7.874 0.0000000000
64536  -39.940  14.922  8.215 0.0000000000
65168  -40.144  15.562  8.407 0.0000000000
68212  -48.765  20.275  16.155 0.0000000000
67572  -48.884  19.961  15.977 0.0000000000
68220  -48.986  20.252  15.294 0.0000000000
102209  -49.327  20.141  14.146 0.0000000000
68234  -49.764  20.176  12.888 0.0000000000
69369  -49.527  22.146  10.978 0.0000000000
68823  -49.918  21.291  10.755 0.0000000000
94121  -50.130  21.047  10.113 0.0000000000
90221  -50.373  20.653  8.734 0.0000000000
68273  -50.483  20.391  7.367 0.0000000000
68851  -50.269  20.780  7.855 0.0000000000
92599  -49.582  21.278  6.516 0.0000000000
92502  -46.219  24.642  9.858 0.0000000000
69899  -45.582  23.079  9.826 0.0000000000
70356  -45.460  24.028  9.819 0.0000000000
70370  -44.114  23.986  9.262 0.0000000000
63390  -46.147  13.039  1.683 0.0000000000
63290  -38.157  11.657  16.409 0.0000000000
101380  -38.524  12.147  16.812 0.0000000000
63920  -39.168  13.424  17.359 0.0000000000
65733  -38.872  16.086  17.146 0.0000000000
65734  -39.928  16.352  17.531 0.0000000000
65724  -40.858  16.183  17.857 0.0000000000
65725  -41.596  16.296  18.077 0.0000000000
66339  -41.177  16.742  17.990 0.0000000000
66340  -41.917  16.979  18.338 0.0000000000
68773  -42.090  21.249  16.025 0.0000000000
68211  -42.488  20.616  16.764 0.0000000000
104546  -43.747  21.059  16.547 0.0000000000
99450  -44.192  21.262  16.267 0.0000000000
68767  -45.268  20.953  16.902 0.0000000000
68774  -44.999  21.497  15.873 0.0000000000
68795  -44.985  21.962  14.888 0.0000000000
96494  -44.305  9.759  11.526 0.0000000000
105396  -42.102  9.291  10.582 0.0000000000
60327  -41.251  9.283  11.289 0.0000000000
60317  -37.709  8.811  11.249 0.0000000000
93012  -39.533  6.448  19.269 0.0000000000
59479  -40.265  6.847  19.573 0.0000000000
58726  -40.789  6.820  19.032 0.0000000000
59487  -42.139  7.313  18.848 0.0000000000
59488  -42.811  7.498  18.283 0.0000000000
58752  -41.004  6.517  16.479 0.0000000000
58044  -40.132  6.038  16.416 0.0000000000
60301  -35.558  8.142  14.824 0.0000000000
61106  -35.802  8.960  14.746 0.0000000000
61097  -36.034  9.488  15.407 0.0000000000
61905  -35.989  9.916  16.010 0.0000000000
61897  -35.543  10.447  16.414 0.0000000000
60381  -48.919  8.996  6.016 0.0000000000
61970  -44.368  11.257  5.876 0.0000000000
63356  -47.519  12.436  5.535 0.0000000000
62668  -48.564  11.431  5.381 0.0000000000
63357  -48.185  12.053  5.402 0.0000000000
63366  -49.130  12.009  4.382 0.0000000000
63372  -49.361  12.376  3.332 0.0000000000
64008  -48.587  12.996  3.425 0.0000000000
64015  -49.435  12.995  2.313 0.0000000000
64588  -45.539  15.075  2.807 0.0000000000
65238  -47.683  15.472  0.300 0.0000000000
65248  -47.700  15.262  -0.524 0.0000000000
64518  -38.553  14.589  13.882 0.0000000000
65760  -38.862  15.960  13.230 0.0000000000
67610  -41.471  19.252  12.586 0.0000000000
67007  -40.568  18.705  12.337 0.0000000000
67013  -40.564  18.621  11.385 0.0000000000
67017  -40.730  18.403  10.577 0.0000000000
67021  -40.922  18.080  9.806 0.0000000000
67022  -41.571  18.316  9.478 0.0000000000
67615  -46.739  19.459  12.270 0.0000000000
88532  -46.253  19.453  13.077 0.0000000000
67626  -46.743  19.483  11.338 0.0000000000
67636  -46.271  19.559  10.599 0.0000000000
67643  -45.466  19.703  10.061 0.0000000000
68270  -45.711  20.313  7.370 0.0000000000
68286  -44.502  20.480  6.098 0.0000000000
68268  -43.878  20.293  6.864 0.0000000000
67686  -43.246  19.852  6.665 0.0000000000
67668  -42.796  19.292  7.164 0.0000000000
67051  -42.465  18.512  5.094 0.0000000000
99507  -42.324  17.819  4.851 0.0000000000
67056  -42.483  18.340  4.199 0.0000000000
67076  -42.664  18.465  0.592 0.0000000000
95522  -43.070  16.457  -3.090 0.0000000000
69452  -45.383  22.539  2.871 0.0000000000
88767  -44.304  22.567  3.462 0.0000000000
69447  -41.094  22.257  3.868 0.0000000000
68334  -40.546  20.667  2.454 0.0000000000
68343  -39.950  20.101  1.914 0.0000000000
103047  -37.329  19.141  1.582 0.0000000000
67709  -38.116  19.840  3.847 0.0000000000
68878  -38.039  21.033  5.767 0.0000000000
90958  -37.516  20.604  5.871 0.0000000000
68284  -36.932  20.405  6.208 0.0000000000
67684  -36.323  19.821  5.806 0.0000000000
68267  -36.643  20.906  6.892 0.0000000000
61938  -38.092  10.324  9.673 0.0000000000
61941  -38.642  10.781  9.081 0.0000000000
61940  -37.890  10.985  9.442 0.0000000000
63320  -37.845  12.275  9.401 0.0000000000
63318  -37.328  12.286  10.087 0.0000000000
104402  -37.966  13.409  9.487 0.0000000000
64531  -37.985  14.576  9.584 0.0000000000
65162  -37.648  15.279  10.086 0.0000000000
69353  -49.087  22.769  12.937 0.0000000000
94732  -49.594  22.625  11.376 0.0000000000
89693  -49.543  24.258  11.402 0.0000000000
69881  -49.563  23.466  11.565 0.0000000000
69367  -48.379  22.060  10.346 0.0000000000
69382  -47.697  21.863  9.925 0.0000000000
70357  -47.142  24.327  10.177 0.0000000000
71343  -46.101  26.289  9.033 0.0000000000
63392  -49.147  12.277  0.713 0.0000000000
65732  -37.862  16.011  16.640 0.0000000000
65745  -36.409  16.436  15.644 0.0000000000
65746  -37.316  16.579  15.941 0.0000000000
61126  -43.203  10.183  12.304 0.0000000000
91980  -41.637  8.508  13.168 0.0000000000
59448  -40.110  7.964  21.231 0.0000000000
59466  -38.735  7.214  20.902 0.0000000000
58711  -38.944  6.672  20.087 0.0000000000
87537  -38.227  6.250  19.798 0.0000000000
58725  -38.688  6.128  19.234 0.0000000000
60292  -34.970  7.707  15.957 0.0000000000
60285  -35.209  8.676  16.070 0.0000000000
61087  -33.508  9.962  16.694 0.0000000000
104716  -33.518  9.288  16.907 0.0000000000
63346  -42.909  12.691  6.292 0.0000000000
63990  -44.765  13.702  6.123 0.0000000000
63991  -45.737  13.989  6.197 0.0000000000
64564  -46.348  14.157  5.972 0.0000000000
64570  -46.736  14.338  5.244 0.0000000000
64569  -46.051  14.692  4.613 0.0000000000
65210  -45.296  14.937  3.982 0.0000000000
65756  -40.621  16.164  14.961 0.0000000000
102879  -40.631  16.856  14.582 0.0000000000
66986  -40.959  17.570  14.478 0.0000000000
66999  -40.949  18.407  13.821 0.0000000000
67597  -41.510  19.066  13.657 0.0000000000
67623  -42.727  19.423  11.527 0.0000000000
67657  -48.711  19.451  8.230 0.0000000000
87725  -47.942  19.496  9.069 0.0000000000
67670  -48.120  19.631  7.372 0.0000000000
68288  -46.623  20.262  6.558 0.0000000000
91743  -46.351  20.429  5.824 0.0000000000
68300  -45.514  20.526  5.491 0.0000000000
99049  -43.595  20.092  3.977 0.0000000000
92722  -43.939  20.078  3.077 0.0000000000
67730  -43.897  19.922  2.221 0.0000000000
67751  -43.209  19.430  -0.324 0.0000000000
67761  -43.316  19.777  -1.369 0.0000000000
91416  -43.224  20.189  -1.943 0.0000000000
68365  -43.967  20.751  -0.764 0.0000000000
68356  -42.838  20.703  -0.722 0.0000000000
68918  -42.482  21.041  0.290 0.0000000000
68888  -40.383  22.030  4.126 0.0000000000
68310  -39.367  21.049  4.095 0.0000000000
68887  -39.715  21.693  4.445 0.0000000000
68880  -39.384  21.859  5.189 0.0000000000
68870  -39.003  22.023  6.029 0.0000000000
60348  -42.775  8.731  8.608 0.0000000000
61175  -41.840  9.839  6.753 0.0000000000
61962  -41.976  10.512  6.493 0.0000000000
98096  -41.796  12.045  6.719 0.0000000000
105490  -39.533  11.505  8.071 0.0000000000
62650  -40.163  11.895  7.613 0.0000000000
63981  -41.876  13.533  6.737 0.0000000000
94598  -41.026  14.385  7.483 0.0000000000
65792  -42.349  16.475  7.343 0.0000000000
67569  -46.711  19.123  17.175 0.0000000000
103080  -45.985  19.221  16.047 0.0000000000
103357  -47.111  19.463  15.052 0.0000000000
93909  -47.544  19.525  14.543 0.0000000000
67584  -48.495  19.717  15.013 0.0000000000
67616  -48.013  19.494  12.702 0.0000000000
99710  -49.324  19.370  10.367 0.0000000000
68817  -50.106  20.713  11.260 0.0000000000
68239  -50.107  20.142  11.828 0.0000000000
67629  -50.159  19.808  11.289 0.0000000000
67638  -49.954  19.520  10.727 0.0000000000
101718  -49.827  19.416  10.194 0.0000000000
87821  -48.927  19.384  9.103 0.0000000000
67687  -49.936  19.902  6.159 0.0000000000
68864  -50.289  20.437  6.618 0.0000000000
68291  -49.996  20.515  5.902 0.0000000000
68290  -49.533  20.250  5.520 0.0000000000
68315  -49.393  20.984  3.728 0.0000000000
68328  -49.148  21.280  3.183 0.0000000000
69455  -48.693  21.978  2.415 0.0000000000
69466  -48.250  22.120  1.785 0.0000000000
69454  -48.306  22.283  2.477 0.0000000000
97898  -47.620  22.410  4.202 0.0000000000
69420  -48.062  22.008  5.300 0.0000000000
90750  -46.504  22.455  4.258 0.0000000000
69429  -45.623  22.430  5.194 0.0000000000
104592  -45.387  22.406  5.885 0.0000000000
92477  -44.761  22.475  5.797 0.0000000000
68832  -47.519  21.681  9.174 0.0000000000
69393  -46.542  21.894  8.894 0.0000000000
69408  -46.368  21.951  7.846 0.0000000000
69392  -45.627  22.315  8.622 0.0000000000
69418  -44.137  22.576  6.548 0.0000000000
69405  -43.560  22.737  7.380 0.0000000000
69912  -43.497  23.590  8.746 0.0000000000
63305  -36.859  12.121  13.628 0.0000000000
63943  -38.126  13.382  14.245 0.0000000000
104836  -38.868  12.701  15.446 0.0000000000
64512  -39.194  14.231  14.671 0.0000000000
104534  -39.864  14.242  15.381 0.0000000000
63919  -38.372  13.829  17.529 0.0000000000
64491  -39.816  13.988  17.401 0.0000000000
64505  -40.150  13.830  16.946 0.0000000000
64509  -40.540  14.411  16.690 0.0000000000
65747  -41.133  15.729  15.893 0.0000000000
96536  -41.617  16.039  16.334 0.0000000000
66364  -42.694  16.667  16.689 0.0000000000
66960  -43.374  16.813  17.364 0.0000000000
105735  -43.821  17.483  17.023 0.0000000000
66961  -44.474  17.838  17.354 0.0000000000
66962  -45.262  18.110  17.859 0.0000000000
66958  -41.148  18.610  17.240 0.0000000000
66959  -41.675  18.930  17.422 0.0000000000
67545  -42.453  18.665  17.901 0.0000000000
67553  -42.502  19.721  17.490 0.0000000000
89849  -43.509  19.020  18.274 0.0000000000
67541  -44.557  18.333  18.701 0.0000000000
66944  -45.218  18.616  18.565 0.0000000000
66952  -45.764  18.596  18.278 0.0000000000
67555  -46.565  18.989  18.049 0.0000000000
67548  -46.737  19.384  17.870 0.0000000000
68203  -47.799  19.916  17.310 0.0000000000
68769  -47.239  20.840  16.796 0.0000000000
68770  -48.038  20.552  16.765 0.0000000000
68778  -48.393  20.792  16.203 0.0000000000
68797  -48.075  21.572  15.366 0.0000000000
69351  -47.035  22.930  14.038 0.0000000000
60339  -47.908  8.035  10.578 0.0000000000
60346  -47.811  8.248  10.136 0.0000000000
103444  -44.347  8.605  9.306 0.0000000000
61149  -41.326  9.069  9.288 0.0000000000
61124  -41.702  9.392  11.914 0.0000000000
60326  -40.435  8.937  11.406 0.0000000000
101364  -37.493  9.980  10.310 0.0000000000
61933  -36.471  10.678  11.460 0.0000000000
61841  -44.771  10.643  22.209 0.0000000000
60244  -40.886  8.136  21.042 0.0000000000
60245  -41.674  8.314  20.821 0.0000000000
60246  -42.455  8.509  20.618 0.0000000000
60247  -43.270  8.728  20.401 0.0000000000
60248  -43.948  9.148  20.328 0.0000000000
92687  -44.562  9.433  20.079 0.0000000000
97283  -44.854  9.549  19.363 0.0000000000
61066  -44.468  9.167  18.498 0.0000000000
60276  -43.902  8.516  18.068 0.0000000000
60277  -44.298  9.113  17.527 0.0000000000
60287  -44.117  9.076  16.805 0.0000000000
59521  -41.660  7.282  15.224 0.0000000000
58760  -41.104  6.712  15.527 0.0000000000
58770  -41.146  6.922  14.841 0.0000000000
58776  -39.557  6.506  13.550 0.0000000000
90757  -38.938  6.167  13.535 0.0000000000
92136  -38.694  5.432  16.842 0.0000000000
58042  -38.336  5.372  16.165 0.0000000000
58063  -37.643  5.581  14.380 0.0000000000
58064  -38.335  5.567  14.715 0.0000000000
58071  -38.452  5.731  13.978 0.0000000000
58775  -38.283  6.256  13.322 0.0000000000
58782  -38.115  6.843  12.818 0.0000000000
62624  -36.481  11.284  14.113 0.0000000000
62604  -37.016  10.900  15.940 0.0000000000
62605  -37.477  11.464  16.478 0.0000000000
63283  -36.952  11.880  16.907 0.0000000000
61089  -35.216  9.571  16.391 0.0000000000
94595  -35.385  11.941  16.635 0.0000000000
63282  -35.897  12.663  16.859 0.0000000000
64500  -33.738  14.714  16.372 0.0000000000
95747  -34.573  15.080  16.294 0.0000000000
58838  -46.377  6.995  3.874 0.0000000000
59615  -47.349  7.541  3.410 0.0000000000
59621  -47.859  7.834  2.464 0.0000000000
60405  -48.227  8.416  2.513 0.0000000000
60364  -43.951  8.906  7.656 0.0000000000
61971  -45.306  10.892  5.626 0.0000000000
61972  -46.422  10.186  5.762 0.0000000000
102838  -47.774  9.864  6.477 0.0000000000
61188  -48.564  10.053  6.462 0.0000000000
61189  -49.062  9.996  6.259 0.0000000000
61198  -48.990  10.222  5.286 0.0000000000
101599  -48.861  9.699  4.706 0.0000000000
61215  -48.552  8.962  2.693 0.0000000000
99735  -49.747  11.890  2.455 0.0000000000
64579  -47.821  14.112  3.823 0.0000000000
64580  -48.420  13.626  2.962 0.0000000000
97771  -48.038  15.083  1.671 0.0000000000
64036  -50.376  13.780  -0.242 0.0000000000
64024  -49.315  13.124  -0.164 0.0000000000
96445  -47.712  14.462  -0.454 0.0000000000
64604  -47.068  14.823  -0.927 0.0000000000
63948  -37.239  12.979  13.118 0.0000000000
64524  -38.074  14.788  13.104 0.0000000000
64526  -37.368  14.524  11.607 0.0000000000
65159  -37.357  14.961  10.825 0.0000000000
65160  -38.039  15.963  10.104 0.0000000000
65762  -40.112  16.589  14.193 0.0000000000
65769  -39.128  16.676  12.928 0.0000000000
66386  -38.812  17.013  12.127 0.0000000000
104588  -39.571  17.907  12.182 0.0000000000
96003  -39.247  17.630  11.841 0.0000000000
65774  -38.430  16.632  10.622 0.0000000000
65777  -38.671  16.300  9.769 0.0000000000
65163  -39.069  15.953  9.232 0.0000000000
65782  -40.433  16.269  8.606 0.0000000000
66396  -40.455  17.470  9.429 0.0000000000
66399  -40.763  16.999  8.796 0.0000000000
65783  -41.092  16.397  8.221 0.0000000000
65791  -41.744  16.442  7.763 0.0000000000
67580  -44.521  19.367  14.593 0.0000000000
67614  -45.665  19.481  12.424 0.0000000000
67613  -44.779  19.542  12.710 0.0000000000
67612  -43.806  19.601  12.429 0.0000000000
67624  -43.566  19.535  11.583 0.0000000000
67633  -43.251  19.410  10.669 0.0000000000
87411  -46.809  19.697  9.083 0.0000000000
67655  -45.656  19.841  9.120 0.0000000000
67654  -44.708  20.009  8.719 0.0000000000
67642  -44.722  19.793  9.603 0.0000000000
88292  -44.017  19.626  10.083 0.0000000000
87501  -42.750  19.162  10.032 0.0000000000
67025  -42.269  18.631  8.468 0.0000000000
67034  -42.396  18.631  7.611 0.0000000000
93099  -42.290  17.251  6.919 0.0000000000
65802  -42.695  16.594  6.685 0.0000000000
65224  -43.489  15.654  2.326 0.0000000000
66447  -42.379  17.351  2.100 0.0000000000
103526  -42.848  16.144  1.493 0.0000000000
65235  -43.297  15.836  1.405 0.0000000000
99628  -44.869  15.746  0.152 0.0000000000
65859  -44.114  16.365  -1.527 0.0000000000
105087  -45.196  16.179  -1.747 0.0000000000
65265  -45.496  15.856  -2.028 0.0000000000
65266  -45.487  15.401  -2.215 0.0000000000
67777  -41.638  19.780  -3.775 0.0000000000
67098  -41.490  19.357  -4.080 0.0000000000
69463  -45.190  22.330  0.789 0.0000000000
69471  -44.614  22.079  0.308 0.0000000000
68909  -43.038  21.533  0.694 0.0000000000
69460  -42.182  22.074  2.857 0.0000000000
67750  -40.324  19.885  0.010 0.0000000000
104461  -39.574  19.641  -0.510 0.0000000000
67749  -39.326  19.559  0.287 0.0000000000
88746  -38.631  19.385  -0.491 0.0000000000
91882  -37.651  19.156  -0.571 0.0000000000
67738  -36.327  19.249  1.144 0.0000000000
67708  -37.301  19.509  4.215 0.0000000000
71359  -45.813  26.851  8.614 0.0000000000
71356  -43.051  26.119  8.356 0.0000000000
71378  -42.199  26.299  7.868 0.0000000000
70860  -41.371  25.733  7.854 0.0000000000
71377  -40.840  26.329  7.590 0.0000000000
70859  -40.688  24.995  7.831 0.0000000000
70380  -40.026  24.534  7.638 0.0000000000
70379  -39.404  24.103  7.538 0.0000000000
93807  -39.136  25.696  7.563 0.0000000000
58038  -35.006  5.782  16.895 0.0000000000
62015  -48.521  10.862  1.937 0.0000000000
62698  -48.314  11.604  1.410 0.0000000000
66333  -43.483  17.424  18.641 0.0000000000
66342  -43.755  17.140  18.468 0.0000000000
66353  -44.721  17.636  18.035 0.0000000000
66455  -42.470  17.542  1.220 0.0000000000
66943  -44.693  18.041  18.627 0.0000000000
66950  -44.042  18.358  18.755 0.0000000000
66951  -45.058  18.064  18.333 0.0000000000
67006  -39.906  18.135  12.560 0.0000000000
67546  -44.702  18.879  18.661 0.0000000000
67558  -48.634  19.879  16.597 0.0000000000
67568  -45.793  18.886  16.691 0.0000000000
67596  -40.912  18.882  13.120 0.0000000000
67618  -49.917  19.881  12.203 0.0000000000
67646  -49.622  19.379  9.653 0.0000000000
67647  -50.229  19.534  9.202 0.0000000000
67659  -50.287  19.631  8.301 0.0000000000
67673  -50.341  19.770  7.374 0.0000000000
67688  -50.319  19.989  6.584 0.0000000000
67689  -50.516  20.067  7.106 0.0000000000
68204  -48.469  20.125  16.825 0.0000000000
68243  -50.596  20.101  9.957 0.0000000000
68302  -47.930  20.353  4.731 0.0000000000
68303  -49.438  20.759  4.621 0.0000000000
68766  -44.376  20.796  17.019 0.0000000000
68775  -45.718  21.696  15.577 0.0000000000
68834  -49.493  21.421  9.562 0.0000000000
68852  -50.547  20.350  8.123 0.0000000000
68882  -49.456  21.364  4.799 0.0000000000
68896  -49.031  21.687  2.957 0.0000000000
68914  -47.759  22.055  1.140 0.0000000000
69465  -47.769  22.225  1.427 0.0000000000
87817  -48.182  20.629  3.197 0.0000000000
88222  -40.811  7.215  19.703 0.0000000000
90208  -49.229  21.459  3.546 0.0000000000
102933  -49.169  24.831  12.454 0.0000000000
104803  -49.615  19.721  12.426 0.0000000000
104897  -43.369  19.691  8.162 0.0000000000
