#!ascii label  , from subject sub-v1s20x0050283_ses-1 vox2ras=TkReg
1388
13976  -22.025  -42.996  6.553 0.5000000000
96905  -21.645  -43.940  6.923 0.4000000060
91748  -21.653  -43.985  6.994 0.6000000238
14745  -21.788  -42.485  6.577 0.6000000238
15522  -22.959  -41.372  6.071 0.6000000238
14746  -22.472  -42.043  5.731 0.5000000000
16320  -23.419  -40.623  6.770 0.6000000238
14730  -21.349  -42.374  7.335 0.6999999881
102592  -21.918  -44.089  7.252 0.6999999881
15539  -21.948  -41.946  6.342 0.6999999881
15521  -22.157  -41.321  6.487 0.6999999881
16319  -22.491  -40.635  6.927 0.6999999881
16303  -23.949  -40.086  7.567 0.5000000000
16302  -23.000  -40.032  7.525 0.6999999881
16321  -24.378  -40.675  6.979 0.5000000000
9232  -24.606  -50.545  17.752 0.5000000000
13953  -21.650  -43.161  7.432 0.6999999881
90442  -21.449  -41.528  7.391 0.6999999881
16300  -21.326  -40.883  8.226 0.6999999881
16301  -22.136  -39.987  7.825 0.6999999881
16318  -21.656  -40.632  7.663 0.6999999881
17058  -23.632  -39.422  8.109 0.6000000238
12546  -25.320  -45.053  10.733 0.6999999881
13234  -25.068  -44.555  9.938 0.6999999881
13942  -21.963  -42.744  8.165 0.6999999881
13943  -23.143  -43.092  8.481 0.6999999881
9851  -23.675  -50.097  17.525 0.6000000238
8660  -22.495  -51.374  18.320 0.4000000060
14720  -21.378  -42.384  7.930 0.6999999881
17842  -23.389  -38.594  8.358 0.6999999881
17841  -22.441  -38.472  8.347 0.6999999881
17843  -24.456  -38.827  8.539 0.6000000238
13231  -25.937  -44.646  11.260 0.6999999881
12537  -25.482  -45.478  11.543 0.6999999881
13945  -24.724  -44.001  9.212 0.6999999881
13939  -25.648  -44.196  10.516 0.6999999881
9860  -24.641  -49.114  16.844 0.6000000238
14710  -24.517  -43.135  9.568 0.6999999881
14708  -22.597  -42.301  8.947 0.6999999881
13938  -25.197  -43.674  9.942 0.6999999881
14704  -25.670  -43.295  10.632 0.6999999881
9230  -22.716  -50.148  17.306 0.5000000000
91447  -23.120  -50.742  18.010 0.5000000000
16290  -21.401  -41.019  8.691 0.6999999881
14703  -24.998  -42.638  10.335 0.6999999881
8659  -21.527  -51.354  17.900 0.4000000060
17858  -21.676  -38.838  8.371 0.6999999881
15492  -21.587  -41.430  8.884 0.6999999881
14702  -23.962  -42.276  10.086 0.6999999881
8658  -20.676  -51.660  17.441 0.4000000060
94495  -21.327  -40.343  8.872 0.6999999881
15483  -23.481  -41.437  10.232 0.6999999881
15484  -24.492  -41.675  10.416 0.6999999881
17057  -22.653  -39.297  8.138 0.6999999881
17070  -21.581  -39.692  8.368 0.6999999881
17033  -22.094  -39.588  9.784 0.6999999881
16280  -23.130  -40.611  10.277 0.6999999881
16278  -21.547  -40.026  9.382 0.6999999881
18630  -24.907  -37.024  8.480 0.6000000238
18628  -22.970  -37.760  8.361 0.6999999881
18627  -21.787  -37.763  8.201 0.6999999881
19412  -26.197  -35.849  7.389 0.5000000000
18645  -25.561  -36.305  8.288 0.5000000000
87541  -27.985  -36.503  8.654 0.4000000060
18632  -27.147  -36.764  8.874 0.5000000000
94615  -26.165  -42.883  11.140 0.6999999881
95432  -24.874  -47.977  16.473 0.6000000238
14709  -23.688  -42.620  9.130 0.6999999881
103927  -25.666  -42.537  10.750 0.6999999881
17056  -21.296  -39.810  8.629 0.6999999881
15481  -21.686  -40.894  9.425 0.6999999881
17825  -20.565  -38.781  9.067 0.6999999881
20218  -24.015  -35.748  6.279 0.6999999881
18629  -24.053  -37.720  8.454 0.6999999881
19394  -24.669  -36.360  8.069 0.6999999881
19393  -23.798  -36.784  8.159 0.6999999881
19411  -24.964  -35.889  7.402 0.6999999881
12503  -27.228  -45.675  15.185 0.6999999881
12515  -27.342  -45.676  14.599 0.6999999881
13212  -27.991  -44.795  13.917 0.8000000119
13223  -27.724  -44.427  13.069 0.8000000119
11854  -26.759  -46.444  15.545 0.6000000238
11839  -26.020  -46.665  16.114 0.6000000238
12488  -26.303  -45.875  16.040 0.6000000238
13935  -26.834  -43.280  11.665 0.6999999881
11211  -25.645  -47.521  16.288 0.6000000238
10514  -24.246  -48.375  16.630 0.6000000238
11210  -24.173  -47.582  16.534 0.6000000238
9858  -22.759  -49.481  16.917 0.5000000000
9859  -23.666  -49.038  16.868 0.6000000238
14698  -26.670  -42.383  11.467 0.6999999881
17857  -20.870  -38.695  8.569 0.6999999881
17041  -20.945  -39.529  8.992 0.6999999881
19409  -22.741  -36.346  7.587 0.8000000119
19392  -22.479  -36.997  8.057 0.6999999881
17839  -20.441  -38.277  8.901 0.6999999881
16270  -22.867  -39.775  10.223 0.6999999881
20217  -22.987  -35.789  6.612 0.8000000119
18644  -21.011  -37.076  7.732 0.6999999881
18626  -20.359  -37.658  8.812 0.6999999881
89531  -28.070  -36.392  7.527 0.5000000000
18648  -28.672  -36.473  8.113 0.4000000060
12502  -26.911  -45.618  15.662 0.6000000238
13202  -27.776  -45.028  14.769 0.6999999881
13203  -28.330  -44.238  14.502 0.8000000119
13213  -28.367  -44.037  13.603 0.8999999762
100711  -28.010  -43.649  12.842 0.8000000119
13927  -27.519  -43.112  12.292 0.8000000119
11838  -25.122  -46.714  16.380 0.6000000238
11837  -24.299  -46.811  16.507 0.6000000238
14699  -27.197  -42.612  11.853 0.8000000119
10513  -23.340  -47.960  16.538 0.6000000238
15477  -26.559  -41.565  11.389 0.6999999881
9243  -21.998  -49.908  16.817 0.5000000000
15476  -25.852  -41.246  10.972 0.6999999881
97468  -21.394  -50.278  16.801 0.5000000000
9857  -21.209  -49.640  16.414 0.5000000000
16282  -25.081  -40.979  10.584 0.6999999881
16281  -24.132  -40.781  10.418 0.6999999881
19408  -21.484  -36.308  7.542 0.8000000119
99369  -20.440  -37.095  8.022 0.6999999881
18616  -20.420  -37.355  9.043 0.6999999881
101664  -22.000  -38.881  9.646 0.6999999881
18647  -27.266  -35.988  8.120 0.5000000000
13190  -27.372  -44.952  15.593 0.6999999881
92759  -27.480  -44.184  15.872 0.6999999881
13191  -27.976  -44.302  15.293 0.6999999881
13906  -28.591  -43.262  14.184 0.8000000119
13189  -26.599  -45.151  16.101 0.6999999881
13893  -28.363  -43.527  15.148 0.8000000119
14683  -28.562  -42.579  13.389 0.8000000119
12487  -25.440  -45.977  16.333 0.6000000238
14690  -28.167  -42.864  12.752 0.8000000119
12486  -24.543  -46.043  16.487 0.6000000238
14689  -27.647  -42.343  12.319 0.6999999881
10512  -22.635  -48.685  16.568 0.6000000238
16274  -26.417  -40.727  11.340 0.8000000119
16275  -27.154  -41.090  11.756 0.6999999881
88828  -21.950  -49.215  16.510 0.6000000238
95376  -26.215  -39.859  11.296 0.8000000119
9242  -20.687  -50.338  16.533 0.4000000060
16271  -23.796  -39.894  10.408 0.6999999881
16273  -25.641  -40.376  10.883 0.6999999881
92358  -19.677  -51.348  16.298 0.4000000060
17024  -23.469  -39.104  10.366 0.6999999881
16272  -24.789  -40.087  10.574 0.6999999881
19407  -20.661  -36.451  7.889 0.8000000119
17023  -22.688  -39.013  10.103 0.6999999881
19365  -20.954  -37.107  9.346 0.6999999881
19428  -25.229  -35.670  6.140 0.6999999881
19429  -26.282  -36.123  5.770 0.5000000000
102845  -28.819  -37.623  6.151 0.5000000000
19413  -27.251  -36.351  6.693 0.5000000000
19414  -29.789  -36.610  7.465 0.4000000060
13177  -26.835  -44.383  16.224 0.6000000238
13892  -27.818  -43.562  15.830 0.6999999881
14667  -28.621  -42.224  14.257 0.8000000119
91380  -25.733  -45.273  16.338 0.6999999881
15468  -28.256  -42.045  12.776 0.8000000119
15461  -28.565  -41.704  13.456 0.8000000119
89941  -23.598  -46.200  16.521 0.6000000238
16261  -28.317  -41.199  12.832 0.8000000119
15467  -27.692  -41.542  12.339 0.8000000119
11209  -22.335  -47.812  16.461 0.6000000238
17027  -27.075  -40.158  11.755 0.8000000119
17026  -25.446  -39.463  10.825 0.8000000119
18589  -24.225  -37.608  10.558 0.8000000119
17025  -24.496  -39.086  10.537 0.6999999881
9856  -20.310  -49.667  16.217 0.4000000060
20236  -22.504  -35.403  6.424 0.8000000119
20215  -21.199  -35.520  7.561 0.8000000119
19380  -20.531  -36.765  8.828 0.8000000119
17805  -23.162  -38.503  10.284 0.6999999881
20237  -23.465  -35.772  5.756 0.8000000119
19391  -20.538  -36.562  8.206 0.8000000119
17818  -22.458  -38.214  9.912 0.6999999881
20204  -20.988  -35.570  7.899 0.8000000119
20252  -23.993  -35.892  5.261 0.8000000119
21046  -21.240  -34.671  7.387 0.8000000119
19445  -25.356  -36.309  4.740 0.6000000238
18656  -28.067  -37.296  6.118 0.5000000000
13877  -27.105  -43.601  16.308 0.6000000238
14654  -28.539  -42.653  15.053 0.6999999881
13175  -25.212  -44.706  16.471 0.6000000238
96437  -28.285  -42.085  15.667 0.6999999881
92794  -24.874  -45.283  16.479 0.6000000238
13876  -26.115  -43.626  16.522 0.6000000238
13174  -24.384  -44.413  16.476 0.6000000238
103623  -23.149  -46.644  16.511 0.6000000238
94101  -23.975  -45.307  16.518 0.6000000238
16253  -28.565  -40.954  13.486 0.6999999881
16260  -27.730  -40.697  12.367 0.8000000119
11207  -21.026  -48.367  16.141 0.3000000119
90580  -26.071  -38.984  11.287 0.8000000119
104060  -26.713  -39.386  11.587 0.8000000119
17808  -25.335  -38.573  10.828 0.8000000119
19367  -23.772  -36.551  10.266 0.8000000119
20235  -21.526  -34.949  6.933 0.8000000119
99814  -21.306  -36.468  9.274 0.8000000119
19343  -23.516  -37.161  10.355 0.8000000119
17806  -23.882  -38.394  10.472 0.6999999881
95535  -20.928  -36.046  8.614 0.8000000119
21035  -21.203  -34.618  7.662 0.8000000119
20238  -24.399  -36.106  5.207 0.6999999881
19447  -27.146  -37.174  4.905 0.6000000238
20239  -30.466  -36.105  6.187 0.3000000119
14632  -26.621  -42.916  16.517 0.6000000238
99363  -27.864  -42.233  16.142 0.6999999881
15426  -28.405  -41.344  15.561 0.6999999881
13187  -21.394  -44.745  15.846 0.5000000000
95584  -25.196  -43.962  16.515 0.6000000238
15445  -28.593  -41.275  14.462 0.6999999881
91643  -22.605  -46.226  16.458 0.5000000000
12485  -23.058  -45.373  16.449 0.5000000000
94894  -28.592  -40.351  14.142 0.6999999881
11853  -21.109  -46.823  16.184 0.3000000119
90311  -21.986  -46.949  16.377 0.5000000000
89041  -28.486  -40.282  12.925 0.8000000119
17011  -28.177  -39.359  12.657 0.8000000119
102854  -27.740  -39.970  12.383 0.8000000119
94816  -25.176  -37.770  10.812 0.8999999762
99675  -26.286  -37.310  11.455 0.8999999762
17009  -26.793  -38.635  11.674 0.8000000119
17010  -27.381  -39.317  12.020 0.8000000119
10510  -20.704  -49.028  16.093 0.4000000060
19344  -24.185  -36.907  10.521 0.8999999762
17809  -26.002  -38.025  11.350 0.8999999762
21057  -22.979  -35.171  5.808 0.8000000119
20180  -21.830  -35.846  9.213 0.8000000119
18610  -22.725  -37.417  9.998 0.8000000119
20253  -24.842  -36.300  4.896 0.6999999881
19446  -26.343  -36.751  4.851 0.6000000238
18688  -29.314  -36.870  5.105 0.6000000238
18671  -29.249  -37.495  5.799 0.6000000238
90620  -26.262  -42.158  16.556 0.6000000238
14633  -27.273  -41.922  16.460 0.6000000238
15425  -28.012  -41.545  16.202 0.6999999881
105214  -25.871  -42.815  16.555 0.6000000238
92717  -25.215  -43.101  16.496 0.6000000238
16215  -28.518  -40.524  15.335 0.8000000119
12484  -22.083  -45.266  16.284 0.6000000238
13173  -23.437  -44.574  16.397 0.5000000000
13875  -24.423  -43.413  16.429 0.6000000238
17000  -28.673  -39.404  13.692 0.8000000119
11834  -21.614  -46.107  16.284 0.4000000060
11208  -21.474  -47.665  16.286 0.4000000060
17790  -27.644  -38.442  12.291 0.8000000119
20182  -24.224  -35.963  10.208 0.8999999762
93683  -25.603  -36.695  10.957 0.8000000119
18569  -26.861  -37.773  11.742 0.8000000119
20172  -24.918  -35.898  10.556 0.8000000119
21047  -21.115  -33.978  7.138 0.8000000119
21028  -22.102  -34.699  8.407 0.8000000119
20181  -23.098  -36.084  9.754 0.6999999881
21056  -21.757  -34.284  6.314 0.8000000119
20194  -22.576  -35.330  9.120 0.8000000119
100371  -21.379  -34.577  8.029 0.8000000119
92067  -21.238  -33.443  6.563 0.8000000119
19468  -26.499  -36.689  4.698 0.6999999881
19469  -27.527  -36.743  4.425 0.6999999881
89747  -29.808  -35.599  3.949 0.6000000238
20272  -30.621  -35.502  4.229 0.6000000238
20255  -31.377  -35.527  4.823 0.6000000238
14631  -25.307  -42.304  16.511 0.6000000238
16194  -27.685  -40.080  16.473 0.8000000119
16214  -28.189  -40.717  16.177 0.6999999881
13905  -21.961  -43.025  15.156 0.5000000000
13874  -23.627  -43.679  16.324 0.5000000000
16979  -28.656  -39.654  15.007 0.8000000119
13188  -22.141  -44.372  16.010 0.5000000000
91128  -28.570  -38.647  12.957 0.8000000119
17791  -28.933  -37.948  13.293 0.8000000119
102568  -28.257  -37.994  12.646 0.8000000119
93589  -25.261  -36.302  10.745 0.8000000119
18593  -26.869  -36.872  11.660 0.8000000119
21778  -21.236  -33.176  6.931 0.8000000119
20195  -23.813  -35.442  9.577 0.8000000119
21029  -23.261  -34.793  8.892 0.8999999762
94513  -23.646  -34.767  5.281 0.8000000119
21067  -21.284  -32.965  5.816 0.8000000119
19484  -25.943  -36.372  4.631 0.6999999881
21069  -24.561  -35.490  4.754 0.6999999881
19470  -28.356  -36.757  4.368 0.6999999881
21083  -26.269  -35.099  4.312 0.6999999881
20269  -27.116  -35.717  4.234 0.6999999881
20283  -27.929  -35.022  3.651 0.6999999881
20284  -28.618  -35.388  3.679 0.6999999881
16192  -25.643  -40.591  16.504 0.8000000119
15402  -26.456  -41.238  16.554 0.6000000238
16193  -26.659  -40.330  16.555 0.6000000238
16233  -21.161  -40.395  15.177 0.6000000238
15423  -22.469  -41.590  15.404 0.5000000000
14630  -24.508  -42.557  16.409 0.6000000238
90752  -24.674  -41.762  16.421 0.6000000238
16960  -28.407  -39.744  16.101 0.8000000119
16231  -19.702  -40.206  14.512 0.6000000238
16210  -21.884  -40.341  15.517 0.6000000238
15424  -23.124  -41.787  15.769 0.5000000000
15400  -23.833  -41.975  16.191 0.5000000000
17755  -19.019  -38.128  14.296 0.5000000000
101899  -19.718  -39.126  14.607 0.5000000000
96740  -20.927  -38.925  15.214 0.6000000238
16956  -21.411  -39.625  15.404 0.6000000238
13891  -22.903  -43.084  15.810 0.5000000000
17740  -28.658  -38.957  15.686 0.8000000119
17759  -28.822  -38.816  14.685 0.8000000119
92094  -19.728  -38.483  14.615 0.5000000000
14629  -23.737  -42.838  16.253 0.5000000000
18557  -18.196  -37.935  14.046 0.4000000060
13873  -22.850  -43.993  16.136 0.5000000000
17777  -28.828  -38.570  13.802 0.6999999881
19332  -27.836  -36.743  12.032 0.8000000119
20196  -24.970  -35.281  10.211 0.8000000119
19346  -25.817  -36.297  11.012 0.8000000119
19347  -26.417  -36.094  11.267 0.8000000119
21796  -23.350  -33.189  5.113 0.8999999762
21787  -21.129  -32.503  6.082 0.8999999762
21765  -23.086  -33.547  7.871 0.8000000119
21030  -24.352  -34.754  9.325 0.8000000119
21764  -21.997  -33.534  7.633 1.0000000000
21038  -23.792  -34.205  8.512 0.8000000119
21082  -25.367  -34.695  4.476 0.6999999881
16943  -25.830  -39.660  16.524 0.8000000119
16944  -26.898  -39.436  16.570 0.8000000119
92609  -21.719  -38.839  15.492 0.6000000238
16942  -24.828  -39.941  16.395 0.6000000238
16191  -24.807  -40.945  16.391 0.6000000238
16945  -27.842  -39.206  16.503 0.8000000119
95358  -20.430  -38.263  14.913 0.5000000000
16978  -20.696  -39.683  15.047 0.6000000238
16211  -22.642  -40.336  15.730 0.6000000238
16213  -24.104  -40.611  16.274 0.6000000238
16946  -28.307  -38.908  16.250 0.8000000119
91096  -28.848  -38.228  15.336 0.6999999881
17758  -21.183  -38.151  15.252 0.5000000000
16212  -23.394  -40.450  16.002 0.6000000238
18535  -18.826  -37.217  14.322 0.4000000060
18536  -19.789  -37.545  14.614 0.4000000060
18537  -20.693  -37.488  14.969 0.4000000060
18539  -29.069  -37.975  14.349 0.6999999881
19300  -20.352  -36.736  14.753 0.4000000060
102504  -21.043  -36.844  15.047 0.4000000060
17737  -22.706  -38.709  15.732 0.4000000060
90143  -21.035  -36.040  14.939 0.4000000060
18517  -22.385  -37.161  15.424 0.5000000000
100836  -28.694  -36.946  12.446 0.6999999881
20133  -20.128  -35.909  14.559 0.3000000119
19285  -21.766  -36.582  15.238 0.5000000000
20173  -25.641  -35.764  10.775 0.8000000119
20174  -26.387  -35.410  10.885 0.8000000119
19348  -27.185  -36.215  11.606 0.8000000119
19333  -28.709  -36.387  12.054 0.8000000119
19349  -27.867  -35.946  11.699 0.8000000119
21795  -22.056  -32.466  5.332 0.8000000119
22482  -21.546  -32.279  6.482 1.0000000000
22466  -23.373  -32.781  7.439 0.8000000119
21766  -24.203  -33.531  8.048 0.8000000119
104357  -25.693  -34.823  10.222 0.8000000119
20183  -25.802  -35.195  10.553 0.8000000119
23288  -21.917  -31.679  5.249 1.0000000000
21756  -25.693  -33.948  9.059 0.8000000119
21081  -24.449  -34.150  4.819 0.8000000119
21039  -24.804  -34.132  8.794 0.8000000119
21084  -27.080  -34.414  3.947 0.6999999881
21099  -28.712  -34.606  3.446 0.6999999881
20286  -30.171  -34.986  3.508 0.6999999881
20273  -31.435  -35.215  4.226 0.6000000238
21085  -31.009  -34.754  3.682 0.6999999881
21100  -29.525  -34.363  3.327 0.6999999881
21086  -31.838  -34.595  4.097 0.6000000238
17725  -27.152  -38.680  16.566 0.8000000119
16957  -22.211  -39.586  15.679 0.5000000000
17739  -24.409  -39.005  16.332 0.8000000119
91358  -25.177  -39.077  16.432 0.8000000119
100050  -23.421  -38.206  15.883 0.5000000000
17727  -28.536  -38.296  16.087 0.6999999881
18538  -21.498  -37.376  15.251 0.4000000060
17736  -22.060  -38.004  15.466 0.5000000000
16959  -23.901  -39.757  16.233 0.6999999881
17726  -27.908  -38.283  16.525 0.6999999881
18522  -29.121  -37.540  15.139 0.6999999881
18540  -29.422  -37.225  14.376 0.6999999881
103996  -29.809  -36.972  13.788 0.6999999881
19286  -22.608  -36.364  15.371 0.5000000000
19334  -29.538  -36.756  12.563 0.6999999881
20134  -21.442  -35.262  14.929 0.4000000060
20120  -21.952  -35.780  15.192 0.4000000060
20175  -27.166  -35.536  11.306 0.8000000119
21022  -26.415  -34.739  10.481 0.8000000119
102327  -27.632  -33.936  10.406 0.6999999881
21779  -24.517  -32.746  7.505 0.8000000119
21032  -26.067  -34.329  9.815 0.8000000119
22518  -23.668  -32.056  4.814 0.8999999762
21803  -24.343  -32.983  4.833 0.8999999762
22517  -23.010  -31.499  4.822 0.8999999762
23280  -22.263  -31.422  5.585 0.8000000119
23267  -23.430  -31.735  6.732 0.8000000119
21804  -25.277  -33.294  4.606 0.8999999762
90782  -24.636  -32.072  4.714 0.8000000119
21805  -26.193  -33.902  4.265 0.8999999762
21806  -26.918  -33.026  3.800 0.8000000119
94439  -27.979  -33.783  3.433 0.8000000119
94532  -28.892  -33.816  3.312 0.6999999881
21101  -30.374  -34.030  3.297 0.6999999881
21810  -33.293  -33.532  4.519 0.5000000000
17724  -26.033  -38.623  16.512 0.6999999881
18521  -24.901  -37.142  16.185 0.6999999881
18507  -26.822  -37.792  16.520 0.6999999881
88942  -24.077  -36.786  15.776 0.6000000238
18506  -25.740  -37.576  16.410 0.6999999881
18509  -28.310  -37.576  16.283 0.6999999881
102048  -28.723  -37.725  15.763 0.6999999881
18523  -29.364  -36.937  15.023 0.6999999881
19287  -23.401  -36.175  15.484 0.5000000000
20121  -22.710  -35.573  15.325 0.4000000060
19323  -29.879  -36.965  13.161 0.6999999881
20979  -22.164  -34.178  14.931 0.3000000119
20135  -22.070  -34.976  15.106 0.3000000119
20122  -23.469  -35.389  15.449 0.5000000000
21023  -27.258  -34.468  10.642 0.6999999881
20176  -28.681  -35.598  11.717 0.6999999881
20169  -30.424  -36.422  12.709 0.6999999881
20960  -22.771  -34.789  15.271 0.4000000060
21016  -27.599  -34.833  11.174 0.6999999881
21017  -28.505  -34.756  11.384 0.6999999881
21033  -26.929  -34.024  9.975 0.6999999881
22484  -24.777  -31.855  6.952 0.8000000119
21767  -25.246  -33.495  8.177 0.8000000119
21757  -26.416  -33.832  9.308 0.8000000119
21780  -25.599  -32.718  7.602 0.8000000119
23290  -23.538  -31.089  4.774 0.8000000119
22519  -25.444  -32.199  4.541 0.8000000119
23304  -24.885  -31.063  4.552 0.8000000119
23303  -23.904  -31.080  4.718 0.8999999762
94595  -26.036  -32.845  4.333 0.8999999762
21820  -28.645  -32.927  3.334 0.8000000119
21808  -31.818  -33.634  4.155 0.6999999881
21809  -32.525  -33.905  4.396 0.6000000238
21821  -29.574  -33.437  3.313 0.6999999881
22524  -30.524  -32.358  4.813 0.6999999881
19289  -24.812  -36.312  15.979 0.6000000238
19276  -25.732  -36.646  16.279 0.6000000238
19277  -26.869  -36.772  16.425 0.6999999881
18508  -27.641  -37.433  16.493 0.6999999881
18518  -23.234  -36.952  15.556 0.5000000000
18520  -24.298  -37.525  16.105 0.6000000238
19278  -27.960  -36.739  16.350 0.6999999881
90075  -28.789  -36.940  15.776 0.6999999881
20978  -21.342  -34.404  14.702 0.3000000119
19288  -24.136  -35.929  15.636 0.5000000000
20109  -25.424  -35.739  16.095 0.6000000238
19301  -29.829  -36.599  14.382 0.6999999881
20961  -23.535  -34.582  15.432 0.4000000060
20123  -24.214  -35.155  15.623 0.5000000000
20124  -25.045  -34.876  15.927 0.6000000238
19302  -30.358  -36.156  13.975 0.6999999881
20178  -30.567  -35.684  12.106 0.6999999881
20177  -29.571  -35.234  11.702 0.6999999881
21681  -23.624  -33.694  15.395 0.3000000119
21025  -28.840  -34.124  10.988 0.6999999881
21768  -26.308  -33.361  8.413 0.8000000119
87839  -27.103  -33.509  9.105 0.8000000119
21758  -27.719  -33.559  9.770 0.6999999881
22467  -27.270  -32.984  8.302 0.8000000119
23281  -23.185  -31.093  5.572 0.8000000119
101071  -24.081  -31.168  6.191 0.8000000119
22520  -26.057  -31.687  4.242 0.8000000119
92441  -26.012  -29.036  4.873 0.8000000119
23269  -25.861  -31.028  6.118 0.8000000119
101019  -26.732  -30.969  6.239 0.8000000119
93880  -26.972  -29.537  5.495 0.8000000119
22526  -32.769  -32.843  4.707 0.6000000238
22523  -29.661  -32.276  4.340 0.8000000119
22536  -30.369  -32.971  3.654 0.6000000238
23293  -30.809  -31.547  5.321 0.6999999881
23294  -31.686  -31.490  5.410 0.6000000238
22507  -31.390  -32.308  5.141 0.6000000238
20110  -26.357  -35.867  16.254 0.6000000238
20112  -28.453  -35.863  15.952 0.6999999881
20948  -25.966  -35.006  16.227 0.6000000238
19290  -29.305  -36.248  15.262 0.6999999881
20962  -24.316  -34.312  15.643 0.4000000060
20964  -26.528  -34.252  16.189 0.5000000000
20966  -28.418  -34.853  15.742 0.6999999881
20136  -29.849  -35.793  14.669 0.6999999881
20963  -25.682  -34.172  16.055 0.5000000000
20137  -30.428  -35.351  14.029 0.6999999881
20153  -30.721  -36.028  13.314 0.6999999881
21682  -24.505  -33.417  15.585 0.3000000119
21024  -27.984  -34.196  10.942 0.6999999881
95893  -30.886  -35.749  12.693 0.6999999881
22368  -23.827  -32.794  15.269 0.3000000119
22369  -24.844  -32.452  15.384 0.3000000119
21019  -30.473  -34.743  11.687 0.6999999881
21026  -29.826  -34.089  11.108 0.6999999881
95548  -26.578  -32.549  7.654 0.8000000119
21759  -28.493  -33.306  9.544 0.6999999881
21751  -28.386  -33.690  10.387 0.6999999881
21747  -30.749  -33.962  11.351 0.6999999881
93433  -29.050  -33.427  9.961 0.6999999881
21761  -30.768  -33.141  10.127 0.6999999881
23282  -24.076  -30.737  5.294 0.8000000119
22485  -25.788  -31.789  7.043 0.8000000119
21769  -27.892  -33.163  8.965 0.6999999881
21760  -29.834  -33.318  9.972 0.6999999881
90122  -30.294  -32.704  9.352 0.6999999881
23291  -24.432  -30.590  4.747 0.8000000119
23268  -24.925  -31.074  6.177 0.8000000119
92295  -26.728  -31.682  7.047 0.8000000119
22486  -27.487  -32.302  7.637 0.8000000119
22469  -29.464  -32.448  8.629 0.8000000119
23240  -31.184  -32.203  9.116 0.6999999881
23270  -27.708  -31.409  7.008 0.8000000119
23253  -29.124  -32.025  7.893 0.8000000119
23305  -25.236  -30.210  4.222 0.8000000119
24040  -25.770  -29.796  5.235 0.8000000119
23254  -29.566  -31.463  7.593 0.8000000119
104344  -27.264  -31.398  4.037 0.8000000119
24813  -25.961  -28.412  4.370 0.8000000119
24041  -27.925  -30.127  5.975 0.8000000119
24031  -28.374  -30.712  6.657 0.8000000119
91087  -29.350  -30.684  7.005 0.8000000119
24075  -27.928  -30.269  4.471 0.8000000119
24804  -28.734  -29.324  6.151 0.8000000119
23317  -28.032  -31.336  4.180 0.8000000119
22527  -33.413  -32.733  4.685 0.5000000000
22525  -32.028  -32.904  4.624 0.6000000238
24060  -28.554  -30.809  4.672 0.8000000119
23307  -29.015  -31.559  4.620 0.8000000119
22509  -33.158  -32.088  5.162 0.6000000238
104876  -32.217  -31.440  5.429 0.6000000238
22508  -32.272  -32.107  5.257 0.6000000238
20111  -27.388  -35.906  16.252 0.6999999881
20125  -27.753  -35.188  16.104 0.6999999881
20967  -29.180  -34.390  15.282 0.6999999881
20126  -29.197  -35.353  15.354 0.6999999881
102805  -28.371  -34.094  15.665 0.6999999881
21683  -25.465  -33.296  15.760 0.4000000060
97191  -26.230  -33.032  15.841 0.5000000000
88669  -30.946  -35.230  13.143 0.6999999881
22370  -25.853  -32.436  15.575 0.3000000119
22371  -26.691  -32.509  15.672 0.5000000000
20981  -30.649  -34.424  13.758 0.6999999881
22399  -24.062  -31.985  14.951 0.3000000119
23958  -26.087  -30.813  14.862 0.3000000119
20995  -31.360  -33.928  12.327 0.6999999881
23957  -25.276  -30.452  14.517 0.3000000119
96707  -31.595  -33.186  11.825 0.6999999881
92011  -28.077  -32.661  8.270 0.8000000119
22457  -29.295  -33.042  9.365 0.6999999881
21753  -30.291  -33.596  10.673 0.6999999881
22468  -28.659  -32.849  8.838 0.6999999881
87937  -31.179  -32.657  9.723 0.6999999881
93646  -24.849  -30.336  5.220 0.8000000119
101836  -28.739  -32.431  8.254 0.6999999881
22470  -30.384  -32.111  8.560 0.8000000119
23292  -25.059  -30.010  4.698 0.8000000119
94255  -30.331  -31.586  7.880 0.8000000119
24048  -25.412  -29.136  4.357 0.8000000119
99835  -30.096  -31.047  7.330 0.8000000119
24839  -26.670  -28.766  3.804 0.8000000119
24074  -27.049  -30.207  4.283 0.8000000119
99764  -28.829  -30.071  6.516 0.8000000119
24789  -29.591  -30.018  6.686 0.8000000119
24032  -30.377  -30.320  6.890 0.8000000119
96330  -28.480  -29.702  4.685 0.8000000119
24840  -27.427  -29.118  4.270 0.8000000119
24803  -27.820  -28.992  5.638 0.8000000119
25692  -28.511  -28.906  5.774 0.8000000119
24791  -31.152  -29.635  6.719 0.8000000119
24049  -31.292  -30.566  5.475 0.8000000119
20949  -26.911  -35.084  16.252 0.6000000238
20965  -27.564  -34.309  16.050 0.6000000238
97069  -26.958  -33.375  16.002 0.5000000000
21685  -28.785  -33.507  15.459 0.6999999881
20980  -30.012  -34.388  14.581 0.6999999881
22372  -27.528  -32.644  15.649 0.6000000238
21686  -29.618  -33.589  15.068 0.6999999881
21706  -30.341  -33.623  14.405 0.6999999881
90571  -25.068  -31.071  14.834 0.3000000119
23146  -26.369  -31.734  15.365 0.3000000119
22400  -30.029  -32.853  14.948 0.6999999881
23956  -24.534  -30.617  14.420 0.3000000119
23972  -27.384  -30.016  14.201 0.3000000119
21707  -31.006  -33.591  13.683 0.6999999881
25620  -25.521  -28.857  13.194 0.3000000119
90142  -25.914  -29.299  13.619 0.3000000119
24732  -26.698  -29.529  13.760 0.3000000119
24733  -27.621  -29.578  13.540 0.3000000119
25645  -25.339  -28.005  12.030 0.3000000119
21754  -31.236  -33.356  10.996 0.6999999881
22455  -31.521  -32.735  10.403 0.6999999881
23255  -31.266  -31.653  8.294 0.8000000119
24019  -30.930  -31.129  7.457 0.8000000119
24033  -31.474  -30.486  7.204 0.8000000119
25729  -26.624  -28.283  3.798 0.8000000119
25703  -26.565  -28.335  4.485 0.8000000119
25717  -27.470  -28.897  5.306 0.8000000119
25704  -28.377  -28.707  5.628 0.8000000119
90162  -29.814  -28.931  6.217 0.8000000119
25680  -30.962  -28.909  6.338 0.8000000119
24790  -30.147  -29.288  6.495 0.8000000119
25706  -30.450  -28.756  6.033 0.8000000119
24062  -30.269  -30.453  5.289 0.8000000119
24063  -31.867  -29.845  5.566 0.6999999881
21684  -27.926  -33.439  15.745 0.6000000238
22374  -29.222  -32.826  15.300 0.6000000238
23959  -27.131  -30.652  14.702 0.4000000060
23169  -29.363  -31.567  14.905 0.6000000238
22401  -30.791  -32.826  14.388 0.6999999881
23961  -29.025  -30.812  14.580 0.4000000060
22402  -31.068  -32.100  14.326 0.6999999881
22417  -31.340  -32.719  13.620 0.6999999881
24748  -27.975  -29.255  12.852 0.3000000119
99927  -29.478  -30.414  14.219 0.4000000060
23211  -31.977  -31.387  12.674 0.6999999881
22447  -31.835  -32.609  11.253 0.6999999881
22448  -32.345  -31.867  11.372 0.6999999881
103557  -32.050  -32.240  10.681 0.6999999881
23243  -32.503  -31.444  9.713 0.6999999881
100342  -29.775  -31.943  8.113 0.8000000119
24020  -31.837  -31.073  7.809 0.8000000119
24792  -32.019  -29.940  7.088 0.8000000119
24805  -29.302  -29.111  6.235 0.8000000119
25693  -32.018  -28.805  6.237 0.8000000119
24824  -29.419  -29.338  4.968 0.8000000119
25705  -29.153  -28.895  5.878 0.8000000119
25707  -31.602  -28.704  6.043 0.8000000119
24825  -30.935  -29.381  5.581 0.8000000119
24064  -32.732  -29.777  5.581 0.6000000238
24827  -33.414  -28.968  5.421 0.6999999881
22373  -28.387  -32.729  15.513 0.6000000238
23149  -28.855  -32.084  15.282 0.6000000238
96176  -29.567  -32.259  15.097 0.6000000238
23973  -28.059  -29.935  14.021 0.3000000119
24734  -28.437  -29.670  13.485 0.3000000119
24735  -29.426  -29.838  13.590 0.3000000119
23974  -30.250  -30.417  14.051 0.5000000000
95284  -31.647  -32.077  13.068 0.6999999881
25647  -27.074  -28.274  11.747 0.3000000119
25633  -28.373  -28.804  12.275 0.3000000119
24752  -31.856  -29.820  12.684 0.4000000060
23212  -32.538  -31.339  11.994 0.6999999881
26576  -27.148  -27.326  10.664 0.3000000119
23233  -32.948  -31.030  10.405 0.6000000238
23242  -32.563  -31.164  8.941 0.8000000119
24006  -33.156  -30.343  10.182 0.6000000238
23256  -32.092  -31.341  8.430 0.8000000119
24022  -32.913  -30.491  8.867 0.6999999881
95901  -33.103  -30.208  9.481 0.6999999881
24782  -33.033  -30.180  8.092 0.6999999881
24775  -33.322  -29.654  8.921 0.6999999881
24034  -32.352  -30.445  7.608 0.8000000119
24794  -33.370  -29.296  7.942 0.6999999881
25681  -32.166  -29.269  6.653 0.8000000119
25682  -33.108  -28.951  7.111 0.6999999881
25683  -33.576  -28.355  7.699 0.6999999881
24823  -28.140  -29.079  4.609 0.8000000119
25719  -30.021  -28.873  5.553 0.8000000119
25694  -32.770  -28.600  6.485 0.8000000119
25720  -31.302  -28.825  5.847 0.8000000119
94854  -32.820  -27.849  5.380 0.8000000119
24826  -32.273  -29.054  5.714 0.8000000119
24051  -33.149  -30.495  5.491 0.6000000238
24815  -34.247  -29.749  5.145 0.6000000238
23975  -31.095  -30.487  13.686 0.5000000000
23192  -31.555  -31.256  13.496 0.5000000000
24749  -28.841  -29.312  12.857 0.3000000119
24736  -30.470  -29.840  13.414 0.4000000060
23985  -31.721  -30.596  13.031 0.5000000000
25649  -28.792  -28.422  11.719 0.3000000119
23986  -32.393  -30.653  12.447 0.5000000000
26565  -29.265  -27.914  11.318 0.3000000119
25650  -29.668  -28.397  11.803 0.3000000119
24753  -32.664  -29.826  12.191 0.6000000238
23996  -32.986  -30.578  11.844 0.6000000238
27482  -28.587  -26.724  10.409 0.3000000119
26567  -31.171  -27.976  11.481 0.3000000119
27481  -27.691  -26.735  10.304 0.3000000119
24763  -33.296  -29.733  10.699 0.6000000238
27495  -26.502  -26.222  9.703 0.3000000119
24770  -33.301  -29.677  9.877 0.6999999881
26622  -33.072  -27.753  5.781 0.8000000119
26623  -33.465  -27.262  5.929 0.6999999881
91812  -33.578  -27.590  6.545 0.6999999881
25709  -33.163  -27.964  6.248 0.6999999881
25708  -32.623  -28.376  5.985 0.8000000119
27541  -32.622  -26.853  5.016 0.6999999881
94575  -32.369  -28.569  5.842 0.8000000119
26630  -32.228  -27.344  4.577 0.6000000238
24829  -34.848  -29.797  4.482 0.6000000238
25721  -33.148  -28.271  5.257 0.6999999881
24841  -34.055  -28.589  4.183 0.6999999881
24828  -34.142  -29.129  4.948 0.6999999881
25732  -33.098  -28.225  3.738 0.6999999881
26673  -29.914  -27.750  1.437 0.5000000000
25759  -30.944  -28.261  0.711 0.5000000000
24762  -33.152  -29.748  11.531 0.6000000238
25654  -33.198  -29.000  11.082 0.6000000238
94941  -33.357  -29.122  10.380 0.6000000238
25674  -33.717  -28.524  8.753 0.6999999881
26597  -34.052  -27.528  9.157 0.6999999881
26603  -33.981  -27.644  8.299 0.6999999881
28380  -24.800  -25.267  8.692 0.3000000119
26612  -33.888  -27.488  7.287 0.6999999881
26631  -33.015  -27.247  5.484 0.6999999881
26644  -32.467  -27.866  4.590 0.6999999881
26643  -31.536  -27.376  4.185 0.6999999881
102871  -34.518  -29.383  4.745 0.5000000000
25743  -31.800  -28.458  1.980 0.6999999881
25744  -32.795  -28.720  2.155 0.6999999881
25661  -32.843  -28.354  11.183 0.5000000000
26582  -32.674  -27.619  10.797 0.4000000060
25662  -33.277  -28.315  10.518 0.6000000238
26583  -33.265  -27.525  10.309 0.5000000000
29335  -25.351  -24.594  8.161 0.3000000119
29336  -26.303  -24.603  8.222 0.3000000119
26613  -34.258  -26.611  7.194 0.6000000238
27521  -33.980  -26.959  6.505 0.6000000238
27558  -32.030  -26.725  4.304 0.6000000238
27542  -33.255  -26.653  5.390 0.6000000238
27557  -31.125  -27.086  4.450 0.6000000238
26642  -30.268  -27.228  4.131 0.6999999881
25731  -32.061  -28.005  3.454 0.6999999881
25745  -33.801  -29.002  2.427 0.6999999881
25746  -34.629  -29.378  2.610 0.5000000000
24851  -34.286  -29.666  1.337 0.5000000000
25742  -30.867  -28.145  1.803 0.6000000238
25761  -32.431  -29.503  0.858 0.5000000000
90322  -33.406  -29.754  1.040 0.5000000000
25760  -31.609  -28.961  0.768 0.5000000000
25758  -30.409  -27.862  0.350 0.5000000000
93299  -32.237  -26.982  10.642 0.4000000060
27486  -32.970  -26.828  10.262 0.4000000060
27501  -32.801  -26.058  9.787 0.4000000060
28367  -29.814  -25.586  9.656 0.4000000060
26590  -33.713  -27.140  9.828 0.6000000238
29353  -26.857  -24.068  7.721 0.3000000119
29338  -28.196  -24.539  8.397 0.3000000119
26604  -34.242  -26.893  8.020 0.6000000238
30324  -26.772  -22.937  6.822 0.3000000119
27522  -34.303  -26.158  6.492 0.6000000238
28414  -33.485  -25.623  4.511 0.5000000000
27559  -32.752  -26.144  4.341 0.6000000238
27556  -30.248  -26.815  4.235 0.6000000238
27555  -29.253  -26.825  4.005 0.6000000238
99579  -30.284  -26.215  3.877 0.6000000238
26661  -31.057  -27.695  3.195 0.6999999881
26672  -29.196  -27.529  0.576 0.5000000000
27500  -31.125  -26.175  10.232 0.4000000060
28369  -31.841  -25.628  9.717 0.4000000060
27502  -33.600  -26.402  9.637 0.5000000000
28387  -32.093  -24.853  9.060 0.4000000060
26591  -34.141  -26.715  9.282 0.4000000060
27511  -34.323  -26.369  8.678 0.5000000000
29354  -27.823  -24.069  7.737 0.3000000119
30315  -28.429  -23.496  7.367 0.3000000119
29355  -28.790  -24.068  7.881 0.4000000060
27514  -34.350  -26.118  7.872 0.4000000060
30326  -28.219  -22.986  6.768 0.3000000119
29356  -29.785  -23.941  7.961 0.4000000060
28404  -34.301  -25.523  5.781 0.5000000000
96923  -34.390  -25.910  7.164 0.6000000238
28403  -33.714  -25.935  5.215 0.5000000000
28435  -33.208  -25.423  3.711 0.5000000000
28433  -31.139  -26.422  3.998 0.6000000238
28431  -28.836  -25.575  3.550 0.6000000238
26640  -28.167  -27.391  3.467 0.6000000238
27554  -27.595  -27.003  3.608 0.6000000238
26659  -29.020  -27.514  2.731 0.5000000000
91519  -28.846  -27.522  1.594 0.5000000000
26671  -27.948  -27.394  1.059 0.5000000000
26689  -28.336  -27.345  0.319 0.5000000000
26690  -29.585  -27.525  0.139 0.5000000000
28370  -33.437  -25.674  9.352 0.4000000060
97556  -32.673  -25.409  9.410 0.4000000060
28389  -33.810  -25.290  8.830 0.4000000060
27503  -34.093  -25.956  9.180 0.4000000060
29342  -32.734  -24.371  8.471 0.4000000060
29344  -34.097  -25.035  8.280 0.4000000060
28393  -34.318  -25.289  7.641 0.4000000060
30325  -27.497  -22.839  6.679 0.3000000119
104608  -34.353  -24.893  5.495 0.4000000060
28395  -34.408  -25.330  6.700 0.5000000000
31238  -27.136  -22.369  6.397 0.3000000119
29375  -33.901  -24.844  4.116 0.4000000060
28434  -32.316  -25.968  3.578 0.5000000000
29392  -32.779  -25.077  2.935 0.4000000060
28449  -30.848  -25.563  2.940 0.5000000000
28430  -28.171  -26.293  3.661 0.6000000238
28448  -29.842  -25.537  3.214 0.5000000000
26658  -27.990  -27.487  2.418 0.5000000000
26639  -27.225  -27.377  3.108 0.6000000238
28429  -26.957  -25.754  3.342 0.6000000238
28447  -27.734  -25.069  3.500 0.6000000238
27553  -26.667  -26.815  3.088 0.6000000238
26657  -26.767  -27.258  1.828 0.5000000000
26688  -26.585  -27.268  0.720 0.5000000000
90748  -30.312  -27.681  0.160 0.5000000000
26656  -25.763  -27.059  1.842 0.5000000000
33054  -26.344  -20.439  5.075 0.3000000119
33055  -27.164  -20.568  5.092 0.4000000060
33056  -27.994  -20.676  5.099 0.4000000060
95621  -26.981  -24.680  3.182 0.5000000000
33965  -26.704  -19.709  3.752 0.4000000060
103535  -25.087  -25.515  2.216 0.5000000000
29430  -28.997  -24.137  2.151 0.5000000000
29432  -31.030  -24.009  1.506 0.5000000000
28460  -24.544  -25.625  1.641 0.5000000000
26670  -25.216  -27.383  1.097 0.5000000000
26669  -24.239  -26.899  1.017 0.6000000238
26704  -29.857  -27.452  -0.088 0.5000000000
99801  -27.531  -27.080  0.191 0.5000000000
26703  -28.904  -27.321  -0.090 0.6000000238
27607  -29.416  -26.896  -0.472 0.4000000060
33080  -27.781  -20.251  4.469 0.4000000060
33058  -29.780  -20.708  5.229 0.4000000060
29428  -26.667  -24.473  2.264 0.5000000000
29427  -25.346  -24.823  1.515 0.5000000000
28474  -24.508  -25.485  0.954 0.5000000000
103771  -25.561  -24.967  0.729 0.5000000000
29449  -26.428  -24.440  0.954 0.5000000000
26687  -25.061  -27.204  0.859 0.5000000000
27598  -25.951  -26.823  0.510 0.5000000000
28483  -29.855  -26.132  -0.872 0.4000000060
27605  -26.963  -26.216  -0.021 0.5000000000
27606  -28.357  -26.560  -0.350 0.5000000000
33967  -28.380  -19.873  3.908 0.4000000060
33980  -27.265  -19.323  3.372 0.4000000060
29431  -29.950  -23.891  1.374 0.4000000060
28475  -25.566  -25.829  0.510 0.4000000060
92173  -28.009  -25.269  -0.250 0.4000000060
28482  -29.016  -25.877  -0.751 0.5000000000
28490  -29.392  -25.126  -1.228 0.3000000119
29451  -28.569  -23.975  0.767 0.4000000060
28476  -26.621  -25.148  0.251 0.4000000060
29461  -28.756  -24.937  -0.869 0.5000000000
29471  -28.773  -24.321  -1.369 0.4000000060
92200  -28.166  -24.018  -0.744 0.4000000060
29473  -31.766  -24.422  -1.963 0.4000000060
95217  -29.289  -24.089  -1.792 0.4000000060
31321  -26.888  -21.655  -1.769 0.4000000060
30421  -29.819  -23.395  -2.138 0.4000000060
29472  -30.606  -24.350  -1.867 0.4000000060
30423  -32.263  -23.628  -2.225 0.4000000060
29474  -32.623  -24.271  -1.723 0.4000000060
30408  -27.116  -22.975  -1.473 0.4000000060
29470  -28.002  -23.371  -1.974 0.3000000119
30420  -28.332  -22.934  -2.499 0.4000000060
31335  -27.207  -21.277  -2.761 0.4000000060
32232  -27.525  -20.752  -1.197 0.4000000060
95698  -29.101  -22.536  -2.415 0.3000000119
92351  -30.417  -22.741  -2.252 0.4000000060
30422  -31.184  -23.603  -2.214 0.4000000060
30424  -33.169  -23.421  -1.661 0.4000000060
30419  -27.071  -22.488  -2.856 0.3000000119
31338  -30.880  -21.895  -2.081 0.4000000060
92353  -31.723  -22.846  -2.412 0.5000000000
31337  -29.443  -21.763  -2.385 0.4000000060
14707  -21.709  -42.013  8.624 0.6999999881
13222  -26.933  -44.760  12.557 0.6999999881
15478  -27.185  -41.918  11.794 0.8000000119
13918  -28.442  -43.316  13.299 0.8000000119
13176  -25.952  -44.547  16.421 0.6000000238
14653  -28.130  -42.826  15.762 0.6999999881
89947  -20.785  -46.017  16.005 0.4000000060
104606  -21.171  -34.183  6.885 0.8000000119
18570  -27.601  -37.511  12.169 0.8000000119
91881  -24.038  -38.199  16.177 0.6000000238
22458  -31.893  -32.152  9.860 0.6999999881
23171  -30.929  -31.239  14.300 0.6000000238
23232  -32.497  -31.679  10.568 0.6000000238
23168  -28.507  -31.329  15.022 0.6000000238
24737  -31.258  -29.934  13.218 0.5000000000
25660  -32.178  -28.114  11.430 0.4000000060
27532  -33.972  -26.474  5.816 0.6000000238
29343  -33.572  -24.599  8.371 0.4000000060
29450  -27.304  -24.285  -0.058 0.4000000060
14747  -23.099  -42.115  5.206 0.5000000000
15523  -23.768  -41.258  6.271 0.5000000000
12555  -22.255  -44.850  7.677 0.6999999881
17059  -24.412  -39.668  8.213 0.5000000000
13934  -26.163  -43.763  11.144 0.6999999881
15493  -22.069  -41.645  9.438 0.6999999881
15494  -22.960  -41.904  9.801 0.6999999881
96432  -21.204  -38.366  9.423 0.6999999881
15482  -22.475  -41.218  10.030 0.6999999881
18646  -26.480  -36.299  8.436 0.5000000000
99414  -24.809  -47.313  16.445 0.6000000238
15485  -25.373  -41.842  10.666 0.6999999881
19410  -23.843  -36.060  7.564 0.6999999881
13926  -27.314  -43.930  12.314 0.8000000119
14697  -26.046  -42.064  11.058 0.6999999881
18657  -28.736  -37.027  7.009 0.4000000060
11836  -23.563  -47.051  16.532 0.6000000238
20216  -21.991  -35.721  7.141 0.8000000119
89135  -21.789  -48.472  16.380 0.5000000000
100203  -27.139  -37.104  5.404 0.5000000000
17807  -24.627  -38.276  10.616 0.8000000119
19467  -25.642  -36.606  4.823 0.6999999881
18670  -28.402  -37.490  5.501 0.6000000238
95966  -28.582  -41.916  15.034 0.6999999881
21036  -21.441  -34.085  7.663 0.8000000119
18669  -27.920  -37.336  4.791 0.6000000238
12500  -20.547  -45.170  15.737 0.3000000119
11852  -20.281  -46.718  15.872 0.4000000060
18590  -24.978  -36.972  10.698 0.8999999762
21068  -22.405  -33.826  5.618 0.8000000119
15403  -27.475  -40.979  16.460 0.6000000238
100730  -22.704  -44.712  16.293 0.5000000000
20270  -28.090  -36.035  3.906 0.6999999881
20256  -32.074  -35.247  4.589 0.4000000060
15401  -25.491  -41.492  16.507 0.6000000238
94103  -22.305  -43.666  15.712 0.5000000000
15422  -21.709  -41.165  15.193 0.5000000000
91225  -22.961  -41.070  15.747 0.6000000238
99202  -22.340  -40.908  15.514 0.6000000238
90589  -21.892  -42.088  14.999 0.5000000000
17757  -20.258  -39.016  14.876 0.6000000238
14651  -22.633  -42.348  15.437 0.5000000000
95249  -23.587  -41.213  16.075 0.6000000238
14652  -23.210  -42.392  15.898 0.5000000000
103790  -24.170  -41.309  16.291 0.5000000000
19299  -19.508  -36.569  14.481 0.4000000060
18558  -29.374  -37.373  13.645 0.6999999881
18571  -29.222  -37.312  12.934 0.6999999881
21031  -25.273  -34.553  9.629 0.8000000119
22465  -22.146  -32.839  7.292 0.8999999762
16958  -23.076  -39.629  15.890 0.6000000238
17738  -23.589  -38.909  16.095 0.6000000238
96426  -22.952  -37.747  15.629 0.5000000000
93136  -27.906  -35.266  11.507 0.6999999881
23266  -22.217  -31.685  6.305 0.8000000119
21807  -31.208  -33.762  3.605 0.6999999881
17723  -24.919  -38.152  16.355 0.6999999881
19324  -30.298  -36.608  13.516 0.6999999881
20168  -29.719  -36.131  12.063 0.6999999881
103964  -26.258  -37.180  16.427 0.6999999881
18519  -23.690  -37.541  15.839 0.6000000238
22521  -27.094  -31.954  3.780 0.8999999762
21819  -27.753  -32.743  3.509 0.8000000119
22535  -27.949  -32.080  3.527 0.8000000119
88971  -31.261  -32.937  4.203 0.6000000238
23308  -29.903  -31.560  5.007 0.8000000119
90497  -24.725  -35.629  15.839 0.6000000238
102021  -24.987  -33.998  15.858 0.4000000060
21018  -29.409  -34.572  11.352 0.6999999881
21752  -29.320  -33.685  10.555 0.6999999881
23306  -26.367  -30.790  4.118 0.8000000119
22522  -28.793  -32.173  3.762 0.8000000119
97374  -26.170  -33.614  16.008 0.5000000000
21011  -31.118  -34.964  12.355 0.6999999881
23165  -24.746  -31.682  15.047 0.3000000119
21748  -31.132  -34.369  11.832 0.6999999881
104591  -31.261  -33.782  11.670 0.6999999881
22487  -28.341  -32.107  7.693 0.8000000119
23271  -28.748  -31.412  7.345 0.8000000119
96735  -29.778  -35.047  14.838 0.6999999881
20994  -31.231  -34.346  13.033 0.6999999881
23145  -25.489  -31.680  15.231 0.3000000119
23147  -27.197  -31.860  15.430 0.4000000060
23960  -28.076  -30.569  14.543 0.3000000119
21720  -31.374  -33.544  13.057 0.6999999881
24747  -27.144  -29.125  12.980 0.3000000119
23962  -29.923  -31.025  14.562 0.6000000238
23170  -30.296  -31.980  14.745 0.6000000238
96050  -28.751  -30.165  14.099 0.4000000060
96963  -31.392  -31.856  13.881 0.6999999881
22436  -31.546  -32.962  12.656 0.6999999881
22437  -31.955  -32.217  12.127 0.6999999881
23222  -32.875  -31.195  11.264 0.6000000238
24793  -32.775  -29.728  7.383 0.8000000119
24814  -33.598  -29.694  5.456 0.6000000238
92211  -27.523  -27.852  11.203 0.3000000119
25637  -32.110  -29.258  12.267 0.5000000000
23997  -33.200  -30.474  11.032 0.6000000238
24021  -32.530  -30.843  8.255 0.8000000119
26564  -28.390  -27.903  11.238 0.3000000119
25651  -30.581  -28.421  11.882 0.3000000119
91663  -33.506  -28.902  9.677 0.6000000238
96878  -33.611  -28.011  9.714 0.6000000238
26598  -34.287  -27.038  8.755 0.6999999881
25722  -34.780  -29.209  4.029 0.5000000000
26641  -29.108  -27.229  3.703 0.6000000238
93816  -28.453  -27.130  3.774 0.6000000238
25773  -32.199  -29.412  0.243 0.4000000060
97002  -32.097  -26.378  10.262 0.4000000060
28385  -29.506  -25.092  9.057 0.4000000060
30313  -26.392  -23.491  7.343 0.3000000119
30314  -27.422  -23.405  7.203 0.3000000119
26660  -30.021  -27.574  2.971 0.5000000000
28390  -34.239  -25.647  8.471 0.4000000060
30316  -29.176  -23.528  7.556 0.4000000060
28415  -34.140  -25.090  4.951 0.5000000000
29362  -34.317  -24.544  7.074 0.4000000060
29376  -34.258  -24.347  4.590 0.4000000060
28450  -31.829  -25.519  2.779 0.5000000000
27583  -24.768  -26.744  1.425 0.6000000238
33057  -28.856  -20.694  5.169 0.4000000060
93254  -27.932  -24.371  3.074 0.5000000000
33081  -28.623  -20.308  4.515 0.4000000060
100931  -32.643  -22.918  -2.261 0.4000000060
32249  -27.405  -20.598  -2.217 0.4000000060
31340  -33.326  -22.560  -1.786 0.3000000119
10562  -23.253  -48.307  11.655 0.5000000000
11255  -22.176  -47.370  11.075 0.5000000000
8725  -25.123  -50.764  12.496 0.4000000060
9902  -25.109  -49.330  11.906 0.5000000000
10563  -24.074  -48.798  11.680 0.5000000000
11256  -23.004  -47.511  11.561 0.6000000238
89285  -22.810  -46.766  11.140 0.6000000238
9288  -25.731  -50.082  12.155 0.5000000000
9289  -26.309  -49.818  12.675 0.5000000000
10550  -24.716  -48.191  12.168 0.5000000000
9274  -26.512  -49.954  13.500 0.5000000000
96289  -23.758  -46.908  11.719 0.6000000238
11902  -23.767  -46.170  11.001 0.6000000238
12544  -23.723  -45.678  9.955 0.6000000238
11910  -22.982  -45.819  9.529 0.6000000238
13235  -23.148  -44.631  8.311 0.6000000238
12549  -23.510  -45.163  9.103 0.6000000238
9903  -26.108  -49.271  12.390 0.5000000000
11245  -24.528  -47.297  12.154 0.6000000238
9267  -26.693  -49.990  14.582 0.5000000000
9904  -26.869  -49.236  12.932 0.5000000000
11887  -24.315  -46.393  11.568 0.6000000238
92382  -26.243  -50.287  16.097 0.5000000000
12545  -24.552  -45.407  10.348 0.6000000238
13954  -22.472  -43.756  7.812 0.6000000238
11246  -25.522  -47.627  12.494 0.5000000000
9890  -27.136  -49.309  13.974 0.5000000000
9891  -27.151  -48.486  13.523 0.5000000000
10551  -26.427  -48.315  12.745 0.5000000000
101139  -24.519  -46.724  11.929 0.6000000238
9257  -26.760  -49.845  15.553 0.5000000000
9881  -27.325  -49.316  15.039 0.5000000000
12536  -24.727  -45.794  11.200 0.6000000238
9246  -26.472  -49.645  16.173 0.5000000000
13236  -24.332  -44.851  9.500 0.6000000238
100436  -23.987  -44.287  8.797 0.6000000238
11879  -25.984  -46.342  12.669 0.5000000000
12527  -25.678  -45.914  12.235 0.6000000238
10536  -27.278  -47.935  14.170 0.5000000000
11878  -25.258  -46.711  12.304 0.6000000238
9245  -25.828  -49.891  16.681 0.5000000000
9233  -25.104  -49.857  17.166 0.5000000000
13944  -24.054  -43.483  8.813 0.6000000238
11231  -27.045  -47.293  14.469 0.5000000000
11871  -26.460  -46.492  13.296 0.5000000000
90258  -26.482  -45.665  12.873 0.6000000238
10527  -27.045  -48.154  15.637 0.5000000000
9862  -26.160  -49.088  16.321 0.5000000000
10516  -26.413  -48.259  16.147 0.6000000238
12521  -27.003  -45.917  13.866 0.6000000238
101613  -26.810  -46.714  13.991 0.5000000000
104043  -27.066  -47.678  15.447 0.6000000238
90076  -27.046  -47.218  15.226 0.6000000238
12538  -26.184  -45.121  12.037 0.6000000238
101462  -24.941  -48.606  16.597 0.5000000000
10515  -25.592  -48.431  16.408 0.5000000000
11212  -26.625  -47.423  15.815 0.6000000238
9852  -24.409  -49.716  17.286 0.4000000060
11863  -27.083  -46.433  14.767 0.6000000238
12522  -27.536  -45.359  14.116 0.6000000238
13232  -26.609  -44.259  11.767 0.6000000238
13211  -27.293  -45.171  13.393 0.6999999881
95846  -29.025  -36.634  4.592 0.5000000000
24050  -32.224  -30.712  5.499 0.5000000000
102887  -33.835  -30.288  5.378 0.5000000000
31341  -34.091  -22.109  -1.351 0.3000000119
32250  -34.744  -21.512  -0.719 0.3000000119
33132  -35.294  -20.184  0.211 0.3000000119
96118  -24.529  -51.477  12.850 0.4000000060
9910  -24.216  -49.843  11.401 0.5000000000
11900  -21.825  -46.769  10.304 0.5000000000
9273  -25.850  -50.455  12.994 0.4000000060
11901  -22.834  -46.268  10.350 0.6000000238
11909  -22.093  -46.228  9.560 0.5000000000
12548  -22.511  -45.588  8.656 0.5000000000
92807  -25.269  -51.463  14.107 0.4000000060
9266  -25.906  -50.709  14.093 0.5000000000
8685  -25.836  -51.010  15.905 0.5000000000
9256  -26.206  -50.554  15.216 0.5000000000
94620  -25.814  -50.610  16.589 0.3000000119
8662  -24.404  -51.428  18.294 0.4000000060
9231  -23.963  -50.821  18.286 0.4000000060
19448  -29.911  -36.701  5.514 0.4000000060
20254  -30.585  -35.974  5.143 0.4000000060
19471  -29.765  -36.190  4.627 0.4000000060
23148  -28.032  -31.945  15.405 0.5000000000
23167  -27.656  -31.212  15.104 0.4000000060
23295  -32.778  -31.361  5.425 0.5000000000
24052  -34.392  -30.476  5.008 0.5000000000
25653  -32.662  -28.933  11.779 0.4000000060
32270  -34.441  -21.370  -1.154 0.3000000119
34021  -35.335  -19.367  0.264 0.3000000119
8712  -25.265  -51.163  13.338 0.4000000060
11888  -24.970  -46.205  11.804 0.6000000238
9861  -25.408  -49.189  16.634 0.6000000238
23296  -33.715  -31.182  5.272 0.5000000000
9244  -25.380  -50.554  17.230 0.4000000060
9287  -24.838  -50.323  11.800 0.4000000060
11257  -23.813  -47.782  11.962 0.6000000238
99392  -25.593  -48.527  12.326 0.5000000000
95755  -26.041  -46.986  12.798 0.5000000000
104178  -26.716  -47.471  13.445 0.5000000000
9872  -27.419  -48.621  15.286 0.5000000000
10528  -27.362  -47.908  15.013 0.5000000000
94529  -33.240  -21.769  -1.779 0.4000000060
8697  -25.590  -51.313  14.936 0.4000000060
12547  -21.579  -46.198  8.798 0.4000000060
13904  -20.921  -43.473  14.996 0.4000000060
13890  -21.602  -43.931  15.485 0.4000000060
12501  -21.272  -45.456  16.050 0.4000000060
99702  -20.949  -42.466  14.778 0.4000000060
16252  -19.080  -40.268  14.124 0.4000000060
15442  -19.617  -41.004  14.401 0.4000000060
15443  -20.421  -41.515  14.677 0.4000000060
99158  -21.201  -41.674  14.890 0.4000000060
16250  -17.445  -40.229  13.421 0.3000000119
16251  -18.278  -40.252  13.689 0.3000000119
16998  -17.933  -39.465  13.592 0.4000000060
16232  -20.374  -40.499  14.797 0.4000000060
17776  -18.439  -38.764  13.932 0.4000000060
17756  -19.166  -38.921  14.300 0.4000000060
16976  -19.402  -39.609  14.386 0.5000000000
23166  -26.899  -31.226  15.116 0.3000000119
25636  -31.464  -29.146  12.441 0.3000000119
25635  -30.137  -28.826  12.334 0.3000000119
24751  -30.832  -29.359  12.767 0.3000000119
97479  -30.906  -28.832  12.312 0.3000000119
25652  -31.604  -28.621  12.001 0.3000000119
27485  -31.426  -26.819  10.657 0.3000000119
28368  -30.783  -25.588  9.746 0.3000000119
29410  -29.190  -24.819  2.845 0.4000000060
28386  -30.456  -25.075  9.222 0.3000000119
29339  -29.157  -24.517  8.510 0.3000000119
29412  -31.391  -24.687  2.205 0.4000000060
29411  -30.202  -24.538  2.374 0.4000000060
29429  -27.755  -24.141  1.491 0.4000000060
97537  -31.276  -25.117  9.332 0.3000000119
29340  -30.162  -24.516  8.645 0.3000000119
29341  -31.825  -24.143  8.398 0.3000000119
30302  -33.231  -24.047  8.076 0.3000000119
29357  -30.836  -24.012  8.216 0.3000000119
30301  -32.586  -23.619  7.909 0.3000000119
30319  -33.441  -23.605  7.667 0.3000000119
30320  -34.050  -23.912  7.421 0.3000000119
97300  -29.760  -23.341  7.462 0.3000000119
30317  -30.552  -23.436  7.625 0.3000000119
29365  -34.408  -24.561  6.111 0.3000000119
30327  -29.201  -23.030  7.008 0.3000000119
31240  -28.842  -22.406  6.469 0.3000000119
90088  -34.364  -24.335  5.279 0.3000000119
32174  -28.524  -21.846  5.980 0.3000000119
29393  -33.579  -24.497  3.363 0.3000000119
29414  -33.118  -24.079  2.671 0.3000000119
33079  -26.939  -20.116  4.472 0.3000000119
29413  -32.326  -24.568  2.269 0.3000000119
33966  -27.544  -19.818  3.816 0.3000000119
30396  -27.607  -23.527  -0.259 0.3000000119
31224  -31.217  -22.901  7.255 0.3000000119
30318  -31.539  -23.496  7.805 0.3000000119
30329  -33.763  -23.263  7.057 0.3000000119
30330  -34.230  -23.777  6.660 0.3000000119
30328  -30.238  -22.921  7.097 0.3000000119
31225  -32.197  -22.859  7.431 0.3000000119
31245  -33.460  -22.624  6.656 0.3000000119
31246  -34.030  -23.039  6.320 0.3000000119
30333  -34.308  -23.632  5.807 0.3000000119
30340  -34.301  -23.507  4.853 0.3000000119
31241  -29.818  -22.382  6.609 0.3000000119
31242  -30.852  -22.345  6.738 0.3000000119
31243  -31.849  -22.272  6.895 0.3000000119
32173  -27.638  -21.849  5.924 0.3000000119
32175  -29.454  -21.789  6.141 0.3000000119
29394  -34.170  -23.932  3.965 0.3000000119
30352  -33.712  -23.495  3.285 0.3000000119
32193  -29.135  -21.221  5.653 0.3000000119
29433  -31.936  -24.027  1.628 0.3000000119
33968  -29.266  -19.852  4.075 0.3000000119
33981  -28.124  -19.347  3.468 0.3000000119
29452  -29.587  -23.452  0.827 0.3000000119
30397  -28.288  -23.037  0.519 0.3000000119
31226  -33.048  -22.986  7.336 0.3000000119
31244  -32.732  -22.352  6.854 0.3000000119
90919  -33.771  -22.453  6.028 0.3000000119
31251  -34.112  -22.852  5.540 0.3000000119
32176  -30.442  -21.735  6.280 0.3000000119
32178  -32.411  -21.703  6.420 0.3000000119
32179  -33.237  -21.920  6.140 0.3000000119
32194  -30.088  -21.223  5.743 0.3000000119
32195  -31.071  -21.183  5.856 0.3000000119
30369  -33.194  -23.078  2.629 0.3000000119
33082  -29.519  -20.314  4.606 0.3000000119
30368  -32.609  -23.658  2.052 0.3000000119
33982  -29.040  -19.310  3.616 0.3000000119
33983  -29.995  -19.265  3.802 0.3000000119
100211  -31.633  -23.577  0.990 0.3000000119
30382  -30.814  -23.429  0.677 0.3000000119
31250  -33.681  -22.105  5.339 0.3000000119
33060  -31.714  -20.724  5.403 0.3000000119
33061  -32.405  -20.926  5.424 0.3000000119
32205  -33.265  -21.473  4.798 0.3000000119
31261  -34.059  -22.682  4.843 0.3000000119
30353  -34.030  -23.013  4.098 0.3000000119
31260  -33.614  -22.209  4.413 0.3000000119
31268  -33.466  -22.532  3.482 0.3000000119
33083  -30.501  -20.300  4.710 0.3000000119
33084  -31.513  -20.294  4.816 0.3000000119
34852  -30.680  -18.741  3.517 0.3000000119
31290  -32.297  -22.529  1.082 0.3000000119
30383  -32.210  -23.330  1.248 0.3000000119
34851  -29.835  -18.636  3.393 0.3000000119
30399  -31.680  -22.892  0.567 0.3000000119
104804  -30.920  -22.668  0.407 0.3000000119
30398  -29.827  -22.812  0.659 0.3000000119
31304  -27.214  -22.363  -0.362 0.3000000119
33062  -32.902  -21.002  5.128 0.3000000119
33085  -32.340  -20.498  4.919 0.3000000119
32210  -33.108  -21.596  3.873 0.3000000119
33971  -32.176  -19.961  4.272 0.3000000119
102523  -32.661  -20.740  4.296 0.3000000119
33970  -31.301  -19.739  4.324 0.3000000119
33985  -31.860  -19.335  3.712 0.3000000119
31277  -32.632  -22.785  1.961 0.3000000119
34867  -29.673  -17.990  2.942 0.3000000119
33984  -31.006  -19.173  3.892 0.3000000119
34853  -31.413  -18.757  3.314 0.3000000119
31306  -30.073  -21.501  0.479 0.3000000119
31305  -28.443  -21.703  0.502 0.3000000119
32234  -28.861  -20.106  -0.153 0.3000000119
31278  -32.857  -21.997  2.791 0.3000000119
32209  -32.632  -20.902  3.299 0.3000000119
33099  -32.298  -19.881  3.445 0.3000000119
95910  -32.451  -22.019  1.904 0.3000000119
34868  -30.726  -18.172  3.005 0.3000000119
32225  -32.228  -21.461  1.131 0.3000000119
34869  -31.410  -18.420  2.556 0.3000000119
34854  -31.965  -19.007  3.019 0.3000000119
31308  -31.897  -22.065  0.606 0.3000000119
31307  -31.231  -21.665  0.207 0.3000000119
32264  -27.808  -20.540  -2.644 0.3000000119
33128  -28.589  -19.898  -1.261 0.3000000119
32233  -28.161  -20.366  -0.747 0.3000000119
32217  -32.392  -21.181  2.296 0.3000000119
35739  -30.322  -17.560  2.393 0.3000000119
33110  -32.356  -20.290  2.701 0.3000000119
33997  -32.016  -19.585  2.463 0.3000000119
33120  -32.013  -20.330  1.631 0.3000000119
32236  -31.624  -21.080  0.433 0.3000000119
32235  -31.145  -20.464  -0.193 0.3000000119
33142  -30.966  -19.912  -0.838 0.3000000119
31322  -30.216  -19.985  -0.209 0.3000000119
33129  -29.492  -19.489  -0.986 0.3000000119
35740  -31.039  -17.773  2.055 0.3000000119
34870  -31.541  -18.853  2.034 0.3000000119
34009  -31.687  -19.311  1.322 0.3000000119
96281  -31.849  -20.550  0.704 0.3000000119
33131  -31.592  -19.687  0.503 0.3000000119
34018  -31.449  -19.163  -0.617 0.3000000119
33130  -31.382  -19.926  -0.080 0.3000000119
94219  -30.090  -20.034  -1.296 0.3000000119
34027  -31.833  -19.350  -1.083 0.3000000119
32266  -29.736  -20.848  -1.889 0.3000000119
31339  -32.317  -21.986  -2.157 0.3000000119
36654  -30.851  -17.032  1.725 0.3000000119
34882  -31.458  -17.911  1.368 0.3000000119
34883  -31.573  -18.372  0.787 0.3000000119
34019  -31.463  -18.769  -0.017 0.3000000119
33152  -31.290  -20.030  -1.170 0.3000000119
32267  -31.332  -20.880  -1.556 0.3000000119
32268  -32.676  -20.982  -1.805 0.3000000119
13242  -21.613  -44.757  7.138 0.4000000060
15444  -20.977  -41.051  14.937 0.4000000060
28388  -33.077  -25.001  8.962 0.3000000119
32192  -28.232  -21.257  5.541 0.3000000119
89439  -17.803  -41.047  13.519 0.4000000060
90917  -18.727  -41.036  13.891 0.4000000060
104084  -19.819  -41.650  14.435 0.4000000060
16997  -17.180  -39.444  13.542 0.3000000119
16999  -18.712  -39.530  13.964 0.4000000060
32177  -31.476  -21.683  6.423 0.3000000119
32198  -33.250  -21.509  5.456 0.3000000119
32196  -32.012  -21.207  5.914 0.3000000119
32197  -32.769  -21.336  5.769 0.3000000119
33059  -30.762  -20.708  5.304 0.3000000119
33969  -30.246  -19.769  4.259 0.3000000119
34850  -28.787  -18.541  3.240 0.3000000119
33153  -32.183  -20.057  -1.488 0.3000000119
105108  -31.680  -17.699  0.238 0.3000000119
19430  -29.895  -37.028  6.416 0.4000000060
8672  -20.368  -51.084  16.671 0.3000000119
9228  -21.075  -50.865  17.127 0.3000000119
9241  -19.813  -50.400  16.224 0.3000000119
9229  -22.031  -50.641  17.428 0.3000000119
17775  -17.658  -38.681  13.740 0.3000000119
14666  -19.318  -42.653  14.244 0.3000000119
14682  -19.219  -41.830  14.149 0.3000000119
92104  -19.983  -42.215  14.476 0.3000000119
15460  -18.284  -41.791  13.692 0.3000000119
18658  -29.307  -37.272  6.678 0.3000000119
9871  -26.989  -49.024  15.867 0.5000000000
9882  -27.484  -48.591  14.504 0.5000000000
10511  -21.353  -48.975  16.249 0.5000000000
11835  -22.827  -47.107  16.491 0.6000000238
13962  -21.493  -43.179  7.038 0.6000000238
15503  -21.268  -41.693  8.139 0.6999999881
15540  -22.740  -41.785  5.299 0.5000000000
16279  -22.206  -40.390  9.979 0.6999999881
16977  -20.028  -39.679  14.733 0.6000000238
17032  -21.256  -39.253  9.309 0.6999999881
17824  -20.384  -38.041  9.080 0.6999999881
17840  -20.651  -38.992  8.916 0.6999999881
17856  -20.522  -37.668  8.478 0.6999999881
18588  -23.323  -37.859  10.318 0.6999999881
18591  -25.707  -37.242  11.114 0.8000000119
18592  -26.101  -36.733  11.284 0.8000000119
18608  -20.756  -37.687  9.302 0.6999999881
18609  -21.705  -37.610  9.604 0.6999999881
18649  -29.190  -36.721  7.697 0.4000000060
18687  -28.713  -37.196  4.975 0.6000000238
19345  -24.551  -36.393  10.520 0.8999999762
19366  -22.953  -36.778  9.987 0.8000000119
19390  -20.343  -37.125  8.439 0.6999999881
20193  -21.451  -35.206  8.396 0.8000000119
20267  -25.474  -35.961  4.478 0.6999999881
20268  -26.257  -35.985  4.471 0.6999999881
20271  -29.018  -36.007  4.038 0.6000000238
20285  -29.337  -35.200  3.584 0.6999999881
21037  -22.639  -34.158  8.203 0.8000000119
22483  -22.491  -32.202  6.904 0.8999999762
22497  -21.429  -31.982  5.479 0.8999999762
22505  -22.156  -31.645  5.039 0.8999999762
22506  -22.683  -31.956  4.916 0.8999999762
23241  -31.968  -31.712  9.033 0.8000000119
23279  -21.479  -31.808  5.791 1.0000000000
23289  -22.625  -31.407  4.896 0.8000000119
24012  -32.896  -30.799  9.591 0.6999999881
24030  -27.352  -30.532  6.008 0.8000000119
24059  -25.911  -29.507  3.869 0.8000000119
24061  -29.289  -30.528  4.926 0.8000000119
24802  -26.753  -28.671  4.935 0.8000000119
24822  -26.027  -28.522  3.807 0.8000000119
25691  -27.420  -28.667  5.185 0.8000000119
25695  -33.386  -28.183  6.863 0.6999999881
25715  -26.221  -28.069  3.928 0.8000000119
25716  -26.780  -28.472  4.601 0.8000000119
25718  -28.544  -29.174  5.647 0.8000000119
25730  -27.287  -28.708  4.248 0.8000000119
27496  -27.377  -26.196  9.782 0.3000000119
27552  -25.853  -25.890  2.574 0.5000000000
27571  -24.720  -26.038  1.991 0.6000000238
27572  -25.750  -26.617  2.249 0.6000000238
27582  -24.165  -26.285  1.284 0.6000000238
27597  -24.526  -26.500  0.793 0.6000000238
28432  -29.663  -26.289  3.919 0.6000000238
29337  -27.246  -24.558  8.294 0.3000000119
29358  -33.727  -24.120  7.888 0.3000000119
29359  -34.111  -24.539  7.828 0.4000000060
29409  -25.754  -25.026  2.520 0.5000000000
31336  -27.997  -21.697  -2.936 0.4000000060
32265  -28.703  -20.068  -1.849 0.3000000119
33141  -27.975  -19.955  -2.084 0.4000000060
89700  -31.122  -24.600  8.826 0.3000000119
91230  -27.437  -42.798  16.300 0.6999999881
91390  -29.437  -32.729  3.548 0.8000000119
92593  -20.981  -37.824  8.031 0.6999999881
95071  -28.418  -37.431  12.556 0.6999999881
95082  -23.482  -43.814  8.357 0.6999999881
95422  -22.011  -36.946  9.672 0.8000000119
96578  -27.623  -21.073  -0.400 0.4000000060
100218  -26.978  -35.049  10.863 0.6999999881
101009  -26.889  -28.557  3.821 0.8000000119
101389  -33.078  -26.221  4.932 0.6000000238
101454  -27.700  -37.395  5.283 0.6000000238
101528  -29.174  -28.919  6.025 0.8000000119
102126  -26.488  -27.080  2.600 0.5000000000
102625  -25.081  -28.377  12.727 0.3000000119
103525  -20.389  -36.857  8.075 0.8000000119
103552  -22.268  -36.418  9.613 0.8000000119
103677  -26.227  -47.561  12.803 0.5000000000
103952  -23.412  -37.285  8.301 0.6999999881
104002  -26.934  -42.449  16.514 0.6000000238
104059  -27.931  -20.212  -1.470 0.4000000060
104132  -28.556  -20.820  -2.579 0.3000000119
104820  -22.769  -31.382  6.089 0.8000000119
105208  -23.974  -26.173  1.091 0.6000000238
