#!ascii label  , from subject sub-v1s20x0050282_ses-1 vox2ras=TkReg
434
68478  -30.919  -10.522  -27.652 0.0000000000
119402  -30.116  -9.890  -34.306 0.0000000000
127599  -20.237  1.274  -36.329 0.0000000000
76321  -25.071  -2.396  -37.834 0.0000000000
133858  -28.488  -3.964  -32.579 0.0000000000
128213  -31.591  -6.162  -28.758 0.0000000000
80954  -19.681  3.280  -37.378 0.0000000000
140421  -26.166  -2.885  -34.144 0.0000000000
73276  -26.155  -5.586  -34.618 0.0000000000
68509  -29.234  -10.194  -30.307 0.0000000000
118733  -29.854  -7.538  -29.877 0.0000000000
126337  -31.558  -8.712  -28.067 0.0000000000
135778  -27.834  -16.016  -26.926 0.0000000000
66462  -28.145  -11.962  -29.728 0.0000000000
86290  -21.366  8.623  -35.985 0.0000000000
119780  -22.078  7.092  -37.008 0.0000000000
119629  -21.923  5.433  -37.057 0.0000000000
138075  -22.323  3.492  -38.255 0.0000000000
80067  -23.772  1.532  -38.488 0.0000000000
78245  -21.126  -0.880  -38.267 0.0000000000
130343  -24.555  -0.074  -36.024 0.0000000000
78195  -26.572  -0.767  -33.840 0.0000000000
77289  -29.101  -1.717  -32.482 0.0000000000
76240  -30.599  -2.388  -30.800 0.0000000000
72253  -28.128  -6.648  -32.475 0.0000000000
118730  -30.111  -5.359  -30.359 0.0000000000
73293  -24.639  -5.205  -35.675 0.0000000000
118785  -23.798  -5.870  -35.674 0.0000000000
68497  -29.930  -10.180  -29.106 0.0000000000
125294  -30.267  -9.555  -28.985 0.0000000000
141834  -31.380  -9.723  -28.033 0.0000000000
60369  -27.519  -18.598  -23.626 0.0000000000
135895  -28.477  -17.604  -23.892 0.0000000000
119284  -28.657  -16.853  -24.529 0.0000000000
67512  -27.243  -10.693  -31.127 0.0000000000
66460  -26.629  -12.123  -30.110 0.0000000000
84697  -22.185  6.312  -36.736 0.0000000000
80029  -19.892  1.942  -36.082 0.0000000000
126859  -19.959  3.039  -39.066 0.0000000000
80981  -20.880  2.337  -40.124 0.0000000000
80957  -23.302  2.341  -38.015 0.0000000000
140941  -21.919  1.242  -40.277 0.0000000000
77353  -22.876  -2.078  -38.905 0.0000000000
78257  -24.838  -0.875  -39.026 0.0000000000
78225  -24.867  -1.147  -35.914 0.0000000000
137107  -25.408  -0.280  -34.399 0.0000000000
77328  -25.189  -2.145  -35.963 0.0000000000
134792  -27.290  -3.881  -33.435 0.0000000000
76258  -27.932  -2.274  -33.242 0.0000000000
76252  -29.102  -2.634  -32.295 0.0000000000
77276  -30.224  -1.890  -31.460 0.0000000000
75216  -29.761  -3.326  -31.368 0.0000000000
70449  -27.868  -8.721  -34.156 0.0000000000
137409  -27.121  -7.311  -33.832 0.0000000000
135803  -28.868  -8.602  -33.459 0.0000000000
135789  -30.678  -7.316  -29.276 0.0000000000
119699  -29.794  -6.063  -30.108 0.0000000000
73220  -31.226  -5.544  -29.302 0.0000000000
144479  -31.259  -4.285  -29.764 0.0000000000
118735  -31.925  -5.315  -28.906 0.0000000000
119634  -29.385  -15.161  -25.784 0.0000000000
121934  -27.794  -15.127  -28.446 0.0000000000
130163  -28.845  -14.488  -27.282 0.0000000000
118653  -29.210  -13.632  -27.441 0.0000000000
75288  -24.485  -3.127  -37.059 0.0000000000
76302  -25.397  -3.081  -36.357 0.0000000000
74253  -25.416  -3.880  -35.960 0.0000000000
74211  -26.043  -4.739  -34.563 0.0000000000
74200  -27.139  -4.765  -33.434 0.0000000000
119522  -29.718  -9.842  -32.281 0.0000000000
120185  -29.537  -8.829  -32.181 0.0000000000
123378  -29.628  -8.869  -30.474 0.0000000000
71286  -30.430  -8.171  -29.456 0.0000000000
71271  -31.673  -7.594  -28.314 0.0000000000
118657  -29.164  -16.083  -24.800 0.0000000000
68541  -28.195  -10.447  -33.298 0.0000000000
68520  -28.692  -10.250  -31.433 0.0000000000
67501  -29.262  -11.064  -30.040 0.0000000000
67472  -29.610  -11.372  -28.376 0.0000000000
87165  -22.399  9.550  -35.602 0.0000000000
85498  -20.299  7.855  -35.627 0.0000000000
86303  -22.018  8.255  -36.934 0.0000000000
85501  -23.344  7.937  -36.625 0.0000000000
84682  -23.216  6.702  -35.567 0.0000000000
83813  -23.065  5.716  -35.522 0.0000000000
81877  -19.861  3.752  -38.293 0.0000000000
118871  -22.088  4.538  -37.341 0.0000000000
118869  -23.728  4.885  -35.092 0.0000000000
119685  -23.746  3.478  -35.308 0.0000000000
81854  -24.305  2.693  -35.080 0.0000000000
80929  -24.994  2.134  -34.542 0.0000000000
78255  -20.920  -0.013  -38.794 0.0000000000
79203  -23.229  0.293  -40.378 0.0000000000
79170  -24.298  0.824  -36.653 0.0000000000
80016  -25.141  1.130  -34.559 0.0000000000
80004  -27.086  1.241  -34.232 0.0000000000
79111  -29.043  -0.058  -33.056 0.0000000000
76271  -26.523  -2.172  -33.941 0.0000000000
78187  -28.135  -1.087  -33.280 0.0000000000
123784  -25.814  -6.588  -34.609 0.0000000000
72268  -26.574  -6.028  -34.023 0.0000000000
73252  -28.154  -5.678  -32.459 0.0000000000
138677  -28.958  -7.412  -31.455 0.0000000000
73243  -29.061  -5.711  -31.247 0.0000000000
139372  -29.559  -4.227  -31.321 0.0000000000
75208  -30.192  -3.740  -30.808 0.0000000000
75210  -31.339  -3.534  -29.800 0.0000000000
123139  -28.176  -12.862  -29.323 0.0000000000
135484  -29.456  -12.099  -27.861 0.0000000000
67451  -30.666  -11.504  -26.587 0.0000000000
67473  -30.331  -10.730  -28.107 0.0000000000
68487  -30.523  -10.148  -28.665 0.0000000000
69435  -31.492  -10.026  -27.564 0.0000000000
68474  -31.114  -10.711  -27.015 0.0000000000
60344  -29.098  -18.523  -22.219 0.0000000000
60370  -28.226  -18.271  -23.402 0.0000000000
61359  -29.079  -17.923  -23.057 0.0000000000
80045  -20.232  1.932  -37.001 0.0000000000
124008  -19.965  2.544  -38.798 0.0000000000
80079  -20.469  1.688  -39.239 0.0000000000
80092  -21.348  1.777  -40.256 0.0000000000
79201  -21.059  1.186  -39.756 0.0000000000
76319  -23.135  -2.622  -37.990 0.0000000000
77346  -22.196  -2.206  -38.268 0.0000000000
76327  -24.723  -2.183  -38.571 0.0000000000
123912  -25.069  -1.712  -38.539 0.0000000000
77347  -25.245  -1.786  -37.696 0.0000000000
77337  -25.196  -1.749  -36.793 0.0000000000
77338  -25.244  -2.417  -37.063 0.0000000000
75225  -28.006  -3.527  -33.080 0.0000000000
75226  -28.580  -3.145  -32.661 0.0000000000
122433  -29.527  -2.851  -31.797 0.0000000000
75215  -29.135  -3.512  -32.012 0.0000000000
70440  -28.336  -9.042  -34.411 0.0000000000
119067  -28.752  -8.888  -33.945 0.0000000000
119208  -29.754  -9.414  -34.182 0.0000000000
119059  -30.907  -6.401  -29.195 0.0000000000
136881  -32.113  -5.905  -28.274 0.0000000000
118740  -32.428  -4.938  -28.285 0.0000000000
120933  -29.142  -14.810  -26.498 0.0000000000
75278  -22.796  -3.352  -36.524 0.0000000000
75280  -24.748  -3.661  -36.616 0.0000000000
75279  -23.810  -3.830  -36.486 0.0000000000
73294  -25.248  -5.549  -35.349 0.0000000000
74233  -25.317  -4.713  -35.559 0.0000000000
74234  -25.746  -5.152  -35.124 0.0000000000
74199  -26.494  -4.295  -33.851 0.0000000000
73263  -26.507  -5.184  -33.946 0.0000000000
68522  -29.464  -9.809  -31.151 0.0000000000
120809  -29.564  -9.417  -31.349 0.0000000000
69459  -29.477  -9.498  -30.322 0.0000000000
70377  -30.640  -8.768  -28.887 0.0000000000
70368  -31.219  -8.610  -28.477 0.0000000000
70378  -31.156  -7.977  -28.819 0.0000000000
139232  -31.535  -8.192  -28.317 0.0000000000
70359  -32.173  -7.968  -27.407 0.0000000000
71261  -31.848  -8.086  -27.915 0.0000000000
59245  -27.211  -19.211  -23.256 0.0000000000
59244  -26.492  -19.490  -23.562 0.0000000000
119457  -28.402  -16.332  -25.367 0.0000000000
136049  -29.953  -15.791  -24.447 0.0000000000
68532  -28.556  -10.361  -32.430 0.0000000000
125010  -27.850  -11.481  -30.253 0.0000000000
67500  -28.500  -11.272  -30.202 0.0000000000
143493  -28.774  -11.573  -29.696 0.0000000000
67486  -29.255  -11.364  -29.217 0.0000000000
86278  -20.868  8.852  -35.016 0.0000000000
87164  -21.636  9.277  -35.352 0.0000000000
87173  -22.158  8.895  -36.308 0.0000000000
118878  -21.422  6.905  -36.867 0.0000000000
85513  -21.750  7.589  -37.040 0.0000000000
87174  -22.726  8.500  -36.864 0.0000000000
85514  -22.659  7.890  -37.207 0.0000000000
84681  -22.630  6.336  -36.063 0.0000000000
119358  -22.457  5.597  -36.227 0.0000000000
81889  -21.814  3.299  -38.986 0.0000000000
118876  -21.122  3.570  -38.921 0.0000000000
119483  -22.464  3.751  -37.444 0.0000000000
140074  -22.712  4.224  -35.935 0.0000000000
119530  -22.553  3.973  -36.546 0.0000000000
119687  -23.326  4.168  -35.476 0.0000000000
118870  -22.984  3.560  -35.832 0.0000000000
137366  -23.383  2.539  -37.108 0.0000000000
80945  -23.513  2.298  -36.297 0.0000000000
123603  -23.864  2.171  -35.615 0.0000000000
79154  -23.940  1.556  -36.027 0.0000000000
77344  -20.737  -1.012  -37.327 0.0000000000
78256  -21.648  -0.635  -39.191 0.0000000000
78273  -22.105  0.155  -40.512 0.0000000000
78266  -22.657  -0.282  -40.204 0.0000000000
79171  -24.686  -0.105  -37.367 0.0000000000
79183  -24.757  -0.116  -38.573 0.0000000000
79155  -24.579  0.535  -35.081 0.0000000000
133494  -24.299  0.886  -35.731 0.0000000000
80017  -26.143  1.181  -34.313 0.0000000000
79135  -25.707  0.454  -34.323 0.0000000000
77297  -25.880  -0.741  -34.187 0.0000000000
79118  -26.192  -0.132  -34.092 0.0000000000
119776  -27.064  -0.089  -33.870 0.0000000000
79121  -28.380  0.279  -33.602 0.0000000000
78197  -28.291  -0.455  -33.388 0.0000000000
76290  -25.613  -2.913  -34.759 0.0000000000
76291  -25.888  -2.302  -34.362 0.0000000000
76259  -28.532  -2.378  -32.793 0.0000000000
77288  -28.367  -1.663  -33.033 0.0000000000
122360  -28.739  -0.959  -32.949 0.0000000000
78188  -29.459  -0.795  -32.442 0.0000000000
76253  -30.005  -2.613  -31.389 0.0000000000
77264  -31.208  -1.864  -30.383 0.0000000000
71338  -25.172  -6.756  -34.727 0.0000000000
72270  -27.792  -7.196  -33.150 0.0000000000
72269  -27.136  -6.628  -33.586 0.0000000000
72252  -27.622  -6.154  -32.993 0.0000000000
118712  -29.248  -8.126  -31.350 0.0000000000
118716  -29.038  -7.983  -32.073 0.0000000000
118706  -29.264  -7.285  -30.706 0.0000000000
140518  -29.555  -5.698  -30.656 0.0000000000
118726  -29.313  -6.343  -30.657 0.0000000000
126947  -29.185  -4.950  -31.521 0.0000000000
118731  -29.610  -5.078  -30.965 0.0000000000
74169  -30.199  -4.568  -30.628 0.0000000000
144101  -31.699  -4.140  -29.457 0.0000000000
118741  -32.051  -3.574  -29.187 0.0000000000
119341  -29.893  -13.154  -26.780 0.0000000000
66421  -29.498  -12.795  -27.467 0.0000000000
67450  -29.891  -12.001  -27.038 0.0000000000
66410  -30.428  -12.444  -26.319 0.0000000000
74252  -24.343  -4.532  -36.077 0.0000000000
120255  -23.919  -5.289  -35.774 0.0000000000
72298  -24.560  -5.932  -35.440 0.0000000000
69448  -29.647  -9.840  -29.590 0.0000000000
69440  -31.095  -9.397  -28.400 0.0000000000
136685  -31.605  -9.321  -27.803 0.0000000000
70358  -31.915  -8.666  -27.547 0.0000000000
69424  -31.973  -9.381  -27.092 0.0000000000
69406  -32.181  -9.753  -26.257 0.0000000000
60360  -27.907  -18.891  -22.967 0.0000000000
119752  -27.815  -16.932  -25.429 0.0000000000
119068  -29.301  -17.183  -23.689 0.0000000000
67511  -26.478  -10.790  -31.139 0.0000000000
67499  -27.094  -11.320  -30.536 0.0000000000
66461  -27.420  -12.035  -30.024 0.0000000000
86277  -20.204  8.335  -34.842 0.0000000000
118882  -21.442  6.125  -36.891 0.0000000000
120074  -21.190  5.367  -37.288 0.0000000000
139898  -20.709  4.876  -37.636 0.0000000000
80955  -19.760  3.206  -38.240 0.0000000000
80944  -19.941  2.659  -37.764 0.0000000000
126894  -20.492  2.785  -39.581 0.0000000000
80968  -21.166  2.911  -39.689 0.0000000000
123188  -22.617  2.887  -38.654 0.0000000000
80969  -22.211  2.659  -39.694 0.0000000000
80080  -22.744  1.867  -40.153 0.0000000000
80081  -23.535  1.338  -39.627 0.0000000000
77352  -21.928  -1.513  -38.694 0.0000000000
77360  -23.442  -0.880  -39.653 0.0000000000
77355  -24.361  -1.539  -39.152 0.0000000000
78246  -25.122  -0.985  -38.149 0.0000000000
78235  -25.020  -1.010  -37.023 0.0000000000
79134  -24.781  -0.467  -34.998 0.0000000000
78212  -25.352  -1.064  -34.619 0.0000000000
77298  -26.019  -1.509  -34.142 0.0000000000
75235  -26.656  -3.410  -33.780 0.0000000000
142455  -26.830  -2.718  -33.773 0.0000000000
76272  -27.469  -2.975  -33.432 0.0000000000
124749  -28.129  -2.860  -33.074 0.0000000000
131582  -29.644  -2.188  -31.910 0.0000000000
75217  -30.233  -3.051  -30.941 0.0000000000
71339  -25.974  -7.273  -34.226 0.0000000000
119104  -27.333  -7.957  -33.916 0.0000000000
135758  -27.933  -7.977  -33.707 0.0000000000
119510  -28.530  -7.733  -32.742 0.0000000000
137618  -29.603  -6.761  -30.129 0.0000000000
135911  -30.159  -6.631  -29.634 0.0000000000
119134  -30.459  -5.783  -29.677 0.0000000000
119521  -30.843  -4.919  -29.947 0.0000000000
118739  -31.558  -4.778  -29.423 0.0000000000
118738  -32.111  -4.480  -29.046 0.0000000000
119714  -32.483  -4.017  -28.552 0.0000000000
118649  -28.645  -15.458  -26.273 0.0000000000
135818  -27.711  -15.738  -27.977 0.0000000000
118642  -28.396  -15.234  -27.105 0.0000000000
118639  -28.215  -14.950  -27.784 0.0000000000
135856  -28.377  -14.219  -28.204 0.0000000000
118641  -29.542  -14.069  -26.700 0.0000000000
143636  -30.064  -13.758  -26.230 0.0000000000
76310  -22.608  -2.689  -36.907 0.0000000000
76320  -24.438  -2.663  -37.922 0.0000000000
75290  -25.150  -2.858  -37.054 0.0000000000
75289  -24.962  -2.986  -37.227 0.0000000000
75281  -25.190  -3.419  -36.606 0.0000000000
75271  -25.536  -3.534  -35.472 0.0000000000
136871  -25.032  -4.215  -36.096 0.0000000000
74210  -25.643  -4.321  -35.234 0.0000000000
75252  -25.883  -3.756  -34.465 0.0000000000
74189  -27.862  -4.355  -33.042 0.0000000000
121000  -30.038  -10.206  -33.756 0.0000000000
119534  -30.061  -9.560  -32.985 0.0000000000
120352  -29.743  -9.486  -32.359 0.0000000000
118719  -29.546  -8.860  -31.365 0.0000000000
118725  -29.528  -8.169  -30.567 0.0000000000
120371  -29.884  -8.980  -29.573 0.0000000000
70389  -29.831  -8.340  -29.948 0.0000000000
71278  -31.356  -7.051  -28.771 0.0000000000
72210  -31.856  -6.792  -28.262 0.0000000000
72211  -32.269  -6.558  -27.746 0.0000000000
72190  -32.043  -7.388  -27.825 0.0000000000
70340  -32.271  -8.566  -26.969 0.0000000000
58158  -26.156  -20.149  -23.194 0.0000000000
119051  -27.299  -16.551  -27.918 0.0000000000
118661  -27.757  -16.520  -26.191 0.0000000000
119793  -28.258  -15.969  -26.000 0.0000000000
119278  -28.877  -15.703  -25.505 0.0000000000
134269  -29.605  -15.473  -25.107 0.0000000000
68549  -28.804  -10.285  -34.074 0.0000000000
68542  -29.431  -10.332  -33.347 0.0000000000
134137  -29.423  -10.144  -32.364 0.0000000000
68521  -29.280  -10.048  -31.345 0.0000000000
67513  -28.005  -10.823  -30.752 0.0000000000
68508  -28.815  -10.553  -30.600 0.0000000000
68496  -29.538  -10.665  -29.596 0.0000000000
68486  -29.836  -10.711  -28.826 0.0000000000
87155  -21.332  9.476  -34.351 0.0000000000
86289  -20.690  8.340  -35.605 0.0000000000
85499  -21.075  8.015  -36.443 0.0000000000
140772  -23.161  8.989  -36.379 0.0000000000
85500  -22.697  7.216  -36.681 0.0000000000
144357  -23.176  7.385  -36.134 0.0000000000
122596  -23.654  7.436  -35.473 0.0000000000
84683  -24.152  6.680  -34.994 0.0000000000
84668  -23.920  5.850  -35.040 0.0000000000
118877  -20.019  4.550  -37.691 0.0000000000
118872  -21.399  4.772  -37.686 0.0000000000
81888  -20.446  3.373  -39.067 0.0000000000
132183  -20.695  4.195  -38.317 0.0000000000
135860  -22.416  4.806  -36.502 0.0000000000
119317  -22.859  4.881  -35.705 0.0000000000
83799  -24.596  5.188  -34.662 0.0000000000
118864  -24.430  3.579  -34.688 0.0000000000
119376  -23.003  3.128  -36.580 0.0000000000
118865  -23.441  2.828  -35.701 0.0000000000
126167  -20.346  0.492  -36.112 0.0000000000
79181  -20.531  0.830  -38.385 0.0000000000
79191  -20.891  0.820  -39.196 0.0000000000
79211  -22.650  0.571  -40.473 0.0000000000
143839  -23.803  0.020  -39.980 0.0000000000
79193  -24.170  0.652  -39.038 0.0000000000
79182  -24.358  0.788  -37.887 0.0000000000
80015  -24.414  1.579  -35.182 0.0000000000
80930  -25.816  1.891  -34.376 0.0000000000
79119  -26.634  0.554  -34.129 0.0000000000
130975  -28.360  0.918  -33.810 0.0000000000
122782  -28.912  0.754  -33.516 0.0000000000
77316  -25.395  -2.033  -34.886 0.0000000000
127604  -26.909  -1.486  -33.664 0.0000000000
77299  -27.239  -2.192  -33.562 0.0000000000
77287  -27.696  -1.576  -33.391 0.0000000000
78196  -27.496  -0.782  -33.562 0.0000000000
131042  -30.369  -1.248  -31.548 0.0000000000
72299  -25.202  -6.255  -35.105 0.0000000000
73295  -25.787  -5.935  -34.988 0.0000000000
71326  -26.511  -7.181  -34.063 0.0000000000
72284  -26.213  -6.346  -34.446 0.0000000000
73264  -27.080  -5.659  -33.472 0.0000000000
73251  -27.716  -5.222  -33.002 0.0000000000
74190  -28.334  -4.819  -32.538 0.0000000000
118715  -29.278  -8.707  -32.811 0.0000000000
118723  -28.615  -7.076  -31.954 0.0000000000
119712  -28.890  -6.641  -31.280 0.0000000000
119637  -28.527  -6.139  -31.860 0.0000000000
73242  -28.703  -5.282  -31.956 0.0000000000
74177  -28.905  -4.454  -31.997 0.0000000000
75209  -30.698  -3.229  -30.422 0.0000000000
118736  -30.769  -4.048  -30.241 0.0000000000
76241  -31.177  -2.653  -30.112 0.0000000000
66446  -27.671  -12.588  -29.640 0.0000000000
65444  -28.969  -13.023  -28.197 0.0000000000
66433  -28.685  -12.740  -28.862 0.0000000000
66434  -29.083  -12.102  -28.615 0.0000000000
135248  -29.900  -11.425  -27.707 0.0000000000
67460  -30.444  -11.107  -27.326 0.0000000000
59230  -26.859  -19.835  -22.882 0.0000000000
60361  -28.531  -18.551  -22.763 0.0000000000
61377  -27.755  -18.045  -24.095 0.0000000000
65472  -27.071  -12.787  -29.751 0.0000000000
66447  -28.674  -12.084  -29.228 0.0000000000
68550  -29.558  -9.910  -34.411 0.0000000000
69434  -31.071  -10.113  -28.157 0.0000000000
70439  -27.501  -8.893  -34.262 0.0000000000
72285  -26.649  -6.722  -34.005 0.0000000000
72313  -24.433  -6.551  -35.284 0.0000000000
72327  -23.959  -6.898  -36.234 0.0000000000
76311  -23.686  -2.909  -37.098 0.0000000000
76326  -23.939  -2.292  -38.826 0.0000000000
77315  -25.038  -1.358  -35.211 0.0000000000
77354  -23.499  -1.708  -39.341 0.0000000000
77359  -22.578  -1.120  -39.506 0.0000000000
77361  -24.048  -0.521  -39.494 0.0000000000
78265  -22.073  -0.352  -40.027 0.0000000000
78267  -23.304  -0.152  -40.147 0.0000000000
78274  -22.656  0.093  -40.693 0.0000000000
79169  -20.374  0.852  -37.193 0.0000000000
79192  -21.500  0.313  -39.732 0.0000000000
79194  -24.345  -0.071  -39.416 0.0000000000
79202  -21.652  1.043  -40.110 0.0000000000
79210  -22.226  0.525  -40.424 0.0000000000
80046  -23.863  1.736  -37.179 0.0000000000
80066  -20.306  1.812  -38.067 0.0000000000
80091  -20.864  1.811  -40.045 0.0000000000
80093  -23.097  0.969  -40.256 0.0000000000
80106  -22.389  1.252  -40.314 0.0000000000
80956  -22.840  3.015  -37.634 0.0000000000
80967  -20.375  2.428  -39.588 0.0000000000
80970  -23.129  2.218  -39.225 0.0000000000
80982  -21.745  2.081  -40.314 0.0000000000
118709  -29.864  -10.247  -34.013 0.0000000000
118717  -30.384  -10.053  -33.138 0.0000000000
118786  -23.154  -5.986  -35.894 0.0000000000
119472  -21.724  4.069  -38.270 0.0000000000
119516  -30.366  -13.221  -26.124 0.0000000000
119836  -23.956  4.093  -35.021 0.0000000000
128296  -25.439  -2.810  -35.526 0.0000000000
135761  -29.383  -9.484  -34.391 0.0000000000
135804  -27.978  -8.549  -33.990 0.0000000000
135863  -27.552  -8.478  -34.019 0.0000000000
135955  -29.673  -10.229  -33.713 0.0000000000
135993  -29.654  -9.236  -33.460 0.0000000000
139133  -24.998  0.257  -34.607 0.0000000000
140088  -27.800  -0.090  -33.706 0.0000000000
140504  -23.770  0.506  -39.899 0.0000000000
141725  -27.430  -7.280  -33.579 0.0000000000
142677  -30.080  -10.211  -33.053 0.0000000000
143415  -28.286  -7.853  -33.291 0.0000000000
144823  -22.288  0.848  -40.350 0.0000000000
