#!ascii label  , from subject sub-v1s20x0050276_ses-1 vox2ras=TkReg
554
8767  -43.370  -68.706  34.189 0.0000000000
8814  -39.797  -68.385  29.173 0.0000000000
108818  -35.425  -66.399  35.844 0.0000000000
6971  -37.694  -72.107  32.615 0.0000000000
10438  -32.976  -65.544  31.262 0.0000000000
9826  -39.939  -66.371  40.544 0.0000000000
11385  -31.773  -63.020  39.993 0.0000000000
15000  -33.384  -57.175  43.885 0.0000000000
11418  -30.939  -63.529  35.369 0.0000000000
9320  -32.706  -67.251  34.028 0.0000000000
11978  -30.594  -62.869  32.189 0.0000000000
124444  -36.112  -65.427  40.144 0.0000000000
11372  -34.071  -63.160  42.507 0.0000000000
125061  -35.453  -57.373  41.673 0.0000000000
15746  -31.810  -56.843  41.701 0.0000000000
6511  -40.715  -73.034  34.108 0.0000000000
7431  -37.315  -71.130  30.712 0.0000000000
121429  -39.083  -73.536  30.570 0.0000000000
7448  -40.025  -71.881  28.721 0.0000000000
126590  -39.288  -67.522  35.094 0.0000000000
120028  -40.233  -70.781  33.909 0.0000000000
7851  -34.473  -69.777  32.354 0.0000000000
9914  -35.788  -66.530  30.624 0.0000000000
9845  -38.164  -66.878  37.932 0.0000000000
10891  -33.667  -65.001  37.699 0.0000000000
11933  -30.128  -62.234  37.457 0.0000000000
12969  -31.684  -60.056  45.286 0.0000000000
12998  -30.599  -60.000  42.503 0.0000000000
14331  -29.892  -59.407  39.908 0.0000000000
14376  -28.853  -58.083  37.167 0.0000000000
122672  -39.992  -73.809  31.883 0.0000000000
12549  -40.362  -61.494  30.644 0.0000000000
10461  -41.052  -65.783  29.537 0.0000000000
9383  -37.691  -67.208  28.050 0.0000000000
11951  -29.893  -62.336  34.587 0.0000000000
11438  -30.610  -63.365  33.476 0.0000000000
7398  -42.296  -71.509  33.768 0.0000000000
8306  -38.166  -69.634  29.674 0.0000000000
7880  -38.879  -71.534  29.965 0.0000000000
119371  -40.220  -70.470  28.501 0.0000000000
7474  -40.156  -71.050  27.700 0.0000000000
8815  -40.418  -68.794  28.468 0.0000000000
9310  -37.399  -66.857  35.854 0.0000000000
9323  -35.758  -67.915  35.163 0.0000000000
9895  -32.447  -66.836  32.496 0.0000000000
8262  -33.507  -68.898  33.213 0.0000000000
121148  -33.468  -67.229  31.618 0.0000000000
8799  -34.571  -68.426  31.263 0.0000000000
10448  -34.615  -65.603  30.742 0.0000000000
9283  -39.763  -67.117  38.150 0.0000000000
107077  -39.169  -66.661  39.609 0.0000000000
115950  -34.106  -64.661  39.888 0.0000000000
10378  -34.741  -65.399  39.053 0.0000000000
122589  -32.658  -64.232  38.399 0.0000000000
11404  -31.570  -63.402  37.730 0.0000000000
11922  -31.250  -62.939  38.348 0.0000000000
14261  -32.301  -58.373  45.360 0.0000000000
12990  -31.423  -60.461  43.994 0.0000000000
13624  -31.257  -58.664  43.751 0.0000000000
15759  -31.803  -56.550  39.841 0.0000000000
14332  -30.446  -58.354  40.633 0.0000000000
15052  -30.381  -57.427  39.294 0.0000000000
14353  -29.173  -58.586  38.378 0.0000000000
7837  -38.268  -71.229  33.770 0.0000000000
122126  -40.046  -72.123  33.068 0.0000000000
6981  -39.631  -73.208  31.865 0.0000000000
6116  -38.625  -74.471  30.917 0.0000000000
13125  -42.970  -61.131  30.385 0.0000000000
11469  -41.308  -63.802  30.290 0.0000000000
114008  -38.446  -64.866  28.606 0.0000000000
10400  -32.726  -65.201  35.480 0.0000000000
9306  -33.916  -67.345  35.002 0.0000000000
10411  -32.130  -65.532  34.728 0.0000000000
10418  -31.475  -65.409  32.854 0.0000000000
112488  -31.534  -64.095  31.746 0.0000000000
117481  -38.059  -66.128  40.555 0.0000000000
114255  -34.783  -64.278  41.463 0.0000000000
11378  -32.787  -63.198  41.306 0.0000000000
15724  -34.764  -57.175  43.142 0.0000000000
120655  -32.600  -56.927  42.904 0.0000000000
15748  -34.084  -56.624  41.679 0.0000000000
127726  -33.432  -56.372  40.210 0.0000000000
15787  -33.108  -56.794  38.469 0.0000000000
7412  -36.890  -71.720  32.167 0.0000000000
6990  -38.151  -72.347  31.448 0.0000000000
7432  -38.363  -72.111  30.654 0.0000000000
6999  -39.123  -73.165  29.944 0.0000000000
6553  -37.501  -73.500  29.827 0.0000000000
120167  -39.041  -72.611  28.596 0.0000000000
7472  -38.439  -71.317  27.533 0.0000000000
114130  -37.858  -70.192  27.326 0.0000000000
8765  -41.300  -68.102  34.542 0.0000000000
109273  -41.003  -70.010  34.071 0.0000000000
8255  -38.481  -69.407  34.407 0.0000000000
7836  -37.341  -71.020  33.769 0.0000000000
8759  -34.064  -68.350  34.457 0.0000000000
8264  -34.870  -69.968  33.753 0.0000000000
7411  -35.951  -71.318  32.693 0.0000000000
121614  -35.649  -70.619  31.780 0.0000000000
8292  -36.222  -69.280  30.468 0.0000000000
8802  -37.732  -67.819  29.982 0.0000000000
9301  -41.123  -67.285  35.868 0.0000000000
9299  -38.511  -66.859  35.894 0.0000000000
114476  -36.822  -66.554  36.666 0.0000000000
9834  -37.359  -66.292  39.338 0.0000000000
9842  -35.671  -66.039  38.055 0.0000000000
10392  -34.539  -65.699  36.308 0.0000000000
10901  -32.512  -64.616  36.588 0.0000000000
11413  -30.699  -63.055  36.194 0.0000000000
12490  -29.250  -61.357  35.902 0.0000000000
12423  -32.778  -61.586  43.857 0.0000000000
11876  -31.928  -61.986  42.250 0.0000000000
115197  -31.114  -61.661  41.043 0.0000000000
15017  -30.843  -58.198  42.057 0.0000000000
13006  -30.565  -60.174  41.115 0.0000000000
13017  -30.314  -61.174  39.785 0.0000000000
12465  -29.456  -61.153  38.432 0.0000000000
13041  -28.792  -60.049  37.245 0.0000000000
7406  -41.246  -71.928  33.527 0.0000000000
6516  -40.465  -73.327  33.072 0.0000000000
6521  -39.709  -73.925  31.366 0.0000000000
6089  -38.168  -74.937  32.179 0.0000000000
10957  -35.944  -64.896  30.595 0.0000000000
10450  -37.105  -65.222  30.608 0.0000000000
9363  -38.610  -66.471  30.222 0.0000000000
115764  -40.469  -64.920  30.414 0.0000000000
9367  -40.666  -67.149  29.190 0.0000000000
9385  -40.343  -67.911  28.279 0.0000000000
121195  -39.105  -68.368  27.436 0.0000000000
118122  -29.067  -60.955  34.150 0.0000000000
11966  -29.805  -62.149  33.748 0.0000000000
7395  -42.803  -70.873  34.473 0.0000000000
7828  -42.724  -70.421  33.864 0.0000000000
8813  -38.445  -68.512  29.637 0.0000000000
8307  -39.427  -70.127  29.161 0.0000000000
112102  -39.208  -69.220  29.304 0.0000000000
8308  -40.035  -69.436  28.697 0.0000000000
9862  -36.393  -66.767  35.860 0.0000000000
116457  -36.345  -67.370  35.490 0.0000000000
9308  -35.582  -67.115  35.509 0.0000000000
9903  -32.381  -66.163  31.849 0.0000000000
9353  -32.880  -67.074  31.939 0.0000000000
9904  -33.334  -66.419  31.390 0.0000000000
9905  -34.088  -66.908  31.233 0.0000000000
10439  -33.831  -65.591  30.995 0.0000000000
9827  -41.348  -66.292  40.648 0.0000000000
9836  -40.524  -66.738  39.794 0.0000000000
9278  -39.928  -66.940  38.954 0.0000000000
11391  -32.988  -63.948  39.908 0.0000000000
10882  -33.482  -64.430  39.468 0.0000000000
11390  -32.261  -63.616  39.507 0.0000000000
11395  -32.174  -63.789  38.701 0.0000000000
122940  -31.620  -63.148  39.072 0.0000000000
15001  -34.324  -57.181  43.933 0.0000000000
14984  -35.465  -57.389  44.812 0.0000000000
14982  -33.854  -57.368  44.640 0.0000000000
14959  -33.434  -57.677  45.259 0.0000000000
14981  -32.391  -57.882  44.678 0.0000000000
14272  -31.619  -58.537  44.441 0.0000000000
14999  -32.561  -57.447  44.042 0.0000000000
15774  -31.656  -56.566  38.960 0.0000000000
15758  -31.041  -56.895  39.578 0.0000000000
15063  -30.217  -57.376  38.484 0.0000000000
15796  -30.755  -57.016  37.960 0.0000000000
7403  -37.632  -71.769  33.227 0.0000000000
7404  -38.929  -71.978  33.172 0.0000000000
6972  -38.678  -72.377  32.535 0.0000000000
112487  -41.556  -63.915  29.612 0.0000000000
10979  -39.816  -65.049  28.577 0.0000000000
123981  -39.155  -64.118  28.804 0.0000000000
10917  -32.124  -64.877  35.244 0.0000000000
10916  -31.705  -64.755  34.662 0.0000000000
11445  -30.608  -63.307  32.712 0.0000000000
10928  -31.241  -64.639  33.290 0.0000000000
10927  -30.905  -63.944  32.934 0.0000000000
10939  -31.361  -64.566  32.377 0.0000000000
11446  -31.074  -63.611  32.155 0.0000000000
10874  -34.060  -64.048  41.135 0.0000000000
11379  -33.639  -63.462  41.633 0.0000000000
15019  -35.618  -57.312  42.931 0.0000000000
15735  -35.169  -57.197  42.336 0.0000000000
15734  -34.377  -56.885  42.438 0.0000000000
15749  -34.878  -56.992  41.688 0.0000000000
15776  -33.398  -56.503  39.396 0.0000000000
6510  -39.976  -73.675  34.124 0.0000000000
120796  -36.705  -71.139  31.332 0.0000000000
7422  -37.221  -71.579  31.400 0.0000000000
7447  -39.774  -72.112  29.335 0.0000000000
116462  -39.368  -72.563  29.845 0.0000000000
7017  -39.564  -72.552  29.143 0.0000000000
6555  -38.999  -73.221  29.541 0.0000000000
7016  -38.141  -73.080  29.262 0.0000000000
7910  -40.321  -70.333  27.684 0.0000000000
7473  -39.479  -71.248  27.505 0.0000000000
7909  -39.674  -70.562  27.390 0.0000000000
7908  -38.698  -70.712  27.316 0.0000000000
108782  -38.802  -69.841  27.300 0.0000000000
8764  -40.152  -67.750  34.785 0.0000000000
8256  -40.513  -68.733  34.396 0.0000000000
7825  -37.800  -70.364  34.206 0.0000000000
7824  -36.691  -70.373  34.033 0.0000000000
9321  -33.321  -67.784  34.340 0.0000000000
8263  -34.186  -69.602  33.476 0.0000000000
7833  -34.638  -70.354  33.188 0.0000000000
7834  -35.272  -70.661  33.392 0.0000000000
7843  -34.751  -70.433  32.719 0.0000000000
7844  -35.408  -70.858  32.427 0.0000000000
121149  -35.318  -67.908  30.757 0.0000000000
8800  -35.359  -68.869  30.850 0.0000000000
106512  -36.120  -68.265  30.486 0.0000000000
9361  -36.861  -67.620  30.337 0.0000000000
9915  -36.671  -66.743  30.498 0.0000000000
9291  -39.013  -67.009  37.538 0.0000000000
9292  -39.883  -67.182  37.177 0.0000000000
9850  -38.281  -66.896  36.824 0.0000000000
9856  -37.600  -66.700  36.178 0.0000000000
9849  -37.410  -66.705  37.232 0.0000000000
9824  -37.429  -66.054  40.208 0.0000000000
108577  -38.134  -66.408  39.880 0.0000000000
9823  -36.705  -65.864  39.767 0.0000000000
10888  -34.165  -65.148  38.380 0.0000000000
10383  -34.880  -65.679  38.268 0.0000000000
10387  -34.387  -65.447  37.596 0.0000000000
124154  -34.645  -65.681  36.924 0.0000000000
10386  -34.032  -65.348  36.929 0.0000000000
10391  -33.776  -65.314  36.269 0.0000000000
10902  -33.197  -64.968  36.965 0.0000000000
11934  -30.879  -62.843  37.638 0.0000000000
11414  -31.182  -63.315  36.977 0.0000000000
11938  -30.592  -62.775  36.965 0.0000000000
11936  -29.761  -61.945  36.040 0.0000000000
114049  -29.502  -61.642  36.827 0.0000000000
12417  -32.144  -60.946  44.270 0.0000000000
12994  -30.821  -60.246  43.314 0.0000000000
12421  -31.154  -60.933  43.335 0.0000000000
12427  -30.839  -60.847  42.660 0.0000000000
12432  -31.139  -61.423  41.882 0.0000000000
15733  -32.496  -56.723  42.138 0.0000000000
15732  -31.807  -57.165  42.571 0.0000000000
15030  -31.268  -57.463  41.909 0.0000000000
112731  -30.071  -58.777  39.986 0.0000000000
13646  -30.467  -59.255  41.155 0.0000000000
13653  -30.281  -59.804  40.461 0.0000000000
13013  -30.457  -60.633  40.443 0.0000000000
123900  -29.878  -60.280  39.772 0.0000000000
12450  -29.755  -60.971  39.234 0.0000000000
13025  -29.292  -60.336  39.015 0.0000000000
14363  -28.899  -58.619  37.628 0.0000000000
13678  -28.854  -59.345  37.868 0.0000000000
121177  -28.691  -58.987  36.955 0.0000000000
13059  -28.655  -59.839  36.317 0.0000000000
7838  -41.544  -71.213  33.488 0.0000000000
7405  -40.664  -71.749  33.423 0.0000000000
6982  -40.180  -73.388  32.392 0.0000000000
6974  -40.626  -72.627  33.065 0.0000000000
110549  -40.047  -73.907  32.352 0.0000000000
123198  -39.883  -74.115  33.128 0.0000000000
6080  -39.619  -74.424  32.463 0.0000000000
6991  -39.227  -73.328  31.160 0.0000000000
6533  -39.279  -74.080  30.813 0.0000000000
6106  -36.844  -74.625  31.663 0.0000000000
6107  -37.960  -74.748  31.555 0.0000000000
117193  -34.931  -64.267  30.613 0.0000000000
11464  -35.217  -63.410  30.579 0.0000000000
10959  -37.893  -64.628  30.623 0.0000000000
9916  -37.436  -66.141  30.497 0.0000000000
10451  -38.441  -65.536  30.500 0.0000000000
10453  -41.225  -64.817  30.090 0.0000000000
10961  -41.080  -64.322  30.339 0.0000000000
9918  -40.539  -65.764  30.070 0.0000000000
9925  -40.760  -66.405  29.458 0.0000000000
9368  -40.554  -67.587  28.826 0.0000000000
121278  -40.527  -67.291  28.636 0.0000000000
112963  -39.112  -66.364  28.086 0.0000000000
9384  -38.862  -67.056  27.739 0.0000000000
9396  -38.430  -67.820  27.576 0.0000000000
11945  -30.372  -62.875  34.975 0.0000000000
11425  -30.763  -63.440  34.401 0.0000000000
11952  -30.263  -62.822  34.047 0.0000000000
11967  -30.236  -62.653  33.031 0.0000000000
15031  -35.353  -57.354  41.033 0.0000000000
15054  -35.655  -57.861  39.582 0.0000000000
6976  -41.744  -72.012  33.718 0.0000000000
8294  -37.719  -70.485  30.093 0.0000000000
114323  -38.804  -70.622  29.613 0.0000000000
7881  -39.833  -71.258  29.111 0.0000000000
7018  -39.856  -72.052  28.368 0.0000000000
7882  -40.217  -71.209  28.418 0.0000000000
7891  -40.536  -70.120  27.899 0.0000000000
8344  -40.472  -69.567  27.806 0.0000000000
113495  -37.985  -67.124  35.459 0.0000000000
119847  -37.605  -67.738  35.118 0.0000000000
9324  -36.682  -67.918  35.182 0.0000000000
8761  -36.047  -68.625  34.735 0.0000000000
9335  -32.546  -67.375  33.162 0.0000000000
9336  -33.012  -68.045  33.588 0.0000000000
9346  -32.876  -67.638  32.544 0.0000000000
8783  -33.359  -68.368  32.574 0.0000000000
8791  -33.860  -68.469  31.953 0.0000000000
8280  -34.367  -69.140  31.865 0.0000000000
9354  -33.949  -67.743  31.485 0.0000000000
9359  -34.672  -67.429  30.985 0.0000000000
9913  -34.875  -66.486  30.768 0.0000000000
9277  -39.005  -66.874  38.546 0.0000000000
10879  -34.724  -64.987  39.796 0.0000000000
10379  -35.433  -65.363  39.625 0.0000000000
10883  -34.067  -64.883  39.180 0.0000000000
10887  -33.366  -64.615  38.546 0.0000000000
10886  -32.929  -64.554  37.822 0.0000000000
11405  -32.208  -63.989  37.927 0.0000000000
11921  -30.537  -62.374  38.290 0.0000000000
14232  -32.553  -58.641  46.203 0.0000000000
13574  -31.958  -58.989  45.840 0.0000000000
116105  -31.715  -60.386  44.635 0.0000000000
13606  -31.398  -59.094  44.539 0.0000000000
12989  -31.098  -59.589  43.924 0.0000000000
13623  -30.749  -59.344  43.124 0.0000000000
107434  -31.934  -56.569  40.815 0.0000000000
15040  -31.253  -57.152  41.175 0.0000000000
115011  -31.197  -56.985  40.392 0.0000000000
14346  -30.077  -58.149  39.742 0.0000000000
14345  -29.498  -58.834  39.366 0.0000000000
13666  -29.046  -59.512  38.768 0.0000000000
15051  -29.734  -57.991  38.949 0.0000000000
15062  -29.624  -57.818  38.125 0.0000000000
118216  -29.380  -57.573  37.430 0.0000000000
7397  -39.476  -71.402  33.610 0.0000000000
6973  -39.846  -72.689  32.562 0.0000000000
12550  -42.645  -62.021  30.201 0.0000000000
108029  -42.041  -62.649  30.252 0.0000000000
11999  -41.122  -63.132  30.414 0.0000000000
12000  -41.895  -63.381  30.013 0.0000000000
10968  -41.645  -64.044  29.925 0.0000000000
10475  -41.233  -64.987  29.483 0.0000000000
10474  -41.026  -65.925  28.965 0.0000000000
9941  -38.070  -66.461  28.246 0.0000000000
108746  -33.480  -65.450  35.704 0.0000000000
9307  -34.716  -66.765  35.459 0.0000000000
9859  -32.925  -65.958  35.136 0.0000000000
9874  -32.461  -66.415  34.416 0.0000000000
9873  -31.955  -66.033  33.990 0.0000000000
117316  -31.385  -64.539  34.055 0.0000000000
10410  -31.568  -65.324  33.829 0.0000000000
9885  -31.778  -66.065  33.271 0.0000000000
9894  -31.923  -66.106  32.565 0.0000000000
10427  -31.773  -65.420  32.111 0.0000000000
10437  -32.200  -65.359  31.511 0.0000000000
9825  -38.824  -66.278  40.506 0.0000000000
10362  -36.155  -65.134  41.016 0.0000000000
10875  -35.420  -64.669  41.286 0.0000000000
10372  -35.418  -65.013  40.406 0.0000000000
110031  -34.596  -64.576  40.609 0.0000000000
11387  -33.257  -63.769  40.803 0.0000000000
11386  -32.466  -63.455  40.420 0.0000000000
15723  -33.914  -56.966  43.192 0.0000000000
115992  -32.766  -57.137  43.490 0.0000000000
15722  -33.216  -56.947  43.194 0.0000000000
121295  -33.415  -56.730  42.466 0.0000000000
15747  -32.428  -56.564  41.441 0.0000000000
15762  -34.648  -56.847  40.885 0.0000000000
15761  -33.788  -56.455  40.865 0.0000000000
118573  -32.891  -56.380  40.846 0.0000000000
15760  -32.652  -56.381  40.049 0.0000000000
15775  -32.514  -56.456  39.149 0.0000000000
15786  -32.280  -56.652  38.272 0.0000000000
6979  -37.508  -72.089  32.268 0.0000000000
6998  -39.134  -72.985  30.512 0.0000000000
6543  -38.849  -73.795  30.331 0.0000000000
6554  -38.453  -73.588  29.895 0.0000000000
7461  -39.309  -71.865  27.897 0.0000000000
7460  -38.108  -71.936  27.953 0.0000000000
7043  -36.935  -71.902  27.872 0.0000000000
7471  -37.027  -71.298  27.531 0.0000000000
8766  -42.457  -68.431  34.304 0.0000000000
8258  -42.701  -69.414  33.942 0.0000000000
8257  -41.723  -69.154  34.167 0.0000000000
112692  -39.710  -69.592  34.270 0.0000000000
7826  -38.938  -70.476  34.092 0.0000000000
7835  -36.604  -71.243  33.424 0.0000000000
9322  -34.818  -67.698  35.081 0.0000000000
8760  -35.076  -68.541  34.625 0.0000000000
8250  -33.855  -68.978  33.841 0.0000000000
8251  -34.505  -69.180  34.084 0.0000000000
128372  -35.967  -70.769  33.578 0.0000000000
116724  -35.811  -71.237  33.109 0.0000000000
7402  -36.745  -71.718  32.851 0.0000000000
7421  -36.209  -71.197  31.898 0.0000000000
7853  -36.316  -70.671  31.285 0.0000000000
8792  -34.879  -69.227  31.343 0.0000000000
7868  -36.621  -70.204  30.611 0.0000000000
8293  -37.068  -69.679  30.104 0.0000000000
8801  -37.140  -68.666  30.014 0.0000000000
8754  -42.036  -67.764  34.800 0.0000000000
9312  -41.558  -67.435  35.233 0.0000000000
125745  -39.882  -67.173  35.489 0.0000000000
9293  -40.869  -67.281  36.847 0.0000000000
9300  -40.061  -67.101  35.995 0.0000000000
115141  -39.336  -67.092  35.664 0.0000000000
9298  -38.078  -66.902  35.718 0.0000000000
9855  -36.695  -66.605  36.184 0.0000000000
9854  -35.826  -66.341  36.172 0.0000000000
9835  -38.172  -66.635  38.959 0.0000000000
9844  -37.323  -66.553  38.331 0.0000000000
107897  -35.522  -65.747  38.901 0.0000000000
9843  -36.451  -66.094  38.794 0.0000000000
9848  -36.478  -66.405  37.577 0.0000000000
9847  -35.707  -66.157  37.251 0.0000000000
10388  -35.283  -66.010  36.603 0.0000000000
9853  -35.170  -66.038  36.119 0.0000000000
10401  -34.129  -65.640  35.878 0.0000000000
10909  -32.362  -64.744  35.854 0.0000000000
10908  -31.673  -64.296  35.478 0.0000000000
11415  -31.921  -63.982  37.023 0.0000000000
115464  -31.395  -63.762  36.227 0.0000000000
112826  -30.184  -62.501  35.672 0.0000000000
11944  -29.641  -61.928  35.251 0.0000000000
12422  -31.886  -61.229  43.584 0.0000000000
12429  -32.273  -61.844  43.091 0.0000000000
11877  -32.729  -62.346  42.606 0.0000000000
11883  -32.381  -62.546  41.765 0.0000000000
11895  -31.948  -62.881  40.939 0.0000000000
11894  -31.315  -62.241  40.446 0.0000000000
15721  -32.131  -57.334  43.404 0.0000000000
14291  -30.973  -58.480  42.817 0.0000000000
13637  -30.578  -59.078  42.161 0.0000000000
15029  -30.829  -57.877  41.348 0.0000000000
14316  -30.613  -58.550  41.483 0.0000000000
119059  -30.556  -59.812  41.756 0.0000000000
109482  -30.727  -61.020  41.131 0.0000000000
12440  -30.800  -61.434  40.419 0.0000000000
11909  -31.277  -62.575  39.661 0.0000000000
11908  -30.927  -62.483  39.035 0.0000000000
12451  -30.190  -61.760  38.991 0.0000000000
12482  -29.560  -61.612  37.702 0.0000000000
13042  -28.952  -60.265  38.183 0.0000000000
123186  -29.079  -60.976  37.520 0.0000000000
13060  -28.930  -60.777  36.588 0.0000000000
13069  -28.810  -60.555  35.665 0.0000000000
7827  -42.112  -70.313  33.661 0.0000000000
7407  -41.791  -71.687  33.560 0.0000000000
6975  -41.090  -72.317  33.588 0.0000000000
6980  -38.486  -72.544  31.939 0.0000000000
6091  -39.686  -74.299  31.843 0.0000000000
122900  -39.218  -74.543  31.344 0.0000000000
6090  -39.050  -74.839  32.114 0.0000000000
12534  -30.057  -61.197  32.420 0.0000000000
11455  -31.637  -63.504  31.432 0.0000000000
127447  -32.290  -63.414  30.981 0.0000000000
10949  -32.797  -64.639  31.098 0.0000000000
117516  -33.574  -64.965  30.965 0.0000000000
120754  -34.314  -64.921  30.754 0.0000000000
10956  -35.039  -65.037  30.608 0.0000000000
10449  -35.447  -65.711  30.616 0.0000000000
11465  -35.927  -63.935  30.578 0.0000000000
115608  -36.381  -65.851  30.595 0.0000000000
9362  -37.653  -67.024  30.249 0.0000000000
9366  -38.896  -67.466  29.772 0.0000000000
11468  -39.981  -63.529  30.565 0.0000000000
118130  -40.203  -64.249  30.521 0.0000000000
10960  -39.217  -64.796  30.563 0.0000000000
9917  -39.465  -65.997  30.251 0.0000000000
9924  -39.977  -66.684  29.765 0.0000000000
108935  -40.138  -67.507  29.338 0.0000000000
120929  -40.387  -68.123  29.077 0.0000000000
8816  -40.414  -68.377  28.379 0.0000000000
119283  -40.192  -69.125  27.560 0.0000000000
117278  -39.895  -68.494  27.557 0.0000000000
8845  -39.433  -69.072  27.410 0.0000000000
7401  -35.183  -70.958  32.972 0.0000000000
7462  -39.933  -71.606  27.865 0.0000000000
7463  -40.195  -71.453  28.162 0.0000000000
7832  -34.168  -69.783  32.915 0.0000000000
7839  -42.177  -71.126  33.477 0.0000000000
7867  -35.550  -69.887  31.232 0.0000000000
7890  -40.519  -70.682  28.014 0.0000000000
8325  -40.578  -69.746  28.099 0.0000000000
8753  -40.867  -67.483  34.955 0.0000000000
8758  -33.470  -68.479  33.889 0.0000000000
8773  -32.964  -68.132  33.002 0.0000000000
8831  -40.622  -69.051  28.041 0.0000000000
8846  -40.419  -68.669  27.852 0.0000000000
9309  -37.134  -67.249  35.538 0.0000000000
9311  -39.801  -67.313  35.272 0.0000000000
9313  -42.720  -67.528  35.082 0.0000000000
9360  -36.016  -67.351  30.576 0.0000000000
9397  -39.379  -67.815  27.555 0.0000000000
9398  -40.046  -67.942  27.792 0.0000000000
9860  -33.845  -66.267  35.426 0.0000000000
9861  -34.678  -66.033  35.837 0.0000000000
9875  -33.108  -66.894  34.799 0.0000000000
9886  -32.257  -66.636  33.630 0.0000000000
9926  -40.931  -66.714  29.029 0.0000000000
10373  -36.826  -65.593  40.631 0.0000000000
10380  -36.070  -65.671  39.449 0.0000000000
10390  -33.089  -64.970  36.091 0.0000000000
10452  -39.657  -65.423  30.392 0.0000000000
10472  -38.624  -65.677  28.381 0.0000000000
10878  -33.731  -64.271  40.314 0.0000000000
10900  -31.962  -64.318  36.250 0.0000000000
10948  -31.811  -64.724  31.586 0.0000000000
10955  -33.840  -64.315  30.762 0.0000000000
10962  -41.511  -63.960  30.176 0.0000000000
10963  -42.169  -63.647  30.224 0.0000000000
11394  -31.766  -63.456  38.351 0.0000000000
11396  -32.773  -64.140  39.062 0.0000000000
11426  -31.280  -64.067  34.642 0.0000000000
11439  -31.059  -63.976  33.812 0.0000000000
11456  -32.149  -64.005  31.193 0.0000000000
11470  -42.310  -63.427  30.435 0.0000000000
11476  -42.271  -63.697  30.328 0.0000000000
11882  -31.601  -62.156  41.394 0.0000000000
11884  -33.222  -62.847  42.132 0.0000000000
11937  -30.149  -62.353  36.527 0.0000000000
12428  -31.468  -61.450  42.824 0.0000000000
12431  -30.682  -60.574  41.848 0.0000000000
12452  -30.806  -61.948  39.732 0.0000000000
12466  -29.917  -61.865  38.195 0.0000000000
12510  -29.454  -61.671  34.379 0.0000000000
12954  -31.893  -59.688  45.998 0.0000000000
13590  -31.653  -59.353  45.257 0.0000000000
13660  -29.431  -59.677  39.417 0.0000000000
14273  -31.752  -58.761  45.061 0.0000000000
14306  -31.504  -57.830  43.209 0.0000000000
14935  -32.970  -58.085  45.740 0.0000000000
14980  -31.839  -57.914  44.075 0.0000000000
14983  -34.707  -57.338  44.706 0.0000000000
15018  -31.260  -57.809  42.516 0.0000000000
15039  -30.625  -57.550  40.087 0.0000000000
15788  -33.996  -56.977  38.769 0.0000000000
106095  -35.070  -65.872  37.436 0.0000000000
106354  -39.153  -66.996  36.450 0.0000000000
106943  -36.104  -66.360  36.667 0.0000000000
108301  -33.195  -56.505  41.590 0.0000000000
108845  -40.489  -67.270  35.366 0.0000000000
109167  -41.840  -60.507  30.763 0.0000000000
109190  -31.418  -59.789  44.623 0.0000000000
109334  -33.335  -67.795  32.004 0.0000000000
110650  -40.522  -66.727  28.566 0.0000000000
111135  -33.216  -58.283  46.357 0.0000000000
115466  -38.771  -67.191  35.493 0.0000000000
115591  -38.676  -74.764  31.532 0.0000000000
115974  -33.062  -57.538  44.619 0.0000000000
117934  -37.552  -70.732  27.359 0.0000000000
122745  -30.240  -59.117  40.425 0.0000000000
123699  -30.017  -62.417  35.126 0.0000000000
123735  -32.540  -64.458  37.296 0.0000000000
124383  -32.145  -66.622  32.986 0.0000000000
126342  -34.153  -66.186  30.993 0.0000000000
126924  -29.165  -58.138  37.747 0.0000000000
127733  -32.819  -57.899  45.140 0.0000000000
127847  -35.336  -67.127  30.724 0.0000000000
127879  -30.556  -62.993  35.558 0.0000000000
127897  -31.951  -58.282  44.736 0.0000000000
128108  -30.832  -57.582  40.739 0.0000000000
