#!ascii label  , from subject sub-v1s20x0050299_ses-1 vox2ras=TkReg
397
9404  -27.591  -57.407  -12.442 0.6999999881
9888  -28.046  -56.291  -13.608 0.6000000238
9896  -29.486  -56.102  -14.285 0.4000000060
8887  -25.637  -59.103  -8.753 0.6999999881
9368  -26.210  -57.725  -9.466 0.6999999881
87831  -25.873  -58.414  -9.380 0.6999999881
9838  -25.754  -56.939  -10.206 0.6000000238
8901  -25.636  -58.830  -9.719 0.6999999881
9367  -25.585  -57.760  -10.172 0.6000000238
8913  -25.643  -58.309  -10.365 0.6000000238
9837  -25.110  -56.923  -10.767 0.6000000238
8920  -25.507  -58.054  -10.920 0.6000000238
91910  -24.892  -56.774  -11.242 0.6000000238
9868  -24.631  -56.412  -11.942 0.5000000000
9401  -24.863  -56.917  -12.212 0.5000000000
9875  -24.553  -56.291  -12.744 0.5000000000
9885  -25.001  -56.010  -13.931 0.6000000238
9886  -25.776  -56.606  -13.333 0.6000000238
9893  -26.022  -55.973  -14.056 0.6000000238
10380  -26.395  -55.655  -14.984 0.6000000238
9894  -27.144  -55.872  -14.166 0.6000000238
94646  -26.329  -58.345  -8.415 0.6000000238
9839  -26.532  -56.988  -9.593 0.6000000238
9858  -26.010  -56.419  -10.296 0.6000000238
9857  -25.295  -56.511  -10.723 0.6000000238
10354  -24.934  -55.638  -11.668 0.6000000238
9856  -24.849  -56.316  -11.341 0.6000000238
10353  -24.513  -55.931  -12.015 0.6000000238
91542  -24.398  -55.422  -13.369 0.6000000238
10377  -24.295  -55.166  -14.235 0.6000000238
9876  -24.993  -56.592  -13.024 0.6000000238
10378  -24.509  -55.311  -14.447 0.6999999881
10386  -24.840  -55.056  -15.211 0.6000000238
10379  -25.322  -55.533  -14.762 0.6000000238
9895  -28.026  -55.840  -14.304 0.5000000000
10382  -28.627  -55.699  -14.909 0.5000000000
9369  -27.046  -57.448  -8.583 0.6000000238
9859  -27.040  -56.372  -9.813 0.6000000238
10338  -26.487  -55.761  -10.512 0.6000000238
10355  -25.831  -55.232  -11.212 0.6000000238
10337  -25.411  -55.937  -10.898 0.6000000238
10842  -25.761  -54.351  -12.620 0.6000000238
10829  -25.271  -54.916  -12.024 0.6000000238
10841  -24.897  -54.825  -12.825 0.6000000238
10366  -24.579  -55.401  -12.617 0.6000000238
10840  -24.376  -55.002  -13.575 0.6000000238
10848  -24.295  -55.006  -14.328 0.6999999881
10388  -26.861  -55.401  -15.801 0.6000000238
9902  -29.724  -55.764  -15.033 0.4000000060
9352  -27.570  -57.086  -7.749 0.6000000238
85473  -27.294  -56.826  -9.117 0.6000000238
10830  -26.528  -54.464  -11.712 0.6000000238
11333  -26.084  -53.830  -13.355 0.5000000000
10849  -24.713  -54.601  -14.254 0.6999999881
10857  -25.651  -54.124  -16.093 0.6000000238
10385  -24.398  -54.973  -14.745 0.6000000238
10855  -25.502  -54.761  -15.885 0.6000000238
10396  -26.332  -55.035  -16.343 0.6000000238
10859  -27.731  -54.862  -16.878 0.6000000238
10389  -27.909  -55.496  -15.878 0.6000000238
10399  -29.235  -55.190  -16.573 0.4000000060
10398  -28.289  -55.226  -16.504 0.5000000000
9816  -27.968  -56.390  -8.125 0.5000000000
10319  -28.408  -55.616  -9.392 0.6000000238
9840  -27.940  -56.272  -9.089 0.6000000238
10831  -27.609  -54.452  -11.243 0.6000000238
10356  -27.055  -55.042  -10.878 0.5000000000
11320  -26.795  -53.788  -12.542 0.5000000000
11332  -26.263  -53.269  -14.186 0.6000000238
93385  -25.476  -54.032  -14.059 0.6999999881
82442  -25.905  -53.318  -15.577 0.6999999881
10851  -24.721  -54.715  -14.830 0.6999999881
11829  -26.194  -52.341  -16.853 0.6000000238
11823  -26.047  -53.149  -16.499 0.6000000238
11830  -26.367  -53.141  -17.138 0.6000000238
92929  -26.522  -54.321  -17.179 0.6000000238
10864  -27.214  -54.367  -17.285 0.6000000238
10860  -28.693  -54.870  -16.731 0.4000000060
9817  -28.407  -55.669  -8.545 0.6000000238
10340  -28.536  -55.190  -9.942 0.6000000238
10810  -28.157  -54.851  -10.597 0.5000000000
11321  -27.710  -53.148  -12.508 0.5000000000
11334  -26.955  -53.149  -13.268 0.6000000238
11788  -27.699  -52.347  -13.178 0.5000000000
11801  -26.998  -52.592  -13.849 0.5000000000
11811  -26.619  -52.226  -14.629 0.5000000000
12342  -25.990  -51.364  -16.039 0.5000000000
11810  -26.112  -53.033  -15.058 0.6000000238
12932  -25.869  -50.665  -16.580 0.5000000000
12341  -26.025  -52.025  -16.209 0.6000000238
96608  -25.804  -49.854  -17.351 0.4000000060
11817  -25.985  -52.728  -16.078 0.6999999881
12939  -25.917  -50.618  -17.148 0.4000000060
82440  -26.277  -51.603  -17.136 0.5000000000
81656  -26.638  -52.463  -17.285 0.6000000238
12940  -26.737  -50.969  -17.490 0.5000000000
12354  -27.869  -51.231  -17.631 0.5000000000
11831  -27.425  -52.658  -17.471 0.6000000238
10866  -29.262  -54.270  -16.782 0.5000000000
11832  -28.215  -52.824  -17.260 0.6000000238
10865  -28.176  -54.296  -16.954 0.6000000238
84272  -28.806  -54.967  -9.211 0.5000000000
10832  -28.523  -54.042  -11.095 0.5000000000
11322  -28.460  -53.235  -11.773 0.5000000000
11812  -27.340  -51.987  -13.947 0.4000000060
12332  -26.416  -51.307  -15.212 0.5000000000
12927  -26.253  -50.591  -15.748 0.5000000000
14183  -26.314  -48.697  -18.284 0.4000000060
85934  -25.637  -49.957  -16.949 0.4000000060
13557  -26.385  -50.169  -17.672 0.5000000000
13558  -27.155  -49.811  -18.119 0.5000000000
12941  -27.508  -50.461  -17.785 0.5000000000
11833  -29.233  -52.473  -17.095 0.5000000000
11344  -28.803  -53.433  -16.820 0.5000000000
86104  -28.150  -52.099  -17.535 0.6000000238
12920  -26.915  -50.433  -14.967 0.4000000060
95596  -26.705  -49.932  -15.506 0.5000000000
13545  -26.104  -49.964  -16.242 0.5000000000
13551  -25.604  -49.353  -17.213 0.5000000000
14177  -26.159  -49.408  -17.861 0.4000000060
92623  -27.890  -49.505  -18.381 0.5000000000
12943  -29.571  -50.851  -17.798 0.5000000000
12356  -29.872  -51.751  -17.644 0.3000000119
13563  -27.110  -49.162  -18.470 0.5000000000
12951  -28.242  -49.970  -17.989 0.5000000000
12355  -28.910  -51.509  -17.595 0.5000000000
82978  -26.013  -49.318  -16.563 0.4000000060
14171  -25.772  -48.773  -16.879 0.4000000060
15416  -26.199  -47.310  -18.641 0.4000000060
88231  -25.687  -48.849  -17.555 0.4000000060
14824  -26.480  -47.924  -18.786 0.4000000060
14184  -27.264  -48.476  -18.990 0.5000000000
12953  -30.066  -50.226  -18.127 0.4000000060
13565  -29.678  -49.485  -18.343 0.5000000000
88143  -28.064  -49.008  -18.818 0.5000000000
13564  -28.749  -49.445  -18.301 0.5000000000
12952  -29.222  -50.056  -17.937 0.5000000000
15423  -26.837  -46.748  -18.883 0.4000000060
15417  -27.112  -47.200  -19.341 0.4000000060
14186  -30.110  -48.993  -19.098 0.4000000060
14825  -27.528  -47.700  -19.652 0.5000000000
14185  -29.066  -48.901  -18.901 0.5000000000
14194  -30.114  -48.363  -19.848 0.4000000060
14832  -28.462  -47.558  -20.231 0.5000000000
14193  -29.274  -48.273  -19.682 0.5000000000
16026  -27.197  -45.957  -18.433 0.4000000060
14833  -29.568  -47.561  -20.456 0.3000000119
16033  -27.618  -46.450  -19.422 0.4000000060
16034  -28.607  -46.261  -20.087 0.4000000060
15424  -27.958  -47.021  -20.146 0.5000000000
82531  -28.788  -46.905  -20.760 0.5000000000
16020  -27.933  -45.174  -17.831 0.4000000060
14839  -29.708  -46.764  -20.836 0.3000000119
14840  -30.481  -47.338  -20.659 0.3000000119
16027  -28.368  -45.573  -18.729 0.4000000060
15425  -29.265  -46.357  -20.621 0.4000000060
16651  -28.459  -44.569  -17.170 0.5000000000
15426  -30.009  -46.042  -20.559 0.3000000119
16042  -30.968  -45.793  -20.366 0.4000000060
15434  -31.470  -46.442  -20.758 0.4000000060
16657  -28.747  -44.962  -17.793 0.4000000060
81806  -29.488  -45.729  -20.104 0.5000000000
16035  -30.350  -45.364  -19.949 0.4000000060
16658  -29.443  -44.993  -18.245 0.5000000000
95249  -29.123  -45.501  -19.338 0.5000000000
16028  -29.879  -45.171  -19.249 0.5000000000
16666  -30.719  -44.804  -19.147 0.4000000060
16036  -31.390  -45.012  -19.746 0.4000000060
16043  -31.856  -45.644  -20.425 0.3000000119
16652  -29.390  -44.585  -17.161 0.5000000000
16653  -30.138  -44.542  -17.446 0.5000000000
17312  -32.353  -43.371  -19.366 0.4000000060
17319  -32.896  -43.143  -20.066 0.3000000119
17884  -29.294  -43.215  -16.423 0.5000000000
17304  -31.438  -43.553  -18.276 0.4000000060
16667  -31.481  -44.317  -18.917 0.4000000060
16668  -32.119  -44.235  -19.386 0.4000000060
82723  -32.650  -43.945  -19.859 0.4000000060
85341  -33.151  -44.097  -20.627 0.3000000119
16643  -28.998  -43.952  -16.539 0.5000000000
16659  -30.369  -44.687  -18.338 0.5000000000
16660  -31.034  -44.327  -18.416 0.5000000000
17297  -30.056  -43.841  -16.743 0.5000000000
17909  -32.406  -42.537  -19.514 0.4000000060
17915  -32.749  -42.316  -20.062 0.4000000060
17883  -28.885  -42.338  -16.528 0.5000000000
92037  -33.347  -43.239  -20.802 0.3000000119
17893  -29.854  -42.677  -16.808 0.5000000000
17894  -30.709  -43.081  -17.263 0.5000000000
17901  -31.182  -42.537  -18.034 0.5000000000
17303  -30.875  -43.998  -17.571 0.5000000000
18492  -32.362  -41.770  -19.792 0.4000000060
87511  -28.413  -41.391  -17.057 0.5000000000
18481  -30.713  -41.519  -18.342 0.5000000000
18498  -32.873  -41.662  -20.395 0.3000000119
86094  -33.202  -42.462  -20.597 0.3000000119
18471  -28.866  -40.997  -17.749 0.5000000000
18480  -29.708  -41.061  -18.157 0.5000000000
18472  -30.341  -42.025  -17.550 0.5000000000
9887  -27.040  -56.536  -13.246 0.6000000238
85726  -28.818  -56.156  -13.939 0.5000000000
9392  -25.077  -57.235  -11.433 0.6000000238
10850  -25.150  -54.438  -13.454 0.6999999881
85202  -26.829  -54.810  -16.955 0.6000000238
11336  -25.475  -53.956  -14.859 0.6999999881
81671  -25.818  -53.512  -15.943 0.6999999881
12348  -26.073  -52.322  -16.466 0.5000000000
83679  -26.892  -53.149  -17.474 0.6000000238
12349  -26.009  -51.524  -16.699 0.4000000060
12942  -28.609  -50.657  -17.771 0.5000000000
16674  -32.414  -44.788  -20.217 0.3000000119
82589  -29.382  -41.685  -17.221 0.5000000000
7566  -21.677  -61.415  -14.193 0.5000000000
7576  -23.089  -61.392  -14.760 0.5000000000
7575  -22.235  -61.457  -14.731 0.5000000000
7577  -24.506  -61.583  -15.048 0.5000000000
93122  -23.686  -61.638  -15.312 0.5000000000
7585  -22.682  -61.601  -15.231 0.4000000060
86424  -21.767  -61.428  -13.475 0.5000000000
7568  -23.620  -61.415  -13.875 0.6000000238
7567  -22.546  -61.367  -13.915 0.6000000238
88089  -23.826  -61.448  -14.791 0.5000000000
87060  -27.239  -61.376  -14.574 0.4000000060
7538  -21.696  -62.096  -11.491 0.6999999881
82837  -22.019  -61.658  -12.073 0.6999999881
88103  -23.069  -61.389  -13.146 0.6999999881
7578  -25.321  -61.563  -14.539 0.5000000000
7569  -24.503  -61.490  -14.250 0.5000000000
7579  -26.325  -61.555  -14.756 0.5000000000
7105  -21.844  -62.804  -9.964 0.5000000000
7518  -22.017  -62.235  -10.746 0.6999999881
7539  -22.505  -61.717  -11.160 0.6999999881
7558  -23.146  -61.364  -12.273 0.6000000238
8029  -24.724  -61.333  -13.125 0.6999999881
7559  -23.823  -61.326  -12.694 0.6000000238
7570  -26.056  -61.386  -13.835 0.5000000000
96067  -25.270  -61.441  -13.761 0.6000000238
8030  -25.781  -61.099  -13.040 0.6000000238
8039  -26.920  -61.201  -13.898 0.5000000000
8041  -28.526  -60.805  -14.172 0.5000000000
7090  -22.510  -62.625  -9.329 0.5000000000
7500  -22.657  -62.052  -10.106 0.6999999881
7540  -23.241  -61.373  -11.352 0.6999999881
8002  -24.030  -61.065  -10.744 0.6999999881
7519  -23.351  -61.399  -10.410 0.6999999881
8012  -23.947  -61.193  -11.669 0.6999999881
8025  -26.377  -60.451  -12.330 0.6000000238
8024  -25.541  -60.809  -12.229 0.6999999881
8031  -26.633  -60.814  -13.132 0.6999999881
8040  -27.749  -61.041  -14.010 0.6000000238
8032  -27.431  -60.592  -13.268 0.6000000238
8034  -28.985  -60.120  -13.581 0.6000000238
6613  -21.357  -63.102  -8.213 0.5000000000
7076  -22.748  -62.693  -8.442 0.6000000238
7075  -22.024  -63.039  -8.854 0.5000000000
7501  -23.158  -62.295  -9.148 0.6000000238
92256  -23.341  -61.685  -9.726 0.6000000238
87861  -24.069  -60.932  -10.107 0.6000000238
8013  -24.846  -60.659  -11.032 0.6999999881
8023  -24.690  -61.024  -12.037 0.6999999881
8458  -27.856  -59.914  -12.709 0.6999999881
8033  -28.197  -60.373  -13.442 0.6999999881
8459  -28.589  -59.667  -12.898 0.6999999881
7064  -22.896  -62.564  -7.293 0.5000000000
7972  -24.308  -61.145  -8.807 0.6000000238
7988  -23.877  -61.216  -9.660 0.6000000238
92971  -25.386  -60.539  -11.518 0.8000000119
8442  -25.748  -59.744  -10.921 0.5000000000
8441  -25.356  -59.916  -10.448 0.6000000238
8451  -26.074  -60.093  -11.588 0.6999999881
8454  -28.156  -59.141  -12.305 0.6999999881
8453  -27.440  -59.342  -12.037 0.6999999881
8460  -29.400  -59.241  -13.023 0.5000000000
8938  -29.883  -58.328  -13.015 0.5000000000
85323  -21.998  -62.696  -6.981 0.5000000000
7065  -23.641  -62.048  -7.240 0.5000000000
7973  -24.594  -61.000  -7.859 0.6000000238
7489  -24.052  -61.696  -7.994 0.6000000238
80785  -24.918  -60.510  -8.662 0.6000000238
8419  -25.227  -59.876  -9.400 0.6000000238
7989  -24.506  -60.649  -9.530 0.6000000238
9393  -25.956  -58.050  -11.649 0.6000000238
87498  -25.692  -58.255  -11.136 0.5000000000
8432  -25.434  -59.407  -10.071 0.5000000000
8928  -26.793  -58.641  -11.681 0.6000000238
8443  -26.251  -59.068  -11.282 0.6000000238
8930  -28.335  -58.288  -12.330 0.6000000238
8929  -27.544  -58.338  -11.975 0.6000000238
9412  -29.256  -57.467  -13.017 0.5000000000
7055  -23.159  -62.143  -6.642 0.5000000000
7959  -24.693  -60.720  -7.066 0.6000000238
8406  -25.410  -59.924  -8.509 0.6000000238
8433  -25.774  -58.922  -10.551 0.5000000000
9402  -25.516  -57.289  -12.221 0.5000000000
93154  -25.326  -57.511  -11.740 0.5000000000
9411  -28.264  -56.939  -12.944 0.6000000238
7461  -22.850  -61.789  -6.200 0.5000000000
7475  -24.121  -60.923  -6.715 0.6000000238
8397  -25.797  -59.873  -7.137 0.6000000238
7974  -25.276  -60.327  -7.659 0.6000000238
9877  -25.799  -57.039  -12.668 0.5000000000
7462  -23.154  -61.047  -6.174 0.5000000000
7948  -23.832  -60.721  -6.373 0.5000000000
7950  -25.287  -60.158  -6.851 0.6000000238
91825  -25.988  -58.949  -7.892 0.6000000238
7935  -22.409  -61.191  -5.832 0.5000000000
7936  -23.436  -60.330  -6.036 0.5000000000
8391  -25.018  -59.779  -6.347 0.6000000238
8408  -26.069  -59.248  -7.184 0.6000000238
84809  -22.317  -60.351  -5.701 0.5000000000
87558  -22.925  -59.949  -5.764 0.5000000000
8381  -24.577  -59.330  -5.958 0.5000000000
91754  -25.854  -58.798  -6.503 0.6000000238
8879  -26.201  -58.742  -6.813 0.6000000238
8379  -22.948  -59.286  -5.636 0.5000000000
86690  -24.119  -58.883  -5.660 0.5000000000
8858  -22.479  -58.654  -5.679 0.5000000000
8889  -26.971  -57.815  -7.548 0.5000000000
8859  -23.359  -58.724  -5.529 0.5000000000
8862  -25.675  -58.480  -6.244 0.5000000000
96881  -21.954  -58.419  -5.948 0.5000000000
9312  -23.031  -57.791  -5.547 0.5000000000
9315  -25.437  -57.952  -6.055 0.5000000000
9344  -27.283  -57.373  -7.062 0.4000000060
9311  -22.151  -57.897  -5.961 0.5000000000
9314  -24.613  -57.718  -5.785 0.5000000000
9332  -25.926  -57.461  -6.343 0.4000000060
9333  -26.631  -57.624  -6.634 0.4000000060
9330  -24.258  -56.960  -5.991 0.4000000060
9780  -25.620  -56.821  -6.354 0.4000000060
10281  -27.449  -56.151  -7.044 0.4000000060
9403  -26.553  -57.652  -12.107 0.6000000238
92024  -28.867  -56.707  -13.363 0.5000000000
9889  -29.721  -56.766  -13.570 0.4000000060
9782  -27.203  -56.837  -6.805 0.4000000060
10295  -28.378  -55.366  -7.923 0.4000000060
8026  -27.137  -60.158  -12.485 0.6999999881
8003  -24.735  -60.363  -10.189 0.6000000238
8455  -28.766  -58.983  -12.584 0.6999999881
8452  -26.744  -59.641  -11.811 0.6999999881
8931  -29.084  -58.343  -12.698 0.6000000238
7063  -22.102  -62.871  -7.841 0.5000000000
7077  -23.489  -62.303  -8.145 0.6000000238
7474  -23.572  -61.485  -6.587 0.5000000000
7481  -24.112  -61.342  -7.201 0.6000000238
7934  -21.697  -60.807  -5.588 0.5000000000
7937  -24.199  -60.034  -6.158 0.5000000000
7949  -24.545  -60.407  -6.548 0.5000000000
8378  -22.329  -59.545  -5.687 0.5000000000
8380  -23.664  -59.526  -5.792 0.5000000000
8382  -25.356  -59.078  -6.223 0.5000000000
8390  -21.685  -59.018  -5.990 0.5000000000
8392  -25.716  -59.407  -6.709 0.6000000238
8407  -25.720  -59.583  -7.855 0.6000000238
8860  -23.984  -58.181  -5.501 0.5000000000
8861  -24.880  -58.543  -5.836 0.5000000000
8863  -26.036  -58.022  -6.343 0.4000000060
8870  -26.226  -58.321  -6.548 0.5000000000
8871  -26.695  -58.088  -6.909 0.5000000000
8888  -26.459  -58.567  -7.319 0.6000000238
9313  -23.830  -57.468  -5.638 0.4000000060
9331  -25.125  -57.225  -6.149 0.4000000060
9370  -27.628  -56.781  -8.455 0.6000000238
9383  -25.243  -57.401  -10.825 0.6000000238
9405  -28.537  -57.639  -12.619 0.6000000238
9781  -26.383  -56.842  -6.516 0.4000000060
9799  -27.692  -56.551  -7.428 0.4000000060
9800  -28.142  -55.985  -7.878 0.6000000238
9878  -26.551  -57.013  -12.683 0.6000000238
10294  -27.885  -55.774  -7.456 0.4000000060
10339  -27.784  -55.684  -10.114 0.6000000238
10365  -24.448  -55.844  -12.734 0.6000000238
10374  -24.411  -55.706  -13.609 0.6999999881
10381  -27.473  -55.645  -15.065 0.6000000238
10387  -25.775  -55.255  -15.600 0.6000000238
10390  -28.946  -55.466  -15.875 0.4000000060
10397  -27.329  -55.190  -16.479 0.6000000238
10854  -24.982  -54.701  -15.289 0.6000000238
10858  -26.103  -54.489  -16.628 0.6000000238
11302  -27.641  -53.871  -11.843 0.5000000000
11340  -26.106  -53.861  -16.934 0.6000000238
11342  -26.702  -53.783  -17.407 0.6000000238
11343  -27.578  -53.547  -17.366 0.6000000238
12331  -26.103  -52.257  -15.590 0.6000000238
12353  -27.146  -51.825  -17.460 0.6000000238
13566  -30.333  -49.746  -18.627 0.4000000060
14192  -28.245  -48.334  -19.479 0.5000000000
15433  -30.639  -46.569  -20.698 0.3000000119
17311  -31.902  -43.648  -18.891 0.4000000060
18504  -33.416  -41.705  -21.048 0.3000000119
85876  -25.423  -54.172  -15.429 0.6999999881
87201  -22.638  -61.476  -11.926 0.6999999881
87988  -30.128  -57.597  -13.251 0.5000000000
91303  -24.285  -55.246  -13.931 0.6999999881
91835  -23.785  -61.803  -8.968 0.6000000238
95699  -31.151  -43.284  -17.702 0.5000000000
96510  -22.847  -60.583  -5.910 0.5000000000
