#!ascii label  , from subject sub-v1s20x0050299_ses-1 vox2ras=TkReg
472
30047  27.783  -15.478  -21.117 0.1428571492
90073  27.739  -16.593  -20.233 0.1428571492
30902  27.584  -14.807  -21.519 0.1428571492
30046  28.937  -15.404  -20.660 0.1428571492
92467  28.159  -14.579  -21.972 0.2857142985
30901  29.196  -14.522  -21.834 0.1428571492
31894  28.516  -14.296  -23.266 0.5714285970
30917  28.855  -14.440  -22.646 0.1428571492
32895  29.997  -12.961  -23.834 0.2857142985
31906  30.297  -13.472  -23.178 0.2857142985
33784  31.058  -12.124  -24.168 0.1428571492
32894  30.745  -12.729  -23.633 0.2857142985
96478  30.350  -10.398  -26.746 0.2857142985
34721  30.672  -10.668  -25.913 0.1428571492
33804  30.199  -11.391  -25.447 0.2857142985
88788  31.039  -9.352  -27.725 0.2857142985
35722  30.748  -9.820  -27.250 0.2857142985
36645  31.023  -8.724  -29.073 0.2857142985
36634  31.020  -9.042  -28.423 0.2857142985
91130  31.485  -7.500  -29.714 0.2857142985
93020  31.048  -5.946  -30.659 0.8571428657
79630  31.332  -6.963  -30.188 0.4285714328
37515  31.615  -7.617  -28.773 0.2857142985
40226  31.685  -5.092  -31.215 0.7142857313
80775  32.095  -5.127  -30.260 0.7142857313
97310  31.389  -5.506  -30.637 0.7142857313
80750  30.941  -6.648  -30.744 0.7142857313
40245  32.857  -4.424  -31.156 0.8571428657
40246  32.242  -4.651  -31.469 0.5714285970
40247  31.711  -4.683  -32.141 0.8571428657
92657  30.966  -5.597  -31.239 0.7142857313
41206  34.547  -3.945  -32.070 0.4285714328
40257  33.416  -4.016  -31.768 0.7142857313
85031  32.543  -4.318  -31.997 0.8571428657
41219  35.583  -3.448  -33.093 0.2857142985
41234  35.095  -3.159  -33.837 0.5714285970
41207  33.596  -4.020  -32.876 0.8571428657
41220  35.015  -3.913  -33.009 0.7142857313
41208  32.919  -4.133  -32.611 0.8571428657
42200  36.750  -2.713  -34.977 0.1428571492
41218  35.964  -2.987  -33.819 0.1428571492
41221  33.475  -3.842  -33.576 0.8571428657
84979  37.164  -2.481  -35.757 0.1428571492
91413  36.612  -2.489  -35.488 0.1428571492
42184  35.794  -2.489  -34.490 0.4285714328
43942  37.175  -1.513  -35.958 0.1428571492
43098  35.522  -1.861  -35.177 0.4285714328
41235  33.979  -3.230  -34.022 0.7142857313
94848  32.619  -3.790  -33.942 0.8571428657
44789  36.901  -0.951  -36.231 0.1428571492
43943  36.422  -1.301  -36.160 0.1428571492
43097  36.592  -2.021  -35.959 0.5714285970
42201  34.427  -2.659  -34.650 0.8571428657
42202  33.337  -2.651  -34.633 0.8571428657
45554  37.174  0.235  -36.061 0.1428571492
44798  36.950  -0.522  -36.368 0.2857142985
42211  33.964  -2.118  -35.335 0.8571428657
79832  37.150  1.079  -36.381 0.1428571492
44799  36.210  -0.766  -36.496 0.8571428657
43957  35.433  -1.072  -36.219 0.8571428657
43114  34.774  -1.420  -35.769 0.8571428657
45555  36.690  -0.118  -36.743 0.4285714328
43958  34.416  -0.906  -36.227 0.8571428657
45559  36.604  0.455  -37.318 0.1428571492
80824  37.380  1.562  -37.199 0.2857142985
96502  36.216  0.044  -37.254 0.8571428657
44806  35.798  -0.109  -36.871 0.8571428657
44800  35.151  -0.503  -36.601 0.8571428657
92674  36.602  0.678  -38.291 0.2857142985
92609  35.944  0.275  -37.976 0.8571428657
44807  35.027  0.508  -36.452 0.8571428657
43959  34.220  -0.222  -36.590 0.8571428657
45560  35.449  0.439  -37.208 0.8571428657
45565  35.167  0.702  -37.703 0.7142857313
44813  34.755  0.986  -37.083 0.7142857313
45569  35.996  0.493  -38.859 0.8571428657
45570  35.299  0.800  -38.637 0.8571428657
45574  35.147  1.107  -39.464 0.8571428657
79803  35.886  1.167  -39.587 0.7142857313
46314  35.590  1.389  -39.857 0.8571428657
79801  35.292  3.303  -40.622 0.7142857313
92680  37.213  4.327  -39.982 0.1428571492
79804  35.610  1.861  -40.118 0.8571428657
81909  35.724  2.610  -40.884 0.7142857313
81333  35.759  3.446  -40.769 0.7142857313
79793  35.116  2.445  -40.345 0.8571428657
81662  36.643  4.752  -40.637 0.1428571492
92918  35.882  4.713  -40.941 0.5714285970
93286  35.499  5.489  -41.614 0.5714285970
79855  37.291  5.466  -40.980 0.1428571492
92917  35.401  6.558  -42.935 0.5714285970
93056  36.802  5.985  -41.839 0.1428571492
79873  37.804  5.947  -41.197 0.1428571492
81011  35.865  6.167  -42.689 0.1428571492
82208  37.687  6.569  -41.639 0.1428571492
93330  35.857  5.717  -42.080 0.5714285970
80914  36.329  6.579  -42.571 0.1428571492
49277  38.987  6.696  -41.554 0.1428571492
79839  37.047  7.017  -42.074 0.1428571492
29293  28.756  -16.374  -20.206 0.1428571492
30916  29.803  -14.261  -22.393 0.1428571492
86268  30.258  -13.949  -22.638 0.2857142985
31893  29.409  -14.109  -23.174 0.2857142985
34710  31.569  -10.345  -25.511 0.2857142985
34700  31.054  -10.983  -25.038 0.2857142985
33794  30.593  -11.679  -24.679 0.1428571492
36652  31.387  -8.226  -29.400 0.2857142985
36653  30.704  -8.652  -29.665 0.2857142985
80778  31.371  -6.227  -30.057 0.4285714328
81687  30.899  -7.542  -30.643 0.5714285970
79619  30.716  -6.326  -31.461 0.7142857313
41205  35.574  -3.707  -32.296 0.1428571492
40258  32.223  -4.345  -32.807 0.8571428657
44788  37.187  -0.358  -35.621 0.1428571492
43113  35.814  -1.392  -35.794 0.8571428657
92741  36.268  5.431  -41.614 0.1428571492
48524  39.725  5.966  -41.402 0.1428571492
29272  27.227  -17.127  -19.723 0.1428571492
86722  28.608  -13.987  -23.808 0.2857142985
35713  31.943  -9.872  -25.994 0.2857142985
35737  31.462  -9.391  -27.019 0.2857142985
43096  37.606  -1.915  -35.206 0.1428571492
44787  37.747  -0.241  -35.202 0.1428571492
93080  37.239  1.329  -38.624 0.2857142985
81299  36.468  0.654  -39.533 0.5714285970
82014  36.419  2.119  -40.406 0.5714285970
79810  36.197  3.412  -40.620 0.4285714328
81436  35.591  7.136  -43.109 0.2857142985
81686  35.996  7.018  -43.053 0.1428571492
50071  38.227  7.111  -41.646 0.1428571492
80997  37.670  7.352  -41.670 0.1428571492
81524  36.550  1.554  -39.451 0.4285714328
79813  37.109  2.312  -39.721 0.4285714328
30882  28.519  -14.788  -21.284 0.1428571492
95014  28.103  -16.105  -20.699 0.1428571492
30062  26.675  -15.274  -21.279 0.2857142985
31907  29.392  -13.558  -23.851 0.1428571492
32907  30.246  -12.376  -24.277 0.1428571492
35721  31.215  -10.007  -26.428 0.2857142985
39337  30.754  -5.812  -31.893 0.7142857313
82930  35.733  0.611  -39.754 0.8571428657
79785  35.531  4.357  -40.699 0.5714285970
79856  38.610  5.523  -40.599 0.1428571492
79854  38.778  6.057  -41.214 0.1428571492
31922  28.650  -13.456  -24.436 0.4285714328
35738  30.349  -9.640  -28.095 0.5714285970
34755  29.145  -10.522  -28.384 0.5714285970
97619  28.466  -12.164  -28.092 0.5714285970
94577  27.938  -12.496  -28.397 0.2857142985
34774  28.885  -10.372  -29.169 0.5714285970
34775  28.400  -11.313  -29.610 0.5714285970
32937  27.805  -13.232  -27.076 0.4285714328
34756  28.674  -11.034  -28.779 0.5714285970
32943  27.297  -12.834  -27.811 0.2857142985
32966  27.418  -12.299  -29.416 0.4285714328
36654  29.913  -8.988  -29.932 0.4285714328
35794  28.629  -9.826  -31.091 0.5714285970
34798  28.203  -11.431  -30.464 0.5714285970
33864  27.883  -11.925  -30.909 0.4285714328
35817  29.139  -9.170  -31.393 0.5714285970
35818  28.919  -10.079  -32.183 0.5714285970
34823  28.237  -10.875  -31.270 0.4285714328
80856  29.527  -9.236  -32.434 0.7142857313
81232  29.806  -10.015  -33.404 0.4285714328
92765  29.832  -8.536  -31.534 0.4285714328
32965  27.676  -12.128  -30.136 0.4285714328
32967  26.810  -12.180  -29.043 0.2857142985
32955  26.527  -12.195  -28.051 0.2857142985
33876  27.791  -11.566  -31.654 0.4285714328
79613  30.370  -7.639  -32.224 0.7142857313
92691  29.571  -9.650  -34.540 0.4285714328
80869  30.185  -7.019  -32.695 0.7142857313
79614  29.409  -8.535  -33.849 0.5714285970
38511  29.354  -7.296  -33.290 0.7142857313
92889  30.685  -7.214  -31.507 0.5714285970
92656  30.691  -6.986  -32.140 0.5714285970
81454  29.780  -8.274  -32.981 0.7142857313
79624  30.329  -6.126  -33.008 0.7142857313
39355  30.081  -5.896  -33.765 0.7142857313
38518  29.396  -6.256  -33.867 0.4285714328
39366  29.773  -5.858  -34.730 0.4285714328
40227  31.077  -5.263  -31.936 0.5714285970
81207  30.595  -6.346  -32.343 0.5714285970
39354  30.617  -5.474  -33.285 0.5714285970
40270  31.153  -4.884  -33.519 0.7142857313
40279  31.316  -4.558  -34.390 0.7142857313
41237  31.780  -4.080  -35.029 0.7142857313
40280  30.420  -4.903  -34.820 0.7142857313
41248  31.358  -3.858  -35.705 0.5714285970
41222  32.677  -4.028  -33.362 0.7142857313
40269  31.870  -4.416  -33.574 0.5714285970
41223  32.149  -4.128  -34.225 0.7142857313
90671  32.281  -3.718  -34.636 0.8571428657
40281  29.848  -5.170  -35.155 0.4285714328
42203  32.521  -2.955  -34.792 0.7142857313
41247  31.953  -3.527  -35.282 0.7142857313
42213  32.196  -2.653  -35.304 0.7142857313
42220  31.444  -3.041  -35.768 0.5714285970
43126  32.101  -1.390  -35.969 0.2857142985
41236  32.995  -3.144  -34.050 0.7142857313
42212  32.991  -2.143  -35.129 0.7142857313
43134  32.894  -0.663  -36.205 0.7142857313
43116  32.688  -1.844  -35.604 0.8571428657
43968  33.569  -0.754  -36.231 0.8571428657
43125  32.971  -1.167  -35.907 0.5714285970
98393  33.518  -0.194  -36.506 0.8571428657
43115  33.599  -1.434  -35.736 0.8571428657
44814  33.942  0.468  -36.866 0.7142857313
82554  34.569  1.594  -38.616 0.7142857313
79781  33.913  1.843  -37.850 0.7142857313
81474  34.757  2.060  -39.396 0.7142857313
93108  34.422  3.532  -39.973 0.7142857313
79787  33.930  2.446  -38.701 0.7142857313
92854  33.966  3.891  -39.880 0.7142857313
79802  34.048  4.461  -39.770 0.7142857313
79778  33.238  4.434  -39.451 0.5714285970
79811  34.696  4.208  -40.175 0.7142857313
79790  34.671  4.949  -39.900 0.4285714328
79784  34.246  5.034  -39.434 0.5714285970
79783  33.405  4.850  -39.229 0.5714285970
82101  34.495  5.984  -40.563 0.5714285970
79789  34.346  5.963  -39.637 0.5714285970
79780  33.444  5.162  -38.979 0.4285714328
79779  32.679  4.794  -38.919 0.4285714328
82307  33.413  7.272  -39.899 0.5714285970
82409  34.307  6.020  -39.161 0.5714285970
81284  34.209  5.957  -38.376 0.4285714328
79782  32.554  4.511  -38.698 0.4285714328
79786  33.811  6.765  -38.630 0.5714285970
79792  33.402  8.011  -37.842 0.4285714328
80974  31.567  -5.683  -29.969 0.2857142985
79807  33.297  8.441  -38.101 0.2857142985
79788  33.717  7.238  -37.770 0.4285714328
33830  28.792  -12.047  -27.426 0.5714285970
33818  28.547  -12.866  -26.896 0.5714285970
35755  30.258  -9.167  -29.049 0.2857142985
35756  29.537  -9.820  -28.673 0.4285714328
35793  29.106  -9.344  -30.440 0.5714285970
33865  27.300  -12.078  -30.680 0.4285714328
88521  28.194  -10.913  -32.261 0.4285714328
34837  28.879  -10.525  -33.074 0.5714285970
33855  26.470  -11.745  -29.431 0.2857142985
33877  27.362  -11.939  -31.527 0.2857142985
93428  29.938  -9.859  -33.925 0.5714285970
37582  28.670  -8.926  -34.861 0.2857142985
38510  29.886  -6.452  -33.307 0.7142857313
81663  34.536  1.200  -37.768 0.7142857313
79776  33.424  3.838  -39.483 0.7142857313
79770  32.737  4.597  -39.152 0.5714285970
93252  33.342  4.954  -38.694 0.2857142985
79800  35.048  5.202  -40.766 0.5714285970
79796  33.662  7.269  -41.147 0.5714285970
81133  28.041  -11.036  -33.058 0.4285714328
79628  30.387  -7.899  -31.523 0.5714285970
39343  30.709  -5.668  -32.531 0.5714285970
34741  28.841  -11.332  -28.030 0.4285714328
33839  28.393  -11.952  -28.841 0.4285714328
32942  28.219  -12.737  -27.687 0.5714285970
32954  27.263  -12.502  -28.691 0.4285714328
35773  29.303  -9.581  -29.535 0.5714285970
35774  28.597  -10.339  -30.203 0.5714285970
94146  28.082  -11.917  -30.200 0.4285714328
31937  28.098  -13.254  -26.200 0.5714285970
32972  27.047  -12.141  -29.850 0.4285714328
33894  27.487  -11.437  -32.295 0.4285714328
79626  29.777  -9.935  -34.260 0.4285714328
92690  29.884  -8.435  -32.344 0.5714285970
80865  29.741  -9.286  -33.674 0.7142857313
79622  28.960  -9.791  -35.554 0.4285714328
82047  29.307  -9.837  -34.885 0.4285714328
37574  28.599  -7.606  -33.998 0.2857142985
40259  31.084  -5.059  -32.718 0.7142857313
39365  30.501  -5.243  -34.111 0.7142857313
99077  31.599  -4.659  -32.964 0.5714285970
41238  31.063  -4.341  -35.299 0.7142857313
41249  30.801  -4.091  -35.879 0.2857142985
42214  31.911  -2.197  -35.687 0.5714285970
43127  31.293  -2.104  -35.899 0.2857142985
81751  34.146  3.020  -39.451 0.7142857313
33895  26.673  -11.679  -32.208 0.1428571492
90768  27.832  -10.861  -33.728 0.4285714328
30918  27.015  -14.353  -22.004 0.4285714328
36632  31.898  -8.065  -27.251 0.1428571492
36633  31.501  -8.736  -27.738 0.1428571492
36643  31.519  -7.752  -27.824 0.1428571492
80801  31.500  -6.631  -29.593 0.1428571492
80815  31.488  -5.822  -29.032 0.1428571492
94956  32.059  -7.584  -26.831 0.1428571492
79623  31.782  -5.297  -28.275 0.1428571492
37524  31.405  -6.620  -28.733 0.1428571492
37514  31.107  -6.613  -27.637 0.1428571492
93543  32.861  -4.525  -30.317 0.2857142985
85985  33.494  -3.983  -30.516 0.1428571492
50064  38.510  7.616  -41.268 0.1428571492
50889  38.098  8.153  -40.569 0.1428571492
82781  36.797  7.474  -42.026 0.1428571492
81250  33.814  1.128  -37.249 0.4285714328
79824  34.897  9.086  -40.321 0.2857142985
79830  33.609  7.771  -41.958 0.2857142985
81352  34.046  7.031  -41.733 0.2857142985
93846  33.884  7.650  -42.220 0.2857142985
79767  33.013  1.690  -37.171 0.1428571492
79872  34.200  9.567  -39.985 0.2857142985
92752  34.803  6.268  -41.868 0.4285714328
88261  33.383  2.585  -38.117 0.4285714328
79775  32.665  4.091  -39.130 0.5714285970
79828  33.720  8.333  -40.844 0.2857142985
91795  32.759  3.574  -38.544 0.4285714328
79764  32.552  3.771  -38.400 0.2857142985
79797  33.070  9.000  -38.687 0.1428571492
81472  33.233  8.047  -39.872 0.1428571492
79791  33.428  9.011  -39.834 0.1428571492
96828  32.597  3.614  -37.749 0.1428571492
97444  32.486  4.361  -38.696 0.4285714328
82105  33.079  9.213  -37.319 0.1428571492
79798  33.123  10.504  -37.927 0.1428571492
79808  33.484  11.483  -38.662 0.1428571492
82152  32.426  4.278  -38.606 0.2857142985
92718  33.209  8.595  -36.900 0.2857142985
79836  33.467  6.750  -34.446 0.1428571492
80871  33.113  9.588  -36.476 0.1428571492
79806  33.018  10.271  -37.073 0.1428571492
93933  33.641  9.744  -35.883 0.1428571492
30932  26.951  -14.262  -23.157 0.4285714328
31909  26.984  -14.139  -24.075 0.2857142985
35736  31.832  -8.820  -27.001 0.1428571492
37513  31.509  -5.961  -27.230 0.1428571492
92936  32.015  -5.294  -29.295 0.1428571492
81856  34.416  7.415  -42.631 0.2857142985
81015  33.835  8.017  -42.343 0.2857142985
79816  33.205  12.523  -39.016 0.2857142985
30933  26.162  -13.844  -23.461 0.2857142985
33793  31.429  -11.484  -24.504 0.1428571492
35720  32.075  -9.326  -26.368 0.1428571492
93133  33.142  0.609  -36.877 0.4285714328
79763  33.356  2.679  -37.777 0.2857142985
95210  34.004  10.620  -39.474 0.2857142985
81089  34.215  8.539  -41.590 0.2857142985
92975  34.515  7.548  -42.718 0.2857142985
79852  35.103  8.525  -41.282 0.2857142985
79871  36.050  8.602  -40.356 0.1428571492
50887  36.572  8.825  -39.301 0.1428571492
81982  33.021  11.409  -37.464 0.2857142985
79817  33.590  11.813  -39.284 0.2857142985
96038  36.732  8.102  -41.281 0.1428571492
50065  37.578  7.875  -41.241 0.1428571492
99438  36.382  7.847  -41.931 0.1428571492
40244  34.341  -3.934  -31.124 0.2857142985
81612  34.760  10.406  -39.521 0.2857142985
86046  35.255  7.276  -43.326 0.2857142985
79853  35.809  7.549  -42.581 0.1428571492
31908  27.783  -14.264  -23.638 0.4285714328
30931  27.871  -14.421  -22.813 0.4285714328
96163  32.391  -4.796  -30.888 0.4285714328
79838  35.171  7.237  -43.351 0.2857142985
79774  33.266  3.360  -38.872 0.5714285970
83698  33.020  7.906  -38.955 0.4285714328
82592  33.591  7.091  -36.061 0.2857142985
79771  32.435  4.261  -38.769 0.5714285970
79831  33.435  7.541  -41.152 0.2857142985
38447  31.266  -5.794  -27.876 0.1428571492
37503  31.612  -6.884  -27.208 0.1428571492
82167  33.096  1.473  -37.198 0.2857142985
81417  34.452  9.242  -40.321 0.2857142985
79837  34.331  8.452  -41.465 0.2857142985
79825  33.680  7.727  -41.977 0.2857142985
79818  33.831  10.370  -38.857 0.1428571492
79631  32.767  -5.009  -28.926 0.1428571492
92970  34.642  7.960  -42.528 0.2857142985
79840  35.849  8.152  -41.697 0.2857142985
82169  37.186  8.410  -40.105 0.1428571492
40289  30.311  -4.541  -35.491 0.4285714328
79829  35.663  13.135  -38.266 0.1428571492
82563  37.435  13.272  -38.986 0.1428571492
79835  35.092  9.957  -35.646 0.1428571492
96953  37.429  13.144  -36.324 0.1428571492
79822  35.538  12.374  -39.218 0.1428571492
80941  34.161  11.107  -36.407 0.1428571492
92717  35.810  12.074  -35.719 0.1428571492
82058  33.872  13.024  -37.605 0.1428571492
79834  38.465  13.481  -37.502 0.1428571492
79886  32.572  12.581  -38.154 0.1428571492
81201  34.722  12.896  -36.353 0.1428571492
89726  37.096  10.817  -35.633 0.1428571492
79868  37.370  12.720  -35.503 0.1428571492
79848  36.120  10.455  -35.673 0.1428571492
81837  38.187  10.957  -36.131 0.1428571492
82278  38.520  12.236  -38.548 0.1428571492
82391  30.379  -8.233  -30.789 0.2857142985
81661  33.492  12.637  -38.913 0.1428571492
81916  36.149  10.578  -39.380 0.1428571492
88686  37.123  12.381  -39.874 0.1428571492
82248  36.698  9.469  -35.498 0.1428571492
36667  30.376  -8.561  -30.247 0.4285714328
32936  28.809  -12.726  -26.076 0.4285714328
33805  29.412  -11.930  -25.750 0.2857142985
33817  29.094  -11.991  -26.608 0.2857142985
33829  29.225  -11.239  -27.168 0.2857142985
32909  28.659  -12.949  -24.895 0.2857142985
35739  29.698  -10.150  -28.058 0.2857142985
32925  28.501  -12.958  -25.464 0.4285714328
89952  29.699  -10.681  -27.062 0.1428571492
34722  29.759  -11.138  -26.363 0.1428571492
33795  29.734  -12.026  -24.921 0.1428571492
34740  29.404  -10.643  -27.676 0.2857142985
32924  29.023  -12.484  -25.205 0.2857142985
85437  27.858  -13.845  -24.312 0.2857142985
31923  27.979  -13.266  -25.057 0.2857142985
31924  27.182  -13.511  -24.783 0.2857142985
79611  28.602  -10.592  -33.768 0.2857142985
81123  28.578  -10.146  -35.408 0.2857142985
92729  28.014  -10.104  -36.136 0.2857142985
38519  28.839  -6.679  -33.709 0.1428571492
42221  30.671  -2.807  -36.323 0.1428571492
43135  31.385  -1.253  -36.068 0.1428571492
43978  32.192  -0.660  -36.251 0.1428571492
97391  33.136  0.999  -37.021 0.1428571492
85261  33.632  5.209  -38.030 0.1428571492
95058  32.568  4.143  -37.612 0.1428571492
89356  34.160  5.481  -37.458 0.1428571492
79794  34.013  5.902  -37.763 0.1428571492
89456  33.048  -0.105  -36.540 0.2857142985
44815  32.410  0.033  -36.611 0.1428571492
79621  28.163  -10.428  -34.552 0.2857142985
82090  27.460  -10.382  -35.485 0.2857142985
39367  29.078  -6.411  -34.874 0.1428571492
41250  30.166  -4.047  -36.120 0.1428571492
41258  30.636  -3.564  -36.215 0.1428571492
42222  29.889  -2.979  -36.836 0.1428571492
43128  30.749  -2.036  -36.323 0.1428571492
83431  32.388  1.101  -37.038 0.1428571492
82039  33.319  4.690  -37.635 0.1428571492
79612  27.214  -10.704  -34.234 0.2857142985
39372  29.404  -5.725  -35.232 0.1428571492
33914  27.071  -11.191  -33.158 0.1428571492
80833  26.529  -10.128  -36.258 0.1428571492
42228  30.107  -2.560  -36.789 0.1428571492
30903  26.137  -14.489  -21.514 0.1428571492
30919  26.290  -14.028  -22.453 0.1428571492
30920  25.896  -13.900  -21.785 0.1428571492
31938  27.310  -13.337  -25.744 0.1428571492
41189  35.338  -3.737  -31.464 0.1428571492
79812  37.640  2.566  -38.794 0.1428571492
31939  26.536  -13.139  -25.234 0.1428571492
31944  27.331  -13.309  -26.492 0.1428571492
31925  26.336  -13.506  -24.391 0.1428571492
32944  26.482  -12.614  -27.352 0.1428571492
31949  26.852  -13.122  -26.996 0.1428571492
31945  26.473  -13.094  -26.216 0.1428571492
32953  27.846  -12.331  -29.028 0.4285714328
33854  28.071  -12.091  -29.591 0.4285714328
34739  30.033  -10.200  -27.474 0.2857142985
36644  31.452  -8.380  -28.602 0.2857142985
36668  29.760  -8.751  -30.696 0.5714285970
37525  31.030  -8.191  -30.133 0.2857142985
79615  26.369  -9.888  -36.178 0.1428571492
79618  26.027  -10.227  -36.243 0.1428571492
79795  34.162  5.439  -38.791 0.2857142985
79799  33.040  11.710  -38.161 0.1428571492
79820  33.573  7.730  -41.704 0.2857142985
79823  33.633  11.699  -39.391 0.1428571492
79844  35.873  13.117  -36.950 0.1428571492
79850  37.803  14.088  -36.162 0.1428571492
80771  26.988  -10.368  -36.134 0.1428571492
80935  29.803  -9.321  -33.203 0.5714285970
81182  27.103  -9.934  -36.178 0.1428571492
81278  29.378  -10.283  -33.797 0.2857142985
82882  37.159  13.843  -37.316 0.1428571492
84970  29.072  -10.259  -34.479 0.4285714328
85292  36.461  13.546  -35.917 0.1428571492
97754  31.677  -9.638  -26.463 0.2857142985
98525  33.042  12.264  -39.219 0.2857142985
