#!ascii label  , from subject sub-v1s20x0050316_ses-1 vox2ras=TkReg
1080
46618  -10.827  -24.853  55.224 0.0000000000
49891  -33.326  -22.097  37.689 0.0000000000
54878  -32.787  -17.734  34.879 0.0000000000
52857  -27.696  -19.555  44.437 0.0000000000
60790  -42.477  -10.857  25.696 0.0000000000
60727  -34.396  -10.940  29.302 0.0000000000
50910  -36.263  -21.397  42.369 0.0000000000
49819  -30.495  -23.249  41.326 0.0000000000
113409  -45.862  -8.134  30.046 0.0000000000
64683  -49.589  -7.444  26.841 0.0000000000
65611  -53.918  -6.223  24.262 0.0000000000
58773  -37.060  -12.811  36.781 0.0000000000
57885  -32.921  -14.252  32.581 0.0000000000
122390  -36.494  -9.229  35.870 0.0000000000
63722  -40.268  -8.883  34.352 0.0000000000
52840  -21.015  -19.340  45.527 0.0000000000
46579  -8.490  -24.611  58.537 0.0000000000
52001  -35.391  -20.094  35.664 0.0000000000
55855  -37.122  -16.284  39.631 0.0000000000
110420  -23.061  -19.209  42.077 0.0000000000
52922  -26.873  -19.085  38.877 0.0000000000
64757  -54.473  -8.118  18.430 0.0000000000
66513  -57.773  -5.345  21.888 0.0000000000
60766  -38.591  -11.343  27.400 0.0000000000
62837  -42.950  -9.095  32.381 0.0000000000
48741  -12.107  -23.224  50.868 0.0000000000
127570  -4.027  -27.837  56.048 0.0000000000
63783  -47.660  -7.736  28.235 0.0000000000
119117  -36.321  -10.894  36.148 0.0000000000
49768  -20.376  -22.425  45.161 0.0000000000
46596  -9.217  -24.834  56.971 0.0000000000
51032  -33.265  -21.425  34.409 0.0000000000
51009  -34.414  -20.965  36.834 0.0000000000
53863  -25.177  -18.929  43.313 0.0000000000
52906  -24.552  -18.915  39.837 0.0000000000
52894  -26.954  -19.575  41.727 0.0000000000
48890  -32.104  -23.804  38.971 0.0000000000
49858  -30.065  -22.042  38.666 0.0000000000
49889  -31.483  -21.756  36.934 0.0000000000
53831  -27.116  -18.350  46.045 0.0000000000
53839  -24.720  -18.337  44.983 0.0000000000
63832  -47.501  -8.551  21.630 0.0000000000
64748  -52.411  -8.177  19.181 0.0000000000
111924  -55.238  -6.045  23.381 0.0000000000
117626  -33.154  -12.088  31.378 0.0000000000
60749  -36.513  -11.070  28.184 0.0000000000
62800  -41.366  -8.854  33.838 0.0000000000
49726  -17.073  -21.827  48.055 0.0000000000
50797  -15.529  -21.296  49.397 0.0000000000
50769  -14.193  -20.385  52.150 0.0000000000
49721  -12.752  -22.305  48.841 0.0000000000
44654  -5.441  -27.741  56.685 0.0000000000
49846  -35.336  -22.503  39.501 0.0000000000
129645  -36.536  -22.070  38.858 0.0000000000
50948  -37.849  -21.592  40.879 0.0000000000
51867  -30.627  -20.286  45.488 0.0000000000
51902  -28.901  -21.196  42.615 0.0000000000
50895  -32.022  -21.678  43.762 0.0000000000
117009  -33.259  -23.248  41.877 0.0000000000
117861  -44.267  -10.123  28.247 0.0000000000
122701  -46.133  -8.689  26.778 0.0000000000
122405  -47.973  -8.108  25.108 0.0000000000
64710  -49.529  -7.382  23.266 0.0000000000
65646  -51.822  -6.591  21.863 0.0000000000
65599  -51.801  -6.284  25.894 0.0000000000
131806  -34.378  -14.773  36.410 0.0000000000
132410  -32.534  -15.419  33.928 0.0000000000
57868  -35.206  -13.386  34.954 0.0000000000
60665  -34.240  -11.618  33.662 0.0000000000
61776  -35.180  -10.183  32.293 0.0000000000
62856  -37.056  -9.547  31.602 0.0000000000
63703  -37.800  -8.221  35.158 0.0000000000
51837  -21.138  -20.660  47.549 0.0000000000
49753  -18.737  -22.642  46.588 0.0000000000
67478  -55.420  -4.144  18.349 0.0000000000
127978  -5.608  -24.283  59.437 0.0000000000
51033  -33.551  -20.931  34.470 0.0000000000
53946  -34.510  -18.577  35.483 0.0000000000
51989  -37.563  -20.259  36.628 0.0000000000
54862  -37.057  -18.298  36.896 0.0000000000
55890  -35.135  -16.954  36.943 0.0000000000
57827  -36.566  -14.231  38.736 0.0000000000
50943  -28.941  -20.233  40.138 0.0000000000
55747  -23.205  -16.815  46.528 0.0000000000
52864  -21.590  -19.452  43.561 0.0000000000
64727  -54.124  -6.705  20.972 0.0000000000
65662  -55.798  -5.755  20.570 0.0000000000
66528  -57.975  -5.566  19.513 0.0000000000
109346  -56.595  -3.346  21.086 0.0000000000
45633  -9.112  -26.023  52.390 0.0000000000
44693  -8.322  -27.033  54.541 0.0000000000
60779  -40.569  -11.260  26.647 0.0000000000
61798  -39.056  -9.792  31.068 0.0000000000
61847  -41.034  -10.219  29.759 0.0000000000
60755  -42.599  -10.622  28.753 0.0000000000
62861  -44.756  -9.001  31.481 0.0000000000
113273  -11.465  -24.183  53.027 0.0000000000
45572  -7.550  -26.599  56.892 0.0000000000
45552  -5.545  -26.013  57.675 0.0000000000
46595  -3.794  -25.227  57.629 0.0000000000
47722  -10.464  -24.672  56.005 0.0000000000
50992  -33.033  -21.697  37.091 0.0000000000
51008  -33.339  -21.461  36.271 0.0000000000
131163  -34.229  -21.272  37.542 0.0000000000
52856  -26.725  -19.491  44.124 0.0000000000
52881  -26.341  -19.393  42.232 0.0000000000
52869  -27.237  -19.967  43.529 0.0000000000
117695  -33.672  -22.612  38.196 0.0000000000
49860  -31.835  -23.216  38.161 0.0000000000
49890  -32.344  -22.090  37.377 0.0000000000
49901  -31.621  -21.731  35.984 0.0000000000
52832  -29.311  -19.442  46.062 0.0000000000
52822  -28.439  -19.232  47.580 0.0000000000
111207  -27.699  -18.881  45.934 0.0000000000
53854  -26.132  -19.043  44.573 0.0000000000
64746  -50.992  -7.857  19.729 0.0000000000
53959  -32.921  -18.658  34.664 0.0000000000
53958  -32.181  -18.216  34.135 0.0000000000
60710  -33.391  -11.742  30.405 0.0000000000
59742  -33.385  -12.185  28.879 0.0000000000
60728  -35.213  -10.730  29.024 0.0000000000
49736  -16.139  -22.189  47.603 0.0000000000
50812  -16.665  -21.293  48.839 0.0000000000
49724  -15.579  -21.759  48.260 0.0000000000
49715  -14.177  -21.658  49.077 0.0000000000
48765  -13.571  -22.968  47.541 0.0000000000
49824  -36.585  -22.238  40.971 0.0000000000
50946  -36.731  -22.252  40.563 0.0000000000
114081  -36.926  -21.396  41.880 0.0000000000
51868  -31.281  -20.655  45.783 0.0000000000
51880  -31.031  -20.863  44.991 0.0000000000
50859  -32.493  -21.321  45.378 0.0000000000
50896  -35.182  -21.313  43.810 0.0000000000
49791  -34.188  -22.744  43.044 0.0000000000
49803  -35.058  -22.694  42.308 0.0000000000
49845  -34.643  -23.121  40.299 0.0000000000
62891  -45.227  -9.344  29.002 0.0000000000
61866  -44.805  -9.711  27.838 0.0000000000
62892  -45.872  -8.776  28.503 0.0000000000
64675  -48.813  -7.478  28.015 0.0000000000
63795  -47.443  -8.097  26.590 0.0000000000
64690  -48.905  -7.694  26.385 0.0000000000
125582  -48.928  -7.870  24.521 0.0000000000
119517  -49.832  -7.367  24.990 0.0000000000
64700  -50.312  -7.092  24.509 0.0000000000
123030  -50.488  -7.033  25.904 0.0000000000
57850  -36.195  -13.340  36.492 0.0000000000
57858  -34.799  -14.084  35.840 0.0000000000
57860  -35.973  -13.149  35.885 0.0000000000
61744  -36.163  -9.988  35.936 0.0000000000
60660  -35.391  -11.396  34.787 0.0000000000
62789  -35.777  -10.215  35.218 0.0000000000
61761  -34.465  -10.779  33.518 0.0000000000
62798  -36.188  -9.376  34.259 0.0000000000
63719  -36.847  -8.851  33.869 0.0000000000
63702  -36.874  -8.663  35.362 0.0000000000
54762  -21.352  -17.763  46.644 0.0000000000
53811  -21.066  -18.129  48.230 0.0000000000
52829  -21.005  -19.896  46.516 0.0000000000
49754  -19.312  -22.743  46.080 0.0000000000
67453  -53.535  -4.053  20.452 0.0000000000
67463  -52.276  -4.672  19.654 0.0000000000
112352  -7.147  -24.650  59.654 0.0000000000
52000  -34.389  -20.413  35.467 0.0000000000
52010  -33.912  -20.287  35.046 0.0000000000
52977  -33.817  -19.846  34.926 0.0000000000
52960  -35.607  -19.522  35.395 0.0000000000
51948  -37.865  -21.508  39.354 0.0000000000
51961  -36.933  -21.775  38.215 0.0000000000
51977  -38.351  -20.345  38.000 0.0000000000
55868  -37.659  -17.310  39.089 0.0000000000
121489  -37.489  -18.195  37.530 0.0000000000
55877  -36.591  -16.967  38.195 0.0000000000
54849  -35.778  -17.420  37.048 0.0000000000
55866  -35.891  -15.862  38.522 0.0000000000
55865  -35.269  -15.477  37.965 0.0000000000
56923  -36.251  -15.134  39.055 0.0000000000
109350  -26.142  -18.889  39.360 0.0000000000
50908  -30.065  -21.849  42.467 0.0000000000
50906  -28.655  -21.405  41.888 0.0000000000
123446  -29.270  -21.868  40.593 0.0000000000
125910  -29.453  -20.553  38.070 0.0000000000
55737  -25.650  -16.340  47.557 0.0000000000
53861  -23.440  -18.969  43.830 0.0000000000
53851  -23.218  -18.531  44.665 0.0000000000
52878  -22.274  -19.359  42.766 0.0000000000
51899  -21.286  -20.446  42.171 0.0000000000
123043  -52.522  -6.407  23.363 0.0000000000
65647  -52.728  -6.525  21.461 0.0000000000
129895  -54.232  -6.466  23.037 0.0000000000
65640  -56.622  -5.234  22.628 0.0000000000
65650  -55.119  -6.289  21.853 0.0000000000
65663  -56.904  -5.346  20.868 0.0000000000
65669  -57.091  -5.324  20.175 0.0000000000
66514  -58.185  -5.479  21.030 0.0000000000
68456  -58.200  -4.456  19.763 0.0000000000
68424  -58.270  -4.129  21.204 0.0000000000
57884  -32.579  -14.982  33.120 0.0000000000
55953  -31.160  -16.566  32.041 0.0000000000
59790  -39.554  -12.213  25.243 0.0000000000
60767  -39.521  -11.180  27.462 0.0000000000
109978  -39.104  -8.997  33.083 0.0000000000
119459  -38.332  -9.726  31.095 0.0000000000
114576  -39.477  -9.388  32.514 0.0000000000
62816  -42.536  -8.655  33.024 0.0000000000
61780  -41.701  -9.446  31.783 0.0000000000
115448  -42.336  -9.628  31.546 0.0000000000
60734  -41.948  -10.486  29.768 0.0000000000
61832  -42.672  -10.298  30.470 0.0000000000
61848  -43.356  -10.242  30.102 0.0000000000
61804  -43.543  -9.594  31.278 0.0000000000
119983  -13.135  -22.188  51.432 0.0000000000
49698  -12.886  -22.424  52.130 0.0000000000
48718  -12.098  -22.705  53.457 0.0000000000
48735  -12.022  -23.567  51.728 0.0000000000
111044  -11.081  -24.704  51.920 0.0000000000
47776  -11.353  -24.300  50.611 0.0000000000
44692  -7.428  -27.646  54.476 0.0000000000
113443  -8.180  -26.417  55.782 0.0000000000
44670  -6.742  -27.485  56.252 0.0000000000
44652  -4.715  -27.381  56.519 0.0000000000
45571  -6.252  -26.845  57.093 0.0000000000
121424  -4.793  -26.393  57.175 0.0000000000
45551  -4.429  -25.627  57.850 0.0000000000
45569  -4.127  -26.107  57.106 0.0000000000
50860  -33.634  -21.393  45.882 0.0000000000
64645  -46.504  -7.671  31.317 0.0000000000
63775  -46.444  -7.899  29.495 0.0000000000
64647  -48.212  -7.105  30.399 0.0000000000
60652  -37.134  -12.300  36.664 0.0000000000
51875  -20.784  -20.513  44.148 0.0000000000
51864  -20.871  -21.042  45.029 0.0000000000
47701  -9.803  -23.989  58.093 0.0000000000
46588  -8.873  -24.762  57.709 0.0000000000
49923  -32.836  -21.993  34.579 0.0000000000
51022  -34.239  -20.824  35.855 0.0000000000
51023  -35.000  -20.619  36.085 0.0000000000
57819  -37.575  -14.426  40.500 0.0000000000
53871  -24.580  -18.799  42.628 0.0000000000
52890  -23.493  -19.098  40.981 0.0000000000
53878  -24.795  -18.711  41.753 0.0000000000
115366  -25.996  -18.559  40.761 0.0000000000
52908  -27.046  -18.728  39.765 0.0000000000
49844  -31.245  -24.025  40.767 0.0000000000
49843  -30.325  -23.383  40.252 0.0000000000
126251  -31.166  -23.502  38.710 0.0000000000
49888  -30.888  -21.769  37.488 0.0000000000
51006  -30.602  -21.605  35.569 0.0000000000
53820  -27.161  -17.567  47.502 0.0000000000
54765  -25.883  -17.358  46.305 0.0000000000
53830  -26.364  -17.891  45.923 0.0000000000
112816  -24.914  -18.688  44.190 0.0000000000
63823  -46.714  -8.793  22.971 0.0000000000
64749  -53.164  -7.893  19.142 0.0000000000
65602  -54.672  -5.817  24.795 0.0000000000
64702  -54.932  -6.245  23.798 0.0000000000
58798  -32.995  -13.474  32.234 0.0000000000
59772  -36.254  -12.026  26.977 0.0000000000
60750  -37.379  -11.122  28.098 0.0000000000
129501  -41.327  -7.809  35.968 0.0000000000
63723  -40.979  -8.837  34.430 0.0000000000
63707  -42.028  -8.241  35.125 0.0000000000
50813  -18.788  -20.900  48.516 0.0000000000
119596  -17.693  -20.542  49.725 0.0000000000
50776  -16.744  -20.376  51.021 0.0000000000
116215  -14.926  -20.609  50.491 0.0000000000
49709  -13.971  -21.887  49.987 0.0000000000
48749  -12.145  -23.105  49.992 0.0000000000
47789  -11.528  -24.481  49.725 0.0000000000
47799  -12.438  -24.186  48.300 0.0000000000
118273  -34.417  -22.408  38.547 0.0000000000
50977  -35.113  -21.718  38.256 0.0000000000
50963  -35.627  -22.116  38.885 0.0000000000
50965  -37.318  -22.042  39.826 0.0000000000
52843  -29.522  -19.546  45.244 0.0000000000
51877  -29.082  -20.092  43.855 0.0000000000
51890  -30.020  -20.625  43.989 0.0000000000
50893  -30.304  -21.074  43.212 0.0000000000
49800  -30.882  -22.424  42.133 0.0000000000
49781  -32.781  -22.016  44.066 0.0000000000
49801  -32.470  -22.608  42.410 0.0000000000
49821  -32.497  -23.257  41.841 0.0000000000
48879  -33.119  -23.761  40.293 0.0000000000
49862  -33.902  -23.065  38.946 0.0000000000
116770  -29.814  -19.699  46.653 0.0000000000
60771  -42.985  -10.619  27.132 0.0000000000
60798  -43.103  -10.638  24.749 0.0000000000
61874  -44.006  -10.154  26.434 0.0000000000
62906  -44.645  -9.619  25.838 0.0000000000
62916  -45.711  -8.764  25.110 0.0000000000
63787  -46.734  -8.369  27.162 0.0000000000
126293  -46.799  -8.344  26.422 0.0000000000
63816  -46.662  -8.564  23.956 0.0000000000
63817  -47.447  -8.413  23.631 0.0000000000
64709  -48.842  -7.780  22.740 0.0000000000
64718  -49.499  -7.343  22.259 0.0000000000
64726  -50.972  -6.823  21.141 0.0000000000
64712  -50.979  -6.788  23.223 0.0000000000
127238  -51.679  -6.597  23.652 0.0000000000
65610  -53.004  -6.162  24.592 0.0000000000
65576  -51.609  -6.242  26.868 0.0000000000
65587  -53.502  -5.605  25.859 0.0000000000
55903  -33.404  -16.450  35.574 0.0000000000
54877  -32.227  -17.221  34.273 0.0000000000
56956  -33.314  -15.222  35.252 0.0000000000
111236  -33.650  -14.246  34.280 0.0000000000
122292  -33.889  -13.655  33.772 0.0000000000
59693  -36.350  -12.618  35.698 0.0000000000
59695  -34.507  -12.630  33.968 0.0000000000
58791  -33.480  -13.189  33.090 0.0000000000
60673  -33.488  -11.678  32.702 0.0000000000
61793  -33.705  -11.021  32.274 0.0000000000
61825  -34.672  -10.567  30.710 0.0000000000
61826  -35.711  -10.353  30.463 0.0000000000
61777  -36.095  -9.792  31.890 0.0000000000
63734  -37.598  -8.687  33.579 0.0000000000
63721  -38.632  -8.426  34.466 0.0000000000
64602  -38.933  -7.654  35.822 0.0000000000
132420  -40.337  -7.541  35.910 0.0000000000
51828  -20.716  -20.589  48.385 0.0000000000
50840  -20.864  -21.686  46.706 0.0000000000
50827  -20.804  -21.574  47.508 0.0000000000
49728  -19.208  -21.539  47.697 0.0000000000
49737  -17.662  -22.403  47.375 0.0000000000
52976  -33.116  -19.518  34.459 0.0000000000
53945  -33.569  -18.188  35.272 0.0000000000
50994  -35.458  -21.518  37.738 0.0000000000
51011  -36.136  -21.260  36.923 0.0000000000
51988  -36.814  -20.569  36.205 0.0000000000
53934  -37.368  -18.949  36.354 0.0000000000
52961  -36.380  -19.176  35.445 0.0000000000
53932  -36.051  -18.473  35.789 0.0000000000
54871  -35.127  -18.149  35.823 0.0000000000
55904  -34.010  -16.894  35.981 0.0000000000
56946  -34.342  -15.479  36.762 0.0000000000
57838  -35.286  -14.526  37.555 0.0000000000
57840  -37.467  -13.150  37.740 0.0000000000
57829  -38.020  -13.174  38.989 0.0000000000
58746  -37.922  -12.931  38.157 0.0000000000
51901  -28.200  -20.827  42.382 0.0000000000
51912  -28.204  -20.584  41.584 0.0000000000
52923  -27.800  -19.001  39.331 0.0000000000
50961  -29.593  -20.953  38.942 0.0000000000
51946  -28.820  -19.568  38.901 0.0000000000
114725  -23.059  -16.456  47.864 0.0000000000
54763  -21.893  -17.385  46.102 0.0000000000
54764  -23.838  -17.274  46.043 0.0000000000
54788  -22.501  -18.033  45.137 0.0000000000
52854  -21.325  -19.169  44.662 0.0000000000
131591  -20.839  -20.297  43.644 0.0000000000
65658  -51.859  -6.664  21.015 0.0000000000
65660  -53.171  -6.696  20.642 0.0000000000
64740  -54.469  -6.940  20.038 0.0000000000
65638  -54.938  -6.343  22.793 0.0000000000
64728  -54.783  -6.577  20.986 0.0000000000
64751  -54.830  -7.330  19.197 0.0000000000
65676  -55.626  -6.374  19.006 0.0000000000
65677  -55.930  -5.759  19.032 0.0000000000
65683  -55.948  -5.780  18.108 0.0000000000
68465  -57.121  -4.272  18.974 0.0000000000
68453  -55.432  -3.621  19.663 0.0000000000
46628  -10.296  -25.555  53.977 0.0000000000
45606  -9.815  -25.890  54.462 0.0000000000
45618  -9.170  -26.220  53.772 0.0000000000
54887  -31.618  -17.679  33.495 0.0000000000
60780  -41.451  -11.088  26.546 0.0000000000
61827  -36.719  -10.287  30.264 0.0000000000
61844  -37.910  -10.584  29.348 0.0000000000
60731  -38.532  -10.712  28.801 0.0000000000
61778  -40.443  -9.382  32.672 0.0000000000
61830  -40.093  -9.754  30.864 0.0000000000
60732  -39.464  -10.515  28.988 0.0000000000
116932  -40.241  -10.720  28.317 0.0000000000
60769  -41.780  -10.812  28.009 0.0000000000
60770  -42.517  -10.716  27.661 0.0000000000
60756  -43.278  -10.519  29.057 0.0000000000
61835  -44.322  -9.775  30.133 0.0000000000
63759  -45.224  -8.478  31.154 0.0000000000
48697  -11.733  -23.766  55.691 0.0000000000
49687  -11.888  -22.804  54.257 0.0000000000
47740  -11.259  -24.370  53.935 0.0000000000
46653  -10.713  -24.961  52.475 0.0000000000
45657  -9.774  -25.686  51.000 0.0000000000
46607  -9.234  -25.259  56.080 0.0000000000
45586  -8.650  -25.413  56.761 0.0000000000
45555  -8.491  -25.301  57.663 0.0000000000
44655  -6.502  -27.262  56.723 0.0000000000
116468  -7.136  -26.560  57.203 0.0000000000
46586  -7.378  -25.407  58.440 0.0000000000
46585  -6.162  -25.353  58.725 0.0000000000
47700  -4.531  -24.689  58.782 0.0000000000
43599  -2.985  -28.466  56.155 0.0000000000
45584  -3.314  -26.601  56.015 0.0000000000
47723  -11.179  -24.302  55.786 0.0000000000
50975  -33.859  -21.581  37.656 0.0000000000
49877  -32.650  -22.717  37.806 0.0000000000
49902  -32.170  -21.801  36.785 0.0000000000
52842  -28.855  -19.292  45.476 0.0000000000
119834  -28.084  -19.168  45.311 0.0000000000
52841  -27.095  -19.022  45.124 0.0000000000
64736  -50.545  -7.412  20.264 0.0000000000
52975  -32.238  -19.212  33.945 0.0000000000
60711  -34.018  -10.964  30.055 0.0000000000
59734  -33.084  -12.279  29.762 0.0000000000
59735  -33.716  -11.513  29.385 0.0000000000
131917  -33.835  -11.636  28.779 0.0000000000
59743  -34.450  -11.237  28.655 0.0000000000
49735  -15.148  -22.085  47.511 0.0000000000
49723  -14.607  -21.717  48.221 0.0000000000
50923  -36.708  -21.609  41.821 0.0000000000
131764  -36.957  -21.916  41.345 0.0000000000
50841  -32.037  -20.964  45.984 0.0000000000
50842  -32.869  -21.217  46.170 0.0000000000
51891  -35.929  -20.894  43.137 0.0000000000
49793  -35.618  -21.864  42.694 0.0000000000
49804  -36.014  -22.297  41.691 0.0000000000
51853  -32.316  -20.861  46.793 0.0000000000
62885  -45.692  -8.622  29.395 0.0000000000
64676  -49.489  -7.350  27.680 0.0000000000
64682  -48.858  -7.614  27.237 0.0000000000
132284  -48.935  -7.768  25.653 0.0000000000
64691  -49.705  -7.421  25.827 0.0000000000
64684  -50.303  -7.125  26.563 0.0000000000
58772  -36.538  -13.019  36.371 0.0000000000
62776  -36.543  -9.412  36.558 0.0000000000
62797  -35.687  -9.985  34.571 0.0000000000
62790  -36.186  -9.435  35.155 0.0000000000
63690  -36.820  -8.714  36.292 0.0000000000
53828  -21.060  -18.653  46.324 0.0000000000
53819  -21.042  -18.327  47.332 0.0000000000
68436  -52.888  -3.692  21.328 0.0000000000
67464  -53.223  -4.554  19.705 0.0000000000
67452  -52.561  -4.254  20.522 0.0000000000
46580  -8.958  -24.449  58.258 0.0000000000
47694  -8.043  -24.458  59.398 0.0000000000
46578  -7.802  -24.846  58.881 0.0000000000
52011  -34.677  -19.878  35.337 0.0000000000
51963  -38.469  -20.695  38.791 0.0000000000
52933  -38.854  -19.789  38.368 0.0000000000
130607  -37.088  -16.906  38.808 0.0000000000
55867  -36.552  -16.155  39.001 0.0000000000
56924  -36.709  -15.491  39.466 0.0000000000
131771  -22.099  -19.880  41.244 0.0000000000
52889  -22.599  -19.600  41.150 0.0000000000
50922  -29.864  -22.465  41.791 0.0000000000
50921  -29.182  -22.008  41.419 0.0000000000
49818  -29.724  -22.661  40.885 0.0000000000
53870  -23.757  -18.886  42.842 0.0000000000
52866  -22.994  -19.097  43.044 0.0000000000
113440  -22.234  -19.688  41.871 0.0000000000
64758  -55.156  -7.776  18.318 0.0000000000
65624  -53.264  -6.305  23.891 0.0000000000
65625  -53.465  -6.391  23.136 0.0000000000
109469  -54.286  -6.375  23.695 0.0000000000
65652  -56.998  -5.261  21.758 0.0000000000
65653  -57.849  -5.678  21.237 0.0000000000
67445  -58.438  -4.787  21.095 0.0000000000
67440  -58.272  -4.385  21.831 0.0000000000
56984  -31.821  -15.654  32.317 0.0000000000
57894  -32.375  -14.826  32.197 0.0000000000
60765  -37.690  -11.440  27.419 0.0000000000
60778  -38.113  -11.803  26.544 0.0000000000
126664  -39.124  -11.536  26.682 0.0000000000
62813  -39.563  -8.896  33.882 0.0000000000
120856  -39.859  -9.269  33.203 0.0000000000
62836  -42.432  -9.150  32.309 0.0000000000
61781  -42.756  -9.549  31.673 0.0000000000
61802  -42.696  -9.963  31.003 0.0000000000
61803  -43.046  -9.843  31.159 0.0000000000
62859  -43.245  -9.434  31.821 0.0000000000
49703  -12.555  -22.829  51.512 0.0000000000
49699  -13.336  -21.821  52.079 0.0000000000
118097  -12.444  -23.019  52.178 0.0000000000
47764  -11.388  -24.190  51.450 0.0000000000
47765  -11.681  -23.776  50.997 0.0000000000
44682  -7.082  -27.577  55.421 0.0000000000
44651  -4.002  -26.914  56.268 0.0000000000
60622  -37.644  -11.260  38.041 0.0000000000
50874  -20.652  -21.363  44.209 0.0000000000
47706  -9.722  -24.301  57.552 0.0000000000
47702  -10.546  -23.838  58.106 0.0000000000
128466  -9.273  -24.433  57.739 0.0000000000
46597  -9.062  -24.726  57.489 0.0000000000
51020  -32.960  -21.681  35.535 0.0000000000
131967  -33.879  -21.114  36.286 0.0000000000
51010  -35.266  -21.052  36.911 0.0000000000
53872  -25.201  -18.882  42.419 0.0000000000
52893  -26.387  -18.979  41.439 0.0000000000
112670  -26.935  -18.907  40.756 0.0000000000
48878  -32.243  -24.104  40.032 0.0000000000
48877  -31.144  -23.928  39.596 0.0000000000
49876  -31.599  -22.400  37.659 0.0000000000
51005  -30.052  -21.244  35.999 0.0000000000
50991  -30.718  -21.452  36.521 0.0000000000
129633  -31.124  -21.558  36.243 0.0000000000
49911  -31.195  -22.211  34.990 0.0000000000
52830  -27.775  -18.768  46.763 0.0000000000
112237  -27.740  -18.471  47.588 0.0000000000
53821  -27.350  -18.166  46.887 0.0000000000
54766  -26.759  -17.674  46.588 0.0000000000
114039  -25.478  -18.958  44.135 0.0000000000
53862  -24.382  -18.805  43.534 0.0000000000
63824  -47.430  -8.489  22.577 0.0000000000
59715  -32.857  -12.773  31.639 0.0000000000
58807  -32.554  -13.291  31.181 0.0000000000
59757  -35.898  -11.506  27.676 0.0000000000
60764  -36.819  -11.465  27.517 0.0000000000
60730  -37.147  -10.757  28.743 0.0000000000
64588  -41.672  -7.591  36.328 0.0000000000
64605  -41.838  -8.131  35.667 0.0000000000
63726  -43.051  -8.115  34.543 0.0000000000
49727  -18.156  -21.645  47.977 0.0000000000
50800  -18.473  -20.542  49.475 0.0000000000
118819  -17.672  -20.926  48.836 0.0000000000
50798  -16.236  -20.851  49.510 0.0000000000
50799  -16.990  -20.632  49.472 0.0000000000
50785  -16.330  -20.368  50.192 0.0000000000
50775  -15.672  -20.144  50.802 0.0000000000
50784  -15.561  -20.706  49.963 0.0000000000
49714  -13.277  -21.896  49.314 0.0000000000
114800  -13.247  -22.118  50.117 0.0000000000
49713  -12.634  -22.389  49.670 0.0000000000
48757  -12.288  -23.058  49.013 0.0000000000
49863  -34.997  -22.260  38.761 0.0000000000
49864  -35.598  -22.222  39.049 0.0000000000
50947  -37.310  -21.980  40.792 0.0000000000
121277  -36.773  -22.257  40.358 0.0000000000
51866  -30.096  -19.922  45.150 0.0000000000
51878  -29.682  -19.979  44.481 0.0000000000
51879  -30.388  -20.453  44.723 0.0000000000
50876  -31.509  -21.238  44.384 0.0000000000
50875  -30.750  -20.925  44.157 0.0000000000
50894  -31.217  -21.313  43.462 0.0000000000
50909  -30.880  -21.582  42.751 0.0000000000
49789  -31.724  -21.875  42.753 0.0000000000
50861  -34.341  -21.453  45.453 0.0000000000
111637  -33.647  -21.550  45.129 0.0000000000
49802  -34.152  -23.140  42.039 0.0000000000
115092  -33.288  -22.888  42.680 0.0000000000
48858  -32.376  -23.896  41.032 0.0000000000
48859  -33.468  -23.548  40.926 0.0000000000
118836  -34.582  -22.786  39.300 0.0000000000
51851  -30.655  -20.150  46.409 0.0000000000
51850  -30.067  -19.730  45.818 0.0000000000
61865  -43.648  -10.333  27.536 0.0000000000
61873  -43.296  -10.528  26.458 0.0000000000
124351  -44.251  -9.994  27.427 0.0000000000
113470  -45.433  -9.211  27.277 0.0000000000
62907  -44.733  -9.627  26.823 0.0000000000
62908  -45.448  -9.093  26.133 0.0000000000
62915  -45.093  -9.223  25.273 0.0000000000
63776  -47.118  -7.733  28.869 0.0000000000
125097  -46.989  -7.933  28.236 0.0000000000
63801  -48.190  -7.922  25.902 0.0000000000
63800  -47.246  -8.183  25.631 0.0000000000
63806  -46.522  -8.413  24.907 0.0000000000
63807  -47.362  -8.253  24.600 0.0000000000
63808  -48.228  -8.109  24.291 0.0000000000
64699  -49.560  -7.478  24.279 0.0000000000
64698  -48.884  -7.823  23.736 0.0000000000
64719  -50.220  -6.984  22.762 0.0000000000
64711  -50.243  -7.060  23.704 0.0000000000
64701  -51.029  -6.813  24.746 0.0000000000
126687  -50.963  -6.846  24.031 0.0000000000
132288  -51.565  -6.613  24.296 0.0000000000
65623  -52.319  -6.408  24.127 0.0000000000
65609  -51.903  -6.393  24.927 0.0000000000
56945  -33.894  -15.074  35.973 0.0000000000
122649  -33.447  -15.758  35.650 0.0000000000
131364  -35.108  -13.605  35.235 0.0000000000
109458  -33.864  -14.484  35.151 0.0000000000
57867  -34.508  -13.799  34.738 0.0000000000
60651  -36.786  -11.294  36.700 0.0000000000
60656  -36.694  -11.852  35.961 0.0000000000
60659  -34.949  -12.030  34.367 0.0000000000
59701  -34.095  -13.091  33.670 0.0000000000
59700  -33.746  -12.367  33.258 0.0000000000
60664  -33.744  -11.628  33.171 0.0000000000
118350  -35.107  -10.288  33.209 0.0000000000
61775  -34.341  -10.590  32.718 0.0000000000
61794  -34.429  -10.536  31.749 0.0000000000
61795  -35.411  -10.218  31.341 0.0000000000
62831  -35.862  -9.818  32.840 0.0000000000
63720  -37.483  -8.510  34.396 0.0000000000
63735  -38.457  -8.654  33.705 0.0000000000
63704  -38.753  -8.129  35.135 0.0000000000
128271  -39.164  -7.006  37.626 0.0000000000
64567  -39.799  -6.868  37.019 0.0000000000
64586  -39.738  -7.309  36.223 0.0000000000
64587  -40.735  -7.271  36.356 0.0000000000
129262  -21.103  -19.004  48.036 0.0000000000
52811  -21.132  -19.927  48.201 0.0000000000
51819  -20.888  -20.016  48.805 0.0000000000
51829  -21.041  -20.659  48.209 0.0000000000
50857  -20.807  -21.836  45.661 0.0000000000
51848  -21.042  -21.278  45.974 0.0000000000
49740  -20.435  -21.849  46.987 0.0000000000
49739  -19.560  -22.125  46.877 0.0000000000
49729  -20.263  -21.579  47.535 0.0000000000
49738  -18.542  -22.182  47.212 0.0000000000
51043  -33.186  -21.986  33.102 0.0000000000
118940  -33.431  -20.554  34.279 0.0000000000
52978  -34.719  -19.304  35.348 0.0000000000
53960  -33.763  -19.040  35.089 0.0000000000
50978  -35.934  -21.986  38.485 0.0000000000
51976  -37.735  -20.837  37.580 0.0000000000
51975  -36.993  -21.196  37.167 0.0000000000
53918  -37.776  -18.836  37.073 0.0000000000
52950  -37.160  -19.584  35.868 0.0000000000
53933  -36.838  -18.732  35.970 0.0000000000
54860  -35.528  -17.747  36.401 0.0000000000
54859  -34.730  -17.351  36.279 0.0000000000
55889  -34.453  -16.476  36.613 0.0000000000
55875  -34.885  -16.061  37.312 0.0000000000
56922  -35.842  -14.534  38.367 0.0000000000
110254  -36.798  -13.673  37.957 0.0000000000
57839  -36.120  -13.804  37.366 0.0000000000
121672  -38.080  -13.400  39.891 0.0000000000
109108  -37.445  -13.898  39.625 0.0000000000
59669  -38.157  -12.700  38.442 0.0000000000
109382  -24.174  -18.818  40.509 0.0000000000
51929  -23.698  -19.357  40.045 0.0000000000
51888  -28.561  -20.567  43.147 0.0000000000
50920  -28.831  -21.050  40.918 0.0000000000
51930  -28.415  -19.956  40.653 0.0000000000
52924  -28.576  -19.501  39.683 0.0000000000
49842  -29.687  -22.266  39.751 0.0000000000
55735  -23.564  -16.414  47.230 0.0000000000
55734  -22.571  -16.706  47.267 0.0000000000
55746  -22.427  -17.039  46.494 0.0000000000
53829  -25.452  -17.926  45.565 0.0000000000
111570  -24.853  -17.271  46.149 0.0000000000
54777  -24.416  -17.773  45.566 0.0000000000
53860  -22.736  -18.906  44.250 0.0000000000
53850  -22.392  -18.531  44.673 0.0000000000
53849  -21.775  -18.337  45.062 0.0000000000
52855  -21.966  -18.895  44.300 0.0000000000
52853  -21.009  -19.845  43.947 0.0000000000
64720  -50.990  -6.763  22.269 0.0000000000
65648  -53.594  -6.588  21.436 0.0000000000
64739  -53.617  -7.081  19.889 0.0000000000
125705  -55.001  -6.248  23.481 0.0000000000
65626  -54.727  -6.374  23.290 0.0000000000
65661  -55.305  -6.229  21.033 0.0000000000
64741  -55.154  -6.611  20.107 0.0000000000
65675  -55.288  -6.907  19.073 0.0000000000
65668  -55.688  -6.038  19.752 0.0000000000
65670  -57.794  -5.678  19.863 0.0000000000
119242  -56.667  -5.246  19.629 0.0000000000
65678  -56.610  -5.275  19.245 0.0000000000
64759  -55.885  -6.143  18.091 0.0000000000
66534  -57.224  -5.104  19.128 0.0000000000
67481  -57.359  -4.882  18.856 0.0000000000
67468  -58.098  -4.991  19.178 0.0000000000
68440  -57.190  -3.696  20.395 0.0000000000
68439  -56.063  -3.437  20.417 0.0000000000
68438  -54.993  -3.348  20.694 0.0000000000
68422  -55.586  -3.101  21.343 0.0000000000
45634  -9.739  -25.656  52.845 0.0000000000
45619  -9.839  -25.849  53.602 0.0000000000
123420  -9.302  -26.034  53.144 0.0000000000
55918  -32.361  -16.187  34.361 0.0000000000
55936  -31.810  -16.734  33.550 0.0000000000
60787  -39.854  -11.591  26.054 0.0000000000
60788  -40.819  -11.360  25.858 0.0000000000
61796  -36.417  -9.961  31.024 0.0000000000
61829  -38.341  -10.015  30.554 0.0000000000
61828  -37.651  -10.332  30.100 0.0000000000
132323  -38.364  -10.317  30.006 0.0000000000
115447  -39.079  -10.060  30.329 0.0000000000
62814  -41.218  -9.117  33.054 0.0000000000
61831  -40.949  -9.887  30.424 0.0000000000
132095  -40.968  -9.628  30.945 0.0000000000
61846  -39.954  -10.130  29.872 0.0000000000
118516  -40.350  -10.358  29.193 0.0000000000
60733  -41.141  -10.424  29.059 0.0000000000
60735  -42.443  -10.575  29.501 0.0000000000
60754  -41.901  -10.596  28.945 0.0000000000
118769  -41.887  -10.911  27.211 0.0000000000
116682  -43.163  -10.541  28.157 0.0000000000
61805  -44.155  -9.414  30.959 0.0000000000
61849  -43.934  -10.181  29.649 0.0000000000
62876  -44.812  -9.100  30.592 0.0000000000
49693  -12.160  -21.914  53.963 0.0000000000
48717  -11.684  -23.522  53.631 0.0000000000
113079  -11.607  -23.682  54.331 0.0000000000
112472  -10.949  -24.774  53.175 0.0000000000
130866  -11.152  -24.575  52.548 0.0000000000
46695  -10.420  -25.335  50.598 0.0000000000
46674  -10.422  -25.149  51.653 0.0000000000
45605  -8.975  -26.398  54.494 0.0000000000
45595  -9.284  -25.901  55.270 0.0000000000
45594  -8.605  -26.490  55.175 0.0000000000
45585  -8.149  -26.118  56.506 0.0000000000
45573  -8.290  -25.769  57.274 0.0000000000
44669  -5.323  -28.241  56.347 0.0000000000
45553  -6.811  -26.043  57.819 0.0000000000
46583  -4.078  -24.931  58.298 0.0000000000
47699  -4.202  -24.330  58.345 0.0000000000
44667  -2.600  -27.594  55.784 0.0000000000
47714  -10.062  -24.437  56.802 0.0000000000
50993  -33.773  -21.274  37.040 0.0000000000
53864  -25.916  -19.271  43.689 0.0000000000
52867  -25.760  -19.195  42.743 0.0000000000
52868  -26.444  -19.635  43.168 0.0000000000
52882  -26.957  -20.021  42.613 0.0000000000
49861  -32.978  -23.308  38.481 0.0000000000
52823  -29.063  -19.459  46.857 0.0000000000
52831  -28.438  -19.154  46.332 0.0000000000
63833  -48.225  -8.292  21.224 0.0000000000
64747  -51.736  -7.959  19.501 0.0000000000
52992  -32.641  -20.060  33.647 0.0000000000
118125  -32.886  -12.512  30.755 0.0000000000
58826  -32.891  -12.867  29.135 0.0000000000
60748  -35.523  -11.062  28.343 0.0000000000
60729  -36.214  -10.673  28.848 0.0000000000
49725  -16.284  -21.751  48.330 0.0000000000
49717  -15.919  -21.577  48.922 0.0000000000
49716  -15.161  -21.670  48.998 0.0000000000
50796  -14.816  -21.380  49.774 0.0000000000
49722  -13.482  -21.986  48.287 0.0000000000
48758  -12.882  -23.034  48.220 0.0000000000
49847  -36.194  -22.334  39.855 0.0000000000
109880  -36.990  -21.982  41.249 0.0000000000
50924  -37.266  -21.540  41.663 0.0000000000
50858  -31.770  -21.103  45.191 0.0000000000
50877  -32.256  -21.520  44.616 0.0000000000
49783  -34.347  -22.081  43.800 0.0000000000
49792  -34.893  -22.221  43.120 0.0000000000
49822  -34.107  -23.349  41.231 0.0000000000
49823  -35.026  -23.032  41.290 0.0000000000
127665  -35.725  -22.603  40.504 0.0000000000
51852  -31.496  -20.572  46.620 0.0000000000
61861  -44.779  -9.817  28.666 0.0000000000
62899  -45.373  -9.297  28.197 0.0000000000
62900  -46.026  -8.789  27.668 0.0000000000
125748  -48.270  -7.561  28.307 0.0000000000
63788  -47.385  -7.985  27.514 0.0000000000
63796  -48.164  -7.843  26.872 0.0000000000
110760  -48.624  -7.979  25.097 0.0000000000
111338  -49.260  -7.689  25.065 0.0000000000
64692  -50.393  -7.085  25.243 0.0000000000
64685  -51.026  -6.738  26.314 0.0000000000
57849  -35.477  -13.951  36.689 0.0000000000
116233  -35.666  -13.471  35.962 0.0000000000
57859  -35.521  -13.414  35.474 0.0000000000
61731  -36.474  -10.252  36.715 0.0000000000
132150  -36.243  -11.271  35.786 0.0000000000
121947  -35.972  -10.759  35.626 0.0000000000
131709  -35.650  -10.857  35.162 0.0000000000
61750  -34.819  -11.078  34.225 0.0000000000
61762  -35.164  -10.433  34.021 0.0000000000
62809  -35.704  -9.879  33.751 0.0000000000
62810  -36.387  -9.344  33.371 0.0000000000
129976  -36.647  -8.918  34.632 0.0000000000
54740  -21.325  -17.296  48.499 0.0000000000
54751  -21.327  -17.541  47.582 0.0000000000
52821  -21.037  -19.409  47.331 0.0000000000
49767  -19.813  -22.968  45.412 0.0000000000
48770  -18.035  -22.950  46.761 0.0000000000
67465  -54.282  -4.042  19.362 0.0000000000
67477  -54.614  -4.226  18.308 0.0000000000
113432  -53.802  -4.484  18.839 0.0000000000
67476  -52.987  -4.947  18.907 0.0000000000
67475  -52.021  -5.026  18.782 0.0000000000
46577  -6.236  -24.749  59.494 0.0000000000
117784  -33.849  -20.914  35.190 0.0000000000
50979  -37.141  -21.963  39.088 0.0000000000
51962  -37.782  -21.287  38.529 0.0000000000
52941  -38.191  -19.749  37.168 0.0000000000
54837  -38.193  -18.037  38.599 0.0000000000
54836  -37.463  -17.672  38.218 0.0000000000
54851  -37.046  -17.751  37.639 0.0000000000
54861  -36.316  -18.045  36.550 0.0000000000
54850  -36.407  -17.565  37.386 0.0000000000
55876  -35.669  -16.637  37.687 0.0000000000
57820  -38.584  -12.953  40.170 0.0000000000
52907  -25.512  -18.598  39.906 0.0000000000
50892  -29.587  -21.344  42.751 0.0000000000
50907  -29.295  -21.843  42.196 0.0000000000
125671  -29.878  -21.186  38.033 0.0000000000
55748  -24.206  -16.682  46.645 0.0000000000
53852  -24.146  -18.634  44.408 0.0000000000
53838  -23.899  -18.172  45.082 0.0000000000
52865  -22.483  -19.110  43.651 0.0000000000
52877  -21.665  -19.880  42.496 0.0000000000
52888  -21.681  -20.216  41.482 0.0000000000
65634  -51.774  -6.567  22.821 0.0000000000
65635  -52.648  -6.443  22.501 0.0000000000
65636  -53.650  -6.495  22.287 0.0000000000
113040  -55.437  -5.912  22.575 0.0000000000
65651  -56.111  -5.470  22.368 0.0000000000
122943  -55.870  -5.622  21.574 0.0000000000
66520  -56.276  -5.377  20.171 0.0000000000
65664  -57.907  -5.815  20.563 0.0000000000
66521  -58.111  -5.668  20.232 0.0000000000
67454  -58.392  -5.107  20.163 0.0000000000
68441  -58.109  -3.960  20.447 0.0000000000
68423  -57.608  -3.596  21.342 0.0000000000
45632  -8.550  -26.652  51.879 0.0000000000
56973  -32.090  -15.879  33.373 0.0000000000
59789  -38.887  -11.982  25.868 0.0000000000
124603  -39.865  -11.336  26.838 0.0000000000
62833  -37.778  -9.224  32.221 0.0000000000
62857  -37.894  -9.552  31.469 0.0000000000
62834  -38.687  -9.193  32.483 0.0000000000
62858  -38.733  -9.527  31.803 0.0000000000
61799  -39.785  -9.597  31.788 0.0000000000
62815  -41.897  -8.796  33.059 0.0000000000
61779  -41.244  -9.294  32.354 0.0000000000
62835  -41.862  -9.167  32.349 0.0000000000
61801  -41.758  -9.828  30.975 0.0000000000
124515  -41.671  -10.222  30.278 0.0000000000
60715  -42.295  -10.324  30.405 0.0000000000
60716  -42.582  -10.498  30.022 0.0000000000
60717  -42.915  -10.420  30.092 0.0000000000
115091  -42.860  -10.535  29.596 0.0000000000
61833  -42.956  -10.192  30.564 0.0000000000
62860  -44.058  -9.289  31.891 0.0000000000
50773  -13.752  -21.313  51.509 0.0000000000
50768  -13.702  -21.169  52.510 0.0000000000
49694  -13.121  -21.857  52.832 0.0000000000
115877  -12.547  -22.614  52.744 0.0000000000
48727  -12.019  -23.450  52.716 0.0000000000
48734  -11.521  -24.136  52.236 0.0000000000
46675  -10.909  -24.737  51.080 0.0000000000
44683  -7.972  -27.083  55.269 0.0000000000
44671  -7.651  -26.916  56.069 0.0000000000
44653  -4.995  -28.122  56.772 0.0000000000
45570  -5.302  -27.088  56.872 0.0000000000
45568  -3.630  -25.737  56.857 0.0000000000
50880  -35.863  -20.971  44.047 0.0000000000
64655  -46.522  -7.690  30.367 0.0000000000
64656  -47.439  -7.491  29.761 0.0000000000
64667  -47.948  -7.509  28.897 0.0000000000
64668  -49.386  -7.228  28.475 0.0000000000
64669  -50.037  -7.039  28.168 0.0000000000
64677  -50.166  -7.126  27.361 0.0000000000
59683  -37.574  -12.670  37.340 0.0000000000
60636  -37.459  -11.813  37.288 0.0000000000
61716  -36.911  -10.494  37.493 0.0000000000
62768  -36.582  -9.487  37.345 0.0000000000
51876  -20.905  -19.951  44.781 0.0000000000
51865  -20.976  -20.396  45.714 0.0000000000
121142  -20.677  -21.832  44.860 0.0000000000
46581  -9.324  -24.231  58.091 0.0000000000
118611  -8.646  -24.867  57.926 0.0000000000
51021  -33.574  -21.299  35.418 0.0000000000
56910  -37.072  -15.047  39.994 0.0000000000
52879  -23.998  -18.826  41.902 0.0000000000
52891  -24.287  -18.736  41.155 0.0000000000
52892  -24.987  -18.546  40.768 0.0000000000
52880  -25.659  -18.813  41.733 0.0000000000
131438  -26.350  -18.539  40.076 0.0000000000
49859  -30.384  -23.118  39.125 0.0000000000
49875  -30.814  -22.625  38.210 0.0000000000
129510  -30.420  -21.683  38.006 0.0000000000
50990  -30.107  -21.208  37.074 0.0000000000
54752  -26.287  -17.007  47.064 0.0000000000
111054  -26.302  -18.445  45.314 0.0000000000
53853  -25.482  -18.593  44.815 0.0000000000
64750  -54.054  -7.581  19.129 0.0000000000
65612  -54.542  -6.162  24.209 0.0000000000
112800  -54.997  -6.056  24.179 0.0000000000
65613  -55.304  -5.929  24.053 0.0000000000
67432  -57.830  -4.569  22.431 0.0000000000
57895  -32.454  -14.192  31.560 0.0000000000
60751  -38.172  -11.099  28.103 0.0000000000
63705  -40.406  -8.473  34.961 0.0000000000
63706  -41.366  -8.426  35.003 0.0000000000
63724  -41.635  -8.527  34.512 0.0000000000
62801  -41.988  -8.441  33.816 0.0000000000
62802  -42.731  -8.278  33.765 0.0000000000
62817  -43.234  -8.681  33.084 0.0000000000
50774  -14.468  -20.494  51.202 0.0000000000
50783  -14.241  -21.337  50.581 0.0000000000
49708  -13.502  -21.932  50.697 0.0000000000
49707  -12.720  -22.508  50.632 0.0000000000
47777  -11.774  -23.788  50.263 0.0000000000
47790  -12.000  -23.934  49.360 0.0000000000
49878  -34.144  -21.961  38.057 0.0000000000
50976  -34.520  -21.599  38.030 0.0000000000
49879  -34.689  -21.957  38.289 0.0000000000
50962  -35.062  -21.956  38.478 0.0000000000
50945  -36.225  -22.281  39.652 0.0000000000
50964  -36.420  -22.192  39.385 0.0000000000
52858  -28.802  -19.516  44.597 0.0000000000
52870  -28.194  -20.011  43.754 0.0000000000
130351  -29.568  -20.374  43.923 0.0000000000
51889  -29.431  -20.739  43.343 0.0000000000
128774  -33.098  -21.459  45.501 0.0000000000
50878  -32.942  -21.741  44.869 0.0000000000
131078  -33.890  -22.456  43.661 0.0000000000
49790  -32.575  -22.208  43.139 0.0000000000
116944  -31.832  -22.593  42.200 0.0000000000
49820  -31.519  -23.364  41.669 0.0000000000
48880  -33.915  -23.398  39.851 0.0000000000
48891  -33.150  -23.654  39.420 0.0000000000
51838  -30.236  -19.931  47.181 0.0000000000
60782  -42.843  -10.706  26.318 0.0000000000
60791  -42.989  -10.707  25.644 0.0000000000
61881  -43.479  -10.466  25.561 0.0000000000
61882  -44.075  -10.054  25.331 0.0000000000
117249  -46.415  -8.192  28.728 0.0000000000
63782  -46.554  -8.329  27.965 0.0000000000
63794  -46.313  -8.508  25.842 0.0000000000
62923  -45.940  -8.698  24.316 0.0000000000
63818  -48.168  -8.159  23.206 0.0000000000
63825  -48.131  -8.148  22.163 0.0000000000
64717  -48.845  -7.810  21.738 0.0000000000
64724  -49.512  -7.439  21.280 0.0000000000
64725  -50.130  -7.156  20.911 0.0000000000
115317  -50.177  -6.967  21.749 0.0000000000
64678  -50.822  -6.758  27.081 0.0000000000
65600  -52.731  -5.962  25.414 0.0000000000
65601  -53.845  -5.975  24.886 0.0000000000
126766  -54.143  -5.747  25.262 0.0000000000
55919  -32.761  -16.800  35.045 0.0000000000
55902  -32.932  -15.963  35.166 0.0000000000
56965  -32.875  -15.396  34.604 0.0000000000
57866  -33.308  -14.805  34.688 0.0000000000
57875  -33.023  -14.817  34.013 0.0000000000
57876  -33.244  -14.223  33.442 0.0000000000
119642  -33.311  -13.765  33.033 0.0000000000
126881  -36.633  -12.850  36.232 0.0000000000
58779  -35.798  -13.113  35.347 0.0000000000
60655  -36.043  -11.611  35.377 0.0000000000
59696  -35.212  -12.915  34.609 0.0000000000
58785  -34.604  -13.278  34.282 0.0000000000
59706  -33.177  -12.481  32.361 0.0000000000
61760  -33.786  -11.088  33.073 0.0000000000
60687  -33.314  -11.671  31.963 0.0000000000
60688  -33.707  -11.164  31.168 0.0000000000
60712  -34.948  -10.579  29.795 0.0000000000
62811  -37.215  -8.933  33.032 0.0000000000
62812  -38.149  -8.857  32.968 0.0000000000
110192  -39.569  -8.529  34.644 0.0000000000
119060  -37.147  -8.155  36.822 0.0000000000
122469  -37.386  -8.180  35.955 0.0000000000
63692  -38.112  -7.912  35.684 0.0000000000
64585  -38.756  -7.259  36.874 0.0000000000
115385  -39.526  -8.132  35.185 0.0000000000
64604  -40.901  -7.959  35.587 0.0000000000
51849  -21.106  -20.987  46.695 0.0000000000
50828  -21.028  -21.392  47.390 0.0000000000
49755  -20.257  -22.299  46.150 0.0000000000
50815  -20.677  -21.222  47.987 0.0000000000
50814  -19.855  -21.002  48.216 0.0000000000
119682  -16.935  -22.530  47.369 0.0000000000
67451  -51.725  -4.179  20.239 0.0000000000
67462  -51.362  -4.455  19.375 0.0000000000
52993  -33.241  -20.173  34.211 0.0000000000
111724  -34.719  -21.293  37.636 0.0000000000
130937  -36.236  -21.701  37.743 0.0000000000
51987  -35.923  -20.692  36.055 0.0000000000
52002  -36.323  -19.954  35.578 0.0000000000
52951  -37.644  -19.444  36.552 0.0000000000
53947  -35.527  -18.876  35.426 0.0000000000
54870  -34.217  -17.754  35.754 0.0000000000
54869  -33.436  -17.294  35.444 0.0000000000
55888  -33.846  -16.040  36.172 0.0000000000
56934  -34.821  -15.223  37.396 0.0000000000
57837  -34.777  -14.616  36.853 0.0000000000
58761  -36.945  -13.149  37.103 0.0000000000
58762  -37.549  -12.883  37.481 0.0000000000
57818  -36.796  -14.507  39.347 0.0000000000
57828  -37.369  -13.594  38.602 0.0000000000
58733  -38.137  -13.200  39.361 0.0000000000
59684  -37.881  -12.793  37.839 0.0000000000
51887  -27.718  -20.388  42.922 0.0000000000
51900  -27.547  -20.286  42.080 0.0000000000
51911  -27.678  -19.692  41.194 0.0000000000
52909  -27.838  -19.157  40.274 0.0000000000
50944  -29.305  -20.996  39.970 0.0000000000
51960  -29.184  -20.006  38.486 0.0000000000
51947  -29.174  -20.096  39.383 0.0000000000
52932  -28.334  -19.250  38.881 0.0000000000
52931  -27.647  -19.254  38.431 0.0000000000
55720  -22.391  -16.571  48.100 0.0000000000
55733  -21.850  -17.183  46.975 0.0000000000
54774  -21.479  -17.955  45.785 0.0000000000
55749  -25.256  -16.720  46.785 0.0000000000
119835  -23.618  -17.706  45.529 0.0000000000
123467  -22.772  -17.394  45.756 0.0000000000
54775  -22.001  -17.715  45.517 0.0000000000
119390  -21.315  -18.615  45.469 0.0000000000
51886  -21.026  -20.152  43.085 0.0000000000
64737  -51.537  -7.130  20.219 0.0000000000
64738  -52.545  -7.289  19.806 0.0000000000
65659  -52.348  -6.760  20.577 0.0000000000
65637  -54.473  -6.478  22.560 0.0000000000
111546  -54.154  -6.568  21.835 0.0000000000
65649  -54.625  -6.518  21.859 0.0000000000
128254  -55.515  -7.306  18.013 0.0000000000
66527  -56.110  -5.467  19.619 0.0000000000
65682  -55.707  -6.641  18.080 0.0000000000
67480  -57.085  -4.762  18.760 0.0000000000
68464  -56.432  -3.971  18.920 0.0000000000
68455  -57.700  -4.016  19.598 0.0000000000
68454  -56.575  -3.801  19.511 0.0000000000
68463  -55.851  -3.875  18.901 0.0000000000
68452  -54.517  -3.672  20.103 0.0000000000
68437  -53.890  -3.506  21.145 0.0000000000
68420  -53.371  -3.089  22.019 0.0000000000
127530  -10.488  -25.289  54.580 0.0000000000
45604  -8.503  -26.853  53.831 0.0000000000
45617  -8.615  -26.607  52.941 0.0000000000
120807  -7.960  -27.476  53.922 0.0000000000
122762  -31.906  -15.123  31.355 0.0000000000
60789  -41.727  -11.107  25.751 0.0000000000
60713  -35.946  -10.489  29.610 0.0000000000
61797  -37.502  -9.866  30.827 0.0000000000
60714  -36.942  -10.518  29.480 0.0000000000
124367  -37.837  -10.851  28.618 0.0000000000
62799  -40.562  -9.130  33.692 0.0000000000
61800  -40.895  -9.484  31.632 0.0000000000
61845  -38.852  -10.393  29.569 0.0000000000
60752  -39.058  -10.943  28.197 0.0000000000
60768  -40.369  -11.107  27.387 0.0000000000
60753  -41.218  -10.687  28.445 0.0000000000
124346  -40.957  -10.929  27.876 0.0000000000
115801  -41.179  -11.040  27.269 0.0000000000
60781  -42.327  -10.840  26.618 0.0000000000
61859  -43.761  -10.364  28.591 0.0000000000
60736  -43.324  -10.402  29.651 0.0000000000
60737  -43.748  -10.353  29.227 0.0000000000
61860  -44.261  -10.208  28.991 0.0000000000
61850  -44.653  -9.855  29.362 0.0000000000
62884  -45.037  -9.290  29.779 0.0000000000
62877  -45.328  -8.604  30.270 0.0000000000
62838  -43.608  -9.083  32.547 0.0000000000
47731  -11.380  -24.247  54.946 0.0000000000
48705  -11.856  -23.450  55.011 0.0000000000
131720  -11.016  -24.860  54.538 0.0000000000
46639  -10.799  -25.111  53.919 0.0000000000
46638  -10.331  -25.303  53.209 0.0000000000
45646  -9.664  -25.530  51.968 0.0000000000
46696  -11.029  -24.976  50.140 0.0000000000
45596  -10.059  -25.307  55.383 0.0000000000
112361  -9.785  -24.891  56.261 0.0000000000
110807  -8.620  -25.804  55.890 0.0000000000
45556  -8.697  -25.117  57.372 0.0000000000
46587  -8.251  -25.174  58.151 0.0000000000
44681  -5.890  -28.165  55.572 0.0000000000
45554  -7.894  -25.972  57.722 0.0000000000
123298  -6.989  -25.051  59.181 0.0000000000
46584  -4.905  -25.250  58.577 0.0000000000
46576  -5.295  -24.792  59.196 0.0000000000
47692  -4.837  -24.247  59.077 0.0000000000
43583  -3.656  -28.758  56.697 0.0000000000
44668  -3.531  -27.805  56.021 0.0000000000
46652  -10.169  -25.276  52.444 0.0000000000
50816  -21.029  -21.274  47.964 0.0000000000
54776  -23.190  -17.953  45.227 0.0000000000
55935  -31.579  -16.380  32.832 0.0000000000
59690  -36.836  -12.574  36.258 0.0000000000
59692  -35.713  -12.390  34.948 0.0000000000
61751  -35.393  -10.615  34.674 0.0000000000
61834  -43.540  -9.934  30.604 0.0000000000
62832  -36.713  -9.367  32.462 0.0000000000
63691  -37.943  -7.727  36.405 0.0000000000
63789  -48.193  -7.708  27.681 0.0000000000
64603  -39.975  -7.783  35.556 0.0000000000
64693  -51.102  -6.750  25.500 0.0000000000
66507  -58.258  -5.039  21.660 0.0000000000
67466  -55.106  -3.800  18.902 0.0000000000
67467  -57.822  -4.613  19.038 0.0000000000
67479  -56.484  -4.512  18.648 0.0000000000
67495  -56.598  -5.217  18.460 0.0000000000
110367  -42.470  -10.068  30.863 0.0000000000
113395  -54.388  -5.522  25.725 0.0000000000
119308  -55.953  -4.192  18.579 0.0000000000
122364  -33.407  -22.491  43.503 0.0000000000
124582  -16.665  -20.458  49.839 0.0000000000
127122  -36.233  -13.025  35.945 0.0000000000
128794  -58.357  -4.454  20.531 0.0000000000
130018  -54.859  -3.708  19.447 0.0000000000
131586  -14.990  -20.119  50.988 0.0000000000
131979  -43.767  -10.067  30.091 0.0000000000
132532  -12.561  -22.095  53.339 0.0000000000
