#!ascii label  , from subject sub-v1s20x0050329_ses-1 vox2ras=TkReg
484
81722  -29.676  -7.613  -31.648 0.0000000000
76632  -24.879  -12.127  -32.360 0.0000000000
76626  -33.065  -12.187  -31.317 0.0000000000
161252  -27.205  -15.966  -29.942 0.0000000000
94698  -30.212  5.669  -34.213 0.0000000000
90528  -32.334  1.394  -32.095 0.0000000000
85801  -27.172  -3.613  -34.404 0.0000000000
69425  -25.716  -19.559  -28.232 0.0000000000
74579  -26.434  -14.844  -32.096 0.0000000000
72517  -24.708  -15.882  -30.274 0.0000000000
92607  -31.043  3.502  -32.569 0.0000000000
89645  -28.253  0.473  -34.228 0.0000000000
80618  -25.948  -8.453  -34.598 0.0000000000
82839  -24.035  -6.006  -34.832 0.0000000000
83825  -28.397  -5.818  -33.227 0.0000000000
85792  -30.542  -3.018  -31.480 0.0000000000
83780  -32.337  -5.722  -30.286 0.0000000000
80576  -34.262  -8.307  -31.332 0.0000000000
78436  -23.771  -9.910  -32.169 0.0000000000
78428  -28.265  -10.209  -32.972 0.0000000000
79442  -32.637  -9.818  -29.590 0.0000000000
77497  -29.747  -11.686  -29.698 0.0000000000
152139  -30.487  -13.921  -29.172 0.0000000000
164352  -30.855  -16.393  -29.924 0.0000000000
162525  -25.476  -1.012  -35.778 0.0000000000
147438  -28.945  -1.510  -33.458 0.0000000000
87788  -33.386  -1.305  -32.506 0.0000000000
71484  -23.783  -17.398  -29.036 0.0000000000
71487  -25.600  -17.456  -29.396 0.0000000000
74560  -23.944  -14.716  -30.342 0.0000000000
73504  -23.236  -15.458  -29.092 0.0000000000
161136  -28.103  1.849  -34.500 0.0000000000
89644  -26.463  0.911  -35.623 0.0000000000
80604  -28.279  -7.878  -33.529 0.0000000000
81745  -27.735  -7.295  -34.041 0.0000000000
82801  -29.244  -6.637  -32.512 0.0000000000
83797  -30.941  -5.442  -31.233 0.0000000000
82771  -31.243  -6.859  -30.431 0.0000000000
82774  -33.868  -6.419  -30.714 0.0000000000
81709  -31.831  -7.339  -29.934 0.0000000000
77536  -24.816  -10.986  -32.879 0.0000000000
78453  -25.730  -10.407  -34.166 0.0000000000
77538  -26.446  -11.368  -33.448 0.0000000000
77517  -28.938  -10.974  -31.032 0.0000000000
76636  -27.824  -12.140  -32.236 0.0000000000
73538  -26.706  -15.329  -31.523 0.0000000000
75614  -28.943  -13.945  -29.664 0.0000000000
74549  -28.903  -14.709  -29.445 0.0000000000
73508  -31.008  -15.398  -29.671 0.0000000000
73493  -29.562  -15.983  -28.868 0.0000000000
94673  -29.147  4.708  -34.201 0.0000000000
141050  -28.529  5.285  -34.789 0.0000000000
166930  -29.943  6.263  -34.562 0.0000000000
159781  -31.736  8.299  -35.669 0.0000000000
95692  -32.136  6.271  -35.084 0.0000000000
91534  -31.667  2.451  -32.129 0.0000000000
84836  -25.234  -4.940  -35.519 0.0000000000
143901  -24.865  -3.141  -35.746 0.0000000000
86847  -26.131  -2.791  -35.148 0.0000000000
146424  -27.106  -1.271  -34.929 0.0000000000
86839  -28.324  -2.722  -33.863 0.0000000000
85762  -33.078  -3.202  -30.834 0.0000000000
141778  -31.973  -2.059  -31.040 0.0000000000
86829  -33.491  -2.554  -32.099 0.0000000000
77508  -33.112  -11.386  -30.003 0.0000000000
78429  -33.644  -10.736  -32.171 0.0000000000
69423  -24.224  -19.238  -28.205 0.0000000000
149421  -24.075  -18.326  -28.795 0.0000000000
71486  -24.965  -17.304  -29.494 0.0000000000
70475  -25.603  -18.281  -28.940 0.0000000000
76621  -23.858  -12.333  -31.225 0.0000000000
75651  -25.808  -13.328  -32.469 0.0000000000
75625  -24.534  -14.146  -31.125 0.0000000000
73536  -25.389  -15.234  -31.465 0.0000000000
72519  -25.724  -16.262  -30.642 0.0000000000
140526  -29.168  4.235  -33.902 0.0000000000
93734  -30.677  4.492  -33.263 0.0000000000
140529  -29.560  2.841  -33.298 0.0000000000
90539  -29.760  1.911  -32.929 0.0000000000
89628  -29.864  1.109  -32.698 0.0000000000
80615  -23.602  -8.128  -33.161 0.0000000000
81771  -25.356  -7.168  -34.632 0.0000000000
83842  -26.658  -5.634  -34.745 0.0000000000
84811  -27.477  -4.754  -33.671 0.0000000000
170131  -28.566  -3.889  -33.116 0.0000000000
84800  -29.263  -4.769  -32.361 0.0000000000
84787  -31.518  -4.288  -30.799 0.0000000000
84789  -33.624  -4.581  -30.851 0.0000000000
83813  -34.131  -5.920  -32.184 0.0000000000
68334  -27.218  -20.754  -28.023 0.0000000000
155423  -27.300  -19.360  -28.210 0.0000000000
79500  -24.769  -9.198  -33.727 0.0000000000
79488  -27.609  -9.364  -34.266 0.0000000000
79476  -28.995  -8.813  -32.210 0.0000000000
80565  -31.082  -8.583  -29.768 0.0000000000
79452  -29.697  -9.599  -30.634 0.0000000000
78400  -30.768  -10.901  -29.449 0.0000000000
76605  -31.794  -12.340  -29.412 0.0000000000
75641  -28.197  -13.279  -31.235 0.0000000000
76603  -29.947  -12.387  -29.447 0.0000000000
163953  -32.427  -13.411  -30.288 0.0000000000
74581  -31.961  -14.604  -31.879 0.0000000000
73553  -31.908  -16.642  -32.822 0.0000000000
93745  -32.715  4.746  -34.513 0.0000000000
88702  -26.699  -0.271  -35.397 0.0000000000
151311  -28.640  -0.068  -33.717 0.0000000000
88678  -30.522  0.153  -31.876 0.0000000000
161605  -30.195  -2.108  -31.722 0.0000000000
87774  -30.862  -1.196  -31.608 0.0000000000
89631  -33.105  0.193  -32.557 0.0000000000
154472  -33.724  -9.190  -30.185 0.0000000000
79467  -34.134  -9.030  -32.128 0.0000000000
72501  -23.017  -16.138  -28.622 0.0000000000
146678  -24.058  -16.699  -29.454 0.0000000000
71505  -25.364  -16.581  -29.892 0.0000000000
72504  -26.885  -16.504  -29.578 0.0000000000
70458  -27.281  -18.617  -28.388 0.0000000000
71472  -28.392  -17.587  -28.521 0.0000000000
72490  -28.571  -16.779  -28.680 0.0000000000
149225  -25.462  1.324  -36.049 0.0000000000
81736  -29.188  -7.970  -32.260 0.0000000000
81735  -28.847  -7.388  -32.884 0.0000000000
168672  -29.370  -7.256  -32.237 0.0000000000
82784  -29.873  -6.713  -31.782 0.0000000000
81723  -30.368  -7.346  -30.948 0.0000000000
81708  -31.061  -7.711  -30.179 0.0000000000
77515  -24.092  -11.729  -31.793 0.0000000000
77524  -23.820  -10.938  -31.868 0.0000000000
77526  -25.135  -11.639  -32.746 0.0000000000
77537  -25.614  -11.318  -33.257 0.0000000000
76646  -26.038  -11.918  -33.094 0.0000000000
77527  -27.350  -11.879  -32.764 0.0000000000
76634  -26.295  -12.631  -32.777 0.0000000000
73523  -27.003  -15.711  -30.742 0.0000000000
73506  -27.926  -15.315  -29.843 0.0000000000
74540  -29.624  -15.106  -29.051 0.0000000000
73507  -28.791  -15.522  -29.104 0.0000000000
94683  -29.581  5.154  -34.129 0.0000000000
95690  -30.876  6.263  -34.485 0.0000000000
96683  -31.131  7.026  -34.854 0.0000000000
95702  -31.801  6.958  -35.239 0.0000000000
94699  -31.730  5.904  -34.508 0.0000000000
91535  -32.341  1.995  -32.286 0.0000000000
91547  -32.885  2.756  -33.323 0.0000000000
163727  -32.832  2.095  -32.872 0.0000000000
91536  -33.204  1.443  -33.250 0.0000000000
84819  -25.828  -4.364  -35.218 0.0000000000
85816  -25.035  -4.038  -35.517 0.0000000000
85808  -25.627  -3.462  -35.334 0.0000000000
86859  -25.428  -2.705  -35.566 0.0000000000
86848  -26.950  -2.923  -34.659 0.0000000000
150941  -27.706  -3.168  -34.243 0.0000000000
85793  -33.642  -3.465  -32.153 0.0000000000
86804  -33.350  -2.936  -31.404 0.0000000000
148246  -33.379  -11.459  -31.731 0.0000000000
76638  -33.084  -12.303  -32.474 0.0000000000
69424  -24.838  -19.384  -28.291 0.0000000000
70455  -24.493  -18.673  -28.703 0.0000000000
70474  -25.000  -18.121  -29.155 0.0000000000
70456  -25.254  -18.827  -28.695 0.0000000000
76611  -23.674  -13.041  -30.609 0.0000000000
75637  -24.283  -13.342  -31.171 0.0000000000
75624  -24.069  -13.997  -30.726 0.0000000000
73519  -24.559  -15.326  -30.586 0.0000000000
159370  -24.933  -15.189  -31.053 0.0000000000
73520  -25.109  -15.664  -30.875 0.0000000000
73521  -25.594  -15.833  -31.127 0.0000000000
140525  -28.811  3.649  -34.093 0.0000000000
141179  -29.651  3.763  -33.324 0.0000000000
141272  -28.779  2.761  -34.073 0.0000000000
90560  -28.491  1.237  -34.063 0.0000000000
91546  -29.203  2.163  -33.541 0.0000000000
90551  -29.191  1.360  -33.405 0.0000000000
89635  -28.870  0.571  -33.574 0.0000000000
80617  -25.261  -8.627  -34.260 0.0000000000
81756  -25.629  -7.801  -34.518 0.0000000000
82815  -28.082  -6.427  -33.719 0.0000000000
82830  -26.706  -6.378  -34.660 0.0000000000
83843  -27.352  -6.231  -34.321 0.0000000000
83823  -27.123  -5.232  -34.311 0.0000000000
83824  -27.747  -5.602  -33.763 0.0000000000
84799  -28.528  -4.567  -32.780 0.0000000000
83810  -28.660  -5.256  -32.666 0.0000000000
146437  -31.272  -4.865  -31.012 0.0000000000
83798  -31.833  -5.039  -30.521 0.0000000000
84788  -32.306  -4.150  -30.446 0.0000000000
83781  -32.951  -4.976  -30.349 0.0000000000
83799  -34.004  -5.235  -31.413 0.0000000000
83782  -33.711  -5.522  -30.725 0.0000000000
81712  -34.065  -7.172  -30.763 0.0000000000
82775  -34.334  -6.706  -31.058 0.0000000000
169131  -34.187  -8.542  -32.885 0.0000000000
67219  -26.581  -21.242  -27.853 0.0000000000
67220  -27.506  -21.640  -28.103 0.0000000000
79474  -23.129  -9.154  -32.012 0.0000000000
79485  -23.857  -9.387  -32.573 0.0000000000
79486  -24.458  -9.559  -33.183 0.0000000000
78440  -26.993  -10.746  -33.901 0.0000000000
78455  -27.133  -10.106  -34.469 0.0000000000
162399  -28.145  -9.579  -33.573 0.0000000000
79475  -28.576  -9.259  -32.937 0.0000000000
79464  -28.763  -9.689  -32.113 0.0000000000
79465  -29.298  -9.224  -31.450 0.0000000000
78418  -29.124  -10.096  -31.265 0.0000000000
77507  -29.342  -11.331  -30.202 0.0000000000
78407  -29.513  -10.479  -30.376 0.0000000000
78399  -29.940  -10.979  -29.702 0.0000000000
77500  -32.035  -11.493  -29.456 0.0000000000
77498  -30.420  -11.688  -29.430 0.0000000000
74593  -26.201  -14.182  -32.340 0.0000000000
75653  -27.173  -13.437  -32.340 0.0000000000
75640  -27.539  -13.779  -31.838 0.0000000000
146697  -29.683  -14.071  -29.239 0.0000000000
76602  -29.275  -13.111  -29.629 0.0000000000
75615  -30.191  -13.232  -29.235 0.0000000000
75617  -31.546  -13.237  -29.380 0.0000000000
74552  -31.946  -13.866  -29.847 0.0000000000
74565  -32.045  -14.328  -30.661 0.0000000000
74551  -31.226  -14.236  -29.430 0.0000000000
73524  -31.163  -16.242  -30.842 0.0000000000
74580  -31.565  -15.386  -31.369 0.0000000000
73539  -31.470  -16.524  -32.034 0.0000000000
93725  -31.242  4.109  -32.949 0.0000000000
94685  -32.035  5.220  -34.076 0.0000000000
93736  -32.300  4.472  -33.671 0.0000000000
82828  -23.452  -6.666  -34.102 0.0000000000
87820  -24.809  -1.256  -36.010 0.0000000000
88713  -24.830  -0.374  -36.075 0.0000000000
88714  -25.728  -0.343  -35.760 0.0000000000
87808  -26.268  -1.156  -35.448 0.0000000000
162701  -28.431  -1.200  -33.960 0.0000000000
88689  -28.802  -0.744  -33.572 0.0000000000
88690  -29.312  -0.114  -33.117 0.0000000000
87799  -29.955  -0.390  -32.277 0.0000000000
144916  -29.713  -3.157  -32.298 0.0000000000
85791  -28.886  -3.150  -33.093 0.0000000000
87775  -32.830  -1.817  -31.627 0.0000000000
86814  -31.102  -1.567  -31.391 0.0000000000
163298  -32.817  -0.729  -31.788 0.0000000000
88670  -32.145  -0.052  -31.645 0.0000000000
88672  -33.129  -0.617  -32.227 0.0000000000
88691  -33.488  -0.667  -33.646 0.0000000000
79441  -31.737  -9.323  -29.511 0.0000000000
80567  -32.575  -8.870  -29.570 0.0000000000
79443  -33.226  -9.250  -29.728 0.0000000000
79466  -33.910  -9.933  -31.611 0.0000000000
71470  -23.162  -17.500  -28.485 0.0000000000
72488  -23.406  -16.798  -28.878 0.0000000000
72502  -23.646  -16.148  -29.350 0.0000000000
71504  -24.996  -16.622  -29.795 0.0000000000
71506  -25.970  -16.654  -29.887 0.0000000000
71488  -26.565  -17.203  -29.181 0.0000000000
75613  -23.474  -13.799  -30.088 0.0000000000
74548  -23.273  -14.588  -29.489 0.0000000000
73505  -23.938  -15.509  -29.913 0.0000000000
89658  -26.980  1.601  -35.402 0.0000000000
154600  -27.809  1.269  -34.702 0.0000000000
147220  -27.464  0.393  -34.991 0.0000000000
80603  -27.724  -8.368  -34.136 0.0000000000
144925  -27.168  -8.018  -34.477 0.0000000000
81746  -28.348  -7.098  -33.487 0.0000000000
82800  -28.673  -6.549  -33.118 0.0000000000
83811  -29.338  -5.460  -32.359 0.0000000000
148822  -29.679  -6.003  -32.227 0.0000000000
143216  -30.289  -5.952  -31.747 0.0000000000
82786  -31.524  -5.972  -30.487 0.0000000000
82773  -33.084  -6.117  -30.306 0.0000000000
82772  -32.167  -6.536  -30.150 0.0000000000
81711  -33.328  -7.003  -30.355 0.0000000000
158350  -33.686  -7.730  -30.392 0.0000000000
78416  -23.267  -10.369  -31.478 0.0000000000
78427  -24.173  -10.626  -32.305 0.0000000000
78437  -24.496  -10.173  -32.898 0.0000000000
78438  -25.279  -10.654  -33.535 0.0000000000
78439  -26.093  -10.868  -33.880 0.0000000000
77540  -27.674  -10.764  -33.375 0.0000000000
78417  -28.560  -10.617  -31.953 0.0000000000
77528  -27.931  -11.229  -32.642 0.0000000000
77516  -28.415  -11.546  -31.707 0.0000000000
77506  -28.828  -11.847  -30.801 0.0000000000
75626  -27.940  -14.122  -31.069 0.0000000000
74563  -28.333  -14.438  -30.169 0.0000000000
74564  -31.594  -14.930  -30.119 0.0000000000
74550  -30.454  -14.752  -29.148 0.0000000000
73494  -30.348  -15.876  -29.242 0.0000000000
159947  -28.382  4.528  -34.626 0.0000000000
94697  -29.279  5.826  -34.612 0.0000000000
96694  -30.588  7.629  -35.075 0.0000000000
96699  -32.450  7.235  -36.375 0.0000000000
165800  -31.577  3.082  -32.348 0.0000000000
92617  -32.485  3.620  -33.266 0.0000000000
85814  -23.584  -3.405  -35.709 0.0000000000
141811  -24.805  -2.210  -35.907 0.0000000000
86860  -25.664  -1.884  -35.549 0.0000000000
146856  -26.641  -2.044  -35.038 0.0000000000
86838  -27.600  -2.201  -34.480 0.0000000000
87797  -28.388  -1.891  -33.984 0.0000000000
85777  -31.480  -2.749  -30.766 0.0000000000
161541  -31.095  -2.171  -31.042 0.0000000000
153280  -32.934  -2.584  -31.110 0.0000000000
148045  -33.212  -2.157  -31.600 0.0000000000
158049  -33.383  -1.871  -32.106 0.0000000000
78402  -33.021  -10.650  -29.766 0.0000000000
152195  -33.398  -9.942  -29.969 0.0000000000
78409  -33.442  -10.695  -30.327 0.0000000000
168908  -33.419  -11.462  -32.619 0.0000000000
69422  -23.764  -18.830  -28.284 0.0000000000
70454  -23.548  -18.128  -28.573 0.0000000000
70472  -24.082  -17.840  -29.035 0.0000000000
71485  -24.474  -17.169  -29.418 0.0000000000
70473  -24.515  -17.924  -29.126 0.0000000000
70457  -26.388  -18.022  -28.803 0.0000000000
76622  -24.614  -12.692  -31.812 0.0000000000
75650  -25.208  -12.802  -32.281 0.0000000000
75639  -25.238  -13.549  -31.995 0.0000000000
74577  -25.307  -14.422  -31.758 0.0000000000
74561  -24.511  -14.722  -30.873 0.0000000000
74576  -24.921  -14.654  -31.320 0.0000000000
74578  -25.806  -14.826  -32.043 0.0000000000
73537  -25.964  -15.452  -31.735 0.0000000000
73522  -26.185  -15.919  -31.197 0.0000000000
72520  -26.419  -16.224  -30.466 0.0000000000
159938  -27.845  4.056  -34.866 0.0000000000
93733  -29.841  4.495  -33.545 0.0000000000
94684  -30.466  5.042  -33.689 0.0000000000
93724  -30.425  3.965  -32.956 0.0000000000
140528  -30.312  3.232  -32.753 0.0000000000
90550  -28.645  1.992  -34.037 0.0000000000
91533  -30.348  2.419  -32.549 0.0000000000
90540  -30.439  1.613  -32.323 0.0000000000
89613  -31.158  1.343  -31.865 0.0000000000
82840  -24.757  -6.220  -34.949 0.0000000000
81758  -27.005  -7.108  -34.511 0.0000000000
82841  -25.437  -6.496  -34.881 0.0000000000
83859  -25.380  -5.721  -35.217 0.0000000000
84837  -25.998  -5.242  -35.180 0.0000000000
84820  -26.537  -4.763  -34.820 0.0000000000
84810  -27.049  -4.324  -34.336 0.0000000000
85802  -27.611  -3.930  -33.957 0.0000000000
85790  -28.025  -4.280  -33.342 0.0000000000
147237  -29.186  -3.942  -32.639 0.0000000000
85775  -30.089  -4.082  -31.947 0.0000000000
83796  -30.072  -5.214  -31.928 0.0000000000
84786  -30.833  -4.622  -31.413 0.0000000000
85776  -31.025  -3.714  -31.173 0.0000000000
85778  -32.568  -3.459  -30.554 0.0000000000
85779  -33.507  -3.724  -31.145 0.0000000000
84801  -33.799  -4.395  -31.744 0.0000000000
83812  -33.908  -5.161  -32.557 0.0000000000
83800  -34.205  -6.042  -31.196 0.0000000000
76625  -32.732  -13.012  -31.846 0.0000000000
68333  -26.208  -20.371  -27.900 0.0000000000
69426  -26.774  -19.829  -28.064 0.0000000000
80602  -24.061  -8.877  -33.063 0.0000000000
79510  -25.945  -9.185  -34.674 0.0000000000
79487  -25.050  -10.004  -33.920 0.0000000000
79502  -26.706  -9.568  -34.846 0.0000000000
145882  -27.213  -8.826  -34.641 0.0000000000
79489  -28.236  -8.805  -33.610 0.0000000000
80595  -28.701  -8.351  -32.911 0.0000000000
80585  -29.474  -8.405  -31.593 0.0000000000
80574  -30.436  -8.264  -30.523 0.0000000000
80573  -29.837  -8.767  -30.903 0.0000000000
79453  -30.378  -9.111  -30.204 0.0000000000
79440  -30.916  -9.419  -29.641 0.0000000000
78408  -30.288  -10.048  -29.774 0.0000000000
157736  -31.322  -10.170  -29.484 0.0000000000
77501  -32.639  -11.253  -29.658 0.0000000000
76606  -32.565  -12.050  -29.747 0.0000000000
76635  -27.100  -12.672  -32.603 0.0000000000
76623  -27.704  -12.969  -31.980 0.0000000000
76624  -28.321  -12.428  -31.451 0.0000000000
75627  -28.573  -13.581  -30.323 0.0000000000
76612  -28.692  -12.700  -30.497 0.0000000000
76613  -29.245  -12.145  -29.947 0.0000000000
76604  -30.869  -12.565  -29.206 0.0000000000
75618  -32.245  -12.961  -29.741 0.0000000000
76614  -32.756  -12.852  -30.822 0.0000000000
75628  -32.412  -13.683  -31.268 0.0000000000
74595  -31.731  -15.622  -32.454 0.0000000000
94700  -32.394  5.546  -34.809 0.0000000000
164158  -25.917  0.393  -35.784 0.0000000000
168128  -27.476  -0.599  -34.820 0.0000000000
88703  -28.147  -0.455  -34.268 0.0000000000
89636  -29.446  0.635  -33.072 0.0000000000
89637  -29.909  0.364  -32.514 0.0000000000
89614  -31.944  1.087  -31.807 0.0000000000
86827  -28.943  -2.285  -33.348 0.0000000000
87785  -29.496  -1.775  -32.651 0.0000000000
87786  -30.112  -1.140  -31.825 0.0000000000
88679  -31.184  -0.139  -31.504 0.0000000000
153781  -32.202  0.533  -31.757 0.0000000000
89615  -32.632  0.788  -32.153 0.0000000000
90542  -33.216  0.774  -32.971 0.0000000000
81691  -31.636  -7.998  -29.733 0.0000000000
80568  -33.338  -8.410  -29.845 0.0000000000
80575  -33.969  -8.428  -30.554 0.0000000000
79454  -33.757  -9.945  -30.662 0.0000000000
79455  -34.038  -9.148  -31.043 0.0000000000
166332  -24.284  -16.126  -29.794 0.0000000000
72503  -24.737  -16.388  -29.836 0.0000000000
72518  -25.231  -16.140  -30.396 0.0000000000
148993  -26.282  -18.917  -28.487 0.0000000000
161992  -28.290  -18.468  -28.421 0.0000000000
71471  -27.368  -17.748  -28.585 0.0000000000
72489  -27.560  -16.912  -28.863 0.0000000000
72505  -27.951  -16.135  -29.232 0.0000000000
73492  -28.853  -16.171  -28.817 0.0000000000
72491  -29.430  -16.738  -28.771 0.0000000000
72545  -32.510  -17.333  -32.818 0.0000000000
74562  -27.537  -14.950  -30.878 0.0000000000
74592  -25.660  -14.108  -32.137 0.0000000000
74594  -26.887  -14.123  -32.314 0.0000000000
75616  -30.875  -13.426  -29.170 0.0000000000
75638  -24.831  -13.826  -31.523 0.0000000000
75652  -26.593  -13.437  -32.535 0.0000000000
76615  -32.979  -12.108  -30.390 0.0000000000
76633  -25.558  -12.319  -32.691 0.0000000000
76637  -32.742  -13.234  -32.763 0.0000000000
76647  -26.704  -11.951  -32.969 0.0000000000
77499  -31.261  -11.664  -29.337 0.0000000000
77518  -33.326  -11.427  -30.764 0.0000000000
77525  -24.463  -11.412  -32.310 0.0000000000
77539  -27.204  -11.359  -33.259 0.0000000000
78401  -32.203  -10.630  -29.504 0.0000000000
78419  -33.643  -10.706  -31.161 0.0000000000
78441  -27.705  -10.165  -33.841 0.0000000000
78454  -26.435  -10.333  -34.473 0.0000000000
79501  -25.825  -9.916  -34.612 0.0000000000
80566  -31.882  -8.527  -29.560 0.0000000000
80586  -29.921  -8.064  -31.103 0.0000000000
80587  -34.377  -8.077  -32.209 0.0000000000
80616  -24.392  -8.351  -33.690 0.0000000000
80619  -26.576  -8.672  -34.739 0.0000000000
81692  -32.456  -7.951  -29.641 0.0000000000
81693  -33.110  -7.638  -29.990 0.0000000000
81710  -32.613  -7.184  -30.025 0.0000000000
81757  -26.420  -7.838  -34.564 0.0000000000
81770  -24.900  -6.872  -34.696 0.0000000000
81772  -26.122  -6.976  -34.668 0.0000000000
82785  -30.697  -6.357  -31.138 0.0000000000
82787  -34.326  -6.648  -31.818 0.0000000000
83809  -27.949  -5.059  -33.032 0.0000000000
83860  -26.109  -6.057  -34.973 0.0000000000
84774  -33.096  -3.961  -30.564 0.0000000000
85809  -26.460  -3.739  -34.814 0.0000000000
85815  -24.247  -3.714  -35.740 0.0000000000
86815  -32.552  -2.835  -30.906 0.0000000000
86828  -29.423  -2.510  -32.641 0.0000000000
86858  -23.984  -2.666  -36.056 0.0000000000
87776  -33.163  -1.377  -31.864 0.0000000000
87787  -30.653  -0.618  -31.528 0.0000000000
87798  -29.421  -0.975  -32.855 0.0000000000
87809  -27.877  -1.290  -34.433 0.0000000000
88671  -32.736  0.051  -31.970 0.0000000000
88680  -33.395  -0.599  -32.877 0.0000000000
89629  -30.512  0.862  -32.106 0.0000000000
89630  -31.379  0.591  -31.666 0.0000000000
90526  -31.025  2.083  -32.043 0.0000000000
90527  -31.757  1.737  -31.934 0.0000000000
90541  -32.830  1.343  -32.575 0.0000000000
91524  -30.962  2.819  -32.272 0.0000000000
92608  -31.809  3.612  -32.704 0.0000000000
93726  -31.913  4.179  -33.108 0.0000000000
93735  -31.443  4.747  -33.487 0.0000000000
95703  -32.290  6.718  -35.705 0.0000000000
146312  -32.303  2.843  -32.604 0.0000000000
147669  -27.207  -14.597  -31.758 0.0000000000
149020  -29.020  -5.965  -32.705 0.0000000000
150528  -31.973  -9.986  -29.477 0.0000000000
152919  -31.154  5.492  -34.036 0.0000000000
155760  -33.532  -2.088  -32.853 0.0000000000
155866  -31.531  -10.975  -29.427 0.0000000000
158299  -31.884  -3.448  -30.580 0.0000000000
158964  -25.378  -9.446  -34.283 0.0000000000
159463  -34.170  -7.796  -30.834 0.0000000000
164435  -28.213  -3.527  -33.656 0.0000000000
167138  -24.492  -11.960  -32.098 0.0000000000
167903  -33.165  2.089  -33.489 0.0000000000
167962  -25.598  -11.775  -32.933 0.0000000000
168125  -33.027  4.628  -35.044 0.0000000000
168617  -32.650  -12.691  -30.105 0.0000000000
169100  -32.813  -6.710  -30.173 0.0000000000
170164  -32.982  0.805  -32.581 0.0000000000
