#!ascii label  , from subject sub-v1s20x0050366_ses-1 vox2ras=TkReg
1622
65398  -24.947  -8.825  43.006 0.0000000000
76101  -41.677  2.907  22.275 0.0000000000
74094  -26.930  1.396  32.292 0.0000000000
59475  6.336  -13.844  38.377 0.0000000000
64383  -10.483  -9.420  41.912 0.0000000000
66397  4.143  -6.947  37.420 0.0000000000
70163  3.500  -3.630  43.732 0.0000000000
74165  -33.529  0.787  27.489 0.0000000000
68381  -1.935  -5.748  33.233 0.0000000000
123840  5.518  -15.324  46.511 0.0000000000
124295  -22.511  -7.469  36.410 0.0000000000
112992  -20.166  -11.161  40.278 0.0000000000
63392  -17.887  -10.440  42.449 0.0000000000
77858  -44.458  5.236  18.964 0.0000000000
74139  -31.083  0.287  29.835 0.0000000000
61517  -6.771  -12.383  38.890 0.0000000000
132122  5.653  -4.028  32.024 0.0000000000
62488  0.235  -11.461  39.103 0.0000000000
61574  0.811  -12.059  34.604 0.0000000000
59501  5.430  -14.317  35.017 0.0000000000
133830  0.376  -9.188  47.013 0.0000000000
65325  3.524  -8.039  48.880 0.0000000000
75012  -23.308  1.470  35.294 0.0000000000
64340  -14.530  -9.456  46.229 0.0000000000
133480  -13.738  -8.773  39.454 0.0000000000
67319  2.471  -5.396  40.513 0.0000000000
63383  2.447  -10.427  43.110 0.0000000000
124102  -38.006  2.788  25.112 0.0000000000
65372  -1.857  -9.198  44.047 0.0000000000
63403  -4.719  -10.596  41.044 0.0000000000
67401  1.665  -6.574  35.731 0.0000000000
63518  1.111  -10.179  31.321 0.0000000000
72091  2.688  -1.808  47.206 0.0000000000
64318  4.446  -8.915  46.336 0.0000000000
113231  5.482  -14.804  43.615 0.0000000000
67301  -25.312  -6.040  42.833 0.0000000000
63426  -24.161  -9.938  40.481 0.0000000000
65417  -24.633  -8.331  39.257 0.0000000000
62468  -21.912  -10.821  41.760 0.0000000000
61523  -21.202  -11.653  39.296 0.0000000000
62439  -21.075  -11.325  44.038 0.0000000000
123243  -42.944  3.236  20.258 0.0000000000
113252  -37.707  2.790  21.106 0.0000000000
75224  -40.203  1.905  19.068 0.0000000000
77033  -40.834  2.904  17.423 0.0000000000
74120  -28.896  0.881  30.538 0.0000000000
73163  -23.849  0.033  31.203 0.0000000000
74134  -25.894  0.414  29.837 0.0000000000
73201  -27.512  -0.103  28.044 0.0000000000
61512  3.226  -12.965  38.936 0.0000000000
60529  2.131  -13.434  37.298 0.0000000000
60526  6.080  -13.759  37.505 0.0000000000
57261  4.700  -16.135  35.928 0.0000000000
57235  4.736  -16.032  38.167 0.0000000000
60457  -0.153  -12.475  45.997 0.0000000000
61422  1.285  -12.300  47.823 0.0000000000
74056  -21.971  0.829  37.206 0.0000000000
126369  -22.762  -3.979  38.535 0.0000000000
68359  -21.155  -5.761  35.792 0.0000000000
116302  -21.705  -2.482  36.731 0.0000000000
72186  -21.916  -1.449  34.728 0.0000000000
64303  -16.664  -9.355  47.361 0.0000000000
63432  -17.204  -9.905  40.168 0.0000000000
64412  -15.651  -9.068  40.723 0.0000000000
78642  -43.565  5.820  14.170 0.0000000000
79333  -44.885  5.953  12.758 0.0000000000
126245  2.599  -4.541  41.991 0.0000000000
66360  1.013  -7.442  42.365 0.0000000000
67272  2.448  -6.287  43.861 0.0000000000
75144  -35.792  1.680  26.652 0.0000000000
72270  -31.205  -1.317  26.136 0.0000000000
74180  -32.729  0.259  25.014 0.0000000000
75175  -34.201  2.131  23.608 0.0000000000
68255  -1.651  -5.237  44.775 0.0000000000
67276  -3.483  -5.847  43.038 0.0000000000
69232  4.669  -4.557  36.344 0.0000000000
68362  5.404  -5.036  35.653 0.0000000000
67382  4.273  -6.925  36.794 0.0000000000
60601  2.828  -13.070  32.825 0.0000000000
122183  1.845  -10.712  33.070 0.0000000000
62593  3.808  -11.593  30.207 0.0000000000
72078  1.030  -1.931  48.246 0.0000000000
62392  4.367  -11.794  47.614 0.0000000000
126044  4.439  -8.175  47.490 0.0000000000
62406  4.719  -11.879  46.202 0.0000000000
61439  4.914  -12.254  44.851 0.0000000000
59433  5.517  -14.698  45.759 0.0000000000
67348  -23.692  -6.049  39.247 0.0000000000
63334  -18.324  -10.371  46.934 0.0000000000
132382  -20.525  -11.209  45.073 0.0000000000
62466  -19.106  -11.115  41.598 0.0000000000
79292  -45.484  6.290  17.585 0.0000000000
77879  -42.098  4.906  15.889 0.0000000000
73186  -32.375  -0.009  29.221 0.0000000000
72251  -29.347  -0.964  26.947 0.0000000000
63439  -9.975  -9.973  38.700 0.0000000000
62480  -8.604  -10.914  40.149 0.0000000000
69296  2.092  -4.515  32.682 0.0000000000
65422  1.215  -8.105  38.480 0.0000000000
64436  1.076  -9.297  36.870 0.0000000000
62510  -0.072  -11.535  37.268 0.0000000000
60551  2.569  -13.625  35.067 0.0000000000
59516  5.656  -14.578  33.308 0.0000000000
68214  0.673  -5.627  47.980 0.0000000000
68212  1.865  -5.550  48.599 0.0000000000
65328  2.042  -8.235  48.440 0.0000000000
124551  2.920  -11.405  48.702 0.0000000000
75036  -25.428  1.667  33.642 0.0000000000
118994  -22.982  -0.493  33.148 0.0000000000
113634  -12.929  -8.798  43.847 0.0000000000
119389  -16.174  -9.397  44.022 0.0000000000
64386  -13.971  -8.535  42.339 0.0000000000
64399  -12.267  -8.845  41.129 0.0000000000
69219  3.536  -4.596  37.713 0.0000000000
70190  2.400  -4.232  39.113 0.0000000000
67336  3.137  -6.404  38.885 0.0000000000
65416  0.393  -8.333  40.119 0.0000000000
62462  1.278  -11.060  41.036 0.0000000000
61468  4.524  -12.517  41.305 0.0000000000
76984  -39.477  3.412  23.492 0.0000000000
76095  -35.651  2.582  22.292 0.0000000000
68235  -0.757  -5.382  46.563 0.0000000000
65361  -1.132  -8.821  45.553 0.0000000000
60470  -1.136  -12.472  44.184 0.0000000000
116015  -7.364  -10.550  40.879 0.0000000000
65405  -6.477  -8.967  41.749 0.0000000000
66362  -4.658  -7.602  41.997 0.0000000000
126329  -2.847  -10.152  42.448 0.0000000000
60483  -1.366  -13.072  42.745 0.0000000000
71203  5.137  -3.371  34.004 0.0000000000
69255  3.110  -4.955  34.306 0.0000000000
67417  0.042  -6.034  34.781 0.0000000000
64469  1.066  -9.468  35.053 0.0000000000
65462  0.400  -9.127  34.042 0.0000000000
64500  -1.318  -9.270  32.447 0.0000000000
72105  3.475  -2.587  45.353 0.0000000000
68221  3.461  -5.240  48.305 0.0000000000
68228  4.052  -5.217  46.607 0.0000000000
68252  3.857  -5.157  45.211 0.0000000000
125191  3.663  -9.199  44.898 0.0000000000
62445  4.457  -12.044  43.298 0.0000000000
59463  6.067  -14.051  41.002 0.0000000000
56008  6.713  -17.655  45.864 0.0000000000
133124  6.521  -17.928  44.161 0.0000000000
56092  4.920  -17.247  40.210 0.0000000000
117374  -25.116  -7.939  42.688 0.0000000000
66359  -25.086  -7.885  43.781 0.0000000000
63414  -24.132  -10.041  41.520 0.0000000000
124202  -24.857  -8.596  41.100 0.0000000000
63413  -23.453  -10.543  41.971 0.0000000000
62484  -22.877  -10.818  40.545 0.0000000000
124374  -24.472  -9.558  44.091 0.0000000000
62454  -22.863  -11.118  43.387 0.0000000000
76129  -42.058  2.611  20.945 0.0000000000
76114  -39.384  2.895  21.208 0.0000000000
76134  -38.831  2.227  19.758 0.0000000000
130084  -40.756  2.378  20.288 0.0000000000
76137  -41.732  2.576  19.794 0.0000000000
74104  -27.562  1.337  31.709 0.0000000000
75064  -28.976  1.593  31.989 0.0000000000
128537  -28.014  1.942  33.403 0.0000000000
73172  -24.862  0.180  30.033 0.0000000000
74118  -26.540  0.768  30.624 0.0000000000
74119  -27.445  0.779  30.191 0.0000000000
60509  5.291  -13.288  39.246 0.0000000000
60518  5.396  -13.367  38.429 0.0000000000
60516  6.282  -13.672  37.824 0.0000000000
58375  5.987  -14.545  37.331 0.0000000000
58362  5.921  -14.958  38.019 0.0000000000
59436  -0.021  -13.524  44.785 0.0000000000
59429  0.995  -13.700  45.901 0.0000000000
71145  -22.258  -2.720  38.289 0.0000000000
132555  -22.111  -2.957  37.655 0.0000000000
72168  -21.768  -1.979  37.494 0.0000000000
73131  -21.568  -1.116  36.679 0.0000000000
79315  -44.781  6.396  14.796 0.0000000000
78643  -44.115  5.888  13.440 0.0000000000
79335  -47.128  7.089  12.754 0.0000000000
129534  2.806  -4.311  42.810 0.0000000000
125455  2.614  -4.870  42.770 0.0000000000
69171  3.131  -4.425  43.516 0.0000000000
75131  -35.134  1.421  27.330 0.0000000000
75132  -36.015  1.566  27.470 0.0000000000
73230  -32.891  0.178  26.824 0.0000000000
73238  -32.322  -0.441  25.357 0.0000000000
74173  -33.506  0.744  26.423 0.0000000000
74182  -34.136  1.263  25.911 0.0000000000
135450  -3.685  -4.797  43.997 0.0000000000
67261  -4.834  -5.476  44.071 0.0000000000
64368  -11.101  -9.296  43.699 0.0000000000
63390  -9.598  -9.589  42.341 0.0000000000
68391  -1.616  -5.149  32.823 0.0000000000
67353  4.981  -6.316  37.305 0.0000000000
67381  5.043  -6.559  36.919 0.0000000000
66406  4.308  -6.993  36.941 0.0000000000
60620  4.494  -13.109  31.359 0.0000000000
61609  3.625  -12.342  31.385 0.0000000000
61628  4.717  -12.885  30.417 0.0000000000
73979  -0.414  -0.622  48.090 0.0000000000
71054  0.005  -2.264  48.071 0.0000000000
60445  5.107  -14.101  47.055 0.0000000000
62397  4.515  -12.013  47.065 0.0000000000
61421  4.885  -13.162  46.590 0.0000000000
60454  5.034  -13.281  45.799 0.0000000000
127164  5.735  -15.005  45.911 0.0000000000
67332  -24.291  -5.936  40.511 0.0000000000
67349  -24.074  -6.707  39.286 0.0000000000
69201  -23.931  -5.021  40.053 0.0000000000
125064  -23.594  -4.072  39.717 0.0000000000
61472  -20.090  -11.241  41.560 0.0000000000
62450  -19.590  -11.344  42.250 0.0000000000
130941  -19.626  -11.052  40.878 0.0000000000
62481  -18.650  -10.614  40.556 0.0000000000
78597  -44.808  5.741  18.172 0.0000000000
77035  -42.239  4.023  17.922 0.0000000000
77038  -41.205  3.630  16.883 0.0000000000
78608  -43.308  5.161  17.297 0.0000000000
78623  -43.391  5.472  16.440 0.0000000000
73185  -31.540  -0.220  29.223 0.0000000000
74141  -32.817  0.509  29.777 0.0000000000
74123  -31.595  0.734  30.496 0.0000000000
73183  -29.735  -0.035  29.085 0.0000000000
73216  -28.885  -0.607  27.523 0.0000000000
73202  -30.218  -0.453  28.465 0.0000000000
73218  -30.648  -0.690  27.789 0.0000000000
69319  5.261  -4.092  31.192 0.0000000000
114213  2.652  -4.480  31.993 0.0000000000
123695  3.339  -4.577  32.827 0.0000000000
64414  -0.154  -9.942  39.337 0.0000000000
63445  -0.122  -10.680  37.730 0.0000000000
62499  -0.063  -11.500  38.177 0.0000000000
60539  5.061  -13.928  36.218 0.0000000000
135040  2.336  -13.588  35.808 0.0000000000
128124  4.771  -13.864  35.280 0.0000000000
60567  3.829  -13.748  34.036 0.0000000000
59508  5.503  -14.459  34.097 0.0000000000
57285  5.465  -15.403  34.402 0.0000000000
66299  0.390  -7.193  47.515 0.0000000000
123789  1.579  -7.048  48.162 0.0000000000
64293  1.374  -9.170  47.793 0.0000000000
60450  2.645  -13.574  47.895 0.0000000000
61417  2.108  -11.859  48.541 0.0000000000
59419  3.415  -14.064  47.992 0.0000000000
59410  3.797  -14.213  48.011 0.0000000000
132401  -24.291  1.550  34.173 0.0000000000
74075  -22.451  0.098  34.535 0.0000000000
134254  -22.684  -0.980  33.498 0.0000000000
74076  -23.047  0.569  34.065 0.0000000000
74082  -23.949  0.909  33.119 0.0000000000
64325  -13.884  -9.621  47.115 0.0000000000
64339  -12.386  -9.438  46.027 0.0000000000
64355  -13.728  -8.826  44.537 0.0000000000
63362  -18.336  -10.585  45.018 0.0000000000
63348  -17.739  -10.282  45.999 0.0000000000
128786  -16.951  -9.737  43.539 0.0000000000
64419  -14.750  -8.785  40.115 0.0000000000
113160  -14.857  -8.642  41.973 0.0000000000
64411  -13.899  -8.680  40.454 0.0000000000
113161  -13.095  -8.609  41.723 0.0000000000
64418  -13.107  -8.761  40.031 0.0000000000
64428  -11.556  -9.312  38.807 0.0000000000
70184  2.378  -4.215  40.951 0.0000000000
117203  2.579  -4.677  40.206 0.0000000000
69196  3.224  -5.061  39.249 0.0000000000
114667  2.698  -5.828  39.756 0.0000000000
66392  1.821  -7.019  39.398 0.0000000000
66384  1.772  -6.598  40.274 0.0000000000
64379  1.024  -9.297  42.924 0.0000000000
64391  0.694  -9.611  41.974 0.0000000000
63399  1.907  -10.720  42.347 0.0000000000
119717  2.897  -11.633  41.549 0.0000000000
62446  2.891  -11.222  42.480 0.0000000000
76078  -38.159  3.210  24.363 0.0000000000
76064  -39.976  3.055  25.029 0.0000000000
76049  -39.683  2.559  26.004 0.0000000000
117083  -35.858  2.410  24.563 0.0000000000
131554  -35.028  2.436  23.093 0.0000000000
76076  -36.756  3.000  23.406 0.0000000000
131129  -37.701  3.284  23.486 0.0000000000
69147  -1.118  -3.875  46.636 0.0000000000
67274  -1.796  -6.832  43.940 0.0000000000
67259  -1.265  -6.871  44.799 0.0000000000
65371  -1.472  -8.687  44.725 0.0000000000
63342  -1.402  -10.669  45.210 0.0000000000
63355  -1.742  -10.783  44.764 0.0000000000
61503  -7.845  -11.971  39.198 0.0000000000
62479  -7.997  -11.164  40.278 0.0000000000
62489  -7.482  -11.682  39.747 0.0000000000
62464  -5.222  -11.288  40.647 0.0000000000
133932  -6.006  -10.913  40.372 0.0000000000
64394  -5.041  -9.682  40.979 0.0000000000
65395  -5.370  -8.094  41.853 0.0000000000
64393  -4.394  -9.046  41.301 0.0000000000
66375  -3.897  -7.843  41.777 0.0000000000
63402  -3.843  -10.840  41.623 0.0000000000
60494  -2.224  -12.884  41.535 0.0000000000
71191  3.976  -3.147  34.275 0.0000000000
68351  4.309  -5.866  35.815 0.0000000000
69254  4.640  -4.942  34.563 0.0000000000
68365  2.101  -5.335  34.801 0.0000000000
68366  1.046  -5.196  34.397 0.0000000000
67402  0.556  -6.572  35.268 0.0000000000
63455  0.509  -10.493  36.211 0.0000000000
64454  1.479  -9.304  35.755 0.0000000000
112820  1.089  -9.986  35.112 0.0000000000
114868  1.928  -10.541  32.253 0.0000000000
64485  0.871  -9.590  33.690 0.0000000000
64498  0.773  -9.728  32.922 0.0000000000
65463  -0.265  -8.692  34.010 0.0000000000
64510  0.364  -9.945  32.040 0.0000000000
64511  -0.721  -9.786  31.849 0.0000000000
72098  3.330  -2.461  46.116 0.0000000000
67211  2.852  -6.954  49.249 0.0000000000
68210  3.070  -5.644  48.781 0.0000000000
128402  3.894  -6.608  48.988 0.0000000000
117947  4.512  -8.932  46.646 0.0000000000
67238  4.582  -6.707  47.075 0.0000000000
66319  4.417  -7.211  46.543 0.0000000000
68243  4.042  -5.449  45.893 0.0000000000
131535  4.253  -6.967  46.214 0.0000000000
66334  3.467  -7.116  45.077 0.0000000000
64346  4.172  -9.336  45.532 0.0000000000
61445  5.177  -13.145  43.983 0.0000000000
128860  4.775  -12.090  44.379 0.0000000000
61453  5.206  -13.056  43.293 0.0000000000
61465  5.426  -13.230  42.321 0.0000000000
113976  5.880  -14.043  41.986 0.0000000000
53570  7.999  -19.833  45.222 0.0000000000
56027  6.587  -17.632  44.973 0.0000000000
120103  -24.701  -4.898  42.175 0.0000000000
62506  -23.845  -10.555  38.532 0.0000000000
64432  -24.355  -9.583  38.336 0.0000000000
123860  -24.557  -9.253  39.432 0.0000000000
119263  -24.487  -6.989  40.453 0.0000000000
61473  -20.641  -11.186  41.302 0.0000000000
61488  -21.417  -11.320  40.375 0.0000000000
121420  -23.109  -10.904  39.795 0.0000000000
62453  -22.048  -11.032  42.782 0.0000000000
77025  -43.137  3.810  19.596 0.0000000000
117625  -38.254  1.377  18.414 0.0000000000
75230  -38.924  0.955  17.214 0.0000000000
76149  -39.657  1.726  16.446 0.0000000000
76146  -40.566  2.156  17.964 0.0000000000
77030  -41.918  3.308  18.535 0.0000000000
74121  -29.683  0.723  30.342 0.0000000000
74108  -31.232  1.176  31.200 0.0000000000
75065  -29.903  1.582  31.994 0.0000000000
75054  -30.272  1.912  32.768 0.0000000000
72215  -23.293  -1.458  30.751 0.0000000000
72222  -23.603  -1.176  29.944 0.0000000000
72236  -24.203  -0.976  28.657 0.0000000000
73212  -25.330  -0.545  27.827 0.0000000000
72248  -26.470  -0.662  26.828 0.0000000000
73181  -27.132  0.278  28.744 0.0000000000
127115  -28.350  0.678  29.902 0.0000000000
61497  1.543  -12.316  39.291 0.0000000000
61514  1.104  -12.517  38.586 0.0000000000
60519  2.740  -13.187  38.141 0.0000000000
112969  4.890  -13.765  37.138 0.0000000000
60538  5.478  -14.039  36.595 0.0000000000
57270  5.381  -15.327  35.802 0.0000000000
126618  5.645  -14.637  36.530 0.0000000000
57249  4.603  -16.109  37.273 0.0000000000
62405  -0.206  -10.557  46.612 0.0000000000
62400  0.871  -10.531  47.624 0.0000000000
61427  0.228  -12.155  46.753 0.0000000000
75011  -22.615  1.229  35.887 0.0000000000
67377  -22.632  -5.690  37.739 0.0000000000
66408  -22.223  -6.831  36.583 0.0000000000
117346  -22.290  -4.819  37.552 0.0000000000
117173  -21.586  -3.671  36.425 0.0000000000
70247  -21.336  -3.265  35.527 0.0000000000
71184  -21.614  -2.090  35.276 0.0000000000
123491  -21.695  -0.440  36.101 0.0000000000
64327  -15.593  -9.556  47.051 0.0000000000
125412  -17.721  -10.253  41.572 0.0000000000
64388  -16.591  -9.575  42.086 0.0000000000
64413  -16.433  -9.452  40.434 0.0000000000
64420  -15.625  -9.043  39.782 0.0000000000
78647  -42.547  5.458  13.110 0.0000000000
78652  -43.278  5.351  11.703 0.0000000000
113241  -44.308  5.353  11.246 0.0000000000
131305  -44.640  5.341  9.856 0.0000000000
127137  2.522  -5.015  41.838 0.0000000000
67305  1.799  -6.184  41.309 0.0000000000
67304  2.240  -5.554  42.111 0.0000000000
66348  1.443  -7.297  43.163 0.0000000000
65380  1.745  -8.099  43.714 0.0000000000
120295  -36.819  2.284  25.611 0.0000000000
75146  -37.621  1.965  27.116 0.0000000000
72284  -31.449  -1.589  24.282 0.0000000000
73253  -32.010  -0.085  23.827 0.0000000000
74200  -32.402  0.617  23.447 0.0000000000
74191  -33.157  0.957  24.615 0.0000000000
75165  -34.852  1.756  25.308 0.0000000000
69154  -2.268  -3.972  45.259 0.0000000000
69155  -2.965  -4.071  44.810 0.0000000000
68256  -2.340  -5.192  44.046 0.0000000000
124958  -2.305  -6.888  43.318 0.0000000000
61499  -4.968  -12.372  39.992 0.0000000000
61470  -3.521  -11.933  41.492 0.0000000000
70240  4.474  -3.807  35.359 0.0000000000
70239  5.253  -4.257  35.076 0.0000000000
68349  5.363  -5.311  36.142 0.0000000000
67399  4.873  -6.302  36.465 0.0000000000
124483  2.718  -6.789  36.129 0.0000000000
61592  1.478  -12.499  33.932 0.0000000000
62552  1.348  -11.421  33.807 0.0000000000
62569  2.333  -11.377  32.340 0.0000000000
63504  2.573  -10.862  31.452 0.0000000000
63516  2.684  -10.700  30.667 0.0000000000
74925  -1.461  0.934  47.853 0.0000000000
73056  0.410  -0.769  47.836 0.0000000000
72086  1.870  -1.876  48.084 0.0000000000
125054  3.744  -10.437  48.298 0.0000000000
65330  4.154  -7.974  48.587 0.0000000000
63313  4.278  -10.327  47.625 0.0000000000
63317  4.500  -10.548  46.935 0.0000000000
63339  4.543  -10.651  45.986 0.0000000000
63352  4.572  -10.997  45.451 0.0000000000
61426  4.885  -12.279  45.605 0.0000000000
61431  5.020  -12.952  45.159 0.0000000000
119132  5.540  -14.952  44.971 0.0000000000
65436  -23.744  -8.477  36.551 0.0000000000
65424  -24.557  -8.285  38.440 0.0000000000
66403  -24.003  -7.370  37.850 0.0000000000
67378  -23.688  -6.601  38.383 0.0000000000
69210  -23.039  -4.536  38.769 0.0000000000
71138  -23.162  -3.168  39.641 0.0000000000
62424  -18.968  -10.907  44.034 0.0000000000
62426  -20.864  -11.315  44.678 0.0000000000
62437  -19.691  -11.160  43.572 0.0000000000
63393  -18.507  -10.977  42.359 0.0000000000
63424  -17.926  -10.225  40.854 0.0000000000
77881  -40.566  4.127  15.254 0.0000000000
78632  -42.520  5.418  14.901 0.0000000000
79310  -44.520  6.196  15.658 0.0000000000
74156  -33.355  0.725  28.475 0.0000000000
74143  -34.322  1.400  29.449 0.0000000000
133087  -33.398  0.776  29.731 0.0000000000
72249  -27.359  -0.723  26.750 0.0000000000
72269  -30.497  -1.368  26.309 0.0000000000
72254  -31.758  -0.632  27.318 0.0000000000
63422  -9.809  -9.836  40.335 0.0000000000
63409  -9.730  -9.695  41.279 0.0000000000
63430  -9.243  -10.497  39.858 0.0000000000
120605  -8.412  -11.651  38.989 0.0000000000
69297  0.925  -4.526  32.707 0.0000000000
120747  -0.106  -4.860  33.314 0.0000000000
65421  2.369  -7.596  37.982 0.0000000000
65428  2.794  -7.850  37.211 0.0000000000
64425  0.863  -8.895  37.726 0.0000000000
115245  0.005  -10.878  36.887 0.0000000000
128002  0.317  -12.117  35.938 0.0000000000
60530  1.125  -13.155  37.211 0.0000000000
60553  0.882  -13.031  35.760 0.0000000000
61573  1.070  -12.804  34.914 0.0000000000
60584  3.229  -13.494  33.462 0.0000000000
70114  0.681  -3.700  47.956 0.0000000000
68213  1.238  -5.789  48.253 0.0000000000
67212  2.192  -6.807  48.994 0.0000000000
116790  2.713  -8.408  48.772 0.0000000000
63312  1.557  -10.201  48.194 0.0000000000
123855  2.350  -10.386  48.663 0.0000000000
63309  2.929  -10.146  48.715 0.0000000000
124645  3.858  -12.200  48.345 0.0000000000
60442  4.112  -14.008  47.979 0.0000000000
58256  5.040  -15.272  47.051 0.0000000000
75050  -25.793  1.441  33.004 0.0000000000
75038  -27.413  1.939  33.693 0.0000000000
75024  -26.647  2.211  34.444 0.0000000000
117362  -21.683  -7.653  35.399 0.0000000000
71230  -22.780  -2.069  31.445 0.0000000000
74092  -25.175  1.039  32.308 0.0000000000
123566  -11.887  -9.285  45.258 0.0000000000
64384  -11.269  -9.198  42.538 0.0000000000
63324  -18.076  -9.985  47.332 0.0000000000
64342  -16.266  -9.704  46.281 0.0000000000
64358  -16.001  -9.520  45.219 0.0000000000
64372  -16.374  -9.418  43.019 0.0000000000
64371  -15.529  -9.070  43.478 0.0000000000
113164  -14.661  -8.836  43.982 0.0000000000
64370  -13.877  -8.721  43.371 0.0000000000
64385  -12.205  -8.863  42.088 0.0000000000
64398  -11.374  -9.145  41.506 0.0000000000
64415  -10.674  -9.572  39.173 0.0000000000
79357  -44.880  6.398  9.542 0.0000000000
80136  -44.559  7.238  9.068 0.0000000000
124839  -44.355  7.995  8.534 0.0000000000
69218  4.688  -5.077  36.997 0.0000000000
68309  4.353  -5.869  37.903 0.0000000000
70200  2.534  -4.257  38.179 0.0000000000
68298  3.710  -5.642  38.521 0.0000000000
67355  3.671  -6.790  38.073 0.0000000000
116170  1.872  -7.418  38.720 0.0000000000
118436  0.437  -8.428  39.359 0.0000000000
64407  0.005  -9.921  40.223 0.0000000000
66374  0.853  -7.552  41.441 0.0000000000
63401  0.375  -9.852  41.095 0.0000000000
63417  0.531  -10.636  40.561 0.0000000000
62473  1.954  -12.040  40.114 0.0000000000
61480  3.960  -12.532  40.590 0.0000000000
61493  5.357  -13.283  39.877 0.0000000000
77001  -39.993  3.322  22.740 0.0000000000
75189  -33.351  1.808  22.458 0.0000000000
75197  -33.897  2.122  21.745 0.0000000000
76110  -34.603  2.263  21.203 0.0000000000
114367  -37.086  2.937  21.774 0.0000000000
133118  -38.511  3.268  22.301 0.0000000000
68222  0.073  -5.624  47.692 0.0000000000
66311  -0.122  -7.414  47.092 0.0000000000
68244  -1.159  -5.306  45.641 0.0000000000
125457  -0.525  -7.604  46.370 0.0000000000
65352  -0.246  -8.282  46.668 0.0000000000
60463  -0.929  -12.182  44.840 0.0000000000
63408  -9.011  -9.822  41.630 0.0000000000
112709  -8.216  -9.632  42.176 0.0000000000
63387  -8.126  -9.520  43.057 0.0000000000
131244  -6.688  -11.139  40.333 0.0000000000
64396  -6.938  -9.849  41.350 0.0000000000
64365  -7.130  -8.859  42.975 0.0000000000
65383  -6.899  -8.234  43.672 0.0000000000
66352  -6.297  -7.492  43.313 0.0000000000
67262  -5.491  -6.130  43.988 0.0000000000
67290  -3.801  -6.601  42.550 0.0000000000
66361  -3.249  -7.454  42.319 0.0000000000
125447  -2.243  -8.992  43.135 0.0000000000
61457  -2.792  -11.754  42.207 0.0000000000
62447  -2.495  -11.397  42.807 0.0000000000
62435  -2.103  -11.382  43.729 0.0000000000
60476  -1.243  -12.757  43.519 0.0000000000
70275  5.804  -3.906  33.035 0.0000000000
70257  5.659  -3.973  34.412 0.0000000000
69272  5.750  -4.177  33.828 0.0000000000
121680  4.917  -4.549  33.064 0.0000000000
69274  2.631  -4.661  33.502 0.0000000000
68378  0.317  -5.144  34.013 0.0000000000
68380  -1.207  -5.968  33.906 0.0000000000
115674  2.358  -8.305  36.593 0.0000000000
65433  2.397  -8.172  36.401 0.0000000000
65440  1.664  -8.692  35.718 0.0000000000
63477  1.221  -10.063  34.380 0.0000000000
65441  1.000  -8.846  35.052 0.0000000000
66429  0.424  -8.004  35.044 0.0000000000
66430  -0.196  -7.496  34.831 0.0000000000
65454  -0.982  -8.128  34.028 0.0000000000
66437  -2.088  -7.349  33.373 0.0000000000
64501  -2.150  -9.011  32.143 0.0000000000
70122  1.372  -3.799  48.345 0.0000000000
70130  2.493  -3.331  48.004 0.0000000000
70129  3.033  -3.369  47.415 0.0000000000
67219  4.184  -6.736  48.522 0.0000000000
69138  3.858  -4.804  46.906 0.0000000000
71067  3.536  -3.402  46.443 0.0000000000
70140  3.860  -3.809  45.708 0.0000000000
69159  4.110  -4.149  45.066 0.0000000000
68253  3.661  -4.587  44.375 0.0000000000
67258  3.162  -6.154  44.546 0.0000000000
65379  2.479  -8.079  44.209 0.0000000000
63368  3.239  -10.296  43.683 0.0000000000
62421  4.501  -10.987  44.930 0.0000000000
63367  3.905  -10.613  44.067 0.0000000000
63382  3.468  -10.920  43.347 0.0000000000
62459  4.405  -12.249  42.194 0.0000000000
61478  5.399  -13.189  40.738 0.0000000000
59469  6.146  -13.975  40.129 0.0000000000
57111  5.988  -16.469  46.360 0.0000000000
54727  6.679  -18.503  46.653 0.0000000000
120334  6.321  -16.863  46.351 0.0000000000
57140  6.241  -16.380  45.812 0.0000000000
57157  6.311  -16.640  45.085 0.0000000000
57173  5.992  -16.152  44.234 0.0000000000
56065  5.992  -17.453  43.041 0.0000000000
116817  5.859  -15.819  42.212 0.0000000000
58328  5.909  -14.851  41.497 0.0000000000
58339  5.940  -14.684  40.413 0.0000000000
57221  5.353  -15.743  39.257 0.0000000000
57222  4.877  -16.134  39.007 0.0000000000
54916  3.930  -17.943  39.107 0.0000000000
66368  -25.448  -6.985  43.285 0.0000000000
64389  -24.650  -9.540  42.223 0.0000000000
65406  -24.915  -8.774  41.966 0.0000000000
63395  -24.091  -10.193  42.601 0.0000000000
64373  -24.566  -9.579  43.270 0.0000000000
65387  -24.835  -8.921  43.964 0.0000000000
76116  -41.496  2.680  21.354 0.0000000000
76117  -42.325  2.776  21.640 0.0000000000
76100  -40.653  2.988  21.915 0.0000000000
76127  -40.037  2.551  20.544 0.0000000000
76115  -40.761  2.614  20.975 0.0000000000
76128  -41.456  2.501  20.459 0.0000000000
75063  -28.198  1.549  32.107 0.0000000000
75051  -27.581  1.631  32.752 0.0000000000
74093  -26.132  1.211  32.185 0.0000000000
131390  -26.080  0.896  31.337 0.0000000000
74103  -26.735  1.145  31.552 0.0000000000
135179  -27.238  1.028  30.981 0.0000000000
60508  5.760  -13.429  38.910 0.0000000000
60517  6.063  -13.523  37.993 0.0000000000
116804  6.075  -13.560  38.327 0.0000000000
59481  6.499  -14.068  37.950 0.0000000000
58361  6.317  -14.428  38.314 0.0000000000
58285  1.311  -14.704  44.555 0.0000000000
72161  -22.050  -2.059  38.592 0.0000000000
69176  3.143  -3.997  43.242 0.0000000000
74166  -34.300  1.209  27.847 0.0000000000
133898  -35.560  1.431  27.857 0.0000000000
74174  -34.246  1.188  26.898 0.0000000000
68245  -4.960  -5.135  44.907 0.0000000000
64367  -10.317  -9.480  43.025 0.0000000000
67368  4.893  -6.654  37.139 0.0000000000
66402  3.649  -7.277  37.240 0.0000000000
124353  0.215  -2.830  47.828 0.0000000000
116980  4.875  -13.266  46.868 0.0000000000
59424  5.380  -14.684  46.587 0.0000000000
116172  5.415  -14.502  46.353 0.0000000000
118150  5.798  -15.107  46.020 0.0000000000
121861  -24.513  -4.457  41.686 0.0000000000
68296  -24.161  -5.237  40.415 0.0000000000
69193  -24.268  -4.537  40.628 0.0000000000
69192  -24.042  -3.968  40.354 0.0000000000
61485  -19.926  -11.206  41.209 0.0000000000
78596  -43.843  5.144  18.168 0.0000000000
77871  -43.006  4.585  18.068 0.0000000000
78609  -44.041  5.516  17.567 0.0000000000
74140  -32.007  0.363  29.815 0.0000000000
73184  -30.660  -0.233  29.194 0.0000000000
70292  5.601  -3.866  31.523 0.0000000000
114214  3.840  -4.487  32.024 0.0000000000
115472  5.080  -4.323  32.028 0.0000000000
63429  0.086  -10.641  39.646 0.0000000000
63437  -0.144  -10.724  38.763 0.0000000000
60549  5.336  -14.110  35.439 0.0000000000
60565  5.402  -14.255  34.357 0.0000000000
121809  5.583  -14.717  34.642 0.0000000000
65343  0.324  -8.055  47.135 0.0000000000
131633  0.909  -7.746  47.472 0.0000000000
65332  0.886  -8.628  47.372 0.0000000000
75013  -24.483  1.945  34.885 0.0000000000
75914  -24.153  2.223  35.901 0.0000000000
65435  -22.901  -8.250  36.189 0.0000000000
75034  -23.716  1.088  33.758 0.0000000000
64326  -14.737  -9.594  47.207 0.0000000000
129414  -13.543  -9.313  45.874 0.0000000000
64356  -14.517  -9.033  45.114 0.0000000000
124066  -18.022  -10.499  44.031 0.0000000000
135421  -17.391  -10.061  44.005 0.0000000000
63374  -17.666  -10.177  43.242 0.0000000000
64417  -12.546  -8.957  39.293 0.0000000000
117863  -12.342  -9.153  38.310 0.0000000000
69188  2.470  -4.606  41.073 0.0000000000
68292  2.720  -5.107  40.152 0.0000000000
128649  2.209  -5.946  40.396 0.0000000000
64378  1.750  -9.775  43.285 0.0000000000
63384  1.367  -10.137  42.634 0.0000000000
76063  -38.899  2.976  25.125 0.0000000000
76048  -38.571  2.547  25.835 0.0000000000
76062  -37.169  2.661  24.941 0.0000000000
76061  -36.463  2.680  24.240 0.0000000000
134784  -37.651  2.927  24.657 0.0000000000
76077  -37.297  3.034  24.193 0.0000000000
65381  -1.717  -8.298  44.036 0.0000000000
66336  -1.441  -7.760  44.486 0.0000000000
64348  -1.513  -9.593  45.054 0.0000000000
64349  -1.886  -10.236  44.533 0.0000000000
61502  -7.276  -12.126  39.247 0.0000000000
63404  -5.593  -10.411  40.702 0.0000000000
125372  -4.200  -9.912  41.352 0.0000000000
68352  2.608  -5.898  35.684 0.0000000000
68353  1.102  -5.781  35.165 0.0000000000
62528  0.515  -11.706  35.351 0.0000000000
63466  0.655  -10.786  35.491 0.0000000000
62541  0.987  -10.921  34.539 0.0000000000
63505  1.358  -10.120  32.208 0.0000000000
113891  -0.079  -10.189  31.069 0.0000000000
73058  2.132  -1.383  47.020 0.0000000000
72096  2.683  -1.745  46.594 0.0000000000
135509  3.188  -7.181  49.284 0.0000000000
67210  3.440  -6.848  49.222 0.0000000000
128777  3.473  -7.326  49.213 0.0000000000
65351  4.447  -8.113  46.590 0.0000000000
65360  4.249  -8.182  46.136 0.0000000000
64332  4.419  -9.503  45.963 0.0000000000
60474  5.237  -13.748  44.084 0.0000000000
60482  5.352  -13.407  43.206 0.0000000000
131692  5.593  -13.590  42.414 0.0000000000
59453  5.478  -14.096  43.199 0.0000000000
52328  8.179  -20.529  44.748 0.0000000000
124449  8.300  -20.286  45.656 0.0000000000
128551  -24.787  -5.437  42.179 0.0000000000
62495  -23.818  -10.448  39.274 0.0000000000
63435  -24.287  -9.925  39.539 0.0000000000
129261  -24.543  -9.526  40.074 0.0000000000
134039  -24.749  -7.173  41.317 0.0000000000
65411  -24.765  -7.927  40.757 0.0000000000
124228  -24.695  -6.190  41.524 0.0000000000
61474  -21.276  -11.171  41.094 0.0000000000
61487  -20.846  -11.298  40.557 0.0000000000
121349  -22.023  -11.080  40.874 0.0000000000
63434  -23.702  -10.421  40.085 0.0000000000
118307  -23.286  -10.984  39.080 0.0000000000
126780  -22.709  -10.799  42.390 0.0000000000
62452  -21.213  -11.002  42.042 0.0000000000
77842  -43.836  4.324  19.881 0.0000000000
77021  -43.533  3.763  20.269 0.0000000000
76112  -36.859  2.610  20.939 0.0000000000
129690  -36.071  2.120  19.933 0.0000000000
76124  -37.524  2.453  20.338 0.0000000000
75216  -39.358  1.674  19.032 0.0000000000
75215  -38.401  1.739  19.112 0.0000000000
75223  -39.028  1.139  18.299 0.0000000000
113468  -38.457  1.069  17.704 0.0000000000
124365  -39.762  1.354  18.372 0.0000000000
75232  -40.078  1.478  17.758 0.0000000000
75225  -40.294  1.727  18.401 0.0000000000
76143  -41.526  2.617  19.082 0.0000000000
77024  -42.322  3.120  19.473 0.0000000000
77856  -42.671  3.926  18.767 0.0000000000
74106  -29.558  1.205  31.133 0.0000000000
75039  -28.716  2.068  33.496 0.0000000000
75053  -29.309  1.879  32.726 0.0000000000
75040  -29.581  2.175  33.476 0.0000000000
73170  -23.671  -0.619  30.655 0.0000000000
73178  -24.554  -0.413  29.264 0.0000000000
73179  -25.363  -0.008  29.148 0.0000000000
73198  -24.926  -0.486  28.483 0.0000000000
73199  -25.755  -0.203  28.357 0.0000000000
73180  -26.247  0.238  28.942 0.0000000000
131240  -27.990  1.025  30.783 0.0000000000
74136  -27.728  0.500  29.306 0.0000000000
74137  -29.264  0.458  29.758 0.0000000000
61496  2.552  -12.548  39.493 0.0000000000
61513  2.103  -12.784  38.758 0.0000000000
60527  5.688  -13.586  37.633 0.0000000000
113795  4.768  -13.470  37.803 0.0000000000
112664  5.783  -13.878  37.082 0.0000000000
129991  5.759  -13.969  37.111 0.0000000000
59488  5.894  -13.987  37.129 0.0000000000
57248  5.440  -15.425  37.570 0.0000000000
56112  3.911  -16.728  37.707 0.0000000000
113029  -0.312  -10.997  46.480 0.0000000000
61424  0.148  -11.406  46.967 0.0000000000
61428  -0.307  -11.653  46.281 0.0000000000
75003  -22.522  1.399  36.674 0.0000000000
68324  -22.825  -5.080  38.330 0.0000000000
70219  -21.829  -3.207  36.899 0.0000000000
69238  -22.050  -4.001  37.268 0.0000000000
69249  -21.286  -4.137  35.885 0.0000000000
70233  -21.533  -3.081  36.132 0.0000000000
71183  -21.464  -2.676  35.603 0.0000000000
115782  -21.554  -2.148  35.950 0.0000000000
74062  -21.684  -0.129  36.935 0.0000000000
64313  -15.095  -9.581  47.286 0.0000000000
64314  -16.108  -9.479  47.164 0.0000000000
63423  -17.190  -9.824  41.050 0.0000000000
78641  -42.857  5.599  14.206 0.0000000000
78640  -41.900  5.332  13.401 0.0000000000
129817  -42.538  5.502  13.662 0.0000000000
113836  -43.926  5.610  12.416 0.0000000000
78653  -45.306  5.637  11.223 0.0000000000
78649  -45.647  5.906  11.976 0.0000000000
67287  2.173  -5.751  43.145 0.0000000000
67273  1.869  -6.544  43.316 0.0000000000
66347  2.054  -7.213  43.819 0.0000000000
75156  -36.383  1.966  26.142 0.0000000000
75157  -37.213  2.093  26.312 0.0000000000
75145  -36.673  1.768  26.900 0.0000000000
122122  -31.227  -1.591  25.455 0.0000000000
72285  -31.865  -1.028  24.786 0.0000000000
73247  -32.211  -0.314  24.557 0.0000000000
74190  -32.553  0.425  24.224 0.0000000000
75143  -34.957  1.533  26.313 0.0000000000
75155  -35.635  1.871  25.844 0.0000000000
128740  -36.159  2.164  25.559 0.0000000000
69156  -3.579  -3.863  45.265 0.0000000000
68267  -3.194  -5.190  43.613 0.0000000000
67275  -2.479  -6.027  43.471 0.0000000000
67289  -2.910  -6.642  42.801 0.0000000000
60503  -4.194  -12.727  39.974 0.0000000000
125041  -3.498  -13.232  39.722 0.0000000000
69244  5.062  -4.465  35.732 0.0000000000
69231  5.385  -4.994  36.211 0.0000000000
67400  3.765  -6.554  36.281 0.0000000000
66416  3.150  -7.343  36.573 0.0000000000
61591  2.188  -12.472  33.020 0.0000000000
61610  2.854  -12.402  32.169 0.0000000000
62583  3.648  -11.679  30.834 0.0000000000
62568  3.058  -11.589  31.455 0.0000000000
125099  3.261  -11.169  30.757 0.0000000000
62606  3.907  -11.534  29.471 0.0000000000
73052  0.111  -1.377  48.164 0.0000000000
73055  1.167  -1.296  47.814 0.0000000000
135752  3.994  -11.071  48.181 0.0000000000
64286  4.011  -10.084  48.041 0.0000000000
63308  4.199  -10.942  47.927 0.0000000000
62401  4.680  -12.354  46.612 0.0000000000
62402  4.567  -11.503  46.733 0.0000000000
134154  4.503  -10.353  46.422 0.0000000000
63328  4.587  -11.054  46.324 0.0000000000
122389  4.672  -11.411  45.788 0.0000000000
116278  5.164  -13.817  45.432 0.0000000000
59440  5.296  -14.305  45.013 0.0000000000
128288  5.646  -15.073  45.476 0.0000000000
133537  -24.223  -8.624  36.885 0.0000000000
119337  -24.471  -9.047  38.728 0.0000000000
67364  -24.038  -6.889  38.690 0.0000000000
67363  -23.610  -6.182  38.838 0.0000000000
68325  -23.219  -5.925  38.438 0.0000000000
68314  -23.362  -5.352  38.985 0.0000000000
130496  -23.274  -3.701  39.468 0.0000000000
61537  -20.828  -12.026  38.593 0.0000000000
62412  -19.980  -11.002  45.498 0.0000000000
62411  -19.227  -10.844  45.211 0.0000000000
62425  -19.831  -11.078  44.633 0.0000000000
113075  -21.854  -11.485  44.225 0.0000000000
126091  -19.479  -11.280  42.689 0.0000000000
62449  -19.147  -11.292  42.206 0.0000000000
62436  -18.925  -11.057  43.034 0.0000000000
63412  -18.607  -11.070  41.930 0.0000000000
62465  -18.453  -10.689  41.439 0.0000000000
132592  -18.085  -10.537  39.149 0.0000000000
126051  -46.038  6.601  17.123 0.0000000000
76150  -40.239  2.142  17.045 0.0000000000
76154  -39.981  2.493  16.098 0.0000000000
77037  -40.521  3.107  16.561 0.0000000000
77878  -41.588  4.296  16.380 0.0000000000
77043  -40.898  3.848  16.059 0.0000000000
77882  -41.308  4.533  15.561 0.0000000000
77889  -41.810  5.112  14.981 0.0000000000
134193  -42.310  5.226  15.364 0.0000000000
78610  -44.565  5.893  17.225 0.0000000000
78624  -44.168  5.867  16.424 0.0000000000
79302  -45.216  6.317  16.594 0.0000000000
73205  -32.624  -0.006  28.565 0.0000000000
74142  -33.667  1.054  29.277 0.0000000000
131580  -33.072  0.456  29.198 0.0000000000
75079  -33.130  1.095  30.916 0.0000000000
74125  -33.320  0.873  30.287 0.0000000000
75066  -30.870  1.563  32.028 0.0000000000
75067  -31.810  1.421  31.788 0.0000000000
73214  -26.998  -0.383  27.441 0.0000000000
126110  -29.024  -1.326  26.364 0.0000000000
72252  -30.188  -0.967  27.026 0.0000000000
73204  -31.893  -0.397  28.608 0.0000000000
73219  -31.447  -0.610  27.891 0.0000000000
73220  -32.155  -0.374  27.900 0.0000000000
73221  -32.788  0.182  27.750 0.0000000000
63438  -9.369  -10.592  39.083 0.0000000000
62500  -8.525  -11.610  38.210 0.0000000000
69340  3.243  -4.148  30.372 0.0000000000
114212  1.620  -4.419  31.782 0.0000000000
114020  1.919  -8.188  37.563 0.0000000000
118626  0.209  -11.431  36.270 0.0000000000
118558  0.196  -12.251  36.717 0.0000000000
60520  1.618  -13.008  37.989 0.0000000000
61529  0.737  -12.624  37.850 0.0000000000
60542  1.544  -13.406  36.361 0.0000000000
60552  1.585  -13.335  35.384 0.0000000000
60569  1.826  -13.227  34.486 0.0000000000
60568  2.828  -13.565  34.226 0.0000000000
118275  5.234  -13.798  33.736 0.0000000000
115997  4.504  -13.815  33.393 0.0000000000
57271  4.999  -15.970  35.085 0.0000000000
69129  0.690  -4.856  47.977 0.0000000000
67213  1.686  -6.587  48.500 0.0000000000
66292  2.012  -7.431  48.663 0.0000000000
66289  2.531  -7.379  49.072 0.0000000000
121843  2.366  -8.651  48.626 0.0000000000
63314  1.132  -9.849  47.639 0.0000000000
62399  1.371  -10.886  48.169 0.0000000000
61416  2.713  -12.069  48.648 0.0000000000
62395  2.390  -11.140  48.652 0.0000000000
62394  2.698  -10.609  48.697 0.0000000000
63310  2.560  -9.881  48.694 0.0000000000
131462  3.025  -10.846  48.714 0.0000000000
123144  3.317  -10.648  48.584 0.0000000000
124821  3.347  -11.455  48.577 0.0000000000
59409  4.117  -14.496  47.904 0.0000000000
118990  3.937  -13.699  48.157 0.0000000000
59408  4.525  -14.583  47.638 0.0000000000
75037  -26.260  1.812  33.743 0.0000000000
75023  -25.925  2.075  34.306 0.0000000000
67389  -21.773  -6.196  36.426 0.0000000000
66420  -21.789  -7.135  36.046 0.0000000000
67410  -21.223  -6.883  35.423 0.0000000000
72192  -22.479  -1.423  33.510 0.0000000000
72198  -22.650  -1.633  32.843 0.0000000000
72199  -22.940  -1.309  32.253 0.0000000000
75035  -24.547  1.446  33.628 0.0000000000
74091  -24.220  0.724  32.449 0.0000000000
75049  -24.852  1.281  32.992 0.0000000000
116849  -12.748  -8.987  44.995 0.0000000000
64354  -11.957  -9.146  44.287 0.0000000000
64369  -12.070  -8.988  43.167 0.0000000000
63373  -16.822  -9.759  44.505 0.0000000000
63360  -16.879  -9.919  45.544 0.0000000000
64401  -15.714  -9.072  41.609 0.0000000000
64387  -15.685  -9.059  42.506 0.0000000000
113162  -14.783  -8.789  42.936 0.0000000000
64409  -11.467  -9.119  40.552 0.0000000000
64408  -10.627  -9.499  40.003 0.0000000000
64439  -11.585  -9.382  37.905 0.0000000000
64427  -10.758  -9.602  38.320 0.0000000000
78657  -45.626  5.828  10.634 0.0000000000
78661  -45.079  5.775  9.972 0.0000000000
79358  -45.535  6.378  10.241 0.0000000000
121067  -44.503  8.681  8.750 0.0000000000
70211  2.602  -4.113  37.226 0.0000000000
68317  5.027  -5.885  37.261 0.0000000000
68318  3.986  -5.308  38.052 0.0000000000
70191  1.696  -3.765  39.556 0.0000000000
68299  3.219  -5.696  39.156 0.0000000000
67335  3.814  -6.243  38.348 0.0000000000
66391  2.717  -7.002  38.567 0.0000000000
66385  1.048  -7.413  40.355 0.0000000000
65415  1.080  -7.709  39.391 0.0000000000
124222  0.007  -9.156  39.809 0.0000000000
123873  0.145  -9.159  40.649 0.0000000000
123197  1.287  -6.880  41.747 0.0000000000
63400  1.058  -10.498  41.647 0.0000000000
64392  0.372  -9.146  41.387 0.0000000000
62474  1.125  -11.442  40.396 0.0000000000
62460  3.805  -12.098  41.419 0.0000000000
62472  2.971  -11.974  40.765 0.0000000000
61494  4.664  -13.036  39.918 0.0000000000
61479  4.934  -12.938  40.699 0.0000000000
76985  -40.308  3.355  23.566 0.0000000000
117539  -41.041  3.221  23.722 0.0000000000
76065  -40.629  3.214  24.356 0.0000000000
75026  -28.130  2.235  34.297 0.0000000000
75174  -33.475  1.719  23.303 0.0000000000
75173  -32.829  1.310  22.995 0.0000000000
122693  -35.958  2.698  23.134 0.0000000000
75190  -34.076  2.179  22.707 0.0000000000
76094  -34.782  2.378  22.074 0.0000000000
76111  -35.393  2.447  21.423 0.0000000000
116095  -36.233  2.645  21.592 0.0000000000
76983  -38.594  3.391  23.521 0.0000000000
76982  -38.184  3.331  22.755 0.0000000000
77000  -39.029  3.341  22.651 0.0000000000
125209  -0.227  -4.983  47.575 0.0000000000
68229  -0.334  -5.524  47.272 0.0000000000
67229  -0.099  -6.445  47.375 0.0000000000
125458  -0.501  -6.063  46.878 0.0000000000
69162  -2.281  -4.555  44.650 0.0000000000
69161  -1.646  -4.586  45.345 0.0000000000
66325  -0.973  -7.809  45.446 0.0000000000
67249  -0.792  -6.858  45.744 0.0000000000
133065  -0.714  -8.347  46.101 0.0000000000
65353  -0.697  -9.018  46.290 0.0000000000
64306  -0.545  -9.698  46.373 0.0000000000
63341  -0.950  -10.339  45.832 0.0000000000
62422  -1.518  -11.179  44.827 0.0000000000
61433  -1.072  -11.449  45.151 0.0000000000
60469  -0.635  -12.977  44.470 0.0000000000
63421  -9.106  -10.255  40.694 0.0000000000
63419  -7.865  -10.788  40.729 0.0000000000
120443  -8.041  -10.210  41.381 0.0000000000
63406  -7.791  -9.786  41.771 0.0000000000
62478  -6.839  -11.590  39.994 0.0000000000
135093  -6.456  -11.493  40.079 0.0000000000
64395  -5.961  -9.673  41.015 0.0000000000
63405  -6.437  -10.420  40.701 0.0000000000
64382  -7.498  -9.336  42.317 0.0000000000
65396  -6.303  -8.162  42.492 0.0000000000
66363  -5.537  -7.474  42.498 0.0000000000
66351  -5.683  -6.955  43.076 0.0000000000
66337  -6.092  -6.890  43.996 0.0000000000
67278  -5.339  -6.513  43.297 0.0000000000
67277  -4.552  -6.015  43.179 0.0000000000
67291  -4.779  -6.867  42.597 0.0000000000
65394  -3.276  -8.376  41.973 0.0000000000
64380  -2.716  -9.159  42.445 0.0000000000
65393  -2.608  -8.260  42.598 0.0000000000
60495  -2.998  -12.542  41.117 0.0000000000
61469  -2.603  -12.220  41.948 0.0000000000
60484  -1.872  -12.567  42.392 0.0000000000
61456  -2.166  -11.943  42.842 0.0000000000
134336  -2.138  -11.651  43.326 0.0000000000
61448  -1.901  -11.836  43.617 0.0000000000
60477  -1.685  -12.341  43.246 0.0000000000
71213  4.542  -2.874  33.070 0.0000000000
128781  5.526  -3.494  33.349 0.0000000000
69243  5.365  -4.835  35.586 0.0000000000
69253  5.332  -4.394  34.792 0.0000000000
135936  5.154  -4.553  34.019 0.0000000000
69273  4.072  -4.719  33.717 0.0000000000
135884  0.378  -5.537  34.502 0.0000000000
68379  -0.388  -5.541  34.084 0.0000000000
68367  -0.643  -6.204  34.398 0.0000000000
65429  1.930  -8.603  36.938 0.0000000000
65434  1.806  -8.984  36.333 0.0000000000
120975  2.024  -8.748  36.168 0.0000000000
117423  1.489  -10.373  33.728 0.0000000000
64470  0.843  -9.333  34.430 0.0000000000
65452  0.365  -8.678  34.537 0.0000000000
66419  0.230  -7.255  35.155 0.0000000000
65453  -0.291  -8.060  34.523 0.0000000000
131447  -0.983  -8.876  33.354 0.0000000000
65464  -1.671  -8.078  33.496 0.0000000000
66436  -1.432  -7.367  33.910 0.0000000000
65471  -1.838  -8.598  32.826 0.0000000000
71088  3.918  -3.079  44.893 0.0000000000
121608  1.497  -4.684  48.357 0.0000000000
69126  2.751  -4.864  48.417 0.0000000000
70121  2.440  -4.079  48.269 0.0000000000
70120  3.013  -4.148  47.904 0.0000000000
126612  4.295  -7.798  48.125 0.0000000000
66298  4.243  -7.406  48.737 0.0000000000
66297  4.313  -7.177  48.149 0.0000000000
68227  4.418  -5.992  47.038 0.0000000000
129619  4.153  -5.448  47.174 0.0000000000
70134  3.570  -4.074  46.601 0.0000000000
69145  3.775  -4.408  46.156 0.0000000000
71074  3.769  -3.374  45.924 0.0000000000
67256  4.075  -6.129  45.828 0.0000000000
125609  3.927  -4.674  45.396 0.0000000000
126208  3.971  -4.443  44.900 0.0000000000
69160  3.990  -4.066  44.540 0.0000000000
123638  3.549  -5.350  44.687 0.0000000000
65370  3.195  -8.152  44.749 0.0000000000
64347  2.986  -9.009  44.327 0.0000000000
64361  3.460  -9.858  44.239 0.0000000000
63353  4.400  -10.284  45.463 0.0000000000
62420  4.714  -11.588  44.887 0.0000000000
62433  4.747  -12.355  43.633 0.0000000000
62434  4.556  -11.645  44.263 0.0000000000
63381  4.185  -11.328  43.775 0.0000000000
118031  3.890  -11.641  42.920 0.0000000000
61455  4.849  -12.593  42.596 0.0000000000
60491  5.795  -13.582  41.533 0.0000000000
60492  5.620  -13.333  41.188 0.0000000000
60500  5.708  -13.446  40.315 0.0000000000
60499  5.918  -13.613  40.571 0.0000000000
55972  6.313  -17.387  46.863 0.0000000000
53554  7.569  -19.239  45.771 0.0000000000
53540  7.420  -19.417  46.558 0.0000000000
54748  7.025  -18.498  46.147 0.0000000000
55989  6.591  -17.594  46.395 0.0000000000
122919  6.469  -16.930  46.142 0.0000000000
54784  6.772  -18.611  44.280 0.0000000000
56048  6.275  -17.226  44.010 0.0000000000
57200  5.796  -16.959  42.106 0.0000000000
57212  5.253  -16.638  40.478 0.0000000000
131540  5.360  -15.973  39.977 0.0000000000
58340  5.736  -15.340  39.713 0.0000000000
56102  5.002  -16.345  39.749 0.0000000000
66380  -24.980  -7.030  42.238 0.0000000000
66346  -25.313  -6.895  43.968 0.0000000000
64403  -24.604  -9.344  41.040 0.0000000000
124907  -24.918  -7.934  41.685 0.0000000000
62469  -22.714  -10.731  41.413 0.0000000000
63425  -23.495  -10.368  40.976 0.0000000000
63394  -23.352  -10.967  43.813 0.0000000000
63376  -24.004  -10.268  43.709 0.0000000000
127186  -23.396  -10.703  42.981 0.0000000000
121766  -24.646  -8.370  44.562 0.0000000000
76138  -42.242  2.720  20.303 0.0000000000
77012  -43.596  3.438  21.049 0.0000000000
77011  -42.739  2.880  20.980 0.0000000000
76113  -38.564  2.884  21.161 0.0000000000
76125  -38.303  2.555  20.443 0.0000000000
76126  -39.132  2.601  20.462 0.0000000000
76135  -39.673  2.223  19.768 0.0000000000
76136  -40.367  2.240  19.849 0.0000000000
126387  -41.013  2.267  19.615 0.0000000000
74105  -28.512  1.293  31.363 0.0000000000
75052  -28.448  1.793  32.735 0.0000000000
73171  -24.200  -0.013  30.538 0.0000000000
74117  -25.580  0.581  30.731 0.0000000000
74135  -26.824  0.534  29.594 0.0000000000
60510  4.429  -13.129  39.113 0.0000000000
116275  4.018  -13.288  38.332 0.0000000000
59487  6.291  -13.869  37.579 0.0000000000
57234  5.385  -15.570  38.468 0.0000000000
60462  -0.431  -12.741  45.221 0.0000000000
59435  0.754  -13.961  45.060 0.0000000000
70197  -22.700  -3.420  38.726 0.0000000000
132181  -22.316  -3.645  37.884 0.0000000000
72173  -21.595  -1.806  36.320 0.0000000000
73127  -21.484  -0.815  37.708 0.0000000000
65347  -17.152  -8.786  47.374 0.0000000000
64421  -16.442  -9.507  39.470 0.0000000000
79309  -43.941  6.037  14.909 0.0000000000
78633  -44.236  6.110  14.223 0.0000000000
79322  -45.010  6.372  13.790 0.0000000000
126567  -47.223  7.562  13.725 0.0000000000
69177  2.780  -4.076  42.501 0.0000000000
68254  2.919  -5.274  43.888 0.0000000000
75116  -35.977  1.504  28.336 0.0000000000
72271  -31.767  -0.809  26.582 0.0000000000
72282  -31.765  -1.060  25.634 0.0000000000
73229  -32.358  -0.439  26.226 0.0000000000
73239  -32.866  0.161  25.888 0.0000000000
74181  -33.372  0.811  25.479 0.0000000000
115714  -3.663  -4.391  44.573 0.0000000000
69164  -4.293  -4.852  44.325 0.0000000000
68257  -4.058  -5.259  43.613 0.0000000000
64353  -10.987  -9.406  44.968 0.0000000000
69298  -0.937  -4.820  32.695 0.0000000000
69299  -1.617  -4.788  32.270 0.0000000000
68333  5.292  -5.659  36.632 0.0000000000
67367  5.312  -6.255  36.987 0.0000000000
66407  3.287  -7.500  36.892 0.0000000000
113753  3.582  -13.020  32.102 0.0000000000
61629  4.160  -12.241  30.602 0.0000000000
61647  4.314  -12.096  29.826 0.0000000000
128224  0.294  -1.926  48.218 0.0000000000
71053  1.070  -2.373  48.298 0.0000000000
60446  4.652  -13.245  47.326 0.0000000000
61418  4.668  -12.781  46.941 0.0000000000
61425  4.868  -12.770  46.196 0.0000000000
60453  5.112  -13.660  46.296 0.0000000000
60460  5.359  -14.284  45.872 0.0000000000
58282  5.881  -15.627  45.948 0.0000000000
128757  -24.152  -6.535  39.875 0.0000000000
66399  -24.443  -7.545  38.852 0.0000000000
68305  -23.875  -5.810  39.849 0.0000000000
68304  -23.643  -5.222  39.580 0.0000000000
69211  -23.441  -4.608  39.366 0.0000000000
69200  -23.823  -4.540  39.931 0.0000000000
61524  -21.957  -11.551  39.149 0.0000000000
61460  -20.504  -11.183  42.210 0.0000000000
61449  -20.428  -11.245  43.080 0.0000000000
61459  -20.065  -11.337  42.144 0.0000000000
62467  -19.567  -11.282  41.722 0.0000000000
62482  -19.089  -10.828  41.006 0.0000000000
126388  -19.277  -10.918  40.224 0.0000000000
77034  -41.551  3.452  17.695 0.0000000000
77869  -41.893  4.097  17.134 0.0000000000
77870  -42.544  4.593  17.271 0.0000000000
78622  -42.694  5.056  16.552 0.0000000000
128155  -43.852  5.601  16.995 0.0000000000
74124  -32.565  0.769  30.498 0.0000000000
133882  -32.654  1.047  31.010 0.0000000000
73215  -27.946  -0.509  27.318 0.0000000000
123395  -29.304  -0.312  28.318 0.0000000000
73217  -29.773  -0.659  27.685 0.0000000000
73203  -31.089  -0.541  28.585 0.0000000000
63446  -9.481  -10.584  38.274 0.0000000000
69321  3.007  -4.386  31.253 0.0000000000
69320  4.221  -4.249  30.994 0.0000000000
65423  0.168  -9.003  38.848 0.0000000000
64426  -0.049  -9.836  38.339 0.0000000000
61530  0.137  -12.147  37.622 0.0000000000
60540  3.954  -13.749  36.614 0.0000000000
60541  2.785  -13.611  36.537 0.0000000000
113591  3.566  -13.833  35.747 0.0000000000
60550  3.737  -13.815  34.780 0.0000000000
60566  4.975  -13.935  34.414 0.0000000000
60582  5.491  -14.329  33.554 0.0000000000
58399  5.811  -15.180  33.851 0.0000000000
67220  0.552  -6.387  47.812 0.0000000000
67214  1.197  -6.394  48.083 0.0000000000
66294  1.122  -7.074  47.758 0.0000000000
66293  1.557  -7.810  47.898 0.0000000000
65331  1.647  -8.565  47.947 0.0000000000
60451  1.752  -13.048  47.710 0.0000000000
60448  1.871  -12.415  48.287 0.0000000000
131189  2.329  -12.993  48.311 0.0000000000
60444  2.545  -12.582  48.541 0.0000000000
60443  3.124  -12.912  48.547 0.0000000000
116758  3.574  -13.328  48.318 0.0000000000
59411  3.493  -13.724  48.181 0.0000000000
75022  -25.063  1.869  34.224 0.0000000000
75014  -25.568  2.242  34.860 0.0000000000
73142  -22.203  -0.792  34.522 0.0000000000
73147  -22.648  -0.380  33.836 0.0000000000
74090  -23.402  0.198  32.718 0.0000000000
74081  -23.229  0.348  33.410 0.0000000000
116656  -18.704  -10.583  46.040 0.0000000000
63361  -17.524  -10.171  44.834 0.0000000000
113158  -14.814  -8.790  41.033 0.0000000000
64400  -13.960  -8.562  41.385 0.0000000000
113159  -13.090  -8.670  40.817 0.0000000000
64410  -12.323  -8.879  40.243 0.0000000000
64416  -11.534  -9.192  39.679 0.0000000000
117567  -41.732  4.853  10.876 0.0000000000
131724  2.738  -4.634  39.519 0.0000000000
67337  2.413  -6.479  39.492 0.0000000000
65391  1.071  -8.257  43.085 0.0000000000
65392  0.614  -8.508  42.053 0.0000000000
122012  2.019  -11.542  40.898 0.0000000000
62461  1.955  -11.159  41.679 0.0000000000
76972  -39.139  3.333  24.308 0.0000000000
76973  -39.883  3.353  24.162 0.0000000000
120885  -34.891  2.316  23.932 0.0000000000
76075  -35.656  2.512  23.886 0.0000000000
133893  -36.207  2.710  23.670 0.0000000000
76096  -36.491  2.867  22.469 0.0000000000
68236  -1.140  -4.615  46.186 0.0000000000
67260  -1.727  -5.996  44.295 0.0000000000
119804  -1.140  -6.030  45.153 0.0000000000
130112  -1.220  -8.289  45.051 0.0000000000
64319  -1.107  -9.726  45.822 0.0000000000
64333  -1.462  -10.325  45.258 0.0000000000
61440  -1.388  -11.805  44.530 0.0000000000
62490  -8.193  -11.491  39.660 0.0000000000
63418  -7.415  -11.196  40.308 0.0000000000
62476  -5.305  -11.909  40.273 0.0000000000
62477  -5.984  -11.411  40.152 0.0000000000
134010  -5.876  -8.486  41.789 0.0000000000
129000  -5.364  -8.844  41.340 0.0000000000
65404  -4.550  -8.292  41.561 0.0000000000
65403  -3.887  -8.522  41.577 0.0000000000
64381  -3.495  -9.320  41.734 0.0000000000
126354  -3.483  -10.284  41.853 0.0000000000
60493  -1.582  -13.343  41.911 0.0000000000
68363  5.110  -5.226  35.368 0.0000000000
68364  3.629  -5.439  35.087 0.0000000000
64447  1.103  -9.654  36.213 0.0000000000
63454  1.034  -10.001  35.701 0.0000000000
63490  1.461  -10.108  33.129 0.0000000000
64486  0.056  -9.304  33.506 0.0000000000
64499  -0.332  -9.535  32.725 0.0000000000
118349  2.377  -6.223  48.985 0.0000000000
68211  2.407  -5.425  48.680 0.0000000000
112528  3.003  -6.269  49.124 0.0000000000
120623  3.502  -6.218  48.894 0.0000000000
65350  4.578  -8.131  46.966 0.0000000000
66310  4.496  -7.385  47.422 0.0000000000
66318  4.575  -7.313  46.857 0.0000000000
67239  4.455  -6.503  46.741 0.0000000000
68234  4.211  -5.709  46.456 0.0000000000
118132  3.929  -4.940  45.984 0.0000000000
67247  4.281  -6.298  46.343 0.0000000000
67257  3.752  -6.087  45.240 0.0000000000
66333  3.985  -7.098  45.748 0.0000000000
65369  3.783  -8.214  45.432 0.0000000000
61438  5.037  -12.855  44.547 0.0000000000
61446  4.959  -12.665  43.985 0.0000000000
61454  5.070  -12.839  42.958 0.0000000000
54765  6.972  -18.512  45.363 0.0000000000
53571  7.346  -19.286  44.792 0.0000000000
56080  5.555  -17.869  41.659 0.0000000000
63450  -24.169  -10.134  38.024 0.0000000000
63442  -24.183  -10.012  38.772 0.0000000000
64422  -24.383  -9.595  38.956 0.0000000000
121130  -24.774  -8.769  40.201 0.0000000000
124155  -24.634  -7.913  39.979 0.0000000000
68288  -24.531  -5.164  41.246 0.0000000000
61486  -20.367  -11.206  40.798 0.0000000000
61505  -20.604  -11.267  40.123 0.0000000000
61506  -21.013  -11.463  39.942 0.0000000000
61507  -21.625  -11.437  39.778 0.0000000000
62483  -22.215  -11.193  40.162 0.0000000000
62494  -22.467  -11.276  39.529 0.0000000000
62440  -22.354  -11.402  43.855 0.0000000000
61450  -21.351  -11.258  43.216 0.0000000000
77857  -43.589  4.544  18.986 0.0000000000
77843  -44.225  4.871  19.573 0.0000000000
131798  -38.103  2.239  19.839 0.0000000000
75214  -37.594  1.671  18.862 0.0000000000
112679  -36.915  1.321  17.895 0.0000000000
75229  -37.628  1.103  17.386 0.0000000000
75237  -39.288  1.195  16.826 0.0000000000
75238  -39.778  1.409  17.123 0.0000000000
76142  -40.818  2.134  18.759 0.0000000000
76147  -41.204  2.744  18.257 0.0000000000
74138  -30.158  0.330  29.783 0.0000000000
74122  -30.534  0.829  30.570 0.0000000000
74107  -30.424  1.296  31.361 0.0000000000
73177  -24.085  -0.435  29.951 0.0000000000
72223  -23.962  -0.904  29.368 0.0000000000
72246  -24.557  -0.984  27.735 0.0000000000
117918  -24.609  -1.189  26.902 0.0000000000
73213  -26.087  -0.415  27.600 0.0000000000
73200  -26.615  -0.092  28.180 0.0000000000
127041  -27.903  0.215  28.597 0.0000000000
73182  -28.695  0.224  28.980 0.0000000000
70291  5.608  -3.659  31.944 0.0000000000
62487  0.929  -11.796  39.661 0.0000000000
61498  0.738  -12.087  39.049 0.0000000000
60528  3.576  -13.497  37.426 0.0000000000
59495  5.408  -14.156  36.253 0.0000000000
58392  5.546  -14.623  35.532 0.0000000000
57260  5.227  -15.582  36.670 0.0000000000
133341  5.695  -15.073  37.012 0.0000000000
124120  4.392  -16.307  36.549 0.0000000000
56123  3.703  -16.826  36.830 0.0000000000
64305  0.043  -9.638  46.791 0.0000000000
64294  0.672  -9.447  47.232 0.0000000000
63315  0.284  -10.151  47.038 0.0000000000
62404  0.184  -10.805  47.075 0.0000000000
61423  0.713  -11.853  47.479 0.0000000000
60456  0.506  -12.961  46.398 0.0000000000
60452  0.919  -12.602  47.185 0.0000000000
59426  2.245  -13.843  47.116 0.0000000000
75004  -23.247  1.850  36.249 0.0000000000
66409  -22.710  -6.987  36.969 0.0000000000
67390  -22.435  -6.291  37.065 0.0000000000
68340  -22.075  -5.450  36.979 0.0000000000
68339  -21.587  -5.336  36.403 0.0000000000
69237  -21.724  -4.563  36.670 0.0000000000
123478  -21.321  -4.877  36.068 0.0000000000
69263  -21.096  -3.964  34.995 0.0000000000
72180  -21.674  -1.657  35.466 0.0000000000
73132  -21.679  -1.131  35.743 0.0000000000
73136  -21.871  -1.135  35.068 0.0000000000
122719  -21.953  -0.327  35.253 0.0000000000
133716  -14.891  -9.626  47.421 0.0000000000
64341  -15.376  -9.509  46.288 0.0000000000
63391  -17.193  -9.872  42.656 0.0000000000
63410  -17.467  -10.152  42.003 0.0000000000
64402  -16.475  -9.475  41.285 0.0000000000
64429  -14.758  -8.825  39.180 0.0000000000
114219  -13.171  -8.939  38.551 0.0000000000
77903  -41.847  5.162  11.719 0.0000000000
78648  -43.214  5.610  13.356 0.0000000000
78651  -42.941  5.461  12.525 0.0000000000
133130  -42.535  5.350  11.962 0.0000000000
77909  -42.551  5.097  11.216 0.0000000000
77910  -43.444  5.059  10.789 0.0000000000
77917  -43.479  4.900  9.890 0.0000000000
78655  -44.217  5.130  10.266 0.0000000000
78656  -44.914  5.468  10.500 0.0000000000
122511  -46.439  6.424  11.966 0.0000000000
68282  2.507  -4.957  41.142 0.0000000000
126400  2.276  -5.444  41.203 0.0000000000
67288  1.628  -6.473  42.489 0.0000000000
64363  1.669  -9.009  43.549 0.0000000000
121410  -37.647  2.425  25.706 0.0000000000
75133  -36.995  1.682  27.875 0.0000000000
72281  -31.426  -1.653  24.940 0.0000000000
74201  -32.971  1.124  23.805 0.0000000000
75163  -33.667  1.598  24.132 0.0000000000
75154  -33.922  1.398  24.993 0.0000000000
75164  -34.450  1.945  24.438 0.0000000000
76060  -35.209  2.224  24.554 0.0000000000
76047  -36.347  2.411  25.012 0.0000000000
70147  -2.890  -3.485  45.470 0.0000000000
69163  -3.020  -4.610  44.181 0.0000000000
66349  -1.930  -7.576  43.643 0.0000000000
65382  -2.091  -8.298  43.369 0.0000000000
61531  -6.145  -12.583  38.309 0.0000000000
61516  -5.930  -12.488  39.035 0.0000000000
61500  -5.672  -12.202  39.686 0.0000000000
61483  -4.611  -12.271  40.430 0.0000000000
61471  -4.498  -11.905  40.851 0.0000000000
62463  -4.194  -11.403  41.257 0.0000000000
61482  -3.896  -12.390  40.748 0.0000000000
60502  -3.338  -12.983  40.393 0.0000000000
70259  3.527  -3.343  34.812 0.0000000000
68334  5.282  -5.931  36.630 0.0000000000
68350  5.280  -5.567  36.079 0.0000000000
116255  1.788  -11.762  33.214 0.0000000000
63517  1.980  -10.381  31.403 0.0000000000
63533  1.801  -10.414  30.472 0.0000000000
73984  0.031  -0.082  47.600 0.0000000000
73059  0.923  -0.628  47.300 0.0000000000
72092  1.949  -1.435  47.474 0.0000000000
72085  2.563  -1.989  47.702 0.0000000000
64288  3.367  -8.755  48.672 0.0000000000
66290  3.910  -7.655  48.987 0.0000000000
64292  4.026  -8.598  48.342 0.0000000000
64291  4.114  -9.432  48.004 0.0000000000
65329  4.272  -8.652  47.935 0.0000000000
113642  4.444  -11.191  47.325 0.0000000000
64304  4.372  -9.617  47.408 0.0000000000
121613  4.516  -8.889  47.170 0.0000000000
113303  4.494  -9.704  46.773 0.0000000000
64317  4.468  -9.777  46.258 0.0000000000
63340  4.471  -10.279  45.828 0.0000000000
62410  4.767  -11.675  45.304 0.0000000000
60468  5.109  -13.439  44.714 0.0000000000
59445  5.367  -14.467  44.284 0.0000000000
65443  -23.274  -9.172  35.938 0.0000000000
66410  -23.389  -7.582  36.931 0.0000000000
125394  -24.421  -8.768  37.282 0.0000000000
65430  -24.486  -8.173  37.790 0.0000000000
65437  -24.227  -8.127  37.134 0.0000000000
134786  -23.150  -6.643  37.685 0.0000000000
70205  -23.170  -4.050  39.103 0.0000000000
71137  -22.588  -2.691  39.097 0.0000000000
131850  -18.398  -10.681  43.104 0.0000000000
62438  -20.333  -11.206  43.804 0.0000000000
133583  -20.291  -11.168  44.387 0.0000000000
63411  -18.044  -10.698  41.943 0.0000000000
63433  -18.022  -10.364  39.929 0.0000000000
77042  -40.230  3.375  15.722 0.0000000000
77052  -39.936  3.685  14.947 0.0000000000
78631  -42.170  5.384  14.214 0.0000000000
115419  -43.209  5.669  14.926 0.0000000000
78628  -42.817  5.383  15.687 0.0000000000
78629  -43.657  5.751  15.668 0.0000000000
79311  -45.696  6.614  15.628 0.0000000000
133680  -33.797  1.073  28.159 0.0000000000
74157  -34.163  1.298  28.700 0.0000000000
74109  -32.115  1.063  31.095 0.0000000000
72253  -31.092  -0.944  27.041 0.0000000000
123503  -32.294  -0.334  27.107 0.0000000000
64397  -10.557  -9.416  40.899 0.0000000000
62491  -8.804  -11.141  39.426 0.0000000000
62501  -8.955  -11.191  38.674 0.0000000000
61518  -7.431  -12.258  38.719 0.0000000000
61532  -6.885  -12.439  38.194 0.0000000000
134588  2.296  -4.426  31.451 0.0000000000
69276  -1.069  -5.328  33.375 0.0000000000
66398  3.316  -7.258  37.710 0.0000000000
131060  0.318  -9.720  37.487 0.0000000000
64437  0.364  -10.086  36.873 0.0000000000
61515  0.352  -12.100  38.429 0.0000000000
128995  0.496  -12.658  37.184 0.0000000000
60543  0.683  -12.922  36.523 0.0000000000
124938  0.511  -12.564  36.061 0.0000000000
61556  0.613  -12.417  35.424 0.0000000000
60585  2.251  -13.131  33.612 0.0000000000
133304  3.670  -13.454  32.803 0.0000000000
117978  5.171  -13.881  32.033 0.0000000000
125788  5.519  -15.175  35.086 0.0000000000
69128  0.875  -4.487  48.080 0.0000000000
116182  1.303  -5.253  48.299 0.0000000000
122211  1.780  -6.052  48.621 0.0000000000
65326  2.966  -7.597  49.108 0.0000000000
112722  3.083  -8.209  48.851 0.0000000000
126183  1.963  -8.929  48.320 0.0000000000
62398  1.831  -11.217  48.463 0.0000000000
63311  2.103  -9.865  48.594 0.0000000000
129486  2.190  -9.256  48.543 0.0000000000
64289  2.475  -9.194  48.652 0.0000000000
117740  2.874  -9.186  48.736 0.0000000000
118494  3.297  -9.744  48.594 0.0000000000
130057  3.738  -11.248  48.363 0.0000000000
62393  4.120  -11.631  48.079 0.0000000000
129009  3.926  -12.902  48.360 0.0000000000
61415  4.153  -13.122  48.180 0.0000000000
61414  4.328  -12.547  47.862 0.0000000000
60441  4.690  -13.992  47.523 0.0000000000
59407  4.968  -14.666  47.252 0.0000000000
131273  -26.718  1.592  33.117 0.0000000000
121156  -26.873  1.981  33.919 0.0000000000
75931  -26.387  2.385  35.039 0.0000000000
66421  -22.182  -7.963  35.778 0.0000000000
66433  -21.989  -8.274  34.982 0.0000000000
66432  -21.355  -7.716  34.708 0.0000000000
72210  -23.015  -1.634  31.499 0.0000000000
114290  -23.307  -0.796  31.539 0.0000000000
74100  -23.570  0.120  31.961 0.0000000000
74101  -24.484  0.546  31.741 0.0000000000
126124  -17.179  -9.767  47.177 0.0000000000
63323  -17.509  -10.112  46.917 0.0000000000
63347  -17.007  -10.037  46.413 0.0000000000
64328  -16.636  -9.758  46.913 0.0000000000
114879  -15.166  -9.311  45.478 0.0000000000
64357  -15.357  -9.142  44.529 0.0000000000
113163  -13.043  -8.739  42.719 0.0000000000
78659  -44.157  5.065  9.460 0.0000000000
78660  -44.490  5.604  9.271 0.0000000000
79360  -44.321  6.371  8.813 0.0000000000
114931  -44.401  8.726  7.956 0.0000000000
69233  3.731  -4.338  36.773 0.0000000000
67354  4.401  -6.522  37.616 0.0000000000
69205  3.148  -4.661  38.717 0.0000000000
66373  1.353  -6.896  41.004 0.0000000000
65410  0.464  -8.347  41.025 0.0000000000
62475  0.507  -11.200  39.876 0.0000000000
61481  2.993  -12.371  40.128 0.0000000000
61495  3.621  -12.780  39.707 0.0000000000
76079  -40.913  3.202  22.926 0.0000000000
117581  -35.069  1.561  29.178 0.0000000000
74216  -32.065  1.195  21.887 0.0000000000
75188  -32.713  1.481  22.220 0.0000000000
128976  -33.218  1.794  21.787 0.0000000000
75196  -33.416  1.821  21.108 0.0000000000
113578  -34.027  2.053  20.939 0.0000000000
75204  -34.575  2.006  20.342 0.0000000000
76122  -35.169  2.281  20.738 0.0000000000
114234  -35.959  2.385  20.688 0.0000000000
76097  -37.345  3.192  22.634 0.0000000000
76098  -38.018  3.132  21.940 0.0000000000
127891  -38.852  3.152  21.865 0.0000000000
76099  -39.654  3.140  21.946 0.0000000000
69153  -1.657  -3.942  45.893 0.0000000000
67248  -0.742  -6.062  46.093 0.0000000000
67240  -0.486  -6.764  46.692 0.0000000000
65344  0.003  -8.975  46.817 0.0000000000
63318  -0.361  -10.194  46.455 0.0000000000
61429  -0.684  -11.188  45.814 0.0000000000
61432  -0.651  -11.907  45.557 0.0000000000
63389  -8.941  -9.630  42.702 0.0000000000
63420  -8.406  -10.454  40.960 0.0000000000
63407  -8.501  -9.712  41.915 0.0000000000
63388  -8.526  -9.574  42.955 0.0000000000
64366  -7.798  -9.336  43.653 0.0000000000
61501  -6.627  -12.074  39.524 0.0000000000
64350  -7.466  -8.913  44.231 0.0000000000
124733  -4.063  -7.228  42.168 0.0000000000
66350  -2.471  -7.478  42.928 0.0000000000
62448  -3.274  -11.396  41.931 0.0000000000
63386  -3.021  -10.912  42.298 0.0000000000
64364  -2.299  -9.986  43.437 0.0000000000
63369  -2.105  -10.845  44.101 0.0000000000
62423  -1.871  -11.175  44.369 0.0000000000
61441  -1.756  -11.572  44.202 0.0000000000
59448  -0.864  -13.559  43.024 0.0000000000
60475  -0.758  -13.232  43.753 0.0000000000
129178  5.305  -3.111  32.355 0.0000000000
69295  5.760  -4.064  32.925 0.0000000000
70258  4.881  -3.612  34.723 0.0000000000
69252  5.841  -4.001  34.040 0.0000000000
70276  5.909  -3.921  33.851 0.0000000000
69271  5.944  -4.014  33.649 0.0000000000
69275  1.643  -4.631  33.314 0.0000000000
69256  1.844  -4.824  34.039 0.0000000000
69257  0.914  -4.815  33.638 0.0000000000
67426  -1.727  -6.590  33.665 0.0000000000
66417  2.248  -7.756  35.983 0.0000000000
66418  1.119  -7.595  35.486 0.0000000000
64484  1.181  -9.898  34.036 0.0000000000
134887  1.093  -8.322  35.335 0.0000000000
67403  -0.332  -6.799  34.805 0.0000000000
66431  -0.768  -7.422  34.426 0.0000000000
67418  -1.059  -6.699  34.221 0.0000000000
65465  -2.276  -8.002  33.081 0.0000000000
65472  -2.589  -8.317  32.510 0.0000000000
64512  -1.635  -9.550  31.671 0.0000000000
70113  0.724  -3.067  48.161 0.0000000000
120328  1.430  -3.119  48.359 0.0000000000
69127  2.075  -4.428  48.435 0.0000000000
117154  1.948  -3.642  48.406 0.0000000000
71052  1.965  -3.039  48.326 0.0000000000
71061  2.280  -2.521  48.073 0.0000000000
71060  2.820  -2.661  47.566 0.0000000000
72084  2.988  -2.263  47.266 0.0000000000
67209  3.992  -7.095  49.100 0.0000000000
68209  3.895  -6.056  48.425 0.0000000000
67228  4.378  -6.629  47.641 0.0000000000
68219  4.188  -6.009  47.747 0.0000000000
68220  3.939  -5.309  47.677 0.0000000000
70128  3.535  -4.417  47.379 0.0000000000
70135  3.392  -3.631  46.976 0.0000000000
72095  3.179  -2.315  46.802 0.0000000000
71075  3.547  -2.889  46.312 0.0000000000
71082  3.820  -3.052  45.593 0.0000000000
71081  3.968  -3.468  45.495 0.0000000000
69152  3.931  -4.254  45.536 0.0000000000
70145  4.095  -3.771  45.252 0.0000000000
71087  4.085  -3.412  45.103 0.0000000000
120826  4.041  -3.456  44.662 0.0000000000
70155  3.894  -3.711  44.306 0.0000000000
69170  3.629  -4.040  43.931 0.0000000000
66335  2.801  -7.136  44.414 0.0000000000
64362  2.594  -9.639  43.757 0.0000000000
63354  4.132  -10.242  44.843 0.0000000000
134330  4.332  -10.991  44.441 0.0000000000
126913  3.634  -11.782  42.130 0.0000000000
61466  5.293  -12.970  41.865 0.0000000000
61467  4.996  -12.773  41.560 0.0000000000
124244  5.607  -13.421  39.784 0.0000000000
60507  5.980  -13.652  39.394 0.0000000000
124991  5.453  -15.916  46.563 0.0000000000
122778  5.822  -15.917  46.180 0.0000000000
57118  6.105  -16.373  46.134 0.0000000000
127943  5.922  -15.817  46.077 0.0000000000
115362  6.499  -16.987  45.682 0.0000000000
58293  5.945  -15.708  45.229 0.0000000000
58301  5.648  -15.226  44.406 0.0000000000
54801  6.692  -19.106  43.275 0.0000000000
124361  6.373  -18.206  43.389 0.0000000000
57187  5.832  -16.557  43.194 0.0000000000
117674  5.644  -15.576  43.418 0.0000000000
58313  5.641  -14.862  42.671 0.0000000000
57201  5.499  -16.983  41.220 0.0000000000
128739  5.638  -15.858  40.938 0.0000000000
58351  6.136  -14.374  39.264 0.0000000000
58352  5.867  -15.124  38.800 0.0000000000
54917  3.461  -17.942  37.956 0.0000000000
57125  6.179  -16.398  46.113 0.0000000000
58374  6.345  -14.335  37.794 0.0000000000
59417  5.156  -14.782  47.073 0.0000000000
59455  -1.037  -13.894  42.232 0.0000000000
60447  2.828  -13.283  48.324 0.0000000000
60449  5.177  -13.933  46.640 0.0000000000
60461  0.199  -13.265  45.593 0.0000000000
61419  4.498  -12.473  47.343 0.0000000000
61420  1.389  -11.644  48.133 0.0000000000
61447  -1.582  -12.122  43.940 0.0000000000
61458  -19.762  -11.317  41.827 0.0000000000
61484  -6.156  -11.735  39.891 0.0000000000
62396  1.929  -10.602  48.530 0.0000000000
62407  -0.601  -10.668  46.094 0.0000000000
62451  -19.842  -11.269  42.890 0.0000000000
64287  3.746  -9.303  48.358 0.0000000000
64290  1.766  -9.554  48.249 0.0000000000
65324  3.856  -8.280  48.640 0.0000000000
65327  2.475  -7.935  48.838 0.0000000000
66291  3.365  -7.691  49.056 0.0000000000
66393  -24.426  -7.345  39.524 0.0000000000
69224  -22.539  -4.311  38.095 0.0000000000
69294  5.799  -3.954  32.325 0.0000000000
70154  4.142  -3.742  44.797 0.0000000000
70189  -24.396  -3.861  41.176 0.0000000000
70198  -23.662  -3.573  40.079 0.0000000000
71062  1.616  -2.505  48.326 0.0000000000
71068  3.294  -2.852  46.967 0.0000000000
71169  -21.546  -2.614  36.104 0.0000000000
72265  -26.945  -0.945  26.177 0.0000000000
73148  -22.851  -1.124  32.982 0.0000000000
75195  -32.704  1.589  21.393 0.0000000000
75222  -37.647  1.370  18.123 0.0000000000
75231  -39.448  1.058  17.637 0.0000000000
76046  -35.662  2.164  25.143 0.0000000000
76118  -43.189  2.981  21.783 0.0000000000
76123  -36.739  2.295  20.131 0.0000000000
76133  -37.487  2.081  19.590 0.0000000000
77916  -42.631  4.859  10.384 0.0000000000
78646  -42.076  5.341  12.563 0.0000000000
113906  -1.057  -10.881  45.472 0.0000000000
115137  -42.169  4.592  16.650 0.0000000000
115759  -24.424  -7.675  38.323 0.0000000000
116558  4.421  -13.365  47.785 0.0000000000
119393  -40.096  2.860  21.311 0.0000000000
119471  -24.077  -3.398  40.848 0.0000000000
121677  -24.454  -8.940  37.996 0.0000000000
123121  3.325  -12.361  48.559 0.0000000000
123524  2.281  -8.806  43.982 0.0000000000
124332  3.675  -3.787  46.123 0.0000000000
131173  -17.139  -9.872  41.632 0.0000000000
133133  1.415  -1.050  47.343 0.0000000000
134240  -39.029  0.954  17.706 0.0000000000
134877  3.225  -3.884  47.346 0.0000000000
135797  -21.462  -6.506  35.947 0.0000000000
