#!ascii label  , from subject sub-v1s20x0050348_ses-1 vox2ras=TkReg
778
113319  -35.372  -72.411  -30.825 0.5000000000
15350  -34.235  -73.495  -31.456 0.8000000119
112839  -31.623  -72.888  -31.203 0.8000000119
15345  -33.020  -72.664  -31.342 0.8000000119
16121  -34.366  -71.678  -31.136 0.8000000119
15339  -35.424  -73.106  -30.238 0.5000000000
15346  -35.098  -72.857  -31.134 0.5000000000
16122  -35.127  -72.057  -31.074 0.6000000238
16854  -30.150  -71.017  -29.955 0.6999999881
16119  -31.225  -72.085  -30.893 0.6999999881
16861  -33.733  -70.925  -30.944 0.8000000119
15334  -34.847  -72.910  -29.571 0.6000000238
16117  -35.198  -72.099  -30.401 0.5000000000
16856  -34.974  -71.086  -30.349 0.6000000238
16849  -29.106  -71.052  -29.013 0.6999999881
16857  -35.256  -71.521  -30.944 0.6000000238
114075  -34.655  -70.348  -29.756 0.6000000238
17636  -29.729  -70.674  -29.329 0.6999999881
16858  -29.833  -71.725  -30.246 0.6999999881
17638  -32.697  -70.390  -30.558 0.6999999881
17641  -34.748  -70.284  -30.288 0.6000000238
18418  -33.891  -68.947  -28.391 0.6000000238
17640  -34.366  -70.166  -30.545 0.8000000119
17635  -34.602  -69.570  -29.995 0.6999999881
16851  -32.695  -71.614  -28.531 0.4000000060
117051  -34.185  -71.273  -29.296 0.6000000238
17631  -28.953  -70.890  -28.263 0.6999999881
17632  -29.541  -70.458  -28.643 0.6999999881
17637  -30.512  -70.299  -29.635 0.6999999881
16855  -31.202  -70.728  -30.242 0.6999999881
109727  -31.627  -69.877  -30.060 0.6999999881
107908  -33.220  -69.585  -30.278 0.6000000238
18425  -34.427  -68.904  -29.759 0.6999999881
19128  -34.837  -67.447  -27.297 0.5000000000
18423  -32.045  -69.005  -29.851 0.6000000238
19150  -33.495  -67.990  -29.751 0.6000000238
19151  -34.243  -68.260  -29.717 0.6000000238
19865  -34.597  -66.764  -28.156 0.6000000238
19868  -33.945  -67.615  -29.516 0.6000000238
19850  -35.174  -66.566  -27.351 0.5000000000
16846  -32.296  -70.932  -27.642 0.4000000060
116042  -33.433  -70.592  -28.744 0.5000000000
17628  -28.872  -70.841  -27.491 0.6999999881
17630  -33.090  -69.879  -28.013 0.6000000238
18403  -33.242  -69.487  -27.243 0.6000000238
115652  -30.094  -70.130  -29.008 0.6999999881
18419  -33.879  -68.568  -27.540 0.6000000238
17633  -30.752  -69.466  -29.265 0.6999999881
19116  -34.690  -68.234  -26.301 0.5000000000
19838  -36.126  -67.611  -26.256 0.6000000238
18421  -31.295  -68.589  -29.091 0.6999999881
19147  -32.827  -67.472  -29.476 0.6000000238
19851  -35.806  -66.702  -26.689 0.5000000000
122213  -33.860  -66.743  -28.845 0.5000000000
16087  -27.175  -72.225  -25.598 0.6000000238
16809  -27.802  -71.089  -24.653 0.6000000238
16850  -31.893  -71.736  -27.943 0.5000000000
17615  -32.564  -70.338  -26.870 0.5000000000
17614  -28.719  -70.809  -25.994 0.6999999881
16836  -28.444  -71.233  -26.685 0.6999999881
17616  -32.967  -69.920  -26.191 0.5000000000
18390  -33.566  -69.694  -25.693 0.5000000000
17605  -37.248  -71.211  -25.633 0.4000000060
17629  -29.417  -70.344  -27.826 0.6999999881
18391  -34.352  -69.639  -25.359 0.5000000000
18417  -30.477  -69.041  -27.802 0.6999999881
18392  -35.236  -69.407  -25.428 0.5000000000
19145  -31.022  -68.365  -28.336 0.6999999881
19146  -31.735  -67.803  -28.939 0.6000000238
106330  -36.075  -68.846  -25.736 0.5000000000
19866  -33.365  -66.915  -29.106 0.6000000238
19119  -37.814  -68.698  -26.222 0.5000000000
19864  -32.756  -66.568  -28.532 0.5000000000
20588  -34.721  -65.945  -27.617 0.5000000000
20603  -34.839  -66.198  -27.682 0.5000000000
19840  -37.649  -67.459  -25.970 0.5000000000
19839  -36.662  -66.995  -26.213 0.5000000000
19842  -39.324  -67.765  -25.958 0.3000000119
16829  -37.567  -71.658  -25.149 0.3000000119
126906  -26.232  -72.567  -24.978 0.6000000238
16072  -26.722  -72.164  -24.855 0.6000000238
17602  -34.222  -70.460  -24.975 0.4000000060
17604  -36.338  -71.101  -25.210 0.4000000060
17599  -29.149  -70.326  -25.655 0.6000000238
17617  -38.184  -71.093  -26.206 0.5000000000
119653  -29.201  -70.459  -26.756 0.6999999881
18401  -29.917  -69.760  -27.272 0.6999999881
111255  -37.113  -69.790  -26.000 0.5000000000
19143  -31.494  -67.627  -28.118 0.5000000000
19130  -39.060  -69.852  -26.767 0.5000000000
115034  -32.125  -66.854  -27.818 0.5000000000
19121  -39.202  -68.749  -26.502 0.4000000060
19841  -38.508  -68.058  -26.128 0.3000000119
19122  -40.053  -68.535  -26.524 0.4000000060
20574  -37.600  -66.641  -25.639 0.5000000000
20575  -38.544  -67.033  -25.629 0.4000000060
16808  -26.335  -71.610  -24.254 0.6000000238
17587  -27.295  -70.707  -23.911 0.6000000238
17588  -28.100  -70.427  -24.217 0.6000000238
17589  -28.876  -70.145  -24.681 0.6000000238
18388  -29.565  -69.777  -25.149 0.6000000238
17618  -38.891  -71.332  -26.192 0.3000000119
18405  -39.007  -70.858  -26.649 0.4000000060
110611  -29.776  -69.796  -26.174 0.6000000238
18402  -30.473  -69.055  -26.650 0.6000000238
19142  -30.954  -68.343  -27.487 0.6999999881
18407  -41.360  -70.337  -27.126 0.3000000119
123661  -39.644  -70.631  -27.009 0.3000000119
124161  -30.990  -68.321  -26.635 0.6000000238
19133  -41.836  -69.492  -27.202 0.3000000119
19131  -39.859  -69.714  -26.991 0.3000000119
20585  -31.853  -67.112  -26.631 0.5000000000
19126  -31.450  -67.694  -27.149 0.5000000000
19844  -41.821  -67.720  -26.466 0.3000000119
19843  -41.099  -68.335  -26.695 0.3000000119
19849  -32.997  -66.177  -28.005 0.5000000000
21363  -34.940  -65.767  -26.889 0.5000000000
107976  -40.185  -67.587  -25.916 0.3000000119
20587  -33.341  -65.897  -27.239 0.5000000000
20576  -39.484  -67.021  -25.429 0.3000000119
16795  -25.979  -71.145  -23.856 0.5000000000
17578  -27.569  -69.943  -23.540 0.6000000238
18376  -28.438  -69.763  -23.836 0.5000000000
18389  -30.179  -69.232  -25.465 0.6000000238
19104  -30.358  -68.655  -24.600 0.5000000000
19134  -43.007  -68.725  -27.123 0.3000000119
19113  -30.734  -68.535  -25.737 0.6000000238
113975  -43.390  -67.996  -27.002 0.3000000119
19852  -42.213  -68.621  -27.069 0.3000000119
19114  -31.307  -67.856  -26.133 0.6000000238
20586  -32.535  -66.402  -27.035 0.5000000000
124321  -35.705  -65.589  -25.524 0.5000000000
20558  -38.164  -66.237  -25.163 0.4000000060
21354  -37.224  -65.978  -25.149 0.4000000060
18364  -27.079  -69.306  -23.233 0.5000000000
18365  -27.982  -69.212  -23.215 0.5000000000
18366  -28.860  -69.149  -23.487 0.5000000000
19091  -30.043  -68.355  -23.611 0.5000000000
19855  -44.461  -67.666  -26.484 0.3000000119
19854  -43.988  -67.832  -26.838 0.3000000119
19836  -31.016  -67.943  -25.089 0.6000000238
19837  -31.584  -67.260  -25.566 0.6000000238
20569  -32.182  -66.621  -25.990 0.5000000000
21351  -34.372  -65.494  -26.338 0.5000000000
119086  -40.283  -66.962  -25.265 0.4000000060
21337  -39.422  -65.925  -24.631 0.4000000060
19072  -28.253  -68.012  -22.708 0.5000000000
19089  -28.475  -68.570  -22.989 0.5000000000
19074  -29.649  -67.911  -22.940 0.5000000000
19833  -44.755  -67.744  -25.760 0.4000000060
20581  -45.545  -66.561  -25.815 0.4000000060
19830  -30.705  -67.913  -24.073 0.5000000000
19831  -31.295  -67.282  -24.560 0.5000000000
126088  -45.219  -66.612  -26.343 0.4000000060
20593  -44.411  -67.142  -26.742 0.3000000119
19817  -30.868  -67.148  -23.509 0.4000000060
20592  -43.622  -67.110  -26.838 0.3000000119
20556  -31.894  -66.694  -25.045 0.5000000000
117411  -32.433  -66.218  -25.455 0.4000000060
21349  -33.031  -65.715  -25.370 0.4000000060
115644  -37.909  -65.726  -24.718 0.4000000060
19796  -27.865  -67.613  -22.732 0.5000000000
19798  -29.251  -67.331  -22.428 0.5000000000
20564  -45.664  -66.580  -25.162 0.4000000060
19816  -30.294  -67.759  -23.331 0.5000000000
20529  -30.595  -66.636  -22.603 0.4000000060
21358  -46.119  -65.843  -25.766 0.4000000060
123278  -44.880  -66.536  -26.567 0.4000000060
114150  -31.325  -66.398  -23.197 0.4000000060
20545  -31.612  -66.609  -24.115 0.4000000060
21364  -44.240  -66.236  -26.678 0.4000000060
21331  -32.798  -65.537  -24.312 0.4000000060
21332  -33.579  -65.233  -24.843 0.4000000060
22143  -34.766  -64.892  -24.692 0.4000000060
21334  -35.236  -65.290  -25.349 0.4000000060
22144  -35.356  -64.864  -24.385 0.4000000060
21315  -38.178  -65.293  -24.150 0.4000000060
21317  -39.893  -65.311  -24.066 0.4000000060
21316  -39.004  -65.292  -24.092 0.4000000060
20526  -28.037  -66.897  -22.575 0.5000000000
20527  -28.783  -66.563  -22.239 0.4000000060
21344  -47.244  -65.482  -24.515 0.4000000060
20565  -46.370  -65.979  -25.150 0.4000000060
20528  -29.728  -66.627  -22.189 0.5000000000
21291  -30.388  -65.938  -21.933 0.4000000060
20546  -32.033  -65.958  -23.747 0.4000000060
22164  -45.392  -65.015  -26.426 0.4000000060
21312  -33.354  -64.998  -23.857 0.4000000060
21339  -41.446  -66.066  -24.701 0.3000000119
21313  -36.515  -65.119  -24.301 0.4000000060
106890  -29.486  -65.871  -21.969 0.5000000000
21367  -47.167  -64.417  -25.488 0.4000000060
21292  -31.284  -65.537  -21.984 0.4000000060
20530  -31.072  -66.103  -22.421 0.4000000060
21293  -32.190  -65.221  -22.288 0.4000000060
21310  -31.746  -65.796  -22.792 0.4000000060
21311  -32.558  -65.419  -23.295 0.4000000060
107493  -33.981  -64.493  -23.272 0.4000000060
22123  -34.762  -64.553  -23.906 0.4000000060
22145  -36.034  -64.774  -24.027 0.4000000060
22127  -38.542  -64.712  -23.499 0.4000000060
22128  -39.412  -64.647  -23.454 0.4000000060
116434  -29.412  -65.050  -21.925 0.4000000060
21290  -29.986  -65.346  -21.765 0.4000000060
22077  -31.545  -64.615  -21.618 0.4000000060
109432  -32.126  -63.887  -21.514 0.4000000060
22100  -33.473  -64.264  -22.292 0.4000000060
107990  -34.192  -64.062  -22.527 0.4000000060
21318  -40.930  -65.176  -24.132 0.4000000060
22101  -34.915  -64.152  -22.990 0.4000000060
118928  -36.155  -64.411  -23.455 0.4000000060
22102  -35.826  -64.079  -22.987 0.4000000060
119165  -37.299  -64.280  -23.137 0.4000000060
22104  -38.036  -64.187  -22.947 0.4000000060
22075  -29.970  -63.956  -21.588 0.4000000060
106917  -31.315  -63.489  -21.374 0.4000000060
22078  -32.941  -63.737  -21.658 0.4000000060
22099  -32.592  -64.495  -21.921 0.4000000060
22862  -33.817  -63.622  -21.925 0.4000000060
22863  -34.636  -63.560  -22.259 0.4000000060
22865  -36.338  -63.539  -22.501 0.4000000060
22129  -40.322  -64.529  -23.474 0.3000000119
22840  -30.373  -63.351  -21.506 0.4000000060
117265  -31.525  -62.514  -21.377 0.4000000060
23657  -30.937  -61.976  -21.553 0.4000000060
23658  -32.193  -62.295  -21.361 0.4000000060
23659  -32.867  -62.381  -21.364 0.4000000060
22844  -35.087  -62.886  -21.923 0.4000000060
22845  -35.953  -62.876  -21.977 0.4000000060
22130  -41.790  -64.571  -23.999 0.4000000060
113447  -41.114  -64.342  -23.560 0.3000000119
123955  -37.343  -63.635  -22.505 0.4000000060
22105  -38.922  -64.086  -22.852 0.5000000000
22106  -39.824  -63.914  -22.892 0.4000000060
22866  -38.379  -63.458  -22.348 0.5000000000
24535  -31.211  -61.172  -21.760 0.4000000060
117417  -31.855  -60.842  -21.643 0.4000000060
126219  -32.499  -61.848  -21.391 0.4000000060
115583  -32.605  -61.120  -21.472 0.4000000060
24537  -33.061  -61.771  -21.359 0.4000000060
23678  -36.878  -62.851  -21.922 0.4000000060
22867  -39.298  -63.280  -22.373 0.5000000000
116335  -31.568  -60.257  -22.014 0.4000000060
25342  -32.360  -60.203  -21.659 0.4000000060
25343  -33.259  -60.332  -21.499 0.4000000060
23679  -37.842  -62.747  -21.854 0.4000000060
23680  -38.777  -62.572  -21.878 0.5000000000
25361  -31.208  -60.122  -22.965 0.4000000060
26152  -32.163  -59.560  -22.030 0.4000000060
26153  -32.982  -59.373  -21.833 0.4000000060
23665  -39.066  -61.627  -21.760 0.5000000000
26963  -32.967  -58.191  -25.351 0.4000000060
26180  -31.567  -59.425  -23.651 0.4000000060
26949  -32.726  -58.463  -24.301 0.4000000060
117418  -32.157  -58.832  -23.401 0.4000000060
26937  -33.605  -58.326  -23.848 0.4000000060
26951  -34.464  -58.352  -24.449 0.5000000000
26192  -31.975  -58.916  -24.244 0.4000000060
21352  -35.457  -65.753  -26.221 0.5000000000
21353  -36.214  -65.859  -25.540 0.5000000000
20559  -38.978  -66.436  -25.063 0.4000000060
15347  -35.480  -73.521  -30.864 0.5000000000
127140  -30.896  -73.356  -31.112 0.8000000119
16118  -29.675  -72.462  -30.449 0.6999999881
14613  -35.166  -73.713  -29.605 0.5000000000
16116  -29.107  -72.035  -30.018 0.6999999881
113027  -34.075  -73.974  -29.039 0.5000000000
16848  -28.516  -71.496  -28.610 0.6999999881
15333  -33.566  -73.179  -28.928 0.4000000060
16835  -27.730  -71.791  -26.097 0.6999999881
16845  -31.648  -71.675  -26.971 0.4000000060
16838  -32.001  -71.064  -26.411 0.4000000060
16086  -26.486  -72.779  -25.687 0.6000000238
16816  -35.861  -71.084  -24.929 0.4000000060
16807  -25.601  -71.568  -24.281 0.6000000238
17585  -25.477  -70.814  -24.113 0.5000000000
18363  -26.347  -69.711  -23.566 0.5000000000
19815  -27.265  -67.720  -23.107 0.4000000060
20544  -28.209  -66.214  -22.600 0.4000000060
21309  -27.992  -65.591  -23.087 0.4000000060
21289  -28.692  -65.540  -22.356 0.4000000060
22097  -28.876  -64.540  -22.413 0.4000000060
22839  -29.635  -63.339  -21.917 0.4000000060
23656  -30.187  -62.463  -21.780 0.4000000060
23677  -30.529  -61.606  -21.965 0.4000000060
25360  -30.862  -60.854  -22.336 0.4000000060
25374  -30.651  -60.766  -23.420 0.4000000060
26206  -32.205  -58.879  -25.266 0.4000000060
15349  -33.314  -73.329  -31.491 0.8000000119
16120  -32.643  -71.895  -31.098 0.8000000119
16114  -34.542  -72.064  -29.535 0.5000000000
16859  -30.717  -71.498  -30.463 0.6999999881
18422  -34.489  -68.860  -29.447 0.6999999881
19115  -34.038  -68.910  -25.991 0.6000000238
19144  -34.422  -67.635  -27.882 0.6000000238
19148  -34.466  -68.188  -29.287 0.6000000238
16810  -28.508  -70.710  -25.125 0.6000000238
17601  -33.272  -70.418  -25.231 0.5000000000
17603  -35.385  -70.647  -25.086 0.5000000000
20572  -35.847  -66.133  -26.237 0.5000000000
19103  -29.658  -68.992  -23.897 0.6000000238
20570  -32.831  -66.047  -26.256 0.5000000000
110165  -36.608  -65.554  -24.791 0.4000000060
21333  -34.427  -65.165  -25.391 0.4000000060
21338  -40.393  -66.155  -24.680 0.4000000060
22125  -36.796  -64.673  -23.684 0.4000000060
22098  -29.457  -64.211  -21.902 0.4000000060
26936  -32.897  -58.515  -23.185 0.4000000060
7310  -25.545  -86.438  -34.614 0.4000000060
7307  -26.526  -85.796  -34.396 0.4000000060
7842  -27.139  -84.809  -34.242 0.4000000060
8413  -28.571  -84.238  -34.025 0.4000000060
7841  -25.855  -84.428  -34.272 0.4000000060
8412  -27.767  -84.110  -34.277 0.4000000060
9060  -28.541  -83.591  -34.437 0.4000000060
9651  -31.066  -81.967  -34.030 0.5000000000
8411  -26.445  -83.684  -34.278 0.4000000060
9059  -27.095  -83.080  -34.383 0.4000000060
9653  -28.685  -82.618  -34.550 0.5000000000
9654  -29.799  -82.682  -34.445 0.5000000000
10929  -30.749  -80.858  -34.112 0.6000000238
9058  -25.870  -82.601  -34.062 0.4000000060
9648  -27.416  -81.549  -33.950 0.4000000060
10271  -31.420  -81.404  -34.035 0.5000000000
16112  -31.878  -72.664  -28.254 0.3000000119
16109  -31.350  -72.394  -27.381 0.4000000060
118564  -31.965  -71.196  -25.530 0.3000000119
110146  -31.912  -81.077  -33.930 0.5000000000
13898  -36.173  -75.800  -29.883 0.5000000000
14607  -32.780  -74.248  -28.626 0.4000000060
10263  -26.658  -80.574  -32.847 0.4000000060
9649  -28.722  -81.590  -34.242 0.5000000000
10928  -30.013  -80.994  -34.179 0.5000000000
9647  -26.192  -81.316  -33.276 0.4000000060
9652  -26.545  -82.049  -34.055 0.4000000060
10272  -32.186  -80.649  -33.751 0.6000000238
10268  -32.513  -80.421  -33.556 0.6000000238
11619  -33.190  -79.359  -33.207 0.6999999881
112876  -36.015  -74.995  -30.030 0.5000000000
10927  -33.389  -79.554  -32.978 0.6999999881
11611  -34.656  -78.769  -32.080 0.6999999881
117762  -36.473  -76.137  -30.630 0.6999999881
11620  -34.063  -78.918  -32.576 0.6999999881
11613  -35.202  -78.114  -32.022 0.6999999881
10265  -28.871  -80.565  -33.746 0.5000000000
10922  -29.568  -79.958  -33.547 0.6000000238
10923  -30.547  -79.744  -33.577 0.6000000238
11618  -32.166  -79.170  -33.354 0.6000000238
10264  -27.759  -80.619  -33.479 0.5000000000
124966  -29.643  -79.273  -33.255 0.6000000238
10924  -31.740  -79.915  -33.671 0.6000000238
12396  -33.710  -78.444  -32.727 0.6000000238
17590  -34.009  -70.977  -24.709 0.3000000119
10925  -32.573  -80.025  -33.539 0.6000000238
12397  -34.622  -78.280  -32.326 0.6999999881
13907  -36.267  -75.345  -30.610 0.6000000238
14614  -35.756  -74.219  -29.906 0.5000000000
10916  -27.302  -79.359  -32.314 0.6000000238
11614  -28.015  -79.050  -32.556 0.6000000238
11610  -29.174  -78.128  -32.367 0.6999999881
11616  -29.837  -78.764  -33.011 0.6000000238
12395  -32.588  -78.365  -32.943 0.6000000238
123624  -27.261  -80.033  -32.710 0.5000000000
112421  -28.593  -79.607  -33.140 0.6000000238
12390  -34.137  -77.507  -32.304 0.6000000238
13180  -34.711  -76.380  -31.783 0.6999999881
12391  -35.137  -77.584  -31.993 0.6999999881
14623  -35.900  -74.468  -30.763 0.6000000238
13912  -35.860  -75.720  -31.407 0.6999999881
11609  -28.233  -78.289  -32.173 0.6000000238
12385  -28.571  -77.547  -31.706 0.6999999881
12386  -29.566  -77.426  -31.822 0.6999999881
12388  -31.714  -77.367  -32.380 0.6000000238
15351  -35.102  -73.679  -31.259 0.5000000000
13179  -33.264  -76.382  -31.959 0.6999999881
14628  -35.569  -74.554  -31.200 0.6000000238
13908  -30.023  -75.715  -30.972 0.6999999881
13910  -31.419  -75.375  -31.437 0.6999999881
13175  -28.966  -76.844  -31.260 0.6999999881
118771  -30.807  -76.037  -31.377 0.6000000238
12387  -30.610  -77.361  -32.098 0.6999999881
13177  -30.976  -76.723  -31.794 0.6000000238
13911  -32.494  -75.353  -31.690 0.6999999881
14627  -34.487  -74.373  -31.526 0.5000000000
114658  -33.762  -75.325  -31.680 0.6999999881
111483  -34.913  -75.234  -31.571 0.6000000238
14621  -30.379  -73.888  -30.927 0.6999999881
14622  -31.286  -73.813  -31.250 0.6999999881
15344  -30.484  -72.861  -30.885 0.6999999881
14626  -33.142  -74.268  -31.600 0.6000000238
14625  -31.872  -74.502  -31.473 0.6999999881
14608  -34.972  -74.785  -29.115 0.5000000000
9061  -29.579  -83.442  -34.315 0.4000000060
111929  -24.921  -82.423  -33.528 0.4000000060
106117  -27.635  -82.530  -34.403 0.4000000060
12382  -35.841  -77.491  -31.225 0.6999999881
13182  -36.068  -76.979  -31.257 0.6999999881
11617  -30.950  -78.932  -33.199 0.6000000238
12394  -31.371  -78.179  -32.811 0.6000000238
10921  -27.920  -79.826  -32.988 0.6999999881
11615  -28.934  -78.938  -32.892 0.6000000238
12393  -30.203  -78.066  -32.582 0.6000000238
13176  -30.011  -76.617  -31.377 0.6999999881
13178  -31.902  -76.350  -31.908 0.6000000238
13909  -30.648  -75.344  -31.131 0.6000000238
10920  -26.658  -79.826  -32.073 0.4000000060
11608  -27.330  -78.456  -31.909 0.5000000000
123226  -28.479  -76.293  -30.956 0.6000000238
10252  -26.014  -80.427  -31.638 0.4000000060
10915  -26.229  -79.559  -31.263 0.5000000000
112948  -26.692  -78.993  -31.672 0.5000000000
12383  -26.972  -77.709  -31.518 0.5000000000
13174  -27.966  -76.852  -31.228 0.5000000000
13171  -27.899  -76.114  -30.828 0.5000000000
12384  -27.655  -77.667  -31.641 0.5000000000
13172  -29.199  -76.062  -30.914 0.6000000238
13905  -29.303  -75.191  -30.682 0.5000000000
13904  -28.385  -75.519  -30.637 0.5000000000
14619  -28.611  -74.592  -30.452 0.6999999881
15342  -28.746  -73.704  -30.350 0.6000000238
126315  -25.933  -80.083  -30.795 0.5000000000
11606  -26.098  -78.627  -30.898 0.5000000000
12380  -26.406  -77.318  -31.010 0.5000000000
121948  -26.642  -76.635  -30.835 0.5000000000
117803  -27.111  -77.081  -31.252 0.5000000000
14620  -29.462  -74.278  -30.616 0.6000000238
14618  -27.743  -74.763  -30.371 0.6000000238
15337  -27.984  -73.210  -30.024 0.5000000000
16115  -28.437  -72.441  -29.730 0.6000000238
10904  -25.851  -79.393  -30.386 0.5000000000
11600  -26.055  -77.865  -30.880 0.5000000000
13169  -25.929  -76.563  -30.639 0.5000000000
13902  -26.496  -75.859  -30.553 0.5000000000
14617  -26.826  -74.921  -30.316 0.5000000000
15343  -29.593  -73.336  -30.575 0.6000000238
14612  -27.153  -73.944  -30.129 0.5000000000
121964  -27.758  -72.668  -29.480 0.6000000238
10232  -25.718  -80.279  -29.853 0.5000000000
11599  -25.622  -78.065  -30.488 0.5000000000
13168  -24.988  -76.527  -30.527 0.5000000000
13900  -24.464  -75.919  -30.558 0.5000000000
14609  -24.612  -74.930  -29.769 0.6000000238
13901  -25.439  -75.854  -30.522 0.4000000060
14610  -25.477  -74.686  -29.853 0.5000000000
14611  -26.269  -74.388  -30.000 0.5000000000
14616  -25.917  -75.165  -30.269 0.4000000060
14592  -24.749  -74.160  -28.044 0.4000000060
123148  -25.419  -73.866  -28.292 0.5000000000
15335  -25.848  -74.136  -29.489 0.5000000000
15322  -24.512  -73.939  -27.060 0.4000000060
15336  -26.437  -73.704  -29.560 0.6000000238
15331  -27.130  -73.146  -29.574 0.6000000238
16111  -28.109  -72.160  -29.002 0.6000000238
16847  -27.880  -71.952  -28.119 0.6000000238
14605  -25.190  -74.325  -29.007 0.5000000000
15323  -25.343  -73.749  -27.470 0.5000000000
15324  -26.045  -73.424  -27.105 0.5000000000
112728  -25.950  -73.464  -28.079 0.5000000000
15308  -24.384  -73.578  -26.193 0.4000000060
15309  -25.322  -73.560  -26.422 0.5000000000
16107  -26.587  -72.984  -27.836 0.6000000238
15330  -26.514  -73.220  -28.810 0.6000000238
16108  -27.228  -72.440  -27.496 0.6000000238
15310  -26.090  -73.272  -26.312 0.5000000000
16822  -24.399  -71.997  -24.958 0.3000000119
16084  -24.731  -72.719  -25.075 0.4000000060
16085  -25.618  -72.822  -25.071 0.5000000000
16100  -27.226  -72.390  -26.452 0.5000000000
116899  -27.559  -67.136  -22.955 0.3000000119
19102  -26.302  -68.340  -23.856 0.3000000119
116938  -26.529  -69.014  -23.459 0.4000000060
112659  -25.563  -69.897  -24.103 0.4000000060
21308  -27.518  -65.602  -23.889 0.3000000119
120813  -29.330  -63.219  -22.432 0.3000000119
22121  -28.324  -64.841  -23.108 0.3000000119
108567  -29.091  -63.212  -22.961 0.3000000119
23676  -29.543  -62.644  -22.523 0.3000000119
24564  -30.270  -61.401  -22.775 0.3000000119
25375  -31.085  -60.116  -24.111 0.3000000119
16071  -25.990  -72.254  -24.577 0.5000000000
20543  -27.605  -66.383  -23.159 0.3000000119
13906  -30.131  -74.868  -30.848 0.5000000000
11607  -26.575  -78.121  -31.402 0.5000000000
16110  -27.264  -72.583  -28.665 0.6000000238
13891  -35.418  -75.894  -28.753 0.3000000119
126638  -35.037  -78.131  -30.797 0.6000000238
12373  -35.973  -77.078  -30.444 0.6000000238
118004  -30.216  -74.278  -26.759 0.3000000119
14593  -30.492  -74.714  -27.144 0.3000000119
13876  -31.497  -74.958  -27.936 0.3000000119
15326  -31.441  -73.700  -28.018 0.3000000119
119026  -31.773  -75.416  -27.671 0.3000000119
13890  -33.531  -75.068  -28.547 0.3000000119
12372  -35.464  -77.248  -29.741 0.6000000238
13155  -35.766  -76.405  -29.234 0.5000000000
15311  -29.862  -74.233  -26.131 0.3000000119
15312  -30.322  -73.608  -26.504 0.3000000119
15325  -30.703  -73.854  -27.315 0.3000000119
118563  -31.178  -73.139  -27.638 0.3000000119
13889  -32.229  -75.040  -28.276 0.3000000119
117898  -34.652  -75.604  -28.478 0.3000000119
13154  -35.409  -76.596  -28.237 0.4000000060
10262  -25.871  -80.941  -32.340 0.4000000060
15282  -29.884  -73.403  -24.902 0.3000000119
15295  -30.055  -73.498  -25.662 0.3000000119
16089  -31.097  -72.169  -25.547 0.3000000119
16101  -30.805  -72.988  -26.926 0.3000000119
9043  -29.129  -83.365  -32.878 0.5000000000
9044  -29.133  -82.600  -32.112 0.5000000000
120316  -27.471  -85.730  -34.094 0.4000000060
7843  -28.033  -84.949  -33.788 0.4000000060
8404  -28.510  -84.359  -33.579 0.4000000060
8393  -28.362  -83.527  -32.195 0.5000000000
10245  -31.560  -80.499  -31.694 0.5000000000
114321  -30.562  -81.691  -32.463 0.5000000000
9055  -29.932  -83.020  -33.490 0.5000000000
9639  -30.067  -82.164  -32.598 0.5000000000
8414  -29.181  -84.015  -34.059 0.4000000060
11601  -32.171  -78.964  -30.405 0.6000000238
10908  -33.082  -79.573  -31.681 0.6000000238
10917  -32.517  -80.296  -32.289 0.5000000000
10254  -31.137  -81.273  -32.410 0.5000000000
9062  -30.161  -83.089  -34.179 0.3000000119
9650  -30.561  -82.510  -33.904 0.4000000060
9640  -30.997  -81.939  -33.412 0.5000000000
11602  -33.237  -78.696  -30.671 0.6000000238
10918  -33.187  -79.988  -32.799 0.6000000238
10266  -31.649  -81.366  -33.733 0.4000000060
10255  -32.118  -80.946  -32.935 0.5000000000
11589  -33.809  -78.132  -29.813 0.6000000238
13877  -32.865  -75.610  -27.890 0.3000000119
10909  -33.930  -79.076  -31.677 0.6000000238
10267  -32.192  -80.831  -33.669 0.4000000060
13138  -32.457  -75.892  -27.073 0.3000000119
13875  -31.002  -75.193  -27.448 0.3000000119
13153  -35.132  -76.403  -27.878 0.3000000119
12354  -35.438  -76.844  -28.586 0.5000000000
10919  -33.775  -79.329  -32.448 0.6000000238
11603  -34.406  -78.460  -30.967 0.6000000238
13141  -35.271  -76.876  -27.237 0.3000000119
11588  -32.516  -78.310  -29.459 0.5000000000
11574  -32.665  -78.084  -28.470 0.4000000060
125061  -34.305  -77.648  -28.302 0.5000000000
11573  -31.639  -78.355  -28.498 0.5000000000
11587  -31.401  -78.711  -29.492 0.5000000000
110392  -32.389  -78.131  -27.878 0.4000000060
11575  -33.746  -77.843  -27.723 0.4000000060
12371  -34.715  -77.525  -28.989 0.5000000000
10907  -31.948  -79.767  -31.103 0.5000000000
10894  -31.319  -79.218  -30.209 0.5000000000
12353  -35.019  -77.292  -27.855 0.4000000060
6094  -27.987  -87.228  -28.708 0.3000000119
6076  -27.759  -87.084  -27.683 0.3000000119
6665  -28.578  -86.783  -28.909 0.3000000119
6687  -28.916  -86.252  -29.204 0.3000000119
7267  -29.242  -85.688  -29.259 0.4000000060
6686  -28.183  -86.615  -29.545 0.3000000119
7265  -27.774  -86.331  -29.950 0.3000000119
7811  -29.479  -84.880  -29.192 0.4000000060
7266  -28.389  -86.007  -29.610 0.3000000119
7798  -29.767  -83.991  -28.906 0.4000000060
124250  -28.263  -84.859  -29.437 0.4000000060
114571  -27.605  -85.511  -30.016 0.4000000060
7282  -27.077  -86.157  -30.550 0.4000000060
110180  -30.406  -82.504  -28.075 0.3000000119
8351  -30.078  -83.162  -28.526 0.4000000060
9003  -29.605  -82.425  -28.291 0.4000000060
8350  -29.115  -83.132  -28.643 0.4000000060
8370  -28.017  -83.761  -29.639 0.4000000060
116732  -27.583  -84.448  -30.143 0.4000000060
9607  -29.752  -81.046  -27.055 0.3000000119
9614  -28.965  -81.511  -28.600 0.4000000060
9002  -28.819  -82.221  -28.733 0.4000000060
9023  -28.426  -82.253  -29.610 0.4000000060
9022  -27.927  -82.979  -30.034 0.4000000060
8369  -27.723  -83.667  -30.353 0.4000000060
8385  -27.452  -84.149  -31.004 0.4000000060
10214  -29.477  -80.398  -27.657 0.4000000060
10224  -28.945  -81.063  -28.741 0.4000000060
9631  -28.672  -81.540  -30.051 0.4000000060
9036  -28.316  -82.376  -30.792 0.4000000060
9035  -27.805  -83.275  -31.085 0.4000000060
7822  -26.966  -85.844  -31.518 0.4000000060
10225  -29.262  -80.435  -28.618 0.4000000060
10233  -28.918  -80.925  -29.358 0.4000000060
10243  -29.131  -80.953  -30.292 0.4000000060
9632  -29.027  -81.694  -31.170 0.4000000060
8392  -27.922  -84.036  -32.078 0.4000000060
117224  -28.426  -82.973  -31.737 0.4000000060
10892  -29.685  -79.700  -29.058 0.4000000060
10905  -29.950  -79.860  -30.054 0.4000000060
10244  -30.467  -80.495  -31.043 0.4000000060
10893  -30.518  -79.236  -29.521 0.4000000060
11560  -32.771  -78.148  -27.106 0.3000000119
11561  -34.116  -77.840  -26.567 0.3000000119
10253  -29.928  -81.225  -31.425 0.4000000060
11572  -30.823  -78.774  -28.767 0.4000000060
12342  -34.936  -77.248  -26.864 0.3000000119
10906  -30.881  -79.776  -30.589 0.4000000060
7797  -28.709  -83.929  -29.083 0.4000000060
8982  -29.877  -81.813  -27.694 0.4000000060
9608  -30.291  -81.679  -26.888 0.3000000119
8349  -28.356  -83.018  -29.163 0.4000000060
10204  -29.742  -80.277  -26.883 0.3000000119
115826  -29.286  -81.790  -28.276 0.4000000060
9623  -28.738  -81.537  -29.166 0.4000000060
10882  -29.623  -79.737  -28.107 0.4000000060
120507  -29.345  -80.326  -29.603 0.4000000060
10883  -30.182  -79.202  -28.474 0.4000000060
8352  -31.520  -83.358  -28.697 0.3000000119
113649  -31.312  -84.657  -29.302 0.3000000119
7269  -31.319  -85.278  -29.363 0.3000000119
8371  -30.827  -83.888  -28.946 0.3000000119
7268  -30.285  -85.497  -29.215 0.3000000119
117822  -30.530  -84.775  -29.221 0.3000000119
126919  -30.800  -83.096  -28.466 0.3000000119
10862  -29.714  -79.811  -27.398 0.3000000119
10872  -30.113  -79.291  -27.592 0.3000000119
11558  -30.760  -78.708  -27.943 0.3000000119
11559  -31.629  -78.373  -27.494 0.3000000119
9004  -31.197  -82.684  -28.077 0.3000000119
6664  -27.992  -87.051  -29.415 0.3000000119
6738  -24.750  -87.086  -34.894 0.4000000060
8405  -28.806  -84.004  -33.329 0.5000000000
9053  -25.573  -81.882  -33.454 0.4000000060
9054  -29.635  -83.616  -33.949 0.4000000060
9615  -29.284  -81.127  -28.071 0.4000000060
9655  -30.478  -82.410  -34.125 0.5000000000
10242  -25.723  -80.812  -30.692 0.5000000000
10256  -32.629  -80.447  -33.224 0.4000000060
10269  -29.857  -81.722  -34.335 0.5000000000
10270  -30.746  -81.702  -34.214 0.5000000000
10926  -32.965  -80.032  -33.364 0.6999999881
10930  -31.594  -80.765  -34.004 0.6000000238
11586  -25.471  -78.674  -30.072 0.5000000000
11590  -34.844  -77.902  -30.145 0.6000000238
11604  -35.233  -78.147  -31.446 0.6000000238
11605  -35.413  -77.929  -31.751 0.6999999881
11612  -35.114  -78.294  -31.982 0.6999999881
12343  -35.284  -76.902  -27.378 0.4000000060
12355  -35.791  -76.760  -29.648 0.5000000000
12379  -25.514  -77.320  -30.553 0.5000000000
12381  -35.530  -77.725  -30.669 0.6000000238
12389  -32.892  -77.405  -32.444 0.6999999881
12392  -35.608  -77.574  -31.630 0.6999999881
13166  -36.189  -76.470  -30.189 0.6000000238
13170  -27.255  -76.359  -30.844 0.5000000000
13173  -36.318  -76.707  -30.880 0.6999999881
13181  -35.808  -76.804  -31.529 0.6999999881
13878  -34.213  -75.929  -27.827 0.3000000119
13892  -35.733  -76.008  -29.108 0.3000000119
13896  -24.983  -75.348  -30.293 0.5000000000
13897  -35.778  -75.272  -29.473 0.5000000000
13903  -27.439  -75.581  -30.564 0.5000000000
13913  -36.403  -76.167  -31.107 0.6000000238
14594  -31.116  -74.497  -27.700 0.3000000119
14604  -24.210  -74.659  -28.848 0.4000000060
14606  -31.816  -74.380  -28.238 0.3000000119
14615  -35.946  -74.518  -30.345 0.5000000000
14624  -30.933  -74.638  -31.177 0.6000000238
14629  -36.158  -75.261  -31.053 0.6000000238
15292  -25.017  -73.288  -25.564 0.5000000000
15293  -25.710  -73.224  -25.742 0.5000000000
15294  -29.465  -74.206  -25.173 0.3000000119
15329  -25.884  -73.744  -28.898 0.5000000000
15332  -32.325  -73.473  -28.508 0.3000000119
15338  -28.908  -72.835  -30.191 0.6000000238
15340  -35.650  -73.672  -30.475 0.5000000000
15341  -28.033  -74.028  -30.256 0.5000000000
15348  -32.302  -73.580  -31.431 0.6999999881
16070  -25.149  -72.154  -24.643 0.6000000238
16073  -30.507  -72.747  -25.053 0.3000000119
16088  -30.614  -72.851  -26.039 0.3000000119
16099  -26.657  -72.959  -26.794 0.5000000000
16102  -31.154  -72.258  -26.452 0.3000000119
16113  -33.149  -72.391  -28.787 0.4000000060
16123  -34.222  -72.658  -31.310 0.8000000119
16806  -24.819  -71.275  -24.653 0.3000000119
16817  -38.072  -71.811  -25.113 0.3000000119
16823  -27.484  -71.716  -25.133 0.6000000238
16824  -28.165  -71.271  -25.603 0.6999999881
16827  -33.161  -71.064  -24.765 0.3000000119
16828  -36.735  -71.351  -25.108 0.3000000119
16843  -27.826  -71.867  -27.102 0.6000000238
16844  -28.405  -71.355  -27.740 0.6000000238
16852  -28.749  -71.724  -29.389 0.6999999881
16853  -29.400  -71.343  -29.677 0.6999999881
16860  -31.990  -71.262  -30.724 0.6999999881
16862  -35.058  -70.887  -30.826 0.6000000238
17576  -26.094  -70.507  -23.692 0.5000000000
17577  -26.775  -70.212  -23.494 0.5000000000
17586  -26.560  -70.964  -23.811 0.6000000238
17591  -34.931  -70.917  -24.725 0.4000000060
17600  -32.489  -70.692  -25.631 0.4000000060
17619  -39.788  -71.278  -26.587 0.3000000119
17634  -34.328  -69.637  -29.200 0.6000000238
17639  -34.598  -69.525  -30.124 0.8000000119
18377  -29.233  -69.560  -24.248 0.6000000238
18378  -29.842  -69.284  -24.641 0.6000000238
18393  -36.203  -70.394  -25.497 0.5000000000
18394  -38.175  -70.042  -26.440 0.5000000000
18404  -33.577  -69.172  -26.564 0.6000000238
18406  -40.407  -70.614  -27.127 0.3000000119
18416  -30.090  -69.743  -28.331 0.6999999881
18420  -30.662  -69.026  -28.549 0.6999999881
18424  -33.671  -68.729  -29.988 0.6000000238
19073  -28.884  -67.991  -22.703 0.5000000000
19087  -26.898  -68.438  -23.253 0.4000000060
19088  -27.679  -68.434  -22.954 0.5000000000
19090  -29.277  -68.527  -23.224 0.5000000000
19117  -35.304  -68.357  -25.917 0.5000000000
19118  -36.962  -68.114  -26.109 0.5000000000
19120  -38.540  -69.021  -26.464 0.5000000000
19127  -34.180  -68.342  -26.865 0.6000000238
19129  -35.431  -67.405  -26.686 0.5000000000
19132  -40.786  -69.552  -27.128 0.3000000119
19149  -32.432  -68.217  -29.598 0.6000000238
19797  -28.478  -67.403  -22.497 0.4000000060
19799  -30.088  -67.295  -22.721 0.4000000060
19853  -42.688  -67.983  -26.945 0.3000000119
19863  -32.241  -67.077  -28.758 0.6000000238
19867  -34.248  -67.185  -28.942 0.6000000238
20557  -32.273  -66.091  -24.672 0.4000000060
20560  -39.679  -66.556  -24.964 0.4000000060
20571  -33.588  -65.671  -26.381 0.5000000000
20573  -36.664  -66.443  -25.849 0.5000000000
20580  -44.942  -67.125  -26.276 0.4000000060
20589  -35.296  -66.117  -26.969 0.5000000000
20590  -35.947  -66.426  -26.369 0.5000000000
20594  -45.457  -66.000  -26.365 0.4000000060
20601  -33.957  -65.933  -28.042 0.5000000000
20602  -34.508  -66.173  -28.059 0.5000000000
20604  -33.500  -66.435  -28.549 0.5000000000
20605  -34.141  -66.498  -28.481 0.5000000000
21273  -30.007  -64.662  -21.655 0.4000000060
21274  -30.631  -65.083  -21.675 0.4000000060
21294  -33.063  -64.850  -22.797 0.4000000060
21314  -37.278  -65.313  -24.336 0.4000000060
21335  -35.925  -65.348  -24.790 0.4000000060
21336  -38.618  -65.810  -24.672 0.4000000060
21350  -33.786  -65.401  -25.678 0.4000000060
21362  -34.208  -65.728  -27.184 0.5000000000
21365  -44.945  -65.884  -26.616 0.4000000060
22076  -30.618  -64.211  -21.484 0.4000000060
22103  -36.623  -64.126  -23.028 0.4000000060
22120  -27.853  -65.051  -23.697 0.3000000119
22122  -34.122  -64.795  -24.378 0.4000000060
22124  -35.509  -64.461  -23.615 0.4000000060
22126  -37.691  -64.751  -23.606 0.4000000060
22841  -32.322  -63.058  -21.350 0.4000000060
22842  -33.318  -62.997  -21.473 0.4000000060
22843  -34.222  -62.917  -21.685 0.4000000060
22861  -29.116  -63.725  -22.429 0.3000000119
22864  -35.453  -63.544  -22.455 0.4000000060
24536  -31.779  -61.649  -21.497 0.4000000060
24552  -29.967  -61.957  -22.343 0.3000000119
24563  -29.730  -61.969  -23.148 0.3000000119
26165  -31.786  -59.460  -22.683 0.4000000060
26191  -31.597  -59.516  -24.717 0.3000000119
105720  -34.519  -68.169  -28.823 0.6999999881
107340  -33.546  -77.901  -28.794 0.5000000000
107583  -35.350  -71.502  -30.979 0.6000000238
108701  -27.047  -71.419  -24.357 0.6000000238
110719  -30.330  -72.118  -30.637 0.6999999881
111685  -30.817  -62.727  -21.432 0.4000000060
112595  -34.773  -78.449  -32.161 0.6999999881
116833  -34.422  -67.584  -28.732 0.6000000238
117939  -32.459  -58.964  -22.516 0.4000000060
118695  -34.979  -65.457  -26.152 0.5000000000
118785  -33.132  -58.744  -22.423 0.4000000060
119915  -45.164  -67.165  -25.567 0.4000000060
120798  -32.474  -58.363  -25.909 0.4000000060
122853  -42.601  -69.340  -27.119 0.3000000119
123355  -34.636  -68.839  -25.707 0.6000000238
123933  -32.430  -71.208  -28.268 0.4000000060
125233  -37.675  -70.703  -26.138 0.4000000060
126870  -37.188  -66.871  -25.935 0.5000000000
127429  -29.678  -80.494  -30.455 0.4000000060
