#!ascii label  , from subject sub-v1s20x0050348_ses-1 vox2ras=TkReg
1195
114930  -26.073  -92.578  -32.215 0.5000000000
113351  -24.217  -92.689  -32.076 0.6000000238
4057  -31.518  -90.981  -28.433 0.3000000119
3634  -24.015  -92.884  -32.947 0.5000000000
4551  -30.705  -90.803  -29.149 0.4000000060
4084  -31.045  -90.995  -29.090 0.4000000060
4553  -31.572  -90.437  -28.491 0.4000000060
4552  -31.457  -90.563  -28.630 0.4000000060
4079  -24.368  -91.746  -28.330 0.5000000000
3598  -23.947  -92.104  -29.062 0.5000000000
3624  -25.835  -92.417  -30.764 0.5000000000
4078  -23.320  -91.817  -28.286 0.6000000238
122261  -23.138  -92.025  -29.072 0.5000000000
3622  -23.823  -92.531  -30.888 0.6000000238
4540  -32.436  -90.305  -26.811 0.3000000119
107674  -22.898  -92.432  -30.608 0.5000000000
118081  -28.729  -91.439  -29.102 0.5000000000
4067  -29.858  -90.950  -29.326 0.5000000000
4539  -31.969  -90.617  -27.817 0.3000000119
4092  -22.638  -92.151  -29.658 0.6000000238
115912  -23.309  -92.685  -31.745 0.5000000000
114405  -29.840  -90.785  -28.161 0.5000000000
5036  -32.903  -89.409  -28.228 0.3000000119
4554  -32.517  -90.022  -28.190 0.3000000119
4536  -29.215  -90.343  -27.101 0.4000000060
4537  -30.318  -90.418  -27.751 0.4000000060
5024  -31.368  -89.465  -27.470 0.4000000060
4538  -30.635  -89.793  -27.347 0.4000000060
4518  -24.079  -90.810  -24.961 0.6999999881
4042  -24.109  -91.277  -25.717 0.6999999881
4053  -24.479  -91.392  -26.736 0.6999999881
4990  -22.976  -89.296  -24.500 0.6999999881
4503  -23.479  -90.343  -24.661 0.6999999881
4052  -23.548  -91.554  -26.589 0.8000000119
4063  -23.924  -91.593  -27.494 0.5000000000
4062  -22.973  -91.693  -27.388 0.6999999881
4094  -27.183  -92.001  -29.831 0.5000000000
123816  -22.840  -91.373  -25.015 0.6999999881
4082  -27.914  -91.748  -29.462 0.4000000060
5011  -32.807  -89.638  -26.092 0.3000000119
4061  -22.084  -92.006  -27.335 0.6000000238
110031  -27.598  -91.410  -28.401 0.5000000000
4550  -28.940  -90.976  -27.783 0.5000000000
5012  -33.293  -89.253  -27.042 0.3000000119
106504  -22.529  -91.900  -28.026 0.5000000000
4549  -27.820  -90.980  -27.569 0.5000000000
5008  -28.110  -89.261  -25.691 0.4000000060
5022  -28.795  -89.729  -26.300 0.4000000060
5533  -32.849  -89.370  -28.349 0.4000000060
5035  -32.364  -89.933  -28.299 0.4000000060
5009  -29.132  -89.062  -25.908 0.3000000119
5010  -30.153  -88.930  -26.357 0.4000000060
6054  -21.507  -87.235  -26.603 0.5000000000
126502  -21.705  -87.288  -26.046 0.6000000238
6055  -22.206  -87.237  -26.312 0.6000000238
5490  -23.359  -88.386  -24.642 0.6000000238
4991  -23.816  -89.295  -24.579 0.6000000238
6086  -19.716  -87.451  -28.621 0.5000000000
6073  -20.328  -87.343  -27.738 0.5000000000
111835  -20.756  -87.312  -26.844 0.6000000238
6024  -22.210  -87.686  -24.955 0.6000000238
5489  -22.460  -88.256  -24.594 0.6999999881
4064  -24.849  -91.412  -27.653 0.6000000238
4979  -33.009  -89.065  -23.302 0.3000000119
122851  -18.506  -88.315  -28.553 0.6999999881
6072  -19.595  -87.649  -27.676 0.6000000238
6052  -19.397  -87.711  -26.709 0.6000000238
120495  -21.137  -87.378  -25.873 0.6000000238
115007  -21.306  -87.688  -24.904 0.6999999881
4989  -22.073  -89.267  -24.357 0.6999999881
4054  -25.350  -91.165  -26.964 0.6000000238
4065  -25.853  -91.254  -27.918 0.6000000238
4093  -26.245  -92.129  -29.892 0.5000000000
5541  -18.285  -88.493  -29.203 0.6999999881
6071  -18.983  -87.927  -27.492 0.6000000238
6053  -20.245  -87.477  -26.234 0.6000000238
121759  -20.740  -88.241  -24.466 0.6999999881
4501  -21.640  -90.240  -24.287 0.6999999881
4081  -26.864  -91.519  -28.665 0.5000000000
5047  -17.134  -89.543  -28.896 0.6999999881
5540  -17.909  -88.880  -28.460 0.6000000238
5531  -17.851  -88.734  -27.437 0.6999999881
6022  -19.730  -87.758  -24.822 0.6000000238
5479  -20.175  -88.649  -24.217 0.6000000238
4050  -21.862  -92.058  -26.277 0.6999999881
4055  -26.101  -90.900  -27.094 0.5000000000
4534  -26.827  -90.501  -26.619 0.5000000000
5518  -18.059  -88.285  -25.930 0.6000000238
5487  -19.053  -88.069  -24.433 0.6000000238
4025  -21.194  -91.135  -24.554 0.6000000238
3564  -21.176  -92.204  -25.970 0.6000000238
3575  -21.359  -92.241  -26.931 0.6000000238
4522  -27.126  -89.730  -25.812 0.5000000000
5025  -33.027  -89.701  -27.735 0.3000000119
5021  -17.238  -89.151  -26.864 0.6999999881
5517  -17.365  -88.849  -26.014 0.6000000238
5503  -18.381  -88.108  -24.960 0.6000000238
5478  -19.386  -88.554  -24.128 0.6000000238
4489  -19.893  -89.420  -24.039 0.5000000000
4024  -20.333  -91.139  -24.496 0.5000000000
3574  -20.622  -92.397  -26.570 0.5000000000
127066  -21.195  -92.286  -28.310 0.5000000000
6062  -29.683  -87.531  -26.013 0.3000000119
5509  -30.046  -88.118  -25.833 0.3000000119
6064  -31.773  -88.192  -27.216 0.4000000060
5520  -32.036  -89.130  -27.706 0.4000000060
115892  -20.743  -92.432  -27.606 0.5000000000
6042  -28.246  -87.742  -25.646 0.3000000119
5507  -28.639  -88.419  -25.538 0.3000000119
5519  -30.935  -88.489  -26.674 0.4000000060
6101  -20.254  -87.091  -29.533 0.5000000000
6087  -20.704  -87.139  -28.514 0.5000000000
6088  -21.512  -87.099  -28.416 0.5000000000
106253  -22.099  -87.154  -27.836 0.5000000000
124488  -19.137  -87.693  -30.632 0.5000000000
6100  -19.388  -87.493  -29.693 0.5000000000
107734  -21.262  -87.178  -27.573 0.5000000000
118690  -21.951  -87.146  -27.072 0.5000000000
6037  -23.428  -87.486  -25.647 0.6000000238
6026  -23.741  -87.829  -24.992 0.6000000238
6099  -18.658  -88.005  -29.889 0.5000000000
4992  -24.575  -89.220  -24.680 0.6000000238
4519  -24.736  -90.652  -25.264 0.8000000119
4966  -33.012  -88.901  -22.138 0.3000000119
5563  -18.013  -89.026  -31.478 0.6000000238
5552  -18.084  -88.638  -30.212 0.6000000238
109974  -18.901  -87.929  -28.987 0.6000000238
5492  -24.950  -88.412  -24.851 0.4000000060
6016  -33.326  -88.355  -23.134 0.3000000119
122528  -17.031  -89.563  -29.781 0.6999999881
4520  -25.440  -90.356  -25.546 0.5000000000
4532  -25.027  -91.046  -26.087 0.6000000238
4994  -32.759  -89.450  -24.428 0.3000000119
5493  -33.100  -88.945  -25.528 0.3000000119
5059  -16.284  -90.012  -29.417 0.6999999881
5006  -25.692  -89.603  -25.079 0.4000000060
5034  -17.084  -89.401  -27.819 0.6999999881
4521  -26.193  -90.005  -25.738 0.4000000060
5521  -33.429  -89.298  -28.116 0.3000000119
5058  -15.473  -90.507  -28.860 0.6000000238
126509  -16.342  -90.011  -27.632 0.6999999881
5502  -17.656  -88.538  -25.323 0.6000000238
5477  -18.555  -88.636  -24.008 0.5000000000
4488  -19.230  -89.855  -23.899 0.5000000000
108341  -20.535  -92.278  -25.776 0.6000000238
5505  -26.652  -88.284  -25.221 0.4000000060
122046  -27.211  -89.010  -25.343 0.4000000060
6638  -29.054  -87.020  -26.917 0.3000000119
118146  -28.895  -87.457  -25.944 0.3000000119
6647  -29.892  -86.645  -27.652 0.3000000119
6639  -30.170  -87.162  -26.762 0.3000000119
5534  -33.366  -89.151  -28.318 0.3000000119
5501  -16.960  -89.114  -25.151 0.6000000238
5476  -17.642  -88.836  -23.935 0.5000000000
123611  -18.552  -89.826  -23.578 0.5000000000
4023  -19.523  -91.245  -24.373 0.5000000000
105396  -19.929  -92.441  -26.070 0.5000000000
3573  -19.854  -92.677  -27.015 0.6000000238
3585  -20.020  -92.658  -27.952 0.5000000000
5506  -27.701  -88.352  -25.373 0.3000000119
6061  -28.249  -87.280  -26.315 0.3000000119
5485  -16.944  -88.985  -24.199 0.5000000000
4022  -18.632  -91.457  -23.975 0.5000000000
3562  -18.755  -92.555  -25.303 0.5000000000
3046  -17.976  -92.895  -24.975 0.5000000000
108637  -20.382  -87.768  -31.903 0.5000000000
6115  -19.823  -87.292  -30.726 0.5000000000
111852  -21.245  -86.960  -29.294 0.5000000000
6103  -22.790  -86.844  -29.818 0.5000000000
110873  -22.223  -87.054  -28.881 0.5000000000
6089  -22.970  -87.173  -28.035 0.5000000000
5575  -18.751  -89.013  -32.482 0.5000000000
6116  -20.883  -87.058  -30.645 0.5000000000
114393  -23.444  -87.109  -27.145 0.4000000060
6114  -18.599  -88.256  -31.084 0.5000000000
6057  -23.965  -87.218  -26.425 0.4000000060
109580  -33.530  -87.951  -22.198 0.3000000119
6038  -24.187  -87.539  -25.590 0.4000000060
6027  -24.368  -87.920  -25.005 0.4000000060
5071  -17.273  -89.549  -31.836 0.6000000238
5562  -17.414  -89.232  -30.527 0.6000000238
5494  -33.171  -88.681  -24.232 0.3000000119
5060  -16.287  -89.723  -30.801 0.6000000238
4993  -25.777  -88.754  -24.961 0.4000000060
5070  -14.967  -89.969  -30.932 0.6000000238
6040  -26.428  -87.540  -25.723 0.4000000060
6044  -33.374  -88.416  -26.390 0.3000000119
108429  -15.303  -90.340  -29.791 0.6999999881
6041  -27.316  -87.736  -25.595 0.3000000119
121932  -27.688  -87.417  -25.947 0.3000000119
107733  -21.263  -87.602  -31.973 0.5000000000
6118  -22.476  -86.837  -30.966 0.5000000000
5576  -19.479  -88.257  -31.942 0.5000000000
111957  -23.048  -87.071  -28.911 0.4000000060
6090  -23.543  -87.146  -28.576 0.4000000060
5587  -19.514  -89.178  -33.436 0.6000000238
6074  -24.715  -87.214  -27.873 0.4000000060
113557  -24.731  -87.108  -26.877 0.4000000060
110542  -33.796  -87.542  -23.223 0.3000000119
5080  -16.581  -89.855  -32.306 0.6000000238
126334  -24.759  -87.304  -26.095 0.4000000060
108866  -25.510  -87.443  -25.819 0.4000000060
6059  -25.960  -87.194  -26.478 0.4000000060
109161  -26.726  -87.174  -26.562 0.4000000060
127439  -27.125  -87.369  -25.984 0.3000000119
6060  -27.516  -87.139  -26.692 0.3000000119
4568  -14.660  -90.661  -29.137 0.6000000238
6117  -21.706  -86.978  -31.109 0.5000000000
118037  -23.040  -87.346  -32.163 0.4000000060
6119  -23.407  -86.794  -30.780 0.4000000060
6132  -20.231  -88.855  -33.242 0.5000000000
6133  -20.950  -88.461  -33.178 0.5000000000
6104  -23.730  -86.938  -29.540 0.4000000060
6149  -20.026  -89.272  -34.053 0.6000000238
6150  -20.609  -89.072  -34.106 0.6000000238
6091  -24.229  -87.187  -28.683 0.4000000060
5574  -18.047  -89.542  -32.882 0.6000000238
5586  -18.769  -89.474  -33.719 0.6000000238
119542  -24.986  -87.243  -28.818 0.4000000060
6092  -25.657  -87.325  -28.471 0.4000000060
5089  -17.305  -89.821  -33.130 0.6000000238
116023  -25.571  -87.137  -27.311 0.4000000060
116420  -26.422  -87.354  -28.022 0.4000000060
122290  -26.337  -87.103  -27.136 0.4000000060
6093  -27.255  -87.415  -28.455 0.4000000060
6028  -33.198  -88.204  -25.111 0.3000000119
6029  -33.897  -87.016  -24.379 0.3000000119
5088  -16.447  -89.841  -33.297 0.6000000238
6075  -27.007  -87.158  -27.415 0.4000000060
6045  -33.655  -87.591  -26.470 0.3000000119
117023  -33.431  -87.582  -25.326 0.3000000119
122886  -15.546  -90.044  -32.292 0.6000000238
115809  -14.503  -89.791  -33.105 0.6999999881
5589  -14.986  -89.082  -34.996 0.6999999881
5079  -14.499  -90.081  -31.920 0.6000000238
5086  -14.285  -89.335  -34.640 0.6999999881
6158  -14.008  -88.979  -35.145 0.6999999881
5078  -13.131  -89.639  -32.553 0.6000000238
6148  -15.964  -87.778  -33.829 0.6999999881
6715  -15.922  -87.130  -32.419 0.6000000238
5584  -13.180  -88.817  -34.522 0.6999999881
6131  -15.001  -87.644  -33.211 0.6999999881
109040  -22.109  -87.475  -32.046 0.5000000000
6151  -21.326  -88.724  -34.146 0.5000000000
6152  -22.270  -88.495  -34.124 0.5000000000
115601  -21.742  -88.256  -33.197 0.5000000000
125232  -23.767  -87.777  -32.929 0.5000000000
113292  -24.057  -87.117  -31.810 0.4000000060
6163  -20.064  -89.089  -34.493 0.6000000238
6164  -20.786  -88.727  -34.604 0.6000000238
6165  -21.577  -88.340  -34.740 0.6000000238
6166  -22.604  -88.183  -34.621 0.6000000238
6120  -25.362  -87.023  -30.470 0.4000000060
5585  -17.955  -89.703  -33.902 0.6000000238
6732  -20.731  -87.758  -34.865 0.6000000238
120351  -21.269  -87.252  -34.744 0.6000000238
6105  -24.726  -87.088  -29.579 0.4000000060
5094  -17.131  -89.703  -33.840 0.6000000238
116371  -17.928  -89.409  -34.165 0.6000000238
110760  -19.447  -87.931  -34.525 0.6000000238
7301  -19.793  -86.619  -34.212 0.6000000238
7302  -20.557  -86.114  -34.153 0.6000000238
6685  -27.459  -86.895  -29.959 0.4000000060
5591  -17.167  -89.438  -34.153 0.6000000238
117562  -18.420  -87.539  -34.235 0.6000000238
6727  -18.837  -86.344  -33.797 0.6000000238
7297  -19.890  -85.100  -33.393 0.6000000238
8400  -20.838  -83.740  -32.677 0.6000000238
6107  -26.530  -87.432  -29.190 0.4000000060
6108  -27.423  -87.352  -29.381 0.4000000060
5093  -16.283  -89.478  -34.176 0.6000000238
6730  -17.519  -87.881  -34.205 0.5000000000
7296  -19.218  -85.366  -33.229 0.6000000238
117275  -20.200  -84.260  -32.813 0.6000000238
5087  -15.396  -89.655  -33.794 0.6999999881
5590  -16.067  -89.146  -34.461 0.6000000238
6726  -17.572  -86.826  -33.595 0.6000000238
7294  -17.957  -86.077  -33.053 0.6000000238
7828  -20.216  -83.911  -32.325 0.6000000238
8390  -21.352  -83.231  -32.117 0.6000000238
9039  -22.514  -82.794  -32.321 0.6000000238
7286  -18.268  -85.375  -31.904 0.6000000238
7820  -19.546  -84.300  -31.925 0.6000000238
106744  -20.964  -83.485  -31.687 0.6000000238
126932  -22.054  -83.027  -31.643 0.6000000238
6725  -16.811  -87.071  -33.381 0.6000000238
117270  -17.292  -86.418  -32.730 0.6000000238
7280  -18.939  -84.917  -31.403 0.5000000000
7821  -20.345  -83.942  -31.527 0.6000000238
8384  -21.489  -83.426  -31.217 0.6000000238
126070  -17.916  -85.611  -31.222 0.5000000000
6157  -13.294  -88.726  -34.876 0.6999999881
6714  -15.068  -86.998  -31.724 0.6999999881
6703  -16.915  -86.332  -30.980 0.5000000000
7278  -17.527  -85.811  -30.588 0.6000000238
7279  -18.292  -85.378  -30.868 0.5000000000
7809  -19.623  -84.609  -30.892 0.5000000000
7263  -18.073  -85.471  -29.905 0.6000000238
10210  -15.687  -79.919  -28.639 0.6000000238
10220  -16.788  -80.275  -29.336 0.6000000238
10230  -16.602  -80.263  -30.203 0.6000000238
6135  -23.093  -88.175  -33.556 0.5000000000
112875  -23.078  -88.336  -34.301 0.5000000000
6153  -23.965  -88.097  -33.906 0.5000000000
110614  -25.057  -87.102  -31.631 0.5000000000
119618  -24.395  -86.849  -30.613 0.4000000060
7303  -21.377  -85.634  -34.101 0.5000000000
114785  -22.095  -87.439  -34.822 0.5000000000
7304  -22.672  -86.005  -34.349 0.5000000000
6121  -25.901  -87.060  -31.355 0.4000000060
6122  -26.333  -86.974  -30.672 0.4000000060
7840  -22.747  -84.191  -33.761 0.5000000000
6106  -25.605  -87.281  -29.466 0.4000000060
111027  -26.163  -87.211  -30.204 0.4000000060
6684  -26.840  -87.253  -30.039 0.4000000060
7838  -21.117  -84.162  -33.247 0.5000000000
7839  -21.786  -84.254  -33.570 0.5000000000
109956  -21.730  -83.226  -32.611 0.6000000238
8409  -22.064  -83.335  -33.098 0.6000000238
8391  -21.783  -83.141  -32.444 0.6000000238
8402  -22.280  -83.014  -32.792 0.5000000000
120116  -22.888  -82.810  -31.533 0.4000000060
9040  -23.447  -82.514  -31.974 0.4000000060
9637  -24.880  -81.817  -31.929 0.4000000060
118283  -22.046  -83.281  -30.621 0.6000000238
9018  -22.916  -83.043  -30.488 0.6000000238
9033  -24.602  -82.477  -30.429 0.5000000000
9042  -25.055  -81.979  -30.967 0.4000000060
9638  -25.473  -81.265  -31.507 0.4000000060
10242  -25.723  -80.812  -30.692 0.4000000060
6146  -12.755  -88.197  -33.851 0.6999999881
8383  -20.963  -83.812  -30.723 0.6000000238
9019  -24.031  -82.876  -29.875 0.5000000000
116558  -25.421  -81.505  -30.572 0.4000000060
6702  -16.012  -86.707  -30.955 0.6000000238
108917  -19.452  -84.731  -29.753 0.5000000000
8366  -20.859  -83.860  -29.379 0.5000000000
8998  -23.349  -83.091  -29.200 0.5000000000
9020  -24.821  -82.473  -29.444 0.5000000000
9034  -25.214  -82.030  -30.029 0.4000000060
9630  -25.542  -81.290  -29.753 0.4000000060
6683  -16.649  -86.192  -30.160 0.6000000238
8347  -21.700  -83.486  -28.961 0.5000000000
10186  -15.351  -80.385  -26.454 0.6999999881
10199  -15.383  -80.181  -27.608 0.6000000238
10187  -16.032  -80.475  -25.760 0.6999999881
10211  -16.605  -80.253  -28.361 0.6000000238
10188  -17.171  -80.260  -25.969 0.6000000238
10231  -17.625  -80.851  -29.741 0.6000000238
10200  -17.765  -80.411  -27.339 0.6000000238
10189  -18.446  -80.385  -26.378 0.6000000238
10176  -17.849  -80.118  -24.776 0.6000000238
10163  -19.692  -79.898  -24.231 0.6000000238
10241  -17.048  -80.867  -30.445 0.5000000000
9621  -18.119  -81.034  -29.170 0.6000000238
109805  -18.606  -80.949  -27.877 0.6000000238
10202  -19.069  -80.821  -26.892 0.6000000238
10177  -18.942  -80.327  -25.657 0.6000000238
6136  -24.645  -87.650  -32.838 0.5000000000
9017  -16.949  -81.478  -30.484 0.5000000000
9620  -17.771  -81.106  -29.753 0.5000000000
9594  -19.229  -80.995  -26.870 0.5000000000
9581  -19.650  -80.842  -25.587 0.5000000000
6733  -23.160  -87.514  -34.845 0.4000000060
6734  -24.121  -87.654  -34.836 0.5000000000
6137  -25.606  -87.484  -32.613 0.5000000000
116216  -17.440  -81.715  -29.480 0.5000000000
8997  -18.114  -81.209  -29.115 0.5000000000
8959  -19.006  -81.493  -26.453 0.5000000000
9580  -19.419  -81.099  -26.188 0.5000000000
6737  -23.710  -86.786  -34.793 0.5000000000
110200  -26.287  -86.914  -31.440 0.4000000060
7281  -26.611  -86.596  -31.386 0.4000000060
7823  -27.169  -85.088  -30.782 0.4000000060
9031  -16.072  -82.305  -30.600 0.5000000000
8996  -17.643  -81.899  -28.590 0.5000000000
8977  -18.082  -81.765  -27.836 0.6000000238
8941  -18.133  -82.522  -25.645 0.6000000238
6704  -26.685  -86.855  -30.581 0.4000000060
107766  -15.335  -83.278  -28.962 0.6000000238
114010  -16.386  -82.759  -28.523 0.6000000238
8957  -17.160  -82.770  -26.830 0.6999999881
8403  -23.092  -83.184  -33.399 0.5000000000
7293  -12.438  -85.795  -33.751 0.6000000238
9052  -24.246  -82.355  -32.994 0.5000000000
106261  -24.837  -81.952  -32.783 0.4000000060
115203  -13.123  -86.463  -33.138 0.6000000238
120203  -24.202  -82.277  -32.347 0.4000000060
6129  -12.764  -87.357  -33.818 0.6000000238
122166  -13.649  -86.939  -32.625 0.6000000238
10262  -25.871  -80.941  -32.340 0.4000000060
6701  -15.105  -86.592  -30.552 0.6000000238
6130  -14.141  -87.362  -32.914 0.6999999881
7262  -17.223  -85.779  -29.546 0.6000000238
7245  -18.377  -85.253  -28.275 0.6000000238
7246  -18.639  -85.176  -29.289 0.5000000000
7796  -20.012  -84.382  -29.080 0.5000000000
109888  -15.144  -80.388  -25.177 0.6999999881
10175  -16.435  -80.411  -24.862 0.6999999881
10161  -16.880  -80.210  -23.857 0.6000000238
10162  -17.993  -79.979  -23.867 0.6000000238
112755  -18.231  -79.715  -22.967 0.6000000238
122903  -18.863  -79.785  -23.876 0.6000000238
10835  -19.282  -79.632  -23.345 0.6999999881
10836  -20.244  -79.769  -23.648 0.6000000238
10178  -20.000  -80.461  -24.883 0.6000000238
6739  -25.530  -87.242  -34.675 0.5000000000
119861  -25.246  -87.749  -34.244 0.5000000000
6154  -25.143  -87.783  -33.708 0.5000000000
115405  -26.042  -87.568  -33.371 0.5000000000
9569  -20.498  -80.853  -24.282 0.6000000238
10164  -20.777  -80.357  -23.880 0.5000000000
6728  -26.276  -87.498  -33.803 0.5000000000
6717  -26.638  -87.015  -32.410 0.5000000000
7288  -26.902  -86.523  -32.256 0.4000000060
8297  -18.384  -82.869  -24.911 0.6000000238
8942  -18.948  -81.974  -25.438 0.6000000238
105313  -21.352  -80.637  -23.427 0.5000000000
120335  -24.331  -84.888  -34.179 0.5000000000
7825  -13.444  -84.645  -31.910 0.6000000238
7826  -13.965  -84.134  -31.261 0.4000000060
8382  -14.618  -83.583  -30.576 0.6000000238
8336  -16.566  -83.334  -27.065 0.6000000238
8940  -17.346  -82.993  -26.027 0.6000000238
8922  -19.598  -82.275  -24.324 0.6000000238
111170  -24.080  -83.353  -33.814 0.4000000060
7306  -24.649  -84.093  -34.126 0.4000000060
7819  -13.606  -85.171  -31.014 0.5000000000
7808  -14.133  -84.466  -30.231 0.5000000000
8345  -15.001  -83.862  -28.669 0.6000000238
107904  -15.565  -83.661  -28.191 0.6999999881
7766  -16.674  -84.030  -26.576 0.6000000238
7752  -17.193  -83.698  -26.111 0.6000000238
8312  -18.375  -83.314  -25.007 0.6000000238
9057  -24.077  -82.812  -33.479 0.5000000000
7284  -13.253  -85.570  -32.256 0.6000000238
7241  -14.814  -84.459  -28.870 0.6000000238
7793  -15.355  -84.320  -28.267 0.6000000238
118220  -17.381  -84.223  -26.213 0.6000000238
7754  -18.612  -83.997  -25.418 0.6000000238
8300  -20.287  -83.189  -24.323 0.6000000238
111929  -24.921  -82.423  -33.528 0.4000000060
6700  -13.746  -86.220  -31.357 0.5000000000
7277  -14.063  -85.440  -30.248 0.6000000238
7231  -15.872  -84.849  -27.920 0.6000000238
7219  -17.666  -84.739  -26.821 0.6000000238
7755  -19.514  -84.070  -25.600 0.6000000238
6713  -14.411  -86.704  -31.403 0.6000000238
6680  -14.492  -86.267  -30.374 0.6000000238
7243  -16.125  -85.433  -28.556 0.6000000238
127114  -17.577  -85.117  -27.336 0.6000000238
7244  -16.901  -85.622  -28.605 0.6000000238
6682  -15.794  -86.281  -29.951 0.6000000238
7795  -19.192  -84.784  -28.696 0.5000000000
8346  -21.131  -83.762  -28.282 0.5000000000
10173  -14.743  -79.949  -24.245 0.6999999881
10174  -15.376  -80.309  -24.324 0.6999999881
11523  -14.693  -78.108  -23.319 0.6999999881
10831  -14.819  -79.207  -23.275 0.6999999881
10159  -15.027  -79.957  -23.697 0.6999999881
10833  -16.225  -79.995  -23.034 0.6999999881
10819  -17.394  -79.665  -22.178 0.6000000238
120722  -18.109  -79.595  -22.067 0.6000000238
10808  -19.477  -79.387  -21.719 0.5000000000
10820  -18.886  -79.530  -22.389 0.6999999881
10809  -20.523  -79.350  -21.981 0.5000000000
108455  -21.170  -79.515  -22.458 0.5000000000
10837  -21.465  -79.898  -23.019 0.5000000000
6740  -26.343  -86.901  -34.422 0.4000000060
108201  -27.108  -86.899  -33.688 0.5000000000
7289  -27.310  -85.928  -32.697 0.5000000000
7829  -27.507  -84.958  -32.063 0.4000000060
7844  -25.250  -85.239  -34.358 0.4000000060
7308  -27.148  -86.602  -34.126 0.4000000060
111612  -21.302  -81.730  -23.355 0.6000000238
8299  -19.503  -82.888  -24.288 0.6000000238
8904  -21.291  -82.370  -23.564 0.6000000238
114008  -20.275  -83.703  -25.181 0.6000000238
120725  -22.132  -82.572  -23.924 0.6000000238
7782  -18.543  -84.728  -26.870 0.6000000238
7770  -19.775  -84.302  -26.437 0.6000000238
8923  -22.068  -82.967  -24.718 0.6000000238
120562  -17.475  -85.418  -27.859 0.6000000238
116585  -21.132  -83.565  -25.866 0.5000000000
7794  -18.919  -84.821  -27.742 0.6000000238
7784  -20.469  -84.101  -27.343 0.5000000000
12312  -14.427  -77.159  -23.394 0.6999999881
11512  -14.987  -78.343  -22.694 0.6999999881
11513  -15.402  -78.682  -22.156 0.6999999881
10817  -15.722  -79.431  -22.463 0.6999999881
10804  -16.012  -79.110  -21.740 0.6000000238
10805  -16.792  -79.360  -21.499 0.6999999881
10806  -17.637  -79.452  -21.414 0.4000000060
12296  -13.996  -76.908  -22.671 0.6999999881
109171  -14.537  -77.154  -22.127 0.6999999881
12298  -15.062  -77.622  -22.018 0.6000000238
11496  -15.652  -78.162  -21.473 0.6000000238
10799  -19.020  -79.277  -20.838 0.5000000000
11511  -12.292  -77.833  -22.241 0.6999999881
12280  -13.266  -77.264  -21.967 0.6999999881
11483  -20.564  -78.637  -20.328 0.5000000000
11495  -11.531  -78.435  -21.833 0.6999999881
10801  -20.992  -78.996  -21.076 0.5000000000
11477  -11.380  -78.568  -20.796 0.6000000238
11463  -11.385  -78.554  -19.700 0.6000000238
11452  -10.483  -78.326  -18.485 0.6000000238
112010  -9.298  -75.839  -17.517 0.5000000000
114781  -10.263  -75.671  -17.625 0.5000000000
7834  -27.927  -85.132  -33.200 0.4000000060
114156  -28.262  -84.546  -33.009 0.4000000060
11479  -16.774  -78.314  -20.475 0.5000000000
10797  -17.171  -79.093  -20.820 0.5000000000
12281  -14.087  -77.046  -21.738 0.6000000238
12282  -14.740  -77.111  -21.450 0.6000000238
12283  -15.291  -77.321  -21.231 0.6000000238
12267  -16.323  -77.346  -20.269 0.6000000238
11480  -17.645  -78.645  -20.274 0.5000000000
11481  -18.586  -78.800  -20.219 0.5000000000
11482  -19.567  -78.772  -20.280 0.5000000000
11478  -12.458  -77.993  -21.225 0.6999999881
12263  -13.523  -77.285  -21.032 0.6000000238
12265  -14.646  -76.919  -20.899 0.6000000238
12266  -15.013  -76.877  -20.861 0.6000000238
13047  -15.876  -76.628  -20.067 0.6000000238
11469  -21.047  -78.023  -19.792 0.5000000000
11464  -12.340  -78.188  -20.076 0.6999999881
12243  -13.263  -77.414  -20.034 0.6000000238
12244  -13.872  -76.812  -19.712 0.6000000238
13026  -14.501  -76.485  -19.831 0.6000000238
13028  -15.441  -76.221  -19.712 0.6000000238
11454  -12.075  -78.273  -19.011 0.6000000238
112884  -12.693  -77.789  -19.300 0.6000000238
13005  -13.171  -76.881  -18.375 0.6000000238
13006  -13.940  -76.449  -18.971 0.6000000238
11441  -11.800  -78.093  -18.207 0.6000000238
12208  -12.048  -77.507  -17.833 0.6000000238
12991  -12.583  -76.761  -17.786 0.6000000238
13747  -14.232  -75.798  -18.408 0.6000000238
12207  -11.353  -77.691  -17.795 0.5000000000
116472  -10.993  -76.256  -17.604 0.5000000000
13734  -11.988  -76.049  -17.578 0.5000000000
13735  -12.918  -75.789  -17.587 0.6000000238
123872  -13.605  -75.550  -17.749 0.6000000238
14449  -9.004  -74.345  -17.300 0.5000000000
117776  -11.218  -75.199  -17.858 0.5000000000
14451  -12.309  -75.135  -17.635 0.6000000238
16010  -9.453  -72.789  -17.929 0.5000000000
15225  -10.621  -73.838  -18.546 0.5000000000
14473  -10.499  -74.758  -17.963 0.4000000060
15208  -11.494  -74.388  -18.088 0.5000000000
15209  -12.428  -74.201  -17.584 0.6000000238
11465  -17.202  -77.846  -19.914 0.6000000238
12247  -18.636  -77.672  -19.133 0.5000000000
11467  -19.108  -78.255  -19.662 0.5000000000
12245  -16.733  -76.966  -19.696 0.6000000238
12246  -17.661  -77.429  -19.309 0.5000000000
11468  -20.091  -78.164  -19.698 0.5000000000
107087  -16.500  -75.824  -18.916 0.6999999881
13010  -17.393  -75.959  -18.346 0.6999999881
13008  -15.176  -75.870  -19.353 0.6000000238
13009  -15.687  -75.773  -19.238 0.6999999881
13748  -14.919  -75.435  -18.832 0.6000000238
13749  -15.358  -75.312  -18.904 0.6999999881
13736  -14.310  -75.078  -17.939 0.6000000238
13737  -15.000  -74.745  -18.364 0.6999999881
14452  -13.309  -74.814  -17.469 0.6000000238
14453  -14.165  -74.049  -17.487 0.6999999881
16752  -8.706  -71.420  -17.960 0.5000000000
16011  -10.252  -73.099  -18.793 0.5000000000
15226  -11.062  -73.669  -18.633 0.4000000060
15227  -11.630  -73.602  -18.290 0.6000000238
15210  -13.177  -73.796  -17.358 0.6000000238
16753  -9.310  -71.549  -18.754 0.5000000000
16012  -10.859  -72.990  -18.986 0.4000000060
16013  -11.450  -72.752  -18.964 0.5000000000
12248  -19.599  -77.638  -19.125 0.5000000000
12226  -19.143  -77.105  -18.611 0.5000000000
12224  -17.216  -76.550  -19.000 0.6000000238
12993  -18.197  -76.041  -17.884 0.5000000000
12994  -19.056  -75.993  -17.727 0.5000000000
13751  -16.799  -75.322  -18.302 0.6999999881
13739  -16.360  -74.585  -18.092 0.6999999881
14455  -15.824  -74.042  -18.080 0.6000000238
15992  -13.575  -72.913  -17.370 0.6999999881
115139  -15.638  -73.369  -17.731 0.6000000238
15991  -12.613  -73.229  -17.607 0.6000000238
16763  -10.024  -71.769  -19.467 0.5000000000
16032  -11.191  -72.343  -19.545 0.4000000060
123568  -12.192  -72.800  -18.217 0.6000000238
16773  -11.157  -71.501  -20.440 0.4000000060
16764  -10.828  -71.926  -19.913 0.4000000060
16766  -12.121  -71.743  -20.080 0.5000000000
16033  -11.776  -72.150  -19.649 0.5000000000
13740  -17.660  -75.445  -17.731 0.6000000238
13741  -18.507  -75.427  -17.428 0.5000000000
107491  -17.188  -74.894  -17.696 0.6000000238
13723  -17.923  -74.759  -17.184 0.5000000000
14456  -17.141  -74.233  -17.390 0.6000000238
15211  -16.391  -73.730  -17.674 0.6000000238
15187  -17.120  -73.324  -17.230 0.5000000000
15994  -16.252  -72.791  -17.437 0.6000000238
15993  -14.496  -72.336  -17.415 0.6999999881
116306  -15.292  -72.008  -17.314 0.5000000000
16014  -12.877  -72.373  -17.765 0.6000000238
16754  -12.473  -72.052  -19.036 0.5000000000
16774  -11.843  -71.438  -20.469 0.4000000060
16767  -12.629  -71.321  -19.945 0.5000000000
22088  -9.087  -64.149  -22.177 0.4000000060
22089  -9.707  -63.340  -22.463 0.3000000119
21282  -9.830  -64.786  -22.739 0.4000000060
15189  -18.654  -73.465  -16.834 0.5000000000
21300  -9.726  -66.075  -23.132 0.3000000119
21301  -10.570  -65.378  -23.403 0.4000000060
15975  -17.084  -72.326  -17.084 0.5000000000
105674  -17.870  -72.958  -16.920 0.5000000000
19805  -9.588  -67.368  -23.408 0.3000000119
116825  -10.519  -66.414  -23.731 0.4000000060
107137  -16.144  -71.916  -17.216 0.5000000000
19078  -9.881  -67.787  -23.238 0.3000000119
16735  -14.620  -71.592  -17.467 0.6000000238
16755  -13.245  -71.692  -18.053 0.6999999881
17516  -13.991  -71.056  -17.836 0.6000000238
17531  -13.281  -71.096  -18.978 0.5000000000
17540  -13.047  -70.727  -19.820 0.4000000060
17541  -13.514  -70.299  -19.302 0.4000000060
23651  -9.309  -60.635  -21.808 0.3000000119
22854  -9.439  -61.812  -22.172 0.3000000119
22855  -10.293  -62.588  -22.560 0.3000000119
22090  -10.666  -64.065  -23.036 0.3000000119
22113  -11.414  -64.929  -23.800 0.4000000060
117908  -17.897  -72.104  -16.825 0.5000000000
122083  -10.550  -67.065  -24.008 0.4000000060
21302  -11.305  -65.934  -24.066 0.4000000060
16715  -17.377  -71.643  -16.920 0.5000000000
19806  -10.398  -67.539  -23.737 0.4000000060
20549  -11.865  -67.196  -24.750 0.4000000060
16736  -15.476  -71.355  -17.354 0.5000000000
17500  -17.157  -70.920  -16.954 0.5000000000
19079  -10.744  -68.166  -23.331 0.4000000060
17518  -15.616  -70.520  -17.469 0.5000000000
17532  -14.036  -70.278  -18.501 0.5000000000
17517  -14.760  -70.334  -17.835 0.5000000000
120947  -12.006  -70.199  -21.444 0.3000000119
17559  -12.879  -69.833  -20.935 0.4000000060
18306  -13.303  -69.899  -20.032 0.4000000060
18293  -14.791  -69.620  -18.313 0.4000000060
123000  -9.325  -59.782  -20.980 0.3000000119
23667  -9.968  -61.351  -22.095 0.3000000119
22856  -11.243  -63.142  -22.966 0.4000000060
22091  -11.569  -64.056  -23.510 0.4000000060
15995  -20.253  -72.599  -17.457 0.4000000060
16717  -19.795  -72.041  -17.188 0.4000000060
20536  -11.189  -66.787  -24.331 0.4000000060
21303  -12.133  -65.563  -24.547 0.4000000060
118431  -17.911  -71.329  -16.823 0.4000000060
117091  -12.682  -66.968  -25.227 0.4000000060
17519  -16.532  -70.209  -17.255 0.5000000000
19824  -11.814  -67.733  -24.470 0.4000000060
18359  -12.549  -68.761  -23.435 0.3000000119
127308  -15.971  -69.994  -17.527 0.5000000000
113120  -13.232  -69.284  -21.461 0.3000000119
24543  -10.342  -61.206  -21.915 0.3000000119
117174  -11.617  -62.122  -22.230 0.3000000119
22872  -11.845  -62.580  -22.793 0.3000000119
23686  -12.689  -62.605  -23.313 0.4000000060
22888  -12.978  -63.993  -24.314 0.4000000060
22889  -13.751  -63.887  -24.917 0.3000000119
22114  -12.352  -64.579  -24.251 0.4000000060
123893  -20.658  -71.566  -18.030 0.4000000060
16756  -20.831  -71.713  -18.569 0.4000000060
116431  -12.911  -65.347  -25.013 0.4000000060
16716  -19.226  -71.510  -17.007 0.4000000060
17501  -17.918  -70.544  -16.871 0.4000000060
19826  -13.252  -67.426  -25.051 0.3000000119
17520  -17.336  -70.153  -17.032 0.4000000060
19081  -12.930  -68.402  -24.066 0.3000000119
19098  -13.156  -68.010  -24.503 0.3000000119
19068  -13.303  -68.694  -22.995 0.3000000119
18307  -14.135  -69.537  -19.187 0.4000000060
24528  -11.233  -61.713  -21.358 0.3000000119
23687  -13.301  -62.484  -23.852 0.4000000060
22874  -13.166  -63.234  -24.045 0.4000000060
16769  -21.383  -71.268  -19.828 0.4000000060
114644  -20.870  -71.045  -18.295 0.4000000060
22136  -14.237  -64.673  -25.372 0.4000000060
16738  -19.823  -71.255  -17.349 0.4000000060
21326  -13.706  -65.650  -25.418 0.4000000060
17502  -18.582  -71.007  -16.893 0.4000000060
17521  -19.946  -70.427  -17.502 0.4000000060
124340  -13.684  -66.890  -25.223 0.3000000119
18268  -18.625  -70.174  -16.985 0.4000000060
19793  -13.916  -67.503  -23.908 0.3000000119
18280  -17.192  -69.421  -17.273 0.5000000000
19082  -13.313  -68.262  -23.864 0.3000000119
111110  -13.666  -68.121  -23.178 0.3000000119
18279  -16.240  -69.411  -17.594 0.5000000000
19041  -14.197  -68.578  -20.349 0.3000000119
18308  -14.962  -68.893  -18.771 0.4000000060
110119  -12.820  -61.827  -22.268 0.3000000119
23700  -14.899  -62.864  -25.141 0.3000000119
22890  -14.571  -63.762  -25.236 0.3000000119
16757  -21.221  -71.220  -18.941 0.4000000060
21327  -14.499  -65.330  -25.310 0.3000000119
17533  -21.285  -70.496  -18.512 0.4000000060
17534  -21.784  -70.620  -19.180 0.3000000119
21304  -14.734  -65.821  -24.805 0.3000000119
18282  -19.369  -69.846  -17.234 0.4000000060
17522  -20.657  -70.334  -17.954 0.4000000060
20522  -14.500  -66.784  -23.202 0.3000000119
20508  -14.736  -66.912  -22.109 0.3000000119
19010  -17.554  -68.609  -17.460 0.4000000060
19069  -13.751  -68.318  -22.364 0.3000000119
19766  -14.521  -67.826  -20.763 0.3000000119
19042  -14.902  -68.022  -19.941 0.3000000119
19017  -15.721  -68.462  -18.554 0.3000000119
22137  -14.959  -64.486  -25.312 0.3000000119
22875  -15.868  -63.523  -24.658 0.3000000119
21305  -15.146  -65.013  -24.930 0.3000000119
18295  -21.801  -69.905  -18.671 0.3000000119
18283  -20.190  -69.497  -17.667 0.4000000060
18294  -21.050  -69.656  -18.221 0.4000000060
20523  -15.087  -66.024  -22.609 0.3000000119
18281  -18.711  -69.238  -17.156 0.4000000060
111918  -19.501  -69.099  -17.368 0.4000000060
19778  -14.314  -67.693  -21.707 0.3000000119
19019  -17.020  -68.112  -17.940 0.3000000119
19031  -15.996  -67.839  -18.924 0.3000000119
126537  -15.557  -65.262  -22.630 0.3000000119
20509  -15.387  -66.363  -21.545 0.3000000119
19013  -19.996  -68.582  -17.676 0.3000000119
19021  -21.326  -68.159  -18.478 0.3000000119
19779  -14.958  -67.096  -21.150 0.3000000119
19736  -18.892  -67.844  -17.679 0.3000000119
19755  -15.648  -67.589  -19.609 0.3000000119
21270  -16.484  -65.241  -21.369 0.3000000119
22072  -16.992  -64.466  -21.478 0.3000000119
20510  -16.061  -65.926  -21.050 0.3000000119
19737  -19.728  -67.886  -17.827 0.3000000119
21271  -17.064  -65.040  -20.973 0.3000000119
22073  -17.492  -64.672  -20.912 0.3000000119
119966  -13.928  -69.182  -19.945 0.4000000060
19054  -13.289  -68.992  -22.192 0.3000000119
19040  -13.791  -68.551  -21.347 0.3000000119
107947  -25.214  -91.610  -28.391 0.5000000000
3612  -24.479  -92.361  -30.107 0.5000000000
3611  -23.441  -92.268  -29.818 0.5000000000
3599  -25.120  -92.081  -29.271 0.5000000000
4096  -28.640  -91.942  -29.817 0.5000000000
4041  -23.474  -91.161  -25.027 0.6999999881
5005  -25.020  -89.870  -24.889 0.6999999881
4502  -22.566  -90.266  -24.497 0.6999999881
4051  -22.622  -91.747  -26.494 0.6999999881
4095  -28.018  -92.124  -30.044 0.4000000060
4039  -21.593  -91.833  -25.243 0.6999999881
5522  -33.635  -89.011  -27.719 0.3000000119
4535  -28.103  -90.277  -26.572 0.5000000000
6056  -23.053  -87.263  -26.375 0.6000000238
6025  -22.984  -87.738  -24.957 0.6000000238
112821  -22.628  -87.133  -27.109 0.5000000000
6085  -19.033  -87.925  -28.224 0.6000000238
123563  -21.603  -88.378  -24.488 0.6999999881
6035  -19.634  -87.633  -25.624 0.6000000238
6023  -20.391  -87.814  -24.755 0.6000000238
4533  -25.807  -90.696  -26.338 0.5000000000
4066  -26.780  -91.023  -27.672 0.6000000238
4080  -26.051  -91.736  -28.963 0.5000000000
4500  -20.667  -90.268  -24.178 0.6000000238
118992  -18.295  -88.443  -24.328 0.5000000000
4038  -20.756  -91.951  -25.033 0.5000000000
6065  -33.829  -88.517  -27.683 0.3000000119
116426  -16.690  -89.830  -27.091 0.6000000238
4037  -20.022  -91.756  -24.782 0.5000000000
6640  -31.044  -87.412  -26.886 0.3000000119
116967  -25.207  -89.191  -24.814 0.5000000000
5535  -33.709  -88.982  -28.296 0.3000000119
3554  -19.289  -92.026  -24.780 0.5000000000
111297  -19.145  -89.038  -34.437 0.6000000238
5092  -15.137  -89.202  -34.771 0.6999999881
6729  -16.726  -88.052  -34.226 0.6000000238
6716  -16.722  -86.574  -31.950 0.6000000238
126475  -23.197  -86.911  -34.788 0.5000000000
7833  -20.549  -84.654  -33.396 0.6000000238
7287  -18.987  -84.892  -32.358 0.6000000238
109980  -13.167  -87.965  -34.068 0.6000000238
10221  -17.803  -80.671  -29.017 0.6000000238
6168  -24.498  -87.906  -34.439 0.4000000060
114408  -25.403  -81.432  -32.539 0.4000000060
8368  -22.346  -83.277  -29.602 0.4000000060
106896  -12.140  -87.453  -34.079 0.6000000238
112941  -16.692  -80.316  -26.580 0.6000000238
9593  -18.900  -81.104  -27.459 0.6000000238
7298  -27.112  -86.763  -33.101 0.5000000000
9016  -16.313  -82.477  -29.707 0.5000000000
8902  -20.227  -81.837  -23.872 0.6000000238
8365  -15.252  -83.036  -29.973 0.4000000060
7260  -15.653  -85.703  -29.254 0.5000000000
8410  -25.050  -83.182  -34.106 0.5000000000
7780  -16.391  -84.506  -27.215 0.6000000238
7259  -14.937  -85.377  -29.204 0.5000000000
111781  -10.437  -78.571  -20.857 0.6000000238
15207  -9.765  -74.291  -17.797 0.5000000000
12264  -14.182  -76.888  -20.481 0.6000000238
13045  -14.804  -76.641  -20.425 0.6000000238
13029  -16.195  -76.268  -19.484 0.6000000238
12222  -12.556  -77.595  -18.421 0.6000000238
123580  -9.255  -71.991  -18.081 0.5000000000
13011  -18.717  -76.553  -18.198 0.5000000000
117893  -14.695  -73.180  -17.504 0.6000000238
16031  -10.556  -72.429  -19.305 0.5000000000
16734  -13.729  -71.944  -17.594 0.6000000238
21281  -9.076  -65.416  -22.501 0.3000000119
15188  -17.854  -73.875  -16.956 0.5000000000
16775  -12.239  -71.126  -20.497 0.3000000119
126813  -19.160  -72.910  -16.846 0.4000000060
114799  -18.571  -71.796  -16.826 0.4000000060
17551  -12.679  -70.614  -20.430 0.4000000060
18337  -12.761  -69.517  -21.855 0.3000000119
18278  -15.524  -69.091  -18.099 0.5000000000
116139  -20.399  -71.043  -17.799 0.4000000060
24544  -10.985  -61.658  -21.837 0.3000000119
19808  -13.830  -67.139  -24.934 0.3000000119
18267  -17.942  -69.739  -17.015 0.4000000060
19030  -15.297  -68.243  -19.214 0.3000000119
20537  -14.342  -66.649  -24.438 0.3000000119
19009  -16.259  -68.644  -17.971 0.4000000060
24529  -13.450  -61.656  -21.772 0.3000000119
21283  -14.787  -66.129  -23.738 0.3000000119
19011  -18.392  -68.496  -17.377 0.4000000060
21285  -15.757  -65.577  -21.841 0.3000000119
3021  -16.082  -92.948  -22.575 0.5000000000
3036  -16.448  -93.332  -23.345 0.5000000000
3037  -17.116  -93.046  -23.647 0.5000000000
3552  -17.716  -92.648  -24.089 0.4000000060
108475  -14.215  -92.071  -21.480 0.5000000000
3529  -15.613  -92.469  -21.927 0.5000000000
3530  -16.332  -92.173  -22.135 0.5000000000
3541  -16.754  -92.650  -22.862 0.5000000000
3542  -17.428  -92.185  -23.165 0.5000000000
3553  -18.410  -92.282  -24.467 0.4000000060
117047  -13.849  -90.752  -21.401 0.4000000060
3983  -15.213  -91.240  -21.582 0.5000000000
3514  -16.456  -91.233  -21.995 0.5000000000
4012  -17.859  -91.353  -23.225 0.4000000060
4468  -14.550  -90.514  -22.031 0.5000000000
4469  -15.481  -90.576  -22.016 0.5000000000
3984  -15.697  -90.902  -21.766 0.5000000000
4955  -15.031  -90.393  -22.600 0.5000000000
4470  -16.117  -90.573  -22.041 0.5000000000
4973  -15.706  -89.988  -23.168 0.5000000000
4974  -16.653  -89.606  -23.246 0.5000000000
5475  -16.972  -89.129  -23.688 0.4000000060
4467  -13.846  -90.229  -22.496 0.5000000000
4485  -14.575  -90.534  -23.534 0.5000000000
4986  -15.475  -90.235  -23.992 0.5000000000
117250  -16.411  -89.541  -23.753 0.5000000000
6070  -13.391  -88.199  -27.108 0.5000000000
4496  -13.782  -90.321  -23.523 0.5000000000
4514  -13.654  -90.566  -24.459 0.5000000000
4515  -13.893  -91.150  -25.125 0.5000000000
108271  -13.702  -91.065  -25.903 0.5000000000
4498  -14.403  -91.017  -24.532 0.5000000000
4530  -14.197  -91.339  -26.076 0.5000000000
5003  -15.503  -90.701  -24.936 0.5000000000
5004  -16.289  -90.082  -25.339 0.5000000000
5516  -13.360  -89.048  -26.394 0.5000000000
105792  -13.249  -88.644  -27.978 0.5000000000
5549  -12.580  -88.567  -29.421 0.5000000000
5019  -13.494  -90.396  -26.522 0.5000000000
5539  -13.086  -89.315  -28.866 0.5000000000
5550  -12.896  -89.364  -29.822 0.5000000000
123449  -13.833  -91.116  -26.568 0.5000000000
4545  -14.023  -90.585  -28.129 0.5000000000
4559  -13.941  -90.521  -28.870 0.5000000000
4531  -15.025  -91.323  -26.479 0.5000000000
4546  -14.368  -90.873  -27.714 0.5000000000
4516  -14.718  -91.267  -25.504 0.5000000000
4517  -15.756  -90.871  -25.911 0.5000000000
5020  -16.645  -89.833  -26.199 0.5000000000
6145  -11.973  -87.743  -33.621 0.5000000000
5572  -12.239  -88.598  -32.963 0.6000000238
5560  -12.388  -88.833  -30.657 0.5000000000
5056  -13.546  -90.066  -29.591 0.5000000000
5561  -12.571  -89.422  -32.010 0.5000000000
4567  -14.107  -90.507  -29.361 0.5000000000
5057  -13.894  -90.117  -30.247 0.5000000000
5045  -15.609  -90.439  -27.901 0.5000000000
4561  -14.796  -90.699  -28.255 0.5000000000
4548  -15.929  -90.719  -26.924 0.5000000000
7292  -11.684  -86.358  -34.274 0.5000000000
6724  -12.197  -86.823  -34.147 0.5000000000
5573  -12.796  -89.108  -33.374 0.6000000238
11568  -14.910  -77.854  -29.320 0.5000000000
10878  -15.227  -79.026  -28.980 0.6000000238
11553  -14.172  -77.698  -28.208 0.5000000000
11554  -14.507  -78.724  -28.355 0.5000000000
10870  -14.721  -79.624  -27.985 0.6000000238
10860  -14.459  -79.939  -26.999 0.6000000238
11541  -13.839  -77.985  -26.980 0.5000000000
10859  -13.921  -79.125  -26.459 0.6000000238
11534  -13.934  -78.007  -25.890 0.5000000000
10852  -14.337  -79.995  -25.893 0.6000000238
10851  -13.988  -78.979  -25.454 0.6000000238
108741  -14.318  -76.917  -25.116 0.5000000000
10844  -14.387  -77.467  -24.563 0.6000000238
10845  -14.455  -79.059  -23.949 0.6000000238
109968  -13.940  -76.476  -24.801 0.5000000000
12318  -14.335  -76.861  -24.189 0.5000000000
12294  -11.976  -77.621  -23.073 0.5000000000
11510  -11.512  -78.237  -22.599 0.6000000238
11493  -9.831  -78.322  -21.289 0.6000000238
11508  -10.120  -78.396  -22.154 0.5000000000
12295  -12.985  -77.067  -22.781 0.6000000238
12311  -14.042  -76.787  -23.519 0.5000000000
11509  -10.830  -78.480  -22.450 0.5000000000
12220  -9.337  -77.787  -18.580 0.6000000238
11476  -9.926  -78.475  -20.311 0.6000000238
12205  -9.777  -77.362  -17.867 0.6000000238
6080  -33.951  -88.332  -28.293 0.3000000119
6650  -34.170  -87.670  -28.461 0.3000000119
6078  -33.069  -88.551  -28.316 0.3000000119
6688  -34.354  -85.997  -29.446 0.3000000119
116149  -31.991  -87.288  -27.442 0.3000000119
113466  -17.801  -89.840  -23.187 0.4000000060
4560  -14.277  -90.654  -28.583 0.5000000000
108011  -13.794  -89.907  -32.260 0.5000000000
10879  -15.903  -79.594  -29.664 0.5000000000
4000  -17.196  -91.288  -22.563 0.4000000060
4957  -17.011  -89.837  -22.807 0.5000000000
4497  -13.976  -90.732  -24.113 0.5000000000
5500  -13.458  -88.649  -25.461 0.5000000000
5002  -13.364  -89.736  -25.688 0.5000000000
111673  -12.895  -88.282  -28.555 0.5000000000
5033  -13.645  -90.234  -27.688 0.5000000000
112613  -13.089  -89.626  -30.650 0.5000000000
6079  -33.745  -88.555  -28.397 0.3000000119
6669  -33.820  -86.622  -28.795 0.3000000119
6649  -33.196  -87.270  -28.240 0.3000000119
19020  -20.761  -68.768  -18.108 0.3000000119
3512  -15.062  -91.900  -21.568 0.5000000000
3513  -15.764  -91.619  -21.723 0.5000000000
3531  -16.891  -91.923  -22.456 0.5000000000
3543  -18.017  -92.002  -23.766 0.4000000060
3563  -20.024  -92.180  -25.288 0.5000000000
3586  -21.474  -92.244  -27.714 0.5000000000
3623  -24.927  -92.538  -31.482 0.6000000238
3982  -14.495  -91.276  -21.460 0.4000000060
4013  -18.997  -90.558  -23.910 0.5000000000
4026  -22.179  -91.179  -24.669 0.6999999881
4027  -22.925  -90.937  -24.720 0.6999999881
4040  -22.354  -91.714  -25.512 0.6999999881
4076  -21.874  -92.103  -28.378 0.5000000000
4455  -14.811  -90.814  -21.713 0.5000000000
4471  -16.746  -90.507  -22.355 0.5000000000
4484  -14.169  -90.423  -23.033 0.5000000000
4486  -17.493  -90.546  -22.846 0.4000000060
4487  -18.260  -90.591  -23.370 0.5000000000
4499  -19.795  -90.427  -24.133 0.5000000000
4504  -24.313  -90.069  -24.732 0.6999999881
4529  -13.897  -90.927  -27.258 0.5000000000
4547  -15.011  -91.103  -27.358 0.5000000000
4574  -14.423  -90.358  -30.018 0.6000000238
4956  -16.133  -90.161  -22.551 0.5000000000
4975  -17.334  -89.324  -23.378 0.4000000060
4976  -18.124  -89.183  -23.568 0.5000000000
4977  -18.946  -89.184  -23.815 0.5000000000
4987  -16.317  -89.712  -24.508 0.5000000000
4988  -21.002  -89.197  -24.194 0.6999999881
5007  -26.442  -89.274  -25.240 0.4000000060
5023  -29.653  -89.701  -26.698 0.4000000060
5044  -13.634  -90.192  -28.596 0.5000000000
5046  -16.338  -89.967  -28.406 0.6999999881
5068  -13.457  -89.817  -31.330 0.5000000000
5069  -14.083  -89.980  -31.079 0.5000000000
5085  -13.704  -89.015  -35.030 0.6999999881
5091  -14.295  -89.043  -35.082 0.6999999881
5486  -17.637  -88.606  -24.604 0.5000000000
5488  -19.878  -88.083  -24.448 0.6000000238
5491  -24.131  -88.464  -24.713 0.6000000238
5504  -25.712  -87.948  -25.209 0.4000000060
5508  -29.425  -88.424  -25.736 0.3000000119
5530  -13.403  -89.369  -27.326 0.5000000000
5532  -18.483  -88.347  -27.864 0.6999999881
5551  -17.669  -89.063  -29.467 0.6999999881
5592  -18.628  -89.389  -34.131 0.6000000238
5593  -19.408  -89.312  -34.154 0.6000000238
6021  -19.125  -87.750  -24.992 0.6000000238
6034  -18.849  -87.873  -25.832 0.6000000238
6036  -20.429  -87.552  -25.285 0.6000000238
6039  -24.907  -87.712  -25.367 0.4000000060
6043  -29.180  -87.872  -25.606 0.3000000119
6051  -18.484  -88.162  -26.864 0.6000000238
6058  -25.295  -87.200  -26.509 0.4000000060
6063  -30.601  -87.782  -26.339 0.3000000119
6102  -21.882  -86.836  -30.090 0.5000000000
6127  -11.411  -87.358  -33.050 0.5000000000
6134  -22.459  -88.089  -33.093 0.5000000000
6138  -26.254  -87.294  -32.484 0.5000000000
6147  -13.980  -88.192  -34.418 0.6999999881
6155  -25.750  -87.651  -33.912 0.5000000000
6156  -26.678  -87.278  -33.337 0.5000000000
6159  -14.993  -88.462  -34.542 0.6999999881
6160  -16.000  -88.714  -34.484 0.6000000238
6161  -17.138  -88.995  -34.449 0.6000000238
6162  -18.220  -88.987  -34.386 0.6000000238
6167  -23.573  -88.023  -34.561 0.5000000000
6169  -25.879  -87.513  -34.279 0.5000000000
6670  -34.609  -86.794  -28.782 0.3000000119
6681  -15.107  -86.104  -29.787 0.6000000238
6723  -11.667  -86.960  -34.075 0.5000000000
6731  -20.238  -88.283  -34.789 0.6000000238
6735  -24.966  -87.590  -34.589 0.5000000000
6736  -26.689  -87.236  -33.979 0.5000000000
7232  -16.583  -85.263  -27.791 0.6000000238
7233  -18.108  -85.119  -27.447 0.6000000238
7242  -15.407  -85.108  -28.615 0.6000000238
7261  -16.382  -85.821  -29.331 0.6000000238
7264  -18.861  -85.067  -30.348 0.5000000000
7285  -17.486  -85.983  -31.700 0.5000000000
7295  -18.596  -85.479  -32.924 0.6000000238
7299  -27.459  -86.073  -33.544 0.4000000060
7305  -23.596  -85.290  -34.210 0.5000000000
7309  -24.540  -85.970  -34.540 0.5000000000
7753  -17.849  -83.784  -25.653 0.6000000238
7765  -16.292  -83.893  -27.013 0.6000000238
7767  -16.955  -84.443  -26.685 0.6000000238
7768  -18.140  -84.368  -26.123 0.6000000238
7769  -18.992  -84.450  -26.169 0.6000000238
7779  -15.803  -84.137  -27.582 0.6000000238
7781  -17.079  -85.034  -27.233 0.6000000238
7783  -19.422  -84.539  -27.079 0.5000000000
7810  -20.258  -84.283  -30.224 0.5000000000
7827  -19.644  -84.525  -32.641 0.6000000238
8283  -20.102  -82.510  -23.982 0.6000000238
8284  -20.675  -82.644  -23.852 0.6000000238
8298  -18.890  -82.930  -24.542 0.6000000238
8301  -21.271  -82.925  -24.153 0.6000000238
8311  -17.828  -83.233  -25.478 0.6000000238
8313  -19.211  -83.480  -24.714 0.6000000238
8314  -21.174  -83.360  -24.903 0.6000000238
8324  -16.801  -83.528  -26.558 0.6000000238
8325  -20.397  -83.969  -26.172 0.6000000238
8335  -16.139  -83.462  -27.585 0.6999999881
8364  -14.635  -83.870  -29.401 0.6000000238
8367  -21.550  -83.519  -30.078 0.6000000238
8389  -20.842  -83.479  -32.213 0.6000000238
8401  -21.373  -83.353  -32.466 0.6999999881
8408  -21.443  -83.473  -32.828 0.6000000238
8903  -20.619  -82.098  -23.568 0.6000000238
8921  -19.005  -82.435  -24.723 0.6000000238
8958  -18.133  -82.084  -26.657 0.6000000238
8976  -16.895  -82.690  -27.649 0.6999999881
9021  -25.318  -81.969  -29.170 0.5000000000
9032  -23.761  -82.760  -30.957 0.4000000060
9041  -24.374  -82.356  -31.438 0.4000000060
9051  -23.310  -82.621  -32.808 0.5000000000
9554  -20.823  -81.375  -23.666 0.5000000000
9567  -19.602  -81.434  -25.243 0.5000000000
9568  -20.105  -81.115  -24.812 0.6000000238
9604  -19.020  -80.940  -27.240 0.6000000238
9613  -18.370  -81.103  -28.479 0.6000000238
10160  -15.843  -80.256  -23.775 0.6999999881
10190  -19.272  -80.850  -26.401 0.5000000000
10201  -18.587  -80.647  -27.115 0.6000000238
10212  -17.730  -80.544  -28.156 0.6000000238
10222  -18.268  -80.922  -28.628 0.6000000238
10232  -25.718  -80.279  -29.853 0.4000000060
10798  -18.067  -79.254  -20.765 0.5000000000
10800  -20.016  -79.166  -20.982 0.5000000000
10807  -18.505  -79.463  -21.491 0.6000000238
10816  -15.174  -79.140  -22.694 0.6999999881
10818  -16.517  -79.628  -22.283 0.6999999881
10821  -19.868  -79.488  -22.728 0.6999999881
10822  -20.707  -79.620  -22.971 0.5000000000
10823  -21.812  -79.606  -22.321 0.5000000000
10832  -15.388  -79.725  -23.112 0.6999999881
10834  -17.195  -79.955  -23.004 0.6000000238
10869  -14.057  -78.999  -27.505 0.6000000238
11440  -11.114  -78.196  -18.140 0.6000000238
11451  -9.862  -78.305  -18.807 0.6000000238
11453  -11.241  -78.454  -18.761 0.6000000238
11462  -10.386  -78.553  -19.388 0.6000000238
11466  -18.135  -78.160  -19.717 0.5000000000
11494  -10.648  -78.564  -21.578 0.5000000000
11497  -16.379  -78.731  -21.077 0.6000000238
11521  -10.166  -78.298  -23.030 0.5000000000
11522  -11.031  -78.227  -23.304 0.6000000238
11527  -14.500  -77.813  -23.977 0.6999999881
12206  -10.544  -77.875  -17.920 0.6000000238
12221  -9.940  -78.037  -18.250 0.6000000238
12223  -13.269  -77.182  -19.097 0.6000000238
12225  -18.214  -77.012  -18.714 0.5000000000
12249  -20.482  -77.508  -19.224 0.5000000000
12284  -15.967  -77.763  -20.842 0.6000000238
12297  -14.639  -77.420  -22.727 0.6999999881
12990  -11.653  -76.930  -17.611 0.5000000000
12992  -13.441  -76.240  -17.985 0.6000000238
13007  -14.725  -76.055  -19.261 0.6000000238
13027  -14.991  -76.276  -19.867 0.6000000238
13046  -15.230  -76.562  -20.282 0.6000000238
13069  -13.535  -76.763  -23.296 0.5000000000
13738  -15.587  -74.681  -18.444 0.6999999881
13750  -15.976  -75.186  -18.807 0.6999999881
14432  -18.475  -74.229  -16.927 0.5000000000
14454  -15.211  -74.015  -17.923 0.6000000238
14474  -10.999  -74.316  -18.345 0.4000000060
15205  -8.624  -73.620  -17.295 0.5000000000
15206  -9.226  -73.597  -17.488 0.5000000000
15976  -18.570  -72.585  -16.813 0.4000000060
15977  -19.709  -72.772  -17.069 0.4000000060
16030  -9.782  -72.304  -18.785 0.5000000000
16714  -16.817  -71.572  -17.060 0.5000000000
16733  -8.800  -72.129  -17.594 0.5000000000
16737  -16.279  -71.078  -17.180 0.5000000000
16765  -11.577  -71.889  -20.069 0.4000000060
17503  -19.260  -70.702  -17.117 0.4000000060
17550  -12.368  -70.304  -21.048 0.3000000119
18323  -13.533  -69.229  -20.679 0.3000000119
18351  -12.996  -69.107  -22.698 0.3000000119
19012  -19.214  -68.489  -17.440 0.4000000060
19018  -16.334  -68.125  -18.398 0.3000000119
19029  -14.562  -68.721  -19.545 0.4000000060
19067  -12.999  -68.804  -23.348 0.3000000119
19080  -12.299  -68.209  -24.198 0.4000000060
19097  -12.897  -67.989  -24.592 0.3000000119
19807  -13.483  -67.706  -24.553 0.3000000119
19823  -11.151  -67.407  -24.262 0.4000000060
19825  -12.505  -67.630  -24.806 0.3000000119
20550  -13.425  -66.611  -25.348 0.3000000119
20551  -14.071  -66.340  -25.286 0.3000000119
21324  -12.015  -66.465  -24.760 0.4000000060
21325  -12.871  -66.159  -25.265 0.4000000060
22135  -13.357  -64.707  -24.999 0.4000000060
22873  -12.262  -63.469  -23.548 0.4000000060
22891  -15.308  -63.656  -25.184 0.3000000119
23668  -10.879  -62.036  -22.369 0.3000000119
23699  -13.978  -62.880  -24.645 0.4000000060
24513  -9.782  -60.358  -21.045 0.3000000119
24526  -9.692  -60.273  -21.536 0.3000000119
24527  -10.278  -61.171  -21.423 0.3000000119
24545  -11.947  -62.026  -21.905 0.3000000119
105980  -19.764  -84.474  -28.068 0.5000000000
106724  -17.790  -85.521  -28.882 0.6000000238
107997  -16.843  -68.832  -17.616 0.5000000000
108594  -17.943  -76.477  -18.364 0.6000000238
108784  -33.461  -87.858  -24.218 0.3000000119
108872  -13.527  -90.661  -25.361 0.5000000000
109172  -16.478  -80.295  -27.409 0.6000000238
109494  -14.876  -70.946  -17.564 0.6000000238
110742  -15.557  -76.976  -20.622 0.6000000238
111119  -23.694  -84.035  -33.948 0.4000000060
111212  -20.316  -80.141  -24.290 0.6000000238
111998  -14.164  -67.566  -22.717 0.3000000119
112146  -13.526  -89.382  -33.729 0.6000000238
112258  -17.952  -69.066  -17.185 0.4000000060
112296  -14.309  -77.046  -21.133 0.6000000238
113306  -20.321  -71.811  -17.625 0.4000000060
114118  -11.325  -67.979  -23.989 0.4000000060
114375  -23.829  -87.188  -27.895 0.4000000060
114804  -14.322  -79.612  -24.840 0.6999999881
114951  -23.167  -91.522  -25.690 0.6999999881
115571  -22.639  -87.458  -25.603 0.6000000238
115581  -21.886  -87.440  -25.536 0.6000000238
116044  -15.463  -69.802  -17.754 0.5000000000
116386  -19.207  -72.268  -16.906 0.4000000060
116956  -17.747  -80.306  -26.679 0.6000000238
117160  -20.064  -87.498  -27.062 0.6000000238
117484  -17.785  -80.195  -25.563 0.6000000238
117773  -13.445  -89.557  -28.132 0.5000000000
117949  -24.135  -87.088  -27.213 0.4000000060
118551  -14.365  -91.275  -26.925 0.5000000000
119014  -14.382  -84.802  -29.509 0.6000000238
119699  -12.851  -77.673  -20.589 0.6000000238
121328  -17.788  -88.596  -26.620 0.6000000238
121734  -14.558  -85.633  -29.737 0.6000000238
121788  -9.999  -76.521  -17.606 0.5000000000
121938  -19.083  -80.025  -24.781 0.6000000238
122964  -14.252  -78.505  -24.614 0.6000000238
123359  -20.466  -84.134  -28.427 0.5000000000
123459  -15.352  -72.622  -17.481 0.6000000238
123694  -9.853  -73.623  -18.242 0.5000000000
124193  -16.940  -84.088  -26.330 0.6000000238
124326  -10.676  -78.624  -20.221 0.6000000238
124591  -14.727  -79.585  -23.779 0.6999999881
125251  -18.175  -81.390  -28.590 0.5000000000
125260  -13.573  -89.901  -30.424 0.5000000000
125744  -21.907  -87.918  -24.713 0.6999999881
125964  -20.934  -79.928  -23.510 0.5000000000
126106  -15.783  -72.315  -17.378 0.6000000238
126552  -19.421  -92.406  -25.515 0.5000000000
126742  -10.717  -77.135  -17.623 0.5000000000
126827  -19.526  -80.420  -25.303 0.6000000238
126841  -13.398  -87.396  -33.412 0.6000000238
126987  -12.381  -69.877  -21.534 0.3000000119
127166  -14.196  -77.929  -25.095 0.5000000000
127169  -9.590  -60.039  -20.874 0.3000000119
