#!ascii label  , from subject sub-v1s20x0050296_ses-1 vox2ras=TkReg
819
41762  -10.059  -30.996  57.719 0.0000000000
53963  -33.486  -17.232  53.865 0.0000000000
62142  -36.035  -10.280  47.368 0.0000000000
64283  -44.869  -8.024  41.992 0.0000000000
52009  -29.290  -20.695  53.461 0.0000000000
63246  -40.078  -9.816  45.016 0.0000000000
66339  -42.158  -5.217  35.848 0.0000000000
68405  -47.292  -4.014  34.990 0.0000000000
53987  -37.790  -18.167  52.730 0.0000000000
117903  -39.235  -13.848  51.630 0.0000000000
57807  -36.315  -14.516  50.583 0.0000000000
45879  -10.723  -27.401  60.267 0.0000000000
42628  -16.432  -28.852  59.677 0.0000000000
41753  -21.674  -30.439  58.166 0.0000000000
123538  -25.278  -30.046  55.260 0.0000000000
43668  -29.268  -28.418  54.514 0.0000000000
127986  -33.190  -26.070  54.782 0.0000000000
50013  -34.456  -22.069  53.696 0.0000000000
62127  -40.743  -10.298  49.058 0.0000000000
69397  -50.546  -2.666  32.424 0.0000000000
53941  -36.034  -17.405  54.534 0.0000000000
56734  -37.208  -15.549  54.001 0.0000000000
55802  -35.719  -16.467  52.619 0.0000000000
44732  -11.345  -27.583  58.265 0.0000000000
135198  -13.552  -27.552  60.245 0.0000000000
45940  -30.351  -27.603  53.452 0.0000000000
44793  -31.661  -27.746  54.239 0.0000000000
125576  -32.151  -25.403  52.804 0.0000000000
53961  -31.861  -18.824  54.094 0.0000000000
133867  -31.952  -20.985  56.510 0.0000000000
52948  -33.310  -18.539  55.503 0.0000000000
52013  -36.106  -19.616  53.500 0.0000000000
61000  -37.091  -11.277  51.522 0.0000000000
60029  -39.011  -12.250  50.316 0.0000000000
129280  -38.488  -8.531  49.778 0.0000000000
63260  -42.488  -9.065  43.850 0.0000000000
64238  -43.264  -8.022  46.669 0.0000000000
64253  -45.413  -8.200  45.067 0.0000000000
63275  -47.818  -9.352  42.555 0.0000000000
64377  -43.970  -6.641  36.381 0.0000000000
64363  -43.573  -7.441  37.984 0.0000000000
49042  -30.163  -23.428  52.904 0.0000000000
61112  -42.103  -11.729  41.567 0.0000000000
67383  -43.825  -4.759  35.064 0.0000000000
65359  -46.005  -7.195  34.211 0.0000000000
66390  -48.365  -6.682  31.410 0.0000000000
139632  -39.196  -19.062  50.614 0.0000000000
55803  -38.637  -16.264  52.919 0.0000000000
58839  -36.964  -13.546  52.316 0.0000000000
42622  -10.418  -29.479  60.663 0.0000000000
39884  -18.204  -31.693  56.942 0.0000000000
41739  -19.542  -30.513  58.706 0.0000000000
39899  -20.270  -32.130  56.231 0.0000000000
39901  -22.564  -31.781  55.800 0.0000000000
126510  -24.738  -31.454  54.536 0.0000000000
39922  -26.245  -31.431  53.923 0.0000000000
135800  -27.603  -29.329  55.081 0.0000000000
41788  -30.890  -29.746  53.258 0.0000000000
48991  -31.218  -23.200  55.678 0.0000000000
139662  -34.548  -24.071  54.860 0.0000000000
48028  -36.201  -25.000  52.697 0.0000000000
49060  -37.063  -23.131  51.165 0.0000000000
116020  -38.685  -20.612  51.485 0.0000000000
115031  -40.884  -7.912  48.000 0.0000000000
62290  -43.477  -9.772  38.157 0.0000000000
63296  -46.399  -8.673  39.618 0.0000000000
41732  -9.554  -30.485  59.303 0.0000000000
54862  -34.197  -17.104  54.549 0.0000000000
55792  -35.591  -16.359  53.735 0.0000000000
54891  -35.298  -16.995  52.987 0.0000000000
45950  -30.921  -26.798  51.830 0.0000000000
45941  -31.754  -27.073  53.157 0.0000000000
47000  -31.724  -25.833  52.125 0.0000000000
53962  -32.202  -17.613  54.734 0.0000000000
53922  -31.750  -18.274  55.751 0.0000000000
121176  -33.114  -17.054  54.994 0.0000000000
121260  -34.866  -18.232  54.768 0.0000000000
62090  -37.155  -9.769  50.894 0.0000000000
63183  -36.919  -9.440  48.605 0.0000000000
64282  -44.155  -8.364  42.734 0.0000000000
65233  -43.995  -7.509  44.545 0.0000000000
65235  -45.709  -7.298  43.436 0.0000000000
63262  -46.846  -8.750  43.541 0.0000000000
64285  -46.833  -7.047  42.179 0.0000000000
63355  -44.597  -8.766  35.377 0.0000000000
63356  -44.792  -9.380  35.580 0.0000000000
62314  -44.747  -10.576  35.218 0.0000000000
67406  -44.254  -4.617  33.482 0.0000000000
68403  -45.268  -4.349  34.450 0.0000000000
66342  -44.637  -5.099  34.962 0.0000000000
66343  -46.177  -5.264  34.647 0.0000000000
66352  -46.798  -6.343  34.210 0.0000000000
67397  -48.229  -4.803  34.747 0.0000000000
67409  -50.011  -4.832  32.400 0.0000000000
54003  -38.694  -18.286  51.763 0.0000000000
54894  -38.712  -17.028  52.213 0.0000000000
54893  -38.235  -17.059  52.839 0.0000000000
56743  -36.440  -15.158  53.093 0.0000000000
57746  -36.897  -14.894  53.385 0.0000000000
58859  -36.710  -13.443  51.981 0.0000000000
118620  -36.684  -12.709  51.456 0.0000000000
57828  -36.263  -13.949  49.895 0.0000000000
119660  -11.846  -29.975  59.753 0.0000000000
43594  -11.929  -28.163  61.076 0.0000000000
43598  -15.343  -28.146  60.388 0.0000000000
43612  -21.238  -29.320  57.676 0.0000000000
41752  -20.776  -30.475  58.198 0.0000000000
40815  -19.784  -31.179  58.106 0.0000000000
39876  -20.998  -31.581  57.571 0.0000000000
39900  -21.237  -32.029  56.031 0.0000000000
40834  -22.879  -31.584  57.759 0.0000000000
137802  -25.244  -31.224  55.877 0.0000000000
39921  -25.458  -31.457  54.118 0.0000000000
40868  -26.172  -31.205  54.623 0.0000000000
44790  -28.382  -27.820  54.472 0.0000000000
44789  -27.519  -27.991  54.719 0.0000000000
42670  -28.635  -28.970  55.008 0.0000000000
132014  -28.059  -30.606  54.671 0.0000000000
41781  -28.907  -29.791  54.755 0.0000000000
40884  -29.637  -30.940  53.244 0.0000000000
42676  -29.814  -29.392  54.077 0.0000000000
124091  -32.588  -27.046  54.689 0.0000000000
43692  -32.371  -28.295  54.227 0.0000000000
43672  -33.213  -28.010  54.889 0.0000000000
45922  -33.961  -26.702  54.668 0.0000000000
49025  -30.328  -23.280  53.619 0.0000000000
49998  -30.442  -22.145  54.572 0.0000000000
49999  -33.554  -21.808  55.423 0.0000000000
49980  -32.918  -22.365  56.196 0.0000000000
50000  -34.430  -22.860  54.403 0.0000000000
48016  -35.232  -24.425  53.721 0.0000000000
49026  -35.088  -23.777  53.242 0.0000000000
50024  -35.241  -22.577  51.874 0.0000000000
52956  -36.791  -18.890  53.402 0.0000000000
50968  -37.567  -20.625  52.218 0.0000000000
52965  -38.181  -19.076  52.282 0.0000000000
52977  -38.952  -19.660  51.358 0.0000000000
44730  -9.654  -27.565  58.539 0.0000000000
45878  -9.760  -27.191  60.483 0.0000000000
44685  -9.268  -27.832  61.161 0.0000000000
127738  -39.571  -14.867  51.205 0.0000000000
57808  -39.419  -14.165  51.048 0.0000000000
61033  -39.785  -11.492  49.175 0.0000000000
63232  -38.754  -9.657  45.636 0.0000000000
63200  -39.435  -8.147  47.909 0.0000000000
64235  -40.770  -8.432  46.636 0.0000000000
62160  -44.460  -9.990  46.723 0.0000000000
63202  -43.471  -9.197  47.273 0.0000000000
63334  -44.880  -8.401  37.730 0.0000000000
64352  -43.698  -8.321  38.177 0.0000000000
115343  -45.202  -8.733  38.114 0.0000000000
63317  -45.546  -9.095  38.622 0.0000000000
63306  -46.462  -8.832  38.755 0.0000000000
63298  -47.837  -8.625  40.224 0.0000000000
68441  -47.184  -3.775  32.152 0.0000000000
69377  -48.873  -3.224  33.809 0.0000000000
68442  -48.681  -3.188  31.904 0.0000000000
68457  -50.121  -2.835  30.549 0.0000000000
119644  -37.272  -17.441  54.065 0.0000000000
54878  -37.487  -16.873  54.164 0.0000000000
54864  -36.251  -16.755  54.444 0.0000000000
56742  -36.095  -15.863  53.373 0.0000000000
129739  -36.075  -15.663  51.543 0.0000000000
44711  -11.125  -27.484  59.096 0.0000000000
45867  -12.313  -27.534  60.314 0.0000000000
45898  -15.385  -26.886  59.408 0.0000000000
44810  -29.673  -27.689  53.970 0.0000000000
44792  -30.243  -27.931  54.026 0.0000000000
45919  -31.244  -27.718  53.805 0.0000000000
45930  -32.276  -26.895  53.677 0.0000000000
45931  -32.696  -25.855  54.304 0.0000000000
52954  -30.228  -19.618  53.669 0.0000000000
51996  -30.869  -20.721  54.816 0.0000000000
115795  -31.298  -19.611  55.295 0.0000000000
51999  -32.364  -19.934  56.079 0.0000000000
52005  -34.126  -20.516  54.621 0.0000000000
50958  -34.929  -21.214  53.160 0.0000000000
52006  -34.712  -19.856  54.373 0.0000000000
135511  -36.096  -18.725  53.939 0.0000000000
116103  -10.193  -27.908  56.958 0.0000000000
60020  -38.240  -12.744  51.697 0.0000000000
60021  -38.716  -12.466  51.098 0.0000000000
61002  -38.345  -11.512  51.266 0.0000000000
62092  -38.638  -9.954  50.685 0.0000000000
62109  -40.171  -9.753  49.690 0.0000000000
63248  -41.406  -9.341  44.887 0.0000000000
64236  -41.872  -8.017  46.516 0.0000000000
64251  -43.314  -7.535  45.586 0.0000000000
64239  -44.549  -8.185  46.225 0.0000000000
66331  -42.529  -5.296  36.338 0.0000000000
66316  -42.229  -6.125  36.933 0.0000000000
64370  -43.875  -7.226  37.042 0.0000000000
63344  -45.023  -8.652  36.616 0.0000000000
53985  -33.397  -18.251  53.111 0.0000000000
115874  -32.059  -19.066  52.526 0.0000000000
63214  -36.858  -9.690  47.031 0.0000000000
121007  -40.185  -10.408  43.597 0.0000000000
62239  -41.337  -10.661  42.954 0.0000000000
62240  -42.270  -10.559  42.705 0.0000000000
63285  -43.829  -9.727  41.763 0.0000000000
66350  -43.093  -4.766  34.698 0.0000000000
66341  -43.862  -4.873  35.584 0.0000000000
64379  -44.812  -7.836  34.769 0.0000000000
63363  -44.686  -9.091  34.586 0.0000000000
121534  -49.644  -4.622  33.482 0.0000000000
66379  -48.299  -6.658  32.491 0.0000000000
54922  -39.259  -17.376  50.886 0.0000000000
55811  -39.317  -16.518  51.313 0.0000000000
57765  -39.166  -14.780  52.451 0.0000000000
56735  -37.902  -15.360  53.700 0.0000000000
57748  -38.159  -14.805  53.293 0.0000000000
58841  -38.245  -13.899  52.495 0.0000000000
60018  -36.898  -12.068  51.622 0.0000000000
60028  -36.624  -11.891  50.869 0.0000000000
54919  -35.000  -17.827  50.990 0.0000000000
137262  -35.667  -16.468  50.776 0.0000000000
125960  -35.797  -14.238  49.029 0.0000000000
41733  -10.444  -30.647  59.096 0.0000000000
41749  -11.282  -30.686  58.807 0.0000000000
39897  -18.124  -32.450  55.696 0.0000000000
45911  -15.275  -27.006  57.400 0.0000000000
115298  -16.560  -27.899  58.845 0.0000000000
42635  -17.544  -29.505  58.718 0.0000000000
39885  -18.892  -31.983  56.712 0.0000000000
137030  -22.732  -31.634  54.708 0.0000000000
39939  -23.373  -31.514  54.341 0.0000000000
42667  -25.263  -29.383  54.778 0.0000000000
44788  -26.933  -28.275  54.638 0.0000000000
115148  -26.724  -30.087  54.947 0.0000000000
41779  -27.350  -30.508  55.048 0.0000000000
39924  -27.269  -31.761  53.709 0.0000000000
43691  -31.628  -28.552  54.040 0.0000000000
48014  -30.830  -23.978  53.057 0.0000000000
48002  -31.870  -24.077  54.221 0.0000000000
117192  -32.646  -24.913  54.911 0.0000000000
49978  -31.287  -21.957  56.535 0.0000000000
47987  -33.026  -24.011  55.744 0.0000000000
46969  -34.150  -25.353  54.856 0.0000000000
126831  -35.102  -25.727  54.176 0.0000000000
45943  -35.800  -26.485  53.153 0.0000000000
127848  -38.328  -23.717  51.056 0.0000000000
50967  -36.733  -21.072  52.199 0.0000000000
116888  -37.849  -21.817  51.431 0.0000000000
50037  -39.144  -22.457  50.596 0.0000000000
138237  -39.591  -21.205  50.129 0.0000000000
42621  -9.591  -29.568  60.466 0.0000000000
139166  -37.938  -9.045  47.944 0.0000000000
64198  -39.714  -8.341  49.077 0.0000000000
62110  -40.970  -9.419  49.118 0.0000000000
64223  -41.605  -8.009  47.402 0.0000000000
63187  -41.928  -8.771  48.279 0.0000000000
62143  -41.839  -10.703  48.005 0.0000000000
61114  -43.413  -11.443  40.695 0.0000000000
62253  -44.238  -9.981  40.989 0.0000000000
65313  -42.156  -7.122  38.045 0.0000000000
63333  -41.970  -8.607  38.150 0.0000000000
61146  -43.939  -10.750  38.728 0.0000000000
62264  -44.763  -9.893  40.160 0.0000000000
64291  -45.669  -7.980  41.168 0.0000000000
64294  -47.533  -8.031  41.241 0.0000000000
54875  -33.859  -16.932  54.337 0.0000000000
54876  -34.767  -16.618  53.928 0.0000000000
53964  -34.492  -17.216  53.506 0.0000000000
44856  -30.387  -27.114  51.552 0.0000000000
45961  -31.282  -26.246  51.742 0.0000000000
47009  -30.393  -25.512  50.979 0.0000000000
131100  -32.795  -17.533  54.010 0.0000000000
54861  -32.470  -17.283  55.140 0.0000000000
62126  -36.252  -10.645  49.015 0.0000000000
63166  -36.683  -9.728  49.339 0.0000000000
128021  -36.397  -10.110  48.304 0.0000000000
64273  -45.160  -7.440  42.949 0.0000000000
65244  -46.150  -7.025  42.547 0.0000000000
64284  -45.866  -7.177  41.973 0.0000000000
62313  -44.586  -10.085  34.748 0.0000000000
68425  -45.697  -3.823  33.447 0.0000000000
68404  -46.140  -4.162  34.649 0.0000000000
67385  -45.673  -4.539  34.594 0.0000000000
67386  -46.754  -4.402  34.858 0.0000000000
66344  -47.269  -5.107  34.817 0.0000000000
130526  -47.768  -4.170  35.087 0.0000000000
53988  -38.332  -18.257  52.194 0.0000000000
54909  -38.493  -17.655  52.196 0.0000000000
126194  -38.051  -17.641  52.638 0.0000000000
56756  -36.351  -15.017  52.126 0.0000000000
134372  -36.684  -14.254  52.604 0.0000000000
57785  -36.463  -14.242  51.681 0.0000000000
58872  -36.499  -13.598  50.999 0.0000000000
44687  -11.244  -27.837  61.070 0.0000000000
43601  -15.911  -28.235  59.848 0.0000000000
42615  -15.616  -28.539  60.217 0.0000000000
42644  -21.844  -29.780  58.093 0.0000000000
41741  -21.059  -29.947  58.946 0.0000000000
40817  -21.497  -31.133  58.050 0.0000000000
39877  -22.010  -31.678  57.808 0.0000000000
40818  -22.530  -31.109  58.084 0.0000000000
116419  -25.281  -30.968  56.001 0.0000000000
40853  -25.666  -31.162  55.349 0.0000000000
41777  -25.782  -30.537  55.101 0.0000000000
44791  -29.156  -27.886  54.301 0.0000000000
122304  -28.669  -28.212  54.702 0.0000000000
131864  -29.293  -29.021  54.667 0.0000000000
42671  -29.974  -28.596  54.241 0.0000000000
44794  -32.837  -27.542  54.973 0.0000000000
44795  -33.462  -27.327  54.738 0.0000000000
43673  -33.782  -27.815  54.508 0.0000000000
50011  -29.550  -22.289  53.706 0.0000000000
49997  -29.676  -21.784  54.152 0.0000000000
139010  -34.155  -22.174  54.626 0.0000000000
50001  -34.576  -22.994  53.352 0.0000000000
117879  -34.804  -23.127  52.562 0.0000000000
50014  -34.740  -22.230  52.659 0.0000000000
53967  -37.315  -18.101  53.475 0.0000000000
52964  -37.512  -18.985  52.813 0.0000000000
52976  -38.670  -18.949  51.760 0.0000000000
45892  -10.034  -27.256  59.938 0.0000000000
44709  -9.398  -27.274  59.422 0.0000000000
45865  -10.542  -27.390  60.734 0.0000000000
44686  -10.275  -27.886  60.986 0.0000000000
57786  -39.434  -14.439  51.813 0.0000000000
61034  -40.395  -11.113  48.752 0.0000000000
61042  -39.938  -11.644  48.471 0.0000000000
61043  -40.523  -11.650  47.934 0.0000000000
63233  -39.605  -9.602  45.665 0.0000000000
63218  -39.943  -9.045  46.467 0.0000000000
63234  -40.420  -9.306  45.790 0.0000000000
66329  -41.665  -6.106  35.979 0.0000000000
63335  -45.643  -8.944  37.644 0.0000000000
63318  -45.968  -8.869  38.082 0.0000000000
54877  -36.886  -17.164  54.413 0.0000000000
56755  -36.057  -15.772  52.388 0.0000000000
55810  -35.779  -16.396  51.512 0.0000000000
45904  -14.971  -26.773  58.682 0.0000000000
44824  -30.112  -27.649  52.886 0.0000000000
45927  -29.574  -27.602  53.680 0.0000000000
44809  -29.160  -27.618  54.072 0.0000000000
45928  -29.769  -27.608  53.821 0.0000000000
45929  -30.485  -27.702  53.694 0.0000000000
133718  -30.918  -27.520  53.285 0.0000000000
45952  -32.031  -26.270  52.663 0.0000000000
45942  -32.473  -26.141  53.382 0.0000000000
129958  -32.463  -26.997  54.020 0.0000000000
52955  -31.044  -19.346  53.532 0.0000000000
52003  -31.032  -20.022  54.674 0.0000000000
52947  -31.334  -19.291  54.561 0.0000000000
52940  -32.331  -18.785  55.962 0.0000000000
52004  -33.261  -19.720  55.507 0.0000000000
120586  -34.012  -19.520  54.975 0.0000000000
53940  -34.975  -17.505  54.697 0.0000000000
53965  -35.722  -18.163  54.506 0.0000000000
53966  -36.645  -17.928  54.156 0.0000000000
44751  -10.758  -27.764  57.580 0.0000000000
44731  -10.515  -27.619  58.394 0.0000000000
60019  -37.502  -12.077  51.693 0.0000000000
61001  -37.657  -10.950  51.411 0.0000000000
63152  -37.430  -9.057  50.494 0.0000000000
63153  -38.469  -9.083  50.429 0.0000000000
62108  -39.291  -9.812  50.233 0.0000000000
63169  -39.412  -8.852  49.786 0.0000000000
63249  -41.990  -8.972  44.545 0.0000000000
64261  -42.570  -8.244  44.726 0.0000000000
65212  -45.082  -7.622  45.072 0.0000000000
65222  -44.582  -7.438  44.884 0.0000000000
64240  -44.973  -7.955  45.662 0.0000000000
63220  -45.153  -8.805  45.824 0.0000000000
135805  -45.927  -9.912  44.710 0.0000000000
65350  -43.334  -5.214  36.325 0.0000000000
65341  -43.016  -6.183  36.863 0.0000000000
63345  -45.534  -9.206  36.780 0.0000000000
52962  -33.080  -19.031  52.381 0.0000000000
135528  -40.575  -10.671  43.131 0.0000000000
128453  -41.124  -11.723  41.744 0.0000000000
61097  -42.672  -11.167  42.065 0.0000000000
62241  -43.116  -10.261  42.286 0.0000000000
67394  -43.764  -4.718  34.099 0.0000000000
66362  -43.314  -5.275  33.601 0.0000000000
66340  -42.942  -4.746  35.698 0.0000000000
66351  -45.583  -5.969  34.609 0.0000000000
65352  -44.875  -6.489  34.863 0.0000000000
128044  -45.446  -7.825  34.330 0.0000000000
64388  -45.355  -8.674  34.071 0.0000000000
65361  -47.509  -6.759  33.609 0.0000000000
69378  -49.766  -3.203  33.622 0.0000000000
68414  -49.098  -3.709  34.591 0.0000000000
68415  -49.941  -3.609  33.766 0.0000000000
66380  -49.087  -5.861  31.929 0.0000000000
54017  -39.102  -18.845  50.212 0.0000000000
125053  -39.196  -18.307  50.809 0.0000000000
127554  -39.045  -17.041  51.643 0.0000000000
55804  -39.036  -16.394  52.075 0.0000000000
56745  -39.136  -15.613  52.422 0.0000000000
54865  -37.005  -16.372  54.343 0.0000000000
55793  -37.667  -16.099  54.059 0.0000000000
57763  -37.157  -14.242  52.854 0.0000000000
57747  -37.533  -14.845  53.437 0.0000000000
58822  -37.875  -14.316  52.926 0.0000000000
58840  -37.468  -13.697  52.470 0.0000000000
60009  -37.145  -12.941  52.010 0.0000000000
58880  -36.433  -12.898  50.181 0.0000000000
136131  -10.211  -30.062  59.870 0.0000000000
41734  -11.117  -30.288  59.479 0.0000000000
41721  -12.571  -29.744  60.029 0.0000000000
44689  -12.914  -27.625  60.417 0.0000000000
43596  -13.943  -28.108  60.720 0.0000000000
39895  -17.165  -31.493  56.613 0.0000000000
39896  -17.889  -31.887  56.378 0.0000000000
115120  -18.367  -32.111  56.262 0.0000000000
44755  -15.920  -27.440  57.827 0.0000000000
44735  -16.162  -27.523  58.529 0.0000000000
42636  -18.336  -30.196  58.569 0.0000000000
41738  -18.670  -30.447  58.443 0.0000000000
40800  -19.471  -30.834  58.563 0.0000000000
121322  -19.724  -31.964  56.824 0.0000000000
39874  -19.397  -31.582  57.464 0.0000000000
39898  -19.309  -32.342  56.113 0.0000000000
38986  -18.951  -32.603  55.515 0.0000000000
38987  -19.551  -32.489  55.440 0.0000000000
38995  -19.683  -32.589  54.724 0.0000000000
122280  -21.911  -31.940  55.766 0.0000000000
39917  -21.268  -32.056  55.208 0.0000000000
39918  -22.183  -31.822  55.056 0.0000000000
39903  -24.277  -31.389  55.404 0.0000000000
39902  -23.304  -31.556  55.594 0.0000000000
39920  -23.830  -31.487  54.753 0.0000000000
139611  -26.044  -31.416  54.141 0.0000000000
38996  -25.668  -31.609  53.492 0.0000000000
133944  -26.222  -31.581  53.636 0.0000000000
39009  -26.175  -31.780  53.132 0.0000000000
38997  -26.455  -31.717  53.352 0.0000000000
43666  -27.179  -28.492  54.993 0.0000000000
137229  -26.722  -29.197  55.026 0.0000000000
41780  -28.518  -30.841  54.060 0.0000000000
138964  -27.913  -31.395  54.229 0.0000000000
39943  -27.339  -32.121  53.146 0.0000000000
41787  -30.142  -30.074  53.536 0.0000000000
40899  -30.414  -30.479  52.923 0.0000000000
43669  -31.072  -28.197  53.928 0.0000000000
48025  -30.685  -24.164  52.186 0.0000000000
49008  -31.251  -23.447  54.692 0.0000000000
48001  -31.162  -23.627  53.793 0.0000000000
47985  -31.666  -23.880  55.308 0.0000000000
46981  -32.250  -24.581  54.827 0.0000000000
47986  -32.287  -24.178  55.511 0.0000000000
50942  -31.081  -20.945  55.761 0.0000000000
49977  -31.010  -21.622  55.920 0.0000000000
50936  -32.003  -21.656  56.540 0.0000000000
48993  -33.463  -23.312  55.757 0.0000000000
48978  -32.576  -23.180  56.250 0.0000000000
47988  -33.929  -24.064  55.363 0.0000000000
123680  -33.661  -24.702  55.179 0.0000000000
47989  -34.377  -24.651  54.921 0.0000000000
46970  -34.762  -25.220  54.521 0.0000000000
48017  -35.690  -25.044  53.365 0.0000000000
45934  -35.520  -25.760  53.605 0.0000000000
46990  -36.110  -25.714  52.994 0.0000000000
49044  -36.076  -23.162  51.469 0.0000000000
135332  -37.772  -23.209  51.117 0.0000000000
52017  -35.964  -20.630  52.933 0.0000000000
50966  -35.545  -21.514  52.298 0.0000000000
52024  -38.157  -20.631  51.914 0.0000000000
50979  -37.550  -21.290  51.790 0.0000000000
50980  -38.315  -21.270  51.520 0.0000000000
50036  -38.582  -21.955  51.142 0.0000000000
122562  -39.295  -21.743  50.653 0.0000000000
50047  -39.841  -21.985  50.000 0.0000000000
50981  -39.038  -21.229  51.061 0.0000000000
52986  -39.228  -19.674  50.717 0.0000000000
52997  -39.235  -19.688  50.034 0.0000000000
43592  -10.006  -28.330  61.145 0.0000000000
43591  -9.104  -28.390  61.080 0.0000000000
42608  -9.810  -28.984  61.021 0.0000000000
58882  -39.121  -12.887  49.908 0.0000000000
63230  -36.925  -9.757  46.195 0.0000000000
63198  -37.247  -9.412  47.814 0.0000000000
64222  -40.168  -7.803  47.982 0.0000000000
64210  -39.517  -8.061  48.512 0.0000000000
64211  -40.275  -8.102  48.558 0.0000000000
63170  -40.352  -8.737  49.268 0.0000000000
63186  -41.103  -8.486  48.647 0.0000000000
114968  -42.735  -7.815  46.310 0.0000000000
133712  -42.526  -7.968  46.829 0.0000000000
63201  -42.684  -9.034  47.778 0.0000000000
61045  -42.652  -10.692  47.605 0.0000000000
62144  -42.207  -9.773  48.196 0.0000000000
129993  -42.281  -11.532  47.453 0.0000000000
62263  -44.080  -10.728  40.539 0.0000000000
65327  -42.731  -6.802  37.719 0.0000000000
65326  -41.864  -6.765  37.560 0.0000000000
62291  -44.377  -8.917  38.240 0.0000000000
137815  -42.824  -8.453  38.234 0.0000000000
125079  -42.737  -9.276  38.150 0.0000000000
62288  -41.635  -9.645  37.674 0.0000000000
62289  -42.656  -10.426  37.621 0.0000000000
62281  -43.857  -10.272  38.344 0.0000000000
63305  -45.597  -9.119  39.458 0.0000000000
62274  -44.816  -9.878  39.354 0.0000000000
63295  -45.483  -8.876  40.364 0.0000000000
64304  -46.584  -8.157  40.371 0.0000000000
64292  -46.672  -7.402  41.308 0.0000000000
64305  -47.256  -8.059  40.682 0.0000000000
54863  -35.302  -16.906  54.463 0.0000000000
55783  -34.792  -16.692  54.131 0.0000000000
44840  -30.598  -27.291  52.287 0.0000000000
44825  -30.890  -27.398  52.911 0.0000000000
45951  -31.391  -26.793  52.329 0.0000000000
53921  -31.655  -18.272  55.158 0.0000000000
53937  -32.017  -17.660  55.360 0.0000000000
53938  -32.531  -17.687  55.483 0.0000000000
52949  -34.382  -18.806  54.902 0.0000000000
53939  -33.823  -17.582  55.103 0.0000000000
62089  -36.794  -10.248  50.688 0.0000000000
62076  -37.095  -10.523  51.262 0.0000000000
63151  -36.853  -9.492  50.266 0.0000000000
63167  -37.210  -8.883  49.649 0.0000000000
63261  -43.374  -8.760  43.297 0.0000000000
64271  -43.268  -8.097  44.159 0.0000000000
64272  -44.148  -7.855  43.646 0.0000000000
65234  -44.888  -7.434  44.033 0.0000000000
64263  -45.656  -7.747  44.383 0.0000000000
64254  -46.116  -8.433  44.330 0.0000000000
64264  -46.277  -7.758  43.672 0.0000000000
64274  -46.878  -7.772  42.823 0.0000000000
64286  -47.434  -7.724  42.033 0.0000000000
64378  -44.534  -7.771  35.420 0.0000000000
134527  -44.502  -7.678  36.106 0.0000000000
67395  -44.572  -4.474  34.286 0.0000000000
134380  -44.145  -4.839  35.142 0.0000000000
67384  -44.666  -4.743  34.597 0.0000000000
128490  -45.288  -5.047  34.663 0.0000000000
66353  -47.812  -5.894  34.135 0.0000000000
68444  -51.157  -2.783  31.984 0.0000000000
67410  -50.634  -3.621  32.743 0.0000000000
67425  -50.910  -3.689  31.678 0.0000000000
67424  -50.061  -4.979  31.492 0.0000000000
129054  -48.506  -6.734  30.712 0.0000000000
54004  -39.061  -18.811  51.232 0.0000000000
54910  -38.947  -17.797  51.529 0.0000000000
117742  -36.899  -12.910  51.915 0.0000000000
58879  -35.982  -13.382  49.220 0.0000000000
42609  -10.658  -28.868  60.988 0.0000000000
41720  -11.089  -29.780  60.139 0.0000000000
131735  -11.115  -29.369  60.719 0.0000000000
136338  -12.086  -29.179  60.765 0.0000000000
42624  -12.439  -29.356  60.488 0.0000000000
39872  -17.846  -31.180  57.817 0.0000000000
40816  -20.496  -31.204  58.069 0.0000000000
39875  -20.135  -31.597  57.506 0.0000000000
133913  -20.461  -31.838  56.979 0.0000000000
39886  -21.214  -31.829  56.888 0.0000000000
39887  -22.165  -31.840  56.746 0.0000000000
39904  -25.165  -31.331  55.268 0.0000000000
39905  -25.726  -31.326  54.462 0.0000000000
44807  -27.790  -27.762  54.267 0.0000000000
43667  -28.075  -28.351  55.036 0.0000000000
42669  -28.162  -29.831  55.040 0.0000000000
121149  -30.585  -29.435  53.745 0.0000000000
130566  -32.223  -27.538  54.636 0.0000000000
43670  -31.936  -28.069  54.500 0.0000000000
43671  -32.472  -27.942  55.036 0.0000000000
43693  -32.914  -28.194  54.398 0.0000000000
43694  -34.358  -27.968  54.008 0.0000000000
44812  -34.815  -27.335  53.860 0.0000000000
49041  -29.640  -23.035  52.710 0.0000000000
49024  -29.760  -22.925  53.422 0.0000000000
49007  -30.633  -23.091  54.266 0.0000000000
48990  -30.899  -22.751  54.915 0.0000000000
50937  -32.738  -21.344  56.121 0.0000000000
49988  -33.897  -22.656  55.384 0.0000000000
49009  -34.306  -23.453  55.092 0.0000000000
48003  -34.891  -24.526  54.449 0.0000000000
49010  -34.819  -23.735  54.239 0.0000000000
48027  -35.645  -24.400  52.974 0.0000000000
49043  -35.356  -23.711  52.294 0.0000000000
52963  -37.025  -20.019  52.786 0.0000000000
52018  -37.909  -19.897  52.327 0.0000000000
52025  -38.535  -19.859  51.828 0.0000000000
134720  -38.858  -20.135  51.428 0.0000000000
44729  -8.803  -27.450  58.725 0.0000000000
44708  -8.544  -27.073  59.692 0.0000000000
45891  -9.099  -27.022  60.215 0.0000000000
125091  -39.402  -11.331  49.952 0.0000000000
60039  -39.279  -12.051  49.513 0.0000000000
63216  -38.592  -9.448  46.545 0.0000000000
63217  -39.355  -8.962  47.047 0.0000000000
64234  -40.128  -8.183  47.372 0.0000000000
126437  -40.900  -7.957  47.459 0.0000000000
64225  -43.874  -8.529  46.797 0.0000000000
64224  -43.010  -8.427  47.216 0.0000000000
64364  -44.383  -7.902  37.415 0.0000000000
62282  -44.611  -9.766  38.703 0.0000000000
63297  -47.265  -8.625  39.545 0.0000000000
68426  -46.698  -3.530  33.156 0.0000000000
69358  -47.956  -3.623  34.587 0.0000000000
69376  -47.723  -3.348  33.682 0.0000000000
69395  -48.860  -2.998  32.950 0.0000000000
69396  -50.056  -2.519  32.039 0.0000000000
68443  -50.318  -2.513  31.074 0.0000000000
69413  -50.793  -2.449  31.370 0.0000000000
69426  -50.622  -2.412  31.160 0.0000000000
54892  -37.712  -17.361  53.477 0.0000000000
56724  -36.802  -15.885  54.211 0.0000000000
55784  -35.689  -16.547  54.184 0.0000000000
55785  -36.292  -16.128  54.151 0.0000000000
56733  -36.601  -15.547  53.819 0.0000000000
56773  -36.261  -15.122  51.120 0.0000000000
45893  -10.929  -27.463  59.838 0.0000000000
45866  -11.456  -27.481  60.497 0.0000000000
45880  -11.645  -27.471  60.214 0.0000000000
45881  -12.530  -27.384  60.083 0.0000000000
45869  -13.934  -27.269  60.164 0.0000000000
45870  -14.698  -27.219  60.164 0.0000000000
44697  -15.287  -27.348  60.086 0.0000000000
44698  -15.734  -27.645  59.787 0.0000000000
44808  -28.706  -27.584  54.011 0.0000000000
128043  -31.510  -27.468  53.677 0.0000000000
45920  -31.983  -27.442  53.996 0.0000000000
125422  -32.828  -26.443  54.498 0.0000000000
52010  -29.627  -19.961  53.539 0.0000000000
50947  -30.157  -21.148  54.441 0.0000000000
117855  -30.123  -20.172  54.186 0.0000000000
51997  -31.228  -20.217  55.702 0.0000000000
51998  -31.619  -20.117  56.267 0.0000000000
52938  -31.495  -18.898  55.443 0.0000000000
122644  -32.252  -20.594  56.275 0.0000000000
50948  -33.267  -20.803  55.492 0.0000000000
50949  -34.098  -21.470  54.577 0.0000000000
50957  -34.541  -21.246  53.968 0.0000000000
52011  -34.807  -20.663  53.968 0.0000000000
52012  -35.337  -20.204  53.687 0.0000000000
52950  -35.354  -19.121  54.276 0.0000000000
44750  -9.915  -27.776  57.719 0.0000000000
44710  -10.278  -27.440  59.228 0.0000000000
58860  -38.440  -13.524  52.110 0.0000000000
58861  -38.824  -13.319  51.679 0.0000000000
124775  -38.881  -11.636  50.622 0.0000000000
61012  -38.246  -10.472  51.097 0.0000000000
61013  -38.974  -10.726  50.581 0.0000000000
123661  -39.630  -10.473  49.983 0.0000000000
61023  -40.091  -10.757  49.472 0.0000000000
63247  -40.788  -9.548  45.167 0.0000000000
63235  -41.212  -8.886  45.743 0.0000000000
64249  -41.957  -8.467  45.349 0.0000000000
64250  -42.711  -7.787  45.655 0.0000000000
133423  -43.126  -7.611  45.992 0.0000000000
65221  -43.847  -7.389  45.294 0.0000000000
65211  -43.651  -7.553  45.913 0.0000000000
65203  -43.839  -7.810  46.311 0.0000000000
63219  -44.598  -9.078  46.536 0.0000000000
66330  -41.981  -5.640  36.416 0.0000000000
64371  -44.725  -8.158  36.340 0.0000000000
53986  -34.151  -17.983  52.987 0.0000000000
54002  -34.090  -18.845  52.140 0.0000000000
52016  -29.458  -20.257  52.790 0.0000000000
52960  -30.298  -19.495  52.986 0.0000000000
52961  -31.201  -19.205  52.702 0.0000000000
131189  -31.742  -18.970  53.194 0.0000000000
53984  -32.473  -18.499  53.374 0.0000000000
62158  -35.738  -10.571  46.665 0.0000000000
62175  -36.316  -10.089  45.607 0.0000000000
62176  -37.109  -9.821  45.209 0.0000000000
63245  -39.165  -9.842  44.875 0.0000000000
62196  -39.692  -10.124  44.219 0.0000000000
62197  -40.700  -9.952  44.348 0.0000000000
63259  -41.606  -9.650  44.072 0.0000000000
62221  -41.921  -10.027  43.368 0.0000000000
63272  -42.781  -9.696  42.997 0.0000000000
63273  -43.531  -9.312  42.509 0.0000000000
63274  -44.140  -8.873  42.036 0.0000000000
66349  -42.437  -5.166  34.936 0.0000000000
65351  -44.311  -6.336  35.648 0.0000000000
64389  -46.043  -8.205  33.705 0.0000000000
67387  -48.525  -4.011  35.047 0.0000000000
67398  -49.125  -4.279  34.520 0.0000000000
66354  -48.685  -5.372  33.930 0.0000000000
66366  -48.974  -5.737  32.976 0.0000000000
128929  -39.346  -15.888  51.738 0.0000000000
56757  -39.472  -15.194  51.800 0.0000000000
58842  -38.947  -14.036  52.221 0.0000000000
54879  -38.033  -16.603  53.626 0.0000000000
55794  -38.221  -15.897  53.589 0.0000000000
56744  -38.644  -15.264  53.142 0.0000000000
57764  -38.582  -14.490  52.803 0.0000000000
60010  -37.807  -13.229  52.116 0.0000000000
60999  -36.829  -11.101  51.142 0.0000000000
61041  -35.932  -10.715  47.976 0.0000000000
54907  -34.844  -17.934  52.248 0.0000000000
54908  -35.434  -17.195  51.854 0.0000000000
130590  -35.462  -16.984  50.899 0.0000000000
56772  -35.882  -15.886  50.699 0.0000000000
57806  -36.057  -15.222  50.332 0.0000000000
57827  -35.969  -14.814  49.706 0.0000000000
62141  -35.729  -10.790  47.254 0.0000000000
40808  -10.674  -30.954  58.341 0.0000000000
132101  -11.466  -30.975  58.113 0.0000000000
44688  -12.122  -27.647  61.001 0.0000000000
42611  -12.516  -28.821  60.841 0.0000000000
119181  -15.300  -26.997  58.046 0.0000000000
45899  -15.982  -27.314  59.217 0.0000000000
129612  -16.270  -28.083  59.408 0.0000000000
42629  -17.162  -29.028  59.064 0.0000000000
39873  -18.691  -31.453  57.559 0.0000000000
133693  -19.198  -31.186  58.032 0.0000000000
38985  -18.654  -32.419  55.904 0.0000000000
39916  -20.400  -32.280  55.342 0.0000000000
39888  -22.933  -31.658  56.634 0.0000000000
39919  -22.963  -31.653  55.010 0.0000000000
118030  -25.139  -31.544  53.873 0.0000000000
43665  -26.230  -28.874  54.559 0.0000000000
42668  -26.064  -29.751  55.029 0.0000000000
41778  -26.432  -30.849  55.016 0.0000000000
40869  -26.733  -31.265  54.491 0.0000000000
40870  -27.295  -31.326  54.313 0.0000000000
39923  -26.782  -31.601  53.747 0.0000000000
39942  -27.014  -31.963  53.270 0.0000000000
43690  -30.752  -28.918  54.013 0.0000000000
42677  -31.340  -29.192  53.735 0.0000000000
46999  -31.072  -25.300  51.605 0.0000000000
48026  -31.470  -24.785  52.391 0.0000000000
48015  -31.753  -24.395  53.243 0.0000000000
46989  -32.381  -24.982  53.775 0.0000000000
46967  -32.911  -25.609  54.827 0.0000000000
50941  -30.865  -21.484  54.958 0.0000000000
49987  -31.018  -22.401  55.951 0.0000000000
48976  -31.416  -22.780  56.352 0.0000000000
49979  -31.943  -22.509  56.544 0.0000000000
48977  -31.911  -23.147  56.418 0.0000000000
48992  -31.697  -23.507  56.033 0.0000000000
123823  -32.956  -24.804  55.221 0.0000000000
46968  -33.421  -25.445  54.948 0.0000000000
127555  -33.751  -26.059  54.768 0.0000000000
45923  -34.542  -26.037  54.496 0.0000000000
45933  -35.156  -26.491  53.880 0.0000000000
46982  -35.217  -25.110  54.001 0.0000000000
50025  -36.238  -21.881  51.640 0.0000000000
136436  -36.943  -21.554  51.743 0.0000000000
50034  -37.020  -22.142  51.388 0.0000000000
51005  -39.633  -21.082  49.124 0.0000000000
52026  -39.197  -20.425  50.938 0.0000000000
52034  -39.408  -20.412  49.969 0.0000000000
41719  -9.236  -30.041  59.920 0.0000000000
58873  -39.113  -13.263  50.897 0.0000000000
63197  -36.567  -9.856  47.621 0.0000000000
63184  -37.599  -8.842  48.726 0.0000000000
64196  -38.013  -8.398  49.383 0.0000000000
63199  -38.629  -8.982  47.541 0.0000000000
63185  -38.573  -8.421  48.518 0.0000000000
64197  -38.930  -8.276  49.203 0.0000000000
64212  -41.526  -8.173  48.024 0.0000000000
64213  -42.201  -8.306  47.621 0.0000000000
138792  -41.571  -9.290  48.688 0.0000000000
62128  -41.456  -10.043  48.676 0.0000000000
61035  -41.081  -10.877  48.373 0.0000000000
61127  -42.531  -12.009  40.655 0.0000000000
62252  -43.552  -10.814  41.480 0.0000000000
63286  -44.674  -9.027  41.278 0.0000000000
66315  -41.710  -6.400  36.774 0.0000000000
65325  -41.342  -7.360  37.108 0.0000000000
64351  -42.638  -7.739  38.172 0.0000000000
64350  -41.634  -7.786  37.846 0.0000000000
64362  -40.994  -8.554  37.131 0.0000000000
61154  -43.215  -10.909  37.832 0.0000000000
61145  -43.453  -11.234  38.415 0.0000000000
61129  -44.247  -10.691  39.256 0.0000000000
135942  -44.389  -10.576  39.843 0.0000000000
138077  -44.755  -9.495  40.684 0.0000000000
65255  -47.191  -7.385  41.665 0.0000000000
132162  -47.887  -8.535  41.892 0.0000000000
121951  -48.013  -8.665  41.153 0.0000000000
123202  -48.130  -9.320  41.814 0.0000000000
40801  -20.007  -30.907  58.869 0.0000000000
42623  -11.819  -29.510  60.428 0.0000000000
42637  -19.481  -29.863  58.382 0.0000000000
42639  -21.181  -29.531  58.112 0.0000000000
44690  -14.260  -27.654  60.391 0.0000000000
44691  -15.039  -27.716  60.346 0.0000000000
44692  -15.419  -27.816  60.182 0.0000000000
44713  -16.154  -27.732  59.416 0.0000000000
44718  -20.917  -29.221  57.600 0.0000000000
44811  -34.150  -27.319  54.357 0.0000000000
45868  -13.126  -27.400  60.140 0.0000000000
45885  -15.609  -27.209  59.749 0.0000000000
45905  -15.646  -27.085  58.605 0.0000000000
45921  -33.176  -26.746  54.771 0.0000000000
45932  -34.556  -26.770  54.281 0.0000000000
47972  -32.276  -23.614  56.098 0.0000000000
49986  -30.886  -22.105  55.161 0.0000000000
50012  -29.964  -22.717  54.121 0.0000000000
50935  -31.342  -21.177  56.428 0.0000000000
50946  -29.470  -20.772  54.007 0.0000000000
51992  -31.428  -20.587  56.371 0.0000000000
52939  -31.523  -19.339  56.023 0.0000000000
52946  -30.749  -19.675  54.062 0.0000000000
54874  -32.901  -17.063  54.685 0.0000000000
55822  -35.454  -16.494  50.103 0.0000000000
61113  -42.894  -11.524  41.347 0.0000000000
61128  -43.871  -11.185  39.932 0.0000000000
62077  -37.613  -10.242  51.174 0.0000000000
62091  -37.917  -9.692  50.900 0.0000000000
62220  -41.048  -10.266  43.566 0.0000000000
63168  -37.832  -8.554  50.043 0.0000000000
64237  -43.201  -7.791  46.336 0.0000000000
64252  -44.392  -7.574  45.683 0.0000000000
64262  -43.231  -7.571  44.994 0.0000000000
64293  -47.147  -7.548  41.355 0.0000000000
65223  -45.286  -7.471  44.263 0.0000000000
65224  -45.855  -7.395  43.762 0.0000000000
65236  -46.274  -7.193  43.048 0.0000000000
65253  -46.567  -6.991  41.935 0.0000000000
65254  -46.961  -7.127  41.677 0.0000000000
68406  -48.307  -3.914  34.993 0.0000000000
68413  -46.596  -3.667  34.275 0.0000000000
68427  -47.742  -3.314  32.828 0.0000000000
68428  -50.552  -3.092  32.843 0.0000000000
69359  -48.862  -3.547  34.494 0.0000000000
118436  -15.960  -29.220  59.808 0.0000000000
135323  -13.516  -27.951  60.719 0.0000000000
135972  -49.747  -2.855  32.952 0.0000000000
138386  -30.480  -22.713  54.417 0.0000000000
138762  -39.259  -9.415  46.258 0.0000000000
