#!ascii label  , from subject sub-v1s20x0050296_ses-1 vox2ras=TkReg
1340
59852  -16.954  -13.031  -23.122 0.5555555820
121612  -17.464  -12.392  -23.691 0.6666666865
61936  -18.720  -10.923  -24.803 0.7777777910
63991  -18.649  -9.297  -25.546 0.8888888955
63994  -22.711  -9.005  -24.981 0.8888888955
59837  -15.865  -13.568  -22.474 0.5555555820
60843  -15.664  -12.079  -23.094 0.5555555820
61927  -16.455  -11.389  -23.604 0.6666666865
61934  -16.967  -10.603  -24.109 0.8888888955
62980  -20.028  -9.909  -25.204 0.8888888955
63992  -19.842  -9.055  -25.648 0.8888888955
126878  -21.139  -7.769  -25.899 1.0000000000
129454  -23.242  -8.479  -25.175 0.8888888955
66044  -23.499  -7.165  -25.697 1.0000000000
62947  -16.105  -10.508  -23.842 0.7777777910
63971  -16.965  -9.376  -24.738 1.0000000000
65015  -17.095  -8.265  -25.327 1.0000000000
64009  -18.191  -8.331  -25.897 1.0000000000
65056  -19.271  -7.435  -26.786 1.0000000000
65037  -17.746  -8.010  -25.893 1.0000000000
65057  -19.848  -7.258  -26.805 1.0000000000
66039  -18.284  -7.205  -26.758 1.0000000000
66059  -19.526  -7.065  -26.993 1.0000000000
66061  -21.077  -6.533  -26.861 1.0000000000
67102  -23.497  -6.427  -26.081 1.0000000000
66060  -20.222  -6.473  -27.296 1.0000000000
67100  -22.030  -6.379  -26.580 1.0000000000
120796  -24.404  -6.076  -25.950 1.0000000000
68145  -22.784  -5.539  -26.961 1.0000000000
68131  -24.325  -5.286  -26.367 0.7777777910
66021  -16.542  -7.605  -25.345 0.8888888955
124592  -18.670  -6.940  -27.095 1.0000000000
120602  -17.332  -7.070  -26.286 1.0000000000
66057  -18.443  -6.582  -27.264 1.0000000000
67133  -19.372  -6.141  -27.847 1.0000000000
68144  -21.196  -5.858  -27.354 1.0000000000
69102  -22.398  -5.298  -27.304 1.0000000000
68146  -23.626  -5.108  -26.842 1.0000000000
69092  -25.032  -4.614  -25.998 0.8888888955
69091  -24.313  -4.551  -26.610 1.0000000000
137562  -25.676  -4.279  -25.315 0.7777777910
69995  -27.673  -3.728  -24.519 0.7777777910
68116  -15.697  -5.049  -25.686 0.5555555820
69090  -15.882  -3.782  -26.520 0.7777777910
68129  -16.331  -4.881  -26.409 0.8888888955
67130  -18.326  -5.616  -27.883 1.0000000000
67131  -18.715  -6.051  -27.885 1.0000000000
68158  -17.531  -4.856  -27.310 0.8888888955
68174  -18.543  -5.344  -28.370 1.0000000000
130684  -19.491  -5.697  -28.182 1.0000000000
130836  -22.271  -4.681  -27.677 1.0000000000
69104  -23.769  -4.466  -27.010 0.8888888955
114213  -22.958  -3.922  -27.754 1.0000000000
70033  -23.615  -3.891  -27.331 0.8888888955
70966  -25.746  -2.739  -25.406 0.7777777910
70012  -28.433  -2.833  -25.256 0.6666666865
70969  -28.006  -2.209  -25.090 0.6666666865
70007  -14.004  -2.955  -25.252 0.4444444478
69089  -15.163  -3.267  -25.942 0.7777777910
70020  -14.773  -2.629  -26.101 0.6666666865
70043  -16.952  -3.126  -27.665 0.7777777910
69125  -18.397  -4.457  -28.537 0.8888888955
135392  -20.167  -5.144  -28.161 1.0000000000
114506  -18.635  -3.886  -28.794 1.0000000000
114211  -20.404  -4.229  -28.501 1.0000000000
118465  -22.374  -3.813  -28.106 1.0000000000
114740  -22.803  -3.092  -28.246 0.8888888955
114215  -23.470  -3.077  -27.743 0.7777777910
114534  -24.579  -2.341  -26.686 0.7777777910
70024  -28.729  -3.077  -26.015 0.5555555820
130745  -25.121  -1.653  -26.093 0.7777777910
71984  -26.933  -1.192  -25.427 0.6666666865
70981  -13.426  -1.949  -26.238 0.6666666865
70019  -14.044  -2.445  -25.755 0.6666666865
70032  -15.784  -2.399  -27.293 0.7777777910
70996  -14.712  -1.742  -27.197 0.7777777910
70042  -16.879  -2.024  -28.232 0.8888888955
70055  -17.656  -2.696  -28.323 0.8888888955
70054  -16.940  -1.538  -28.807 1.0000000000
70065  -17.636  -2.193  -28.558 1.0000000000
71021  -19.323  -2.690  -29.080 1.0000000000
71023  -20.556  -3.330  -28.857 0.8888888955
117583  -21.829  -2.223  -29.007 0.8888888955
116389  -23.209  -2.256  -28.169 0.8888888955
114655  -23.918  -2.111  -27.417 0.7777777910
72041  -21.381  -1.542  -29.469 0.8888888955
72027  -22.900  -1.484  -28.667 0.7777777910
134667  -24.062  -1.233  -27.374 0.7777777910
114221  -25.850  -1.071  -25.597 0.7777777910
114239  -28.052  -1.463  -26.249 0.6666666865
71978  -12.209  -1.395  -26.167 0.6666666865
70980  -12.703  -1.719  -26.293 0.5555555820
70995  -13.627  -1.675  -27.024 0.7777777910
129540  -15.855  -1.564  -29.312 0.8888888955
71020  -15.574  -1.888  -29.717 1.0000000000
70064  -16.950  -1.820  -28.949 1.0000000000
71043  -18.925  -1.952  -29.316 1.0000000000
71022  -20.187  -2.560  -29.207 0.8888888955
72959  -23.400  -0.718  -28.582 0.7777777910
138355  -23.772  -0.075  -28.276 0.7777777910
114726  -25.628  -0.052  -25.874 0.6666666865
73886  -27.196  0.137  -26.319 0.5555555820
114237  -27.880  -1.121  -27.049 0.5555555820
121193  -12.017  -1.381  -27.045 0.7777777910
72913  -11.668  -0.242  -25.986 0.6666666865
72014  -12.634  -1.131  -27.876 0.8888888955
71019  -14.781  -1.641  -29.597 1.0000000000
71059  -15.826  -1.912  -30.360 1.0000000000
72055  -19.514  -0.714  -29.965 0.8888888955
133676  -20.565  -1.514  -29.623 0.8888888955
72056  -20.231  -0.522  -30.342 0.8888888955
72042  -22.205  -1.540  -29.184 0.8888888955
123403  -23.329  0.044  -29.006 0.7777777910
73913  -23.739  0.700  -28.259 0.7777777910
73901  -24.119  0.346  -27.196 0.7777777910
130833  -26.379  0.468  -26.015 0.5555555820
73926  -21.698  0.541  -30.460 0.7777777910
74892  -24.136  1.281  -27.389 0.5555555820
123272  -26.867  0.788  -26.498 0.5555555820
74907  -23.642  1.631  -28.200 0.6666666865
139325  -8.680  1.797  -23.308 0.4444444478
72912  -11.274  0.262  -25.780 0.5555555820
73894  -11.658  -0.165  -27.874 0.7777777910
72025  -14.219  -0.989  -29.424 1.0000000000
114284  -11.848  -0.438  -28.773 0.8888888955
72972  -14.331  -1.073  -30.544 1.0000000000
72075  -15.972  -0.933  -30.375 0.8888888955
72989  -17.210  -0.264  -29.917 0.8888888955
123042  -18.928  -0.552  -29.923 0.8888888955
72992  -19.863  0.308  -31.055 0.8888888955
72993  -20.461  0.449  -31.192 0.8888888955
135354  -23.113  1.000  -29.126 0.6666666865
75860  -25.433  1.823  -27.096 0.5555555820
74863  -13.049  1.111  -26.259 0.6666666865
74845  -11.655  1.039  -25.546 0.6666666865
74903  -13.556  0.231  -28.047 0.7777777910
122555  -14.938  -0.396  -30.247 0.8888888955
137274  -15.789  0.089  -29.873 0.7777777910
123420  -16.833  0.295  -30.009 0.7777777910
72990  -18.525  0.070  -30.300 0.8888888955
73944  -17.988  0.786  -30.516 0.7777777910
72991  -19.452  0.223  -30.791 0.8888888955
73960  -20.080  0.969  -32.224 0.7777777910
73946  -20.096  1.062  -31.990 0.7777777910
73947  -21.039  0.980  -31.200 0.6666666865
74950  -19.856  1.337  -31.730 0.6666666865
74940  -20.971  1.366  -31.260 0.6666666865
73948  -21.768  1.379  -30.521 0.6666666865
125643  -22.350  0.936  -29.862 0.5555555820
76859  -21.890  3.106  -30.103 0.6666666865
125427  -22.450  2.992  -29.473 0.5555555820
75896  -22.838  2.444  -29.166 0.5555555820
75879  -24.173  2.136  -27.576 0.4444444478
76845  -23.112  3.375  -28.861 0.5555555820
75873  -14.422  1.879  -27.513 0.3333333433
75872  -14.059  2.082  -26.920 0.3333333433
74885  -14.338  1.742  -27.519 0.5555555820
74904  -14.844  1.316  -28.290 0.6666666865
75895  -15.939  2.059  -29.009 0.5555555820
74905  -15.683  1.207  -28.954 0.7777777910
73925  -16.498  0.874  -29.708 0.7777777910
74937  -17.426  2.136  -30.478 0.6666666865
127069  -17.908  1.598  -30.711 0.6666666865
74939  -18.986  1.734  -31.235 0.6666666865
75930  -19.904  1.825  -31.572 0.6666666865
76869  -20.041  2.841  -31.335 0.6666666865
76858  -21.278  3.330  -30.742 0.6666666865
76844  -22.479  3.730  -29.606 0.5555555820
77766  -23.050  4.375  -29.030 0.5555555820
77777  -21.846  4.015  -30.244 0.6666666865
122965  -15.853  2.649  -29.156 0.4444444478
76832  -15.369  2.332  -27.975 0.4444444478
75894  -15.082  1.930  -28.322 0.4444444478
76843  -16.156  3.538  -30.183 0.5555555820
75909  -16.428  2.451  -29.972 0.6666666865
74923  -16.832  1.909  -30.045 0.6666666865
75919  -17.492  2.746  -30.498 0.6666666865
74938  -18.081  2.040  -30.830 0.6666666865
75929  -19.365  2.652  -31.146 0.6666666865
76868  -19.363  3.676  -31.119 0.6666666865
126938  -21.893  4.953  -30.463 0.6666666865
137429  -22.523  5.287  -29.965 0.5555555820
77765  -22.462  4.591  -29.796 0.6666666865
131632  -17.211  3.850  -30.454 0.6666666865
116117  -17.166  3.309  -30.433 0.6666666865
76857  -17.915  3.475  -30.597 0.6666666865
75920  -18.132  2.627  -30.720 0.6666666865
76856  -17.470  3.369  -30.479 0.6666666865
121644  -20.708  4.639  -31.245 0.6666666865
62978  -18.691  -10.070  -25.203 0.8888888955
62958  -16.579  -9.938  -24.313 1.0000000000
63972  -17.616  -9.275  -25.189 1.0000000000
65040  -19.040  -8.179  -26.329 1.0000000000
65043  -21.830  -7.506  -25.836 1.0000000000
119493  -21.105  -2.582  -29.114 0.8888888955
133673  -11.844  -0.882  -25.893 0.5555555820
74827  -9.119  2.227  -24.504 0.5555555820
71996  -11.883  -1.008  -27.939 0.7777777910
71058  -15.285  -1.673  -30.802 1.0000000000
135791  -21.634  -0.140  -29.951 0.8888888955
75810  -8.337  3.009  -23.349 0.2222222239
74906  -23.139  1.852  -28.868 0.6666666865
75897  -23.501  2.582  -28.226 0.4444444478
75917  -16.494  3.270  -30.305 0.6666666865
76855  -16.805  3.908  -30.423 0.6666666865
70959  -13.482  -2.223  -25.581 0.4444444478
71957  -11.938  -1.313  -25.694 0.4444444478
77757  -23.733  5.037  -28.596 0.5555555820
76833  -15.968  3.085  -30.091 0.3333333433
78729  -23.710  5.754  -29.076 0.5555555820
58681  -16.467  -14.249  -22.510 0.5555555820
59839  -17.139  -13.846  -22.968 0.5555555820
126327  -18.150  -12.214  -24.151 0.5555555820
60862  -19.334  -12.133  -24.228 0.5555555820
62982  -22.556  -9.813  -24.688 0.7777777910
58680  -15.717  -14.176  -22.152 0.5555555820
61937  -19.390  -11.383  -24.612 0.6666666865
61938  -20.299  -10.929  -24.628 0.6666666865
62981  -21.500  -9.535  -24.991 0.8888888955
65018  -24.160  -8.794  -24.999 0.7777777910
66023  -24.747  -8.301  -25.253 0.7777777910
66024  -25.062  -7.480  -25.436 0.8888888955
59826  -15.242  -13.650  -21.982 0.4444444478
61918  -14.969  -11.833  -22.749 0.5555555820
67103  -24.249  -6.900  -25.685 1.0000000000
62945  -14.885  -10.116  -22.808 0.2222222239
62957  -15.879  -9.924  -24.079 0.6666666865
68117  -25.448  -5.998  -25.419 0.8888888955
68118  -26.204  -5.418  -24.804 0.6666666865
122845  -26.316  -4.479  -24.713 0.7777777910
69067  -28.508  -4.191  -24.798 0.6666666865
127566  -15.541  -8.127  -24.443 0.5555555820
69081  -29.143  -4.350  -25.529 0.6666666865
67065  -15.140  -6.652  -24.398 0.4444444478
69093  -29.036  -3.770  -26.067 0.5555555820
136608  -29.163  -3.855  -27.460 0.5555555820
69060  -14.413  -4.273  -24.689 0.2222222239
114611  -28.595  -2.712  -26.854 0.5555555820
136327  -28.030  -1.775  -27.745 0.5555555820
117097  -11.059  -1.695  -23.835 0.3333333433
73839  -9.591  0.954  -23.721 0.4444444478
72028  -27.471  -1.094  -28.892 0.4444444478
74793  -8.866  1.643  -22.217 0.3333333433
74895  -27.046  1.134  -27.867 0.5555555820
75881  -25.711  2.504  -27.516 0.4444444478
76807  -13.703  2.398  -26.218 0.3333333433
75839  -12.857  2.378  -25.519 0.4444444478
75898  -24.349  3.005  -27.674 0.4444444478
77758  -24.797  4.791  -28.299 0.4444444478
78724  -25.231  5.490  -28.778 0.2222222239
76854  -16.412  3.798  -30.332 0.6666666865
77774  -17.425  4.158  -30.501 0.6666666865
76867  -18.578  3.308  -30.809 0.6666666865
77782  -19.469  4.573  -31.282 0.6666666865
78744  -20.073  5.179  -31.567 0.6666666865
78745  -20.969  5.431  -31.476 0.6666666865
134772  -21.291  5.010  -31.011 0.6666666865
78738  -22.301  5.734  -30.446 0.6666666865
78728  -22.939  6.005  -29.693 0.4444444478
78730  -24.631  6.117  -29.099 0.3333333433
77773  -16.954  4.464  -30.475 0.5555555820
60833  -16.165  -12.872  -22.830 0.5555555820
60844  -16.606  -12.282  -23.323 0.6666666865
59838  -16.529  -13.522  -22.774 0.5555555820
118945  -18.134  -12.837  -23.694 0.6666666865
136382  -16.986  -11.862  -23.639 0.6666666865
136653  -17.778  -11.922  -24.162 0.7777777910
60861  -18.723  -11.809  -24.455 0.7777777910
61935  -17.625  -10.756  -24.460 0.7777777910
62960  -18.137  -10.445  -24.844 0.8888888955
64011  -19.125  -8.853  -25.812 1.0000000000
63990  -18.163  -8.964  -25.549 1.0000000000
62979  -19.245  -9.609  -25.469 0.8888888955
62977  -18.123  -9.683  -25.234 1.0000000000
65016  -21.690  -8.380  -25.496 1.0000000000
63993  -21.014  -8.833  -25.481 0.8888888955
124568  -21.895  -9.089  -25.117 0.8888888955
128716  -14.887  -13.059  -21.704 0.4444444478
60826  -15.291  -12.779  -22.398 0.5555555820
61926  -15.508  -11.161  -23.322 0.5555555820
62959  -17.447  -9.984  -24.733 0.8888888955
124953  -20.614  -9.363  -25.328 0.8888888955
64012  -20.219  -8.435  -25.900 1.0000000000
65044  -22.782  -7.536  -25.631 1.0000000000
65041  -19.699  -7.950  -26.414 1.0000000000
117609  -20.432  -7.676  -26.294 1.0000000000
65045  -23.753  -7.993  -25.387 1.0000000000
66043  -22.753  -6.694  -26.086 1.0000000000
61925  -14.937  -10.896  -22.846 0.5555555820
62946  -15.373  -10.264  -23.549 0.6666666865
63970  -16.167  -9.425  -24.403 0.8888888955
64999  -16.610  -8.847  -24.782 0.8888888955
63989  -17.700  -8.636  -25.509 1.0000000000
65014  -16.286  -8.234  -24.840 0.8888888955
65039  -18.536  -8.085  -26.243 1.0000000000
65038  -18.217  -7.787  -26.337 1.0000000000
66042  -21.639  -6.844  -26.343 1.0000000000
66038  -17.793  -7.446  -26.362 1.0000000000
67099  -17.822  -6.794  -26.764 1.0000000000
67082  -24.969  -6.694  -25.582 0.8888888955
67101  -22.767  -6.083  -26.552 1.0000000000
67121  -20.630  -6.195  -27.340 1.0000000000
66071  -19.259  -6.533  -27.529 1.0000000000
67123  -22.219  -5.920  -26.877 1.0000000000
68130  -23.533  -5.758  -26.492 1.0000000000
133722  -24.958  -5.423  -25.864 0.8888888955
69080  -25.572  -5.045  -25.324 0.7777777910
67081  -16.621  -6.851  -25.849 1.0000000000
127033  -15.956  -6.989  -25.226 0.5555555820
66009  -15.795  -7.550  -24.770 0.6666666865
66022  -17.225  -7.557  -25.856 1.0000000000
67098  -17.125  -6.452  -26.416 0.8888888955
67119  -18.051  -6.321  -27.210 1.0000000000
119432  -19.248  -6.043  -28.079 1.0000000000
68162  -20.904  -5.594  -27.641 1.0000000000
139614  -20.702  -5.242  -27.907 1.0000000000
69103  -23.093  -4.783  -27.337 1.0000000000
70023  -24.839  -3.856  -26.346 0.8888888955
70011  -26.181  -3.514  -24.892 0.7777777910
69996  -28.355  -3.385  -24.870 0.6666666865
68115  -15.052  -5.065  -24.844 0.5555555820
67080  -15.686  -6.074  -25.302 0.5555555820
119653  -15.111  -4.340  -25.269 0.6666666865
67097  -16.414  -5.879  -26.072 0.7777777910
69079  -15.502  -4.109  -25.866 0.7777777910
69100  -16.190  -3.180  -27.142 0.8888888955
69101  -16.823  -4.170  -27.063 0.8888888955
123802  -16.934  -5.765  -26.549 0.8888888955
68141  -17.219  -5.286  -26.906 1.0000000000
68173  -18.156  -5.164  -27.827 0.8888888955
68178  -18.458  -4.880  -28.605 1.0000000000
114573  -21.725  -4.155  -28.174 1.0000000000
114736  -24.094  -3.086  -27.128 0.8888888955
115237  -25.192  -3.199  -26.072 0.7777777910
70967  -26.586  -2.567  -24.826 0.7777777910
115308  -26.273  -1.867  -25.175 0.6666666865
70035  -28.965  -3.498  -26.796 0.5555555820
70985  -28.375  -2.190  -25.914 0.6666666865
131450  -14.497  -2.938  -25.613 0.5555555820
69987  -13.909  -3.080  -24.984 0.3333333433
69077  -13.975  -3.616  -24.723 0.3333333433
69078  -14.656  -3.565  -25.292 0.4444444478
70982  -14.297  -2.105  -26.408 0.6666666865
70021  -15.474  -2.944  -26.596 0.7777777910
70044  -17.407  -2.999  -27.950 0.8888888955
114208  -19.110  -4.574  -28.794 1.0000000000
114210  -19.121  -3.512  -28.876 1.0000000000
114660  -24.496  -1.432  -26.752 0.7777777910
114236  -28.227  -1.945  -26.917 0.5555555820
133263  -15.399  -1.899  -27.529 0.8888888955
72948  -24.331  -0.557  -26.847 0.7777777910
114651  -25.008  -0.726  -26.152 0.7777777910
114724  -26.663  -0.360  -25.769 0.6666666865
70958  -12.655  -1.711  -25.754 0.4444444478
71007  -15.131  -1.317  -28.216 0.8888888955
71041  -17.150  -1.676  -28.663 1.0000000000
119636  -17.646  -1.549  -29.061 0.8888888955
72975  -22.611  -0.645  -29.301 0.7777777910
72932  -24.727  0.251  -26.245 0.6666666865
132182  -27.299  0.469  -26.823 0.5555555820
130863  -27.714  -1.354  -28.074 0.5555555820
72892  -10.147  0.608  -23.851 0.5555555820
127322  -11.818  -0.254  -26.722 0.6666666865
72015  -14.131  -1.131  -27.860 0.8888888955
72052  -17.034  -1.056  -29.299 1.0000000000
72974  -21.727  -0.880  -29.613 0.8888888955
123394  -22.456  0.281  -29.605 0.8888888955
73884  -25.420  0.889  -26.081 0.6666666865
72973  -20.986  0.343  -30.987 0.8888888955
74871  -25.814  1.378  -26.592 0.5555555820
73858  -9.366  1.697  -24.772 0.5555555820
73861  -11.431  0.245  -25.864 0.5555555820
114285  -14.316  -0.912  -28.291 1.0000000000
114589  -11.725  0.030  -28.661 0.7777777910
73876  -12.191  0.299  -26.385 0.7777777910
72988  -15.031  -0.784  -30.860 0.8888888955
72958  -14.150  -0.793  -29.675 0.7777777910
75861  -26.095  1.808  -27.168 0.5555555820
122095  -12.560  1.726  -25.635 0.5555555820
136306  -12.464  0.990  -25.792 0.5555555820
75854  -13.723  1.762  -26.717 0.4444444478
74884  -13.706  0.850  -27.542 0.6666666865
73895  -12.507  0.433  -27.710 0.7777777910
73860  -11.073  0.763  -25.538 0.7777777910
75838  -11.266  1.364  -25.398 0.6666666865
73924  -15.894  0.381  -29.334 0.7777777910
114287  -14.711  -0.669  -28.347 0.7777777910
119667  -19.122  0.801  -31.220 0.7777777910
73959  -19.725  1.352  -31.592 0.6666666865
132688  -20.359  1.072  -31.920 0.6666666865
73962  -20.162  1.138  -32.165 0.6666666865
76870  -20.650  2.555  -31.213 0.6666666865
75932  -20.818  1.994  -31.228 0.6666666865
75910  -22.242  2.290  -30.032 0.5555555820
74924  -22.599  1.628  -29.619 0.5555555820
115654  -23.828  3.430  -28.098 0.4444444478
76835  -23.818  4.172  -28.384 0.5555555820
74922  -16.295  1.525  -29.490 0.7777777910
77784  -20.658  3.661  -31.109 0.6666666865
120470  -16.039  3.046  -29.791 0.5555555820
72893  -10.634  0.156  -24.233 0.4444444478
76782  -9.355  3.396  -24.136 0.3333333433
70915  -12.001  -2.363  -24.045 0.4444444478
120288  -10.989  -1.567  -23.946 0.4444444478
77759  -25.816  4.830  -28.667 0.3333333433
79646  -23.704  6.527  -29.379 0.3333333433
62983  -23.484  -9.891  -24.634 0.6666666865
58669  -16.020  -14.811  -21.971 0.5555555820
67083  -25.697  -6.887  -25.223 0.7777777910
59825  -14.834  -13.681  -21.321 0.3333333433
60832  -14.686  -12.214  -21.740 0.4444444478
69065  -26.902  -5.002  -24.415 0.6666666865
64998  -15.701  -8.849  -24.349 0.7777777910
68098  -14.029  -5.211  -24.225 0.1111111119
72872  -11.120  -0.432  -23.090 0.3333333433
72871  -10.052  -0.531  -23.000 0.3333333433
75827  -11.361  3.552  -24.502 0.3333333433
78737  -21.710  5.586  -31.026 0.6666666865
79657  -22.536  6.405  -30.249 0.4444444478
58703  -22.078  -14.402  -23.455 0.4444444478
58705  -24.390  -14.657  -23.680 0.2222222239
58683  -18.676  -14.847  -22.699 0.4444444478
59854  -18.495  -13.471  -23.447 0.4444444478
59855  -19.342  -13.487  -23.463 0.4444444478
59857  -21.406  -13.501  -23.423 0.4444444478
126940  -22.683  -12.404  -24.027 0.4444444478
59874  -24.717  -13.055  -24.390 0.2222222239
60846  -19.764  -12.758  -23.749 0.4444444478
127543  -21.009  -11.811  -24.072 0.4444444478
60864  -21.862  -11.772  -24.010 0.4444444478
60867  -26.045  -12.077  -24.349 0.1111111119
60869  -27.542  -12.173  -25.031 0.1111111119
127550  -22.362  -11.288  -24.208 0.4444444478
61941  -24.354  -11.596  -24.380 0.3333333433
60863  -20.073  -11.948  -24.149 0.4444444478
62963  -23.648  -11.173  -24.398 0.3333333433
61952  -25.690  -10.961  -24.672 0.3333333433
60873  -27.207  -11.740  -25.003 0.2222222239
132013  -22.882  -10.745  -24.401 0.4444444478
62964  -24.179  -10.719  -24.503 0.3333333433
61939  -21.403  -10.999  -24.361 0.4444444478
62987  -26.785  -10.565  -25.127 0.2222222239
137007  -28.412  -11.144  -25.368 0.1111111119
62991  -31.190  -10.665  -25.317 0.1111111119
63997  -25.698  -9.839  -24.977 0.3333333433
63999  -27.236  -9.816  -25.169 0.3333333433
128981  -24.962  -9.097  -24.998 0.4444444478
65020  -26.208  -8.524  -25.265 0.5555555820
66026  -26.803  -7.962  -24.939 0.6666666865
65003  -30.156  -8.633  -24.619 0.4444444478
66025  -25.987  -7.695  -25.250 0.6666666865
65046  -31.274  -8.236  -25.798 0.3333333433
66011  -27.561  -7.300  -24.456 0.6666666865
66013  -29.956  -6.868  -24.992 0.5555555820
67067  -27.271  -6.367  -24.404 0.6666666865
67069  -29.206  -6.388  -24.619 0.5555555820
67085  -30.566  -6.869  -26.274 0.5555555820
134551  -30.452  -7.043  -25.598 0.4444444478
67105  -30.407  -6.463  -26.928 0.3333333433
67068  -28.355  -6.041  -24.376 0.5555555820
68148  -30.057  -5.949  -27.629 0.4444444478
68147  -29.809  -5.155  -27.159 0.5555555820
68132  -29.765  -5.318  -26.083 0.4444444478
68164  -29.629  -5.268  -28.283 0.4444444478
77775  -18.007  4.274  -30.648 0.5555555820
134073  -17.673  4.858  -30.623 0.5555555820
78743  -19.122  5.298  -31.397 0.5555555820
79662  -19.592  6.022  -31.867 0.5555555820
79663  -20.531  6.050  -31.853 0.5555555820
79665  -21.881  6.830  -31.421 0.5555555820
58701  -20.326  -14.515  -22.973 0.4444444478
59859  -23.883  -14.297  -24.283 0.2222222239
59853  -17.698  -13.325  -23.355 0.4444444478
61943  -25.888  -11.527  -24.537 0.2222222239
61954  -27.472  -11.501  -25.209 0.2222222239
61955  -28.210  -11.772  -25.530 0.1111111119
63973  -27.862  -9.082  -24.722 0.4444444478
63975  -29.550  -9.461  -24.508 0.3333333433
63998  -26.375  -9.455  -25.208 0.4444444478
134332  -28.251  -7.740  -24.378 0.6666666865
124895  -29.771  -7.767  -24.597 0.4444444478
67124  -30.349  -6.919  -28.030 0.3333333433
68165  -29.910  -6.213  -28.627 0.4444444478
69105  -29.014  -3.817  -28.382 0.4444444478
79661  -18.729  6.122  -31.535 0.5555555820
79655  -18.014  6.367  -30.958 0.5555555820
60845  -18.841  -12.679  -23.885 0.4444444478
65022  -30.930  -8.825  -25.092 0.2222222239
79664  -21.424  6.133  -31.509 0.5555555820
56667  -19.591  -16.420  -22.102 0.4444444478
57643  -20.251  -16.085  -22.375 0.4444444478
128489  -20.817  -15.766  -22.605 0.4444444478
57657  -23.135  -15.411  -23.494 0.2222222239
57647  -23.763  -15.370  -23.141 0.2222222239
58687  -24.610  -14.998  -22.586 0.1111111119
57639  -16.922  -15.101  -22.217 0.4444444478
57641  -18.405  -15.530  -22.299 0.4444444478
139400  -24.989  -13.287  -24.261 0.1111111119
59876  -26.118  -12.555  -24.147 0.1111111119
58688  -25.165  -14.405  -22.960 0.1111111119
60870  -27.988  -12.440  -24.876 0.1111111119
60875  -28.512  -12.226  -25.466 0.1111111119
61961  -30.203  -12.703  -25.954 0.1111111119
62995  -31.889  -10.930  -25.845 0.1111111119
123586  -32.078  -9.335  -26.135 0.2222222239
66045  -31.231  -7.930  -26.867 0.1111111119
65047  -31.726  -8.664  -26.513 0.2222222239
66073  -30.142  -7.943  -28.952 0.2222222239
114231  -29.884  -7.136  -28.962 0.3333333433
132951  -29.262  -4.555  -28.556 0.4444444478
114811  -28.970  -4.279  -29.207 0.3333333433
69121  -28.882  -4.817  -29.975 0.3333333433
132547  -28.376  -2.432  -27.801 0.4444444478
114216  -28.636  -3.543  -29.296 0.3333333433
75826  -10.204  3.025  -24.556 0.4444444478
73903  -27.324  0.348  -27.596 0.4444444478
76825  -26.140  3.198  -28.107 0.3333333433
77772  -16.465  4.266  -30.373 0.4444444478
80451  -22.460  6.994  -30.592 0.5555555820
78736  -17.599  5.607  -30.683 0.5555555820
80459  -20.065  6.803  -32.312 0.5555555820
129112  -21.095  6.726  -31.999 0.5555555820
79654  -17.201  6.486  -30.780 0.5555555820
125420  -17.253  -14.490  -22.679 0.4444444478
58682  -17.984  -14.212  -23.064 0.4444444478
62961  -20.954  -10.116  -24.823 0.5555555820
63995  -23.747  -9.317  -24.792 0.6666666865
123895  -25.533  -8.185  -25.308 0.6666666865
68104  -29.051  -5.532  -24.755 0.5555555820
68119  -28.955  -4.830  -24.911 0.5555555820
138617  -29.464  -4.772  -25.872 0.4444444478
114217  -28.509  -2.972  -28.610 0.4444444478
76837  -25.552  4.047  -28.150 0.3333333433
62984  -24.375  -10.116  -24.646 0.3333333433
137714  -23.371  -10.442  -24.503 0.3333333433
58702  -21.168  -14.386  -23.170 0.4444444478
115176  -23.046  -14.546  -23.828 0.4444444478
57656  -22.551  -15.167  -23.445 0.3333333433
59858  -22.393  -13.476  -23.700 0.4444444478
57655  -21.816  -15.184  -23.177 0.4444444478
58704  -23.675  -14.981  -23.828 0.3333333433
59860  -24.610  -13.791  -24.225 0.1111111119
57640  -17.806  -14.971  -22.536 0.4444444478
58699  -18.952  -14.170  -23.160 0.4444444478
57642  -19.357  -15.534  -22.409 0.4444444478
58684  -19.542  -14.715  -22.799 0.4444444478
58700  -19.702  -14.112  -23.162 0.4444444478
59856  -20.336  -13.626  -23.337 0.4444444478
60847  -20.712  -12.684  -23.644 0.4444444478
60848  -21.702  -12.558  -23.705 0.4444444478
59872  -23.360  -13.546  -24.237 0.4444444478
122568  -23.586  -12.627  -24.380 0.4444444478
61940  -23.191  -11.687  -24.276 0.4444444478
59873  -24.066  -13.422  -24.521 0.2222222239
131953  -23.820  -11.921  -24.337 0.4444444478
59875  -25.400  -12.759  -24.231 0.1111111119
60866  -25.130  -12.090  -24.308 0.2222222239
60874  -27.825  -12.038  -25.359 0.1111111119
60850  -27.674  -12.413  -24.264 0.1111111119
62986  -26.185  -10.737  -24.867 0.3333333433
62985  -25.278  -10.347  -24.708 0.3333333433
120143  -26.899  -11.223  -24.978 0.2222222239
138840  -28.064  -9.869  -24.888 0.2222222239
62966  -29.853  -10.349  -24.786 0.1111111119
62989  -29.140  -11.362  -25.389 0.1111111119
129910  -30.635  -10.289  -24.917 0.1111111119
61957  -30.834  -11.913  -25.930 0.1111111119
65021  -26.988  -8.860  -25.087 0.4444444478
65001  -28.457  -8.445  -24.413 0.4444444478
66014  -30.546  -7.813  -25.152 0.3333333433
65002  -29.289  -8.554  -24.393 0.4444444478
63976  -30.420  -9.544  -24.730 0.3333333433
65059  -31.413  -8.583  -27.739 0.1111111119
137435  -27.948  -6.665  -24.303 0.5555555820
124982  -29.338  -7.137  -24.516 0.5555555820
67084  -29.630  -5.899  -25.228 0.5555555820
120556  -30.730  -7.214  -27.036 0.3333333433
132651  -29.575  -5.684  -29.129 0.4444444478
78742  -18.270  5.328  -30.901 0.5555555820
58685  -20.212  -15.250  -22.621 0.4444444478
58686  -20.981  -15.133  -22.845 0.4444444478
61956  -29.751  -12.122  -25.683 0.1111111119
80457  -18.351  7.052  -31.677 0.5555555820
64001  -31.848  -9.961  -25.584 0.2222222239
56669  -21.893  -16.500  -22.581 0.4444444478
57646  -23.071  -15.792  -22.984 0.2222222239
57645  -22.419  -15.803  -23.024 0.4444444478
132058  -17.646  -15.575  -22.142 0.4444444478
56652  -17.058  -16.022  -21.721 0.4444444478
59861  -25.395  -13.342  -23.987 0.1111111119
58706  -25.034  -14.042  -23.704 0.1111111119
115196  -28.783  -12.428  -25.370 0.1111111119
52766  -19.302  -20.360  -16.477 0.1111111119
52807  -17.562  -20.391  -19.353 0.3333333433
53736  -18.683  -20.132  -18.445 0.2222222239
52789  -18.888  -20.091  -17.348 0.2222222239
53716  -19.707  -19.710  -16.840 0.1111111119
134277  -16.045  -18.510  -19.815 0.3333333433
53762  -15.828  -19.191  -19.403 0.3333333433
52806  -16.871  -20.457  -19.108 0.3333333433
53765  -18.498  -19.776  -19.898 0.3333333433
53766  -19.109  -19.514  -19.683 0.3333333433
53737  -19.395  -19.488  -17.757 0.2222222239
53752  -19.244  -19.540  -18.821 0.2222222239
56629  -15.394  -16.451  -19.877 0.2222222239
55698  -15.915  -17.783  -19.954 0.2222222239
54767  -15.362  -18.108  -19.295 0.2222222239
54768  -16.720  -19.108  -19.926 0.3333333433
53764  -17.689  -19.750  -19.918 0.3333333433
54752  -19.735  -18.917  -19.225 0.1111111119
57614  -15.431  -15.716  -20.472 0.2222222239
55710  -15.834  -17.088  -20.095 0.3333333433
56641  -16.021  -16.611  -20.577 0.3333333433
55711  -16.367  -17.453  -20.516 0.3333333433
56642  -16.813  -16.919  -21.133 0.3333333433
55712  -17.106  -17.899  -20.757 0.3333333433
55723  -17.699  -17.435  -21.122 0.3333333433
54794  -18.941  -18.266  -20.995 0.3333333433
55724  -18.447  -17.713  -21.121 0.3333333433
54795  -19.704  -18.166  -21.115 0.3333333433
139340  -20.209  -18.044  -21.155 0.3333333433
54786  -20.129  -18.338  -20.623 0.3333333433
54770  -20.262  -18.426  -19.694 0.1111111119
55714  -20.852  -17.940  -20.113 0.2222222239
58657  -14.972  -14.894  -20.828 0.2222222239
57627  -15.673  -15.237  -21.323 0.3333333433
57629  -18.103  -16.240  -21.869 0.3333333433
56654  -18.955  -16.718  -21.780 0.3333333433
55725  -19.189  -17.549  -21.406 0.3333333433
134411  -19.679  -17.078  -21.788 0.3333333433
55726  -20.777  -17.812  -21.145 0.3333333433
55715  -21.526  -17.462  -20.491 0.1111111119
129543  -20.440  -17.011  -22.112 0.3333333433
56668  -21.085  -16.584  -22.472 0.3333333433
114224  -29.551  -6.524  -29.666 0.2222222239
115816  -29.222  -5.656  -29.845 0.2222222239
114789  -28.824  -7.222  -30.251 0.2222222239
114218  -27.957  -2.032  -28.848 0.2222222239
52800  -18.040  -20.574  -18.952 0.3333333433
54736  -19.973  -18.744  -18.143 0.1111111119
53774  -18.272  -19.195  -20.333 0.3333333433
54784  -18.752  -18.782  -20.606 0.3333333433
53775  -18.970  -19.236  -20.258 0.3333333433
57628  -16.356  -15.456  -21.722 0.3333333433
55735  -21.453  -17.073  -22.235 0.3333333433
51858  -18.194  -21.331  -16.461 0.1111111119
51859  -18.948  -21.001  -16.093 0.1111111119
53750  -16.080  -20.087  -19.057 0.3333333433
52798  -16.388  -20.709  -18.675 0.3333333433
52786  -16.717  -21.041  -18.209 0.3333333433
52787  -17.485  -20.855  -18.193 0.3333333433
52788  -18.182  -20.589  -17.938 0.3333333433
52746  -19.773  -20.779  -15.765 0.1111111119
52767  -20.200  -20.169  -16.112 0.1111111119
55697  -15.358  -17.179  -19.510 0.2222222239
122915  -20.669  -18.587  -17.481 0.1111111119
57603  -14.837  -15.789  -19.598 0.2222222239
55699  -20.825  -17.900  -19.068 0.1111111119
55700  -21.475  -17.470  -19.455 0.1111111119
55727  -21.610  -17.323  -21.551 0.1111111119
56670  -22.634  -16.264  -22.393 0.1111111119
58656  -14.712  -14.394  -20.289 0.1111111119
114810  -29.027  -5.666  -30.296 0.2222222239
72043  -27.364  -1.624  -29.963 0.2222222239
114778  -27.677  -2.274  -29.957 0.2222222239
63961  -15.490  -9.555  -24.012 0.5555555820
58668  -15.245  -14.419  -21.552 0.3333333433
58667  -14.802  -14.241  -20.948 0.2222222239
131149  -28.749  -3.936  -30.482 0.2222222239
52765  -18.490  -20.671  -16.883 0.1111111119
52799  -17.246  -20.703  -18.798 0.3333333433
53763  -16.798  -19.903  -19.524 0.3333333433
52808  -18.143  -20.246  -19.553 0.3333333433
53751  -18.596  -20.077  -19.330 0.3333333433
54769  -19.592  -18.891  -20.072 0.2222222239
54783  -17.407  -18.800  -20.367 0.3333333433
54782  -16.566  -18.283  -20.283 0.3333333433
54753  -20.321  -18.388  -18.823 0.1111111119
57615  -16.221  -16.005  -21.193 0.3333333433
56653  -17.567  -16.733  -21.474 0.3333333433
55713  -18.085  -18.307  -20.752 0.3333333433
54785  -19.356  -18.648  -20.631 0.3333333433
56655  -20.173  -17.680  -21.574 0.3333333433
57613  -14.772  -15.123  -20.022 0.2222222239
123608  -18.321  -17.045  -21.441 0.3333333433
55734  -20.940  -17.482  -21.958 0.3333333433
56656  -22.094  -16.871  -22.072 0.1111111119
51875  -17.778  -21.057  -17.294 0.2222222239
52797  -15.318  -20.438  -18.542 0.2222222239
132414  -14.880  -18.844  -18.789 0.2222222239
138755  -27.801  -6.732  -30.810 0.1111111119
114222  -28.021  -7.237  -30.890 0.1111111119
67138  -29.070  -6.012  -32.293 0.1111111119
66080  -28.607  -6.605  -32.149 0.1111111119
114763  -29.046  -5.142  -31.977 0.1111111119
130593  -29.244  -4.662  -32.074 0.1111111119
114477  -28.406  -3.350  -30.101 0.1111111119
114690  -29.319  -3.949  -32.664 0.1111111119
114527  -28.849  -3.595  -31.338 0.1111111119
114895  -29.093  -3.571  -32.070 0.1111111119
74908  -26.986  1.166  -28.739 0.2222222239
71045  -27.917  -2.654  -30.504 0.1111111119
70067  -28.348  -3.054  -30.870 0.1111111119
75899  -26.583  2.523  -28.529 0.1111111119
77760  -26.252  4.036  -28.783 0.1111111119
116706  -26.802  1.892  -29.044 0.1111111119
129623  -26.626  2.563  -29.219 0.1111111119
78735  -17.312  4.904  -30.564 0.4444444478
121296  -15.521  6.840  -30.610 0.4444444478
78734  -16.900  5.557  -30.580 0.4444444478
77768  -26.374  4.763  -29.412 0.1111111119
135212  -19.148  6.633  -32.046 0.4444444478
79645  -22.946  6.947  -29.734 0.3333333433
79648  -25.266  6.553  -29.519 0.1111111119
77767  -25.985  5.459  -29.296 0.1111111119
78739  -26.418  5.515  -29.958 0.1111111119
80458  -19.148  7.352  -32.319 0.4444444478
81356  -19.107  8.110  -32.517 0.4444444478
81357  -20.829  8.149  -32.619 0.4444444478
131347  -20.888  7.449  -32.358 0.4444444478
136754  -21.585  7.342  -31.872 0.4444444478
80461  -22.330  7.725  -31.168 0.4444444478
135671  -23.686  7.943  -30.246 0.2222222239
80453  -24.483  7.836  -30.234 0.2222222239
80454  -25.402  7.557  -30.467 0.2222222239
83115  -24.071  10.632  -33.019 0.1111111119
81373  -25.007  9.208  -32.626 0.1111111119
80463  -26.213  7.178  -31.679 0.1111111119
81343  -15.823  8.031  -31.256 0.4444444478
130437  -17.116  8.314  -31.372 0.4444444478
81344  -16.763  7.843  -31.310 0.4444444478
81345  -17.624  7.778  -31.510 0.3333333433
81355  -18.354  8.037  -32.050 0.4444444478
81370  -19.437  8.726  -32.871 0.4444444478
81371  -20.333  8.729  -32.914 0.4444444478
81358  -21.155  8.881  -32.658 0.4444444478
80460  -21.634  8.173  -32.072 0.4444444478
83111  -20.530  10.475  -33.076 0.3333333433
82231  -21.992  9.199  -32.084 0.3333333433
81360  -23.495  9.086  -31.155 0.1111111119
81361  -24.467  8.898  -31.259 0.1111111119
81348  -24.983  8.285  -30.837 0.2222222239
81362  -25.241  8.547  -31.786 0.1111111119
81342  -15.271  8.192  -30.995 0.2222222239
81369  -18.647  8.874  -32.504 0.3333333433
82236  -18.883  9.748  -33.155 0.3333333433
82238  -20.562  9.648  -33.087 0.3333333433
83112  -21.433  10.618  -32.701 0.2222222239
82239  -21.397  9.741  -32.648 0.2222222239
82232  -22.818  9.563  -31.645 0.2222222239
137037  -23.470  9.669  -31.714 0.1111111119
82240  -22.223  10.102  -32.209 0.1111111119
83107  -23.071  10.242  -32.097 0.1111111119
82233  -24.068  9.476  -31.674 0.1111111119
83113  -22.463  11.018  -32.585 0.1111111119
82241  -23.750  10.077  -32.202 0.1111111119
116316  -17.700  8.557  -31.579 0.3333333433
128712  -18.136  8.930  -32.015 0.3333333433
83106  -18.433  10.313  -31.601 0.3333333433
139006  -18.654  10.600  -32.317 0.3333333433
82245  -19.120  10.351  -33.344 0.3333333433
82246  -19.730  10.250  -33.335 0.3333333433
83949  -20.949  11.147  -32.740 0.2222222239
83950  -21.820  11.537  -32.642 0.1111111119
138111  -22.338  11.640  -32.895 0.1111111119
83955  -24.286  12.399  -34.451 0.1111111119
83079  -18.852  10.101  -30.008 0.1111111119
83935  -19.788  11.229  -30.855 0.1111111119
83934  -19.163  11.006  -31.598 0.2222222239
84734  -21.194  12.248  -31.425 0.2222222239
83944  -19.144  10.972  -32.462 0.3333333433
84739  -21.014  11.901  -32.025 0.2222222239
83118  -19.992  10.927  -33.075 0.3333333433
84740  -21.595  12.663  -32.058 0.1111111119
85579  -21.413  13.441  -31.821 0.1111111119
127215  -21.977  12.382  -32.442 0.1111111119
124086  -22.382  12.122  -33.082 0.1111111119
83114  -23.379  10.875  -32.737 0.1111111119
83120  -24.399  11.405  -34.126 0.1111111119
135467  -25.086  10.097  -34.397 0.1111111119
83096  -19.663  10.702  -30.306 0.1111111119
85558  -21.527  12.694  -30.446 0.1111111119
85557  -20.978  13.041  -30.856 0.1111111119
87366  -19.941  14.896  -32.944 0.1111111119
86512  -19.506  13.990  -33.667 0.1111111119
120150  -20.935  12.822  -31.548 0.2222222239
118586  -19.183  14.581  -34.740 0.1111111119
85594  -18.930  13.735  -35.494 0.1111111119
87389  -20.885  15.885  -36.031 0.1111111119
85590  -20.886  13.627  -32.964 0.1111111119
86514  -21.519  14.289  -33.188 0.1111111119
84741  -22.133  13.387  -32.007 0.1111111119
86477  -20.963  13.433  -30.064 0.1111111119
86468  -21.230  13.806  -29.913 0.1111111119
87339  -20.938  14.756  -30.479 0.1111111119
87367  -20.482  15.068  -32.046 0.1111111119
88159  -21.143  16.739  -33.433 0.1111111119
87375  -20.354  15.895  -33.674 0.1111111119
126915  -21.467  17.337  -34.170 0.1111111119
88908  -21.220  17.062  -35.566 0.1111111119
87340  -21.900  15.319  -29.922 0.1111111119
85540  -22.994  13.151  -30.304 0.1111111119
87352  -21.622  15.862  -30.744 0.1111111119
66081  -29.196  -7.024  -32.006 0.1111111119
114522  -28.595  -6.416  -31.516 0.1111111119
68181  -28.903  -5.303  -32.288 0.1111111119
125096  -30.290  -5.132  -31.031 0.1111111119
72059  -27.316  -1.994  -30.935 0.1111111119
125204  -27.102  -0.651  -29.961 0.1111111119
116058  -26.444  2.974  -29.837 0.1111111119
79653  -16.260  6.616  -30.724 0.4444444478
80452  -23.029  7.615  -30.241 0.3333333433
80443  -23.761  7.363  -29.689 0.2222222239
79647  -24.464  6.801  -29.422 0.1111111119
79658  -25.763  6.844  -30.086 0.1111111119
80467  -20.006  7.828  -32.666 0.4444444478
81372  -24.653  9.187  -31.895 0.1111111119
81378  -25.612  8.319  -32.886 0.1111111119
82237  -19.714  9.464  -33.230 0.3333333433
127213  -20.867  12.604  -31.184 0.2222222239
85588  -19.561  13.517  -34.220 0.1111111119
86492  -20.475  14.426  -31.326 0.1111111119
119887  -20.774  16.819  -34.501 0.1111111119
87385  -21.479  15.533  -35.119 0.1111111119
88133  -21.984  16.748  -31.370 0.1111111119
126815  -22.170  14.870  -29.528 0.1111111119
68180  -31.627  -5.043  -30.609 0.1111111119
134721  -30.265  -5.194  -30.972 0.1111111119
124232  -27.252  -0.198  -28.663 0.2222222239
124564  -26.791  1.806  -28.190 0.2222222239
76846  -26.505  3.918  -29.601 0.1111111119
79652  -16.030  5.929  -30.489 0.4444444478
80450  -17.466  7.186  -31.143 0.4444444478
84723  -21.831  12.181  -31.104 0.1111111119
84697  -21.867  10.950  -30.305 0.1111111119
86469  -22.158  14.094  -30.369 0.1111111119
87351  -20.843  15.267  -31.268 0.1111111119
88146  -21.564  16.743  -32.442 0.1111111119
130707  -31.208  -5.659  -30.994 0.1111111119
114723  -29.719  -8.151  -31.067 0.1111111119
114235  -30.790  -6.780  -31.832 0.1111111119
68175  -32.010  -5.106  -29.959 0.1111111119
114232  -31.811  -6.364  -29.986 0.1111111119
69127  -32.820  -4.139  -32.365 0.1111111119
70078  -31.038  -4.105  -33.943 0.1111111119
70073  -30.553  -3.305  -32.822 0.1111111119
114219  -28.986  -3.081  -31.872 0.1111111119
72077  -26.182  -1.739  -31.966 0.1111111119
71061  -27.516  -2.444  -31.502 0.1111111119
114855  -28.458  -2.949  -31.533 0.1111111119
72994  -26.655  -0.634  -31.321 0.1111111119
119024  -26.755  0.159  -31.490 0.1111111119
75922  -26.517  1.835  -31.021 0.1111111119
124860  -16.395  5.016  -30.411 0.4444444478
131742  -26.301  2.609  -30.758 0.1111111119
76860  -26.315  3.550  -30.519 0.1111111119
78746  -26.403  5.572  -30.821 0.1111111119
77785  -26.242  4.740  -31.425 0.1111111119
80449  -16.519  7.342  -31.003 0.4444444478
79666  -26.372  6.361  -32.241 0.1111111119
131936  -26.162  7.227  -32.766 0.1111111119
81336  -15.697  8.775  -30.293 0.2222222239
134924  -16.422  8.442  -31.136 0.3333333433
82205  -16.336  8.975  -30.471 0.2222222239
82222  -17.939  9.451  -31.478 0.2222222239
82207  -17.944  9.836  -29.531 0.1111111119
81381  -25.364  9.336  -34.591 0.1111111119
82194  -18.049  9.745  -28.601 0.1111111119
82195  -19.074  9.616  -28.298 0.1111111119
83081  -20.556  10.392  -29.026 0.1111111119
83907  -21.156  10.589  -29.438 0.1111111119
83121  -24.954  11.197  -34.765 0.1111111119
83897  -21.150  10.458  -28.585 0.1111111119
83908  -21.642  10.516  -29.230 0.1111111119
87376  -21.856  15.137  -33.960 0.1111111119
84735  -22.330  13.472  -32.241 0.1111111119
84744  -23.666  13.192  -34.182 0.1111111119
84708  -22.355  11.737  -30.489 0.1111111119
120182  -22.632  11.724  -30.323 0.1111111119
88160  -22.158  17.641  -33.442 0.1111111119
127465  -23.244  17.583  -34.298 0.1111111119
119355  -22.528  16.721  -30.460 0.1111111119
73914  -27.147  0.574  -28.418 0.1111111119
78731  -25.463  5.960  -29.277 0.1111111119
114630  -29.408  -4.756  -30.992 0.1111111119
116745  -26.551  3.249  -28.974 0.2222222239
130858  -29.006  -4.233  -32.187 0.1111111119
69133  -31.070  -4.624  -32.920 0.1111111119
130688  -29.536  -3.492  -32.728 0.1111111119
73928  -27.056  0.361  -29.312 0.1111111119
74925  -26.345  1.953  -30.038 0.1111111119
73927  -26.831  1.122  -29.704 0.1111111119
132598  -26.462  4.657  -30.325 0.1111111119
79659  -26.284  6.276  -30.421 0.1111111119
81359  -22.554  8.722  -31.373 0.2222222239
81346  -23.173  8.331  -30.695 0.2222222239
81347  -24.084  8.472  -30.631 0.1111111119
80462  -25.733  7.828  -31.207 0.2222222239
80455  -26.111  7.080  -30.795 0.1111111119
82247  -24.712  10.200  -33.541 0.1111111119
82242  -24.369  9.773  -32.410 0.1111111119
82248  -25.233  9.219  -33.607 0.1111111119
128679  -25.586  8.506  -33.866 0.1111111119
79668  -26.280  6.157  -33.224 0.1111111119
80468  -25.852  7.853  -32.046 0.2222222239
83109  -18.757  10.480  -32.939 0.3333333433
82221  -17.210  9.047  -30.903 0.3333333433
119129  -18.034  9.856  -30.592 0.1111111119
83110  -19.290  10.753  -33.042 0.3333333433
119553  -20.990  11.585  -32.359 0.2222222239
131126  -21.457  11.868  -32.482 0.1111111119
83951  -22.919  11.791  -33.351 0.1111111119
83119  -23.743  11.583  -33.707 0.1111111119
83954  -23.638  12.513  -34.088 0.1111111119
82208  -18.933  9.835  -29.098 0.1111111119
83080  -19.759  10.207  -29.519 0.1111111119
83095  -18.895  10.615  -30.837 0.1111111119
123495  -20.118  11.595  -31.212 0.1111111119
83945  -20.085  11.504  -31.804 0.3333333433
129020  -20.000  11.223  -32.481 0.3333333433
86517  -19.867  13.803  -35.091 0.1111111119
84743  -23.040  12.622  -33.674 0.1111111119
84742  -22.482  12.947  -32.962 0.1111111119
84722  -21.088  12.030  -30.885 0.1111111119
83919  -20.361  11.241  -30.589 0.1111111119
86476  -20.585  13.836  -30.524 0.1111111119
83920  -20.568  10.726  -30.041 0.1111111119
120634  -21.809  12.857  -31.168 0.1111111119
86506  -19.960  14.103  -32.297 0.1111111119
87384  -19.795  15.977  -34.843 0.1111111119
85571  -20.675  13.458  -31.454 0.1111111119
88175  -19.728  16.251  -36.036 0.1111111119
135224  -19.842  15.601  -36.481 0.1111111119
86520  -20.548  14.858  -35.579 0.1111111119
88171  -21.723  16.609  -35.457 0.1111111119
85580  -21.922  14.061  -32.064 0.1111111119
123616  -21.336  11.024  -30.429 0.1111111119
85547  -22.706  13.281  -30.783 0.1111111119
86478  -21.401  14.470  -29.996 0.1111111119
88132  -21.135  15.947  -31.762 0.1111111119
88897  -21.352  17.364  -35.029 0.1111111119
133897  -22.466  17.271  -35.032 0.1111111119
125967  -30.948  -7.519  -31.315 0.1111111119
68183  -31.391  -4.934  -30.937 0.1111111119
125770  -26.391  6.383  -31.259 0.1111111119
80475  -25.951  7.673  -33.718 0.1111111119
87386  -22.455  16.410  -34.601 0.1111111119
88134  -23.168  17.530  -30.722 0.1111111119
123088  -31.632  -4.127  -31.231 0.1111111119
72976  -26.990  0.246  -30.419 0.1111111119
74941  -26.859  1.104  -30.680 0.1111111119
80476  -26.203  6.789  -33.678 0.1111111119
82184  -17.411  9.738  -28.458 0.1111111119
84724  -22.421  13.653  -32.173 0.1111111119
88899  -22.855  18.326  -33.902 0.1111111119
88900  -23.986  18.289  -33.460 0.1111111119
51873  -16.271  -21.612  -17.754 0.2222222239
65999  -14.074  -7.452  -23.444 0.2222222239
127260  -14.173  -6.853  -23.783 0.2222222239
61917  -14.608  -11.264  -22.044 0.3333333433
64991  -15.118  -9.022  -23.754 0.3333333433
66008  -15.028  -7.451  -24.058 0.4444444478
77763  -16.240  4.666  -30.344 0.3333333433
78727  -15.593  5.249  -30.037 0.2222222239
80442  -15.048  7.480  -29.364 0.1111111119
81335  -15.344  8.407  -30.459 0.1111111119
80447  -15.190  7.625  -30.750 0.2222222239
75828  -12.246  3.933  -24.677 0.2222222239
76783  -10.815  3.796  -24.129 0.1111111119
63960  -15.047  -9.519  -23.226 0.2222222239
76784  -12.163  4.434  -24.314 0.1111111119
76808  -15.346  2.720  -26.566 0.1111111119
76820  -15.800  2.495  -28.083 0.1111111119
78722  -16.444  5.132  -29.226 0.1111111119
79637  -15.857  6.882  -28.269 0.1111111119
80438  -15.439  7.417  -28.613 0.1111111119
81326  -15.834  9.120  -29.620 0.1111111119
77764  -16.259  4.001  -30.268 0.2222222239
63947  -14.393  -9.604  -22.327 0.2222222239
77756  -15.988  4.371  -29.844 0.1111111119
132208  -13.748  -3.859  -24.239 0.1111111119
70938  -13.131  -2.401  -24.226 0.3333333433
138163  -15.997  5.439  -30.372 0.3333333433
79644  -15.714  6.297  -30.462 0.3333333433
129562  -15.367  6.936  -30.561 0.1111111119
64990  -14.510  -8.678  -22.947 0.2222222239
78721  -15.590  5.725  -29.574 0.1111111119
78715  -15.977  6.099  -28.705 0.1111111119
76834  -16.403  3.546  -29.195 0.1111111119
64013  -32.471  -9.977  -26.274 0.1111111119
51874  -17.046  -21.366  -17.575 0.1111111119
51857  -17.454  -21.678  -16.820 0.1111111119
51871  -14.595  -21.614  -17.597 0.1111111119
52785  -15.016  -21.027  -17.930 0.1111111119
53735  -14.589  -19.663  -18.400 0.1111111119
131630  -15.242  -19.651  -18.913 0.1111111119
132200  -14.454  -12.132  -20.966 0.1111111119
67050  -13.014  -6.881  -23.504 0.1111111119
64997  -14.890  -8.209  -23.697 0.1111111119
72852  -10.286  -0.877  -21.556 0.2222222239
72850  -8.574  0.127  -22.946 0.2222222239
73807  -9.838  -0.453  -21.175 0.2222222239
132721  -9.761  1.098  -21.410 0.2222222239
67064  -13.471  -6.292  -23.987 0.1111111119
67079  -14.808  -5.787  -24.437 0.1111111119
51855  -14.067  -22.227  -17.198 0.1111111119
50825  -15.851  -22.243  -17.383 0.1111111119
51856  -16.693  -22.018  -17.160 0.1111111119
51870  -13.887  -21.354  -17.305 0.1111111119
136089  -14.299  -20.974  -17.672 0.1111111119
53734  -14.004  -19.659  -17.583 0.1111111119
127708  -14.631  -18.284  -18.275 0.1111111119
126719  -14.835  -18.025  -18.712 0.1111111119
55696  -14.828  -17.308  -18.902 0.1111111119
56628  -14.796  -16.495  -19.179 0.1111111119
136039  -14.513  -12.429  -20.502 0.1111111119
62901  -14.211  -11.001  -21.099 0.1111111119
65998  -12.940  -7.525  -23.193 0.1111111119
73825  -11.267  -0.362  -21.589 0.2222222239
128355  -10.781  1.821  -21.929 0.2222222239
75796  -10.860  2.915  -22.426 0.1111111119
50812  -15.394  -22.825  -16.939 0.1111111119
75795  -9.976  2.602  -22.212 0.2222222239
76755  -9.271  3.309  -22.886 0.1111111119
62936  -14.503  -10.430  -22.176 0.1111111119
57602  -14.610  -15.877  -18.994 0.1111111119
134514  -14.682  -15.304  -19.369 0.1111111119
60814  -14.623  -12.877  -20.982 0.1111111119
51882  -15.879  -21.119  -18.164 0.1111111119
51872  -15.440  -21.705  -17.773 0.1111111119
126984  -13.806  -7.981  -23.139 0.1111111119
61903  -14.341  -11.490  -21.256 0.1111111119
64973  -14.179  -8.938  -22.437 0.1111111119
50824  -14.944  -22.321  -17.445 0.1111111119
52784  -14.409  -20.377  -17.985 0.1111111119
61884  -14.425  -11.829  -20.675 0.1111111119
123995  -11.297  -0.129  -21.076 0.1111111119
54734  -14.200  -18.759  -17.115 0.1111111119
60798  -14.557  -12.576  -20.170 0.1111111119
62919  -14.250  -10.710  -21.535 0.1111111119
75797  -11.630  2.686  -22.466 0.1111111119
76757  -11.336  3.568  -22.985 0.1111111119
76796  -12.974  4.559  -24.967 0.1111111119
71935  -11.810  -1.929  -23.703 0.1111111119
77743  -14.236  4.332  -26.026 0.1111111119
76819  -14.572  3.010  -26.328 0.1111111119
56666  -18.873  -16.073  -22.099 0.4444444478
57644  -21.538  -15.849  -22.764 0.4444444478
60849  -26.880  -12.349  -24.246 0.1111111119
60860  -18.083  -11.390  -24.479 0.7777777910
60865  -24.268  -12.514  -24.419 0.4444444478
60868  -26.804  -12.050  -24.583 0.1111111119
61942  -25.050  -11.233  -24.464 0.3333333433
61950  -19.369  -10.465  -25.012 0.7777777910
61951  -24.937  -10.665  -24.560 0.3333333433
61953  -26.503  -11.306  -24.780 0.2222222239
62962  -21.946  -10.353  -24.544 0.5555555820
62965  -28.805  -10.327  -24.834 0.2222222239
62988  -27.780  -10.799  -25.271 0.1111111119
62990  -30.287  -11.137  -25.238 0.1111111119
63974  -28.683  -9.305  -24.474 0.4444444478
63996  -24.682  -9.605  -24.796 0.6666666865
64000  -31.179  -9.741  -25.101 0.2222222239
64010  -18.616  -8.589  -25.874 1.0000000000
65000  -27.663  -8.231  -24.613 0.6666666865
65017  -22.442  -8.196  -25.422 1.0000000000
65019  -25.586  -8.915  -25.199 0.4444444478
65023  -31.616  -9.102  -25.607 0.2222222239
65042  -20.861  -8.211  -25.781 1.0000000000
65055  -18.701  -7.520  -26.687 1.0000000000
65072  -28.917  -7.507  -31.153 0.1111111119
66010  -26.552  -7.093  -24.784 0.7777777910
66012  -28.976  -7.759  -24.348 0.4444444478
66027  -30.868  -7.469  -26.080 0.4444444478
66040  -20.397  -6.941  -26.820 1.0000000000
66041  -21.076  -7.180  -26.348 1.0000000000
66058  -18.858  -7.080  -27.083 1.0000000000
66070  -18.920  -6.507  -27.565 1.0000000000
66072  -19.705  -6.504  -27.456 1.0000000000
66077  -27.757  -6.977  -31.276 0.1111111119
66079  -28.319  -7.112  -31.485 0.1111111119
67066  -26.299  -6.252  -24.804 0.6666666865
67104  -30.229  -6.270  -25.881 0.3333333433
67118  -17.551  -6.105  -26.882 0.8888888955
67120  -19.964  -6.089  -27.714 1.0000000000
67122  -21.551  -6.079  -27.028 1.0000000000
67132  -19.077  -6.084  -27.988 1.0000000000
67137  -29.899  -6.593  -32.019 0.1111111119
68101  -26.816  -5.705  -24.485 0.5555555820
68102  -27.574  -5.469  -24.356 0.5555555820
68103  -28.413  -5.086  -24.544 0.6666666865
68120  -29.359  -5.107  -25.353 0.5555555820
68133  -30.102  -5.799  -26.709 0.4444444478
68142  -17.885  -5.684  -27.398 1.0000000000
68143  -20.257  -5.883  -27.701 1.0000000000
68159  -17.981  -4.902  -27.725 0.8888888955
68160  -18.956  -5.683  -28.363 1.0000000000
68161  -19.331  -5.919  -28.093 1.0000000000
68163  -21.739  -5.426  -27.440 1.0000000000
68177  -18.104  -4.937  -27.963 1.0000000000
68182  -29.561  -4.847  -31.071 0.1111111119
68184  -30.068  -4.821  -31.626 0.1111111119
68185  -31.866  -4.601  -32.093 0.1111111119
69066  -27.697  -4.625  -24.397 0.6666666865
69082  -29.406  -4.376  -26.590 0.5555555820
69109  -17.562  -3.985  -27.608 0.8888888955
69110  -17.885  -4.030  -27.865 0.8888888955
69111  -29.212  -5.023  -29.156 0.2222222239
69119  -18.206  -3.818  -28.281 0.8888888955
69120  -18.210  -3.140  -28.533 0.8888888955
69128  -33.405  -3.934  -32.803 0.1111111119
69129  -33.110  -4.298  -33.029 0.1111111119
69131  -29.603  -3.964  -33.313 0.1111111119
69132  -29.950  -4.332  -33.109 0.1111111119
69134  -32.158  -4.428  -33.247 0.1111111119
69135  -30.156  -3.992  -33.742 0.1111111119
69136  -30.678  -4.217  -33.527 0.1111111119
69137  -31.908  -4.236  -33.794 0.1111111119
69138  -32.079  -4.085  -34.120 0.1111111119
69994  -26.825  -3.801  -24.477 0.7777777910
70022  -24.223  -3.844  -26.844 0.8888888955
70031  -15.081  -2.300  -26.787 0.7777777910
70034  -28.795  -3.203  -27.677 0.5555555820
70053  -16.191  -1.862  -29.699 1.0000000000
70063  -16.210  -1.803  -29.666 1.0000000000
70066  -18.449  -2.612  -28.837 1.0000000000
70072  -18.811  -3.967  -28.946 0.8888888955
70077  -30.830  -4.240  -33.499 0.1111111119
70080  -31.901  -3.722  -34.251 0.1111111119
70943  -27.079  -3.128  -24.555 0.6666666865
70944  -27.949  -2.891  -24.742 0.7777777910
70968  -27.199  -1.911  -25.020 0.6666666865
71008  -15.828  -1.629  -28.249 0.8888888955
71024  -21.966  -3.138  -28.620 0.8888888955
71038  -14.759  -1.564  -30.558 1.0000000000
71039  -15.676  -2.019  -30.287 1.0000000000
71040  -17.261  -1.399  -28.952 1.0000000000
71042  -18.081  -1.864  -29.063 1.0000000000
71044  -19.781  -1.645  -29.573 1.0000000000
71060  -16.196  -1.591  -30.074 1.0000000000
71934  -11.541  -1.898  -23.787 0.4444444478
71997  -12.538  -1.562  -27.054 0.7777777910
72026  -22.496  -2.283  -28.630 0.8888888955
72040  -13.864  -0.971  -30.244 1.0000000000
72053  -18.033  -0.860  -29.494 0.8888888955
72054  -18.563  -1.399  -29.420 1.0000000000
72057  -20.935  -0.523  -30.245 0.8888888955
72074  -15.472  -1.365  -30.798 1.0000000000
72851  -9.122  -0.743  -22.282 0.2222222239
72870  -8.908  -0.368  -22.838 0.3333333433
72927  -11.759  -0.638  -27.620 0.7777777910
72942  -11.689  -0.394  -28.462 0.8888888955
72943  -12.842  -0.677  -28.457 0.8888888955
72947  -23.917  -0.621  -27.759 0.7777777910
72949  -27.576  -0.179  -26.843 0.5555555820
72960  -27.513  -0.620  -27.836 0.4444444478
72995  -26.854  -1.328  -31.182 0.1111111119
73006  -14.937  -1.109  -31.040 1.0000000000
73007  -15.224  -0.967  -30.967 0.8888888955
73008  -15.799  -0.554  -30.336 0.8888888955
73804  -8.494  1.554  -22.894 0.4444444478
73805  -8.648  1.121  -22.631 0.3333333433
73806  -8.896  0.260  -22.039 0.2222222239
73808  -10.725  -0.453  -20.826 0.1111111119
73824  -8.701  1.388  -23.133 0.4444444478
73840  -9.838  1.099  -24.789 0.5555555820
73841  -10.333  0.750  -24.934 0.5555555820
73859  -9.944  1.197  -24.911 0.5555555820
73885  -26.224  1.033  -26.273 0.5555555820
73902  -24.590  1.026  -26.576 0.6666666865
73912  -15.282  0.238  -28.506 0.7777777910
73942  -15.992  0.078  -30.109 0.7777777910
73943  -17.204  1.197  -30.114 0.6666666865
73945  -19.775  0.739  -31.525 0.7777777910
73961  -20.172  0.802  -32.482 0.6666666865
74792  -8.473  1.814  -22.629 0.4444444478
74807  -8.420  2.048  -23.072 0.4444444478
74808  -9.077  1.576  -23.714 0.4444444478
74826  -8.740  2.363  -23.702 0.4444444478
74843  -9.292  1.795  -24.765 0.5555555820
74844  -9.920  1.885  -24.874 0.7777777910
74870  -25.153  1.336  -26.622 0.5555555820
74872  -26.500  1.300  -26.787 0.5555555820
74873  -27.064  0.997  -27.113 0.5555555820
74893  -24.711  1.670  -27.088 0.5555555820
74894  -26.660  1.594  -27.429 0.5555555820
74951  -19.997  0.929  -32.317 0.6666666865
75793  -8.380  2.547  -22.622 0.2222222239
75794  -8.949  2.521  -22.260 0.2222222239
75824  -8.753  3.046  -24.098 0.2222222239
75825  -9.262  2.485  -24.571 0.5555555820
75840  -13.281  2.199  -25.929 0.4444444478
75880  -24.927  2.440  -27.372 0.4444444478
75882  -26.347  2.290  -27.753 0.2222222239
75918  -16.943  2.729  -30.315 0.6666666865
75921  -21.351  2.240  -30.788 0.6666666865
75931  -20.200  1.923  -31.574 0.6666666865
76754  -8.535  3.211  -23.044 0.2222222239
76756  -10.373  3.433  -22.862 0.1111111119
76768  -8.610  3.340  -23.577 0.2222222239
76769  -8.894  3.487  -23.587 0.1111111119
76770  -9.849  3.634  -23.634 0.1111111119
76797  -13.368  2.666  -25.773 0.1111111119
76824  -25.253  3.233  -27.698 0.3333333433
76836  -24.653  3.833  -27.971 0.3333333433
77776  -21.255  4.294  -30.814 0.6666666865
77781  -18.746  4.432  -31.003 0.6666666865
77783  -20.066  4.123  -31.256 0.6666666865
78723  -24.411  5.486  -28.675 0.2222222239
79642  -15.256  6.638  -29.271 0.1111111119
79649  -25.987  6.120  -29.751 0.1111111119
79656  -22.116  6.248  -30.959 0.6666666865
80444  -24.887  7.241  -29.790 0.1111111119
80448  -15.583  7.546  -30.955 0.4444444478
80484  -25.763  8.248  -34.756 0.1111111119
81325  -15.447  8.181  -28.627 0.1111111119
82230  -18.327  9.906  -32.424 0.3333333433
84706  -21.157  11.549  -30.774 0.1111111119
84707  -21.760  11.933  -30.788 0.1111111119
85546  -21.847  12.650  -30.330 0.1111111119
85572  -22.237  13.779  -31.943 0.1111111119
85587  -18.957  13.609  -34.813 0.1111111119
85589  -19.954  13.345  -34.153 0.1111111119
85595  -19.023  13.435  -35.016 0.1111111119
85596  -19.378  13.500  -34.825 0.1111111119
85597  -18.869  13.984  -35.862 0.1111111119
85598  -19.055  13.670  -35.507 0.1111111119
86513  -20.849  14.272  -34.322 0.1111111119
86515  -22.189  14.693  -32.799 0.1111111119
86516  -18.861  14.223  -35.544 0.1111111119
86518  -18.845  14.112  -35.871 0.1111111119
86519  -19.686  14.447  -35.957 0.1111111119
86521  -18.937  14.392  -36.075 0.1111111119
86522  -19.116  14.356  -36.118 0.1111111119
86523  -19.591  14.990  -36.380 0.1111111119
87374  -19.650  15.074  -33.902 0.1111111119
87382  -18.953  14.728  -36.113 0.1111111119
87383  -19.185  15.286  -35.702 0.1111111119
87387  -19.463  15.519  -36.242 0.1111111119
87388  -20.174  15.373  -36.346 0.1111111119
87390  -19.380  15.090  -36.346 0.1111111119
88123  -22.626  16.309  -29.717 0.1111111119
88170  -20.625  16.796  -35.441 0.1111111119
88176  -20.421  16.482  -36.099 0.1111111119
88177  -21.031  16.638  -35.899 0.1111111119
88178  -21.824  17.284  -35.358 0.1111111119
88180  -19.819  15.994  -36.491 0.1111111119
88181  -20.311  16.083  -36.393 0.1111111119
88898  -22.112  17.768  -34.543 0.1111111119
88909  -21.878  17.525  -35.142 0.1111111119
88910  -22.611  17.950  -34.739 0.1111111119
88911  -23.513  18.322  -33.928 0.1111111119
114209  -19.660  -4.818  -28.461 1.0000000000
114212  -18.685  -4.143  -28.934 1.0000000000
114214  -28.462  -6.024  -32.365 0.1111111119
114223  -28.437  -6.532  -30.491 0.1111111119
114226  -29.026  -7.922  -30.378 0.1111111119
114233  -27.808  -1.559  -25.594 0.6666666865
114238  -27.623  -0.724  -26.115 0.6666666865
114283  -11.666  -0.253  -28.711 0.7777777910
114286  -11.807  -0.321  -28.837 0.7777777910
114462  -20.068  -5.719  -27.913 1.0000000000
114518  -29.775  -3.662  -33.404 0.1111111119
114523  -19.830  -3.632  -28.813 1.0000000000
114525  -19.245  -5.522  -28.426 1.0000000000
114533  -18.721  -4.364  -29.050 0.8888888955
114558  -25.179  -2.513  -26.096 0.7777777910
114592  -31.280  -3.650  -34.103 0.1111111119
114600  -27.969  -7.073  -30.734 0.1111111119
114637  -27.686  -6.810  -30.989 0.1111111119
114677  -12.973  -0.606  -28.540 0.7777777910
114679  -28.085  -6.142  -30.920 0.1111111119
114717  -30.005  -7.369  -31.401 0.1111111119
114730  -21.148  -3.674  -28.591 1.0000000000
114732  -23.589  -1.408  -28.025 0.7777777910
114765  -12.157  -0.672  -28.411 0.7777777910
114802  -18.759  -5.173  -28.655 1.0000000000
115229  -20.714  15.876  -32.672 0.1111111119
115870  -28.110  -12.244  -25.333 0.1111111119
115886  -25.619  -1.919  -25.562 0.7777777910
117391  -18.326  -6.131  -27.573 1.0000000000
117551  -24.711  -3.149  -26.571 0.8888888955
117876  -20.184  13.546  -32.616 0.2222222239
119411  -20.360  0.815  -31.749 0.7777777910
119620  -25.430  -3.700  -25.682 0.8888888955
119825  -11.844  -0.864  -26.613 0.6666666865
120869  -27.044  -4.315  -24.377 0.7777777910
121955  -23.021  5.207  -29.285 0.6666666865
122311  -12.028  1.824  -25.340 0.5555555820
123052  -18.718  1.405  -31.107 0.6666666865
123869  -29.062  -11.973  -25.658 0.1111111119
123960  -29.422  -4.480  -27.747 0.4444444478
124434  -12.484  0.358  -28.294 0.7777777910
126155  -28.561  -6.987  -24.334 0.5555555820
126438  -28.721  -3.593  -25.385 0.5555555820
127444  -31.383  -4.331  -33.458 0.1111111119
127625  -22.189  -6.920  -26.070 1.0000000000
128502  -20.204  13.414  -33.229 0.1111111119
128543  -21.999  -5.708  -27.148 1.0000000000
128624  -10.829  0.323  -20.891 0.2222222239
129988  -19.544  -8.483  -26.022 1.0000000000
130575  -14.196  -1.374  -30.275 1.0000000000
130666  -21.400  -4.968  -27.795 1.0000000000
130691  -28.202  -2.809  -29.564 0.2222222239
130743  -31.200  -3.300  -33.715 0.1111111119
130777  -27.771  -6.584  -31.839 0.1111111119
130783  -20.951  -4.583  -28.190 1.0000000000
130847  -30.991  -4.295  -32.959 0.1111111119
132060  -17.359  -11.463  -24.032 0.6666666865
132550  -31.046  -4.207  -33.580 0.1111111119
132977  -18.993  2.194  -31.148 0.6666666865
133008  -21.022  -17.163  -22.262 0.3333333433
133202  -11.954  -0.390  -28.860 1.0000000000
133591  -28.947  -5.419  -31.546 0.1111111119
133704  -26.597  -11.702  -24.652 0.2222222239
133966  -11.553  -0.535  -25.693 0.5555555820
134131  -15.368  -0.554  -28.964 0.7777777910
134435  -27.385  -2.500  -24.774 0.7777777910
135812  -17.222  -8.894  -25.107 1.0000000000
136274  -10.389  0.018  -20.792 0.2222222239
136312  -13.418  0.933  -26.895 0.6666666865
136860  -31.347  -3.341  -33.042 0.1111111119
136908  -19.452  -4.198  -28.743 1.0000000000
137167  -20.961  10.112  -32.965 0.3333333433
137289  -19.436  10.567  -33.258 0.3333333433
137305  -15.964  3.545  -30.049 0.2222222239
138021  -28.930  -3.966  -31.742 0.1111111119
138072  -30.348  -7.901  -31.225 0.1111111119
138304  -20.404  -8.897  -25.610 0.8888888955
138389  -33.484  -4.074  -32.974 0.1111111119
138648  -31.701  -4.066  -34.105 0.1111111119
138664  -28.714  -4.002  -29.825 0.3333333433
138962  -15.905  -2.119  -30.115 1.0000000000
139090  -19.261  9.983  -33.430 0.3333333433
139245  -8.796  3.382  -23.829 0.3333333433
139253  -24.243  -7.590  -25.506 1.0000000000
139503  -19.940  -6.922  -27.018 1.0000000000
139534  -20.845  13.995  -29.997 0.1111111119
139560  -15.733  8.430  -30.961 0.2222222239
139690  -16.459  -2.397  -27.747 0.8888888955
