#!ascii label  , from subject sub-v1s20x0050332_ses-1 vox2ras=TkReg
1027
56064  19.257  -4.865  -33.215 0.2500000000
56063  20.084  -5.736  -33.562 0.2500000000
54979  20.823  -6.044  -34.237 0.7500000000
59400  19.755  -2.505  -33.550 0.2500000000
58269  19.246  -3.446  -33.636 0.1250000000
58268  20.108  -2.637  -34.188 0.3750000000
57130  19.112  -4.121  -33.688 0.2500000000
57110  18.669  -4.132  -33.071 0.2500000000
56070  20.589  -5.270  -34.428 0.7500000000
57129  19.805  -4.780  -33.984 0.3750000000
54978  21.491  -6.636  -34.471 0.8750000000
53903  23.068  -7.070  -35.120 0.8750000000
57148  19.718  -3.613  -34.248 0.3750000000
113517  19.740  -4.179  -34.280 0.3750000000
57146  21.306  -4.677  -35.093 0.8750000000
56082  23.941  -5.574  -36.121 1.0000000000
56083  23.221  -5.745  -35.917 1.0000000000
56084  22.115  -5.351  -35.374 0.8750000000
112733  23.491  -6.402  -35.591 1.0000000000
123820  22.640  -5.789  -35.588 0.8750000000
120403  24.904  -6.658  -35.488 1.0000000000
60565  20.173  -1.980  -33.944 0.2500000000
58283  20.512  -3.107  -34.781 0.7500000000
58289  21.804  -3.517  -35.504 0.8750000000
113928  22.364  -4.464  -35.711 0.8750000000
57167  20.805  -3.816  -35.037 0.7500000000
56096  24.490  -4.985  -36.462 1.0000000000
56097  24.161  -4.790  -36.769 1.0000000000
56078  27.675  -5.992  -35.646 1.0000000000
56080  25.811  -5.460  -35.598 1.0000000000
54987  26.401  -6.468  -35.468 1.0000000000
56081  24.823  -5.748  -35.776 1.0000000000
60566  19.778  -1.686  -33.762 0.1250000000
58288  22.700  -3.631  -36.220 1.0000000000
58290  21.125  -3.053  -35.248 0.8750000000
57166  23.152  -4.505  -36.498 1.0000000000
57161  28.085  -5.478  -35.812 1.0000000000
57163  26.425  -4.939  -35.633 1.0000000000
56095  25.035  -4.772  -36.410 1.0000000000
113777  24.414  -4.289  -37.186 1.0000000000
121391  28.768  -6.063  -36.531 1.0000000000
126452  31.074  -7.189  -38.677 1.0000000000
54999  29.104  -6.373  -37.169 1.0000000000
105182  16.387  1.075  -31.810 0.2500000000
114886  19.745  -1.425  -34.521 0.3750000000
108743  20.561  -1.664  -35.534 1.0000000000
60582  20.345  -1.858  -34.614 0.6250000000
59432  22.267  -2.734  -36.266 1.0000000000
58301  24.922  -3.852  -37.403 1.0000000000
109260  22.923  -2.966  -36.743 1.0000000000
56094  28.741  -5.461  -36.164 1.0000000000
57162  27.303  -4.969  -35.666 1.0000000000
113742  26.516  -3.467  -36.607 1.0000000000
117536  30.370  -5.085  -36.542 1.0000000000
55015  31.050  -6.295  -37.860 1.0000000000
56107  31.835  -5.470  -37.047 1.0000000000
55023  31.393  -6.746  -38.777 1.0000000000
103813  17.503  0.402  -33.465 0.5000000000
104991  15.647  0.217  -32.748 0.3750000000
119353  14.903  -0.823  -33.440 0.3750000000
60584  18.382  -0.835  -34.252 0.5000000000
103814  18.604  -0.547  -34.471 0.5000000000
60617  21.751  -1.083  -36.773 0.8750000000
59454  21.872  -1.809  -36.641 1.0000000000
60616  22.445  -1.125  -37.194 1.0000000000
58299  25.930  -3.234  -37.120 1.0000000000
59473  23.945  -2.546  -37.349 1.0000000000
121999  29.059  -3.925  -36.061 1.0000000000
122238  28.094  -3.663  -35.784 1.0000000000
56092  32.219  -4.785  -36.841 1.0000000000
108327  31.267  -5.161  -36.630 1.0000000000
53933  31.637  -7.246  -39.526 0.8750000000
63688  18.282  0.977  -33.101 0.5000000000
103809  16.432  -0.284  -33.534 0.5000000000
107369  18.941  0.040  -34.628 0.6250000000
61707  21.987  -0.226  -36.367 0.6250000000
61725  22.199  -0.583  -36.806 1.0000000000
61709  20.178  -0.660  -35.229 0.7500000000
60630  23.842  -1.703  -37.383 1.0000000000
59447  30.384  -2.711  -36.482 1.0000000000
59430  28.693  -2.215  -35.473 1.0000000000
59448  28.105  -2.810  -35.481 1.0000000000
127374  26.145  -2.651  -36.919 1.0000000000
58296  30.727  -3.536  -37.080 1.0000000000
58297  29.804  -3.336  -35.876 1.0000000000
58298  27.243  -3.185  -36.279 1.0000000000
58316  31.529  -3.386  -38.466 0.8750000000
57194  31.351  -3.787  -37.662 1.0000000000
56117  32.597  -5.520  -38.211 0.8750000000
103817  18.738  0.216  -34.400 0.5000000000
104809  19.779  0.215  -34.865 0.8750000000
61721  25.097  -0.513  -36.522 1.0000000000
120862  24.532  -0.993  -37.026 1.0000000000
119711  27.546  -1.208  -36.391 1.0000000000
117597  26.002  -2.110  -36.794 1.0000000000
60610  29.399  -1.544  -35.495 1.0000000000
58315  31.838  -2.957  -39.086 1.0000000000
59470  30.887  -2.867  -37.780 1.0000000000
60609  30.205  -1.805  -35.999 1.0000000000
58330  31.320  -3.058  -38.970 1.0000000000
62720  19.055  0.476  -34.352 0.5000000000
62747  20.806  0.546  -35.366 0.8750000000
62746  22.370  0.542  -36.262 1.0000000000
62760  25.465  1.019  -36.768 1.0000000000
61722  24.157  -0.094  -36.824 1.0000000000
109930  23.455  0.578  -36.819 1.0000000000
61733  29.098  -0.006  -35.925 1.0000000000
61715  31.232  -0.358  -36.555 1.0000000000
61717  29.966  -0.164  -35.383 1.0000000000
109353  29.352  -0.711  -35.526 1.0000000000
60627  31.236  -1.793  -38.049 1.0000000000
109877  30.082  -0.877  -35.425 1.0000000000
59468  31.640  -2.622  -39.003 0.8750000000
124443  23.106  4.403  -36.459 1.0000000000
104811  21.787  4.081  -36.173 0.3750000000
104394  23.752  3.326  -36.646 0.8750000000
63730  24.505  1.786  -37.303 1.0000000000
62756  29.709  0.570  -36.084 1.0000000000
113856  26.601  0.986  -36.671 1.0000000000
103833  23.616  5.763  -36.730 0.8750000000
119471  24.787  4.193  -36.790 1.0000000000
119422  24.345  3.533  -36.634 1.0000000000
104511  24.291  2.843  -36.696 1.0000000000
119547  25.038  3.368  -36.576 1.0000000000
119246  25.850  2.208  -36.505 1.0000000000
63727  29.027  1.239  -36.284 1.0000000000
104699  28.513  1.849  -36.137 1.0000000000
63726  29.971  1.324  -36.394 1.0000000000
104970  24.399  6.283  -37.119 0.7500000000
103828  25.272  4.028  -36.769 1.0000000000
119473  25.779  3.720  -36.660 1.0000000000
119352  29.307  2.927  -36.037 1.0000000000
119214  27.663  2.919  -36.236 1.0000000000
119612  27.693  2.096  -36.143 1.0000000000
119423  25.466  4.818  -36.927 1.0000000000
119244  26.765  4.110  -36.715 1.0000000000
119086  27.600  3.727  -36.547 1.0000000000
70483  27.743  10.223  -36.757 0.1250000000
71361  28.459  10.750  -37.272 0.1250000000
71375  27.863  10.719  -38.178 0.2500000000
71365  28.333  11.165  -38.031 0.1250000000
71374  28.389  10.950  -38.497 0.5000000000
71373  29.013  11.019  -38.839 0.3750000000
71364  28.985  11.384  -38.104 0.2500000000
72280  28.725  11.191  -38.417 0.2500000000
72278  30.093  11.428  -38.689 0.2500000000
72296  30.693  10.990  -39.063 0.2500000000
71372  29.839  10.983  -38.922 0.3750000000
72279  29.341  11.316  -38.540 0.2500000000
71388  30.552  10.358  -39.230 0.3750000000
56040  19.088  -4.942  -32.642 0.1250000000
123175  18.642  -3.813  -33.199 0.1250000000
55000  28.244  -6.757  -36.965 1.0000000000
61706  22.665  0.068  -36.626 0.8750000000
61718  28.171  -0.407  -36.224 1.0000000000
108735  19.126  -5.795  -32.175 0.1250000000
54971  20.703  -6.718  -33.747 0.6250000000
53891  22.595  -7.576  -34.570 0.7500000000
58247  18.856  -3.387  -33.206 0.1250000000
53890  23.358  -7.811  -34.699 1.0000000000
107596  25.497  -7.308  -35.310 1.0000000000
54985  27.904  -6.954  -36.041 1.0000000000
108795  29.467  -7.025  -37.581 1.0000000000
60567  18.748  -1.194  -34.134 0.3750000000
121129  14.269  -0.577  -31.775 0.2500000000
111051  14.474  -1.425  -32.509 0.2500000000
53954  30.852  -7.242  -40.225 0.8750000000
105532  32.717  -5.791  -39.072 0.8750000000
55022  32.218  -6.611  -39.339 0.8750000000
57191  33.318  -4.134  -38.057 0.8750000000
106096  21.816  4.635  -35.359 0.1250000000
65474  21.119  3.044  -36.244 0.1250000000
63708  19.643  0.558  -34.512 0.3750000000
63718  22.421  1.374  -36.489 0.6250000000
60608  30.760  -1.125  -36.662 1.0000000000
58314  32.680  -3.174  -38.554 0.8750000000
104270  23.921  4.504  -36.705 0.8750000000
65483  21.522  3.112  -36.377 0.3750000000
64615  22.532  2.501  -36.749 0.8750000000
117945  30.701  0.764  -36.424 1.0000000000
124854  30.532  1.359  -36.634 1.0000000000
119500  24.663  5.216  -36.876 1.0000000000
103827  29.412  2.108  -36.203 1.0000000000
67851  26.992  5.978  -37.232 1.0000000000
119662  27.581  4.401  -36.784 1.0000000000
119245  28.627  3.454  -36.272 1.0000000000
70482  28.780  9.811  -36.377 0.1250000000
70484  27.051  10.172  -36.953 0.1250000000
69622  27.015  9.534  -37.866 0.6250000000
70498  28.171  10.382  -38.522 0.6250000000
115615  28.922  9.577  -38.579 0.5000000000
71389  29.738  10.326  -38.998 0.5000000000
71360  29.183  11.266  -37.652 0.2500000000
105048  29.810  11.600  -38.077 0.2500000000
104075  30.422  11.754  -38.556 0.1250000000
72277  30.639  11.505  -38.996 0.2500000000
72295  31.508  11.265  -39.212 0.2500000000
71387  31.414  10.509  -39.394 0.3750000000
71386  32.342  10.666  -39.533 0.2500000000
104781  30.914  11.791  -39.005 0.1250000000
54972  19.383  -5.730  -32.650 0.1250000000
53892  21.941  -7.326  -34.392 0.7500000000
54990  22.816  -6.366  -35.422 0.8750000000
118289  23.810  -7.241  -35.225 1.0000000000
110181  22.858  -5.208  -35.990 1.0000000000
53901  26.151  -7.128  -35.389 1.0000000000
54986  27.213  -6.650  -35.592 1.0000000000
59434  20.893  -2.357  -35.416 0.8750000000
58302  24.278  -3.817  -37.349 1.0000000000
116753  29.472  -5.605  -36.537 1.0000000000
57164  25.658  -4.421  -36.232 1.0000000000
57181  25.245  -4.143  -37.091 1.0000000000
119859  31.021  -7.030  -38.104 1.0000000000
118281  18.942  -1.034  -34.330 0.5000000000
60596  21.088  -1.545  -36.253 0.8750000000
59452  23.391  -2.712  -37.192 1.0000000000
58319  24.650  -3.207  -37.405 1.0000000000
56093  30.188  -5.704  -36.884 1.0000000000
57178  28.309  -4.618  -36.030 1.0000000000
57180  26.486  -4.192  -36.002 1.0000000000
57179  27.325  -3.971  -36.064 1.0000000000
57177  30.030  -4.224  -36.404 1.0000000000
56125  32.058  -6.114  -38.721 1.0000000000
60583  19.325  -0.674  -34.753 0.6250000000
103810  18.418  -0.253  -34.429 0.6250000000
59474  23.189  -1.789  -37.360 1.0000000000
60615  23.169  -0.872  -37.418 1.0000000000
59450  26.438  -2.818  -36.912 1.0000000000
106281  25.827  -3.068  -37.184 1.0000000000
59472  24.472  -2.472  -37.303 1.0000000000
57202  32.974  -4.791  -37.553 0.8750000000
53944  31.072  -7.280  -39.869 0.8750000000
61724  22.815  -0.331  -37.018 1.0000000000
111284  25.300  -1.641  -36.645 1.0000000000
107820  28.892  -3.034  -35.222 1.0000000000
59449  27.200  -2.512  -36.505 1.0000000000
59431  27.790  -1.985  -35.956 1.0000000000
57192  32.711  -4.060  -37.531 0.8750000000
61720  25.942  -0.427  -36.503 1.0000000000
61719  26.934  -0.703  -36.639 1.0000000000
60613  26.028  -1.302  -36.547 1.0000000000
60612  26.801  -1.977  -36.789 1.0000000000
60611  28.512  -1.331  -35.728 1.0000000000
60628  30.740  -2.117  -37.302 1.0000000000
63707  20.219  0.598  -34.814 0.6250000000
62745  22.953  0.813  -36.593 0.7500000000
62762  23.448  1.017  -36.893 1.0000000000
62761  24.607  0.681  -36.850 1.0000000000
127325  23.762  1.236  -37.195 1.0000000000
62759  26.316  0.278  -36.608 1.0000000000
113400  24.699  1.384  -37.171 1.0000000000
62758  27.389  0.330  -36.557 1.0000000000
62755  31.182  0.096  -36.270 1.0000000000
62757  28.511  0.507  -36.291 1.0000000000
104756  22.577  3.603  -36.438 0.7500000000
119343  23.340  2.696  -36.825 1.0000000000
63732  23.583  1.581  -37.253 1.0000000000
63729  25.901  1.484  -36.661 1.0000000000
104795  24.010  1.878  -37.339 1.0000000000
119498  24.900  2.236  -36.923 1.0000000000
63728  27.815  1.210  -36.462 1.0000000000
104445  25.414  5.855  -36.991 0.8750000000
119548  24.366  2.265  -37.075 1.0000000000
104552  25.369  2.906  -36.524 1.0000000000
119661  26.889  2.416  -36.285 1.0000000000
119098  26.770  1.713  -36.414 1.0000000000
104855  26.101  4.504  -36.870 1.0000000000
104345  26.539  3.165  -36.468 1.0000000000
103843  27.142  4.976  -37.049 1.0000000000
119237  26.270  5.387  -37.059 1.0000000000
71362  27.772  10.679  -37.566 0.1250000000
70488  27.343  10.295  -37.679 0.5000000000
70497  28.898  10.471  -38.765 0.5000000000
56023  18.742  -6.480  -31.168 0.1250000000
54959  19.254  -6.575  -31.940 0.1250000000
54958  19.974  -6.753  -32.848 0.6250000000
53884  21.347  -7.423  -33.913 0.7500000000
53902  24.645  -7.361  -35.239 1.0000000000
65475  20.821  2.948  -36.237 0.5000000000
63720  21.073  1.000  -35.509 0.6250000000
63717  23.022  1.465  -36.905 0.8750000000
64608  21.606  2.173  -36.443 0.7500000000
64617  20.869  2.867  -36.200 0.7500000000
64616  21.669  2.586  -36.528 0.8750000000
64606  23.017  1.911  -37.092 1.0000000000
64614  23.439  2.067  -37.172 1.0000000000
67110  28.026  5.775  -37.271 1.0000000000
119665  28.330  4.226  -36.658 1.0000000000
70485  26.392  9.417  -36.170 0.3750000000
69621  27.782  8.784  -38.194 0.7500000000
70499  27.576  10.057  -38.235 0.7500000000
69634  28.428  9.205  -38.351 0.7500000000
70507  31.122  9.803  -39.688 0.3750000000
121007  23.687  -11.006  -32.475 0.7500000000
49474  25.767  -11.821  -34.033 0.7500000000
49451  22.233  -10.870  -31.949 0.7500000000
50540  22.188  -10.344  -32.351 0.7500000000
112927  26.057  -11.149  -34.384 0.7500000000
49464  24.463  -11.120  -32.860 0.7500000000
50556  23.670  -10.292  -32.919 0.7500000000
50557  22.664  -9.959  -32.791 0.7500000000
50568  25.702  -10.176  -34.380 0.7500000000
51776  24.922  -9.806  -33.872 0.7500000000
52860  21.943  -8.610  -33.516 0.7500000000
52870  22.070  -8.012  -33.993 0.6250000000
51762  23.971  -9.660  -33.553 0.7500000000
105260  24.184  -9.023  -34.130 0.8750000000
51778  22.484  -8.636  -33.805 0.8750000000
50583  27.081  -10.257  -35.353 0.7500000000
50567  26.467  -10.530  -34.881 0.7500000000
51774  25.979  -9.693  -34.815 0.7500000000
51775  25.219  -9.099  -34.477 0.8750000000
52883  24.296  -8.167  -34.685 0.8750000000
51791  27.427  -9.433  -35.578 0.7500000000
106165  26.712  -8.899  -35.342 0.8750000000
52882  26.315  -8.019  -35.209 0.8750000000
52892  28.282  -8.525  -36.717 0.7500000000
53899  27.834  -7.990  -36.210 0.8750000000
122406  27.412  -7.425  -35.737 0.8750000000
52917  29.886  -8.301  -39.243 0.8750000000
53920  30.548  -7.253  -37.940 0.8750000000
111095  29.551  -8.012  -39.113 0.8750000000
53935  29.038  -7.777  -39.292 0.8750000000
53965  30.374  -7.306  -42.581 0.3750000000
55053  29.667  -6.321  -42.536 0.6250000000
55046  28.943  -5.922  -41.509 0.7500000000
55032  29.110  -7.149  -39.691 0.7500000000
55059  31.257  -6.988  -43.336 0.5000000000
117032  30.656  -5.965  -43.625 0.5000000000
56144  30.772  -5.408  -42.745 0.7500000000
111301  31.072  -6.390  -41.519 0.7500000000
103806  33.143  -6.951  -44.645 0.1250000000
103805  32.161  -6.419  -43.555 0.3750000000
119474  31.640  -6.209  -42.820 0.6250000000
120685  31.390  -5.898  -42.049 0.6250000000
53953  31.667  -7.616  -40.694 0.6250000000
53972  34.676  -8.659  -44.470 0.1250000000
55058  33.606  -7.331  -44.296 0.1250000000
119534  32.589  -7.500  -42.367 0.1250000000
52933  33.351  -8.598  -41.047 0.1250000000
53942  33.307  -7.915  -40.484 0.6250000000
56124  33.318  -5.480  -39.770 0.6250000000
56116  33.298  -4.877  -38.536 0.7500000000
125830  33.736  -8.599  -41.758 0.1250000000
55042  35.154  -6.399  -41.300 0.1250000000
56136  34.074  -5.434  -41.138 0.1250000000
57218  33.792  -5.145  -40.812 0.5000000000
57211  33.673  -4.633  -39.848 0.6250000000
58344  33.570  -3.958  -38.888 0.7500000000
52939  34.220  -8.817  -42.037 0.1250000000
57217  34.249  -4.502  -40.940 0.5000000000
57210  34.158  -3.689  -39.752 0.5000000000
123106  33.922  -3.249  -38.859 0.6250000000
59489  33.268  -2.851  -38.386 0.7500000000
119517  23.397  6.653  -37.145 0.6250000000
68700  24.663  7.918  -37.616 0.5000000000
67861  25.146  6.975  -37.731 0.7500000000
118420  34.219  -2.141  -38.235 0.6250000000
60625  33.331  -1.304  -37.839 0.6250000000
61732  31.602  -0.806  -37.308 0.8750000000
60644  34.694  -1.640  -39.941 0.5000000000
60624  34.035  -1.597  -37.962 0.6250000000
61738  33.638  -0.896  -38.022 0.6250000000
61731  32.446  -0.498  -37.559 0.7500000000
67860  26.050  7.102  -37.835 0.7500000000
121344  31.863  0.014  -36.809 0.8750000000
103832  30.329  1.976  -36.710 0.8750000000
104644  29.981  2.854  -36.314 0.8750000000
62769  32.449  0.294  -37.498 0.7500000000
63725  31.091  1.340  -36.857 0.8750000000
63738  31.563  1.693  -37.536 0.8750000000
64624  31.331  2.511  -37.745 0.8750000000
105213  30.656  2.833  -37.100 0.8750000000
61753  34.331  -0.832  -39.897 0.3750000000
61746  33.795  0.145  -39.580 0.5000000000
62776  32.994  0.696  -38.321 0.6250000000
124701  34.368  -0.569  -41.013 0.2500000000
62789  34.098  0.018  -40.522 0.3750000000
62782  33.400  0.631  -39.061 0.5000000000
68699  25.666  7.983  -37.817 0.6250000000
68698  26.729  7.554  -37.991 0.7500000000
104519  26.122  6.300  -37.338 0.8750000000
104330  29.191  4.174  -36.526 0.8750000000
119216  29.966  4.123  -36.598 0.7500000000
65481  30.640  3.694  -37.158 0.8750000000
63737  32.263  1.204  -37.884 0.6250000000
63745  32.722  1.630  -38.723 0.7500000000
108179  33.404  0.883  -39.810 0.5000000000
114574  32.623  2.303  -39.085 0.7500000000
62796  34.113  0.088  -41.556 0.2500000000
108489  26.439  8.759  -37.700 0.6250000000
119492  26.675  6.679  -37.697 0.8750000000
67109  28.857  5.312  -37.125 0.8750000000
110318  28.402  6.520  -37.759 0.7500000000
67100  29.593  4.819  -37.012 0.8750000000
115662  31.296  4.023  -38.049 0.7500000000
63757  32.847  1.289  -41.643 0.2500000000
63758  32.443  1.832  -41.419 0.5000000000
63751  33.085  1.495  -40.426 0.5000000000
62797  33.599  0.631  -42.208 0.2500000000
69623  25.795  9.004  -37.223 0.5000000000
117310  27.135  8.418  -38.050 0.6250000000
68697  27.816  7.506  -38.115 0.7500000000
67869  28.725  7.030  -38.282 0.7500000000
67868  29.522  6.680  -38.567 0.7500000000
67867  30.078  6.047  -38.617 0.7500000000
67858  29.236  6.345  -37.804 0.7500000000
67857  29.907  5.938  -37.985 0.7500000000
67116  31.225  4.948  -38.905 0.7500000000
67117  30.484  5.413  -38.353 0.7500000000
65507  32.385  3.474  -39.728 0.5000000000
66353  32.026  4.041  -40.229 0.3750000000
65498  32.069  4.159  -39.141 0.6250000000
63765  32.028  1.636  -42.517 0.2500000000
64638  32.323  2.469  -41.099 0.3750000000
65513  32.196  3.223  -40.659 0.3750000000
68707  28.652  8.046  -38.218 0.7500000000
68706  29.245  7.504  -38.506 0.7500000000
67878  29.741  7.196  -39.088 0.7500000000
67877  30.034  6.479  -39.280 0.7500000000
67124  30.449  5.684  -39.163 0.6250000000
66354  31.363  4.536  -40.964 0.3750000000
67132  30.899  5.244  -40.589 0.3750000000
64650  31.602  1.781  -43.053 0.1250000000
64644  31.589  2.411  -42.837 0.1250000000
65520  31.633  2.847  -41.781 0.2500000000
69633  29.248  8.532  -38.493 0.6250000000
118791  30.241  7.126  -40.016 0.7500000000
67133  30.305  5.979  -40.150 0.3750000000
66361  30.979  4.356  -42.036 0.2500000000
67123  30.867  5.319  -39.702 0.6250000000
65528  31.573  3.804  -42.700 0.1250000000
64651  31.681  1.476  -43.839 0.1250000000
68721  29.946  7.881  -39.456 0.3750000000
68722  29.608  7.873  -38.825 0.3750000000
113274  30.892  6.062  -42.017 0.2500000000
66368  30.856  4.693  -42.626 0.1250000000
67140  30.845  4.906  -41.650 0.3750000000
65533  32.039  2.374  -43.910 0.1250000000
70508  30.360  9.598  -39.406 0.3750000000
70509  29.642  9.381  -38.929 0.3750000000
69643  29.730  8.462  -39.002 0.3750000000
69648  30.518  8.387  -40.377 0.3750000000
69642  30.189  8.697  -39.631 0.3750000000
105196  29.990  8.730  -42.341 0.3750000000
68750  30.437  7.967  -41.262 0.3750000000
68737  30.304  8.053  -40.319 0.3750000000
105133  30.812  7.127  -41.989 0.3750000000
67164  31.600  5.531  -44.541 0.1250000000
67149  30.439  5.267  -43.062 0.1250000000
66373  31.418  4.978  -43.734 0.1250000000
70514  31.591  9.169  -40.251 0.2500000000
121704  31.089  8.422  -41.103 0.2500000000
104068  30.631  8.369  -42.938 0.1250000000
104396  30.438  8.540  -42.191 0.3750000000
104820  30.423  8.086  -41.355 0.3750000000
105325  31.196  7.728  -43.015 0.1250000000
68760  30.186  8.954  -42.514 0.2500000000
67918  31.860  6.682  -44.728 0.1250000000
67908  30.738  6.693  -42.817 0.1250000000
70515  30.759  9.068  -40.064 0.3750000000
69647  32.292  8.445  -40.925 0.2500000000
69660  32.208  7.563  -42.231 0.1250000000
69652  32.989  7.692  -41.702 0.1250000000
68749  32.889  7.570  -42.378 0.1250000000
67927  32.297  6.420  -45.371 0.1250000000
68758  32.721  7.845  -43.446 0.1250000000
69645  33.852  8.827  -41.385 0.1250000000
69659  33.197  8.499  -43.599 0.1250000000
69651  33.433  7.920  -42.106 0.1250000000
69667  32.621  7.988  -45.616 0.1250000000
69676  32.738  7.260  -46.376 0.1250000000
52928  28.598  -8.054  -39.887 0.6250000000
59501  34.274  -2.750  -39.039 0.6250000000
62770  31.823  0.805  -37.131 0.8750000000
62790  33.561  0.701  -40.765 0.3750000000
67859  27.453  6.625  -37.746 0.8750000000
121650  28.887  5.982  -37.399 0.8750000000
67108  29.498  5.635  -37.486 0.7500000000
67107  30.174  5.164  -37.644 0.7500000000
66331  30.887  4.632  -38.005 0.7500000000
64635  32.632  2.684  -39.919 0.5000000000
64629  32.356  3.136  -38.931 0.7500000000
67919  31.228  6.416  -44.002 0.1250000000
118120  31.639  8.162  -41.467 0.2500000000
68769  32.304  7.528  -44.908 0.1250000000
53952  32.551  -8.216  -40.833 0.5000000000
53943  32.411  -7.825  -40.295 0.6250000000
55031  32.666  -7.231  -40.026 0.7500000000
59511  34.631  -2.956  -40.230 0.3750000000
60639  34.606  -2.185  -39.372 0.3750000000
60650  34.886  -1.442  -41.210 0.2500000000
64630  31.786  3.002  -38.224 0.7500000000
104831  31.591  7.227  -43.780 0.1250000000
61760  34.662  -0.769  -42.208 0.1250000000
48409  23.858  -12.377  -31.878 0.7500000000
49450  23.153  -11.438  -31.945 0.7500000000
49452  21.511  -11.018  -31.627 0.7500000000
50541  21.487  -10.498  -32.023 0.7500000000
48407  25.447  -13.042  -33.109 0.7500000000
48424  26.646  -12.254  -34.392 0.7500000000
51764  21.465  -8.938  -32.983 0.6250000000
112006  23.171  -9.605  -33.282 0.7500000000
50566  27.232  -11.044  -35.145 0.6250000000
118910  28.221  -9.715  -35.741 0.7500000000
51790  28.786  -9.488  -35.788 0.6250000000
52903  30.823  -8.031  -37.372 0.6250000000
51828  29.856  -8.733  -39.569 0.5000000000
51837  30.649  -8.893  -40.404 0.3750000000
52927  29.744  -8.492  -40.048 0.5000000000
52949  30.934  -7.939  -42.910 0.1250000000
53985  32.674  -8.087  -43.811 0.1250000000
52953  33.694  -8.189  -44.814 0.1250000000
52944  35.159  -9.199  -43.622 0.1250000000
52931  35.776  -8.963  -41.580 0.1250000000
125898  36.639  -7.888  -41.518 0.1250000000
55041  36.258  -6.515  -41.169 0.1250000000
104524  23.996  7.257  -37.477 0.3750000000
56134  35.449  -5.576  -41.298 0.1250000000
56135  34.721  -5.468  -41.364 0.1250000000
59518  34.965  -3.363  -41.696 0.1250000000
59510  35.070  -2.226  -40.885 0.2500000000
62804  34.301  -0.218  -43.198 0.1250000000
63770  32.929  0.887  -44.581 0.1250000000
63772  31.577  0.989  -44.789 0.1250000000
63783  31.481  0.726  -46.840 0.1250000000
70489  26.558  9.750  -37.102 0.3750000000
65527  32.309  4.006  -42.984 0.1250000000
67163  32.195  5.630  -44.991 0.1250000000
67926  33.064  5.987  -45.729 0.1250000000
104069  30.413  11.498  -37.371 0.1250000000
70513  32.712  9.180  -40.396 0.2500000000
70512  33.576  9.295  -40.613 0.1250000000
69650  33.761  8.806  -42.363 0.1250000000
70526  33.318  8.658  -44.808 0.1250000000
69675  32.871  7.528  -46.698 0.1250000000
53945  29.784  -7.187  -39.550 0.7500000000
60626  31.899  -1.559  -38.331 0.7500000000
121679  32.599  -2.300  -38.454 0.7500000000
119097  29.615  3.536  -36.272 0.8750000000
55008  28.708  -7.220  -37.406 0.8750000000
52869  22.852  -8.288  -34.263 0.7500000000
52868  23.557  -8.478  -34.351 0.8750000000
53900  26.831  -7.322  -35.508 0.8750000000
55045  30.230  -6.631  -39.757 0.7500000000
55021  32.973  -6.414  -39.821 0.6250000000
119215  28.123  4.899  -36.961 0.8750000000
70506  32.048  9.904  -39.824 0.1250000000
50539  22.927  -10.634  -32.406 0.7500000000
49449  24.168  -11.761  -32.406 0.7500000000
49463  25.208  -11.461  -33.449 0.7500000000
48419  24.986  -12.090  -32.976 0.7500000000
48418  25.615  -12.449  -33.643 0.7500000000
127383  26.243  -11.906  -34.353 0.7500000000
50542  20.784  -10.117  -32.068 0.7500000000
51752  21.680  -9.781  -32.565 0.7500000000
50555  24.658  -10.469  -33.362 0.7500000000
51763  22.363  -9.228  -33.284 0.7500000000
52861  21.356  -8.162  -33.389 0.6250000000
51777  23.207  -8.996  -33.849 0.7500000000
51792  26.576  -9.664  -35.225 0.7500000000
51793  25.977  -8.954  -35.045 0.8750000000
52867  25.337  -8.164  -34.905 0.8750000000
52880  28.214  -8.857  -35.900 0.7500000000
52891  29.058  -8.898  -36.720 0.7500000000
52902  31.348  -7.633  -37.913 0.7500000000
53923  28.634  -8.189  -37.273 0.8750000000
55024  28.701  -7.176  -39.948 0.7500000000
52942  30.816  -8.045  -42.126 0.2500000000
52943  30.753  -7.045  -41.127 0.5000000000
53967  28.964  -6.404  -41.589 0.6250000000
56138  29.278  -5.650  -42.287 0.7500000000
104550  30.876  -6.013  -43.964 0.5000000000
53992  32.222  -7.237  -44.499 0.2500000000
53976  31.657  -7.488  -43.238 0.1250000000
119114  32.886  -6.901  -43.760 0.2500000000
104493  32.016  -6.916  -42.218 0.3750000000
55044  31.821  -7.526  -41.349 0.6250000000
53962  33.777  -8.294  -42.717 0.1250000000
52938  34.985  -9.139  -42.661 0.1250000000
53974  33.147  -7.570  -43.199 0.1250000000
52926  33.130  -8.359  -40.581 0.5000000000
55029  34.391  -7.391  -41.193 0.1250000000
55030  33.432  -7.037  -40.466 0.5000000000
122113  35.254  -8.006  -41.672 0.1250000000
55043  34.156  -6.211  -41.071 0.1250000000
57226  34.492  -4.887  -41.440 0.1250000000
58357  34.537  -3.873  -41.091 0.1250000000
59488  33.932  -2.707  -38.399 0.6250000000
59467  33.904  -2.146  -37.882 0.6250000000
111169  33.484  -0.085  -38.511 0.6250000000
64623  32.063  2.184  -38.331 0.7500000000
65490  31.173  3.380  -37.771 0.7500000000
62783  33.157  1.275  -39.294 0.5000000000
66326  30.901  4.027  -37.610 0.7500000000
65499  31.807  3.722  -38.414 0.6250000000
66336  31.536  4.313  -38.489 0.7500000000
63752  32.915  1.937  -39.646 0.5000000000
63771  31.715  1.314  -43.830 0.1250000000
63764  32.668  1.077  -42.963 0.1250000000
62805  33.822  0.491  -43.908 0.1250000000
65514  31.629  3.756  -41.358 0.3750000000
66344  31.534  4.787  -39.867 0.3750000000
64643  31.813  2.121  -42.191 0.1250000000
65521  31.416  3.644  -42.248 0.1250000000
65534  31.685  1.917  -43.902 0.1250000000
67141  30.683  5.600  -41.216 0.3750000000
67898  30.597  6.582  -41.001 0.3750000000
66362  30.565  4.790  -42.640 0.2500000000
66367  31.747  4.529  -42.987 0.1250000000
118713  30.710  5.215  -42.138 0.2500000000
114197  30.896  4.823  -43.149 0.1250000000
66374  30.887  5.255  -43.700 0.1250000000
66369  30.486  5.051  -43.188 0.1250000000
105320  30.257  9.031  -42.487 0.3750000000
66378  31.659  5.336  -44.345 0.1250000000
67156  31.026  5.535  -44.007 0.1250000000
67928  31.620  6.016  -44.735 0.1250000000
67171  32.058  5.914  -45.167 0.1250000000
67157  30.780  5.908  -43.405 0.1250000000
122192  31.984  7.238  -44.557 0.1250000000
68770  32.366  7.117  -45.345 0.1250000000
69646  33.328  8.415  -41.147 0.1250000000
68759  32.197  7.483  -43.598 0.1250000000
68778  32.764  6.809  -46.128 0.1250000000
70511  34.193  9.689  -40.843 0.1250000000
48408  24.712  -12.702  -32.442 0.7500000000
49434  22.136  -11.474  -31.457 0.7500000000
48397  22.927  -12.291  -31.282 0.7500000000
51753  20.828  -9.332  -32.393 0.5000000000
51815  30.129  -8.953  -36.899 0.6250000000
52911  31.448  -7.867  -38.584 0.5000000000
57225  35.269  -4.088  -42.726 0.1250000000
57224  35.747  -4.228  -42.532 0.1250000000
58366  34.839  -4.334  -42.165 0.1250000000
63777  31.851  0.689  -45.365 0.1250000000
111215  32.615  5.700  -45.193 0.1250000000
67162  32.568  6.202  -45.619 0.1250000000
48398  21.837  -12.036  -30.855 0.7500000000
49436  20.676  -10.836  -31.510 0.5000000000
47289  24.633  -14.100  -31.778 0.6250000000
47303  25.131  -13.569  -32.420 0.6250000000
47309  26.445  -13.287  -33.463 0.3750000000
47310  25.978  -13.075  -33.643 0.6250000000
49462  27.617  -12.249  -34.131 0.2500000000
48423  27.042  -12.501  -34.236 0.3750000000
51833  30.030  -8.895  -39.842 0.3750000000
69624  25.163  8.498  -37.358 0.3750000000
69616  25.974  9.383  -36.451 0.2500000000
48395  24.375  -13.285  -31.888 0.6250000000
49481  27.966  -11.150  -35.252 0.5000000000
50581  28.504  -10.378  -35.559 0.5000000000
51789  29.296  -9.166  -35.853 0.3750000000
47301  26.477  -13.607  -32.903 0.5000000000
47302  25.851  -13.572  -32.914 0.6250000000
123547  31.636  -8.132  -37.487 0.5000000000
46316  24.161  -14.615  -31.277 0.6250000000
50518  19.867  -10.866  -31.025 0.3750000000
49419  20.829  -11.956  -30.559 0.3750000000
47290  23.891  -13.860  -31.463 0.6250000000
48396  23.682  -12.983  -31.465 0.6250000000
48378  22.404  -12.784  -30.577 0.6250000000
105661  26.502  -13.849  -31.570 0.3750000000
47287  26.002  -13.989  -32.178 0.5000000000
46315  24.820  -14.666  -31.433 0.6250000000
50529  19.473  -10.071  -31.038 0.2500000000
48394  27.588  -13.003  -32.075 0.3750000000
49460  28.826  -11.321  -34.436 0.2500000000
48415  27.830  -12.498  -33.455 0.2500000000
53885  20.685  -7.531  -33.218 0.3750000000
49471  28.723  -11.037  -35.209 0.2500000000
50580  29.275  -10.138  -35.473 0.3750000000
51804  30.497  -8.849  -36.263 0.2500000000
52901  32.064  -8.271  -37.940 0.2500000000
51827  30.985  -9.116  -39.345 0.2500000000
60530  14.600  -1.311  -32.031 0.1250000000
51836  31.647  -9.303  -40.872 0.2500000000
126757  20.811  2.702  -36.246 0.3750000000
64599  20.587  0.791  -35.085 0.2500000000
106856  22.719  5.458  -36.479 0.2500000000
103811  15.229  0.846  -31.551 0.1250000000
60547  17.236  -1.172  -33.463 0.2500000000
111645  19.658  -7.306  -32.193 0.2500000000
64609  20.857  2.262  -36.294 0.3750000000
49435  21.172  -11.435  -31.132 0.5000000000
48417  26.533  -12.853  -33.978 0.5000000000
49472  27.317  -11.818  -34.697 0.5000000000
51832  30.989  -9.297  -39.953 0.2500000000
50528  20.038  -10.249  -31.577 0.3750000000
51745  20.263  -9.693  -31.968 0.3750000000
53878  20.153  -7.627  -32.593 0.2500000000
51746  19.675  -9.537  -31.563 0.3750000000
51814  31.014  -8.771  -36.909 0.2500000000
47288  25.320  -14.056  -32.017 0.6250000000
48416  27.118  -12.965  -33.752 0.2500000000
48406  27.441  -13.048  -33.055 0.2500000000
49461  28.283  -11.832  -33.860 0.2500000000
115294  28.115  -11.594  -34.626 0.3750000000
47286  26.805  -13.617  -32.188 0.3750000000
49420  20.318  -11.439  -30.815 0.3750000000
47291  23.215  -13.279  -30.993 0.6250000000
46313  25.978  -14.259  -31.415 0.3750000000
46314  25.404  -14.488  -31.492 0.5000000000
50565  29.352  -10.791  -34.950 0.2500000000
51813  31.951  -8.706  -37.145 0.2500000000
61670  17.218  -0.925  -32.418 0.1250000000
46286  22.700  -14.934  -29.564 0.5000000000
46298  24.945  -15.060  -31.048 0.2500000000
45246  24.392  -15.166  -30.461 0.3750000000
46299  24.439  -15.004  -31.041 0.5000000000
46301  23.143  -14.545  -30.234 0.5000000000
46287  21.990  -14.509  -29.023 0.3750000000
47245  21.607  -13.503  -29.203 0.5000000000
47269  22.800  -13.677  -30.379 0.5000000000
47244  22.446  -14.009  -29.655 0.5000000000
48379  21.405  -12.515  -30.268 0.3750000000
46259  20.983  -15.481  -27.687 0.1250000000
46274  21.502  -14.994  -28.341 0.3750000000
107197  20.574  -12.310  -30.035 0.2500000000
44068  20.449  -17.421  -26.877 0.1250000000
45203  21.582  -15.553  -28.059 0.2500000000
45218  22.282  -15.510  -28.496 0.3750000000
115900  25.052  -15.110  -30.411 0.2500000000
45230  24.002  -15.506  -29.557 0.3750000000
45247  23.798  -15.188  -30.009 0.5000000000
45204  20.439  -16.005  -27.214 0.1250000000
46273  22.161  -15.302  -28.888 0.3750000000
45231  23.094  -15.402  -29.355 0.3750000000
46275  20.995  -14.477  -27.882 0.1250000000
47246  20.700  -12.930  -28.959 0.1250000000
60649  35.897  -2.193  -42.570 0.1250000000
47268  23.501  -14.283  -30.911 0.5000000000
46300  23.811  -14.973  -30.687 0.5000000000
48380  20.198  -11.928  -30.179 0.2500000000
46297  25.636  -14.657  -30.713 0.2500000000
46285  23.367  -15.001  -29.958 0.5000000000
48361  20.994  -12.745  -29.618 0.1250000000
47270  21.958  -13.192  -29.936 0.5000000000
44081  20.816  -16.356  -27.387 0.1250000000
46260  20.704  -15.160  -27.438 0.1250000000
44082  20.124  -16.917  -26.872 0.1250000000
47228  21.334  -13.848  -28.457 0.1250000000
47229  20.727  -13.236  -28.306 0.1250000000
115402  21.636  -15.891  -27.777 0.2500000000
45217  23.164  -15.625  -28.790 0.2500000000
123023  19.471  -8.836  -31.612 0.2500000000
45229  24.762  -15.242  -29.859 0.2500000000
44080  21.442  -16.731  -27.270 0.1250000000
45202  22.327  -15.771  -27.864 0.1250000000
52836  18.546  -8.318  -30.714 0.1250000000
103847  23.027  7.168  -37.114 0.1250000000
103839  22.454  6.343  -36.679 0.1250000000
105024  23.681  7.975  -37.129 0.1250000000
69619  23.299  8.014  -35.894 0.1250000000
69617  25.254  8.894  -36.354 0.1250000000
106196  24.034  9.230  -34.820 0.1250000000
69613  23.922  8.994  -35.123 0.1250000000
69611  25.632  9.534  -35.576 0.1250000000
119265  22.335  6.884  -36.537 0.1250000000
69612  24.716  9.446  -35.298 0.1250000000
70464  26.074  9.864  -34.169 0.1250000000
104896  21.614  6.052  -36.514 0.1250000000
103848  21.774  6.344  -36.362 0.1250000000
64582  20.092  0.957  -33.558 0.1250000000
48363  19.984  -11.398  -30.325 0.1250000000
51736  19.168  -9.631  -30.465 0.1250000000
104337  21.657  5.929  -34.936 0.1250000000
119193  21.867  6.847  -36.063 0.1250000000
104627  22.464  7.222  -36.043 0.1250000000
119379  23.951  8.034  -34.240 0.1250000000
104696  25.385  9.513  -33.617 0.1250000000
70449  26.555  9.630  -33.804 0.1250000000
70476  26.147  9.718  -35.020 0.1250000000
103850  22.233  5.132  -36.056 0.1250000000
51765  20.622  -8.399  -32.676 0.1250000000
69618  24.321  8.535  -36.039 0.1250000000
64598  21.297  1.538  -35.997 0.1250000000
53865  19.108  -7.478  -31.572 0.1250000000
53879  19.703  -8.143  -32.045 0.1250000000
113110  19.022  -9.127  -31.031 0.1250000000
52825  18.467  -8.438  -30.466 0.1250000000
51719  18.746  -8.888  -30.406 0.1250000000
104605  22.947  7.412  -36.664 0.1250000000
104796  22.647  7.588  -35.728 0.1250000000
70478  24.457  9.548  -34.573 0.1250000000
104737  24.765  9.470  -33.830 0.1250000000
70477  25.299  9.845  -34.518 0.1250000000
103851  24.440  7.428  -34.107 0.1250000000
118822  27.499  9.443  -33.867 0.1250000000
48405  28.090  -12.495  -32.575 0.1250000000
106476  28.970  -11.406  -33.484 0.1250000000
50564  29.905  -10.044  -35.102 0.1250000000
50579  30.010  -9.276  -35.649 0.1250000000
122803  31.813  -9.079  -35.225 0.1250000000
51788  31.049  -8.969  -35.616 0.1250000000
51803  31.449  -8.826  -36.538 0.1250000000
51812  32.899  -8.841  -37.503 0.1250000000
110008  32.028  -8.474  -38.614 0.1250000000
51811  33.462  -9.271  -37.953 0.1250000000
51826  32.575  -9.048  -39.114 0.1250000000
105733  31.943  -9.677  -39.805 0.1250000000
113801  24.854  -15.402  -29.141 0.1250000000
111979  24.127  -15.578  -28.597 0.1250000000
46272  25.569  -14.993  -28.707 0.1250000000
46284  25.518  -14.897  -29.614 0.1250000000
46283  26.377  -14.086  -29.706 0.1250000000
48377  28.078  -12.864  -31.231 0.1250000000
47266  27.281  -13.316  -31.109 0.1250000000
48393  28.407  -12.468  -31.674 0.1250000000
49447  29.194  -11.444  -32.543 0.1250000000
122654  29.927  -10.429  -33.436 0.1250000000
106532  29.894  -10.267  -34.268 0.1250000000
51761  31.340  -9.586  -34.028 0.1250000000
51802  33.218  -9.172  -36.750 0.1250000000
51831  32.420  -9.744  -40.443 0.1250000000
51825  33.740  -9.521  -39.457 0.1250000000
52934  31.219  -8.621  -41.415 0.1250000000
47267  26.499  -13.855  -30.682 0.1250000000
49448  28.502  -11.927  -32.999 0.1250000000
49433  28.770  -11.941  -32.092 0.1250000000
112177  29.410  -10.856  -33.945 0.1250000000
50553  29.583  -10.890  -32.999 0.1250000000
112570  30.499  -9.466  -35.185 0.1250000000
107473  32.305  -8.940  -36.801 0.1250000000
51772  31.149  -9.352  -34.870 0.1250000000
122792  32.201  -8.978  -35.992 0.1250000000
51822  32.767  -8.767  -38.322 0.1250000000
126709  32.579  -9.718  -39.753 0.1250000000
50591  33.904  -9.645  -37.304 0.1250000000
45216  25.069  -15.179  -28.141 0.1250000000
48392  29.194  -12.109  -31.284 0.1250000000
125260  33.340  -10.207  -40.713 0.1250000000
47300  27.044  -13.416  -32.772 0.5000000000
47308  26.894  -13.349  -33.262 0.2500000000
49473  26.675  -11.526  -34.697 0.7500000000
50554  25.432  -10.801  -33.872 0.7500000000
50582  27.758  -10.380  -35.537 0.7500000000
50603  32.876  -9.913  -40.101 0.1250000000
51754  20.085  -9.009  -32.076 0.2500000000
51773  30.515  -9.766  -34.548 0.1250000000
51805  29.751  -9.022  -36.255 0.6250000000
51821  33.534  -9.321  -38.644 0.1250000000
51829  29.168  -8.288  -39.624 0.6250000000
51841  31.980  -9.121  -41.881 0.1250000000
52849  18.947  -8.302  -31.324 0.1250000000
52879  28.821  -8.921  -36.054 0.7500000000
52881  27.290  -8.271  -35.591 0.8750000000
52904  29.553  -8.506  -37.188 0.7500000000
52918  29.087  -8.167  -39.338 0.6250000000
52919  28.473  -7.969  -39.606 0.6250000000
52920  28.443  -7.621  -39.798 0.7500000000
52925  33.843  -8.320  -40.930 0.1250000000
52932  34.341  -8.705  -41.533 0.1250000000
52935  30.618  -8.386  -40.831 0.3750000000
52936  30.409  -6.674  -40.522 0.5000000000
52937  28.824  -7.340  -40.126 0.6250000000
52941  31.572  -8.438  -42.348 0.1250000000
52945  34.472  -8.530  -43.155 0.1250000000
52948  31.864  -8.292  -43.022 0.1250000000
52951  33.890  -8.818  -44.339 0.1250000000
52952  32.993  -8.372  -43.615 0.1250000000
52954  33.178  -8.181  -44.632 0.1250000000
53912  28.041  -7.636  -37.085 0.8750000000
53921  29.938  -7.556  -37.580 0.8750000000
53922  29.224  -7.745  -37.470 0.8750000000
53934  30.440  -7.603  -39.130 1.0000000000
53936  28.471  -7.502  -39.711 0.7500000000
53946  28.888  -6.997  -40.098 0.7500000000
53951  35.951  -7.211  -41.457 0.1250000000
53955  29.683  -6.689  -41.217 0.6250000000
53956  30.049  -6.020  -40.836 0.6250000000
53963  33.142  -8.236  -42.024 0.1250000000
53964  32.547  -8.040  -41.552 0.5000000000
53966  29.442  -6.627  -42.180 0.6250000000
53973  34.221  -7.709  -44.113 0.1250000000
53975  32.382  -7.969  -43.347 0.1250000000
53977  30.554  -7.244  -43.020 0.3750000000
53978  29.941  -6.802  -42.950 0.3750000000
53983  34.176  -8.010  -44.673 0.1250000000
53984  33.461  -7.743  -45.025 0.1250000000
53986  32.251  -7.316  -43.779 0.2500000000
53990  33.082  -7.995  -45.075 0.1250000000
53991  32.989  -8.011  -44.871 0.1250000000
54960  18.929  -6.254  -31.584 0.1250000000
54977  22.342  -6.860  -34.844 0.8750000000
54988  25.566  -6.438  -35.487 1.0000000000
54989  24.195  -6.492  -35.588 1.0000000000
54991  22.123  -6.136  -35.095 0.8750000000
55006  30.338  -6.606  -37.740 1.0000000000
55007  29.825  -6.413  -37.440 1.0000000000
55014  31.221  -6.688  -38.365 1.0000000000
55033  28.991  -6.779  -39.862 0.7500000000
55034  29.360  -6.354  -40.569 0.7500000000
55047  28.980  -6.115  -41.492 0.7500000000
55054  28.894  -6.254  -42.045 0.6250000000
55060  30.567  -6.450  -43.342 0.5000000000
55061  30.040  -6.143  -43.212 0.5000000000
55066  31.650  -6.764  -43.645 0.2500000000
55067  31.334  -6.384  -44.965 0.5000000000
55070  31.004  -6.270  -45.069 0.5000000000
56069  21.392  -5.706  -34.795 0.7500000000
56077  28.332  -6.114  -35.938 1.0000000000
56079  26.794  -5.720  -35.531 1.0000000000
56106  32.741  -4.963  -36.889 1.0000000000
56108  30.707  -5.906  -37.332 1.0000000000
56118  31.662  -6.019  -38.154 1.0000000000
56130  33.576  -5.925  -40.672 0.5000000000
56137  30.271  -5.369  -42.221 0.7500000000
56139  28.826  -5.952  -41.977 0.7500000000
56145  29.550  -5.745  -42.538 0.6250000000
56157  30.837  -6.262  -43.809 0.5000000000
56158  30.770  -5.913  -44.062 0.5000000000
56161  30.893  -6.188  -44.379 0.5000000000
56162  30.924  -6.078  -45.133 0.5000000000
57147  20.362  -4.457  -34.608 0.3750000000
57165  23.528  -5.084  -36.475 1.0000000000
57176  30.977  -4.482  -36.747 1.0000000000
57182  24.726  -4.462  -37.020 1.0000000000
57183  23.843  -4.421  -36.982 1.0000000000
57193  31.899  -4.036  -37.507 0.8750000000
57234  30.353  -5.045  -42.972 0.5000000000
57235  29.959  -5.482  -43.224 0.5000000000
57240  30.797  -5.382  -43.658 0.5000000000
57241  30.544  -5.533  -43.675 0.5000000000
57242  30.752  -5.815  -44.422 0.5000000000
57243  30.750  -6.050  -44.413 0.5000000000
58300  25.466  -3.499  -37.246 1.0000000000
58303  23.493  -3.645  -36.972 1.0000000000
58317  31.199  -3.247  -38.362 1.0000000000
58318  25.294  -3.222  -37.343 1.0000000000
58329  33.534  -3.328  -38.620 0.7500000000
59419  20.566  -2.334  -34.848 0.8750000000
59433  21.421  -2.468  -35.927 1.0000000000
59451  25.524  -2.601  -37.050 1.0000000000
59453  22.620  -2.154  -37.071 1.0000000000
59469  31.140  -2.611  -38.462 1.0000000000
59471  25.015  -2.773  -37.298 1.0000000000
60531  14.286  -1.301  -32.042 0.2500000000
60597  20.687  -1.129  -35.891 0.8750000000
60598  20.073  -1.155  -35.171 0.8750000000
60614  23.848  -0.861  -37.319 1.0000000000
60618  21.430  -0.887  -36.517 0.7500000000
60629  24.670  -1.893  -37.109 1.0000000000
61654  15.552  -1.297  -32.272 0.1250000000
61655  14.208  -0.812  -31.691 0.1250000000
61671  15.586  -1.358  -33.307 0.2500000000
61708  21.124  -0.512  -35.852 0.6250000000
61716  30.569  -0.323  -35.990 1.0000000000
61723  23.443  -0.007  -36.871 1.0000000000
61730  33.091  -0.318  -37.851 0.7500000000
61737  34.012  -0.791  -38.663 0.6250000000
61745  34.399  -1.549  -38.852 0.6250000000
62748  20.441  -0.051  -35.314 0.6250000000
62763  23.159  0.371  -36.743 1.0000000000
63719  21.701  1.158  -35.945 0.6250000000
63731  24.126  1.391  -37.297 1.0000000000
63778  31.726  0.875  -45.101 0.1250000000
64607  22.357  2.033  -36.752 0.7500000000
64613  30.918  2.063  -37.280 0.8750000000
64658  32.081  0.962  -45.301 0.1250000000
65482  30.334  3.982  -36.790 0.8750000000
67155  32.201  5.314  -44.552 0.1250000000
69625  24.552  8.460  -37.141 0.3750000000
70450  25.726  9.664  -33.767 0.1250000000
103812  17.302  -0.261  -33.867 0.6250000000
103816  19.625  -0.168  -34.896 0.6250000000
103818  17.217  0.836  -32.563 0.2500000000
103852  24.081  7.684  -34.142 0.1250000000
103854  21.962  6.834  -36.199 0.1250000000
104066  30.849  8.206  -42.665 0.2500000000
104067  30.789  8.668  -41.991 0.3750000000
104262  28.559  2.568  -36.044 1.0000000000
104268  32.381  -6.920  -44.355 0.3750000000
104356  21.740  5.842  -36.422 0.1250000000
104361  31.932  -7.141  -44.876 0.2500000000
104402  14.262  -0.494  -32.565 0.2500000000
104496  30.345  8.662  -42.707 0.2500000000
104499  31.975  -6.918  -44.697 0.5000000000
104563  14.572  -1.139  -33.157 0.2500000000
104765  16.719  -1.058  -33.873 0.5000000000
104866  16.845  -0.914  -33.977 0.5000000000
105037  30.395  4.384  -37.210 0.7500000000
105142  19.244  0.380  -34.464 0.8750000000
106468  25.818  -3.779  -36.904 1.0000000000
106486  23.823  0.750  -36.949 1.0000000000
107454  35.085  -4.574  -42.024 0.1250000000
107477  29.611  -2.466  -35.574 1.0000000000
108115  29.829  -5.076  -43.447 0.5000000000
108439  32.499  -5.347  -37.443 1.0000000000
111198  29.958  -5.373  -43.183 0.5000000000
112126  21.571  0.209  -35.733 0.8750000000
113829  29.359  -4.799  -36.265 1.0000000000
115350  30.492  0.178  -35.873 1.0000000000
115563  15.523  -0.646  -31.525 0.1250000000
116064  32.753  2.087  -40.477 0.5000000000
116922  31.414  0.541  -36.658 1.0000000000
117556  31.243  -6.412  -43.553 0.5000000000
117789  30.934  -7.423  -38.568 0.8750000000
117841  30.045  -5.766  -41.243 0.7500000000
118221  31.737  -4.572  -36.841 1.0000000000
118376  31.313  -5.664  -43.442 0.5000000000
118679  20.163  -3.864  -34.626 0.3750000000
119106  32.350  -6.955  -42.971 0.3750000000
119147  24.679  2.771  -36.644 1.0000000000
119276  31.460  -6.417  -44.984 0.5000000000
119278  32.716  -7.571  -44.581 0.1250000000
119329  24.497  9.541  -34.323 0.1250000000
119389  15.635  -1.066  -33.615 0.3750000000
119452  31.715  -6.703  -44.638 0.2500000000
119489  32.195  -6.173  -43.953 0.3750000000
119495  30.989  -6.054  -44.411 0.5000000000
119499  24.679  3.380  -36.589 1.0000000000
119501  23.931  2.401  -37.001 1.0000000000
119536  14.113  -1.232  -32.223 0.2500000000
119608  14.617  0.639  -31.131 0.1250000000
119781  25.135  1.669  -37.008 1.0000000000
120388  31.978  -2.931  -39.290 0.8750000000
121923  34.789  -9.150  -41.737 0.1250000000
122945  24.005  -3.230  -37.341 1.0000000000
123351  30.246  3.544  -36.596 0.8750000000
123558  31.076  -2.988  -38.601 1.0000000000
124154  26.094  -12.495  -34.069 0.7500000000
125022  29.265  -6.753  -37.463 1.0000000000
125039  25.455  0.229  -36.618 1.0000000000
126254  30.524  5.131  -43.530 0.1250000000
126373  28.818  4.701  -36.828 0.8750000000
126862  29.568  -9.058  -36.840 0.7500000000
