#!ascii label  , from subject sub-v1s20x0050377_ses-1 vox2ras=TkReg
852
17684  -36.437  -64.377  -33.567 0.5000000000
18670  -35.113  -63.535  -33.850 0.8000000119
18667  -31.962  -63.474  -34.388 0.8000000119
18669  -34.101  -63.336  -34.183 0.8000000119
18686  -35.525  -62.980  -34.345 0.8000000119
16744  -36.957  -65.202  -33.470 0.5000000000
18671  -35.951  -63.604  -33.829 0.5000000000
19632  -31.162  -62.695  -35.020 0.6999999881
18683  -32.396  -63.077  -34.989 0.6999999881
18685  -34.755  -62.764  -34.687 0.8000000119
18687  -36.335  -62.796  -34.445 0.6999999881
155876  -38.511  -65.416  -33.420 0.6000000238
17685  -37.387  -64.265  -33.667 0.5000000000
18673  -38.153  -63.576  -33.995 0.6000000238
20584  -29.901  -62.052  -34.808 0.6999999881
18672  -37.264  -63.138  -34.170 0.6000000238
18689  -38.938  -63.007  -34.272 0.6000000238
20585  -30.774  -62.124  -34.678 0.6999999881
18680  -30.002  -63.042  -34.717 0.6999999881
19634  -33.733  -62.178  -35.324 0.6999999881
18688  -37.986  -62.348  -34.731 0.6000000238
141136  -38.924  -61.885  -35.030 0.6000000238
19635  -34.481  -62.103  -35.369 0.8000000119
19637  -36.363  -61.749  -35.253 0.8000000119
140261  -37.067  -62.268  -34.841 0.6999999881
17688  -40.799  -64.921  -33.303 0.4000000060
18674  -39.004  -63.970  -33.846 0.6000000238
20571  -29.421  -61.545  -34.334 0.6999999881
18690  -39.756  -62.531  -34.561 0.6000000238
20572  -30.304  -61.648  -34.072 0.6999999881
20586  -31.664  -62.070  -34.804 0.6999999881
19633  -32.008  -62.626  -35.098 0.6999999881
19642  -34.368  -61.667  -35.314 0.6999999881
19643  -35.020  -61.550  -35.385 0.6000000238
138283  -37.343  -61.279  -35.369 0.6999999881
20596  -38.707  -60.641  -35.265 0.5000000000
20587  -33.594  -61.727  -35.163 0.6000000238
20588  -34.880  -61.160  -35.238 0.6000000238
20590  -36.375  -60.803  -35.418 0.6000000238
152321  -37.771  -60.391  -35.147 0.6000000238
21608  -35.861  -60.299  -35.120 0.6000000238
21596  -37.139  -60.241  -34.524 0.5000000000
17689  -41.800  -64.985  -32.913 0.4000000060
17687  -39.621  -64.801  -33.532 0.5000000000
20558  -28.922  -61.107  -33.280 0.6999999881
18675  -40.007  -63.788  -33.931 0.6000000238
18691  -40.658  -63.074  -34.245 0.6000000238
20573  -31.283  -61.622  -33.973 0.6999999881
19638  -39.613  -61.516  -35.253 0.6000000238
20574  -32.313  -61.429  -34.078 0.6999999881
135042  -39.900  -60.965  -35.489 0.5000000000
20598  -40.055  -60.667  -35.248 0.6000000238
20575  -33.859  -61.072  -34.528 0.6999999881
21607  -35.115  -60.613  -35.069 0.6000000238
21610  -38.593  -60.384  -34.978 0.5000000000
21611  -39.346  -60.480  -35.085 0.5000000000
21595  -36.219  -60.173  -34.571 0.5000000000
22703  -27.535  -58.776  -34.572 0.6000000238
142531  -28.570  -58.352  -34.052 0.6000000238
17675  -42.041  -64.844  -32.581 0.5000000000
18677  -42.467  -64.285  -33.089 0.5000000000
21572  -28.545  -60.430  -33.111 0.6999999881
21591  -28.282  -60.572  -34.067 0.6999999881
18676  -41.439  -64.059  -33.637 0.5000000000
156038  -42.196  -63.718  -33.661 0.5000000000
19623  -43.898  -62.472  -33.505 0.4000000060
20559  -29.718  -61.416  -32.820 0.6999999881
19621  -41.648  -62.992  -34.188 0.5000000000
136813  -30.770  -61.511  -32.858 0.6999999881
20560  -31.768  -61.287  -32.934 0.6999999881
19640  -42.006  -61.712  -34.683 0.5000000000
20561  -32.651  -61.000  -32.933 0.6999999881
20562  -33.261  -61.025  -33.759 0.6000000238
20594  -40.870  -60.877  -35.237 0.5000000000
21593  -34.639  -60.657  -34.504 0.6000000238
21600  -41.282  -60.526  -34.672 0.5000000000
21575  -34.853  -60.510  -33.578 0.5000000000
21576  -35.738  -60.448  -33.405 0.5000000000
21598  -39.113  -60.360  -34.205 0.5000000000
21597  -38.087  -60.339  -34.365 0.5000000000
22693  -40.247  -60.151  -32.688 0.3000000119
19604  -43.299  -62.927  -32.419 0.3000000119
24847  -27.214  -57.501  -34.263 0.6000000238
23856  -27.710  -57.964  -34.522 0.6000000238
18653  -43.096  -63.467  -32.719 0.4000000060
19611  -43.935  -62.641  -32.845 0.4000000060
21555  -28.735  -60.713  -32.072 0.6000000238
20546  -29.165  -61.186  -32.100 0.6999999881
20548  -30.254  -61.465  -31.754 0.6999999881
21601  -43.112  -60.872  -34.604 0.5000000000
20550  -32.205  -61.041  -32.158 0.5000000000
148399  -42.443  -60.579  -34.507 0.5000000000
21574  -33.509  -60.725  -32.626 0.5000000000
149252  -41.719  -60.311  -33.717 0.4000000060
21581  -40.715  -60.329  -33.769 0.3000000119
154515  -41.084  -60.160  -32.835 0.4000000060
21578  -37.539  -60.400  -33.252 0.5000000000
22692  -39.254  -60.231  -32.711 0.4000000060
24848  -27.881  -56.917  -33.972 0.6000000238
24850  -28.446  -57.208  -34.123 0.6000000238
23850  -29.016  -58.339  -33.222 0.6000000238
23840  -28.882  -59.038  -32.158 0.6000000238
145700  -28.669  -59.935  -31.491 0.6000000238
20579  -45.101  -61.724  -33.007 0.3000000119
20577  -43.703  -61.442  -34.352 0.4000000060
21556  -29.040  -61.114  -31.237 0.6000000238
21603  -44.860  -61.049  -33.508 0.3000000119
20535  -29.742  -61.311  -30.905 0.6000000238
20549  -31.366  -61.263  -31.764 0.6999999881
21583  -44.061  -60.081  -33.325 0.3000000119
155102  -43.584  -60.558  -34.178 0.3000000119
22695  -43.341  -59.519  -32.658 0.3000000119
21582  -42.868  -60.175  -33.556 0.3000000119
21558  -32.344  -60.829  -31.301 0.5000000000
21573  -32.810  -60.821  -32.066 0.5000000000
22679  -42.326  -59.161  -31.856 0.3000000119
22694  -41.988  -59.938  -32.648 0.3000000119
152809  -34.333  -60.589  -32.754 0.5000000000
21561  -36.152  -60.454  -32.278 0.5000000000
22678  -40.942  -59.630  -31.867 0.3000000119
21559  -34.188  -60.548  -31.753 0.5000000000
21564  -38.511  -60.118  -32.228 0.4000000060
22677  -39.735  -59.676  -31.773 0.3000000119
24845  -27.636  -56.822  -33.165 0.5000000000
24849  -28.795  -56.838  -33.809 0.6000000238
23851  -29.641  -57.195  -33.129 0.5000000000
21540  -28.819  -60.510  -30.755 0.6000000238
21528  -29.004  -60.202  -29.936 0.5000000000
144602  -43.812  -58.668  -31.979 0.3000000119
21542  -30.063  -61.126  -30.002 0.6000000238
23845  -42.751  -58.312  -31.210 0.3000000119
20536  -30.658  -61.238  -30.816 0.6000000238
143105  -33.302  -60.614  -31.490 0.5000000000
21547  -35.671  -60.206  -31.341 0.5000000000
21563  -37.836  -60.208  -32.268 0.4000000060
22675  -37.340  -59.814  -31.496 0.4000000060
25865  -29.185  -56.581  -33.233 0.5000000000
144515  -30.074  -56.889  -32.166 0.5000000000
148272  -29.620  -57.954  -31.213 0.5000000000
23841  -29.463  -58.045  -32.281 0.5000000000
22655  -29.150  -59.083  -30.133 0.5000000000
25844  -43.573  -56.779  -29.874 0.3000000119
23846  -44.013  -58.206  -31.269 0.3000000119
21529  -29.593  -60.558  -29.506 0.6000000238
21543  -31.080  -60.845  -29.953 0.6000000238
21544  -32.096  -60.572  -30.349 0.5000000000
21545  -33.907  -60.332  -30.921 0.5000000000
147983  -38.929  -59.762  -31.795 0.4000000060
153224  -38.063  -58.541  -30.754 0.4000000060
24843  -30.327  -56.313  -31.461 0.5000000000
24830  -30.240  -57.082  -31.204 0.5000000000
24823  -29.773  -57.872  -30.097 0.5000000000
25827  -43.318  -56.835  -29.207 0.4000000060
25843  -43.211  -56.076  -29.678 0.4000000060
22618  -29.405  -59.763  -29.108 0.5000000000
21523  -29.902  -60.236  -28.911 0.5000000000
25859  -43.252  -56.186  -30.026 0.4000000060
24839  -43.000  -56.550  -30.321 0.3000000119
22620  -30.463  -59.222  -28.273 0.4000000060
23834  -41.817  -57.823  -30.777 0.3000000119
154277  -31.069  -60.402  -29.250 0.5000000000
21531  -31.793  -60.240  -29.579 0.4000000060
22657  -33.492  -59.815  -30.379 0.4000000060
22661  -36.843  -59.305  -30.888 0.4000000060
25851  -30.412  -55.819  -30.703 0.5000000000
24831  -30.363  -56.744  -30.578 0.5000000000
155445  -30.118  -57.326  -29.569 0.5000000000
26831  -42.381  -55.565  -28.280 0.4000000060
23818  -29.453  -58.815  -29.260 0.5000000000
24806  -29.771  -58.130  -28.933 0.4000000060
27834  -42.599  -54.762  -29.535 0.4000000060
141308  -42.869  -55.836  -30.172 0.4000000060
23797  -31.147  -58.626  -27.891 0.4000000060
22621  -31.359  -59.398  -28.474 0.4000000060
25858  -41.885  -56.266  -30.450 0.4000000060
22636  -32.225  -59.446  -29.187 0.4000000060
22637  -33.115  -59.199  -29.814 0.4000000060
23826  -33.862  -59.039  -30.175 0.4000000060
22659  -35.172  -59.628  -30.717 0.4000000060
23827  -34.614  -58.877  -30.361 0.4000000060
23829  -36.318  -58.575  -30.578 0.4000000060
24835  -38.165  -57.587  -30.523 0.4000000060
152084  -37.515  -57.876  -30.531 0.4000000060
25840  -30.518  -55.679  -29.828 0.4000000060
27818  -41.887  -54.278  -28.440 0.4000000060
26847  -42.474  -54.713  -28.826 0.4000000060
25823  -30.536  -56.343  -28.605 0.5000000000
24791  -30.539  -57.388  -28.020 0.4000000060
23798  -32.088  -58.745  -28.349 0.4000000060
26879  -42.247  -55.352  -30.212 0.4000000060
23819  -32.927  -58.626  -29.186 0.4000000060
151639  -33.535  -58.557  -29.750 0.4000000060
24836  -38.987  -57.384  -30.490 0.3000000119
23828  -35.435  -58.728  -30.497 0.4000000060
26843  -30.529  -55.214  -29.192 0.4000000060
26826  -30.835  -55.782  -27.980 0.5000000000
25809  -30.939  -56.818  -27.633 0.4000000060
27833  -42.139  -54.142  -29.077 0.4000000060
24792  -31.616  -56.807  -27.297 0.4000000060
23779  -30.921  -57.761  -27.620 0.4000000060
24794  -33.048  -56.802  -27.622 0.4000000060
23780  -31.890  -57.955  -27.665 0.4000000060
23799  -32.785  -58.043  -28.408 0.4000000060
24825  -33.585  -57.884  -29.320 0.4000000060
23820  -34.110  -58.244  -30.021 0.4000000060
24832  -34.851  -58.030  -30.292 0.4000000060
24834  -36.688  -57.708  -30.488 0.4000000060
148069  -37.422  -57.193  -30.480 0.4000000060
26827  -31.264  -55.298  -27.484 0.4000000060
25796  -31.796  -55.578  -26.960 0.4000000060
25811  -32.241  -56.361  -27.095 0.4000000060
25812  -33.073  -55.981  -27.134 0.4000000060
134452  -32.653  -57.492  -27.838 0.4000000060
24809  -33.931  -57.185  -29.112 0.4000000060
25855  -38.227  -56.650  -30.468 0.4000000060
25841  -34.385  -56.702  -29.328 0.4000000060
24827  -35.128  -57.210  -30.284 0.4000000060
25842  -34.843  -56.636  -30.009 0.4000000060
142942  -35.940  -57.094  -30.435 0.4000000060
26814  -32.131  -54.975  -26.664 0.4000000060
26815  -33.088  -55.089  -26.733 0.4000000060
27814  -34.041  -54.770  -27.114 0.4000000060
26829  -34.486  -55.197  -27.916 0.4000000060
25824  -33.605  -56.193  -27.715 0.4000000060
26845  -34.687  -55.604  -28.750 0.4000000060
147744  -34.416  -56.204  -28.828 0.4000000060
26862  -34.773  -56.114  -29.466 0.4000000060
26863  -35.189  -55.943  -30.144 0.4000000060
25854  -37.139  -56.472  -30.540 0.3000000119
143068  -35.726  -55.936  -30.790 0.4000000060
147696  -36.693  -56.991  -30.473 0.4000000060
28774  -32.918  -53.382  -26.445 0.4000000060
27800  -33.469  -54.149  -26.633 0.4000000060
28775  -33.822  -53.339  -26.651 0.4000000060
137730  -34.831  -53.715  -27.523 0.4000000060
27815  -34.712  -54.403  -27.688 0.4000000060
26846  -35.040  -55.429  -29.528 0.4000000060
143981  -35.309  -55.336  -30.277 0.4000000060
26877  -38.837  -55.852  -30.522 0.4000000060
26876  -37.748  -55.887  -30.687 0.3000000119
136647  -35.522  -55.543  -30.813 0.4000000060
26875  -36.530  -55.900  -30.851 0.5000000000
148761  -37.276  -55.488  -31.219 0.4000000060
26874  -35.794  -55.521  -31.417 0.5000000000
145648  -34.952  -51.778  -27.228 0.4000000060
29740  -35.209  -52.296  -27.650 0.4000000060
28789  -35.147  -53.066  -27.739 0.4000000060
29756  -35.434  -52.461  -28.434 0.4000000060
158823  -35.294  -53.287  -28.527 0.4000000060
27863  -35.559  -55.159  -31.613 0.4000000060
26881  -36.210  -55.479  -32.019 0.5000000000
30704  -35.088  -51.034  -27.390 0.4000000060
136426  -35.377  -51.663  -27.878 0.4000000060
132935  -35.651  -51.586  -28.675 0.4000000060
26880  -35.832  -55.299  -32.120 0.4000000060
26883  -36.004  -55.149  -32.838 0.5000000000
31710  -35.136  -50.220  -27.531 0.4000000060
30719  -35.543  -50.844  -28.152 0.4000000060
157029  -35.804  -51.043  -28.769 0.4000000060
157152  -35.865  -54.405  -33.961 0.5000000000
33856  -36.270  -48.296  -29.160 0.4000000060
32741  -35.137  -49.327  -27.572 0.4000000060
32760  -36.206  -49.033  -29.006 0.4000000060
31728  -35.996  -49.682  -28.707 0.4000000060
32777  -36.442  -49.225  -29.787 0.4000000060
31752  -36.516  -50.014  -30.254 0.5000000000
33840  -35.104  -48.316  -27.664 0.4000000060
21560  -35.134  -60.525  -32.224 0.5000000000
22674  -36.538  -60.033  -31.448 0.5000000000
22676  -38.184  -59.573  -31.455 0.4000000060
153548  -36.106  -65.235  -33.385 0.5000000000
18668  -33.043  -63.498  -34.024 0.8000000119
18666  -31.108  -63.448  -34.416 0.8000000119
149230  -30.335  -63.389  -34.348 0.6999999881
16746  -38.523  -66.102  -33.244 0.5000000000
18679  -29.372  -62.875  -34.555 0.6999999881
15781  -39.592  -66.360  -32.592 0.5000000000
20583  -29.093  -61.993  -34.942 0.6999999881
16747  -41.130  -65.493  -32.599 0.4000000060
136120  -40.255  -65.688  -33.025 0.4000000060
20570  -28.689  -61.486  -34.602 0.6999999881
22704  -28.076  -59.323  -34.292 0.6999999881
16737  -41.630  -65.221  -32.297 0.4000000060
17664  -41.860  -65.015  -32.179 0.4000000060
23855  -26.836  -58.237  -34.484 0.6000000238
134495  -42.558  -63.584  -32.130 0.4000000060
23849  -26.114  -57.785  -33.127 0.6000000238
24841  -26.839  -57.388  -32.536 0.5000000000
25864  -28.464  -56.528  -32.727 0.5000000000
25862  -29.430  -56.214  -32.261 0.5000000000
26872  -29.871  -55.784  -31.479 0.4000000060
26861  -30.288  -55.262  -30.146 0.4000000060
27830  -30.427  -54.570  -28.890 0.4000000060
27831  -30.851  -54.820  -28.335 0.4000000060
27813  -31.292  -54.483  -27.579 0.4000000060
28773  -32.065  -53.362  -26.759 0.4000000060
29720  -33.393  -52.644  -26.484 0.4000000060
30688  -33.896  -51.436  -26.495 0.4000000060
31694  -34.054  -50.678  -26.581 0.4000000060
32740  -34.601  -49.698  -27.092 0.4000000060
35063  -35.295  -47.580  -28.054 0.4000000060
17681  -33.861  -63.954  -33.308 0.8000000119
142945  -34.009  -62.577  -35.032 0.8000000119
17686  -38.501  -64.691  -33.602 0.5000000000
18682  -31.543  -63.152  -34.937 0.6999999881
134360  -32.578  -61.950  -34.991 0.6999999881
156084  -38.295  -61.309  -35.371 0.6999999881
19644  -35.709  -61.412  -35.392 0.6999999881
19639  -40.603  -61.885  -34.809 0.6000000238
20593  -39.019  -61.025  -35.564 0.6000000238
20591  -37.254  -60.576  -35.312 0.6000000238
22691  -28.618  -59.743  -32.579 0.6000000238
18652  -42.375  -64.310  -32.569 0.5000000000
18678  -43.200  -63.522  -33.037 0.5000000000
19624  -44.741  -62.182  -33.045 0.3000000119
21577  -36.658  -60.412  -33.326 0.5000000000
22673  -28.986  -58.977  -31.283 0.6000000238
134040  -32.985  -60.373  -30.694 0.5000000000
22660  -36.024  -59.474  -30.805 0.4000000060
22658  -34.340  -59.749  -30.587 0.4000000060
23842  -39.035  -58.973  -31.100 0.4000000060
24833  -35.707  -57.871  -30.428 0.4000000060
24826  -34.379  -57.397  -29.867 0.4000000060
27798  -31.759  -54.275  -26.875 0.4000000060
25852  -35.405  -56.367  -30.402 0.4000000060
31743  -36.259  -49.830  -29.385 0.4000000060
13983  -22.436  -68.698  -35.663 0.4000000060
13984  -23.546  -68.821  -35.649 0.4000000060
13973  -25.105  -68.565  -34.659 0.4000000060
13974  -26.023  -68.505  -34.572 0.4000000060
13954  -24.562  -68.466  -33.804 0.4000000060
13955  -25.600  -68.379  -33.807 0.4000000060
13956  -26.430  -68.329  -33.794 0.4000000060
13933  -26.832  -68.202  -33.034 0.4000000060
13957  -28.350  -68.421  -33.585 0.5000000000
13931  -25.227  -68.282  -32.978 0.4000000060
13932  -26.051  -68.205  -33.069 0.4000000060
148610  -27.411  -68.229  -32.674 0.5000000000
13912  -28.611  -68.266  -31.949 0.6000000238
13930  -24.215  -68.352  -32.666 0.4000000060
13909  -25.038  -68.100  -32.127 0.4000000060
14834  -26.479  -67.798  -31.322 0.4000000060
13934  -28.082  -68.346  -32.748 0.5000000000
16735  -40.565  -66.073  -32.265 0.3000000119
16736  -41.154  -65.706  -32.054 0.4000000060
146701  -41.333  -63.444  -31.720 0.3000000119
13935  -28.956  -68.434  -32.799 0.5000000000
15779  -37.074  -66.829  -33.420 0.5000000000
152928  -38.810  -66.837  -32.675 0.4000000060
14809  -24.698  -67.521  -30.216 0.4000000060
14852  -27.013  -68.027  -32.092 0.5000000000
13911  -27.779  -68.165  -31.943 0.5000000000
14833  -25.706  -67.892  -31.703 0.4000000060
154619  -30.027  -68.432  -32.868 0.6000000238
14854  -31.634  -67.969  -32.385 0.6999999881
143893  -37.481  -66.051  -33.394 0.5000000000
157353  -31.439  -68.255  -32.971 0.6999999881
14866  -33.480  -67.886  -33.741 0.6999999881
15777  -35.457  -66.960  -33.551 0.6999999881
14855  -32.683  -67.769  -32.911 0.6999999881
14856  -34.084  -67.272  -33.353 0.6999999881
14835  -27.403  -67.760  -31.045 0.5000000000
14836  -28.293  -67.843  -31.193 0.6000000238
14837  -29.131  -67.828  -31.221 0.6000000238
14813  -30.431  -67.268  -30.985 0.6000000238
14791  -26.051  -66.998  -29.712 0.4000000060
14811  -26.677  -67.393  -30.293 0.5000000000
143655  -28.059  -67.374  -30.549 0.6000000238
13913  -29.501  -68.239  -31.937 0.6000000238
133378  -31.139  -67.347  -31.356 0.6000000238
14839  -31.851  -67.417  -31.818 0.6000000238
14838  -30.472  -67.994  -31.740 0.6000000238
134897  -33.265  -67.274  -32.744 0.6999999881
142112  -36.590  -66.051  -33.389 0.6000000238
16745  -37.868  -65.281  -33.475 0.5000000000
15723  -25.308  -66.214  -29.471 0.6000000238
15724  -26.343  -66.160  -29.500 0.6000000238
16679  -27.586  -65.477  -29.504 0.6999999881
145476  -28.753  -66.361  -29.892 0.6000000238
15740  -29.459  -66.258  -30.181 0.6000000238
15756  -31.629  -66.736  -31.361 0.6000000238
137611  -25.276  -67.199  -29.773 0.5000000000
14793  -27.482  -67.117  -30.111 0.6000000238
15757  -32.260  -66.881  -31.711 0.6000000238
15769  -33.793  -66.583  -32.663 0.6999999881
16734  -34.270  -65.807  -32.765 0.6999999881
16742  -35.041  -66.031  -33.063 0.6999999881
16678  -26.726  -65.403  -29.450 0.6000000238
17624  -27.984  -64.819  -29.693 0.6999999881
16698  -28.734  -64.948  -29.854 0.6999999881
15727  -28.859  -65.647  -29.778 0.6999999881
16716  -30.607  -65.760  -30.773 0.6000000238
17683  -35.604  -64.368  -33.467 0.5000000000
16718  -32.075  -66.063  -31.584 0.6999999881
15768  -32.924  -66.519  -32.057 0.6999999881
146714  -35.329  -65.218  -33.195 0.6000000238
17658  -29.718  -64.165  -31.347 0.6999999881
17671  -31.094  -64.033  -32.489 0.6999999881
17641  -28.379  -64.414  -30.249 0.6999999881
17659  -30.615  -64.456  -31.585 0.6000000238
17672  -31.945  -64.306  -32.518 0.5000000000
16699  -29.448  -65.277  -30.147 0.6999999881
142645  -30.857  -65.185  -31.167 0.6000000238
16732  -32.459  -65.290  -32.069 0.6999999881
17682  -34.691  -64.322  -33.305 0.5000000000
16717  -31.310  -65.872  -31.187 0.6000000238
16733  -33.368  -65.400  -32.466 0.6999999881
146998  -34.678  -65.223  -32.978 0.6000000238
18635  -30.103  -63.829  -32.559 0.6999999881
18650  -31.521  -63.739  -33.440 0.6999999881
141776  -29.995  -63.582  -33.666 0.6999999881
17673  -33.258  -64.222  -32.907 0.6000000238
18651  -32.414  -63.852  -33.213 0.6999999881
15780  -38.005  -66.855  -33.160 0.5000000000
154904  -32.681  -64.561  -32.555 0.6000000238
13972  -24.141  -68.585  -34.848 0.4000000060
141522  -27.557  -68.325  -33.386 0.4000000060
151654  -24.312  -68.096  -31.726 0.4000000060
14851  -26.313  -68.027  -32.318 0.4000000060
14810  -25.690  -67.590  -30.507 0.4000000060
14857  -34.846  -67.310  -33.728 0.6999999881
15770  -34.600  -66.676  -33.136 0.6999999881
14812  -29.685  -67.177  -30.712 0.6000000238
15755  -30.934  -66.582  -30.948 0.6000000238
14792  -26.875  -66.707  -29.696 0.6999999881
15725  -27.582  -66.341  -29.628 0.6000000238
16700  -30.005  -65.689  -30.429 0.6000000238
141680  -29.229  -64.580  -30.487 0.6999999881
17660  -31.533  -64.970  -31.714 0.6000000238
17640  -27.539  -64.288  -30.036 0.5000000000
15722  -24.254  -66.245  -29.422 0.4000000060
16677  -25.374  -65.061  -29.355 0.5000000000
18620  -27.947  -63.824  -30.802 0.6000000238
15721  -23.388  -66.240  -29.409 0.4000000060
16675  -23.157  -65.509  -29.351 0.5000000000
16676  -24.531  -65.378  -29.324 0.5000000000
17623  -25.413  -64.400  -29.553 0.5000000000
17639  -26.672  -64.168  -29.883 0.5000000000
18618  -26.218  -63.626  -30.420 0.5000000000
143109  -26.181  -64.698  -29.510 0.5000000000
17657  -28.823  -63.942  -31.061 0.6000000238
18633  -28.311  -63.508  -31.789 0.5000000000
18619  -27.087  -63.707  -30.565 0.5000000000
18647  -28.573  -63.385  -32.946 0.6999999881
18646  -27.800  -63.145  -32.606 0.6000000238
18664  -28.796  -63.085  -34.054 0.6000000238
16674  -22.376  -65.613  -29.505 0.5000000000
17638  -23.255  -64.220  -29.805 0.5000000000
18605  -24.117  -64.028  -29.713 0.5000000000
18630  -25.706  -63.201  -31.184 0.5000000000
18606  -24.975  -63.956  -29.756 0.5000000000
18648  -29.361  -63.525  -33.323 0.6000000238
136160  -26.954  -62.906  -32.362 0.6000000238
18662  -27.345  -62.804  -33.462 0.5000000000
19629  -28.692  -62.384  -34.713 0.6000000238
17619  -22.113  -64.861  -29.826 0.5000000000
18615  -23.624  -63.727  -30.426 0.5000000000
18628  -23.177  -63.580  -31.235 0.5000000000
18629  -24.854  -63.253  -31.150 0.5000000000
136451  -26.044  -62.882  -32.155 0.5000000000
18665  -29.632  -63.290  -34.217 0.6000000238
18645  -26.394  -62.692  -33.287 0.5000000000
19620  -27.916  -62.663  -34.260 0.6000000238
17635  -20.971  -64.909  -30.675 0.5000000000
17636  -21.960  -64.400  -30.522 0.5000000000
18627  -22.355  -63.803  -31.364 0.5000000000
136241  -22.876  -63.377  -32.165 0.5000000000
18642  -22.365  -63.180  -32.811 0.6000000238
158678  -23.446  -63.375  -31.779 0.4000000060
146769  -23.266  -62.624  -33.367 0.4000000060
19609  -23.879  -62.765  -33.253 0.5000000000
18644  -24.550  -62.911  -32.818 0.5000000000
151720  -24.458  -63.152  -31.941 0.4000000060
133587  -23.200  -62.189  -33.602 0.4000000060
19625  -24.436  -61.923  -34.054 0.5000000000
19618  -24.748  -62.506  -33.626 0.5000000000
134477  -23.960  -61.102  -33.501 0.4000000060
19610  -25.785  -62.449  -33.872 0.6000000238
19619  -26.866  -62.437  -34.254 0.6000000238
19628  -27.634  -62.153  -34.814 0.6000000238
147228  -28.116  -61.210  -34.612 0.6000000238
19617  -23.956  -62.330  -33.768 0.5000000000
20568  -24.738  -60.917  -33.738 0.5000000000
152616  -25.213  -61.632  -34.151 0.5000000000
19626  -25.271  -62.192  -34.133 0.5000000000
21589  -24.185  -59.982  -33.188 0.4000000060
21590  -25.019  -59.934  -33.630 0.5000000000
20580  -26.061  -61.746  -34.505 0.6000000238
139462  -26.180  -62.206  -34.347 0.6000000238
147202  -27.633  -61.291  -34.765 0.6000000238
22701  -25.760  -59.654  -34.170 0.5000000000
23848  -25.482  -58.454  -32.475 0.3000000119
22690  -24.899  -58.793  -32.998 0.4000000060
134501  -24.650  -59.284  -33.260 0.4000000060
22698  -25.229  -59.002  -33.718 0.5000000000
145345  -27.521  -59.644  -34.545 0.5000000000
21606  -27.855  -60.399  -34.486 0.6000000238
26873  -30.101  -55.552  -30.737 0.3000000119
25849  -29.060  -55.887  -31.133 0.3000000119
25861  -28.371  -56.508  -31.591 0.4000000060
24842  -27.620  -57.033  -32.005 0.4000000060
27829  -29.915  -54.524  -29.002 0.3000000119
28787  -31.442  -53.652  -27.510 0.3000000119
147465  -30.905  -53.965  -28.318 0.3000000119
30686  -32.386  -51.952  -26.873 0.3000000119
29719  -32.637  -52.623  -26.592 0.3000000119
30687  -33.132  -51.818  -26.495 0.3000000119
32725  -33.579  -50.087  -26.685 0.3000000119
33820  -33.960  -49.387  -26.819 0.3000000119
33839  -34.465  -48.814  -27.177 0.3000000119
23852  -25.575  -58.317  -33.535 0.5000000000
145720  -29.953  -54.987  -29.929 0.3000000119
18634  -29.163  -63.689  -32.152 0.5000000000
17622  -24.689  -64.516  -29.452 0.5000000000
18661  -25.422  -62.751  -33.061 0.5000000000
19627  -26.873  -62.081  -34.753 0.6000000238
14870  -37.509  -67.488  -33.027 0.3000000119
14867  -34.553  -67.798  -34.219 0.6000000238
142160  -35.384  -67.796  -34.204 0.6000000238
16705  -38.699  -65.914  -30.740 0.3000000119
14819  -39.347  -67.119  -30.854 0.3000000119
14841  -39.419  -67.098  -31.228 0.3000000119
15772  -39.954  -66.567  -31.775 0.3000000119
153598  -39.029  -67.493  -30.892 0.3000000119
15771  -39.273  -67.078  -31.909 0.3000000119
139834  -36.004  -67.626  -33.913 0.5000000000
148794  -37.987  -65.295  -30.699 0.3000000119
16719  -39.346  -65.696  -30.852 0.3000000119
16720  -40.122  -65.925  -31.152 0.3000000119
16721  -40.893  -65.739  -31.687 0.3000000119
14860  -38.937  -67.650  -31.294 0.3000000119
14859  -38.426  -67.497  -32.283 0.3000000119
158440  -36.209  -67.995  -33.861 0.4000000060
14790  -24.555  -66.984  -29.646 0.4000000060
17644  -37.208  -65.071  -30.618 0.3000000119
17646  -38.625  -65.045  -30.790 0.3000000119
17661  -39.497  -64.986  -31.005 0.3000000119
17662  -40.501  -65.129  -31.396 0.3000000119
13115  -27.063  -69.407  -35.497 0.5000000000
13116  -27.984  -69.399  -35.511 0.5000000000
13985  -24.621  -68.810  -35.389 0.4000000060
13113  -25.083  -69.057  -35.574 0.4000000060
13114  -26.013  -69.321  -35.524 0.4000000060
12285  -26.732  -70.235  -35.692 0.5000000000
13977  -30.467  -68.826  -34.890 0.5000000000
13989  -29.765  -69.122  -35.287 0.5000000000
13988  -27.397  -68.806  -35.025 0.5000000000
13106  -28.272  -68.855  -34.938 0.5000000000
13987  -26.490  -68.791  -35.122 0.4000000060
13991  -32.097  -68.979  -35.378 0.6000000238
13979  -32.166  -68.621  -34.625 0.6000000238
139695  -31.131  -68.588  -34.333 0.5000000000
13976  -29.555  -68.731  -34.568 0.5000000000
137782  -26.869  -68.488  -34.457 0.3000000119
134415  -27.732  -68.463  -34.263 0.4000000060
13975  -28.684  -68.603  -34.353 0.5000000000
13980  -33.761  -68.691  -35.383 0.6000000238
146753  -30.898  -68.415  -33.402 0.6000000238
13958  -29.268  -68.527  -33.731 0.4000000060
13959  -30.205  -68.563  -34.015 0.5000000000
13982  -35.208  -68.568  -34.891 0.6000000238
13939  -37.531  -68.507  -31.967 0.3000000119
13963  -36.434  -68.431  -33.390 0.4000000060
13961  -32.552  -68.252  -33.705 0.6000000238
13893  -38.451  -68.075  -30.799 0.3000000119
14818  -38.742  -67.577  -30.703 0.3000000119
147436  -37.796  -67.996  -32.350 0.3000000119
14868  -35.851  -68.408  -34.163 0.5000000000
13960  -31.703  -68.381  -33.651 0.6000000238
14871  -34.159  -68.308  -34.816 0.6000000238
13962  -33.198  -68.460  -34.616 0.6000000238
13938  -36.886  -68.704  -32.511 0.3000000119
13993  -33.796  -69.096  -35.689 0.5000000000
13121  -34.385  -69.520  -35.534 0.5000000000
13981  -34.468  -68.896  -35.434 0.5000000000
13094  -35.219  -70.227  -34.076 0.4000000060
13108  -35.062  -69.696  -35.065 0.5000000000
12292  -34.435  -70.387  -35.228 0.5000000000
13120  -33.171  -69.666  -35.919 0.5000000000
12272  -34.706  -70.774  -34.328 0.4000000060
13095  -35.668  -70.078  -33.197 0.4000000060
13109  -35.572  -69.327  -34.336 0.5000000000
13978  -31.385  -68.889  -35.144 0.5000000000
13119  -32.302  -69.371  -35.751 0.5000000000
13937  -36.048  -69.111  -33.661 0.4000000060
7350  -22.565  -76.390  -35.792 0.3000000119
7351  -23.730  -76.344  -36.494 0.3000000119
8882  -25.155  -75.371  -36.637 0.3000000119
8070  -26.066  -75.626  -37.085 0.4000000060
8064  -24.160  -75.485  -35.972 0.3000000119
8873  -24.432  -74.588  -35.630 0.3000000119
8071  -26.856  -75.806  -36.865 0.4000000060
8884  -26.678  -75.038  -37.038 0.4000000060
8883  -25.823  -74.763  -36.730 0.3000000119
9668  -24.744  -73.839  -35.375 0.3000000119
147674  -28.419  -75.047  -36.428 0.4000000060
9679  -28.149  -74.532  -36.830 0.4000000060
9677  -26.275  -74.074  -36.634 0.4000000060
8874  -25.166  -74.510  -36.083 0.4000000060
134215  -25.073  -73.238  -35.344 0.4000000060
9669  -25.505  -73.905  -35.994 0.4000000060
10453  -29.680  -73.000  -34.640 0.3000000119
157435  -29.299  -74.521  -36.059 0.4000000060
9670  -29.633  -74.202  -36.259 0.4000000060
144064  -28.609  -73.739  -36.920 0.4000000060
141467  -27.427  -73.326  -36.891 0.4000000060
10479  -26.581  -72.752  -36.500 0.4000000060
10471  -25.853  -72.986  -35.974 0.4000000060
11340  -31.071  -72.499  -34.513 0.3000000119
9671  -30.116  -73.932  -36.062 0.4000000060
10482  -29.990  -73.246  -36.914 0.4000000060
9680  -29.477  -73.840  -36.735 0.4000000060
10481  -29.144  -72.997  -37.041 0.4000000060
11370  -29.723  -72.137  -36.905 0.4000000060
10480  -28.068  -72.521  -36.881 0.4000000060
11369  -28.659  -71.783  -36.779 0.4000000060
11367  -27.016  -71.999  -36.486 0.4000000060
10472  -26.268  -72.170  -36.018 0.4000000060
10473  -31.618  -73.065  -35.763 0.4000000060
11371  -31.097  -72.695  -36.614 0.4000000060
12294  -29.092  -70.979  -36.612 0.4000000060
12293  -28.321  -70.841  -36.488 0.4000000060
11361  -26.312  -71.222  -35.680 0.4000000060
11368  -27.755  -71.349  -36.552 0.4000000060
11360  -25.613  -71.900  -35.392 0.4000000060
11372  -31.449  -71.863  -36.560 0.4000000060
147150  -30.630  -71.917  -36.767 0.4000000060
151567  -29.428  -70.328  -36.269 0.4000000060
12287  -28.663  -70.058  -36.074 0.4000000060
12286  -27.653  -70.290  -36.024 0.4000000060
12297  -31.866  -70.939  -36.287 0.4000000060
13123  -30.676  -69.817  -35.958 0.4000000060
12291  -33.758  -70.819  -35.539 0.4000000060
13124  -31.511  -69.830  -35.987 0.4000000060
12258  -34.946  -71.075  -33.282 0.3000000119
12246  -35.440  -70.912  -32.210 0.3000000119
12288  -29.476  -69.680  -35.820 0.4000000060
12289  -32.450  -70.203  -36.054 0.4000000060
13084  -36.015  -70.266  -32.057 0.3000000119
13990  -30.806  -69.241  -35.507 0.4000000060
9678  -27.176  -74.335  -36.922 0.4000000060
144281  -26.629  -73.466  -36.659 0.4000000060
9658  -30.259  -73.440  -35.460 0.4000000060
143054  -30.414  -72.911  -34.790 0.3000000119
140030  -31.741  -72.894  -35.156 0.3000000119
10454  -31.046  -73.137  -35.344 0.4000000060
10483  -30.677  -73.293  -36.535 0.4000000060
152433  -30.460  -72.744  -36.848 0.4000000060
10485  -32.023  -72.778  -35.905 0.4000000060
12296  -30.887  -70.738  -36.404 0.4000000060
11362  -27.094  -70.998  -36.102 0.4000000060
13118  -30.152  -69.536  -35.717 0.4000000060
12298  -32.672  -71.270  -36.024 0.4000000060
138486  -27.988  -74.255  -34.719 0.3000000119
8052  -27.148  -76.140  -35.509 0.3000000119
7353  -26.856  -76.351  -36.466 0.3000000119
8053  -27.507  -75.907  -36.367 0.3000000119
8875  -28.136  -75.491  -36.125 0.3000000119
7360  -26.216  -76.341  -36.958 0.3000000119
9656  -28.440  -73.748  -34.713 0.3000000119
8859  -28.697  -74.789  -35.766 0.3000000119
9657  -29.375  -73.852  -35.518 0.3000000119
10455  -32.263  -72.680  -35.335 0.3000000119
11363  -32.755  -72.244  -35.503 0.3000000119
11343  -33.610  -71.992  -35.112 0.3000000119
12271  -34.151  -71.437  -34.596 0.3000000119
10452  -28.876  -73.082  -34.338 0.3000000119
11373  -32.171  -72.058  -36.179 0.3000000119
7352  -26.248  -76.811  -36.477 0.3000000119
8876  -28.989  -74.511  -36.395 0.4000000060
8885  -27.648  -75.275  -36.739 0.4000000060
9672  -30.794  -73.531  -36.053 0.4000000060
9681  -30.140  -73.792  -36.436 0.4000000060
10484  -31.391  -73.130  -36.202 0.4000000060
11341  -32.140  -72.543  -34.629 0.3000000119
11364  -33.227  -71.468  -35.576 0.3000000119
12257  -34.391  -71.433  -33.814 0.3000000119
12290  -33.101  -70.646  -35.930 0.4000000060
12295  -29.961  -71.005  -36.585 0.4000000060
13107  -29.017  -68.904  -34.929 0.5000000000
13117  -28.860  -69.291  -35.433 0.5000000000
13122  -30.076  -70.134  -36.134 0.4000000060
13910  -25.705  -68.098  -32.453 0.4000000060
13915  -37.765  -68.688  -31.087 0.3000000119
13936  -32.036  -68.101  -32.973 0.6999999881
13940  -38.297  -68.174  -31.478 0.3000000119
13986  -25.548  -68.793  -35.233 0.4000000060
13992  -32.967  -68.906  -35.479 0.5000000000
14840  -32.572  -67.304  -32.180 0.6999999881
14853  -30.955  -68.233  -32.513 0.6999999881
14858  -37.131  -68.131  -32.851 0.3000000119
14869  -36.645  -67.595  -33.501 0.5000000000
15726  -28.246  -65.978  -29.599 0.6999999881
15739  -28.182  -66.718  -29.971 0.6000000238
15741  -30.213  -66.453  -30.606 0.6000000238
15745  -38.856  -66.878  -30.647 0.3000000119
15758  -39.503  -66.483  -30.865 0.3000000119
15759  -39.896  -66.507  -31.286 0.3000000119
15760  -40.531  -66.113  -31.743 0.4000000060
15778  -36.261  -66.869  -33.558 0.6999999881
16680  -28.304  -65.321  -29.628 0.6999999881
16704  -37.747  -66.065  -30.681 0.3000000119
16743  -35.793  -66.086  -33.302 0.6000000238
17620  -22.829  -64.857  -29.505 0.5000000000
17621  -23.749  -64.800  -29.359 0.5000000000
17637  -22.800  -63.977  -30.508 0.5000000000
17642  -30.129  -64.941  -30.736 0.6999999881
17674  -34.026  -64.782  -32.870 0.5000000000
18607  -25.803  -64.019  -29.794 0.5000000000
18616  -24.480  -63.613  -30.377 0.5000000000
18617  -25.350  -63.591  -30.364 0.5000000000
18631  -26.587  -63.212  -31.306 0.5000000000
18632  -27.464  -63.325  -31.510 0.6000000238
18638  -41.993  -64.557  -31.934 0.4000000060
18641  -21.943  -63.617  -32.329 0.5000000000
18643  -23.749  -63.157  -32.382 0.4000000060
18649  -30.676  -63.684  -33.522 0.6999999881
18660  -23.138  -63.009  -32.947 0.6000000238
18663  -28.099  -63.010  -33.519 0.6000000238
18681  -30.737  -63.131  -34.833 0.6999999881
18684  -33.301  -62.829  -34.975 0.8000000119
19612  -44.853  -62.088  -32.595 0.3000000119
19622  -42.855  -63.158  -33.775 0.5000000000
19630  -29.593  -62.485  -34.764 0.6999999881
19631  -30.347  -62.634  -34.925 0.6999999881
19636  -35.427  -62.168  -35.149 0.8000000119
19641  -43.110  -62.002  -34.321 0.5000000000
20547  -29.546  -61.368  -31.694 0.6999999881
20567  -23.719  -61.921  -33.858 0.4000000060
20569  -25.536  -60.786  -34.111 0.5000000000
20576  -34.439  -61.132  -35.079 0.6000000238
20578  -44.576  -61.630  -33.623 0.3000000119
20581  -27.456  -61.894  -34.964 0.6000000238
20582  -28.190  -61.862  -34.959 0.6000000238
20589  -35.477  -60.906  -35.284 0.6000000238
20592  -38.087  -60.796  -35.404 0.6000000238
20595  -42.829  -61.159  -34.791 0.5000000000
20597  -39.402  -60.792  -35.373 0.6000000238
21530  -30.350  -60.594  -29.333 0.6000000238
21541  -29.297  -60.935  -30.294 0.6000000238
21546  -34.786  -60.292  -31.146 0.5000000000
21557  -31.520  -60.983  -30.810 0.6000000238
21562  -37.025  -60.336  -32.302 0.4000000060
21579  -38.393  -60.365  -33.100 0.5000000000
21580  -39.896  -60.315  -33.660 0.3000000119
21584  -44.853  -60.351  -33.020 0.3000000119
21592  -34.063  -60.680  -33.670 0.6000000238
21594  -35.393  -60.328  -34.547 0.5000000000
21599  -40.176  -60.384  -34.762 0.5000000000
21602  -44.182  -60.943  -34.233 0.4000000060
21604  -26.373  -60.602  -34.430 0.5000000000
21605  -27.187  -60.462  -34.595 0.6000000238
21609  -36.731  -60.268  -35.124 0.6000000238
21612  -41.918  -60.781  -34.907 0.5000000000
22619  -29.950  -59.726  -28.618 0.4000000060
22634  -30.622  -60.029  -28.711 0.4000000060
22635  -31.434  -59.959  -28.976 0.5000000000
22656  -32.643  -59.939  -29.987 0.4000000060
22662  -37.536  -59.174  -30.947 0.4000000060
22699  -25.952  -58.598  -34.226 0.6000000238
22700  -28.388  -59.424  -33.631 0.6000000238
22702  -26.702  -59.370  -34.551 0.6000000238
23795  -29.721  -59.000  -28.609 0.5000000000
23796  -30.235  -58.220  -28.141 0.4000000060
23830  -37.172  -58.511  -30.647 0.4000000060
23831  -38.753  -58.116  -30.659 0.3000000119
23835  -43.215  -57.565  -30.665 0.3000000119
23853  -26.295  -57.799  -34.019 0.6000000238
23854  -29.037  -57.426  -33.842 0.6000000238
23857  -28.373  -57.752  -34.312 0.6000000238
24793  -32.168  -57.191  -27.380 0.4000000060
24807  -30.189  -57.348  -28.691 0.5000000000
24808  -33.355  -57.359  -28.438 0.4000000060
24812  -43.558  -57.480  -29.334 0.4000000060
24824  -30.428  -56.459  -29.720 0.5000000000
24828  -43.879  -57.451  -29.959 0.3000000119
24840  -43.579  -57.073  -30.146 0.4000000060
24844  -26.918  -57.253  -33.610 0.6000000238
24846  -29.429  -56.851  -33.469 0.6000000238
25797  -32.476  -55.630  -26.839 0.4000000060
25810  -31.405  -56.133  -27.336 0.4000000060
25825  -33.878  -56.635  -28.453 0.4000000060
25850  -30.181  -55.871  -31.399 0.5000000000
25853  -36.210  -56.454  -30.581 0.4000000060
25863  -30.087  -56.152  -32.062 0.5000000000
25866  -29.861  -56.539  -32.883 0.5000000000
25867  -28.393  -56.685  -33.485 0.5000000000
26813  -31.605  -54.935  -27.010 0.4000000060
26828  -33.780  -55.559  -27.385 0.4000000060
26844  -34.188  -55.920  -28.148 0.4000000060
26848  -42.914  -55.339  -29.290 0.4000000060
26864  -42.435  -54.832  -29.946 0.4000000060
26865  -42.990  -55.357  -29.939 0.4000000060
27799  -32.510  -54.215  -26.516 0.4000000060
27801  -34.315  -53.959  -27.032 0.4000000060
27816  -35.138  -53.874  -28.148 0.4000000060
27845  -35.262  -54.714  -29.733 0.4000000060
27856  -35.345  -54.780  -30.805 0.4000000060
27873  -35.729  -54.597  -33.326 0.5000000000
27874  -36.065  -54.758  -33.654 0.5000000000
28788  -34.590  -53.216  -27.085 0.4000000060
29721  -34.176  -52.629  -26.693 0.4000000060
29738  -32.090  -52.579  -26.948 0.3000000119
29739  -34.797  -52.493  -27.154 0.4000000060
30703  -34.545  -51.223  -26.819 0.4000000060
31693  -33.337  -50.894  -26.577 0.3000000119
31709  -34.632  -50.479  -26.983 0.4000000060
31727  -35.602  -49.941  -28.151 0.4000000060
31742  -35.973  -50.457  -28.869 0.4000000060
32726  -34.166  -50.048  -26.758 0.4000000060
32759  -35.670  -49.092  -28.218 0.4000000060
33855  -35.783  -48.286  -28.419 0.4000000060
35064  -35.931  -47.535  -28.696 0.4000000060
132972  -25.171  -63.023  -32.047 0.4000000060
133916  -24.887  -67.836  -31.192 0.4000000060
135097  -32.923  -62.400  -35.150 0.6999999881
135308  -24.909  -72.438  -35.108 0.4000000060
135563  -31.243  -67.842  -31.886 0.6000000238
135599  -29.853  -67.743  -31.275 0.6000000238
135857  -23.968  -63.370  -31.298 0.5000000000
136216  -27.032  -66.028  -29.466 0.6000000238
136794  -40.804  -60.674  -35.042 0.5000000000
137295  -27.135  -64.771  -29.609 0.6000000238
139424  -32.172  -67.711  -32.413 0.6999999881
142863  -26.938  -61.485  -34.760 0.6000000238
143104  -33.120  -61.434  -34.607 0.6999999881
143668  -31.665  -72.616  -36.308 0.4000000060
143769  -26.001  -65.470  -29.427 0.6000000238
143952  -39.187  -65.566  -33.296 0.6000000238
144352  -28.126  -58.394  -34.435 0.6000000238
146512  -34.396  -51.943  -26.730 0.4000000060
147578  -33.808  -52.090  -26.489 0.4000000060
148991  -31.631  -69.202  -35.539 0.5000000000
149009  -36.669  -63.633  -33.847 0.6000000238
149036  -23.813  -65.633  -29.317 0.4000000060
150964  -33.967  -69.829  -35.718 0.5000000000
152067  -28.829  -67.163  -30.466 0.6000000238
152281  -27.951  -57.406  -34.330 0.6000000238
152376  -22.554  -64.414  -29.961 0.5000000000
152473  -27.089  -68.337  -33.794 0.4000000060
154092  -36.184  -54.445  -34.287 0.5000000000
154491  -28.816  -59.762  -30.661 0.5000000000
154834  -22.711  -62.855  -33.117 0.4000000060
155894  -36.309  -55.281  -32.648 0.5000000000
156032  -30.183  -54.901  -29.583 0.3000000119
157688  -31.481  -57.350  -27.430 0.4000000060
158322  -40.405  -66.088  -31.463 0.3000000119
158757  -21.659  -64.866  -30.213 0.5000000000
159232  -24.585  -62.233  -33.935 0.5000000000
159405  -44.402  -60.628  -33.764 0.3000000119
159645  -28.740  -60.640  -31.337 0.6000000238
159646  -42.230  -57.066  -30.568 0.3000000119
