#!ascii label  , from subject sub-v1s20x0050377_ses-1 vox2ras=TkReg
1305
100411  41.291  17.996  7.178 0.0000000000
96034  44.280  12.748  7.122 0.0000000000
98051  47.948  14.629  -1.239 0.0000000000
88611  43.669  4.273  -6.703 0.0000000000
101019  45.780  19.740  18.641 0.0000000000
152558  53.684  19.396  3.441 0.0000000000
92517  43.655  8.608  -2.943 0.0000000000
98088  36.882  14.030  -4.010 0.0000000000
100386  54.066  18.177  10.037 0.0000000000
101782  49.725  18.890  14.352 0.0000000000
141741  41.356  11.534  10.125 0.0000000000
101202  42.932  18.226  1.163 0.0000000000
138464  41.570  14.288  -7.775 0.0000000000
96078  48.280  12.620  1.996 0.0000000000
95237  44.928  12.125  -6.581 0.0000000000
100464  38.968  17.776  -0.606 0.0000000000
100374  47.156  17.674  9.205 0.0000000000
101097  45.402  18.632  10.699 0.0000000000
98788  44.552  15.587  15.380 0.0000000000
134096  47.963  19.033  2.592 0.0000000000
102517  46.561  20.773  0.829 0.0000000000
98925  44.841  15.497  0.427 0.0000000000
159634  42.644  14.567  -3.366 0.0000000000
98093  45.410  14.527  -4.775 0.0000000000
97935  49.531  14.952  10.343 0.0000000000
97969  50.421  15.065  7.189 0.0000000000
97047  46.063  13.344  4.919 0.0000000000
91654  45.435  7.047  -6.460 0.0000000000
94323  44.369  10.504  -3.593 0.0000000000
91668  44.839  8.475  -8.340 0.0000000000
92550  42.632  9.047  -7.571 0.0000000000
88626  41.161  4.726  -8.041 0.0000000000
153821  40.542  3.824  -4.540 0.0000000000
100379  39.658  16.779  8.796 0.0000000000
100337  43.146  17.795  12.191 0.0000000000
99648  49.872  16.355  3.461 0.0000000000
94271  40.794  10.761  3.614 0.0000000000
95170  43.134  11.485  1.965 0.0000000000
91620  42.357  7.187  -0.718 0.0000000000
89646  45.464  5.608  -3.625 0.0000000000
139427  49.035  20.846  4.822 0.0000000000
100417  48.178  17.955  6.811 0.0000000000
100345  51.563  17.753  12.084 0.0000000000
98830  47.224  15.244  11.670 0.0000000000
101760  47.921  19.304  16.650 0.0000000000
98804  45.612  15.722  13.195 0.0000000000
96031  42.986  11.877  8.817 0.0000000000
93385  39.692  9.224  6.068 0.0000000000
100399  36.644  17.377  7.732 0.0000000000
102535  45.173  20.907  -2.064 0.0000000000
102528  41.677  20.127  -0.917 0.0000000000
98949  40.654  15.449  -1.391 0.0000000000
139492  39.076  14.133  -5.963 0.0000000000
96152  40.891  12.267  -4.330 0.0000000000
101147  53.240  18.375  6.428 0.0000000000
97994  52.118  14.506  3.770 0.0000000000
97093  50.927  13.062  -0.569 0.0000000000
96116  45.464  12.117  -0.487 0.0000000000
96137  47.746  12.633  -2.756 0.0000000000
97133  48.798  14.142  -5.458 0.0000000000
97162  45.350  13.999  -9.841 0.0000000000
94331  42.657  10.919  -5.337 0.0000000000
153489  38.246  18.001  -0.730 0.0000000000
101920  39.391  19.681  -1.713 0.0000000000
101138  44.018  17.937  7.700 0.0000000000
101125  42.793  17.806  8.201 0.0000000000
98903  47.104  16.091  1.929 0.0000000000
99655  45.879  17.071  2.037 0.0000000000
98028  46.290  14.930  -0.105 0.0000000000
98066  45.631  14.512  -2.105 0.0000000000
132615  47.242  14.590  -3.177 0.0000000000
97015  46.681  13.814  8.474 0.0000000000
97020  46.990  13.809  6.942 0.0000000000
97039  45.124  13.037  5.947 0.0000000000
90686  45.377  6.522  -6.980 0.0000000000
91662  45.321  8.156  -7.504 0.0000000000
89684  43.574  5.632  -8.188 0.0000000000
141058  42.669  6.542  -8.857 0.0000000000
88624  42.383  4.079  -8.712 0.0000000000
87618  41.641  3.130  -7.066 0.0000000000
142532  42.487  2.867  -6.001 0.0000000000
99584  40.669  16.381  11.491 0.0000000000
157206  50.400  18.535  2.788 0.0000000000
101185  51.760  17.852  3.269 0.0000000000
92471  40.729  8.598  2.782 0.0000000000
151435  41.378  9.199  1.665 0.0000000000
90645  42.285  6.332  0.742 0.0000000000
89636  46.108  5.404  -3.154 0.0000000000
89635  47.734  5.955  -3.920 0.0000000000
89663  47.312  6.047  -5.492 0.0000000000
101078  48.405  19.335  12.245 0.0000000000
100358  48.561  18.112  10.779 0.0000000000
101071  50.457  18.724  13.320 0.0000000000
98813  50.060  16.049  12.585 0.0000000000
99575  48.385  16.565  13.108 0.0000000000
101049  44.275  18.102  15.566 0.0000000000
101057  45.830  19.027  15.098 0.0000000000
101762  46.917  19.894  17.730 0.0000000000
96965  42.317  13.661  12.189 0.0000000000
98787  45.343  15.979  14.996 0.0000000000
97923  43.627  14.285  12.181 0.0000000000
96976  44.346  13.762  10.970 0.0000000000
95126  41.922  11.545  9.611 0.0000000000
95135  40.875  11.101  7.578 0.0000000000
94240  40.260  10.470  8.888 0.0000000000
90568  40.415  6.475  7.436 0.0000000000
101892  44.549  19.624  1.067 0.0000000000
103223  45.678  21.215  -0.393 0.0000000000
102518  43.940  19.958  0.396 0.0000000000
102527  42.663  20.256  -0.980 0.0000000000
101901  42.334  19.265  0.361 0.0000000000
100452  40.923  17.765  0.439 0.0000000000
146957  41.618  15.950  0.035 0.0000000000
98096  42.233  14.615  -4.917 0.0000000000
98085  40.830  14.647  -4.263 0.0000000000
138227  40.306  14.373  -6.882 0.0000000000
96174  38.967  12.965  -6.123 0.0000000000
97136  39.706  13.264  -6.618 0.0000000000
101149  50.672  19.270  7.454 0.0000000000
102460  50.937  20.136  5.616 0.0000000000
101117  53.448  18.317  8.296 0.0000000000
97991  49.350  13.946  4.831 0.0000000000
97982  51.714  14.725  5.163 0.0000000000
97050  50.703  13.137  2.979 0.0000000000
97064  51.279  13.151  2.343 0.0000000000
96102  50.820  12.750  0.880 0.0000000000
94304  42.977  9.964  -0.253 0.0000000000
95178  44.317  11.702  0.862 0.0000000000
159506  43.936  10.521  -1.685 0.0000000000
95228  44.641  11.250  -5.011 0.0000000000
95211  45.377  11.994  -3.152 0.0000000000
96161  46.949  13.154  -4.817 0.0000000000
97119  49.564  13.805  -5.060 0.0000000000
97135  47.563  14.015  -6.663 0.0000000000
97151  46.967  14.678  -7.843 0.0000000000
96188  45.382  13.051  -8.433 0.0000000000
91656  40.974  7.866  -7.346 0.0000000000
93448  42.861  10.224  -5.834 0.0000000000
92544  41.000  7.995  -5.484 0.0000000000
93442  41.816  9.442  -4.317 0.0000000000
103184  52.559  21.760  3.804 0.0000000000
99695  37.891  16.301  -1.462 0.0000000000
98951  38.616  15.896  -1.945 0.0000000000
100426  45.930  17.978  5.632 0.0000000000
141449  44.673  17.954  6.121 0.0000000000
150096  45.864  18.391  10.094 0.0000000000
101804  46.995  19.915  12.045 0.0000000000
99521  46.292  17.387  18.253 0.0000000000
101889  46.908  20.299  1.510 0.0000000000
101199  45.324  18.587  1.886 0.0000000000
99660  43.728  16.861  1.331 0.0000000000
98939  42.580  15.196  -0.284 0.0000000000
98042  43.908  14.688  -1.117 0.0000000000
132609  43.780  14.524  -4.137 0.0000000000
98110  43.441  14.763  -7.077 0.0000000000
98839  52.357  16.148  10.670 0.0000000000
98851  53.012  16.255  9.187 0.0000000000
97965  49.716  14.943  8.880 0.0000000000
97976  48.535  14.263  6.588 0.0000000000
97053  46.899  13.126  3.368 0.0000000000
90676  44.098  7.457  -4.518 0.0000000000
93441  44.001  9.183  -3.548 0.0000000000
92533  44.568  8.549  -5.881 0.0000000000
93455  44.460  9.631  -6.532 0.0000000000
139668  44.077  10.426  -7.292 0.0000000000
95245  43.953  11.606  -7.070 0.0000000000
150625  43.102  8.786  -8.545 0.0000000000
91679  41.120  7.229  -8.617 0.0000000000
89674  40.368  5.738  -7.535 0.0000000000
86617  41.518  2.685  -4.403 0.0000000000
140063  41.086  17.207  8.860 0.0000000000
100376  42.373  17.524  9.688 0.0000000000
100348  42.005  17.093  11.120 0.0000000000
100332  42.654  17.282  13.543 0.0000000000
100312  43.660  17.765  15.895 0.0000000000
101888  50.568  19.829  1.553 0.0000000000
101187  48.718  17.966  3.232 0.0000000000
98909  48.480  15.172  1.871 0.0000000000
95150  42.106  12.104  5.332 0.0000000000
142299  43.122  12.307  3.991 0.0000000000
95171  41.913  11.258  2.912 0.0000000000
142418  42.483  9.652  0.328 0.0000000000
92509  42.795  7.787  -1.472 0.0000000000
89608  43.285  5.685  -0.680 0.0000000000
90663  43.756  5.992  -2.419 0.0000000000
156562  44.145  6.546  -4.035 0.0000000000
133945  45.458  6.478  -5.251 0.0000000000
145295  46.542  6.169  -6.073 0.0000000000
88609  45.924  5.279  -6.179 0.0000000000
87608  44.381  3.768  -5.324 0.0000000000
101852  48.336  19.769  5.595 0.0000000000
101120  50.835  18.510  8.769 0.0000000000
100409  47.458  17.528  7.525 0.0000000000
147992  49.848  17.702  9.472 0.0000000000
100355  52.643  17.793  11.361 0.0000000000
98826  51.301  15.859  11.816 0.0000000000
97937  47.764  14.610  10.300 0.0000000000
97007  45.639  13.456  9.204 0.0000000000
101074  44.834  18.629  12.170 0.0000000000
101792  46.775  19.675  13.391 0.0000000000
101045  48.577  18.959  15.644 0.0000000000
100294  47.063  17.760  17.437 0.0000000000
99556  46.797  17.063  15.203 0.0000000000
99566  48.045  17.128  13.906 0.0000000000
98816  46.626  15.526  12.123 0.0000000000
96994  44.601  13.421  10.300 0.0000000000
96035  43.604  12.406  7.500 0.0000000000
95147  41.346  11.624  5.844 0.0000000000
94262  39.946  9.981  4.800 0.0000000000
91591  40.682  7.561  4.400 0.0000000000
92443  39.188  8.025  8.002 0.0000000000
91575  40.371  7.270  5.969 0.0000000000
147809  38.697  17.563  7.390 0.0000000000
100397  38.305  17.076  7.918 0.0000000000
99610  35.904  16.057  8.646 0.0000000000
103249  46.914  20.957  -3.233 0.0000000000
134859  43.949  20.530  -3.840 0.0000000000
101912  40.180  19.104  -0.414 0.0000000000
99687  39.579  16.535  -0.747 0.0000000000
98958  39.073  15.443  -2.597 0.0000000000
98057  41.786  14.796  -2.352 0.0000000000
150451  40.372  14.822  -3.670 0.0000000000
98086  37.981  14.592  -4.581 0.0000000000
101864  53.329  19.116  4.731 0.0000000000
99630  53.080  16.496  7.544 0.0000000000
156428  53.072  15.925  4.715 0.0000000000
99647  52.658  16.640  4.251 0.0000000000
144202  51.001  15.674  3.546 0.0000000000
98004  49.645  14.505  2.027 0.0000000000
134421  49.951  14.158  -1.003 0.0000000000
96064  44.593  12.550  3.451 0.0000000000
150836  45.215  12.416  2.003 0.0000000000
96104  46.644  12.486  0.745 0.0000000000
95212  44.768  11.427  -2.601 0.0000000000
131956  46.120  12.338  -1.141 0.0000000000
96115  48.164  12.489  -0.885 0.0000000000
96135  49.963  12.938  -2.884 0.0000000000
98077  50.804  13.921  -4.123 0.0000000000
132616  48.615  14.585  -3.636 0.0000000000
98092  47.365  14.439  -5.494 0.0000000000
98119  45.446  15.031  -8.096 0.0000000000
98138  43.094  14.261  -8.944 0.0000000000
154226  43.837  12.059  -7.356 0.0000000000
95247  42.927  12.348  -6.878 0.0000000000
131900  41.728  13.046  -6.771 0.0000000000
95230  41.707  11.730  -4.387 0.0000000000
87594  39.832  4.159  -3.282 0.0000000000
159083  38.817  19.631  -2.273 0.0000000000
101929  39.283  19.940  -2.627 0.0000000000
101157  41.460  18.443  6.357 0.0000000000
145535  42.617  17.919  7.512 0.0000000000
98922  47.239  15.272  0.775 0.0000000000
98923  46.550  15.392  0.593 0.0000000000
98040  47.082  14.666  -0.746 0.0000000000
134331  46.443  14.589  -1.218 0.0000000000
98052  47.334  14.594  -1.628 0.0000000000
159255  45.405  13.229  8.000 0.0000000000
97022  45.673  13.340  7.436 0.0000000000
97030  44.992  13.059  6.813 0.0000000000
88610  44.765  5.272  -6.657 0.0000000000
89672  44.751  5.913  -7.280 0.0000000000
89673  43.687  4.884  -7.523 0.0000000000
88623  42.938  4.467  -8.478 0.0000000000
137406  42.774  3.680  -7.905 0.0000000000
152207  42.413  3.089  -7.611 0.0000000000
87616  42.849  3.217  -6.843 0.0000000000
101873  53.977  20.200  3.439 0.0000000000
101877  53.749  19.717  2.737 0.0000000000
101190  53.204  18.916  2.874 0.0000000000
156506  53.403  18.897  3.445 0.0000000000
91596  41.277  7.347  2.803 0.0000000000
91603  41.429  7.283  1.998 0.0000000000
90639  41.927  6.577  1.506 0.0000000000
153640  48.356  5.936  -4.495 0.0000000000
97120  36.970  13.511  -4.125 0.0000000000
101796  48.725  19.594  12.973 0.0000000000
101072  49.585  19.161  12.849 0.0000000000
101063  50.214  18.825  13.866 0.0000000000
99564  50.236  17.437  13.712 0.0000000000
148617  49.774  17.888  14.170 0.0000000000
101034  45.140  19.344  17.589 0.0000000000
101048  45.165  18.841  16.286 0.0000000000
101018  46.700  19.873  18.565 0.0000000000
96979  41.834  13.156  11.711 0.0000000000
97910  42.841  14.186  12.625 0.0000000000
96012  42.288  12.709  11.011 0.0000000000
96996  43.019  12.916  10.812 0.0000000000
153401  41.969  12.026  10.426 0.0000000000
95127  41.018  11.136  9.441 0.0000000000
101201  43.581  18.419  1.335 0.0000000000
101209  43.008  18.904  0.850 0.0000000000
101900  43.139  19.593  0.330 0.0000000000
101210  42.337  18.461  0.829 0.0000000000
100451  41.775  17.771  0.832 0.0000000000
149193  42.086  17.001  0.994 0.0000000000
98111  41.430  14.506  -7.074 0.0000000000
98097  41.340  14.608  -5.868 0.0000000000
98122  40.585  14.134  -7.565 0.0000000000
97146  39.439  13.927  -7.370 0.0000000000
97156  40.207  13.969  -7.605 0.0000000000
101134  51.567  18.979  8.271 0.0000000000
155732  51.622  19.288  7.591 0.0000000000
101118  53.080  18.533  9.010 0.0000000000
97066  48.793  12.927  2.708 0.0000000000
97043  49.956  13.543  3.804 0.0000000000
97051  49.357  13.239  3.308 0.0000000000
96090  50.753  12.767  1.797 0.0000000000
96091  49.584  12.561  1.507 0.0000000000
93420  43.246  9.624  -1.072 0.0000000000
94311  43.675  10.351  -1.254 0.0000000000
139519  43.730  9.970  -1.946 0.0000000000
95227  45.086  11.921  -5.455 0.0000000000
96162  45.883  12.575  -4.960 0.0000000000
96171  46.770  13.321  -5.795 0.0000000000
96172  45.797  12.642  -6.029 0.0000000000
159056  46.490  13.557  -7.345 0.0000000000
91664  39.910  6.917  -6.748 0.0000000000
144042  41.219  8.014  -6.411 0.0000000000
91657  40.406  7.451  -6.360 0.0000000000
91649  40.162  7.476  -5.123 0.0000000000
99688  38.263  17.134  -0.753 0.0000000000
99694  38.789  16.502  -1.153 0.0000000000
101179  44.009  18.746  5.164 0.0000000000
133096  43.657  18.435  5.697 0.0000000000
101109  44.866  18.267  9.830 0.0000000000
132926  45.542  18.079  9.264 0.0000000000
101096  46.300  18.859  10.904 0.0000000000
101080  46.710  19.431  11.550 0.0000000000
101805  46.377  19.405  11.910 0.0000000000
102502  48.795  20.031  1.847 0.0000000000
134213  47.875  20.362  1.641 0.0000000000
101882  47.271  19.636  2.122 0.0000000000
99658  45.461  16.626  1.537 0.0000000000
100441  45.581  17.806  2.041 0.0000000000
148716  45.099  17.294  1.734 0.0000000000
100444  44.215  17.651  1.584 0.0000000000
99669  44.252  16.159  0.925 0.0000000000
98926  43.905  15.446  0.391 0.0000000000
151729  44.598  14.868  -0.333 0.0000000000
98080  45.440  14.510  -3.709 0.0000000000
98081  44.303  14.491  -3.397 0.0000000000
132610  44.626  14.508  -4.168 0.0000000000
98109  43.730  14.715  -6.058 0.0000000000
98108  44.638  14.648  -6.117 0.0000000000
98854  50.612  15.243  10.302 0.0000000000
140571  50.638  15.243  9.427 0.0000000000
156919  49.892  15.030  9.672 0.0000000000
97037  46.624  13.565  5.541 0.0000000000
97977  47.710  13.955  6.346 0.0000000000
97046  46.849  13.522  4.741 0.0000000000
97045  47.704  13.581  4.497 0.0000000000
97054  46.254  13.228  4.041 0.0000000000
91648  44.477  7.626  -5.337 0.0000000000
92534  44.177  8.217  -4.751 0.0000000000
91655  45.123  7.850  -6.475 0.0000000000
145124  44.930  7.738  -8.052 0.0000000000
92541  45.030  8.915  -7.135 0.0000000000
92549  44.979  8.973  -7.881 0.0000000000
147796  44.229  10.344  -6.430 0.0000000000
93466  44.418  9.798  -7.787 0.0000000000
93467  43.944  9.867  -8.233 0.0000000000
92564  44.072  8.533  -8.807 0.0000000000
89686  42.095  4.910  -8.952 0.0000000000
90706  41.643  6.893  -8.811 0.0000000000
89700  41.233  6.480  -8.728 0.0000000000
90697  40.687  6.548  -8.334 0.0000000000
88614  40.820  4.695  -7.225 0.0000000000
87610  41.827  2.849  -6.214 0.0000000000
86623  41.654  2.762  -5.322 0.0000000000
100395  40.213  17.276  8.208 0.0000000000
154351  40.957  16.798  9.763 0.0000000000
99583  41.395  16.748  11.748 0.0000000000
148565  42.073  16.932  13.812 0.0000000000
135915  43.451  17.584  15.021 0.0000000000
153244  42.551  17.134  14.534 0.0000000000
100435  50.676  17.795  3.260 0.0000000000
101186  49.595  18.262  3.081 0.0000000000
100436  49.513  17.306  3.354 0.0000000000
99652  48.323  16.111  2.850 0.0000000000
99649  48.958  16.459  3.254 0.0000000000
95151  41.315  11.640  4.932 0.0000000000
147997  41.951  11.966  4.419 0.0000000000
94270  41.327  10.761  2.881 0.0000000000
92493  41.687  7.830  0.834 0.0000000000
93410  41.968  9.423  0.972 0.0000000000
155020  42.114  8.638  0.323 0.0000000000
92502  42.424  8.171  -0.565 0.0000000000
90657  42.718  6.801  -1.425 0.0000000000
89607  44.204  5.277  -0.578 0.0000000000
157573  45.298  5.122  -1.428 0.0000000000
89637  44.557  5.425  -2.202 0.0000000000
150208  44.547  5.679  -3.095 0.0000000000
90669  43.975  6.339  -3.406 0.0000000000
89647  44.743  6.112  -4.140 0.0000000000
88600  47.253  5.757  -5.663 0.0000000000
153033  47.038  6.004  -5.797 0.0000000000
89664  46.745  5.767  -6.045 0.0000000000
87607  45.552  4.464  -5.490 0.0000000000
101853  47.343  19.466  5.337 0.0000000000
102463  47.720  20.248  5.040 0.0000000000
101165  48.013  19.005  5.923 0.0000000000
101150  49.530  18.863  7.030 0.0000000000
101136  48.891  18.129  7.284 0.0000000000
100420  45.986  17.650  6.454 0.0000000000
100410  46.756  17.530  7.056 0.0000000000
100391  46.888  17.496  8.063 0.0000000000
154784  50.321  18.162  11.798 0.0000000000
100372  49.107  17.639  9.918 0.0000000000
100356  51.270  18.000  11.316 0.0000000000
100371  50.466  17.866  10.321 0.0000000000
133679  52.424  17.383  11.724 0.0000000000
158364  52.659  17.159  11.546 0.0000000000
99582  51.965  16.763  12.196 0.0000000000
98829  48.298  15.350  11.870 0.0000000000
98828  48.982  15.112  11.516 0.0000000000
97919  47.841  14.885  11.124 0.0000000000
131927  46.993  14.290  9.966 0.0000000000
97938  46.508  14.322  10.456 0.0000000000
100346  43.429  17.920  11.395 0.0000000000
100359  43.276  17.827  10.713 0.0000000000
101075  44.035  18.105  12.620 0.0000000000
101786  46.577  19.483  15.563 0.0000000000
101793  46.457  19.430  14.349 0.0000000000
101785  47.384  19.670  15.127 0.0000000000
141895  47.419  19.817  14.054 0.0000000000
101771  48.202  19.352  15.803 0.0000000000
99535  45.308  16.442  17.131 0.0000000000
139242  47.147  18.412  18.686 0.0000000000
99534  46.107  16.873  16.706 0.0000000000
98794  45.455  15.870  14.078 0.0000000000
99557  46.087  16.400  14.606 0.0000000000
99555  47.868  17.623  14.983 0.0000000000
138188  46.975  16.813  14.257 0.0000000000
99576  47.224  16.444  13.317 0.0000000000
98817  45.750  15.354  12.321 0.0000000000
96021  43.343  12.562  10.135 0.0000000000
97009  44.078  12.851  9.815 0.0000000000
96025  44.243  12.711  8.932 0.0000000000
96036  42.977  11.946  7.907 0.0000000000
95146  42.100  11.900  6.387 0.0000000000
95139  42.199  11.724  7.393 0.0000000000
94253  39.897  10.101  6.450 0.0000000000
94247  40.421  10.822  6.886 0.0000000000
92461  39.991  8.708  4.774 0.0000000000
92458  39.812  8.557  5.476 0.0000000000
92436  39.084  8.158  8.784 0.0000000000
147904  40.523  6.791  6.567 0.0000000000
90594  41.605  6.605  5.522 0.0000000000
101161  38.352  18.183  6.971 0.0000000000
155297  37.204  17.733  7.493 0.0000000000
100414  37.894  17.642  7.406 0.0000000000
100398  37.456  17.097  7.844 0.0000000000
99619  37.885  16.564  8.491 0.0000000000
99620  36.879  16.524  8.398 0.0000000000
102524  45.002  20.963  -0.969 0.0000000000
103236  46.727  21.171  -1.999 0.0000000000
103250  46.049  20.979  -2.605 0.0000000000
102546  46.262  20.706  -3.748 0.0000000000
102547  45.410  20.700  -3.177 0.0000000000
142926  44.843  20.543  -4.024 0.0000000000
102548  44.429  20.646  -2.715 0.0000000000
102540  40.789  20.128  -1.376 0.0000000000
101919  40.070  19.777  -1.096 0.0000000000
102529  40.870  19.746  -0.628 0.0000000000
98941  40.816  15.881  -0.594 0.0000000000
99686  40.368  16.547  -0.283 0.0000000000
98942  40.089  15.979  -0.938 0.0000000000
98950  39.688  15.674  -1.689 0.0000000000
98957  40.094  15.307  -2.318 0.0000000000
98056  42.415  14.740  -1.812 0.0000000000
98947  42.105  15.024  -0.932 0.0000000000
98069  42.144  14.653  -2.965 0.0000000000
98098  40.223  14.438  -5.608 0.0000000000
138228  39.439  14.529  -4.711 0.0000000000
98099  38.258  14.061  -5.536 0.0000000000
97128  37.618  13.450  -5.207 0.0000000000
98114  38.127  13.693  -5.571 0.0000000000
159381  39.671  12.628  -5.097 0.0000000000
132889  48.959  22.127  4.314 0.0000000000
145720  51.741  19.611  6.626 0.0000000000
102475  50.994  20.687  4.820 0.0000000000
102459  51.933  20.219  5.354 0.0000000000
159513  52.753  20.068  5.017 0.0000000000
101164  53.273  18.475  5.399 0.0000000000
98877  51.045  15.350  7.987 0.0000000000
98876  52.296  15.798  8.046 0.0000000000
142296  51.460  15.384  7.277 0.0000000000
145194  51.601  14.289  4.231 0.0000000000
98887  52.797  15.114  4.740 0.0000000000
98892  53.078  14.955  4.152 0.0000000000
99642  53.186  16.646  4.814 0.0000000000
99643  53.060  15.330  4.351 0.0000000000
144461  52.398  15.510  3.850 0.0000000000
98896  52.053  14.626  3.617 0.0000000000
97077  51.162  12.929  1.497 0.0000000000
98003  50.987  13.856  2.315 0.0000000000
98025  50.851  13.370  0.871 0.0000000000
98026  49.333  14.363  0.546 0.0000000000
98037  50.461  13.589  -0.213 0.0000000000
96082  43.060  11.777  2.642 0.0000000000
143540  43.905  12.511  4.085 0.0000000000
96095  43.806  11.927  2.083 0.0000000000
96106  44.894  11.869  0.197 0.0000000000
156555  45.149  12.279  1.490 0.0000000000
96105  45.653  12.288  0.434 0.0000000000
96093  46.516  12.576  1.563 0.0000000000
93440  44.253  9.795  -4.125 0.0000000000
148994  44.429  10.839  -2.907 0.0000000000
145645  46.114  12.423  -3.198 0.0000000000
96139  45.811  12.268  -2.649 0.0000000000
96126  46.814  12.431  -1.848 0.0000000000
132392  47.031  12.472  -0.947 0.0000000000
96125  47.797  12.526  -1.755 0.0000000000
96124  49.107  12.629  -1.900 0.0000000000
96136  49.282  12.958  -3.136 0.0000000000
97125  49.655  14.126  -5.116 0.0000000000
97117  50.753  13.956  -4.262 0.0000000000
97124  50.298  14.104  -4.896 0.0000000000
133620  50.041  14.376  -4.103 0.0000000000
132613  49.356  14.394  -4.709 0.0000000000
98078  47.988  14.539  -4.201 0.0000000000
132922  48.377  14.283  -5.548 0.0000000000
97161  46.106  14.654  -9.632 0.0000000000
98118  46.580  14.802  -7.881 0.0000000000
136659  45.944  14.924  -9.763 0.0000000000
136955  44.278  15.002  -9.357 0.0000000000
97164  44.088  14.101  -9.888 0.0000000000
94343  43.907  10.789  -7.024 0.0000000000
94344  43.537  10.414  -7.011 0.0000000000
94337  43.409  10.983  -6.442 0.0000000000
95239  42.840  11.645  -6.076 0.0000000000
96183  42.372  13.380  -7.819 0.0000000000
96163  42.160  12.323  -5.820 0.0000000000
95229  42.253  11.668  -5.032 0.0000000000
92527  40.462  8.363  -3.639 0.0000000000
156690  41.499  9.522  -3.607 0.0000000000
88594  40.193  4.493  -4.831 0.0000000000
154045  40.423  3.708  -3.784 0.0000000000
146169  37.764  18.395  -1.116 0.0000000000
101223  38.661  18.605  -1.057 0.0000000000
101155  43.230  18.290  6.259 0.0000000000
133875  42.876  18.071  6.944 0.0000000000
101124  43.626  17.927  8.388 0.0000000000
101098  44.579  18.397  10.564 0.0000000000
149292  47.220  17.443  2.778 0.0000000000
101196  46.769  18.263  2.559 0.0000000000
99654  46.679  16.859  2.330 0.0000000000
98912  45.998  16.005  1.048 0.0000000000
98924  45.720  15.504  0.494 0.0000000000
98054  44.940  14.595  -1.463 0.0000000000
98053  45.830  14.560  -1.515 0.0000000000
132614  46.040  14.514  -2.895 0.0000000000
98079  46.716  14.562  -3.855 0.0000000000
151635  47.399  14.157  8.682 0.0000000000
97967  48.207  14.453  8.973 0.0000000000
97014  47.221  13.970  7.851 0.0000000000
146717  46.265  13.540  6.992 0.0000000000
97038  45.882  13.335  5.726 0.0000000000
90685  45.655  6.605  -6.520 0.0000000000
91661  45.422  7.380  -6.884 0.0000000000
90694  45.306  7.291  -7.181 0.0000000000
90695  44.618  6.748  -7.726 0.0000000000
90703  44.247  7.257  -8.389 0.0000000000
90704  43.434  7.148  -8.848 0.0000000000
89697  43.017  6.035  -8.759 0.0000000000
89685  42.627  4.976  -8.844 0.0000000000
88625  41.820  4.217  -8.584 0.0000000000
88613  41.445  3.823  -7.731 0.0000000000
88612  42.114  3.297  -8.027 0.0000000000
87617  42.202  2.845  -7.146 0.0000000000
86622  42.135  2.559  -5.280 0.0000000000
99606  39.245  16.276  9.357 0.0000000000
99595  40.318  16.282  10.529 0.0000000000
155079  39.629  16.046  10.005 0.0000000000
101887  51.801  19.638  1.642 0.0000000000
101878  52.196  18.862  2.326 0.0000000000
101192  51.386  18.417  2.796 0.0000000000
149233  50.606  16.765  3.519 0.0000000000
93402  40.503  9.377  3.193 0.0000000000
94280  40.785  10.127  2.923 0.0000000000
158474  40.999  8.612  2.149 0.0000000000
92484  41.293  8.079  1.597 0.0000000000
134161  42.246  6.647  0.034 0.0000000000
89623  45.471  5.178  -2.104 0.0000000000
89622  46.701  5.347  -2.487 0.0000000000
89645  46.562  5.749  -4.124 0.0000000000
89655  46.086  6.096  -4.705 0.0000000000
89654  47.488  6.127  -5.003 0.0000000000
88591  47.741  5.908  -5.184 0.0000000000
101166  47.243  18.685  5.635 0.0000000000
101095  47.523  18.672  10.982 0.0000000000
100373  47.853  17.940  10.094 0.0000000000
101094  48.281  18.765  11.531 0.0000000000
144943  49.351  18.683  12.072 0.0000000000
101070  51.204  18.095  12.973 0.0000000000
148730  51.510  16.971  12.826 0.0000000000
99573  50.872  16.907  13.209 0.0000000000
99574  49.649  16.652  13.152 0.0000000000
98814  48.861  15.939  12.510 0.0000000000
101059  44.162  17.864  14.524 0.0000000000
140130  44.790  18.188  14.054 0.0000000000
101058  45.018  18.465  15.017 0.0000000000
101047  45.940  19.337  16.110 0.0000000000
101761  47.424  19.519  17.220 0.0000000000
97900  43.474  14.886  13.992 0.0000000000
98795  44.721  15.560  14.444 0.0000000000
98806  44.206  15.255  13.989 0.0000000000
97899  44.085  15.093  13.309 0.0000000000
97908  44.583  15.187  12.877 0.0000000000
97907  44.901  14.990  12.291 0.0000000000
96977  43.752  13.807  11.407 0.0000000000
95129  42.398  11.594  9.085 0.0000000000
95134  41.567  11.347  7.899 0.0000000000
95130  41.742  11.314  8.824 0.0000000000
94244  40.364  10.602  7.865 0.0000000000
93375  39.582  9.488  7.670 0.0000000000
155686  39.858  6.716  7.813 0.0000000000
89506  41.764  6.115  6.736 0.0000000000
102504  45.324  19.996  1.097 0.0000000000
103208  45.653  20.755  0.502 0.0000000000
146847  44.763  20.318  0.461 0.0000000000
133167  45.022  20.852  -0.107 0.0000000000
102536  44.339  20.723  -1.518 0.0000000000
135861  43.757  20.590  -1.947 0.0000000000
102526  43.322  20.127  -0.313 0.0000000000
101910  42.445  19.870  -0.260 0.0000000000
101911  41.619  19.588  -0.136 0.0000000000
155493  40.962  19.229  -0.088 0.0000000000
101211  41.506  18.722  0.398 0.0000000000
99673  40.939  16.866  0.317 0.0000000000
159501  41.350  15.807  -0.333 0.0000000000
98083  42.874  14.561  -4.073 0.0000000000
98084  41.940  14.638  -3.900 0.0000000000
149926  41.358  14.594  -4.830 0.0000000000
98112  39.328  14.171  -6.882 0.0000000000
98113  38.784  13.753  -6.487 0.0000000000
97137  38.992  13.695  -6.932 0.0000000000
133074  40.352  12.705  -5.513 0.0000000000
142626  49.346  19.927  5.826 0.0000000000
102461  49.822  20.416  5.240 0.0000000000
101840  51.221  19.571  7.041 0.0000000000
101148  52.317  19.262  7.130 0.0000000000
101132  53.366  18.362  7.411 0.0000000000
97983  49.353  14.355  5.851 0.0000000000
133858  50.307  14.895  6.044 0.0000000000
141965  50.457  14.309  5.061 0.0000000000
97990  50.647  13.912  4.110 0.0000000000
144677  51.454  14.035  3.528 0.0000000000
155337  51.368  13.767  3.009 0.0000000000
97049  51.304  13.296  2.680 0.0000000000
148408  51.029  12.880  0.066 0.0000000000
95186  43.055  10.859  0.744 0.0000000000
95179  43.544  11.448  1.278 0.0000000000
95185  43.707  11.209  0.410 0.0000000000
95195  43.859  11.008  -0.447 0.0000000000
95194  44.635  11.551  -0.732 0.0000000000
94330  44.420  10.526  -4.602 0.0000000000
95220  44.730  11.314  -3.406 0.0000000000
95219  45.146  11.820  -4.227 0.0000000000
96151  45.992  12.538  -3.951 0.0000000000
96150  47.141  12.782  -3.744 0.0000000000
96149  48.663  13.202  -4.013 0.0000000000
96160  48.269  13.471  -4.921 0.0000000000
97127  47.999  13.741  -5.794 0.0000000000
97134  48.130  14.203  -6.018 0.0000000000
98105  48.030  14.240  -6.086 0.0000000000
97142  47.071  14.215  -7.570 0.0000000000
97143  46.353  13.678  -8.108 0.0000000000
96195  45.123  13.352  -9.222 0.0000000000
92559  41.672  8.230  -7.936 0.0000000000
92542  42.707  9.468  -6.504 0.0000000000
92551  41.844  8.508  -6.953 0.0000000000
92543  41.797  8.631  -5.860 0.0000000000
93449  42.245  9.419  -5.252 0.0000000000
94332  42.309  10.184  -4.723 0.0000000000
92535  41.513  8.691  -4.839 0.0000000000
92536  40.712  8.141  -4.507 0.0000000000
102472  53.852  20.613  3.894 0.0000000000
100465  37.592  17.727  -0.686 0.0000000000
98952  37.488  15.565  -2.295 0.0000000000
98959  37.993  15.295  -2.886 0.0000000000
141693  45.356  17.840  5.988 0.0000000000
100392  45.856  17.612  7.598 0.0000000000
101154  44.367  17.885  6.938 0.0000000000
101122  45.268  17.866  8.456 0.0000000000
101108  46.293  18.036  9.521 0.0000000000
152746  46.894  19.133  11.203 0.0000000000
101803  47.706  19.766  12.460 0.0000000000
145093  48.160  19.829  13.162 0.0000000000
100277  46.830  18.865  19.525 0.0000000000
99510  46.027  17.640  19.795 0.0000000000
98775  44.593  15.764  16.368 0.0000000000
97892  43.308  14.894  14.971 0.0000000000
96957  42.074  13.955  13.050 0.0000000000
96002  41.042  12.903  12.020 0.0000000000
95122  41.045  11.906  10.777 0.0000000000
95123  40.712  11.249  10.361 0.0000000000
157627  48.049  20.884  0.982 0.0000000000
101883  46.552  19.033  2.264 0.0000000000
101891  45.841  19.165  1.966 0.0000000000
156768  45.753  19.696  1.576 0.0000000000
101200  44.463  18.727  1.561 0.0000000000
100445  43.288  17.596  1.378 0.0000000000
99671  42.498  16.318  0.742 0.0000000000
99670  43.351  16.202  0.875 0.0000000000
98938  43.467  14.959  -0.254 0.0000000000
98055  43.353  14.615  -1.843 0.0000000000
98068  43.819  14.517  -2.608 0.0000000000
98082  43.374  14.510  -3.348 0.0000000000
98095  43.237  14.604  -5.012 0.0000000000
132606  42.548  14.715  -6.248 0.0000000000
98121  42.609  14.642  -7.714 0.0000000000
99592  53.896  17.243  10.700 0.0000000000
99604  54.042  16.870  10.121 0.0000000000
98852  52.730  16.079  9.953 0.0000000000
98868  51.712  15.505  9.054 0.0000000000
159525  50.320  15.108  7.893 0.0000000000
97966  48.856  14.606  8.439 0.0000000000
97970  48.688  14.440  7.516 0.0000000000
97975  49.433  14.627  6.855 0.0000000000
97984  48.423  14.025  5.683 0.0000000000
97052  47.962  13.304  3.542 0.0000000000
97067  47.547  12.935  2.724 0.0000000000
155612  43.880  7.749  -4.039 0.0000000000
93433  43.817  9.453  -2.746 0.0000000000
92525  43.904  8.417  -3.822 0.0000000000
93447  44.202  9.039  -4.465 0.0000000000
146249  44.386  9.008  -5.381 0.0000000000
93446  44.346  9.859  -5.339 0.0000000000
94336  44.308  10.750  -5.737 0.0000000000
95238  44.406  11.450  -6.288 0.0000000000
94342  43.936  10.876  -6.786 0.0000000000
93460  43.867  10.259  -7.727 0.0000000000
140805  43.426  9.539  -8.182 0.0000000000
91684  42.681  7.804  -8.998 0.0000000000
92566  42.482  8.191  -8.794 0.0000000000
92567  41.680  7.909  -8.529 0.0000000000
91669  40.965  7.630  -8.139 0.0000000000
90687  40.160  6.739  -7.610 0.0000000000
88603  40.186  5.192  -6.347 0.0000000000
87612  40.726  3.849  -5.419 0.0000000000
87611  41.282  3.159  -6.009 0.0000000000
87603  41.114  3.235  -5.003 0.0000000000
86618  40.923  3.315  -4.271 0.0000000000
100394  41.178  17.580  8.006 0.0000000000
100393  42.045  17.542  8.731 0.0000000000
100377  41.652  17.249  9.451 0.0000000000
100360  42.539  17.495  10.515 0.0000000000
100347  42.751  17.568  11.349 0.0000000000
99594  41.219  16.675  10.797 0.0000000000
100339  42.202  17.212  12.153 0.0000000000
100331  43.275  17.677  13.103 0.0000000000
100325  43.342  17.535  14.032 0.0000000000
101035  44.250  18.403  16.806 0.0000000000
102501  49.627  20.232  1.404 0.0000000000
101881  48.828  19.383  2.366 0.0000000000
101879  50.792  19.092  2.217 0.0000000000
101193  49.660  18.934  2.542 0.0000000000
158859  48.156  18.335  2.984 0.0000000000
99653  47.499  16.522  2.593 0.0000000000
98910  47.694  15.381  1.401 0.0000000000
98015  48.027  14.891  0.682 0.0000000000
96040  43.583  12.513  6.552 0.0000000000
96049  43.631  12.580  5.536 0.0000000000
96055  42.620  12.292  4.609 0.0000000000
136473  42.450  11.620  2.961 0.0000000000
136850  42.448  11.251  2.305 0.0000000000
94279  41.410  10.156  2.205 0.0000000000
94278  42.078  10.615  1.809 0.0000000000
94287  42.371  10.316  1.001 0.0000000000
93421  42.665  9.148  -0.405 0.0000000000
93427  42.870  8.732  -1.101 0.0000000000
91635  43.246  7.855  -2.433 0.0000000000
145342  43.349  5.545  0.688 0.0000000000
89591  42.802  5.881  0.176 0.0000000000
90651  42.661  6.324  -0.691 0.0000000000
89624  44.731  5.220  -1.430 0.0000000000
89625  43.811  5.607  -1.510 0.0000000000
90650  43.096  6.098  -1.379 0.0000000000
90664  43.180  6.478  -1.988 0.0000000000
143575  43.360  6.889  -2.825 0.0000000000
91641  43.597  7.752  -3.311 0.0000000000
90670  43.798  7.027  -3.866 0.0000000000
138415  44.414  6.858  -4.718 0.0000000000
90681  45.032  7.018  -5.824 0.0000000000
90675  46.723  6.216  -5.578 0.0000000000
90680  45.956  6.575  -6.044 0.0000000000
89671  45.929  5.959  -6.572 0.0000000000
88601  44.600  4.554  -5.947 0.0000000000
88602  43.677  3.873  -5.955 0.0000000000
102462  48.677  20.394  5.163 0.0000000000
101119  51.944  18.688  9.134 0.0000000000
101855  45.850  18.855  5.032 0.0000000000
101167  46.615  18.350  5.509 0.0000000000
100408  48.185  17.676  7.426 0.0000000000
145779  48.230  17.566  9.265 0.0000000000
100389  49.018  17.537  8.922 0.0000000000
100407  48.998  17.717  8.079 0.0000000000
100388  49.920  17.828  8.800 0.0000000000
100387  51.087  18.190  9.667 0.0000000000
100369  53.547  18.048  10.707 0.0000000000
99593  52.996  17.023  11.009 0.0000000000
98840  51.465  15.603  10.972 0.0000000000
98841  50.474  15.305  11.142 0.0000000000
98812  51.108  16.298  12.521 0.0000000000
98842  49.570  15.085  11.181 0.0000000000
97952  48.456  14.659  9.860 0.0000000000
97954  46.842  14.031  9.238 0.0000000000
97006  46.271  13.697  9.023 0.0000000000
97017  45.057  13.078  8.526 0.0000000000
101111  43.143  17.825  9.174 0.0000000000
101110  43.861  18.083  10.054 0.0000000000
101082  44.881  18.639  11.334 0.0000000000
101065  45.036  18.475  13.142 0.0000000000
101799  46.048  19.170  13.302 0.0000000000
101798  46.616  19.650  12.565 0.0000000000
101791  48.239  19.862  13.859 0.0000000000
101056  49.162  18.967  14.957 0.0000000000
156798  47.292  19.077  18.823 0.0000000000
100293  47.729  18.732  17.861 0.0000000000
101032  47.860  19.147  17.284 0.0000000000
99548  46.013  16.594  15.566 0.0000000000
99547  46.807  17.315  16.206 0.0000000000
137511  48.016  18.768  16.950 0.0000000000
100310  48.192  18.436  16.063 0.0000000000
100309  48.767  18.505  15.141 0.0000000000
100330  48.891  17.842  14.430 0.0000000000
98815  47.552  15.871  12.444 0.0000000000
98831  46.297  15.005  11.613 0.0000000000
97921  45.430  14.694  11.623 0.0000000000
97939  45.175  14.035  10.863 0.0000000000
131810  46.000  14.492  10.989 0.0000000000
96993  45.414  13.624  10.020 0.0000000000
96029  44.295  12.690  8.029 0.0000000000
96041  42.862  12.192  6.958 0.0000000000
95148  40.730  11.199  5.407 0.0000000000
95140  41.277  11.447  6.880 0.0000000000
95141  40.764  11.210  6.190 0.0000000000
94261  40.227  10.353  4.239 0.0000000000
93387  40.056  9.366  4.129 0.0000000000
152838  40.599  7.916  3.757 0.0000000000
91590  41.056  7.441  3.591 0.0000000000
157576  39.689  9.802  8.865 0.0000000000
93380  39.385  8.739  7.450 0.0000000000
90569  39.836  7.075  7.166 0.0000000000
91576  39.942  7.450  6.472 0.0000000000
91585  39.953  7.822  5.803 0.0000000000
91584  40.503  7.424  5.293 0.0000000000
90608  41.376  6.994  4.142 0.0000000000
101141  40.585  18.265  6.620 0.0000000000
100412  40.420  17.770  7.336 0.0000000000
100413  39.534  17.603  7.403 0.0000000000
100396  39.190  17.164  8.054 0.0000000000
99618  38.779  16.658  8.625 0.0000000000
99607  38.392  16.130  9.219 0.0000000000
99621  35.919  16.982  7.916 0.0000000000
99609  36.795  15.744  9.106 0.0000000000
102562  43.391  20.523  -4.901 0.0000000000
102549  43.491  20.550  -2.767 0.0000000000
132601  43.207  20.500  -3.725 0.0000000000
102563  42.577  20.484  -4.504 0.0000000000
102541  40.043  20.093  -1.952 0.0000000000
101913  39.410  19.203  -1.035 0.0000000000
158486  39.513  17.899  -0.350 0.0000000000
101221  40.066  18.071  -0.052 0.0000000000
100463  39.684  17.238  -0.313 0.0000000000
155057  39.040  16.977  -0.684 0.0000000000
146812  39.393  16.113  -1.288 0.0000000000
98964  37.515  14.580  -3.790 0.0000000000
98928  42.173  15.787  0.224 0.0000000000
149437  41.372  15.425  -0.824 0.0000000000
98956  40.978  15.053  -2.237 0.0000000000
98070  41.259  14.769  -3.157 0.0000000000
98071  39.451  15.041  -3.441 0.0000000000
98963  38.393  15.071  -3.452 0.0000000000
98087  37.138  14.178  -4.699 0.0000000000
98101  37.040  13.794  -4.783 0.0000000000
96165  38.542  12.777  -5.213 0.0000000000
102476  49.823  21.040  4.661 0.0000000000
103166  51.762  21.218  4.251 0.0000000000
102473  53.294  20.288  4.534 0.0000000000
101863  53.654  19.789  4.166 0.0000000000
99616  53.977  16.904  9.364 0.0000000000
100406  53.739  17.618  7.931 0.0000000000
99633  53.613  17.073  7.123 0.0000000000
138762  52.048  15.551  5.745 0.0000000000
99634  52.673  16.343  5.953 0.0000000000
136559  53.191  16.960  5.790 0.0000000000
100425  53.280  17.377  5.589 0.0000000000
153836  53.291  17.667  4.918 0.0000000000
101184  53.154  18.363  3.647 0.0000000000
100434  52.505  17.656  3.726 0.0000000000
147892  51.685  16.973  3.718 0.0000000000
98898  49.895  15.593  3.306 0.0000000000
97996  51.356  13.738  2.843 0.0000000000
98900  50.056  14.747  2.850 0.0000000000
144086  49.113  15.653  3.052 0.0000000000
98014  48.727  14.756  1.312 0.0000000000
98050  49.031  14.537  -1.313 0.0000000000
158514  44.013  12.656  4.805 0.0000000000
96053  44.749  12.767  4.414 0.0000000000
96063  45.413  12.825  3.716 0.0000000000
158211  44.085  11.795  1.458 0.0000000000
134357  45.303  12.612  2.840 0.0000000000
96062  46.076  12.875  3.146 0.0000000000
96080  46.046  12.652  2.236 0.0000000000
131860  47.018  12.708  2.096 0.0000000000
96092  47.395  12.573  1.401 0.0000000000
94318  44.130  10.212  -2.786 0.0000000000
94317  44.257  10.765  -2.153 0.0000000000
95193  45.340  11.972  -1.407 0.0000000000
95202  45.313  11.922  -2.258 0.0000000000
152941  46.339  12.408  -0.222 0.0000000000
132617  47.377  12.478  -0.078 0.0000000000
150655  48.420  12.515  1.291 0.0000000000
133269  49.272  12.501  0.764 0.0000000000
96113  50.666  12.871  -0.656 0.0000000000
96122  50.678  13.278  -1.436 0.0000000000
96147  50.417  13.488  -3.636 0.0000000000
97109  50.904  13.712  -3.337 0.0000000000
98048  50.738  13.976  -2.151 0.0000000000
98049  50.157  14.253  -1.881 0.0000000000
136125  49.447  14.511  -2.236 0.0000000000
132961  48.405  14.615  -1.970 0.0000000000
98064  47.839  14.627  -2.561 0.0000000000
132611  46.440  14.519  -4.658 0.0000000000
98106  47.496  14.343  -6.428 0.0000000000
98107  46.629  14.569  -6.806 0.0000000000
132607  45.456  14.545  -5.821 0.0000000000
132604  44.425  14.808  -7.068 0.0000000000
98120  44.088  14.927  -8.239 0.0000000000
98131  42.343  14.283  -8.307 0.0000000000
141522  44.217  11.978  -7.099 0.0000000000
96182  44.078  12.251  -7.911 0.0000000000
96189  44.504  12.818  -8.696 0.0000000000
95246  43.744  11.567  -6.862 0.0000000000
133399  43.472  12.627  -7.958 0.0000000000
96190  43.876  12.990  -8.903 0.0000000000
154048  43.511  13.525  -9.121 0.0000000000
97165  42.400  14.054  -8.496 0.0000000000
97155  41.524  14.011  -8.019 0.0000000000
96184  40.535  13.381  -6.933 0.0000000000
96164  41.534  12.285  -5.048 0.0000000000
95221  41.513  11.427  -3.703 0.0000000000
94326  41.872  10.170  -3.845 0.0000000000
148246  41.707  10.717  -3.497 0.0000000000
87609  43.356  3.142  -5.609 0.0000000000
86621  42.938  2.586  -5.058 0.0000000000
89590  43.504  5.470  -0.018 0.0000000000
89687  41.304  5.485  -8.560 0.0000000000
89698  42.357  5.735  -8.845 0.0000000000
89699  41.778  5.989  -8.792 0.0000000000
90551  39.648  6.699  8.461 0.0000000000
90567  41.141  6.241  7.053 0.0000000000
90595  40.883  6.882  5.742 0.0000000000
90622  41.594  6.868  3.309 0.0000000000
90665  42.972  7.139  -2.052 0.0000000000
90696  43.777  6.556  -8.439 0.0000000000
90705  42.178  6.618  -8.847 0.0000000000
90712  42.715  7.288  -8.954 0.0000000000
90713  42.178  7.273  -8.865 0.0000000000
91569  39.424  7.883  6.994 0.0000000000
91594  40.786  7.914  3.118 0.0000000000
91611  42.016  7.546  0.074 0.0000000000
91612  41.826  6.964  0.718 0.0000000000
91663  40.408  7.315  -7.484 0.0000000000
91670  40.564  7.156  -8.152 0.0000000000
91676  44.277  7.944  -8.821 0.0000000000
91677  43.462  7.912  -9.063 0.0000000000
91678  41.918  7.562  -8.778 0.0000000000
92451  39.652  8.320  6.245 0.0000000000
92457  40.070  7.990  4.950 0.0000000000
92460  40.265  8.329  4.235 0.0000000000
92463  40.444  8.556  3.517 0.0000000000
92470  41.007  7.927  2.380 0.0000000000
92508  43.312  8.881  -1.952 0.0000000000
92526  41.209  8.828  -3.956 0.0000000000
92556  44.408  9.245  -8.338 0.0000000000
92557  43.731  9.159  -8.514 0.0000000000
92558  42.491  8.608  -8.317 0.0000000000
92565  43.273  8.405  -8.885 0.0000000000
93388  39.872  9.334  5.132 0.0000000000
93401  40.924  9.369  2.451 0.0000000000
93415  41.669  8.634  1.067 0.0000000000
93461  43.376  9.908  -7.556 0.0000000000
94232  40.285  10.619  9.899 0.0000000000
94245  39.797  9.981  8.172 0.0000000000
94248  39.887  10.134  7.331 0.0000000000
94252  40.300  10.688  5.920 0.0000000000
94258  40.252  10.587  5.064 0.0000000000
94259  39.917  10.025  5.562 0.0000000000
94288  41.814  9.973  1.511 0.0000000000
94295  43.330  10.617  0.034 0.0000000000
94296  42.827  10.306  0.360 0.0000000000
94303  43.456  10.378  -0.649 0.0000000000
94310  44.092  10.943  -1.297 0.0000000000
94324  44.123  9.823  -3.350 0.0000000000
94325  42.126  10.957  -4.263 0.0000000000
95131  40.945  11.012  8.416 0.0000000000
95133  42.346  11.590  8.334 0.0000000000
95152  40.701  11.067  4.537 0.0000000000
95160  42.047  11.702  3.585 0.0000000000
95161  41.347  11.438  4.073 0.0000000000
95180  42.741  11.030  1.499 0.0000000000
95184  44.273  11.459  0.063 0.0000000000
95203  44.713  11.461  -1.753 0.0000000000
96013  41.456  12.510  11.254 0.0000000000
96022  42.699  12.413  10.414 0.0000000000
96026  43.522  12.346  9.321 0.0000000000
96027  42.737  11.982  9.702 0.0000000000
96030  43.622  12.305  8.424 0.0000000000
96039  44.351  12.768  6.210 0.0000000000
96047  45.288  13.091  5.111 0.0000000000
96048  44.514  12.826  5.326 0.0000000000
96050  42.844  12.305  5.987 0.0000000000
96054  43.338  12.492  4.704 0.0000000000
96065  42.800  12.008  3.386 0.0000000000
96076  50.219  12.862  2.525 0.0000000000
96077  49.577  12.662  2.122 0.0000000000
96079  46.679  12.846  2.709 0.0000000000
96081  44.522  12.342  2.514 0.0000000000
96094  44.595  12.110  1.621 0.0000000000
96103  47.889  12.495  0.700 0.0000000000
96112  50.979  13.024  -0.509 0.0000000000
96114  49.550  12.591  -0.818 0.0000000000
96123  50.318  12.911  -1.631 0.0000000000
96127  45.946  12.282  -2.000 0.0000000000
96134  50.638  13.412  -2.309 0.0000000000
96138  46.539  12.448  -2.679 0.0000000000
96148  50.014  13.576  -4.330 0.0000000000
96173  41.128  12.825  -6.013 0.0000000000
96175  38.369  13.316  -5.888 0.0000000000
96179  46.586  13.456  -6.713 0.0000000000
96180  45.698  12.933  -7.173 0.0000000000
96181  44.708  12.396  -7.703 0.0000000000
96191  43.253  13.261  -8.614 0.0000000000
96196  44.491  13.441  -9.485 0.0000000000
96197  43.945  13.662  -9.599 0.0000000000
96198  43.434  13.963  -9.309 0.0000000000
96964  43.074  13.765  11.841 0.0000000000
96978  42.638  13.277  11.451 0.0000000000
96992  46.229  13.888  9.767 0.0000000000
96995  43.769  13.246  10.648 0.0000000000
97008  44.834  13.168  9.467 0.0000000000
97016  45.897  13.462  8.344 0.0000000000
97021  46.462  13.650  7.680 0.0000000000
97023  44.938  13.019  7.650 0.0000000000
97027  47.049  13.740  6.126 0.0000000000
97028  46.430  13.557  6.319 0.0000000000
97029  45.734  13.326  6.543 0.0000000000
97035  48.302  13.788  4.949 0.0000000000
97036  47.508  13.752  5.427 0.0000000000
97042  51.017  13.541  3.304 0.0000000000
97044  48.722  13.549  4.192 0.0000000000
97065  51.258  12.956  2.288 0.0000000000
97084  51.113  12.943  0.315 0.0000000000
97092  50.678  13.287  -1.425 0.0000000000
97101  50.699  13.579  -2.420 0.0000000000
97116  50.838  13.850  -3.873 0.0000000000
97118  50.234  14.043  -4.886 0.0000000000
97126  49.020  13.932  -5.613 0.0000000000
97141  47.217  14.495  -6.949 0.0000000000
97144  40.802  13.816  -7.593 0.0000000000
97145  39.678  13.837  -7.382 0.0000000000
97152  46.689  14.566  -8.612 0.0000000000
97153  46.016  13.832  -9.183 0.0000000000
97154  42.756  13.803  -8.675 0.0000000000
97163  44.596  14.085  -9.989 0.0000000000
97170  45.383  14.668  -10.136 0.0000000000
97171  44.619  14.462  -10.112 0.0000000000
97901  42.718  14.409  13.516 0.0000000000
97909  43.459  14.663  13.014 0.0000000000
97920  46.821  14.757  11.059 0.0000000000
97922  44.484  14.352  11.686 0.0000000000
97936  48.678  14.839  10.752 0.0000000000
97953  47.581  14.370  9.492 0.0000000000
97971  47.837  14.128  7.225 0.0000000000
97989  52.692  14.664  4.153 0.0000000000
97995  51.604  14.171  3.370 0.0000000000
98013  51.003  13.428  1.739 0.0000000000
98027  47.327  14.901  0.102 0.0000000000
98036  50.535  13.602  -1.267 0.0000000000
98038  49.209  14.423  -0.405 0.0000000000
98039  48.105  14.648  -0.591 0.0000000000
98041  45.681  14.710  -0.731 0.0000000000
98043  42.960  14.783  -1.005 0.0000000000
98061  50.822  13.804  -3.341 0.0000000000
98062  50.419  14.235  -3.095 0.0000000000
98063  49.152  14.570  -2.949 0.0000000000
98065  46.582  14.551  -2.137 0.0000000000
98067  44.886  14.488  -2.569 0.0000000000
98091  49.328  14.201  -5.189 0.0000000000
98094  44.368  14.583  -5.087 0.0000000000
98100  37.448  14.023  -5.168 0.0000000000
98117  46.841  14.758  -8.163 0.0000000000
98123  39.641  14.030  -7.433 0.0000000000
98124  39.212  13.960  -7.233 0.0000000000
98128  46.367  15.002  -8.897 0.0000000000
98129  45.294  15.145  -9.267 0.0000000000
98130  43.332  14.624  -8.788 0.0000000000
98132  41.325  14.018  -7.910 0.0000000000
98136  45.009  14.918  -10.035 0.0000000000
98137  43.971  14.452  -9.671 0.0000000000
98789  43.835  15.232  15.359 0.0000000000
98796  43.996  15.258  14.683 0.0000000000
98803  46.461  15.917  12.804 0.0000000000
98805  44.809  15.445  13.527 0.0000000000
98818  45.105  15.372  12.824 0.0000000000
98825  52.154  16.402  11.458 0.0000000000
98827  50.159  15.489  11.895 0.0000000000
98853  51.632  15.490  10.097 0.0000000000
98869  50.450  15.175  8.513 0.0000000000
98881  52.255  15.720  6.832 0.0000000000
98882  51.225  15.357  6.329 0.0000000000
98895  52.861  14.719  4.049 0.0000000000
98897  51.136  14.637  3.223 0.0000000000
98901  48.841  15.342  2.494 0.0000000000
98902  47.919  15.744  2.206 0.0000000000
98911  46.793  15.767  1.217 0.0000000000
98913  45.134  16.124  0.975 0.0000000000
98927  42.969  15.559  0.358 0.0000000000
98937  45.422  15.024  0.003 0.0000000000
98940  41.852  15.512  -0.327 0.0000000000
98948  41.533  15.042  -1.554 0.0000000000
99549  45.293  16.156  15.977 0.0000000000
99565  49.158  17.263  13.710 0.0000000000
99567  46.256  16.204  13.690 0.0000000000
99605  40.051  16.481  9.557 0.0000000000
99617  53.264  16.531  8.537 0.0000000000
99629  53.772  17.191  8.622 0.0000000000
99650  48.033  16.932  3.081 0.0000000000
99657  46.291  16.407  1.728 0.0000000000
99659  44.609  16.764  1.416 0.0000000000
99661  42.864  16.906  1.221 0.0000000000
99672  41.678  16.471  0.471 0.0000000000
99685  41.124  16.260  -0.043 0.0000000000
100278  46.659  18.201  19.499 0.0000000000
100311  47.490  17.661  15.850 0.0000000000
100324  49.501  18.502  14.490 0.0000000000
100329  50.287  18.261  13.978 0.0000000000
100333  42.077  17.021  13.082 0.0000000000
100336  51.277  17.568  13.151 0.0000000000
100338  42.656  17.419  12.816 0.0000000000
100344  51.699  17.399  12.530 0.0000000000
100354  53.403  17.566  11.047 0.0000000000
100357  49.777  17.903  10.877 0.0000000000
100361  41.795  17.139  10.214 0.0000000000
100368  54.136  17.613  10.498 0.0000000000
100370  52.165  18.182  10.732 0.0000000000
100375  43.041  17.778  10.028 0.0000000000
100378  40.409  16.879  9.024 0.0000000000
100385  53.988  17.926  9.059 0.0000000000
100390  48.004  17.453  8.327 0.0000000000
100416  53.619  17.452  6.773 0.0000000000
100418  47.511  17.710  6.823 0.0000000000
100419  46.797  17.851  6.135 0.0000000000
100430  53.014  17.595  4.401 0.0000000000
100437  48.576  17.272  3.255 0.0000000000
100438  47.973  17.699  3.152 0.0000000000
100440  46.334  17.611  2.371 0.0000000000
100443  44.918  18.006  1.799 0.0000000000
100446  42.526  17.638  1.150 0.0000000000
100453  40.358  17.266  0.093 0.0000000000
101003  46.431  19.046  19.876 0.0000000000
101017  47.326  19.444  18.225 0.0000000000
101033  46.035  19.760  17.419 0.0000000000
101046  48.268  19.058  16.500 0.0000000000
101062  50.837  18.229  13.523 0.0000000000
101064  45.529  18.744  14.131 0.0000000000
101066  44.114  17.875  13.559 0.0000000000
101073  45.776  19.003  12.458 0.0000000000
101079  47.301  19.538  11.732 0.0000000000
101081  45.943  18.974  11.389 0.0000000000
101083  44.013  18.254  11.767 0.0000000000
101099  43.994  18.211  10.956 0.0000000000
101106  52.927  18.458  9.966 0.0000000000
101107  46.812  18.364  10.311 0.0000000000
101121  46.158  17.757  8.694 0.0000000000
101123  44.431  17.961  8.418 0.0000000000
101126  42.003  17.811  7.772 0.0000000000
101133  52.559  18.887  7.955 0.0000000000
101135  50.000  18.460  7.974 0.0000000000
101137  44.844  17.817  7.671 0.0000000000
101139  43.613  17.987  6.977 0.0000000000
101140  42.116  18.129  7.011 0.0000000000
101142  39.740  18.095  6.768 0.0000000000
101151  48.540  18.549  6.581 0.0000000000
101152  47.628  18.220  6.216 0.0000000000
101153  45.164  17.736  6.793 0.0000000000
101168  44.985  18.293  5.408 0.0000000000
101169  44.259  18.294  5.655 0.0000000000
101170  42.906  18.735  5.455 0.0000000000
101176  53.478  18.975  3.966 0.0000000000
101177  53.332  18.320  4.452 0.0000000000
101191  52.457  18.331  3.050 0.0000000000
101194  48.800  18.678  2.829 0.0000000000
101195  47.496  18.270  2.837 0.0000000000
101197  46.044  18.419  2.231 0.0000000000
101222  39.444  18.499  -0.558 0.0000000000
101770  48.742  19.262  15.203 0.0000000000
101772  47.402  19.586  16.193 0.0000000000
101773  46.696  19.629  16.722 0.0000000000
101783  49.064  19.416  14.512 0.0000000000
101784  48.250  19.661  14.792 0.0000000000
101789  49.676  19.266  13.532 0.0000000000
101790  48.945  19.619  13.705 0.0000000000
101797  47.395  19.898  12.971 0.0000000000
101839  52.546  19.350  6.267 0.0000000000
101841  50.143  19.600  6.621 0.0000000000
101842  48.984  19.343  6.277 0.0000000000
101848  52.751  19.618  5.473 0.0000000000
101849  51.766  19.789  5.985 0.0000000000
101850  51.007  19.782  6.374 0.0000000000
101851  50.232  19.938  5.945 0.0000000000
101854  46.562  19.475  5.041 0.0000000000
101880  49.689  19.576  1.982 0.0000000000
101890  46.384  19.712  1.829 0.0000000000
101893  43.752  19.253  0.987 0.0000000000
101902  40.707  18.613  0.110 0.0000000000
102458  53.216  19.755  4.811 0.0000000000
102464  46.859  20.095  4.908 0.0000000000
102474  52.360  20.585  4.728 0.0000000000
102478  47.196  20.669  4.764 0.0000000000
102494  48.133  19.756  2.169 0.0000000000
102503  46.087  20.234  1.267 0.0000000000
102515  48.751  20.643  1.228 0.0000000000
102516  47.346  20.797  1.000 0.0000000000
102525  44.243  20.521  -0.410 0.0000000000
103165  53.091  21.006  4.224 0.0000000000
103168  49.690  21.693  4.282 0.0000000000
103170  47.054  21.288  4.655 0.0000000000
103207  46.402  21.301  0.123 0.0000000000
103237  45.837  21.167  -1.480 0.0000000000
103261  47.124  20.756  -4.518 0.0000000000
131873  45.065  12.103  0.998 0.0000000000
131876  49.889  14.154  1.340 0.0000000000
131899  47.683  18.076  16.782 0.0000000000
131975  48.001  14.315  8.100 0.0000000000
132393  45.731  12.422  1.350 0.0000000000
132603  43.264  17.920  7.631 0.0000000000
132605  45.525  14.730  -6.923 0.0000000000
132608  46.475  14.484  -5.647 0.0000000000
132612  47.577  14.481  -4.810 0.0000000000
132618  48.666  12.484  -0.018 0.0000000000
132915  44.117  18.042  9.147 0.0000000000
132921  47.157  14.641  -7.431 0.0000000000
133271  48.328  14.660  0.057 0.0000000000
133340  49.643  14.839  7.897 0.0000000000
133704  46.974  19.442  19.232 0.0000000000
134058  43.537  20.442  -1.115 0.0000000000
134330  44.175  14.554  -1.917 0.0000000000
135456  42.865  14.571  -2.624 0.0000000000
135870  50.131  12.585  0.068 0.0000000000
136934  48.959  21.384  4.552 0.0000000000
137290  53.018  19.442  2.051 0.0000000000
137332  43.675  12.249  3.157 0.0000000000
138257  45.879  14.046  10.418 0.0000000000
138587  46.453  19.537  19.315 0.0000000000
139306  47.187  18.863  2.507 0.0000000000
139586  42.876  12.404  5.225 0.0000000000
140018  45.189  19.317  1.570 0.0000000000
140313  47.163  14.576  10.580 0.0000000000
141375  39.461  7.273  7.855 0.0000000000
141873  44.176  14.787  12.547 0.0000000000
142986  47.099  13.385  4.041 0.0000000000
144733  46.720  18.966  5.285 0.0000000000
145403  50.551  18.476  12.677 0.0000000000
146627  45.583  18.914  11.848 0.0000000000
146888  49.082  14.761  9.353 0.0000000000
147296  54.314  17.481  9.800 0.0000000000
148096  43.258  13.394  11.227 0.0000000000
148786  40.347  10.046  3.558 0.0000000000
149180  48.528  14.503  -4.868 0.0000000000
149315  44.604  11.103  -4.111 0.0000000000
150034  41.819  10.833  2.408 0.0000000000
150397  43.964  18.139  6.275 0.0000000000
151457  40.477  15.020  -2.914 0.0000000000
151846  44.813  18.060  9.034 0.0000000000
152445  39.606  9.415  6.944 0.0000000000
152944  46.468  14.841  -9.093 0.0000000000
153532  45.535  13.058  4.428 0.0000000000
154287  51.363  16.275  3.705 0.0000000000
154521  43.453  17.710  16.527 0.0000000000
154538  41.579  7.311  1.316 0.0000000000
154635  42.488  12.117  3.995 0.0000000000
154716  49.290  15.476  12.075 0.0000000000
155081  38.740  19.244  -1.684 0.0000000000
155165  41.464  11.217  3.398 0.0000000000
155191  41.455  17.142  0.681 0.0000000000
155239  45.644  20.588  -4.189 0.0000000000
155277  39.510  8.672  6.724 0.0000000000
155357  50.831  17.683  13.552 0.0000000000
155729  53.266  16.660  5.158 0.0000000000
156111  46.349  14.688  -0.674 0.0000000000
156454  48.405  12.635  -2.356 0.0000000000
156785  45.201  5.361  -2.798 0.0000000000
156791  49.199  18.261  11.368 0.0000000000
157500  53.221  16.691  10.476 0.0000000000
157787  43.753  10.672  -0.905 0.0000000000
157897  39.684  7.883  6.384 0.0000000000
158316  42.309  14.671  -2.440 0.0000000000
158339  45.475  18.877  15.611 0.0000000000
158853  43.428  6.018  -1.824 0.0000000000
159065  49.637  19.255  14.071 0.0000000000
159724  47.086  18.217  5.810 0.0000000000
