#!ascii label  , from subject sub-v1s20x0050377_ses-1 vox2ras=TkReg
1502
134812  40.352  27.735  -9.320 0.0000000000
109651  46.480  30.213  -11.442 0.0000000000
107237  49.787  28.116  -0.072 0.0000000000
108039  36.870  28.223  -3.322 0.0000000000
105349  42.057  24.109  -2.007 0.0000000000
106696  39.180  26.257  -14.752 0.0000000000
150460  43.317  36.081  -6.702 0.0000000000
135672  41.303  32.901  -11.782 0.0000000000
107959  50.973  29.198  5.805 0.0000000000
103218  51.508  21.533  -1.061 0.0000000000
105394  45.650  23.066  -12.703 0.0000000000
108883  46.332  29.612  -5.896 0.0000000000
110994  49.783  31.540  -6.340 0.0000000000
109562  43.300  29.803  1.151 0.0000000000
115376  43.627  39.245  -13.109 0.0000000000
107399  43.077  27.141  -16.786 0.0000000000
103286  47.141  21.157  -6.334 0.0000000000
108105  38.660  28.571  -5.961 0.0000000000
106615  39.592  26.806  -1.925 0.0000000000
108102  41.122  28.600  -5.641 0.0000000000
105386  39.353  24.135  -11.735 0.0000000000
140044  36.699  27.069  -9.513 0.0000000000
113205  39.959  35.059  -7.087 0.0000000000
107946  51.293  28.270  8.708 0.0000000000
105273  53.919  24.623  4.027 0.0000000000
105276  50.459  24.497  4.032 0.0000000000
116015  45.429  39.708  -15.470 0.0000000000
106042  47.706  25.019  -12.925 0.0000000000
107353  49.564  26.763  -10.427 0.0000000000
110349  48.834  30.525  -9.698 0.0000000000
112350  45.672  35.129  1.988 0.0000000000
111653  43.488  33.106  -0.627 0.0000000000
149535  42.988  32.408  3.096 0.0000000000
108802  42.076  29.315  4.123 0.0000000000
109664  43.251  30.142  -12.114 0.0000000000
109677  41.945  30.032  -14.326 0.0000000000
107380  44.635  27.428  -13.529 0.0000000000
105419  44.366  23.309  -15.164 0.0000000000
108849  48.655  29.062  -2.677 0.0000000000
105344  45.881  24.903  -2.851 0.0000000000
105342  48.590  24.424  -2.387 0.0000000000
103957  39.184  22.583  -1.775 0.0000000000
103262  41.005  21.757  -5.759 0.0000000000
108981  40.487  29.700  -18.083 0.0000000000
109679  39.300  29.778  -14.770 0.0000000000
111731  45.073  33.153  -9.246 0.0000000000
113217  47.700  35.534  -8.144 0.0000000000
115356  36.144  38.600  -9.690 0.0000000000
115366  39.232  38.306  -11.850 0.0000000000
111040  41.833  32.117  -9.039 0.0000000000
107223  50.000  28.336  3.138 0.0000000000
104659  51.439  23.871  -1.832 0.0000000000
105308  53.259  24.109  0.871 0.0000000000
102498  53.120  20.691  1.144 0.0000000000
106026  42.810  25.259  -11.719 0.0000000000
108158  44.008  28.221  -8.323 0.0000000000
107319  46.750  27.706  -9.428 0.0000000000
108895  49.565  29.677  -6.825 0.0000000000
110265  50.866  31.114  -2.726 0.0000000000
111680  47.063  34.122  -5.381 0.0000000000
110269  46.725  31.696  -2.252 0.0000000000
108830  47.272  29.937  0.704 0.0000000000
159238  45.807  28.571  3.694 0.0000000000
108781  46.471  29.532  6.543 0.0000000000
117253  44.993  41.481  -11.943 0.0000000000
135354  45.323  36.592  -15.839 0.0000000000
111781  43.445  33.759  -16.113 0.0000000000
110411  44.026  31.191  -18.155 0.0000000000
106707  41.582  25.757  -16.753 0.0000000000
104050  41.935  20.997  -13.393 0.0000000000
107297  43.660  28.338  -3.501 0.0000000000
104695  43.780  23.131  -3.850 0.0000000000
102577  42.710  20.587  -5.926 0.0000000000
158110  49.282  21.093  -3.821 0.0000000000
108142  39.576  28.490  -7.476 0.0000000000
108104  39.771  28.510  -5.651 0.0000000000
108162  41.020  28.179  -7.969 0.0000000000
106654  40.459  26.334  -10.825 0.0000000000
106656  38.217  25.835  -10.741 0.0000000000
107344  38.682  27.436  -9.914 0.0000000000
108164  38.107  28.377  -8.419 0.0000000000
106506  50.929  27.021  9.606 0.0000000000
106534  51.693  26.488  7.319 0.0000000000
142318  50.063  25.539  5.939 0.0000000000
151135  38.112  20.483  -5.154 0.0000000000
107372  47.342  27.252  -12.736 0.0000000000
108195  48.684  27.733  -11.935 0.0000000000
149465  47.881  30.586  -10.549 0.0000000000
112314  45.987  34.643  4.768 0.0000000000
111630  44.147  33.677  2.750 0.0000000000
109662  45.142  30.073  -12.111 0.0000000000
108200  43.987  28.899  -12.957 0.0000000000
108198  45.826  28.572  -12.682 0.0000000000
106685  45.959  26.323  -13.782 0.0000000000
108017  49.622  28.658  -1.366 0.0000000000
105970  47.880  25.803  -1.687 0.0000000000
148836  49.269  26.022  -1.167 0.0000000000
107291  36.511  27.800  -2.172 0.0000000000
107269  37.804  27.282  -1.786 0.0000000000
106599  40.854  25.926  -1.767 0.0000000000
156345  40.022  24.792  -1.109 0.0000000000
104670  40.410  23.415  -1.466 0.0000000000
103970  40.393  22.294  -2.855 0.0000000000
103969  41.298  22.381  -3.021 0.0000000000
107401  40.100  27.722  -16.411 0.0000000000
108976  39.766  29.473  -16.678 0.0000000000
108219  39.375  28.107  -14.891 0.0000000000
133216  36.717  28.649  -5.215 0.0000000000
108067  35.572  28.425  -3.484 0.0000000000
111696  44.159  34.005  -7.709 0.0000000000
112449  45.565  35.746  -8.022 0.0000000000
113929  44.115  36.828  -6.472 0.0000000000
152679  41.563  35.169  -6.795 0.0000000000
111700  40.599  33.846  -7.344 0.0000000000
111698  42.586  33.610  -7.212 0.0000000000
111021  43.299  32.469  -8.456 0.0000000000
107968  50.186  29.307  4.269 0.0000000000
105924  50.827  25.545  2.295 0.0000000000
107221  51.939  27.128  4.259 0.0000000000
103182  54.170  22.110  2.938 0.0000000000
103910  54.458  22.822  2.341 0.0000000000
137290  53.018  19.442  2.051 0.0000000000
105381  44.568  24.080  -12.453 0.0000000000
106008  44.413  25.872  -11.201 0.0000000000
106006  46.396  25.821  -11.171 0.0000000000
141407  49.931  29.082  -8.198 0.0000000000
108154  49.897  28.109  -8.719 0.0000000000
109618  50.049  30.266  -6.140 0.0000000000
109600  50.335  30.434  -4.577 0.0000000000
110276  50.332  31.645  -3.887 0.0000000000
113918  47.873  36.950  -6.385 0.0000000000
112423  48.163  35.276  -7.047 0.0000000000
112411  46.100  35.468  -4.401 0.0000000000
110256  43.251  31.691  0.070 0.0000000000
110271  44.690  31.794  -2.153 0.0000000000
109578  44.736  30.448  -0.611 0.0000000000
155907  46.979  30.890  -0.938 0.0000000000
108831  45.657  29.600  0.370 0.0000000000
107991  46.410  29.212  1.696 0.0000000000
107993  44.706  28.800  1.834 0.0000000000
108794  41.508  29.495  5.633 0.0000000000
107962  44.132  28.673  5.182 0.0000000000
116594  45.078  40.712  -12.282 0.0000000000
115995  45.470  39.796  -13.449 0.0000000000
114710  44.593  38.151  -14.077 0.0000000000
113983  40.480  36.122  -11.725 0.0000000000
132874  41.071  36.650  -12.321 0.0000000000
112501  41.687  34.356  -12.998 0.0000000000
108970  42.404  29.541  -15.444 0.0000000000
110394  42.117  31.800  -15.599 0.0000000000
109692  43.250  30.551  -16.970 0.0000000000
145838  44.220  31.631  -17.716 0.0000000000
108980  43.428  29.340  -17.900 0.0000000000
107411  42.452  27.714  -17.858 0.0000000000
106706  42.511  26.242  -16.712 0.0000000000
104036  45.479  22.803  -13.380 0.0000000000
137533  42.951  21.504  -14.466 0.0000000000
147523  43.920  22.570  -13.257 0.0000000000
105396  42.535  23.256  -12.444 0.0000000000
108910  45.022  29.289  -7.085 0.0000000000
108900  43.843  29.331  -6.163 0.0000000000
132418  45.093  29.386  -4.871 0.0000000000
104692  46.122  23.476  -4.363 0.0000000000
105354  44.853  24.052  -3.377 0.0000000000
103999  45.475  21.901  -6.115 0.0000000000
103277  43.377  21.069  -6.591 0.0000000000
136753  44.818  20.813  -6.249 0.0000000000
103967  53.228  22.022  -2.992 0.0000000000
159666  51.606  22.002  -4.570 0.0000000000
132594  50.981  21.471  -2.833 0.0000000000
108106  38.265  28.517  -5.128 0.0000000000
107304  38.236  27.677  -2.706 0.0000000000
108085  39.017  28.294  -4.526 0.0000000000
107301  40.318  27.676  -3.370 0.0000000000
107286  41.589  27.233  -2.912 0.0000000000
105404  39.560  24.004  -12.912 0.0000000000
108122  37.447  28.618  -6.759 0.0000000000
108768  51.154  29.200  7.332 0.0000000000
107216  53.560  26.845  5.111 0.0000000000
105907  53.042  26.460  5.845 0.0000000000
105274  52.818  24.286  4.061 0.0000000000
105392  46.921  23.641  -12.711 0.0000000000
106022  47.146  25.124  -11.715 0.0000000000
106020  48.759  25.813  -11.921 0.0000000000
108927  50.063  28.419  -9.636 0.0000000000
110313  49.524  31.063  -7.751 0.0000000000
112371  45.366  34.947  -0.298 0.0000000000
111657  44.390  34.162  -1.656 0.0000000000
111650  44.062  33.834  0.791 0.0000000000
110949  43.148  32.605  0.881 0.0000000000
110243  42.482  31.455  1.963 0.0000000000
108818  42.620  29.545  2.552 0.0000000000
110244  41.842  30.852  3.200 0.0000000000
110229  41.087  31.424  5.413 0.0000000000
110904  40.704  31.821  7.007 0.0000000000
116596  42.461  40.193  -12.259 0.0000000000
110367  42.149  30.904  -11.771 0.0000000000
136339  41.510  31.859  -12.966 0.0000000000
108950  42.677  29.725  -12.748 0.0000000000
108217  42.903  27.905  -14.186 0.0000000000
106695  43.646  26.171  -14.648 0.0000000000
106063  43.623  25.124  -15.138 0.0000000000
106056  44.413  25.336  -14.645 0.0000000000
105410  46.666  23.793  -14.022 0.0000000000
131982  47.323  29.374  -3.967 0.0000000000
150502  46.182  28.637  -3.020 0.0000000000
107268  47.042  27.395  -1.957 0.0000000000
104680  47.279  23.986  -3.248 0.0000000000
148655  48.457  22.753  -4.932 0.0000000000
102514  49.594  20.884  0.732 0.0000000000
103220  48.866  21.489  -0.536 0.0000000000
104662  37.562  23.330  -0.432 0.0000000000
105975  38.545  26.203  -0.879 0.0000000000
104660  39.149  23.828  -0.789 0.0000000000
103958  38.378  22.583  -1.620 0.0000000000
103987  38.600  22.111  -4.005 0.0000000000
103282  38.599  21.290  -5.772 0.0000000000
155605  39.649  20.806  -6.369 0.0000000000
110413  40.524  31.489  -17.856 0.0000000000
110395  38.987  31.080  -16.132 0.0000000000
111048  45.868  32.098  -10.189 0.0000000000
110335  46.783  32.050  -10.083 0.0000000000
111715  46.527  34.207  -9.061 0.0000000000
113937  47.605  37.267  -7.128 0.0000000000
114629  46.853  38.130  -4.136 0.0000000000
153927  46.520  36.920  -1.649 0.0000000000
157045  46.332  35.965  0.914 0.0000000000
146081  37.924  39.023  -10.993 0.0000000000
113985  38.873  36.786  -11.293 0.0000000000
112474  40.003  34.318  -10.436 0.0000000000
111050  41.081  32.307  -10.297 0.0000000000
144908  42.744  31.257  -10.418 0.0000000000
110353  44.587  31.427  -10.479 0.0000000000
107227  49.502  27.572  1.430 0.0000000000
105948  49.960  25.321  0.122 0.0000000000
105298  50.209  24.775  0.817 0.0000000000
104643  52.720  23.702  -0.088 0.0000000000
103215  53.688  21.959  -1.236 0.0000000000
105921  54.115  25.242  3.310 0.0000000000
103927  54.079  22.363  0.223 0.0000000000
142782  51.726  21.350  -0.179 0.0000000000
145483  41.339  26.819  -10.264 0.0000000000
107342  42.034  27.492  -8.974 0.0000000000
106632  43.718  26.872  -9.885 0.0000000000
107320  45.340  27.861  -9.155 0.0000000000
108135  46.141  28.823  -8.059 0.0000000000
107355  47.450  27.066  -9.920 0.0000000000
108134  48.237  28.818  -7.943 0.0000000000
108882  47.739  29.630  -5.557 0.0000000000
136348  48.711  29.754  -4.903 0.0000000000
108847  50.543  30.267  -2.990 0.0000000000
108835  50.458  30.459  -0.810 0.0000000000
111713  48.050  34.070  -8.627 0.0000000000
111695  48.568  33.076  -7.330 0.0000000000
110984  48.783  32.835  -5.768 0.0000000000
111668  44.919  33.569  -3.412 0.0000000000
110968  46.509  33.124  -3.992 0.0000000000
110966  48.518  32.453  -3.670 0.0000000000
110267  49.020  31.978  -2.125 0.0000000000
110253  48.488  31.304  -0.622 0.0000000000
109560  49.559  30.525  0.694 0.0000000000
108813  49.148  29.771  2.155 0.0000000000
108808  48.823  29.722  3.366 0.0000000000
108788  49.480  29.849  5.063 0.0000000000
107981  43.570  28.545  3.534 0.0000000000
107960  46.046  28.837  4.861 0.0000000000
108779  48.455  29.978  6.232 0.0000000000
109527  49.463  30.342  8.102 0.0000000000
116601  45.318  40.829  -13.272 0.0000000000
115406  45.868  38.140  -15.558 0.0000000000
113297  45.747  35.257  -17.916 0.0000000000
111772  41.636  33.274  -14.179 0.0000000000
114010  43.744  36.597  -14.571 0.0000000000
112519  44.704  35.002  -16.352 0.0000000000
111804  45.067  33.394  -18.099 0.0000000000
111127  44.523  32.876  -18.319 0.0000000000
108988  42.001  29.777  -18.618 0.0000000000
107407  41.137  27.337  -17.557 0.0000000000
106064  40.467  25.305  -15.889 0.0000000000
105421  42.868  23.383  -15.895 0.0000000000
104760  41.942  22.832  -15.716 0.0000000000
105413  40.389  23.807  -14.726 0.0000000000
104738  40.667  23.081  -12.222 0.0000000000
105384  41.166  24.108  -11.686 0.0000000000
151563  42.545  28.680  -6.863 0.0000000000
108082  42.499  28.582  -4.453 0.0000000000
106611  42.767  26.565  -2.698 0.0000000000
106609  44.923  26.581  -2.585 0.0000000000
105982  43.823  25.402  -2.626 0.0000000000
104682  42.571  23.435  -2.631 0.0000000000
103983  42.540  22.189  -4.548 0.0000000000
143222  41.872  20.893  -6.759 0.0000000000
104677  50.349  23.643  -3.216 0.0000000000
104701  50.468  22.369  -4.868 0.0000000000
134295  48.636  20.825  -5.749 0.0000000000
103235  48.283  21.366  -2.062 0.0000000000
102560  46.325  20.704  -5.146 0.0000000000
103906  49.645  22.494  4.020 0.0000000000
102459  51.933  20.219  5.354 0.0000000000
108141  40.461  28.424  -7.371 0.0000000000
157520  40.920  27.908  -8.672 0.0000000000
106636  40.489  27.153  -10.118 0.0000000000
106655  39.673  26.629  -10.600 0.0000000000
107343  39.606  27.398  -10.039 0.0000000000
107325  39.408  27.971  -9.270 0.0000000000
105879  50.555  26.287  8.612 0.0000000000
108188  47.327  28.797  -12.038 0.0000000000
108937  47.819  29.259  -11.519 0.0000000000
152637  47.277  29.889  -11.333 0.0000000000
108939  45.977  29.860  -11.985 0.0000000000
108947  45.477  29.363  -12.424 0.0000000000
108946  46.363  29.105  -12.255 0.0000000000
108197  46.807  28.275  -12.507 0.0000000000
107252  49.552  27.985  -0.806 0.0000000000
106595  49.231  26.973  -1.071 0.0000000000
106582  49.497  26.369  -0.734 0.0000000000
152305  36.991  27.536  -1.824 0.0000000000
107290  37.190  27.858  -2.598 0.0000000000
105972  41.341  24.941  -1.647 0.0000000000
105335  40.571  24.404  -1.318 0.0000000000
104669  41.228  23.781  -1.660 0.0000000000
103955  40.923  22.752  -2.054 0.0000000000
104683  41.766  23.083  -2.311 0.0000000000
106701  39.597  26.603  -15.431 0.0000000000
107395  39.670  27.494  -15.561 0.0000000000
107389  39.186  27.163  -14.871 0.0000000000
108087  36.510  28.562  -4.428 0.0000000000
108088  35.764  28.562  -4.237 0.0000000000
108066  36.316  28.421  -3.701 0.0000000000
108040  36.235  28.171  -2.859 0.0000000000
113202  43.808  35.618  -7.152 0.0000000000
113938  44.387  36.434  -7.010 0.0000000000
140580  42.203  35.551  -6.609 0.0000000000
112432  42.301  34.502  -6.901 0.0000000000
132762  42.826  35.290  -6.865 0.0000000000
112431  43.390  34.459  -7.198 0.0000000000
107967  50.927  28.947  4.866 0.0000000000
107218  51.344  27.959  4.544 0.0000000000
107966  51.694  28.231  5.345 0.0000000000
102489  54.207  21.079  3.103 0.0000000000
106024  45.034  25.056  -11.774 0.0000000000
106023  46.116  25.012  -11.694 0.0000000000
151183  49.899  30.264  -7.374 0.0000000000
109624  49.811  29.684  -7.491 0.0000000000
110304  50.150  30.663  -6.191 0.0000000000
109610  50.252  30.623  -5.586 0.0000000000
158563  50.031  31.672  -5.146 0.0000000000
113166  46.962  36.753  -4.709 0.0000000000
113179  47.270  36.320  -5.671 0.0000000000
113159  46.199  36.097  -3.418 0.0000000000
109570  43.359  30.412  0.513 0.0000000000
134580  44.190  31.050  -0.847 0.0000000000
109569  43.924  30.456  -0.183 0.0000000000
108832  44.734  29.821  0.035 0.0000000000
108833  43.988  29.715  0.551 0.0000000000
108825  44.906  29.217  0.908 0.0000000000
108826  43.979  29.173  1.371 0.0000000000
108785  42.041  29.371  6.420 0.0000000000
116595  44.267  40.599  -11.897 0.0000000000
116589  44.391  41.416  -10.919 0.0000000000
115983  44.565  40.017  -12.568 0.0000000000
115996  44.861  39.529  -13.167 0.0000000000
115388  44.041  38.690  -13.604 0.0000000000
141703  41.094  33.948  -11.563 0.0000000000
112491  41.464  34.599  -12.279 0.0000000000
111755  41.451  33.709  -12.397 0.0000000000
141680  43.072  28.129  -15.875 0.0000000000
108975  42.937  29.669  -16.745 0.0000000000
108974  43.184  29.048  -17.297 0.0000000000
109691  43.624  30.000  -17.740 0.0000000000
107404  42.953  27.568  -17.477 0.0000000000
106712  42.839  26.895  -17.267 0.0000000000
104733  46.106  22.870  -12.962 0.0000000000
104037  44.139  22.499  -13.685 0.0000000000
154861  44.723  22.965  -12.865 0.0000000000
105395  43.646  23.276  -12.761 0.0000000000
108898  45.487  29.503  -6.453 0.0000000000
108899  44.677  29.436  -6.354 0.0000000000
134521  45.831  29.516  -5.118 0.0000000000
104704  46.748  22.800  -5.365 0.0000000000
104705  45.837  22.849  -5.399 0.0000000000
103998  46.458  21.884  -6.132 0.0000000000
104007  44.961  21.182  -6.479 0.0000000000
103287  45.985  21.162  -6.385 0.0000000000
103231  52.887  21.617  -2.423 0.0000000000
103244  52.189  21.532  -3.080 0.0000000000
133881  50.710  21.584  -1.535 0.0000000000
136939  38.247  28.336  -4.252 0.0000000000
133874  39.177  28.493  -5.350 0.0000000000
149937  40.379  28.519  -5.606 0.0000000000
108084  39.896  28.378  -4.875 0.0000000000
108063  40.463  28.124  -4.176 0.0000000000
150531  41.012  27.571  -3.231 0.0000000000
108062  41.222  28.201  -4.205 0.0000000000
105397  39.370  23.807  -11.977 0.0000000000
106046  38.612  24.934  -12.502 0.0000000000
105398  38.801  24.483  -11.844 0.0000000000
106638  37.103  26.423  -10.143 0.0000000000
106015  36.959  25.334  -10.933 0.0000000000
108143  38.561  28.562  -7.540 0.0000000000
108144  37.244  28.549  -7.533 0.0000000000
108121  38.244  28.579  -6.686 0.0000000000
150347  37.443  28.598  -5.374 0.0000000000
107950  51.142  29.041  8.104 0.0000000000
106522  52.442  27.241  6.729 0.0000000000
107207  51.944  27.749  7.527 0.0000000000
105912  50.801  25.202  4.639 0.0000000000
105911  52.413  25.379  5.051 0.0000000000
105275  51.440  24.208  3.831 0.0000000000
104615  52.056  23.497  3.630 0.0000000000
138254  51.255  22.874  3.574 0.0000000000
116607  44.876  40.849  -14.346 0.0000000000
116620  44.268  41.224  -15.504 0.0000000000
105391  47.338  24.283  -12.708 0.0000000000
106034  48.039  25.120  -12.296 0.0000000000
106675  48.274  25.762  -12.475 0.0000000000
108928  49.329  29.195  -10.379 0.0000000000
108179  49.849  28.144  -10.466 0.0000000000
108921  49.589  29.525  -9.505 0.0000000000
109629  49.333  30.374  -9.032 0.0000000000
110323  49.100  31.167  -8.585 0.0000000000
112362  45.637  35.171  0.954 0.0000000000
112363  44.794  34.467  0.316 0.0000000000
112351  44.851  34.432  1.362 0.0000000000
111616  43.674  33.108  3.393 0.0000000000
157723  43.654  33.293  1.986 0.0000000000
110943  42.780  32.193  2.210 0.0000000000
110946  42.781  32.056  1.416 0.0000000000
110240  42.318  31.576  2.829 0.0000000000
109558  42.171  30.806  2.454 0.0000000000
110935  42.480  32.010  3.663 0.0000000000
110926  41.730  31.930  4.954 0.0000000000
110916  41.485  32.146  5.780 0.0000000000
110220  40.882  31.602  6.223 0.0000000000
134538  41.299  32.597  7.140 0.0000000000
109655  42.814  30.609  -11.600 0.0000000000
109665  42.292  30.458  -12.337 0.0000000000
108208  44.303  28.188  -13.245 0.0000000000
108209  43.328  28.321  -13.473 0.0000000000
107381  43.657  27.596  -13.725 0.0000000000
107388  43.272  27.127  -14.410 0.0000000000
107387  44.009  26.826  -13.949 0.0000000000
106694  44.446  26.149  -14.244 0.0000000000
106043  47.072  25.236  -13.625 0.0000000000
106044  46.337  25.468  -14.048 0.0000000000
105403  47.159  24.132  -13.433 0.0000000000
104742  46.636  23.293  -13.428 0.0000000000
108858  47.954  29.200  -3.388 0.0000000000
136552  47.007  28.416  -2.634 0.0000000000
108036  47.903  28.380  -2.250 0.0000000000
105334  48.143  25.039  -1.879 0.0000000000
105978  47.285  25.304  -2.066 0.0000000000
104679  48.195  23.921  -3.158 0.0000000000
104691  47.877  23.411  -4.093 0.0000000000
104690  48.805  23.327  -4.118 0.0000000000
104644  37.088  23.852  0.099 0.0000000000
105325  37.800  24.155  -0.227 0.0000000000
144990  39.108  27.489  -2.748 0.0000000000
107289  38.810  27.121  -2.008 0.0000000000
106601  39.095  26.463  -1.399 0.0000000000
145371  39.896  24.079  -1.037 0.0000000000
105336  39.357  24.811  -0.809 0.0000000000
103941  38.843  22.962  -1.044 0.0000000000
103972  38.512  22.322  -2.650 0.0000000000
103971  39.436  22.284  -2.760 0.0000000000
103985  40.734  21.994  -4.102 0.0000000000
103986  39.678  22.044  -4.024 0.0000000000
103263  39.980  21.820  -5.428 0.0000000000
102590  39.330  21.036  -6.454 0.0000000000
103291  39.857  21.096  -6.885 0.0000000000
108989  41.134  30.184  -18.482 0.0000000000
109700  40.481  30.620  -17.953 0.0000000000
108971  39.551  29.519  -15.738 0.0000000000
109693  39.421  30.245  -16.380 0.0000000000
109685  39.140  30.388  -15.496 0.0000000000
109680  38.902  30.603  -14.476 0.0000000000
111036  45.455  32.644  -9.763 0.0000000000
111730  45.947  33.408  -9.412 0.0000000000
136433  45.551  34.027  -8.964 0.0000000000
113927  46.554  37.300  -7.208 0.0000000000
114642  47.268  37.928  -5.986 0.0000000000
113896  46.409  37.719  -2.134 0.0000000000
113135  46.467  36.540  -0.299 0.0000000000
115973  37.409  39.427  -10.436 0.0000000000
115360  37.354  38.492  -10.608 0.0000000000
113973  38.390  36.315  -10.714 0.0000000000
113972  39.175  35.985  -10.968 0.0000000000
113239  40.029  34.997  -10.866 0.0000000000
152628  41.114  33.166  -7.591 0.0000000000
111051  40.868  32.496  -9.274 0.0000000000
111741  40.426  32.928  -10.055 0.0000000000
110339  41.532  31.971  -9.764 0.0000000000
110356  41.794  31.605  -10.547 0.0000000000
110338  42.295  31.677  -9.739 0.0000000000
111020  44.201  32.716  -8.769 0.0000000000
110336  44.115  31.661  -9.926 0.0000000000
111037  44.581  32.336  -9.530 0.0000000000
111049  45.000  31.955  -10.141 0.0000000000
107225  49.643  27.998  2.275 0.0000000000
106557  49.503  26.481  1.166 0.0000000000
106551  49.684  26.920  2.038 0.0000000000
105296  52.211  24.467  1.390 0.0000000000
105283  51.378  24.937  1.861 0.0000000000
104657  53.429  23.070  -0.696 0.0000000000
104642  53.762  23.446  0.376 0.0000000000
105910  54.023  25.514  4.429 0.0000000000
106542  53.970  25.883  3.969 0.0000000000
105272  54.137  24.970  3.772 0.0000000000
103192  54.091  21.340  1.470 0.0000000000
103915  54.431  22.383  1.330 0.0000000000
103193  53.510  21.346  0.499 0.0000000000
103201  53.750  21.843  -0.361 0.0000000000
102512  52.427  20.978  0.499 0.0000000000
143395  51.360  20.751  0.663 0.0000000000
143489  51.217  20.213  1.209 0.0000000000
106010  42.466  25.978  -11.111 0.0000000000
106653  42.208  26.581  -10.404 0.0000000000
106652  43.115  26.485  -10.490 0.0000000000
106650  44.890  26.430  -10.563 0.0000000000
106631  44.464  26.809  -10.018 0.0000000000
106630  45.415  27.061  -9.888 0.0000000000
136698  46.075  28.334  -8.755 0.0000000000
106647  48.618  26.264  -10.916 0.0000000000
106005  47.431  25.936  -11.118 0.0000000000
107354  48.495  26.843  -10.155 0.0000000000
108133  49.529  28.670  -8.181 0.0000000000
108155  48.786  28.259  -8.553 0.0000000000
108907  49.026  29.178  -7.428 0.0000000000
108908  47.680  29.292  -7.229 0.0000000000
108896  48.452  29.517  -6.541 0.0000000000
108881  49.202  29.765  -5.831 0.0000000000
109589  50.863  30.768  -3.264 0.0000000000
108856  50.484  30.399  -3.769 0.0000000000
149616  50.773  30.704  -2.459 0.0000000000
108841  50.575  30.560  -1.599 0.0000000000
111714  47.460  34.211  -8.917 0.0000000000
111728  47.653  33.308  -9.030 0.0000000000
112446  47.891  34.838  -8.495 0.0000000000
112419  47.626  34.629  -6.243 0.0000000000
112429  48.311  34.223  -7.451 0.0000000000
111686  48.063  34.173  -6.650 0.0000000000
111685  48.434  33.383  -6.609 0.0000000000
111679  47.950  33.589  -5.809 0.0000000000
112391  44.665  34.281  -2.569 0.0000000000
111663  44.144  33.508  -2.316 0.0000000000
110270  45.632  31.679  -2.303 0.0000000000
110969  45.300  32.831  -3.310 0.0000000000
110960  45.962  32.176  -2.903 0.0000000000
110967  47.351  32.639  -3.660 0.0000000000
110959  47.081  32.169  -2.909 0.0000000000
110958  48.236  32.216  -2.883 0.0000000000
110268  47.874  31.856  -2.119 0.0000000000
150222  47.470  30.470  0.112 0.0000000000
110254  47.574  30.897  -0.545 0.0000000000
134075  48.450  30.956  0.111 0.0000000000
109566  49.197  30.828  0.521 0.0000000000
109567  48.387  30.477  0.828 0.0000000000
108821  49.417  30.105  1.331 0.0000000000
108823  47.907  29.884  1.384 0.0000000000
159161  45.836  28.702  2.864 0.0000000000
108816  47.205  29.305  3.033 0.0000000000
108809  48.048  29.646  3.628 0.0000000000
108799  48.836  29.847  4.277 0.0000000000
108800  47.894  29.630  4.501 0.0000000000
108811  42.304  29.442  3.372 0.0000000000
107982  42.866  28.990  3.178 0.0000000000
107973  42.746  28.865  3.879 0.0000000000
108793  44.854  29.032  5.880 0.0000000000
107961  45.098  28.696  5.002 0.0000000000
108791  46.726  29.309  5.590 0.0000000000
108790  47.685  29.639  5.418 0.0000000000
108780  47.431  29.742  6.379 0.0000000000
109543  49.239  30.210  7.218 0.0000000000
117923  44.759  42.168  -11.324 0.0000000000
117918  42.948  43.103  -11.402 0.0000000000
117924  43.704  42.449  -11.784 0.0000000000
152223  45.207  41.167  -12.783 0.0000000000
115398  45.422  38.495  -14.308 0.0000000000
115386  45.637  39.130  -14.199 0.0000000000
114732  45.822  37.387  -15.959 0.0000000000
114026  45.748  36.400  -16.752 0.0000000000
109671  41.696  30.777  -13.843 0.0000000000
111075  41.464  32.571  -13.567 0.0000000000
110387  41.644  31.721  -14.854 0.0000000000
111093  42.444  32.539  -15.790 0.0000000000
111782  42.586  33.417  -15.594 0.0000000000
112521  42.818  34.244  -15.345 0.0000000000
112520  43.710  34.590  -15.818 0.0000000000
113281  43.946  35.426  -15.496 0.0000000000
110412  44.310  31.611  -18.034 0.0000000000
111105  44.754  32.789  -17.811 0.0000000000
111118  44.667  32.643  -18.072 0.0000000000
111117  44.924  33.358  -18.199 0.0000000000
134396  44.323  32.082  -18.216 0.0000000000
111128  43.709  31.748  -18.463 0.0000000000
109709  42.878  30.327  -18.546 0.0000000000
106714  42.062  26.524  -17.394 0.0000000000
107412  41.759  27.665  -17.914 0.0000000000
106715  41.352  26.555  -17.239 0.0000000000
106708  40.687  26.063  -16.588 0.0000000000
156509  40.996  25.460  -16.386 0.0000000000
105420  43.474  23.947  -15.523 0.0000000000
105428  42.769  24.320  -15.846 0.0000000000
104758  43.544  22.908  -15.561 0.0000000000
103331  42.485  20.578  -13.856 0.0000000000
104069  42.389  21.795  -14.974 0.0000000000
104753  41.708  22.162  -14.907 0.0000000000
104761  41.189  23.249  -15.303 0.0000000000
104059  41.492  21.935  -13.836 0.0000000000
104745  40.264  23.380  -13.462 0.0000000000
104041  41.377  22.193  -12.813 0.0000000000
105383  42.118  24.251  -11.969 0.0000000000
104724  41.510  23.177  -12.076 0.0000000000
149307  41.823  25.195  -11.582 0.0000000000
106011  41.377  25.971  -11.101 0.0000000000
107322  43.256  27.783  -8.703 0.0000000000
108160  42.311  28.164  -7.926 0.0000000000
108138  42.910  28.512  -7.386 0.0000000000
131777  43.353  28.858  -4.389 0.0000000000
108101  42.670  28.916  -5.312 0.0000000000
108060  42.789  28.320  -3.773 0.0000000000
107299  42.300  27.696  -3.326 0.0000000000
107284  42.921  27.225  -2.973 0.0000000000
106608  45.786  26.657  -2.357 0.0000000000
107282  45.311  27.460  -2.554 0.0000000000
105980  45.402  25.774  -2.594 0.0000000000
104694  44.550  23.311  -4.106 0.0000000000
105346  44.353  24.792  -2.854 0.0000000000
105355  44.119  23.936  -3.218 0.0000000000
105347  43.630  24.580  -2.686 0.0000000000
104681  43.368  23.707  -2.940 0.0000000000
104696  42.989  22.877  -3.557 0.0000000000
103982  43.357  22.373  -4.751 0.0000000000
102586  42.946  20.975  -6.603 0.0000000000
103278  42.384  21.038  -6.712 0.0000000000
131971  41.911  20.756  -6.613 0.0000000000
133878  41.057  20.506  -6.373 0.0000000000
132387  41.841  20.461  -5.550 0.0000000000
105331  50.686  24.491  -1.318 0.0000000000
105323  50.155  25.086  -0.749 0.0000000000
131843  51.400  23.542  -2.822 0.0000000000
103257  50.977  21.432  -4.310 0.0000000000
103994  50.966  21.871  -4.965 0.0000000000
103273  50.446  21.538  -4.931 0.0000000000
136900  49.266  21.383  -5.718 0.0000000000
103259  48.910  20.759  -4.849 0.0000000000
103206  47.697  21.259  0.413 0.0000000000
156802  48.315  21.454  -1.113 0.0000000000
144758  47.174  21.435  -0.196 0.0000000000
108120  39.079  28.579  -6.681 0.0000000000
132583  39.352  28.564  -6.012 0.0000000000
134471  40.749  28.527  -6.736 0.0000000000
108119  41.282  28.599  -6.386 0.0000000000
106029  39.367  24.767  -11.495 0.0000000000
106013  38.642  25.269  -11.219 0.0000000000
145886  38.975  26.044  -10.845 0.0000000000
107356  38.870  26.735  -10.461 0.0000000000
107345  37.726  27.302  -9.720 0.0000000000
107327  37.473  27.906  -9.030 0.0000000000
107326  38.426  27.995  -9.191 0.0000000000
138910  39.067  28.381  -8.411 0.0000000000
107198  51.303  27.553  9.104 0.0000000000
106523  51.975  27.030  7.770 0.0000000000
106524  51.386  26.644  8.346 0.0000000000
105896  50.946  25.947  6.668 0.0000000000
158960  50.128  25.343  5.113 0.0000000000
106683  47.460  26.079  -13.077 0.0000000000
107371  48.405  27.200  -12.334 0.0000000000
108187  48.374  28.432  -11.746 0.0000000000
108929  48.189  29.831  -10.931 0.0000000000
110350  48.149  31.028  -10.102 0.0000000000
112326  45.117  34.336  3.369 0.0000000000
112338  44.919  34.408  2.381 0.0000000000
110934  43.229  32.621  3.953 0.0000000000
109663  44.255  30.138  -12.129 0.0000000000
108949  43.633  29.560  -12.582 0.0000000000
108948  44.604  29.516  -12.539 0.0000000000
108199  44.936  28.814  -12.871 0.0000000000
108207  45.251  28.012  -13.110 0.0000000000
106686  45.003  26.617  -13.853 0.0000000000
107373  46.206  27.702  -12.938 0.0000000000
107378  46.555  26.788  -13.290 0.0000000000
108035  48.907  28.638  -2.041 0.0000000000
107267  47.743  27.689  -1.839 0.0000000000
107266  48.518  27.315  -1.495 0.0000000000
105969  48.740  25.549  -1.546 0.0000000000
105333  49.013  24.883  -1.761 0.0000000000
106614  40.382  26.666  -2.087 0.0000000000
106600  39.932  26.080  -1.462 0.0000000000
105973  40.430  25.288  -1.363 0.0000000000
144865  40.378  28.475  -17.715 0.0000000000
108238  40.156  29.197  -17.498 0.0000000000
156599  39.798  29.060  -16.240 0.0000000000
108965  39.483  29.010  -14.899 0.0000000000
158647  39.259  29.345  -14.419 0.0000000000
108108  35.287  28.613  -5.446 0.0000000000
152453  35.300  28.594  -4.739 0.0000000000
108041  35.333  28.208  -2.731 0.0000000000
107292  35.826  27.882  -2.125 0.0000000000
111716  44.654  33.586  -8.510 0.0000000000
140445  45.054  34.618  -8.357 0.0000000000
113201  44.697  35.989  -7.493 0.0000000000
113928  45.042  37.207  -6.766 0.0000000000
113204  40.902  35.072  -6.904 0.0000000000
112434  40.298  34.631  -7.279 0.0000000000
112433  41.311  34.692  -6.921 0.0000000000
111699  41.582  33.712  -7.104 0.0000000000
111008  41.962  32.943  -7.546 0.0000000000
111039  42.758  31.983  -9.069 0.0000000000
111007  42.912  32.910  -7.701 0.0000000000
111717  43.799  33.136  -7.989 0.0000000000
107977  49.798  29.241  3.515 0.0000000000
106548  50.117  27.357  2.813 0.0000000000
107222  50.764  27.570  3.619 0.0000000000
105918  51.593  26.007  3.075 0.0000000000
105282  52.803  25.005  2.136 0.0000000000
103902  54.151  23.226  3.076 0.0000000000
104613  54.161  24.313  3.356 0.0000000000
102492  54.196  21.033  2.383 0.0000000000
101886  52.745  20.071  1.522 0.0000000000
105382  43.244  24.377  -12.321 0.0000000000
106009  43.437  25.943  -11.174 0.0000000000
106025  43.889  25.197  -11.837 0.0000000000
106007  45.401  25.825  -11.182 0.0000000000
106649  45.833  26.422  -10.596 0.0000000000
152534  50.147  28.004  -9.197 0.0000000000
108171  50.034  27.710  -9.331 0.0000000000
108132  49.948  28.575  -8.498 0.0000000000
108906  49.748  29.288  -7.803 0.0000000000
108880  49.945  29.996  -6.057 0.0000000000
108866  49.842  30.010  -5.174 0.0000000000
109611  50.152  30.376  -5.374 0.0000000000
140954  50.769  31.072  -4.170 0.0000000000
137170  50.504  31.528  -3.063 0.0000000000
113936  48.208  36.803  -7.110 0.0000000000
152634  48.141  35.908  -7.488 0.0000000000
113178  47.815  35.881  -6.429 0.0000000000
112420  46.995  35.141  -5.670 0.0000000000
112410  46.333  34.642  -4.964 0.0000000000
145037  43.410  32.186  -0.592 0.0000000000
110962  43.851  32.852  -1.907 0.0000000000
110261  43.788  31.755  -1.144 0.0000000000
110260  44.407  31.448  -1.486 0.0000000000
109584  45.351  31.172  -1.634 0.0000000000
154793  46.303  31.321  -1.771 0.0000000000
109577  45.534  30.624  -0.962 0.0000000000
108837  45.583  30.093  -0.329 0.0000000000
159509  46.452  29.597  0.671 0.0000000000
145095  46.901  29.478  1.226 0.0000000000
108824  45.985  29.243  1.048 0.0000000000
107992  45.597  28.959  1.711 0.0000000000
107979  45.406  28.482  3.218 0.0000000000
149913  41.805  29.304  4.880 0.0000000000
107964  42.561  28.862  4.720 0.0000000000
131826  42.319  29.040  5.530 0.0000000000
107955  43.925  28.986  6.031 0.0000000000
117241  44.515  42.061  -10.304 0.0000000000
117249  44.834  41.836  -11.105 0.0000000000
116588  44.977  41.259  -11.793 0.0000000000
117252  45.276  40.942  -12.557 0.0000000000
115982  45.294  40.315  -12.821 0.0000000000
115387  45.202  38.962  -13.726 0.0000000000
114722  45.132  37.776  -14.660 0.0000000000
114691  40.220  37.000  -12.010 0.0000000000
114703  39.943  37.989  -12.196 0.0000000000
113982  41.079  35.734  -11.994 0.0000000000
148650  41.487  36.024  -12.489 0.0000000000
109684  41.924  31.205  -15.323 0.0000000000
147717  42.562  30.268  -16.162 0.0000000000
110393  42.531  31.103  -16.103 0.0000000000
111107  43.151  32.226  -16.475 0.0000000000
111106  44.026  32.294  -17.226 0.0000000000
110403  43.488  31.480  -16.943 0.0000000000
110402  43.996  30.933  -17.742 0.0000000000
108987  43.448  29.542  -18.079 0.0000000000
153996  42.943  29.369  -18.414 0.0000000000
107410  42.790  28.011  -17.829 0.0000000000
106713  42.460  26.827  -17.373 0.0000000000
106077  42.164  25.972  -16.916 0.0000000000
135256  44.823  22.910  -14.468 0.0000000000
104067  43.347  22.290  -15.156 0.0000000000
136910  43.770  22.348  -14.543 0.0000000000
104049  43.196  21.590  -14.001 0.0000000000
104039  42.455  21.270  -13.040 0.0000000000
104040  41.996  21.526  -12.857 0.0000000000
104735  42.858  22.154  -12.902 0.0000000000
152781  44.530  28.769  -7.684 0.0000000000
156086  43.450  28.764  -7.182 0.0000000000
108911  44.037  29.078  -7.001 0.0000000000
108884  44.457  29.429  -5.525 0.0000000000
150004  44.141  28.891  -3.947 0.0000000000
105352  46.393  24.045  -3.411 0.0000000000
105353  45.598  24.074  -3.446 0.0000000000
104693  45.318  23.424  -4.293 0.0000000000
104707  44.166  22.586  -4.974 0.0000000000
104001  43.778  21.716  -5.937 0.0000000000
104000  44.594  21.837  -6.032 0.0000000000
103288  44.468  21.023  -6.553 0.0000000000
102575  44.024  20.870  -6.461 0.0000000000
104668  52.463  23.114  -2.480 0.0000000000
104676  52.113  22.950  -3.373 0.0000000000
103980  52.673  21.975  -3.635 0.0000000000
136381  51.523  21.451  -3.743 0.0000000000
103246  49.992  21.293  -3.372 0.0000000000
108086  37.405  28.508  -4.538 0.0000000000
108065  37.676  28.182  -3.548 0.0000000000
107303  38.796  27.963  -3.582 0.0000000000
107302  39.562  27.693  -3.255 0.0000000000
108064  39.683  28.039  -3.973 0.0000000000
107288  39.874  27.254  -2.598 0.0000000000
107287  40.741  27.194  -2.709 0.0000000000
106613  41.216  26.579  -2.332 0.0000000000
105984  41.719  25.824  -2.094 0.0000000000
106057  39.360  25.324  -14.477 0.0000000000
106058  38.821  25.871  -13.999 0.0000000000
106047  38.082  25.713  -12.659 0.0000000000
105387  38.260  25.068  -11.468 0.0000000000
108165  37.297  28.330  -8.287 0.0000000000
108166  36.552  28.370  -7.969 0.0000000000
132974  36.992  28.637  -6.052 0.0000000000
113192  39.637  35.493  -6.391 0.0000000000
150428  40.531  35.430  -6.438 0.0000000000
113191  41.361  35.475  -6.501 0.0000000000
107953  51.459  28.893  6.676 0.0000000000
107958  51.725  28.522  5.973 0.0000000000
107211  52.152  27.999  6.615 0.0000000000
106532  53.155  26.936  6.033 0.0000000000
105906  53.610  25.871  5.142 0.0000000000
105895  52.094  26.248  6.323 0.0000000000
153753  52.642  25.915  5.660 0.0000000000
105267  53.592  25.024  4.555 0.0000000000
137732  53.125  23.055  3.493 0.0000000000
103183  53.732  21.453  3.543 0.0000000000
105393  46.425  23.267  -12.693 0.0000000000
105379  46.741  24.173  -12.261 0.0000000000
105378  47.414  24.616  -12.295 0.0000000000
106021  48.185  25.522  -11.694 0.0000000000
106646  49.482  26.524  -10.959 0.0000000000
107364  49.140  27.112  -11.761 0.0000000000
107363  49.815  26.959  -11.137 0.0000000000
108178  50.127  27.652  -9.777 0.0000000000
108916  50.076  28.569  -8.838 0.0000000000
149241  49.772  30.088  -8.119 0.0000000000
113143  46.062  35.811  -1.520 0.0000000000
112390  45.271  34.973  -2.102 0.0000000000
112381  45.268  34.926  -1.180 0.0000000000
112372  44.534  34.330  -0.677 0.0000000000
112364  43.884  33.826  -0.173 0.0000000000
111643  44.156  33.820  1.751 0.0000000000
111644  43.548  33.258  1.220 0.0000000000
111651  43.449  33.222  0.325 0.0000000000
110950  42.949  31.929  0.717 0.0000000000
110246  42.682  31.361  1.253 0.0000000000
109571  42.847  30.571  1.133 0.0000000000
108817  43.262  29.297  1.910 0.0000000000
155725  42.338  30.211  2.258 0.0000000000
108819  41.962  30.129  2.970 0.0000000000
109556  41.599  30.364  3.740 0.0000000000
110237  41.299  31.205  4.632 0.0000000000
109554  41.129  30.131  4.936 0.0000000000
108795  40.948  30.074  5.653 0.0000000000
109545  40.797  30.372  6.535 0.0000000000
109534  40.774  30.581  7.414 0.0000000000
115984  43.139  39.762  -12.653 0.0000000000
138408  41.534  32.016  -12.073 0.0000000000
111068  41.462  32.757  -12.661 0.0000000000
110375  41.788  31.199  -12.377 0.0000000000
141498  41.690  31.078  -13.180 0.0000000000
108959  42.331  29.394  -13.569 0.0000000000
108958  42.988  28.979  -13.090 0.0000000000
108964  42.324  29.196  -14.415 0.0000000000
108218  42.629  28.518  -14.976 0.0000000000
108224  42.962  27.667  -15.114 0.0000000000
107394  43.077  26.781  -15.507 0.0000000000
106705  42.804  26.333  -16.396 0.0000000000
106700  43.133  25.831  -15.414 0.0000000000
106062  44.430  24.247  -15.053 0.0000000000
106693  45.410  25.637  -14.280 0.0000000000
106055  45.392  24.542  -14.689 0.0000000000
104057  45.674  23.259  -14.314 0.0000000000
104046  46.151  23.138  -13.748 0.0000000000
104743  46.205  22.959  -13.265 0.0000000000
108869  46.708  29.519  -4.745 0.0000000000
108870  45.777  29.342  -4.327 0.0000000000
108859  46.440  29.228  -3.781 0.0000000000
107281  46.292  27.719  -2.339 0.0000000000
106598  46.641  26.713  -2.007 0.0000000000
106597  47.607  26.760  -1.686 0.0000000000
105971  47.116  26.035  -1.872 0.0000000000
141955  46.749  24.728  -2.628 0.0000000000
144560  46.994  23.444  -4.239 0.0000000000
104703  47.681  22.750  -5.216 0.0000000000
103997  47.445  21.843  -6.063 0.0000000000
103203  50.585  21.503  -0.521 0.0000000000
103219  49.731  21.582  -0.973 0.0000000000
103205  48.635  21.251  0.403 0.0000000000
104663  36.748  23.145  -0.272 0.0000000000
157565  38.419  26.751  -1.385 0.0000000000
105960  38.611  25.414  -0.585 0.0000000000
105974  39.232  25.744  -1.009 0.0000000000
105324  38.553  24.481  -0.503 0.0000000000
104661  38.349  23.547  -0.612 0.0000000000
103942  38.045  22.838  -0.914 0.0000000000
103959  37.589  22.566  -1.588 0.0000000000
145169  37.797  22.393  -2.428 0.0000000000
103264  38.948  21.816  -5.218 0.0000000000
102591  38.598  20.966  -5.896 0.0000000000
108982  39.897  30.153  -17.260 0.0000000000
110414  39.916  31.959  -17.326 0.0000000000
107390  38.874  27.706  -14.246 0.0000000000
108211  38.533  28.201  -13.644 0.0000000000
109642  46.187  30.896  -10.954 0.0000000000
110351  47.170  31.228  -10.438 0.0000000000
155391  46.270  31.561  -10.484 0.0000000000
111729  46.882  33.434  -9.295 0.0000000000
112447  47.150  34.975  -8.708 0.0000000000
112448  46.103  34.946  -8.677 0.0000000000
113218  46.819  35.755  -8.243 0.0000000000
113199  47.603  36.383  -7.643 0.0000000000
114641  47.588  37.447  -6.352 0.0000000000
150644  47.201  37.883  -4.580 0.0000000000
113897  46.538  37.215  -2.653 0.0000000000
113142  46.429  36.497  -0.988 0.0000000000
147228  46.057  35.667  0.188 0.0000000000
115367  38.570  38.624  -11.451 0.0000000000
114681  37.426  37.542  -10.593 0.0000000000
114693  38.666  37.696  -11.455 0.0000000000
114692  39.430  37.347  -11.734 0.0000000000
113984  39.704  36.462  -11.490 0.0000000000
112484  40.571  34.561  -11.167 0.0000000000
112450  39.851  34.133  -8.083 0.0000000000
112462  39.956  33.614  -9.834 0.0000000000
143068  40.497  33.718  -10.683 0.0000000000
111740  40.918  32.946  -10.922 0.0000000000
110368  41.799  31.455  -11.485 0.0000000000
110355  42.365  31.044  -11.096 0.0000000000
109643  43.080  30.876  -10.992 0.0000000000
110337  43.211  31.562  -9.791 0.0000000000
110354  43.728  31.150  -10.566 0.0000000000
109654  43.816  30.635  -11.482 0.0000000000
110366  44.663  30.996  -11.042 0.0000000000
110365  45.346  30.883  -11.249 0.0000000000
134401  49.658  28.314  0.864 0.0000000000
106571  49.638  26.222  0.101 0.0000000000
105934  49.708  25.480  0.977 0.0000000000
105322  50.833  24.559  -0.508 0.0000000000
105933  50.345  25.085  1.501 0.0000000000
105297  50.945  24.467  1.162 0.0000000000
104658  52.323  23.539  -1.189 0.0000000000
104667  53.203  22.692  -1.760 0.0000000000
103954  53.425  22.095  -2.085 0.0000000000
103217  52.727  21.474  -1.321 0.0000000000
106544  53.300  26.854  4.699 0.0000000000
105917  53.032  25.913  3.290 0.0000000000
105281  53.959  24.994  2.544 0.0000000000
104622  54.397  23.896  2.455 0.0000000000
104630  54.185  23.931  1.455 0.0000000000
104641  54.236  23.099  0.788 0.0000000000
103940  53.841  22.242  -0.589 0.0000000000
103216  53.463  21.660  -1.087 0.0000000000
102513  50.531  21.150  0.307 0.0000000000
106635  41.296  27.444  -9.328 0.0000000000
106634  42.074  27.112  -9.602 0.0000000000
106633  42.877  26.948  -9.769 0.0000000000
107340  43.468  27.340  -9.276 0.0000000000
106651  43.998  26.422  -10.540 0.0000000000
107339  44.389  27.364  -9.413 0.0000000000
107321  44.530  27.953  -8.854 0.0000000000
108157  45.117  28.468  -8.379 0.0000000000
108136  45.380  28.984  -7.669 0.0000000000
108909  46.242  29.362  -7.111 0.0000000000
148748  46.673  26.364  -10.707 0.0000000000
106629  46.537  26.876  -10.151 0.0000000000
108172  49.290  27.677  -9.094 0.0000000000
108173  48.081  27.864  -9.002 0.0000000000
108156  47.242  28.486  -8.557 0.0000000000
151425  47.070  29.010  -7.798 0.0000000000
108897  47.248  29.513  -6.461 0.0000000000
108867  48.327  29.579  -4.091 0.0000000000
108857  48.979  29.571  -3.415 0.0000000000
153734  49.599  29.915  -4.206 0.0000000000
155757  49.968  29.909  -3.446 0.0000000000
132792  49.768  29.633  -2.769 0.0000000000
108034  49.715  29.276  -2.024 0.0000000000
108842  50.348  29.727  -1.226 0.0000000000
108005  50.074  29.033  -0.500 0.0000000000
110334  47.697  31.848  -9.889 0.0000000000
110333  48.487  31.359  -9.411 0.0000000000
112445  48.250  34.654  -8.202 0.0000000000
111712  48.360  33.719  -8.135 0.0000000000
111034  48.467  31.944  -8.816 0.0000000000
110314  48.833  31.956  -8.147 0.0000000000
111006  49.230  31.976  -7.267 0.0000000000
110995  49.097  32.486  -6.482 0.0000000000
135948  45.364  35.053  -2.952 0.0000000000
111674  45.729  34.318  -4.284 0.0000000000
110970  44.525  33.048  -2.995 0.0000000000
111667  45.701  33.467  -3.838 0.0000000000
111673  46.464  33.720  -4.535 0.0000000000
111672  47.412  33.404  -4.913 0.0000000000
110985  48.314  32.954  -5.039 0.0000000000
139130  49.054  32.520  -5.106 0.0000000000
110965  49.397  32.254  -3.920 0.0000000000
110277  49.515  32.126  -3.042 0.0000000000
110266  50.190  31.630  -2.201 0.0000000000
109583  47.392  31.312  -1.354 0.0000000000
110258  48.655  31.665  -1.376 0.0000000000
132263  50.216  31.351  -1.439 0.0000000000
109574  49.992  30.853  -0.043 0.0000000000
107996  50.035  29.082  0.348 0.0000000000
134065  49.755  29.397  1.163 0.0000000000
131883  49.392  29.510  1.786 0.0000000000
107984  49.491  29.142  2.523 0.0000000000
132140  47.340  29.459  2.078 0.0000000000
108814  48.844  29.780  2.496 0.0000000000
108807  49.157  29.550  3.012 0.0000000000
131921  49.488  29.637  4.082 0.0000000000
108798  50.203  29.525  4.969 0.0000000000
107988  43.329  28.866  2.676 0.0000000000
133113  43.961  28.501  2.865 0.0000000000
107970  45.373  28.434  4.095 0.0000000000
107972  43.406  28.600  4.490 0.0000000000
108801  46.945  29.183  4.721 0.0000000000
108789  48.713  29.956  5.201 0.0000000000
135337  50.160  29.678  5.939 0.0000000000
133119  50.115  29.923  6.942 0.0000000000
108769  50.688  29.701  7.617 0.0000000000
108757  50.497  29.710  8.563 0.0000000000
107947  50.975  28.224  9.322 0.0000000000
116002  45.552  40.047  -14.510 0.0000000000
116600  45.440  40.420  -13.242 0.0000000000
116001  45.662  39.509  -14.495 0.0000000000
134350  45.799  38.857  -14.988 0.0000000000
115415  45.749  37.831  -16.592 0.0000000000
141161  45.726  36.601  -17.629 0.0000000000
113308  45.557  35.011  -18.156 0.0000000000
115377  42.641  39.065  -12.993 0.0000000000
114712  42.960  38.459  -13.371 0.0000000000
111762  41.580  33.485  -13.259 0.0000000000
111094  41.816  32.326  -15.185 0.0000000000
114000  43.212  36.974  -13.929 0.0000000000
114711  43.481  37.850  -13.819 0.0000000000
114723  44.070  37.386  -14.379 0.0000000000
114019  44.262  36.213  -15.247 0.0000000000
113280  44.721  35.803  -15.870 0.0000000000
112530  44.411  34.070  -16.635 0.0000000000
112529  45.219  34.398  -17.261 0.0000000000
153250  45.380  34.991  -16.968 0.0000000000
112528  45.607  34.789  -17.741 0.0000000000
111803  45.181  33.900  -18.176 0.0000000000
111812  44.889  33.671  -18.344 0.0000000000
141847  43.694  32.596  -18.531 0.0000000000
108245  41.164  29.297  -18.483 0.0000000000
139224  42.031  28.894  -18.499 0.0000000000
107413  41.309  28.465  -18.300 0.0000000000
108237  40.592  28.816  -18.151 0.0000000000
107400  40.611  27.019  -16.930 0.0000000000
137881  40.023  26.084  -15.920 0.0000000000
106065  39.701  25.728  -15.296 0.0000000000
106070  42.877  25.211  -15.829 0.0000000000
106071  42.344  25.187  -16.138 0.0000000000
105429  42.342  24.127  -15.968 0.0000000000
104759  42.746  22.532  -15.639 0.0000000000
104765  42.346  23.234  -15.940 0.0000000000
105430  41.863  23.910  -15.973 0.0000000000
105423  40.724  24.257  -15.543 0.0000000000
105424  39.957  24.766  -15.069 0.0000000000
105414  39.692  24.353  -14.072 0.0000000000
104739  39.960  23.306  -12.274 0.0000000000
104726  39.887  23.543  -11.842 0.0000000000
104737  41.415  22.616  -12.392 0.0000000000
104725  40.600  23.430  -11.822 0.0000000000
105385  39.901  24.041  -11.596 0.0000000000
106028  40.282  25.202  -11.403 0.0000000000
107324  41.673  27.870  -8.452 0.0000000000
108140  41.320  28.440  -7.183 0.0000000000
132771  41.868  28.774  -5.863 0.0000000000
108117  43.210  28.933  -6.689 0.0000000000
108118  42.552  28.917  -6.226 0.0000000000
134294  41.729  28.564  -4.905 0.0000000000
108061  41.985  28.247  -3.995 0.0000000000
106612  42.022  26.524  -2.546 0.0000000000
140764  42.309  25.064  -2.083 0.0000000000
134800  45.300  28.602  -3.229 0.0000000000
108059  44.528  28.522  -3.404 0.0000000000
159140  44.234  27.977  -3.028 0.0000000000
105345  45.099  24.926  -2.921 0.0000000000
105981  44.520  25.713  -2.676 0.0000000000
106610  44.061  26.543  -2.670 0.0000000000
149045  43.381  26.049  -2.615 0.0000000000
149258  43.108  25.239  -2.430 0.0000000000
103968  42.157  22.602  -3.287 0.0000000000
103984  41.674  22.045  -4.311 0.0000000000
104002  42.940  21.607  -5.979 0.0000000000
104003  42.015  21.637  -5.972 0.0000000000
103279  41.286  21.113  -6.810 0.0000000000
102595  40.404  20.994  -6.961 0.0000000000
105959  49.711  25.734  -0.649 0.0000000000
105332  49.898  24.773  -1.585 0.0000000000
105341  49.574  24.309  -2.331 0.0000000000
136709  51.391  23.107  -3.805 0.0000000000
104688  50.693  23.063  -4.216 0.0000000000
104689  49.829  23.188  -4.203 0.0000000000
104702  49.430  22.298  -5.188 0.0000000000
103996  48.475  21.756  -5.850 0.0000000000
103276  47.890  20.877  -6.122 0.0000000000
103233  49.860  21.548  -2.095 0.0000000000
103247  49.095  21.351  -2.653 0.0000000000
150979  48.456  21.141  -3.332 0.0000000000
103222  46.534  21.346  -0.823 0.0000000000
103248  47.585  21.188  -2.638 0.0000000000
143785  47.833  20.876  -4.010 0.0000000000
133012  47.318  20.705  -5.666 0.0000000000
102573  46.816  20.908  -6.184 0.0000000000
102561  45.282  20.618  -5.240 0.0000000000
134827  44.270  20.574  -5.301 0.0000000000
105269  49.639  24.834  4.575 0.0000000000
104617  49.765  23.613  3.874 0.0000000000
103167  50.594  21.404  4.293 0.0000000000
103185  51.229  22.025  3.811 0.0000000000
101876  54.112  20.485  2.772 0.0000000000
102493  53.695  20.315  1.968 0.0000000000
102499  52.059  20.392  1.098 0.0000000000
102500  50.465  20.480  0.978 0.0000000000
102574  45.727  20.878  -6.187 0.0000000000
102576  43.501  20.677  -6.063 0.0000000000
102580  38.198  20.911  -5.689 0.0000000000
102587  41.030  20.942  -6.869 0.0000000000
102588  40.298  20.854  -6.788 0.0000000000
102589  39.697  21.033  -6.790 0.0000000000
102596  40.081  21.023  -6.954 0.0000000000
102597  39.800  21.054  -6.883 0.0000000000
103186  50.279  22.002  3.965 0.0000000000
103188  54.372  21.817  2.322 0.0000000000
103202  53.026  21.393  -0.323 0.0000000000
103204  49.624  21.422  -0.028 0.0000000000
103221  48.014  21.494  -0.338 0.0000000000
103230  53.249  21.883  -2.568 0.0000000000
103232  51.912  21.535  -2.068 0.0000000000
103234  48.986  21.482  -1.530 0.0000000000
103243  52.266  21.701  -3.749 0.0000000000
103245  50.736  21.298  -3.883 0.0000000000
103256  51.686  21.621  -4.143 0.0000000000
103258  50.016  21.084  -4.549 0.0000000000
103260  48.031  20.711  -5.341 0.0000000000
103272  51.334  21.768  -4.559 0.0000000000
103274  49.393  21.093  -5.467 0.0000000000
103275  48.658  21.023  -6.048 0.0000000000
103280  40.303  21.384  -6.551 0.0000000000
103281  39.460  21.414  -6.182 0.0000000000
103285  47.976  21.178  -6.265 0.0000000000
103289  43.847  21.033  -6.584 0.0000000000
103290  40.450  21.013  -6.990 0.0000000000
103317  42.351  20.904  -13.356 0.0000000000
103323  42.659  20.778  -14.077 0.0000000000
103324  42.667  20.804  -13.638 0.0000000000
103330  42.581  20.949  -14.327 0.0000000000
103903  53.470  22.346  3.414 0.0000000000
103904  52.178  22.535  3.559 0.0000000000
103905  50.444  22.749  3.730 0.0000000000
103953  53.656  22.397  -1.117 0.0000000000
103956  40.040  22.624  -1.917 0.0000000000
103981  52.054  21.860  -4.236 0.0000000000
103995  50.094  21.611  -5.336 0.0000000000
104008  44.176  21.119  -6.560 0.0000000000
104038  43.078  21.622  -13.438 0.0000000000
104047  45.620  22.955  -13.824 0.0000000000
104048  44.533  22.579  -14.009 0.0000000000
104058  42.081  20.965  -14.293 0.0000000000
104068  42.785  21.793  -14.884 0.0000000000
104614  53.517  23.800  3.686 0.0000000000
104616  50.819  23.657  3.648 0.0000000000
104656  53.871  22.760  -0.188 0.0000000000
104671  39.626  23.180  -1.260 0.0000000000
104675  52.798  22.386  -3.291 0.0000000000
104678  49.185  23.822  -3.172 0.0000000000
104687  52.099  22.357  -4.031 0.0000000000
104700  51.260  22.433  -4.508 0.0000000000
104706  44.982  22.768  -5.238 0.0000000000
104731  47.011  23.470  -12.961 0.0000000000
104732  46.606  23.103  -12.949 0.0000000000
104734  45.179  22.767  -13.110 0.0000000000
104736  42.044  22.132  -12.547 0.0000000000
104744  40.879  22.568  -13.352 0.0000000000
104751  46.309  23.414  -14.033 0.0000000000
104752  44.873  23.200  -14.743 0.0000000000
104754  40.975  22.856  -14.315 0.0000000000
104757  44.172  22.818  -15.061 0.0000000000
105254  49.306  25.134  5.404 0.0000000000
105266  54.095  25.094  4.235 0.0000000000
105268  51.814  24.772  4.338 0.0000000000
105280  54.230  24.706  2.979 0.0000000000
105294  54.222  24.467  2.256 0.0000000000
105295  53.677  24.571  1.754 0.0000000000
105309  51.827  24.199  0.579 0.0000000000
105310  50.902  24.455  0.379 0.0000000000
105311  50.406  24.859  0.043 0.0000000000
105321  51.623  24.107  -0.309 0.0000000000
105340  50.544  24.150  -2.167 0.0000000000
105343  47.666  24.554  -2.465 0.0000000000
105348  42.875  24.345  -2.378 0.0000000000
105380  45.833  24.064  -12.257 0.0000000000
105411  46.141  23.932  -14.513 0.0000000000
105412  45.243  23.627  -14.783 0.0000000000
105422  41.390  23.762  -15.761 0.0000000000
105431  41.302  24.785  -16.087 0.0000000000
105886  50.714  26.091  7.698 0.0000000000
105897  49.869  25.628  6.974 0.0000000000
105908  51.247  25.701  5.566 0.0000000000
105915  54.136  25.391  3.928 0.0000000000
105916  53.907  25.604  3.479 0.0000000000
105922  53.438  25.453  2.868 0.0000000000
105923  51.991  25.410  2.636 0.0000000000
105925  49.921  25.930  1.794 0.0000000000
105968  49.480  25.354  -1.284 0.0000000000
105979  46.353  25.739  -2.297 0.0000000000
105983  42.554  25.871  -2.403 0.0000000000
106012  39.533  25.721  -11.120 0.0000000000
106014  37.725  25.251  -10.964 0.0000000000
106027  41.027  25.023  -11.539 0.0000000000
106045  39.082  24.923  -13.413 0.0000000000
106053  46.641  24.563  -14.141 0.0000000000
106054  46.077  24.822  -14.467 0.0000000000
106072  41.950  24.960  -16.244 0.0000000000
106505  51.214  27.140  9.319 0.0000000000
106510  51.524  27.070  8.810 0.0000000000
106511  51.106  26.820  9.122 0.0000000000
106533  52.445  26.795  6.638 0.0000000000
106540  53.550  26.612  5.399 0.0000000000
106543  53.811  26.270  4.755 0.0000000000
106547  52.916  26.488  3.917 0.0000000000
106550  50.464  26.438  2.679 0.0000000000
106596  48.594  26.383  -1.446 0.0000000000
106637  37.986  26.617  -10.300 0.0000000000
106645  49.773  26.692  -11.022 0.0000000000
106648  47.484  26.588  -10.504 0.0000000000
106657  37.389  25.748  -10.617 0.0000000000
106665  49.253  26.534  -11.419 0.0000000000
106666  48.919  26.108  -11.370 0.0000000000
106674  48.794  26.437  -12.138 0.0000000000
106684  46.690  26.015  -13.614 0.0000000000
106697  38.741  26.765  -14.214 0.0000000000
106709  40.079  26.811  -16.163 0.0000000000
106719  42.330  27.169  -17.668 0.0000000000
107210  52.889  27.316  6.130 0.0000000000
107213  53.319  27.129  5.625 0.0000000000
107214  52.530  27.751  5.839 0.0000000000
107217  52.677  27.432  5.097 0.0000000000
107265  49.179  27.829  -1.294 0.0000000000
107280  47.155  27.940  -2.169 0.0000000000
107283  43.672  27.445  -2.925 0.0000000000
107285  42.328  27.055  -2.880 0.0000000000
107298  43.058  27.846  -3.296 0.0000000000
107300  41.496  27.824  -3.562 0.0000000000
107323  42.484  27.806  -8.538 0.0000000000
107336  50.052  27.168  -10.054 0.0000000000
107337  49.518  27.170  -9.711 0.0000000000
107338  48.298  27.361  -9.515 0.0000000000
107341  42.682  27.403  -9.120 0.0000000000
107352  49.950  26.851  -10.680 0.0000000000
107379  45.600  27.177  -13.417 0.0000000000
107405  42.643  27.334  -17.624 0.0000000000
107406  41.815  27.007  -17.613 0.0000000000
107954  50.795  29.485  6.760 0.0000000000
107963  43.201  28.758  5.360 0.0000000000
107969  46.252  28.760  4.110 0.0000000000
107971  44.352  28.424  4.296 0.0000000000
107976  50.503  28.639  3.977 0.0000000000
107978  46.270  28.815  3.329 0.0000000000
107980  44.543  28.354  3.438 0.0000000000
107985  46.290  29.004  2.460 0.0000000000
107986  45.400  28.685  2.446 0.0000000000
107987  44.637  28.514  2.643 0.0000000000
107990  49.563  28.691  1.694 0.0000000000
107994  43.946  28.751  2.171 0.0000000000
108018  48.620  28.095  -1.724 0.0000000000
108037  45.566  28.146  -2.706 0.0000000000
108038  44.880  28.079  -2.835 0.0000000000
108058  47.057  28.979  -3.253 0.0000000000
108081  44.956  29.095  -3.957 0.0000000000
108083  40.798  28.446  -4.889 0.0000000000
108103  40.008  28.536  -6.464 0.0000000000
108137  43.665  28.565  -7.608 0.0000000000
108139  42.119  28.427  -7.305 0.0000000000
108153  50.074  28.138  -8.878 0.0000000000
108159  43.090  28.176  -8.084 0.0000000000
108161  41.682  28.224  -7.774 0.0000000000
108163  40.144  28.205  -8.356 0.0000000000
108185  50.057  27.270  -10.519 0.0000000000
108186  49.413  27.774  -11.292 0.0000000000
108196  47.853  27.996  -12.277 0.0000000000
108210  42.598  28.625  -13.888 0.0000000000
108220  39.106  28.751  -14.199 0.0000000000
108225  39.754  28.523  -15.765 0.0000000000
108229  43.081  28.091  -16.847 0.0000000000
108230  42.943  28.817  -16.212 0.0000000000
108231  40.498  27.865  -17.279 0.0000000000
108232  40.045  28.625  -16.821 0.0000000000
108236  43.080  28.470  -17.672 0.0000000000
108243  43.154  28.820  -18.083 0.0000000000
108244  42.663  28.410  -18.189 0.0000000000
108738  50.422  29.079  9.437 0.0000000000
108770  50.061  30.154  7.852 0.0000000000
108778  49.403  29.957  6.083 0.0000000000
108786  41.151  29.782  6.347 0.0000000000
108792  45.793  29.106  5.740 0.0000000000
108803  41.468  29.837  4.373 0.0000000000
108804  41.309  29.764  5.085 0.0000000000
108810  47.090  29.219  3.890 0.0000000000
108812  41.797  29.806  3.674 0.0000000000
108815  48.166  29.682  2.772 0.0000000000
108822  49.021  30.114  1.786 0.0000000000
108829  50.033  30.075  0.525 0.0000000000
108836  50.370  30.002  -0.290 0.0000000000
108848  50.450  30.055  -2.151 0.0000000000
108868  47.712  29.583  -4.641 0.0000000000
108871  44.256  29.213  -4.641 0.0000000000
108885  43.607  29.232  -5.331 0.0000000000
108886  43.156  29.172  -5.952 0.0000000000
108894  49.858  29.904  -6.923 0.0000000000
108936  48.929  28.824  -11.134 0.0000000000
108938  46.838  29.533  -11.757 0.0000000000
109533  41.005  30.061  6.957 0.0000000000
109553  41.269  30.523  4.437 0.0000000000
109561  49.118  30.462  1.143 0.0000000000
109563  42.718  29.979  1.735 0.0000000000
109568  46.496  29.982  0.121 0.0000000000
109573  50.411  31.033  -1.028 0.0000000000
109575  49.195  31.182  -0.075 0.0000000000
109576  46.568  30.511  -0.571 0.0000000000
109582  50.688  31.080  -1.878 0.0000000000
109585  44.791  30.909  -1.145 0.0000000000
109593  50.756  30.829  -4.017 0.0000000000
109599  50.516  30.816  -4.825 0.0000000000
109633  49.862  29.410  -8.654 0.0000000000
109640  48.677  30.164  -10.243 0.0000000000
109641  47.169  30.449  -10.928 0.0000000000
109652  45.620  30.486  -11.615 0.0000000000
109653  44.859  30.610  -11.695 0.0000000000
109678  41.714  30.954  -14.590 0.0000000000
109683  42.062  30.484  -15.348 0.0000000000
109699  43.622  30.249  -18.169 0.0000000000
109701  39.931  31.099  -17.326 0.0000000000
109711  41.131  31.044  -18.369 0.0000000000
110221  40.563  31.068  6.820 0.0000000000
110230  40.755  30.810  5.962 0.0000000000
110238  40.975  30.654  5.157 0.0000000000
110241  41.533  30.994  3.908 0.0000000000
110249  43.349  30.985  0.059 0.0000000000
110250  43.008  31.167  0.597 0.0000000000
110252  49.561  31.399  -0.802 0.0000000000
110255  43.608  31.315  -0.487 0.0000000000
110259  46.361  30.915  -1.242 0.0000000000
110275  50.884  31.092  -3.527 0.0000000000
110283  50.396  31.346  -4.711 0.0000000000
110290  50.266  31.202  -5.497 0.0000000000
110352  45.408  31.421  -10.663 0.0000000000
110382  41.489  31.622  -13.926 0.0000000000
110404  39.371  31.546  -16.777 0.0000000000
110903  41.888  32.661  6.320 0.0000000000
110942  43.398  32.907  2.522 0.0000000000
110945  43.184  32.717  1.685 0.0000000000
110952  43.270  32.486  0.119 0.0000000000
110954  44.001  32.151  -1.788 0.0000000000
110955  43.623  32.593  -1.298 0.0000000000
110961  44.270  32.567  -2.391 0.0000000000
110975  49.710  32.067  -4.702 0.0000000000
110976  48.794  32.561  -4.430 0.0000000000
110977  47.883  32.856  -4.318 0.0000000000
110978  47.063  33.124  -4.304 0.0000000000
110983  49.601  32.075  -5.593 0.0000000000
111005  49.908  30.877  -6.947 0.0000000000
111018  48.215  32.895  -8.569 0.0000000000
111019  47.956  32.356  -9.268 0.0000000000
111022  42.338  32.437  -8.303 0.0000000000
111023  41.370  32.608  -8.267 0.0000000000
111035  46.356  32.723  -9.737 0.0000000000
111038  43.688  32.034  -9.220 0.0000000000
111059  41.319  32.135  -11.160 0.0000000000
111083  41.546  32.433  -14.467 0.0000000000
111119  44.554  32.113  -17.926 0.0000000000
111604  43.880  33.264  4.200 0.0000000000
111658  43.817  33.335  -1.496 0.0000000000
111697  43.389  33.562  -7.489 0.0000000000
111783  41.868  33.021  -15.061 0.0000000000
111793  44.963  33.608  -17.575 0.0000000000
111794  44.184  33.216  -16.941 0.0000000000
111795  43.264  32.923  -16.339 0.0000000000
112373  43.929  33.745  -0.960 0.0000000000
112401  45.452  34.884  -3.706 0.0000000000
112421  46.561  35.573  -5.136 0.0000000000
112430  48.258  35.142  -7.720 0.0000000000
112435  39.551  34.771  -7.962 0.0000000000
112537  45.477  34.531  -18.091 0.0000000000
112538  45.419  34.054  -17.990 0.0000000000
112547  45.192  34.408  -18.347 0.0000000000
113102  46.512  36.617  1.309 0.0000000000
113103  46.250  35.877  1.643 0.0000000000
113136  46.013  35.707  -0.692 0.0000000000
113152  46.155  36.012  -2.394 0.0000000000
113190  48.284  36.553  -6.965 0.0000000000
113200  46.625  36.641  -7.702 0.0000000000
113203  42.023  35.106  -6.808 0.0000000000
113247  41.112  34.957  -11.785 0.0000000000
113248  40.570  35.340  -11.466 0.0000000000
113249  39.916  35.679  -11.206 0.0000000000
113257  41.486  35.358  -12.362 0.0000000000
113273  43.440  35.819  -14.773 0.0000000000
113289  45.680  35.548  -17.350 0.0000000000
113290  45.392  35.739  -16.555 0.0000000000
113919  47.379  37.533  -5.545 0.0000000000
113926  48.095  37.183  -6.834 0.0000000000
114009  44.670  36.997  -15.016 0.0000000000
114033  45.798  36.059  -17.476 0.0000000000
114633  47.117  38.128  -5.028 0.0000000000
114649  47.537  37.540  -6.602 0.0000000000
114680  38.095  37.143  -11.026 0.0000000000
114702  40.728  37.681  -12.444 0.0000000000
114733  45.512  37.468  -15.326 0.0000000000
114743  45.892  36.854  -16.917 0.0000000000
115359  37.952  38.079  -11.108 0.0000000000
115397  45.766  38.230  -14.968 0.0000000000
115974  36.787  38.974  -10.195 0.0000000000
115994  45.616  39.912  -13.864 0.0000000000
116606  45.421  40.431  -13.964 0.0000000000
116619  45.013  40.584  -15.234 0.0000000000
117911  44.346  42.660  -9.955 0.0000000000
131819  45.501  36.759  -7.378 0.0000000000
132085  48.423  29.822  1.993 0.0000000000
132210  36.954  28.414  -3.899 0.0000000000
132505  50.021  30.177  -6.810 0.0000000000
132520  35.935  28.659  -4.997 0.0000000000
132582  37.842  28.593  -5.984 0.0000000000
133441  44.428  35.095  -7.655 0.0000000000
133697  41.998  30.264  -13.231 0.0000000000
134249  43.493  30.916  -18.408 0.0000000000
134504  41.489  29.743  6.934 0.0000000000
135111  41.950  28.625  -6.641 0.0000000000
135163  43.678  29.960  -17.987 0.0000000000
135177  54.083  21.836  0.587 0.0000000000
135720  44.980  32.274  -2.775 0.0000000000
136068  54.442  23.283  1.676 0.0000000000
137927  51.267  26.705  3.467 0.0000000000
138008  44.501  27.372  -2.728 0.0000000000
139659  43.918  27.728  -8.906 0.0000000000
139935  45.297  29.547  -5.722 0.0000000000
140143  51.647  27.578  8.405 0.0000000000
140178  43.101  27.557  -16.089 0.0000000000
140799  47.244  32.618  -9.540 0.0000000000
141665  49.543  27.139  -0.420 0.0000000000
141882  48.591  32.744  -7.890 0.0000000000
142254  47.503  21.370  -1.262 0.0000000000
142561  42.098  28.170  -18.186 0.0000000000
142684  45.217  34.222  4.207 0.0000000000
143950  47.666  28.802  -2.839 0.0000000000
144548  47.027  21.187  0.440 0.0000000000
144861  51.572  28.559  7.395 0.0000000000
144939  53.333  21.800  -1.827 0.0000000000
145499  40.627  22.852  -12.656 0.0000000000
145954  43.955  30.651  -18.019 0.0000000000
146085  42.485  30.718  1.766 0.0000000000
148018  46.270  32.709  -3.492 0.0000000000
148066  53.175  22.385  -2.611 0.0000000000
148292  42.684  31.852  -16.198 0.0000000000
148843  49.531  27.274  0.497 0.0000000000
150295  37.814  28.531  -7.821 0.0000000000
150659  50.233  29.558  0.044 0.0000000000
150665  37.514  40.012  -10.199 0.0000000000
150843  51.509  28.245  8.041 0.0000000000
151221  40.505  24.238  -11.564 0.0000000000
151407  48.128  26.533  -12.596 0.0000000000
151554  39.054  24.351  -12.434 0.0000000000
152661  50.590  26.995  3.137 0.0000000000
152894  40.824  28.053  -18.013 0.0000000000
153092  39.798  25.362  -1.137 0.0000000000
153321  38.878  24.688  -11.584 0.0000000000
153648  43.376  26.755  -2.755 0.0000000000
153719  51.315  28.787  5.480 0.0000000000
153894  45.203  34.099  -3.766 0.0000000000
153930  49.567  31.686  -1.536 0.0000000000
154038  44.911  34.301  -3.230 0.0000000000
154149  39.478  30.815  -16.782 0.0000000000
154463  52.924  21.774  -3.171 0.0000000000
154775  48.142  35.267  -8.062 0.0000000000
155363  48.716  30.237  1.464 0.0000000000
155442  51.360  24.176  -1.049 0.0000000000
155492  41.183  32.217  6.478 0.0000000000
155829  41.887  30.739  -12.774 0.0000000000
155846  40.704  28.567  -6.176 0.0000000000
157241  45.148  21.069  -6.436 0.0000000000
157394  41.960  31.387  3.527 0.0000000000
157413  46.529  36.446  -4.068 0.0000000000
157490  45.723  29.027  -3.639 0.0000000000
157516  40.898  27.883  -3.719 0.0000000000
157593  43.950  25.937  -2.630 0.0000000000
157654  39.347  27.163  -2.314 0.0000000000
157841  37.862  28.567  -7.264 0.0000000000
158300  49.637  24.349  4.127 0.0000000000
158592  45.459  34.992  0.290 0.0000000000
158791  50.989  28.965  8.923 0.0000000000
158866  44.171  32.333  -18.378 0.0000000000
159084  44.503  33.766  -2.955 0.0000000000
