#!ascii label  , from subject sub-v1s20x0050314_ses-1 vox2ras=TkReg
775
131170  21.037  -12.186  -23.922 0.0000000000
69014  25.569  -5.907  -30.472 0.0000000000
78265  19.702  3.299  -29.875 0.0000000000
124828  17.758  -1.053  -28.397 0.0000000000
127214  22.814  -17.050  -22.150 0.0000000000
128116  26.043  -14.414  -24.544 0.0000000000
66086  23.745  -8.740  -27.702 0.0000000000
71621  19.500  -3.008  -33.842 0.0000000000
137007  22.467  -1.762  -31.914 0.0000000000
78306  23.613  3.714  -37.676 0.0000000000
134769  17.457  6.198  -29.779 0.0000000000
61275  21.742  -14.542  -23.561 0.0000000000
59512  24.010  -16.179  -23.065 0.0000000000
62200  23.615  -13.550  -24.852 0.0000000000
69020  18.649  -6.187  -30.985 0.0000000000
70723  16.699  -4.023  -31.521 0.0000000000
76502  18.261  1.386  -29.385 0.0000000000
73532  21.376  -1.866  -30.562 0.0000000000
76536  21.599  1.466  -31.517 0.0000000000
76546  23.765  1.009  -33.805 0.0000000000
79147  22.354  3.217  -31.693 0.0000000000
118853  13.589  9.614  -25.801 0.0000000000
80851  13.248  6.920  -25.023 0.0000000000
83512  16.869  8.355  -29.782 0.0000000000
130244  24.585  -6.675  -29.426 0.0000000000
64147  27.136  -10.618  -27.849 0.0000000000
66103  28.613  -9.423  -31.247 0.0000000000
78237  15.298  3.557  -27.814 0.0000000000
132059  26.047  -3.990  -31.010 0.0000000000
142446  19.802  -9.827  -25.015 0.0000000000
139895  22.523  -10.302  -26.185 0.0000000000
66075  21.636  -8.109  -26.956 0.0000000000
69018  21.246  -5.849  -30.506 0.0000000000
70759  23.090  -3.876  -33.064 0.0000000000
127949  19.999  -3.168  -31.600 0.0000000000
73567  21.718  -1.559  -35.023 0.0000000000
71617  25.704  -4.009  -34.605 0.0000000000
73550  24.911  -1.153  -32.424 0.0000000000
118968  13.763  4.959  -26.748 0.0000000000
126013  18.653  5.118  -29.466 0.0000000000
118716  21.821  8.817  -29.583 0.0000000000
134765  23.229  6.960  -27.475 0.0000000000
119004  22.899  3.909  -29.109 0.0000000000
131186  23.877  6.175  -32.450 0.0000000000
63187  25.179  -11.787  -26.817 0.0000000000
63155  19.889  -11.767  -23.410 0.0000000000
62190  20.521  -13.161  -23.210 0.0000000000
132325  21.629  -13.858  -23.809 0.0000000000
61283  22.826  -14.153  -24.422 0.0000000000
63162  22.557  -12.694  -24.725 0.0000000000
77402  18.179  2.587  -29.283 0.0000000000
75603  19.762  1.053  -30.176 0.0000000000
77432  20.305  2.217  -30.520 0.0000000000
77444  21.854  2.321  -31.450 0.0000000000
78263  21.259  3.275  -30.396 0.0000000000
84390  15.531  9.918  -27.664 0.0000000000
83484  14.874  8.644  -28.151 0.0000000000
83499  17.000  9.488  -29.344 0.0000000000
69000  25.161  -6.136  -30.128 0.0000000000
67118  26.754  -7.873  -29.335 0.0000000000
136703  26.535  -7.308  -29.774 0.0000000000
77369  13.803  2.591  -28.254 0.0000000000
131763  13.800  3.153  -27.023 0.0000000000
59493  20.889  -16.466  -21.632 0.0000000000
58593  21.741  -17.700  -21.198 0.0000000000
58579  23.435  -18.063  -21.164 0.0000000000
58590  24.105  -17.545  -21.583 0.0000000000
134337  25.190  -15.580  -23.522 0.0000000000
60346  25.827  -16.183  -22.235 0.0000000000
129547  20.892  -8.942  -26.077 0.0000000000
67086  21.040  -7.842  -26.667 0.0000000000
70735  19.010  -4.794  -31.726 0.0000000000
69019  19.892  -6.110  -30.844 0.0000000000
70746  20.560  -3.578  -32.383 0.0000000000
70745  21.855  -3.130  -31.637 0.0000000000
71619  21.012  -3.515  -33.981 0.0000000000
71584  20.228  -4.197  -29.086 0.0000000000
72514  20.360  -3.183  -29.239 0.0000000000
73531  21.873  -1.564  -31.358 0.0000000000
72531  21.765  -2.806  -31.645 0.0000000000
72540  21.973  -2.607  -32.865 0.0000000000
72547  23.728  -3.073  -34.802 0.0000000000
142343  22.934  -3.214  -33.376 0.0000000000
72528  24.126  -2.928  -32.022 0.0000000000
73552  23.688  -1.602  -32.596 0.0000000000
77460  24.035  2.115  -36.272 0.0000000000
76545  24.505  1.239  -34.223 0.0000000000
118694  14.503  6.745  -27.798 0.0000000000
134857  13.549  5.249  -26.284 0.0000000000
134782  15.236  6.191  -27.877 0.0000000000
118399  15.990  5.376  -27.638 0.0000000000
118634  18.134  5.737  -29.528 0.0000000000
134758  23.213  6.198  -27.633 0.0000000000
118769  25.510  5.704  -29.497 0.0000000000
118408  24.060  4.713  -30.620 0.0000000000
65139  23.214  -9.805  -26.820 0.0000000000
64122  23.951  -11.267  -26.342 0.0000000000
64139  25.094  -11.109  -26.902 0.0000000000
64135  28.625  -11.276  -27.933 0.0000000000
64128  26.990  -11.851  -26.844 0.0000000000
60362  20.548  -15.186  -22.223 0.0000000000
60360  22.125  -15.941  -22.752 0.0000000000
59504  23.399  -16.486  -22.703 0.0000000000
60370  23.157  -15.437  -23.641 0.0000000000
60376  23.874  -15.114  -24.087 0.0000000000
61290  24.845  -13.900  -24.969 0.0000000000
68992  18.979  -6.107  -29.336 0.0000000000
69857  17.260  -5.054  -31.337 0.0000000000
71611  18.371  -2.819  -32.244 0.0000000000
75564  18.097  0.221  -28.895 0.0000000000
73519  19.926  -1.366  -29.452 0.0000000000
74578  19.787  -0.376  -29.691 0.0000000000
75601  21.077  0.207  -30.980 0.0000000000
75623  22.294  0.165  -32.355 0.0000000000
74620  23.028  -0.260  -32.858 0.0000000000
76535  22.327  1.119  -32.300 0.0000000000
77453  22.424  2.258  -33.524 0.0000000000
79155  22.465  4.126  -34.975 0.0000000000
82595  12.732  8.041  -23.035 0.0000000000
82614  13.552  8.348  -25.533 0.0000000000
82633  14.611  7.846  -28.032 0.0000000000
118401  17.775  6.774  -30.222 0.0000000000
67104  24.405  -7.804  -28.382 0.0000000000
66073  25.318  -9.501  -27.532 0.0000000000
66083  26.751  -9.078  -28.593 0.0000000000
65152  27.588  -10.417  -30.177 0.0000000000
74542  15.645  -0.196  -29.270 0.0000000000
76459  15.956  1.333  -28.907 0.0000000000
77384  16.235  2.449  -28.660 0.0000000000
78248  17.049  3.523  -28.556 0.0000000000
59490  24.620  -17.044  -22.043 0.0000000000
70729  25.667  -4.780  -31.151 0.0000000000
122087  26.731  -6.126  -30.436 0.0000000000
64102  20.162  -11.089  -24.418 0.0000000000
64114  21.666  -11.010  -25.162 0.0000000000
65112  21.247  -10.230  -25.541 0.0000000000
65131  22.310  -9.439  -26.718 0.0000000000
66087  22.526  -8.592  -27.422 0.0000000000
68124  20.173  -7.005  -29.387 0.0000000000
120931  21.411  -7.159  -29.963 0.0000000000
67122  22.159  -6.671  -28.608 0.0000000000
69016  22.723  -5.300  -29.807 0.0000000000
69879  23.860  -3.511  -31.613 0.0000000000
69878  24.499  -4.118  -31.745 0.0000000000
71600  18.092  -3.196  -31.806 0.0000000000
73562  18.378  -1.725  -34.134 0.0000000000
71590  21.450  -3.261  -30.786 0.0000000000
73561  20.059  -1.327  -34.124 0.0000000000
72575  20.132  -1.889  -35.550 0.0000000000
70767  21.885  -3.604  -35.220 0.0000000000
70773  23.906  -4.284  -35.326 0.0000000000
69887  25.618  -5.063  -33.687 0.0000000000
71595  24.868  -3.823  -31.670 0.0000000000
72527  25.340  -2.934  -31.553 0.0000000000
133634  24.286  -0.210  -33.064 0.0000000000
118389  14.119  3.993  -27.142 0.0000000000
118934  16.578  4.582  -28.044 0.0000000000
79120  19.244  4.385  -29.425 0.0000000000
118407  20.018  6.933  -30.892 0.0000000000
134808  20.311  6.662  -30.385 0.0000000000
118670  21.676  8.650  -28.730 0.0000000000
118723  19.619  7.518  -27.506 0.0000000000
118612  20.446  6.427  -26.792 0.0000000000
134913  21.437  4.669  -27.667 0.0000000000
119114  22.387  3.534  -29.483 0.0000000000
79136  22.197  3.777  -31.393 0.0000000000
79154  22.569  4.942  -33.381 0.0000000000
80036  23.073  5.950  -35.990 0.0000000000
63176  22.945  -12.182  -25.330 0.0000000000
62218  24.357  -12.445  -25.748 0.0000000000
62211  25.278  -13.257  -25.537 0.0000000000
63189  25.756  -11.613  -27.071 0.0000000000
62215  26.254  -12.592  -26.123 0.0000000000
63164  20.380  -11.710  -23.935 0.0000000000
63154  20.495  -12.416  -23.475 0.0000000000
62189  21.230  -13.044  -23.722 0.0000000000
62202  22.134  -13.438  -24.275 0.0000000000
63163  21.728  -12.463  -24.303 0.0000000000
77420  18.984  2.851  -29.663 0.0000000000
77433  19.690  2.576  -30.129 0.0000000000
78274  20.364  2.962  -30.318 0.0000000000
77431  21.074  2.487  -30.829 0.0000000000
78264  20.362  3.605  -29.892 0.0000000000
83483  15.828  9.618  -28.277 0.0000000000
138766  24.970  -5.534  -30.644 0.0000000000
68999  25.557  -6.480  -30.044 0.0000000000
123862  26.129  -6.575  -30.210 0.0000000000
59492  21.851  -17.053  -21.792 0.0000000000
58592  22.600  -17.643  -21.541 0.0000000000
58580  22.446  -18.208  -20.945 0.0000000000
58591  23.358  -17.520  -21.750 0.0000000000
60368  25.632  -15.093  -24.010 0.0000000000
60367  25.900  -15.350  -23.437 0.0000000000
61272  26.388  -14.819  -23.961 0.0000000000
67079  20.552  -8.384  -26.003 0.0000000000
67087  20.424  -7.424  -26.447 0.0000000000
71610  19.243  -3.455  -32.423 0.0000000000
70747  19.667  -4.040  -32.335 0.0000000000
71609  19.826  -3.327  -32.776 0.0000000000
70761  21.248  -3.437  -32.519 0.0000000000
71620  20.365  -3.342  -33.270 0.0000000000
72503  18.621  -2.499  -28.136 0.0000000000
73507  18.493  -1.499  -28.492 0.0000000000
73544  22.133  -2.359  -31.632 0.0000000000
72530  22.473  -2.979  -31.831 0.0000000000
72539  22.642  -3.290  -32.987 0.0000000000
142547  23.012  -3.344  -32.166 0.0000000000
71597  23.376  -3.083  -32.184 0.0000000000
73543  22.954  -2.527  -32.037 0.0000000000
137526  23.479  2.919  -37.173 0.0000000000
77459  25.045  2.215  -36.525 0.0000000000
118390  15.506  6.654  -28.924 0.0000000000
118598  14.738  6.458  -27.776 0.0000000000
118601  15.666  6.312  -28.520 0.0000000000
134753  16.487  5.864  -28.835 0.0000000000
123314  25.563  6.481  -28.380 0.0000000000
80883  25.667  6.509  -30.014 0.0000000000
118410  24.943  5.527  -30.256 0.0000000000
65148  23.091  -9.248  -27.302 0.0000000000
64141  24.116  -10.477  -26.730 0.0000000000
65147  23.814  -9.659  -27.144 0.0000000000
124958  29.322  -11.441  -27.423 0.0000000000
64127  28.146  -11.506  -27.102 0.0000000000
61263  21.168  -14.853  -22.941 0.0000000000
61264  20.354  -14.383  -22.593 0.0000000000
60361  21.453  -15.590  -22.595 0.0000000000
60371  22.131  -15.344  -23.244 0.0000000000
59514  22.815  -15.929  -23.009 0.0000000000
61273  23.201  -14.837  -24.129 0.0000000000
61282  23.665  -14.410  -24.467 0.0000000000
61281  24.415  -14.565  -24.451 0.0000000000
61291  24.185  -13.935  -24.828 0.0000000000
124769  18.339  -5.269  -30.228 0.0000000000
69849  18.970  -5.638  -29.262 0.0000000000
129399  17.168  -5.046  -30.837 0.0000000000
70737  17.016  -4.230  -32.138 0.0000000000
70724  16.158  -3.559  -32.056 0.0000000000
76477  17.930  0.877  -29.113 0.0000000000
74579  18.870  -0.060  -29.257 0.0000000000
75584  18.568  0.723  -29.392 0.0000000000
75625  20.974  1.076  -31.012 0.0000000000
75602  20.414  0.686  -30.522 0.0000000000
74610  21.709  -0.351  -31.607 0.0000000000
75624  21.667  0.636  -31.602 0.0000000000
78282  22.205  2.677  -32.548 0.0000000000
78291  22.496  2.960  -34.150 0.0000000000
79146  22.329  3.631  -33.011 0.0000000000
118647  13.705  10.572  -25.409 0.0000000000
83460  13.844  9.061  -24.612 0.0000000000
130273  13.440  8.567  -24.359 0.0000000000
82602  13.242  8.233  -24.651 0.0000000000
119406  13.619  9.044  -25.746 0.0000000000
83500  15.489  8.723  -28.657 0.0000000000
82632  15.056  7.917  -28.886 0.0000000000
118402  15.756  7.254  -29.378 0.0000000000
118406  16.724  7.431  -29.881 0.0000000000
67120  24.973  -7.125  -29.124 0.0000000000
67103  25.405  -7.832  -28.574 0.0000000000
67117  27.505  -8.915  -30.122 0.0000000000
66097  27.291  -9.720  -30.464 0.0000000000
65157  28.019  -10.101  -31.033 0.0000000000
64150  29.094  -11.371  -29.913 0.0000000000
75585  14.046  0.392  -29.527 0.0000000000
75568  13.880  1.170  -30.004 0.0000000000
75526  15.636  0.755  -29.116 0.0000000000
75547  14.362  1.378  -29.611 0.0000000000
78226  14.529  3.039  -27.954 0.0000000000
77368  14.883  2.331  -28.615 0.0000000000
77385  15.457  2.814  -28.374 0.0000000000
77404  16.914  2.743  -28.702 0.0000000000
78236  16.225  3.329  -28.257 0.0000000000
59503  24.280  -16.607  -22.648 0.0000000000
59479  25.627  -16.837  -20.854 0.0000000000
65114  19.437  -10.094  -24.579 0.0000000000
138640  19.933  -10.389  -24.774 0.0000000000
64115  20.712  -10.661  -24.921 0.0000000000
65113  20.361  -9.956  -25.282 0.0000000000
66065  21.255  -8.612  -26.469 0.0000000000
66064  21.493  -9.183  -26.406 0.0000000000
66074  21.908  -8.829  -26.821 0.0000000000
65140  22.511  -9.087  -27.102 0.0000000000
66088  22.115  -8.345  -27.263 0.0000000000
139408  19.702  -6.458  -29.194 0.0000000000
68108  20.620  -5.953  -28.345 0.0000000000
69870  20.793  -5.205  -31.242 0.0000000000
69004  20.760  -6.804  -30.214 0.0000000000
67123  21.383  -6.097  -29.119 0.0000000000
69003  21.639  -6.663  -30.094 0.0000000000
68121  22.836  -6.440  -28.992 0.0000000000
69017  22.128  -5.410  -29.823 0.0000000000
122433  21.898  -3.155  -32.408 0.0000000000
70732  22.518  -3.784  -31.062 0.0000000000
70744  23.079  -3.104  -31.691 0.0000000000
69867  24.002  -4.682  -30.992 0.0000000000
70743  23.904  -3.297  -31.911 0.0000000000
70720  20.495  -4.078  -30.346 0.0000000000
70721  19.271  -4.375  -30.310 0.0000000000
124802  19.175  -3.106  -31.988 0.0000000000
72534  18.111  -2.852  -32.213 0.0000000000
72543  19.403  -2.152  -32.822 0.0000000000
73518  20.701  -1.239  -30.006 0.0000000000
128311  21.080  -2.215  -30.000 0.0000000000
72512  21.366  -2.797  -30.344 0.0000000000
139710  21.570  -1.618  -34.175 0.0000000000
72541  21.009  -2.070  -33.002 0.0000000000
72550  20.830  -1.249  -34.419 0.0000000000
74636  19.606  -1.117  -35.218 0.0000000000
72574  21.127  -1.854  -35.467 0.0000000000
71645  21.004  -2.604  -35.372 0.0000000000
71644  21.973  -2.608  -35.285 0.0000000000
71633  25.022  -3.451  -34.989 0.0000000000
71643  23.743  -3.564  -35.401 0.0000000000
71632  25.616  -3.959  -35.407 0.0000000000
69894  24.491  -5.060  -34.829 0.0000000000
70756  25.821  -5.051  -35.609 0.0000000000
140687  25.591  -4.957  -33.514 0.0000000000
71607  25.074  -4.688  -32.960 0.0000000000
120941  24.654  -3.194  -31.799 0.0000000000
73542  24.994  -2.169  -31.963 0.0000000000
128670  25.831  -2.077  -31.522 0.0000000000
73541  25.588  -1.294  -31.899 0.0000000000
75636  23.149  0.740  -32.920 0.0000000000
74619  23.698  -0.637  -33.007 0.0000000000
138838  23.940  0.354  -33.322 0.0000000000
118677  12.585  6.399  -24.003 0.0000000000
118385  13.594  5.184  -26.471 0.0000000000
119413  13.470  4.820  -26.151 0.0000000000
118702  13.484  4.562  -26.372 0.0000000000
118380  13.439  3.956  -26.384 0.0000000000
118395  14.215  4.696  -27.076 0.0000000000
118699  17.108  5.222  -28.749 0.0000000000
118998  15.982  4.814  -27.488 0.0000000000
79098  17.152  4.832  -28.594 0.0000000000
80006  17.839  4.706  -29.021 0.0000000000
80002  18.991  4.865  -29.409 0.0000000000
118409  20.846  7.824  -31.105 0.0000000000
121930  20.742  7.603  -30.387 0.0000000000
142978  20.261  6.702  -30.773 0.0000000000
118839  21.087  8.455  -29.260 0.0000000000
118424  24.425  7.324  -28.208 0.0000000000
118421  23.840  8.281  -28.963 0.0000000000
118426  22.647  7.880  -28.312 0.0000000000
134919  20.250  8.241  -27.574 0.0000000000
118618  20.398  7.666  -26.869 0.0000000000
138945  19.409  7.088  -26.751 0.0000000000
118611  21.913  6.802  -26.911 0.0000000000
134877  23.118  4.759  -28.084 0.0000000000
134975  22.009  5.506  -27.394 0.0000000000
118690  22.510  4.157  -28.369 0.0000000000
118804  21.381  4.080  -28.716 0.0000000000
118972  21.819  4.123  -30.619 0.0000000000
80023  24.151  5.388  -31.128 0.0000000000
80024  23.320  5.284  -32.115 0.0000000000
127049  22.729  5.406  -35.008 0.0000000000
80029  23.382  6.226  -34.219 0.0000000000
64113  22.596  -11.368  -25.523 0.0000000000
63188  24.682  -11.570  -26.579 0.0000000000
63182  24.195  -11.844  -26.046 0.0000000000
63181  24.837  -11.986  -26.360 0.0000000000
62216  25.737  -12.551  -26.021 0.0000000000
65135  26.794  -9.896  -28.045 0.0000000000
65136  25.812  -10.217  -27.345 0.0000000000
64137  26.261  -10.798  -27.310 0.0000000000
63180  27.063  -12.357  -26.426 0.0000000000
62219  26.452  -12.306  -26.530 0.0000000000
62214  26.761  -12.620  -26.097 0.0000000000
62209  26.598  -13.109  -25.696 0.0000000000
61276  20.935  -13.939  -23.259 0.0000000000
61274  22.526  -14.796  -23.874 0.0000000000
61284  22.151  -14.194  -24.046 0.0000000000
62201  22.897  -13.347  -24.680 0.0000000000
76503  17.993  1.919  -29.298 0.0000000000
76501  19.058  1.385  -29.762 0.0000000000
76521  19.678  1.812  -30.233 0.0000000000
76519  20.917  1.822  -30.951 0.0000000000
127207  21.690  2.706  -30.951 0.0000000000
78283  21.997  2.752  -31.464 0.0000000000
118432  15.255  10.145  -27.009 0.0000000000
134106  14.594  9.220  -27.254 0.0000000000
83481  14.179  8.411  -27.142 0.0000000000
136351  15.273  9.305  -28.078 0.0000000000
137722  16.251  9.022  -29.000 0.0000000000
68130  24.498  -6.014  -29.893 0.0000000000
67119  25.780  -7.328  -29.294 0.0000000000
68118  25.929  -7.007  -29.738 0.0000000000
67130  27.678  -8.814  -30.901 0.0000000000
141852  13.840  2.885  -27.548 0.0000000000
78227  14.066  3.335  -27.338 0.0000000000
60347  20.429  -15.759  -21.735 0.0000000000
59494  20.027  -15.995  -21.161 0.0000000000
58594  21.104  -17.199  -21.289 0.0000000000
57691  23.096  -18.701  -20.570 0.0000000000
57690  23.969  -18.477  -20.462 0.0000000000
58578  24.405  -17.850  -20.836 0.0000000000
141886  24.684  -15.666  -23.535 0.0000000000
59502  25.069  -16.496  -22.518 0.0000000000
60358  25.465  -15.894  -22.955 0.0000000000
66046  20.097  -9.389  -25.341 0.0000000000
66057  20.428  -9.005  -25.707 0.0000000000
130886  19.205  -6.427  -30.385 0.0000000000
134417  19.803  -5.255  -31.370 0.0000000000
70734  20.430  -4.325  -31.870 0.0000000000
70733  21.590  -3.927  -31.579 0.0000000000
131693  21.275  -3.561  -31.985 0.0000000000
70760  21.810  -3.915  -33.820 0.0000000000
71583  20.990  -3.938  -29.651 0.0000000000
70711  21.245  -4.189  -29.921 0.0000000000
72522  21.741  -2.551  -30.946 0.0000000000
142372  21.823  -1.600  -34.754 0.0000000000
72560  22.406  -2.249  -34.781 0.0000000000
72549  22.256  -2.185  -34.091 0.0000000000
72548  22.987  -2.797  -34.087 0.0000000000
71618  24.056  -3.425  -33.964 0.0000000000
139630  24.338  -4.018  -33.054 0.0000000000
71608  23.178  -3.413  -32.607 0.0000000000
72529  23.710  -2.440  -32.223 0.0000000000
73551  24.322  -1.827  -32.400 0.0000000000
76553  23.935  1.345  -34.953 0.0000000000
76552  24.860  1.587  -35.636 0.0000000000
76544  25.096  1.464  -34.870 0.0000000000
134882  13.903  6.789  -27.202 0.0000000000
134754  13.235  6.432  -25.000 0.0000000000
118382  13.780  5.959  -26.790 0.0000000000
134856  13.846  5.630  -26.954 0.0000000000
118747  14.329  5.407  -27.115 0.0000000000
134940  15.231  5.727  -27.537 0.0000000000
134957  16.961  5.567  -28.960 0.0000000000
118791  19.037  5.228  -29.679 0.0000000000
118419  24.558  6.715  -27.819 0.0000000000
118933  23.993  6.087  -28.489 0.0000000000
118412  23.200  5.252  -29.487 0.0000000000
118900  23.028  4.344  -30.393 0.0000000000
118866  24.656  4.964  -29.851 0.0000000000
65130  22.823  -10.085  -26.498 0.0000000000
64123  23.063  -10.877  -25.992 0.0000000000
64131  23.704  -10.560  -26.551 0.0000000000
64140  24.697  -10.958  -26.742 0.0000000000
63191  24.994  -11.435  -26.776 0.0000000000
64146  27.922  -10.971  -28.477 0.0000000000
64136  27.571  -11.132  -27.513 0.0000000000
63184  27.696  -11.998  -26.635 0.0000000000
59507  21.012  -15.856  -22.078 0.0000000000
59506  21.721  -16.318  -22.254 0.0000000000
59505  22.514  -16.431  -22.534 0.0000000000
59513  23.514  -15.941  -23.188 0.0000000000
60369  24.101  -15.711  -23.554 0.0000000000
60375  24.746  -15.252  -23.966 0.0000000000
61280  25.226  -14.552  -24.480 0.0000000000
69856  18.071  -5.767  -30.404 0.0000000000
69007  17.733  -5.944  -30.963 0.0000000000
70736  17.828  -4.618  -31.912 0.0000000000
126620  18.634  -3.371  -32.333 0.0000000000
71622  19.186  -3.047  -32.887 0.0000000000
74563  17.526  -0.329  -28.568 0.0000000000
73520  19.147  -0.988  -29.088 0.0000000000
74562  18.321  -0.600  -28.739 0.0000000000
74594  19.958  0.376  -30.081 0.0000000000
74593  20.521  -0.163  -30.351 0.0000000000
74592  21.271  -0.808  -30.771 0.0000000000
74609  22.323  -0.824  -32.255 0.0000000000
73553  22.978  -1.223  -32.629 0.0000000000
76547  22.812  1.411  -33.631 0.0000000000
77443  22.146  1.921  -32.274 0.0000000000
77461  23.051  2.107  -34.804 0.0000000000
78299  22.834  2.864  -35.955 0.0000000000
79163  22.933  3.865  -36.797 0.0000000000
81710  13.352  7.648  -25.205 0.0000000000
82623  13.877  7.807  -27.045 0.0000000000
82622  14.108  7.879  -27.394 0.0000000000
118384  13.745  7.104  -26.937 0.0000000000
137074  14.363  7.206  -27.825 0.0000000000
118760  15.330  6.940  -29.147 0.0000000000
138739  18.046  6.278  -30.084 0.0000000000
67105  23.449  -7.768  -28.265 0.0000000000
65146  24.451  -9.622  -27.304 0.0000000000
66085  24.828  -8.652  -27.909 0.0000000000
66084  25.881  -8.662  -28.137 0.0000000000
66099  26.443  -8.141  -28.863 0.0000000000
65153  26.958  -9.935  -29.655 0.0000000000
65144  27.450  -10.346  -28.935 0.0000000000
64145  28.861  -11.501  -29.013 0.0000000000
74541  16.228  -0.698  -29.156 0.0000000000
74540  16.794  -0.098  -28.652 0.0000000000
127175  16.745  0.519  -28.801 0.0000000000
75566  16.679  1.161  -28.885 0.0000000000
76444  14.585  1.942  -29.147 0.0000000000
138260  16.260  1.813  -28.919 0.0000000000
76479  16.831  1.962  -28.926 0.0000000000
77403  17.488  2.262  -29.072 0.0000000000
130860  17.614  3.045  -28.921 0.0000000000
78267  18.340  3.501  -29.249 0.0000000000
59491  23.780  -17.111  -22.195 0.0000000000
59489  25.380  -16.742  -21.747 0.0000000000
69865  25.353  -5.215  -30.981 0.0000000000
139090  26.158  -5.891  -30.557 0.0000000000
69855  26.588  -5.399  -30.705 0.0000000000
63165  19.747  -11.303  -23.969 0.0000000000
64101  21.139  -11.526  -24.463 0.0000000000
64124  22.189  -10.565  -25.773 0.0000000000
65123  20.874  -9.465  -25.809 0.0000000000
124320  21.905  -9.841  -26.214 0.0000000000
129097  22.865  -8.320  -27.791 0.0000000000
67094  20.832  -6.886  -27.269 0.0000000000
67108  21.143  -6.394  -28.174 0.0000000000
69005  19.918  -6.908  -30.109 0.0000000000
68123  20.731  -7.130  -29.519 0.0000000000
66089  21.664  -7.431  -27.661 0.0000000000
67107  21.520  -6.528  -28.398 0.0000000000
67106  22.212  -7.638  -27.838 0.0000000000
139100  22.703  -7.527  -28.209 0.0000000000
134691  23.121  -6.997  -28.623 0.0000000000
68120  23.737  -6.572  -29.197 0.0000000000
69001  23.276  -5.979  -29.480 0.0000000000
120456  22.458  -4.690  -30.284 0.0000000000
69868  23.096  -4.546  -30.714 0.0000000000
69015  23.728  -5.403  -30.285 0.0000000000
119290  24.439  -5.373  -30.610 0.0000000000
133853  24.786  -4.817  -31.252 0.0000000000
70722  17.970  -4.826  -30.456 0.0000000000
71591  17.455  -3.676  -31.360 0.0000000000
72535  17.218  -2.919  -32.425 0.0000000000
141053  18.706  -2.755  -32.963 0.0000000000
71637  18.827  -2.494  -34.078 0.0000000000
121667  20.475  -2.193  -29.557 0.0000000000
72513  21.045  -3.030  -29.765 0.0000000000
71598  20.536  -3.402  -30.927 0.0000000000
72532  20.897  -3.000  -31.679 0.0000000000
72533  20.092  -2.575  -32.376 0.0000000000
72551  19.185  -1.613  -33.879 0.0000000000
73581  18.645  -1.657  -35.235 0.0000000000
71636  19.070  -2.526  -34.960 0.0000000000
71634  20.924  -3.299  -34.995 0.0000000000
141620  21.573  -3.915  -34.751 0.0000000000
70766  22.428  -4.282  -34.730 0.0000000000
127042  23.071  -2.796  -35.083 0.0000000000
70774  22.923  -4.092  -35.342 0.0000000000
70765  23.603  -4.586  -34.464 0.0000000000
70758  23.993  -4.477  -32.839 0.0000000000
122769  24.936  -4.858  -32.974 0.0000000000
69866  24.995  -4.832  -31.326 0.0000000000
70730  25.198  -4.829  -31.414 0.0000000000
129057  25.294  -4.299  -31.419 0.0000000000
135277  25.533  -3.589  -31.330 0.0000000000
71596  24.260  -3.794  -32.045 0.0000000000
74618  24.318  -0.956  -32.846 0.0000000000
75622  24.474  0.553  -33.155 0.0000000000
118946  13.664  3.653  -26.853 0.0000000000
135588  14.613  3.633  -27.466 0.0000000000
119719  15.152  5.099  -27.266 0.0000000000
118394  15.061  4.334  -27.354 0.0000000000
118393  16.002  4.146  -27.737 0.0000000000
79105  16.601  4.006  -28.233 0.0000000000
79122  18.048  4.217  -29.074 0.0000000000
125255  19.711  3.875  -29.612 0.0000000000
83511  17.537  9.018  -29.953 0.0000000000
82649  17.578  8.240  -30.219 0.0000000000
82654  19.637  7.614  -30.913 0.0000000000
81745  18.565  7.291  -30.570 0.0000000000
119008  18.654  6.779  -30.511 0.0000000000
134852  18.994  6.160  -30.324 0.0000000000
118640  19.929  5.978  -30.253 0.0000000000
136328  20.788  8.494  -28.230 0.0000000000
134768  20.140  6.411  -29.783 0.0000000000
134830  20.003  5.961  -29.907 0.0000000000
118430  19.394  5.688  -29.364 0.0000000000
136078  19.417  5.622  -28.425 0.0000000000
134865  20.262  5.438  -27.352 0.0000000000
134914  19.643  5.290  -28.102 0.0000000000
79103  19.551  4.737  -28.959 0.0000000000
79119  20.196  4.207  -29.284 0.0000000000
79118  21.117  3.748  -29.607 0.0000000000
79137  22.163  3.147  -30.754 0.0000000000
79135  22.657  4.488  -31.452 0.0000000000
79145  23.003  3.916  -31.506 0.0000000000
79162  22.770  5.025  -36.331 0.0000000000
80040  23.135  5.269  -36.901 0.0000000000
80910  24.292  6.828  -34.755 0.0000000000
80035  23.854  6.506  -35.798 0.0000000000
79168  24.619  5.600  -36.427 0.0000000000
79169  24.405  4.854  -37.248 0.0000000000
63177  22.126  -11.871  -24.900 0.0000000000
62213  23.292  -12.845  -25.061 0.0000000000
63183  23.492  -11.647  -25.849 0.0000000000
63175  23.707  -12.333  -25.600 0.0000000000
139352  23.869  -12.925  -25.354 0.0000000000
62212  24.440  -13.251  -25.346 0.0000000000
61289  25.640  -13.875  -25.059 0.0000000000
65137  25.017  -10.495  -27.079 0.0000000000
64138  25.455  -11.173  -27.056 0.0000000000
63186  25.615  -11.934  -26.932 0.0000000000
64129  26.589  -11.342  -27.196 0.0000000000
63185  26.144  -12.022  -26.929 0.0000000000
62220  25.973  -12.283  -26.632 0.0000000000
61279  26.378  -13.728  -25.158 0.0000000000
68117  26.900  -6.986  -30.062 0.0000000000
125247  27.298  -8.074  -29.635 0.0000000000
60359  24.684  -16.044  -23.134 0.0000000000
62210  26.007  -13.217  -25.657 0.0000000000
62217  25.048  -12.541  -25.882 0.0000000000
62221  25.451  -12.110  -26.534 0.0000000000
63174  27.315  -12.627  -26.018 0.0000000000
63190  25.355  -11.625  -26.928 0.0000000000
64130  24.452  -11.058  -26.636 0.0000000000
64151  28.130  -11.174  -29.669 0.0000000000
65138  24.448  -10.401  -26.865 0.0000000000
65145  26.172  -9.402  -27.814 0.0000000000
65156  28.820  -10.119  -31.117 0.0000000000
66098  27.124  -9.056  -29.541 0.0000000000
66102  29.289  -9.514  -31.247 0.0000000000
66104  27.862  -9.314  -31.085 0.0000000000
67093  21.317  -7.329  -27.314 0.0000000000
67121  24.066  -7.100  -28.821 0.0000000000
68109  19.287  -6.660  -29.751 0.0000000000
68119  25.226  -6.663  -29.709 0.0000000000
68122  21.757  -6.216  -29.737 0.0000000000
69002  22.473  -5.924  -29.339 0.0000000000
69006  18.570  -6.210  -30.331 0.0000000000
69031  25.629  -5.696  -35.200 0.0000000000
69034  25.787  -6.046  -35.016 0.0000000000
69035  25.165  -5.736  -34.880 0.0000000000
69858  16.746  -4.231  -31.675 0.0000000000
69864  25.933  -5.341  -30.834 0.0000000000
69869  21.841  -4.972  -30.948 0.0000000000
69871  19.012  -5.652  -31.271 0.0000000000
69872  18.148  -5.452  -31.362 0.0000000000
69877  25.016  -4.780  -32.476 0.0000000000
69885  25.983  -5.908  -35.158 0.0000000000
69886  26.051  -5.493  -34.552 0.0000000000
69888  24.638  -5.084  -33.875 0.0000000000
69892  25.773  -5.741  -34.978 0.0000000000
69893  25.003  -5.253  -34.833 0.0000000000
70712  20.513  -4.407  -29.735 0.0000000000
70731  24.923  -4.615  -31.885 0.0000000000
70738  16.507  -3.726  -32.170 0.0000000000
70748  18.624  -4.117  -32.299 0.0000000000
70749  17.684  -3.872  -32.347 0.0000000000
70750  16.994  -3.471  -32.352 0.0000000000
70757  26.094  -4.849  -34.250 0.0000000000
70771  25.856  -4.851  -35.685 0.0000000000
70772  25.055  -4.691  -35.496 0.0000000000
71582  21.406  -3.611  -30.017 0.0000000000
71592  16.200  -3.119  -31.836 0.0000000000
71599  19.279  -3.604  -31.120 0.0000000000
71601  16.814  -2.774  -32.049 0.0000000000
71602  16.368  -3.248  -32.217 0.0000000000
71616  26.178  -4.537  -35.359 0.0000000000
71623  18.852  -2.426  -33.192 0.0000000000
71631  25.854  -4.569  -35.537 0.0000000000
71635  20.109  -3.022  -34.491 0.0000000000
71642  24.909  -3.979  -35.656 0.0000000000
71646  19.998  -2.467  -35.233 0.0000000000
72542  19.932  -1.834  -33.223 0.0000000000
72544  18.387  -2.732  -32.686 0.0000000000
72552  18.419  -2.156  -33.660 0.0000000000
72559  24.480  -3.417  -35.270 0.0000000000
72561  18.562  -2.134  -35.147 0.0000000000
72562  18.426  -2.209  -34.778 0.0000000000
72563  18.199  -2.129  -34.241 0.0000000000
72573  21.946  -1.975  -35.186 0.0000000000
72576  19.197  -2.122  -35.423 0.0000000000
72577  18.148  -1.912  -34.808 0.0000000000
73506  19.531  -2.146  -28.895 0.0000000000
73554  18.814  -2.346  -33.320 0.0000000000
73560  21.174  -1.183  -34.995 0.0000000000
73568  20.195  -0.973  -35.031 0.0000000000
73569  19.261  -1.163  -34.814 0.0000000000
73570  18.415  -1.545  -34.810 0.0000000000
73571  18.090  -1.889  -34.389 0.0000000000
73578  21.281  -1.463  -35.260 0.0000000000
73579  20.401  -1.295  -35.352 0.0000000000
73580  19.429  -1.475  -35.435 0.0000000000
74521  15.958  0.070  -29.128 0.0000000000
74647  18.978  -1.284  -35.171 0.0000000000
75527  14.998  1.257  -29.188 0.0000000000
75545  16.278  0.429  -28.924 0.0000000000
75546  15.086  0.535  -29.335 0.0000000000
75565  17.303  0.550  -28.816 0.0000000000
75567  14.545  0.436  -29.465 0.0000000000
75583  19.337  0.536  -29.715 0.0000000000
75586  13.501  1.192  -29.968 0.0000000000
75604  12.974  1.772  -30.387 0.0000000000
76443  15.298  1.654  -29.015 0.0000000000
76460  15.676  2.096  -28.836 0.0000000000
76478  17.484  1.439  -29.092 0.0000000000
76480  13.319  2.035  -30.060 0.0000000000
76504  13.240  1.716  -30.173 0.0000000000
76520  20.316  1.457  -30.563 0.0000000000
77421  18.598  2.035  -29.583 0.0000000000
77467  24.510  2.816  -37.316 0.0000000000
78266  19.111  3.739  -29.589 0.0000000000
78305  24.615  3.795  -37.629 0.0000000000
78308  23.677  4.742  -37.568 0.0000000000
79104  17.257  4.271  -28.617 0.0000000000
79121  18.661  4.170  -29.391 0.0000000000
79144  23.685  4.504  -30.966 0.0000000000
79161  25.189  4.336  -36.866 0.0000000000
79170  23.041  4.613  -37.317 0.0000000000
80039  23.696  5.579  -36.730 0.0000000000
81723  13.757  7.322  -26.889 0.0000000000
81729  13.866  7.372  -27.160 0.0000000000
81746  17.664  7.500  -30.286 0.0000000000
81751  19.197  7.323  -30.770 0.0000000000
81752  18.662  7.587  -30.618 0.0000000000
82603  12.851  8.136  -23.761 0.0000000000
82643  15.923  8.064  -29.341 0.0000000000
82647  18.805  8.058  -30.713 0.0000000000
82648  18.183  7.852  -30.440 0.0000000000
83469  13.625  9.523  -25.516 0.0000000000
83470  13.559  9.938  -25.497 0.0000000000
83480  14.988  9.530  -27.507 0.0000000000
83485  14.481  8.596  -27.498 0.0000000000
83486  13.668  9.888  -26.165 0.0000000000
83509  20.299  7.618  -31.042 0.0000000000
84366  13.734  10.212  -25.110 0.0000000000
84378  13.944  10.557  -26.121 0.0000000000
118383  13.758  6.827  -26.870 0.0000000000
118391  20.307  4.708  -28.235 0.0000000000
118396  20.174  7.830  -28.746 0.0000000000
118397  17.034  6.947  -30.019 0.0000000000
118398  17.801  5.060  -29.154 0.0000000000
118403  19.235  6.996  -30.732 0.0000000000
118415  26.053  6.277  -28.993 0.0000000000
118427  21.092  8.295  -27.702 0.0000000000
118613  19.021  5.786  -30.092 0.0000000000
118695  25.644  -5.475  -35.401 0.0000000000
118715  25.162  -5.576  -34.735 0.0000000000
118718  19.349  4.899  -28.911 0.0000000000
118746  15.641  10.407  -27.044 0.0000000000
118765  13.509  10.155  -25.819 0.0000000000
118775  19.657  7.059  -28.678 0.0000000000
118810  14.857  6.894  -28.552 0.0000000000
118828  16.552  4.992  -27.961 0.0000000000
118838  25.095  -5.743  -35.034 0.0000000000
118930  13.696  4.284  -26.767 0.0000000000
118935  25.224  5.554  -28.924 0.0000000000
118975  20.475  7.046  -30.848 0.0000000000
119000  14.872  7.243  -28.747 0.0000000000
119033  25.445  -5.177  -33.856 0.0000000000
121294  12.449  7.050  -22.552 0.0000000000
123755  28.464  -10.564  -30.289 0.0000000000
123767  13.758  9.659  -25.154 0.0000000000
125783  13.647  8.946  -25.145 0.0000000000
127027  16.202  6.681  -29.409 0.0000000000
127964  23.815  -9.838  -26.982 0.0000000000
128260  18.082  8.613  -30.386 0.0000000000
128459  19.198  2.136  -29.891 0.0000000000
134764  19.390  6.630  -27.672 0.0000000000
134803  14.066  6.289  -27.316 0.0000000000
134804  16.011  5.840  -28.209 0.0000000000
134805  21.776  7.488  -27.353 0.0000000000
134824  17.957  5.353  -29.357 0.0000000000
134834  15.023  6.642  -28.319 0.0000000000
134835  16.508  6.237  -29.240 0.0000000000
134876  19.558  6.181  -27.265 0.0000000000
134905  25.883  -5.441  -35.532 0.0000000000
134918  19.499  6.723  -28.445 0.0000000000
134938  19.820  6.504  -30.550 0.0000000000
134965  15.142  6.431  -28.046 0.0000000000
134971  14.530  6.026  -27.370 0.0000000000
134976  19.364  5.728  -30.171 0.0000000000
135802  21.509  1.998  -31.333 0.0000000000
135985  16.503  5.412  -28.256 0.0000000000
136801  21.184  -3.781  -30.331 0.0000000000
137465  26.169  -5.172  -35.573 0.0000000000
138208  22.750  -3.291  -35.294 0.0000000000
138615  17.666  3.728  -28.862 0.0000000000
138930  18.554  4.632  -29.289 0.0000000000
139295  18.355  4.903  -29.319 0.0000000000
141037  17.439  -5.501  -30.849 0.0000000000
141045  21.016  5.467  -27.182 0.0000000000
141202  23.094  -4.389  -35.088 0.0000000000
141960  22.224  -16.739  -22.202 0.0000000000
142039  21.487  -3.512  -33.140 0.0000000000
142350  22.409  4.606  -27.810 0.0000000000
143454  18.740  -1.452  -34.474 0.0000000000
