#!ascii label  , from subject sub-v1s20x0050381_ses-1 vox2ras=TkReg
322
67759  33.098  -15.620  -46.972 0.0000000000
61017  36.530  -21.023  -42.246 0.0000000000
70141  32.319  -13.187  -45.455 0.0000000000
81215  33.444  -3.277  -51.425 0.0000000000
59665  34.598  -22.778  -40.808 0.0000000000
74258  35.267  -9.606  -49.986 0.0000000000
77321  35.870  -6.196  -50.396 0.0000000000
65596  32.175  -17.654  -44.077 0.0000000000
64522  34.654  -18.409  -44.684 0.0000000000
66602  36.131  -16.416  -45.740 0.0000000000
70155  35.020  -13.524  -47.729 0.0000000000
130140  37.808  -14.141  -45.977 0.0000000000
67731  32.317  -15.117  -44.774 0.0000000000
72348  34.604  -11.415  -48.326 0.0000000000
79408  33.193  -4.939  -50.483 0.0000000000
79418  36.482  -4.139  -52.624 0.0000000000
135408  38.154  -19.365  -42.180 0.0000000000
75261  33.317  -8.344  -49.872 0.0000000000
76299  33.431  -7.507  -50.770 0.0000000000
66616  32.679  -16.215  -45.077 0.0000000000
65608  33.934  -16.453  -45.789 0.0000000000
66624  34.059  -16.104  -46.245 0.0000000000
60998  35.796  -21.637  -41.691 0.0000000000
68911  32.371  -14.600  -44.431 0.0000000000
70158  30.570  -13.914  -47.224 0.0000000000
131449  31.704  -12.101  -47.368 0.0000000000
76292  37.088  -7.377  -49.875 0.0000000000
75253  37.163  -8.363  -49.636 0.0000000000
81206  32.137  -2.931  -49.662 0.0000000000
79399  32.422  -5.326  -49.548 0.0000000000
80324  33.111  -4.202  -50.912 0.0000000000
120997  35.586  -1.564  -54.374 0.0000000000
121474  36.301  -2.227  -54.054 0.0000000000
141272  36.184  -4.111  -53.967 0.0000000000
121388  36.837  -2.694  -52.164 0.0000000000
129581  36.810  -3.523  -51.873 0.0000000000
64512  36.944  -18.218  -44.648 0.0000000000
63436  37.015  -19.040  -44.456 0.0000000000
58466  34.033  -23.326  -40.414 0.0000000000
72356  31.790  -11.076  -48.488 0.0000000000
120968  32.932  -9.416  -49.023 0.0000000000
76309  35.253  -7.891  -50.852 0.0000000000
78344  36.574  -5.824  -49.726 0.0000000000
63464  32.813  -19.278  -44.252 0.0000000000
63476  33.478  -18.151  -44.499 0.0000000000
65579  34.946  -17.610  -45.198 0.0000000000
65576  37.281  -16.974  -44.833 0.0000000000
68944  34.562  -14.537  -47.366 0.0000000000
67756  35.302  -15.129  -46.913 0.0000000000
70148  36.811  -13.531  -46.973 0.0000000000
66588  30.276  -17.156  -43.811 0.0000000000
66570  30.122  -16.704  -42.449 0.0000000000
67761  31.208  -14.982  -46.747 0.0000000000
70157  32.880  -13.671  -47.512 0.0000000000
71248  34.965  -12.361  -47.948 0.0000000000
120960  36.352  -10.972  -48.097 0.0000000000
120961  35.096  -10.270  -49.351 0.0000000000
74247  37.441  -10.194  -49.361 0.0000000000
78346  33.488  -6.034  -49.732 0.0000000000
80335  33.665  -4.822  -54.118 0.0000000000
79425  34.352  -4.986  -53.493 0.0000000000
79407  34.108  -5.179  -51.233 0.0000000000
130323  34.532  -6.052  -50.192 0.0000000000
124540  36.125  -5.235  -50.660 0.0000000000
122892  36.835  -4.502  -50.338 0.0000000000
61032  35.191  -21.656  -44.570 0.0000000000
144469  34.584  -20.321  -45.164 0.0000000000
67730  37.170  -15.583  -45.768 0.0000000000
67712  38.203  -15.614  -44.489 0.0000000000
76300  32.803  -7.871  -50.066 0.0000000000
77322  33.521  -6.425  -50.046 0.0000000000
143498  33.148  -15.835  -46.117 0.0000000000
66625  33.621  -15.870  -46.257 0.0000000000
67758  34.002  -15.480  -46.859 0.0000000000
57065  33.185  -24.393  -39.595 0.0000000000
58447  33.569  -23.876  -40.003 0.0000000000
70130  32.449  -13.776  -45.067 0.0000000000
70142  31.628  -13.453  -46.158 0.0000000000
123877  30.657  -13.026  -46.729 0.0000000000
78339  37.041  -6.001  -49.241 0.0000000000
77315  37.354  -6.638  -49.167 0.0000000000
125872  32.995  -2.993  -50.516 0.0000000000
80325  32.611  -3.787  -49.979 0.0000000000
80331  33.481  -4.151  -52.295 0.0000000000
81229  37.164  -2.947  -53.756 0.0000000000
135657  37.833  -17.840  -43.977 0.0000000000
132783  38.016  -17.933  -43.356 0.0000000000
59703  34.008  -21.385  -43.059 0.0000000000
73293  31.384  -10.840  -48.108 0.0000000000
121500  31.523  -10.045  -48.251 0.0000000000
76310  34.100  -7.829  -51.160 0.0000000000
144610  33.908  -8.317  -50.572 0.0000000000
76297  36.274  -7.235  -50.760 0.0000000000
82168  32.106  -1.347  -50.912 0.0000000000
64540  32.478  -18.326  -44.009 0.0000000000
64553  32.963  -17.148  -44.794 0.0000000000
65594  34.861  -16.880  -45.701 0.0000000000
64550  34.158  -17.045  -45.458 0.0000000000
65578  35.670  -17.189  -45.343 0.0000000000
65577  36.604  -17.016  -45.200 0.0000000000
59666  33.811  -22.928  -41.069 0.0000000000
59651  34.826  -22.959  -40.019 0.0000000000
68945  33.506  -14.445  -47.377 0.0000000000
68943  35.581  -14.354  -47.266 0.0000000000
70154  36.027  -13.554  -47.356 0.0000000000
66604  30.851  -17.370  -44.253 0.0000000000
68885  31.342  -15.495  -42.670 0.0000000000
66568  31.212  -16.462  -42.664 0.0000000000
66578  31.037  -17.614  -42.997 0.0000000000
67732  32.252  -14.980  -45.264 0.0000000000
68946  31.672  -15.036  -47.335 0.0000000000
143794  30.518  -14.798  -47.261 0.0000000000
71250  32.220  -12.681  -47.627 0.0000000000
71249  33.384  -12.817  -47.942 0.0000000000
120973  33.867  -12.188  -48.298 0.0000000000
120965  35.643  -11.483  -48.004 0.0000000000
120967  33.976  -9.766  -49.211 0.0000000000
121248  33.258  -10.687  -48.766 0.0000000000
74255  37.327  -9.385  -49.572 0.0000000000
75248  38.096  -8.944  -48.071 0.0000000000
78347  32.220  -5.974  -49.065 0.0000000000
77316  32.329  -6.411  -49.097 0.0000000000
79398  33.549  -5.661  -50.054 0.0000000000
121356  35.650  -2.680  -55.183 0.0000000000
120998  34.765  -1.719  -55.117 0.0000000000
81243  34.840  -4.601  -54.816 0.0000000000
79424  34.887  -5.024  -54.089 0.0000000000
128019  35.288  -4.652  -53.132 0.0000000000
79406  35.374  -4.699  -51.959 0.0000000000
79397  34.922  -5.623  -50.629 0.0000000000
139810  35.431  -5.130  -51.185 0.0000000000
79405  36.396  -4.397  -51.291 0.0000000000
81214  37.172  -2.777  -50.936 0.0000000000
80323  37.041  -3.708  -50.788 0.0000000000
80322  37.420  -3.185  -50.181 0.0000000000
138933  37.256  -3.896  -50.064 0.0000000000
59719  34.944  -22.327  -44.684 0.0000000000
63463  33.543  -19.396  -44.153 0.0000000000
122880  33.984  -19.927  -44.907 0.0000000000
63462  34.324  -19.606  -44.222 0.0000000000
132779  37.878  -19.316  -43.113 0.0000000000
63437  36.937  -19.743  -44.133 0.0000000000
63427  37.405  -19.978  -43.508 0.0000000000
62303  36.609  -20.326  -43.712 0.0000000000
68937  36.659  -14.873  -46.504 0.0000000000
138910  36.002  -15.623  -46.378 0.0000000000
68925  37.688  -14.896  -45.674 0.0000000000
74259  32.350  -8.882  -48.962 0.0000000000
129208  31.464  -9.181  -48.386 0.0000000000
75275  33.559  -8.056  -50.868 0.0000000000
76298  34.671  -6.934  -51.020 0.0000000000
65610  33.147  -16.304  -45.429 0.0000000000
65595  32.682  -17.286  -44.534 0.0000000000
66615  34.557  -16.280  -46.160 0.0000000000
66614  35.319  -16.291  -46.081 0.0000000000
59664  35.207  -22.261  -41.238 0.0000000000
128322  35.396  -22.434  -40.433 0.0000000000
60981  35.976  -21.887  -40.882 0.0000000000
60969  37.588  -21.354  -39.524 0.0000000000
121456  37.193  -11.795  -47.121 0.0000000000
71246  36.536  -12.646  -47.343 0.0000000000
68897  32.050  -14.840  -43.150 0.0000000000
68927  32.065  -14.346  -45.765 0.0000000000
70150  30.451  -14.352  -47.025 0.0000000000
70149  30.743  -13.768  -46.673 0.0000000000
129487  30.961  -13.078  -47.323 0.0000000000
71259  32.864  -11.988  -48.359 0.0000000000
131325  36.731  -8.019  -50.236 0.0000000000
74257  36.053  -9.512  -50.287 0.0000000000
76291  37.502  -7.588  -48.814 0.0000000000
79409  32.527  -4.622  -49.826 0.0000000000
79420  33.609  -4.597  -51.830 0.0000000000
81230  36.572  -3.275  -54.831 0.0000000000
138534  36.321  -3.727  -54.887 0.0000000000
80329  36.966  -3.433  -53.261 0.0000000000
82167  37.042  -1.946  -51.139 0.0000000000
64513  36.213  -18.809  -44.602 0.0000000000
64511  37.491  -18.448  -44.259 0.0000000000
64503  37.858  -18.559  -43.573 0.0000000000
58467  33.219  -23.481  -40.644 0.0000000000
59683  33.205  -22.841  -41.210 0.0000000000
123866  33.780  -22.349  -41.858 0.0000000000
132429  34.374  -22.040  -42.241 0.0000000000
60999  35.010  -21.974  -42.016 0.0000000000
61018  35.560  -21.393  -42.556 0.0000000000
70129  32.627  -13.150  -44.433 0.0000000000
71224  31.746  -12.848  -46.164 0.0000000000
142543  31.262  -11.669  -47.854 0.0000000000
121406  32.608  -10.305  -48.762 0.0000000000
74271  35.187  -9.084  -50.467 0.0000000000
147351  33.093  -8.865  -49.332 0.0000000000
75260  34.341  -8.829  -50.096 0.0000000000
75259  35.638  -8.731  -50.531 0.0000000000
75273  36.143  -8.165  -50.489 0.0000000000
77320  36.798  -6.459  -49.841 0.0000000000
79391  37.112  -5.391  -49.223 0.0000000000
81217  31.654  -1.853  -50.089 0.0000000000
81216  33.262  -2.023  -51.219 0.0000000000
64539  32.980  -18.236  -44.142 0.0000000000
131420  34.166  -18.731  -44.481 0.0000000000
64551  33.779  -17.148  -45.239 0.0000000000
133277  34.424  -17.545  -45.178 0.0000000000
64521  35.461  -18.121  -44.820 0.0000000000
64520  36.322  -17.769  -44.870 0.0000000000
65563  37.404  -17.671  -44.496 0.0000000000
129076  37.931  -17.189  -43.556 0.0000000000
126110  33.161  -15.126  -47.177 0.0000000000
67757  34.482  -15.368  -46.922 0.0000000000
129060  33.904  -15.013  -47.164 0.0000000000
68942  36.373  -14.258  -46.985 0.0000000000
70147  37.414  -13.639  -46.429 0.0000000000
71235  37.197  -12.819  -46.795 0.0000000000
142606  37.532  -12.908  -46.273 0.0000000000
70140  37.865  -13.344  -45.705 0.0000000000
65597  31.891  -16.800  -44.194 0.0000000000
66617  32.426  -15.488  -45.380 0.0000000000
66579  30.175  -17.162  -42.932 0.0000000000
66603  32.115  -16.171  -44.692 0.0000000000
142144  32.326  -15.173  -46.225 0.0000000000
134419  31.491  -15.244  -47.029 0.0000000000
129604  32.487  -14.609  -47.328 0.0000000000
70156  33.972  -13.697  -47.758 0.0000000000
138521  31.470  -13.979  -47.363 0.0000000000
134904  34.234  -12.929  -48.006 0.0000000000
135088  35.694  -12.870  -47.633 0.0000000000
120953  36.497  -11.634  -47.686 0.0000000000
120950  37.020  -10.803  -47.775 0.0000000000
71251  31.212  -12.444  -47.100 0.0000000000
71260  32.032  -11.686  -48.225 0.0000000000
120976  33.457  -11.399  -48.614 0.0000000000
74256  36.887  -9.779  -49.947 0.0000000000
73310  36.346  -10.222  -49.685 0.0000000000
120959  35.619  -10.747  -48.645 0.0000000000
120954  36.923  -10.660  -48.862 0.0000000000
77323  32.616  -7.104  -49.441 0.0000000000
81224  33.710  -2.936  -52.475 0.0000000000
81231  33.640  -3.635  -53.848 0.0000000000
80330  33.636  -4.240  -53.306 0.0000000000
79426  33.868  -4.631  -53.279 0.0000000000
79419  34.290  -4.869  -52.510 0.0000000000
127849  34.667  -6.098  -50.295 0.0000000000
78345  35.761  -5.842  -50.333 0.0000000000
79396  36.711  -5.256  -49.919 0.0000000000
139892  37.266  -4.514  -49.471 0.0000000000
133296  35.142  -21.168  -43.481 0.0000000000
140232  36.174  -20.930  -43.170 0.0000000000
62334  34.982  -20.632  -45.785 0.0000000000
63438  35.664  -19.834  -44.257 0.0000000000
127141  35.222  -20.750  -44.982 0.0000000000
61060  35.350  -21.079  -45.841 0.0000000000
62290  35.576  -20.666  -43.849 0.0000000000
67745  34.984  -15.803  -46.526 0.0000000000
133065  36.639  -15.889  -45.907 0.0000000000
68910  38.226  -14.938  -44.975 0.0000000000
67729  37.742  -15.639  -45.205 0.0000000000
66601  37.086  -16.297  -45.405 0.0000000000
66585  37.795  -16.336  -44.730 0.0000000000
59732  34.785  -22.480  -44.917 0.0000000000
61033  34.701  -21.870  -43.951 0.0000000000
62289  37.066  -20.581  -43.016 0.0000000000
62323  35.083  -20.676  -45.473 0.0000000000
62335  34.369  -20.422  -45.690 0.0000000000
63426  37.498  -19.223  -43.897 0.0000000000
63439  35.132  -19.194  -44.409 0.0000000000
63449  34.797  -20.362  -44.511 0.0000000000
63465  32.159  -18.978  -44.926 0.0000000000
64538  34.133  -18.051  -44.799 0.0000000000
64552  33.402  -17.362  -44.894 0.0000000000
65564  36.921  -17.505  -44.801 0.0000000000
65607  34.280  -16.658  -45.773 0.0000000000
65609  33.530  -16.450  -45.543 0.0000000000
66569  30.796  -17.085  -42.625 0.0000000000
66586  32.015  -16.069  -44.321 0.0000000000
66587  31.329  -17.213  -43.812 0.0000000000
66626  33.209  -15.729  -46.222 0.0000000000
67690  29.813  -15.828  -42.306 0.0000000000
67691  29.192  -15.465  -42.532 0.0000000000
67699  31.653  -16.126  -42.993 0.0000000000
67713  32.013  -15.597  -43.821 0.0000000000
67744  36.733  -15.452  -46.156 0.0000000000
67746  31.962  -14.979  -46.083 0.0000000000
67747  30.711  -14.879  -46.874 0.0000000000
67760  32.324  -15.647  -46.948 0.0000000000
68896  32.461  -13.880  -43.839 0.0000000000
68926  37.133  -15.105  -46.103 0.0000000000
68936  37.315  -14.493  -46.254 0.0000000000
68938  36.011  -14.877  -46.850 0.0000000000
68939  31.173  -14.606  -46.505 0.0000000000
68947  30.676  -14.737  -47.306 0.0000000000
71237  30.399  -13.249  -47.026 0.0000000000
71247  35.885  -12.197  -47.716 0.0000000000
72349  31.470  -11.366  -47.972 0.0000000000
73298  31.571  -10.736  -48.348 0.0000000000
75258  36.641  -8.938  -50.181 0.0000000000
75262  32.236  -8.252  -49.156 0.0000000000
75274  34.526  -8.378  -50.729 0.0000000000
79430  34.489  -5.077  -54.605 0.0000000000
80340  35.367  -4.389  -54.789 0.0000000000
80341  34.068  -5.085  -54.639 0.0000000000
120962  31.955  -9.815  -48.641 0.0000000000
120966  34.320  -10.646  -48.786 0.0000000000
120969  31.848  -10.574  -48.560 0.0000000000
120977  33.605  -8.987  -49.492 0.0000000000
121348  37.395  -10.393  -48.589 0.0000000000
121464  32.436  -11.147  -48.654 0.0000000000
121642  37.728  -9.817  -48.417 0.0000000000
123133  37.786  -17.054  -44.265 0.0000000000
123980  31.891  -18.238  -43.925 0.0000000000
124411  34.428  -22.476  -41.552 0.0000000000
129361  36.952  -14.177  -46.660 0.0000000000
132257  34.312  -15.868  -46.524 0.0000000000
132916  31.400  -12.325  -47.000 0.0000000000
134651  36.459  -19.506  -44.375 0.0000000000
137182  31.555  -16.824  -43.400 0.0000000000
137432  37.707  -9.501  -48.892 0.0000000000
139196  32.502  -2.165  -50.434 0.0000000000
141025  35.231  -20.820  -44.635 0.0000000000
141702  31.464  -14.545  -42.745 0.0000000000
142198  31.298  -17.032  -42.877 0.0000000000
143804  30.528  -12.822  -47.000 0.0000000000
143926  35.476  -16.674  -45.732 0.0000000000
145324  32.409  -15.360  -47.188 0.0000000000
