#!ascii label  , from subject sub-v1s20x0050346_ses-1 vox2ras=TkReg
1015
55677  21.062  -23.549  51.374 0.0000000000
45544  12.436  -34.491  34.486 0.0000000000
45369  11.413  -33.989  48.894 0.0000000000
144255  12.294  -26.745  46.192 0.0000000000
56666  14.344  -23.255  42.432 0.0000000000
50721  16.225  -27.603  52.776 0.0000000000
53762  14.370  -26.271  51.567 0.0000000000
126897  21.857  -24.732  50.246 0.0000000000
50738  17.878  -28.096  49.777 0.0000000000
44437  14.412  -35.030  48.871 0.0000000000
57483  11.834  -20.726  48.962 0.0000000000
133950  11.503  -25.111  43.427 0.0000000000
59394  13.151  -19.229  46.820 0.0000000000
43538  10.307  -36.471  44.414 0.0000000000
46355  11.890  -33.628  42.363 0.0000000000
48925  11.993  -30.860  47.924 0.0000000000
55696  12.613  -23.667  50.158 0.0000000000
136285  13.835  -30.466  40.249 0.0000000000
51903  12.590  -26.988  36.978 0.0000000000
55810  11.177  -23.992  35.868 0.0000000000
57556  17.546  -21.398  40.321 0.0000000000
54696  18.737  -25.344  51.827 0.0000000000
54719  17.983  -24.767  51.695 0.0000000000
53766  21.561  -24.270  51.384 0.0000000000
51783  19.648  -26.158  49.414 0.0000000000
122122  19.345  -25.857  51.395 0.0000000000
50732  16.659  -28.098  51.804 0.0000000000
59385  12.559  -19.247  47.843 0.0000000000
44458  10.646  -35.128  46.409 0.0000000000
46331  10.494  -33.936  45.608 0.0000000000
47191  11.359  -32.383  48.984 0.0000000000
55702  15.815  -23.438  49.343 0.0000000000
55683  13.975  -24.301  50.480 0.0000000000
43487  12.752  -35.035  49.136 0.0000000000
41546  12.909  -37.358  46.714 0.0000000000
42488  11.596  -36.986  46.393 0.0000000000
41563  10.692  -38.070  45.521 0.0000000000
48933  13.416  -29.916  44.880 0.0000000000
47228  12.432  -32.744  41.225 0.0000000000
49808  13.427  -28.448  43.305 0.0000000000
130155  12.176  -24.209  43.535 0.0000000000
51872  12.075  -25.716  40.983 0.0000000000
55757  11.924  -24.485  39.550 0.0000000000
52942  11.086  -25.271  36.581 0.0000000000
122260  12.404  -23.735  38.982 0.0000000000
48052  13.422  -31.335  50.573 0.0000000000
49784  12.592  -29.109  51.170 0.0000000000
53749  15.435  -26.402  52.872 0.0000000000
54720  16.823  -24.799  50.937 0.0000000000
53798  22.771  -24.446  48.631 0.0000000000
52840  20.569  -25.554  46.438 0.0000000000
52824  20.373  -25.545  48.401 0.0000000000
50744  17.945  -28.267  48.250 0.0000000000
47184  15.634  -32.112  49.267 0.0000000000
135624  14.831  -31.946  50.433 0.0000000000
54754  11.781  -24.113  47.309 0.0000000000
143883  12.201  -26.252  44.372 0.0000000000
56630  11.925  -23.251  46.523 0.0000000000
56634  12.706  -22.630  45.777 0.0000000000
57518  14.261  -21.570  45.114 0.0000000000
145500  22.610  -22.582  51.366 0.0000000000
54772  26.139  -23.198  46.412 0.0000000000
54749  27.996  -23.705  47.644 0.0000000000
135754  23.473  -24.007  50.160 0.0000000000
55676  23.326  -23.044  51.525 0.0000000000
42554  10.369  -37.941  42.130 0.0000000000
43590  11.368  -36.475  40.897 0.0000000000
45409  11.027  -34.726  43.601 0.0000000000
48076  12.186  -32.146  44.787 0.0000000000
49801  12.797  -28.971  46.595 0.0000000000
122964  12.564  -27.941  49.877 0.0000000000
51785  12.570  -27.090  49.373 0.0000000000
53794  12.325  -25.203  48.563 0.0000000000
56616  12.304  -21.737  49.469 0.0000000000
44516  11.858  -35.342  40.021 0.0000000000
46398  12.827  -33.714  39.075 0.0000000000
144205  13.661  -32.747  37.059 0.0000000000
50826  12.712  -26.690  41.973 0.0000000000
50851  13.622  -28.267  39.077 0.0000000000
49006  14.086  -30.464  34.627 0.0000000000
134703  11.558  -28.249  34.251 0.0000000000
52974  10.135  -26.852  33.234 0.0000000000
61215  13.444  -17.539  46.142 0.0000000000
58467  15.876  -20.762  44.165 0.0000000000
60328  15.751  -18.675  42.953 0.0000000000
56671  16.412  -22.593  41.252 0.0000000000
55779  15.128  -23.384  38.098 0.0000000000
55667  20.393  -23.950  51.459 0.0000000000
55668  19.575  -24.299  51.438 0.0000000000
56595  21.279  -23.155  51.183 0.0000000000
55665  21.551  -23.527  51.426 0.0000000000
53767  20.572  -24.939  51.287 0.0000000000
53759  20.088  -24.812  51.482 0.0000000000
142502  19.149  -25.391  51.692 0.0000000000
45546  10.466  -34.648  34.113 0.0000000000
47305  11.534  -32.915  33.804 0.0000000000
132034  10.901  -34.540  47.483 0.0000000000
46313  10.607  -33.590  47.354 0.0000000000
133263  11.139  -33.237  49.012 0.0000000000
53825  21.836  -24.723  45.172 0.0000000000
44429  11.865  -34.038  49.505 0.0000000000
43505  12.359  -35.656  47.688 0.0000000000
43506  11.812  -35.350  47.352 0.0000000000
43515  11.058  -35.797  46.443 0.0000000000
133923  13.190  -28.767  45.532 0.0000000000
48932  13.437  -29.116  44.001 0.0000000000
50779  12.932  -27.707  45.007 0.0000000000
55743  13.294  -23.683  42.577 0.0000000000
55750  11.941  -24.639  40.897 0.0000000000
55749  12.309  -24.292  40.695 0.0000000000
55762  11.917  -24.231  39.126 0.0000000000
121493  13.632  -23.694  41.008 0.0000000000
49778  14.842  -29.115  52.163 0.0000000000
50724  14.352  -28.125  52.211 0.0000000000
52795  15.940  -26.705  53.090 0.0000000000
55681  17.717  -24.511  51.178 0.0000000000
55700  17.583  -23.759  49.783 0.0000000000
53783  22.120  -24.687  49.582 0.0000000000
53793  21.191  -25.046  48.444 0.0000000000
52823  20.811  -25.267  49.007 0.0000000000
50740  18.482  -27.397  49.419 0.0000000000
51784  18.942  -26.733  49.026 0.0000000000
50741  17.968  -28.222  48.977 0.0000000000
48918  16.553  -29.569  49.579 0.0000000000
50727  16.594  -27.445  52.607 0.0000000000
48054  15.554  -29.924  50.954 0.0000000000
130788  15.497  -29.206  51.772 0.0000000000
47173  14.045  -31.832  50.579 0.0000000000
56626  11.697  -22.568  47.859 0.0000000000
55711  11.676  -23.735  46.811 0.0000000000
56625  11.971  -22.416  47.269 0.0000000000
59395  12.780  -19.683  47.256 0.0000000000
58450  12.644  -20.684  47.123 0.0000000000
58449  13.011  -20.144  46.773 0.0000000000
57519  13.424  -22.111  45.484 0.0000000000
133849  13.374  -19.755  46.410 0.0000000000
54752  24.327  -23.694  48.882 0.0000000000
125252  10.116  -38.031  43.138 0.0000000000
43562  10.601  -36.346  42.234 0.0000000000
44474  10.592  -35.534  43.985 0.0000000000
47198  11.208  -32.820  46.303 0.0000000000
47205  11.430  -32.818  45.189 0.0000000000
48073  12.148  -32.094  45.834 0.0000000000
48928  12.646  -30.196  46.868 0.0000000000
49798  12.302  -29.578  47.253 0.0000000000
52802  14.007  -27.100  51.441 0.0000000000
127362  11.996  -29.008  50.563 0.0000000000
52803  13.705  -26.922  50.882 0.0000000000
140991  13.377  -23.689  50.304 0.0000000000
54725  12.448  -25.464  50.325 0.0000000000
54737  12.152  -24.891  50.133 0.0000000000
123019  12.506  -26.531  48.867 0.0000000000
139395  12.061  -24.178  49.615 0.0000000000
142900  11.974  -23.607  49.092 0.0000000000
56606  12.496  -22.611  49.696 0.0000000000
51803  19.509  -26.690  46.227 0.0000000000
51824  19.499  -27.055  44.496 0.0000000000
44445  14.596  -34.913  48.030 0.0000000000
42497  14.567  -36.803  46.006 0.0000000000
42485  13.945  -36.912  46.719 0.0000000000
40683  12.345  -38.339  45.808 0.0000000000
40682  12.675  -38.214  45.923 0.0000000000
42512  10.381  -37.535  45.361 0.0000000000
124625  10.022  -38.048  44.250 0.0000000000
45434  11.488  -34.428  41.919 0.0000000000
44532  11.607  -36.113  40.293 0.0000000000
45433  11.670  -34.414  41.336 0.0000000000
48097  13.438  -31.330  40.720 0.0000000000
47240  12.583  -33.054  40.375 0.0000000000
47253  13.236  -32.445  39.308 0.0000000000
47276  13.063  -33.170  38.244 0.0000000000
48115  13.663  -31.496  38.869 0.0000000000
53835  11.516  -25.236  44.092 0.0000000000
50811  12.770  -26.734  42.759 0.0000000000
52875  11.903  -25.596  42.695 0.0000000000
142382  12.333  -26.307  38.924 0.0000000000
50852  13.127  -27.251  39.518 0.0000000000
50864  13.155  -27.482  38.462 0.0000000000
49873  14.329  -29.717  36.726 0.0000000000
50884  13.571  -28.396  35.814 0.0000000000
49899  12.602  -29.404  34.270 0.0000000000
50893  12.850  -27.721  35.471 0.0000000000
54856  11.047  -24.330  36.519 0.0000000000
52961  10.897  -25.780  34.662 0.0000000000
53923  10.723  -25.510  34.298 0.0000000000
122973  13.580  -16.951  45.576 0.0000000000
59401  14.676  -19.452  45.125 0.0000000000
133236  14.947  -18.795  44.380 0.0000000000
59438  16.946  -19.158  40.947 0.0000000000
58479  17.590  -20.597  41.647 0.0000000000
142648  17.136  -20.873  42.875 0.0000000000
57557  17.129  -22.078  40.775 0.0000000000
146361  15.823  -23.155  40.060 0.0000000000
56680  16.667  -22.646  39.244 0.0000000000
52793  17.150  -26.246  52.696 0.0000000000
53753  17.503  -25.752  52.460 0.0000000000
54697  17.897  -25.165  52.137 0.0000000000
132526  21.773  -24.508  51.054 0.0000000000
52814  21.032  -25.246  49.849 0.0000000000
52808  20.826  -25.161  50.680 0.0000000000
52806  20.082  -25.624  50.888 0.0000000000
50737  18.512  -27.196  50.396 0.0000000000
49787  17.456  -28.223  50.485 0.0000000000
51777  18.014  -26.843  51.908 0.0000000000
51773  18.025  -26.353  52.342 0.0000000000
135433  12.538  -19.277  49.153 0.0000000000
58442  12.142  -19.850  48.618 0.0000000000
126057  12.617  -18.473  49.034 0.0000000000
60276  12.642  -18.083  48.561 0.0000000000
61196  12.963  -17.445  47.885 0.0000000000
129584  10.430  -36.049  45.206 0.0000000000
44469  10.372  -35.247  44.848 0.0000000000
45393  10.407  -34.356  46.163 0.0000000000
136654  10.747  -33.162  47.068 0.0000000000
48062  11.656  -31.609  48.556 0.0000000000
55682  15.238  -24.789  50.539 0.0000000000
53770  14.103  -25.738  51.158 0.0000000000
55694  14.708  -23.955  50.033 0.0000000000
56604  14.564  -22.922  49.659 0.0000000000
56605  13.880  -22.427  49.699 0.0000000000
56615  13.790  -21.680  49.523 0.0000000000
43493  13.625  -35.731  48.275 0.0000000000
43504  13.826  -36.171  47.632 0.0000000000
42469  13.067  -36.035  47.959 0.0000000000
42487  12.194  -37.167  46.747 0.0000000000
41555  11.738  -37.784  46.125 0.0000000000
41562  11.265  -38.303  45.655 0.0000000000
42499  11.161  -37.591  45.794 0.0000000000
127424  11.007  -36.589  45.882 0.0000000000
48085  12.212  -32.494  42.974 0.0000000000
47219  12.198  -32.755  42.147 0.0000000000
48084  12.746  -31.822  42.578 0.0000000000
136828  13.557  -30.150  42.610 0.0000000000
49821  13.781  -29.031  41.601 0.0000000000
139972  11.800  -24.563  43.517 0.0000000000
52876  11.767  -25.444  41.944 0.0000000000
53849  11.474  -24.933  41.908 0.0000000000
52899  11.784  -25.305  40.523 0.0000000000
52923  11.473  -25.225  38.411 0.0000000000
52931  11.515  -25.808  36.992 0.0000000000
136008  11.153  -25.110  38.025 0.0000000000
55784  11.571  -24.005  37.564 0.0000000000
55782  11.802  -23.707  37.629 0.0000000000
58496  17.662  -20.542  39.801 0.0000000000
56679  17.282  -22.052  38.939 0.0000000000
134260  17.886  -21.048  38.165 0.0000000000
46279  12.240  -33.087  50.091 0.0000000000
47186  12.114  -32.222  49.830 0.0000000000
135479  12.737  -30.604  50.755 0.0000000000
51772  14.196  -27.662  51.931 0.0000000000
53756  15.004  -26.438  52.376 0.0000000000
54698  17.239  -25.572  52.340 0.0000000000
54707  16.959  -25.370  51.969 0.0000000000
54721  16.037  -25.362  51.199 0.0000000000
55693  16.148  -24.204  49.886 0.0000000000
54762  22.925  -24.171  47.597 0.0000000000
53816  21.905  -24.580  46.250 0.0000000000
53800  21.399  -24.949  47.671 0.0000000000
52815  20.162  -25.667  49.081 0.0000000000
51789  19.156  -26.603  47.947 0.0000000000
50749  18.099  -28.377  47.367 0.0000000000
45376  15.279  -33.911  48.166 0.0000000000
45368  15.020  -34.113  49.152 0.0000000000
131251  15.761  -30.195  50.357 0.0000000000
47181  15.327  -32.095  50.023 0.0000000000
45360  14.565  -34.091  49.628 0.0000000000
44416  13.514  -34.180  49.979 0.0000000000
44418  12.423  -33.690  50.196 0.0000000000
126785  11.826  -25.963  46.245 0.0000000000
51825  12.449  -26.628  44.829 0.0000000000
53818  11.422  -25.233  45.989 0.0000000000
54791  11.278  -24.995  45.292 0.0000000000
126307  11.450  -24.304  45.323 0.0000000000
57499  12.270  -21.419  47.421 0.0000000000
56635  12.238  -23.010  46.091 0.0000000000
143712  11.857  -23.952  44.787 0.0000000000
55739  12.367  -23.709  44.427 0.0000000000
56659  13.212  -23.098  44.164 0.0000000000
56658  14.152  -22.569  43.875 0.0000000000
56594  21.659  -23.211  51.381 0.0000000000
54773  24.267  -23.535  46.427 0.0000000000
53805  29.427  -24.862  46.905 0.0000000000
53790  28.809  -24.325  48.081 0.0000000000
54758  28.006  -23.715  46.888 0.0000000000
54759  27.063  -23.399  47.230 0.0000000000
54760  25.204  -23.358  47.450 0.0000000000
54761  24.109  -23.635  47.328 0.0000000000
54753  23.411  -24.188  49.362 0.0000000000
53782  22.712  -24.386  50.088 0.0000000000
54716  23.417  -23.389  51.157 0.0000000000
53774  22.351  -24.246  50.873 0.0000000000
54701  22.247  -23.648  51.416 0.0000000000
55664  22.111  -23.447  51.476 0.0000000000
44485  10.868  -35.732  41.868 0.0000000000
45422  11.301  -34.546  42.656 0.0000000000
46339  10.942  -34.245  44.362 0.0000000000
138158  11.221  -33.809  44.304 0.0000000000
125508  11.724  -33.013  43.359 0.0000000000
48072  12.985  -31.200  45.435 0.0000000000
48930  13.289  -30.073  46.060 0.0000000000
50757  12.504  -27.935  46.707 0.0000000000
134361  11.830  -31.609  49.814 0.0000000000
132785  11.545  -30.580  49.778 0.0000000000
49793  11.616  -29.576  49.369 0.0000000000
53764  13.316  -26.396  50.512 0.0000000000
123025  12.363  -27.829  49.641 0.0000000000
126777  11.973  -28.705  48.932 0.0000000000
50745  12.292  -27.974  48.442 0.0000000000
51797  12.388  -27.315  47.526 0.0000000000
52842  12.274  -26.633  46.689 0.0000000000
132769  12.119  -24.888  47.505 0.0000000000
55705  11.720  -22.967  48.656 0.0000000000
133338  11.785  -21.448  49.051 0.0000000000
57481  13.224  -21.027  49.550 0.0000000000
58426  13.642  -20.200  49.551 0.0000000000
58427  12.733  -20.103  49.429 0.0000000000
41567  14.324  -37.383  45.145 0.0000000000
42486  13.589  -37.183  46.696 0.0000000000
46375  12.140  -33.635  40.901 0.0000000000
45482  12.299  -34.905  39.466 0.0000000000
46425  13.619  -33.648  35.481 0.0000000000
50796  12.798  -26.810  43.614 0.0000000000
50794  13.321  -27.917  42.729 0.0000000000
50824  13.596  -28.036  41.140 0.0000000000
51859  12.370  -26.148  41.547 0.0000000000
50839  13.191  -27.233  40.649 0.0000000000
49847  13.955  -29.468  39.591 0.0000000000
48125  14.067  -31.168  37.341 0.0000000000
48148  14.334  -31.224  35.585 0.0000000000
47303  13.677  -32.233  34.570 0.0000000000
48166  12.115  -31.046  33.815 0.0000000000
51924  11.819  -26.552  35.543 0.0000000000
144615  10.699  -27.285  34.139 0.0000000000
61195  13.141  -17.089  47.287 0.0000000000
62064  13.387  -16.470  46.794 0.0000000000
60293  13.237  -18.257  46.678 0.0000000000
58452  13.880  -19.892  45.843 0.0000000000
57517  15.133  -21.125  44.664 0.0000000000
56657  15.106  -22.234  43.531 0.0000000000
59415  16.352  -19.862  43.617 0.0000000000
57528  16.511  -21.094  43.500 0.0000000000
143197  15.004  -23.134  42.067 0.0000000000
55753  14.410  -23.503  40.407 0.0000000000
55770  14.176  -23.446  38.467 0.0000000000
136534  13.323  -23.419  37.389 0.0000000000
55792  14.053  -23.402  36.930 0.0000000000
55666  21.054  -23.877  51.493 0.0000000000
54703  20.321  -24.347  51.454 0.0000000000
44602  11.160  -35.395  34.389 0.0000000000
45545  11.466  -34.597  34.213 0.0000000000
46442  10.826  -34.049  33.940 0.0000000000
46441  11.743  -33.767  34.072 0.0000000000
45377  11.023  -34.013  48.243 0.0000000000
127264  11.207  -33.548  48.953 0.0000000000
54774  23.402  -23.792  46.065 0.0000000000
54800  22.614  -24.334  44.689 0.0000000000
54790  22.605  -24.190  45.665 0.0000000000
44439  11.788  -34.386  48.729 0.0000000000
44446  11.489  -34.529  47.957 0.0000000000
44452  11.250  -35.167  47.109 0.0000000000
121234  12.550  -27.331  46.044 0.0000000000
50768  12.651  -27.155  45.324 0.0000000000
55748  12.850  -23.989  41.586 0.0000000000
55747  13.767  -23.659  41.835 0.0000000000
122836  12.829  -23.891  40.617 0.0000000000
50722  15.855  -27.810  52.834 0.0000000000
126584  15.358  -27.871  52.817 0.0000000000
51768  16.227  -27.116  53.034 0.0000000000
53784  21.477  -24.951  49.338 0.0000000000
131038  17.408  -28.852  49.087 0.0000000000
48919  16.982  -29.607  48.586 0.0000000000
140981  16.902  -29.401  49.105 0.0000000000
48920  16.492  -30.317  48.903 0.0000000000
49790  17.141  -28.826  49.692 0.0000000000
50728  16.091  -28.099  52.483 0.0000000000
49776  15.756  -28.358  52.367 0.0000000000
49777  15.225  -29.023  52.133 0.0000000000
57491  11.758  -21.360  48.640 0.0000000000
57500  11.858  -21.765  47.989 0.0000000000
60294  12.887  -18.722  47.301 0.0000000000
58453  13.336  -20.575  46.294 0.0000000000
42536  10.149  -37.237  43.732 0.0000000000
43548  10.466  -36.353  43.264 0.0000000000
48069  11.951  -31.975  46.802 0.0000000000
48064  12.271  -31.096  47.183 0.0000000000
48924  12.218  -30.294  47.398 0.0000000000
133983  14.374  -26.706  51.670 0.0000000000
135271  13.658  -27.408  50.978 0.0000000000
54700  13.864  -26.376  51.167 0.0000000000
55685  12.459  -24.733  50.345 0.0000000000
55697  12.132  -24.124  50.086 0.0000000000
55703  12.069  -23.313  49.555 0.0000000000
130824  13.262  -22.908  49.946 0.0000000000
43491  14.318  -35.245  48.228 0.0000000000
42473  14.181  -36.313  47.111 0.0000000000
122759  14.079  -35.922  47.654 0.0000000000
41561  11.884  -38.412  45.740 0.0000000000
42523  10.136  -37.391  44.775 0.0000000000
123434  10.145  -38.012  45.166 0.0000000000
46356  11.663  -34.009  42.539 0.0000000000
45450  11.443  -34.929  41.284 0.0000000000
46365  11.853  -33.960  41.724 0.0000000000
48107  13.014  -32.588  39.946 0.0000000000
48106  13.463  -31.676  39.873 0.0000000000
47264  13.358  -32.434  38.512 0.0000000000
122534  13.797  -30.725  39.492 0.0000000000
52867  11.729  -25.500  43.448 0.0000000000
51893  12.667  -26.913  37.850 0.0000000000
50865  12.704  -26.780  38.715 0.0000000000
50876  13.134  -27.581  37.570 0.0000000000
50875  13.634  -28.234  37.376 0.0000000000
50885  13.147  -27.756  36.597 0.0000000000
55795  11.307  -23.811  36.424 0.0000000000
53910  10.939  -24.942  35.249 0.0000000000
54884  11.086  -24.400  35.250 0.0000000000
62073  13.459  -16.467  45.872 0.0000000000
60310  13.867  -17.589  45.271 0.0000000000
61222  13.799  -17.007  44.557 0.0000000000
58487  17.583  -20.583  40.809 0.0000000000
59430  17.439  -19.877  41.395 0.0000000000
57549  17.463  -21.303  41.262 0.0000000000
56675  17.239  -22.137  39.826 0.0000000000
53752  17.997  -25.728  52.349 0.0000000000
55678  20.259  -23.778  51.384 0.0000000000
53765  22.047  -24.095  51.359 0.0000000000
53775  21.390  -24.864  50.646 0.0000000000
130116  21.222  -24.644  51.154 0.0000000000
52805  19.904  -25.276  51.425 0.0000000000
127452  19.329  -26.356  50.722 0.0000000000
50734  18.681  -26.627  51.315 0.0000000000
53751  18.705  -25.770  51.983 0.0000000000
52799  18.600  -26.158  52.055 0.0000000000
52800  17.893  -26.104  52.476 0.0000000000
61173  13.212  -17.538  49.243 0.0000000000
61185  12.934  -17.532  48.606 0.0000000000
124219  12.785  -17.797  48.045 0.0000000000
43526  10.793  -35.918  45.881 0.0000000000
44463  10.456  -35.148  45.607 0.0000000000
47195  10.799  -33.078  47.847 0.0000000000
47197  11.227  -32.597  47.333 0.0000000000
47194  11.233  -32.464  48.227 0.0000000000
140520  15.458  -24.286  50.007 0.0000000000
56613  15.177  -22.565  49.173 0.0000000000
56614  14.399  -21.973  49.342 0.0000000000
43486  13.377  -35.282  49.069 0.0000000000
43494  13.063  -35.629  48.540 0.0000000000
42478  12.020  -36.278  47.014 0.0000000000
42477  12.671  -36.466  47.382 0.0000000000
121484  10.680  -36.818  45.534 0.0000000000
48075  12.956  -31.341  44.386 0.0000000000
48079  12.894  -31.611  43.460 0.0000000000
48936  13.405  -30.450  43.864 0.0000000000
48938  13.536  -29.656  43.258 0.0000000000
48942  13.648  -30.116  41.950 0.0000000000
49813  13.596  -28.974  42.528 0.0000000000
144686  11.577  -24.881  42.322 0.0000000000
55745  11.875  -24.594  42.622 0.0000000000
54819  11.921  -24.645  40.351 0.0000000000
54817  11.694  -24.842  41.132 0.0000000000
53872  11.641  -25.053  39.913 0.0000000000
52914  11.740  -25.344  39.472 0.0000000000
53884  11.385  -25.059  38.897 0.0000000000
124979  11.943  -23.975  38.774 0.0000000000
144697  11.883  -23.939  38.586 0.0000000000
55773  11.721  -23.969  38.054 0.0000000000
55783  11.557  -23.857  37.394 0.0000000000
55772  12.137  -23.732  38.363 0.0000000000
59444  16.926  -19.033  40.081 0.0000000000
132638  17.458  -19.621  39.573 0.0000000000
123232  17.778  -20.778  38.918 0.0000000000
127785  17.750  -20.097  39.072 0.0000000000
47180  12.553  -32.626  50.060 0.0000000000
47183  12.303  -32.754  49.989 0.0000000000
48053  12.894  -31.221  50.374 0.0000000000
52796  15.044  -26.864  53.056 0.0000000000
51771  14.411  -27.514  52.310 0.0000000000
52797  14.487  -27.058  52.483 0.0000000000
53750  14.762  -26.739  52.446 0.0000000000
142221  17.714  -25.344  52.204 0.0000000000
53754  16.863  -25.906  52.627 0.0000000000
54706  17.717  -25.098  51.969 0.0000000000
127699  17.511  -24.937  51.686 0.0000000000
54708  16.114  -25.765  52.151 0.0000000000
54736  15.957  -24.753  50.423 0.0000000000
55692  17.177  -24.228  50.269 0.0000000000
53799  22.020  -24.662  48.110 0.0000000000
53807  22.026  -24.593  47.213 0.0000000000
52832  20.646  -25.453  47.534 0.0000000000
52833  19.829  -25.980  47.751 0.0000000000
52809  20.339  -25.706  49.994 0.0000000000
50743  18.420  -27.491  48.693 0.0000000000
139843  18.829  -26.859  48.467 0.0000000000
136422  18.468  -27.471  47.997 0.0000000000
49794  17.634  -29.178  47.661 0.0000000000
140630  17.449  -31.512  47.342 0.0000000000
136280  16.044  -31.360  49.143 0.0000000000
46294  15.377  -33.192  49.167 0.0000000000
45367  15.258  -33.770  48.958 0.0000000000
46285  15.262  -33.072  49.579 0.0000000000
141853  17.060  -28.188  51.232 0.0000000000
49788  16.674  -28.918  50.454 0.0000000000
49785  16.401  -28.659  51.362 0.0000000000
47176  15.142  -30.798  50.674 0.0000000000
48056  15.368  -31.001  50.331 0.0000000000
47182  15.028  -32.533  50.208 0.0000000000
46277  14.837  -33.167  50.105 0.0000000000
46278  14.379  -33.359  50.287 0.0000000000
45352  14.092  -33.756  50.112 0.0000000000
46269  14.061  -33.127  50.522 0.0000000000
47174  13.525  -31.982  50.368 0.0000000000
46270  13.064  -33.193  50.569 0.0000000000
46271  12.635  -33.077  50.415 0.0000000000
45355  12.452  -33.290  50.313 0.0000000000
53809  11.899  -25.452  46.783 0.0000000000
54763  11.561  -24.568  46.540 0.0000000000
129211  11.535  -24.016  46.060 0.0000000000
54776  11.341  -24.594  45.809 0.0000000000
55718  11.794  -23.707  45.716 0.0000000000
132932  12.442  -20.284  47.732 0.0000000000
57508  12.644  -22.106  46.434 0.0000000000
144225  12.528  -21.547  46.893 0.0000000000
55730  12.180  -23.497  45.317 0.0000000000
56646  13.715  -22.382  44.683 0.0000000000
56593  22.131  -22.851  51.396 0.0000000000
57468  22.664  -22.352  51.238 0.0000000000
124759  26.217  -22.834  45.419 0.0000000000
121702  25.223  -22.894  45.187 0.0000000000
54787  25.418  -23.205  46.042 0.0000000000
122658  27.930  -23.657  48.505 0.0000000000
53781  28.837  -24.261  48.876 0.0000000000
53797  28.768  -24.330  47.290 0.0000000000
121583  24.475  -23.557  48.073 0.0000000000
54744  24.305  -23.638  49.773 0.0000000000
55675  24.167  -22.858  51.461 0.0000000000
54734  23.041  -23.883  50.726 0.0000000000
54735  22.767  -24.035  50.886 0.0000000000
54717  22.806  -23.420  51.356 0.0000000000
56590  22.131  -22.858  51.549 0.0000000000
56591  21.869  -23.185  51.453 0.0000000000
41615  10.492  -38.530  41.748 0.0000000000
133516  10.873  -35.430  42.747 0.0000000000
46346  11.409  -34.033  43.464 0.0000000000
45398  10.420  -34.436  45.143 0.0000000000
133088  10.775  -33.874  44.980 0.0000000000
47206  11.177  -33.414  44.668 0.0000000000
47210  11.606  -32.886  44.241 0.0000000000
47211  11.477  -33.465  43.818 0.0000000000
48080  12.217  -32.307  43.840 0.0000000000
134268  12.019  -31.211  50.039 0.0000000000
132787  12.004  -30.349  50.482 0.0000000000
50736  12.245  -28.455  50.366 0.0000000000
49791  11.544  -29.714  50.101 0.0000000000
126779  11.755  -29.014  50.267 0.0000000000
126778  11.668  -28.896  49.827 0.0000000000
54723  13.666  -25.266  50.778 0.0000000000
53763  13.369  -26.150  50.799 0.0000000000
54710  12.941  -25.806  50.547 0.0000000000
52810  12.425  -26.059  49.776 0.0000000000
51782  12.659  -27.108  49.288 0.0000000000
50742  12.091  -28.214  49.521 0.0000000000
123024  12.433  -27.706  49.216 0.0000000000
126688  12.004  -28.498  48.045 0.0000000000
52816  12.339  -25.858  49.265 0.0000000000
123018  12.393  -26.680  47.723 0.0000000000
53801  12.369  -25.859  47.919 0.0000000000
126786  12.213  -26.139  47.002 0.0000000000
56617  11.894  -22.296  49.180 0.0000000000
53817  21.195  -25.110  45.869 0.0000000000
52850  20.532  -25.676  45.441 0.0000000000
42498  14.144  -37.161  46.280 0.0000000000
41559  14.292  -37.293  45.730 0.0000000000
42475  13.519  -36.856  47.030 0.0000000000
41545  13.169  -37.412  46.644 0.0000000000
41598  10.105  -38.871  42.531 0.0000000000
124397  10.457  -39.218  41.743 0.0000000000
43598  11.703  -36.789  40.012 0.0000000000
134467  11.842  -36.129  39.685 0.0000000000
47229  12.079  -33.396  41.785 0.0000000000
46386  12.487  -33.729  39.994 0.0000000000
45481  12.684  -34.483  38.813 0.0000000000
44548  12.569  -35.190  38.658 0.0000000000
45495  12.848  -34.775  37.818 0.0000000000
47275  13.486  -32.579  37.654 0.0000000000
46407  13.386  -33.370  37.233 0.0000000000
46415  13.569  -33.819  36.357 0.0000000000
47286  13.800  -32.953  36.312 0.0000000000
124646  12.045  -26.308  45.071 0.0000000000
51837  12.485  -26.454  43.989 0.0000000000
50810  13.039  -27.245  42.407 0.0000000000
134682  13.353  -27.979  42.031 0.0000000000
50825  13.089  -27.207  41.591 0.0000000000
145083  12.017  -25.703  41.626 0.0000000000
51871  12.431  -26.161  40.475 0.0000000000
50838  13.673  -28.154  40.120 0.0000000000
49856  13.968  -29.238  38.607 0.0000000000
48964  13.896  -30.325  38.827 0.0000000000
48963  14.134  -29.989  38.180 0.0000000000
49885  14.351  -29.759  35.764 0.0000000000
48985  14.343  -30.523  36.149 0.0000000000
48157  14.368  -31.070  34.866 0.0000000000
47294  14.224  -31.790  35.009 0.0000000000
48158  13.925  -31.301  34.472 0.0000000000
48159  13.021  -31.635  34.106 0.0000000000
49007  13.110  -30.500  34.178 0.0000000000
135759  12.227  -28.628  34.370 0.0000000000
136623  10.922  -28.560  33.851 0.0000000000
52941  11.424  -25.912  36.076 0.0000000000
51934  10.542  -26.768  34.136 0.0000000000
132579  10.348  -27.586  33.772 0.0000000000
50912  9.927  -27.982  33.153 0.0000000000
126810  13.356  -16.933  46.417 0.0000000000
61206  13.184  -17.502  46.792 0.0000000000
59402  13.561  -19.032  46.263 0.0000000000
60303  13.652  -18.259  45.876 0.0000000000
131782  15.304  -20.267  44.670 0.0000000000
57529  15.634  -21.510  43.948 0.0000000000
60327  16.305  -18.747  42.289 0.0000000000
132213  14.986  -18.040  42.918 0.0000000000
60320  15.150  -18.514  43.620 0.0000000000
59423  16.541  -19.433  42.912 0.0000000000
57540  16.799  -21.555  42.638 0.0000000000
56664  16.244  -22.319  42.207 0.0000000000
57541  15.991  -21.919  43.106 0.0000000000
56672  15.569  -22.927  41.733 0.0000000000
134090  15.560  -23.188  40.722 0.0000000000
55769  15.079  -23.409  38.971 0.0000000000
125900  13.489  -23.451  38.015 0.0000000000
55780  14.217  -23.421  37.684 0.0000000000
56686  16.741  -22.554  38.360 0.0000000000
54704  19.550  -24.579  51.502 0.0000000000
56596  20.696  -23.296  51.101 0.0000000000
54702  21.686  -24.013  51.473 0.0000000000
53758  20.979  -24.340  51.442 0.0000000000
53760  19.376  -25.119  51.621 0.0000000000
46462  10.729  -33.263  33.629 0.0000000000
44453  10.825  -35.039  46.932 0.0000000000
45385  10.540  -34.503  46.955 0.0000000000
45384  10.640  -34.025  47.555 0.0000000000
46304  10.882  -33.503  48.269 0.0000000000
47192  11.006  -32.964  48.684 0.0000000000
44438  12.202  -34.679  48.997 0.0000000000
43495  12.570  -35.288  48.419 0.0000000000
43496  12.114  -34.861  48.117 0.0000000000
43514  11.491  -36.025  46.654 0.0000000000
49805  13.254  -28.425  44.606 0.0000000000
138064  13.298  -28.077  43.895 0.0000000000
55744  12.464  -24.140  42.596 0.0000000000
130713  12.130  -24.479  41.667 0.0000000000
55756  12.250  -24.215  39.809 0.0000000000
55755  12.365  -23.980  39.673 0.0000000000
55754  13.339  -23.659  40.072 0.0000000000
48047  14.145  -30.388  51.339 0.0000000000
48909  13.849  -29.918  51.507 0.0000000000
140497  14.814  -28.569  52.333 0.0000000000
51769  15.601  -27.343  53.124 0.0000000000
53748  16.369  -26.249  52.826 0.0000000000
55691  18.077  -24.024  50.665 0.0000000000
53792  21.994  -24.723  48.913 0.0000000000
51781  19.153  -26.658  49.820 0.0000000000
122774  16.089  -30.448  49.600 0.0000000000
129275  16.755  -27.702  52.226 0.0000000000
48910  16.109  -29.006  51.310 0.0000000000
125342  16.173  -28.361  52.042 0.0000000000
48911  15.690  -29.177  51.620 0.0000000000
48049  14.884  -30.946  50.742 0.0000000000
47172  14.474  -31.609  50.620 0.0000000000
48913  14.906  -30.275  51.328 0.0000000000
48046  14.604  -30.444  51.279 0.0000000000
55708  11.732  -23.390  47.665 0.0000000000
127408  11.785  -23.066  47.174 0.0000000000
57503  12.877  -21.112  46.642 0.0000000000
57507  13.131  -21.629  46.129 0.0000000000
57506  13.774  -21.066  45.752 0.0000000000
54786  26.917  -23.145  45.915 0.0000000000
54732  24.922  -23.235  50.297 0.0000000000
43563  10.363  -37.175  42.661 0.0000000000
47201  10.841  -33.453  45.495 0.0000000000
48068  12.734  -31.174  46.414 0.0000000000
49799  12.129  -28.779  47.485 0.0000000000
50730  13.140  -28.283  51.179 0.0000000000
49786  12.138  -29.449  50.744 0.0000000000
129731  13.225  -27.997  50.657 0.0000000000
51778  13.367  -27.439  50.341 0.0000000000
55684  13.116  -24.525  50.529 0.0000000000
54724  12.989  -25.533  50.600 0.0000000000
53776  12.252  -25.606  50.077 0.0000000000
126320  12.191  -25.841  49.911 0.0000000000
123020  12.394  -26.294  49.671 0.0000000000
53785  12.180  -25.148  49.638 0.0000000000
52851  19.948  -26.134  45.892 0.0000000000
51812  19.511  -26.816  45.378 0.0000000000
43502  14.738  -35.205  47.217 0.0000000000
43513  14.583  -35.927  46.875 0.0000000000
42484  14.352  -36.566  46.537 0.0000000000
41553  12.803  -37.842  46.291 0.0000000000
144609  10.400  -37.902  45.398 0.0000000000
41569  10.411  -38.394  45.289 0.0000000000
41585  9.975  -38.845  43.725 0.0000000000
44501  11.258  -35.684  41.243 0.0000000000
44517  11.571  -35.445  40.680 0.0000000000
45449  11.738  -34.764  40.731 0.0000000000
135527  12.917  -31.912  41.128 0.0000000000
48098  12.945  -32.282  40.539 0.0000000000
47254  12.844  -33.140  39.632 0.0000000000
47265  13.067  -33.021  38.970 0.0000000000
127416  12.830  -33.918  37.995 0.0000000000
134952  13.747  -31.768  37.920 0.0000000000
126472  11.799  -25.803  44.367 0.0000000000
122748  12.125  -25.967  43.629 0.0000000000
51848  12.419  -26.221  43.014 0.0000000000
125096  12.482  -26.327  42.301 0.0000000000
51883  12.188  -25.970  39.551 0.0000000000
50853  12.609  -26.508  39.554 0.0000000000
50863  13.653  -28.295  38.142 0.0000000000
49863  14.109  -29.177  37.646 0.0000000000
49874  13.936  -28.656  36.747 0.0000000000
49886  13.928  -29.121  35.278 0.0000000000
49898  13.569  -29.631  34.617 0.0000000000
50892  13.066  -28.600  34.823 0.0000000000
50903  12.289  -27.890  34.681 0.0000000000
126172  10.901  -24.761  36.159 0.0000000000
52952  11.065  -25.408  35.641 0.0000000000
134327  10.433  -26.187  33.944 0.0000000000
137661  13.414  -16.485  46.336 0.0000000000
60302  14.287  -18.407  45.132 0.0000000000
59408  15.338  -19.545  44.436 0.0000000000
59431  16.978  -19.207  41.941 0.0000000000
59422  17.371  -20.162  42.412 0.0000000000
57539  17.425  -21.098  42.179 0.0000000000
57550  17.000  -21.876  41.744 0.0000000000
56676  16.494  -22.771  40.205 0.0000000000
56681  15.916  -23.138  39.487 0.0000000000
56687  15.972  -23.119  38.630 0.0000000000
52794  16.609  -26.497  52.858 0.0000000000
134544  17.442  -26.080  52.610 0.0000000000
133962  17.963  -24.921  51.943 0.0000000000
54705  18.755  -24.907  51.723 0.0000000000
54718  18.761  -24.659  51.622 0.0000000000
51780  19.776  -26.111  50.202 0.0000000000
144488  17.945  -27.744  50.465 0.0000000000
50735  17.878  -27.488  51.129 0.0000000000
50731  17.273  -27.558  51.836 0.0000000000
51776  18.634  -26.087  51.900 0.0000000000
50726  17.336  -27.058  52.385 0.0000000000
51774  17.262  -26.583  52.630 0.0000000000
58428  12.167  -20.165  49.109 0.0000000000
58443  12.088  -20.905  48.234 0.0000000000
59379  12.472  -18.829  48.524 0.0000000000
60267  12.833  -17.932  49.160 0.0000000000
60284  12.680  -18.361  47.902 0.0000000000
61207  12.943  -17.839  47.394 0.0000000000
143575  10.380  -35.820  44.630 0.0000000000
45392  10.405  -34.037  46.930 0.0000000000
46321  10.549  -33.630  46.424 0.0000000000
48065  11.765  -31.795  47.685 0.0000000000
134748  15.229  -25.394  51.123 0.0000000000
54722  14.510  -25.133  50.853 0.0000000000
145987  14.616  -24.529  50.446 0.0000000000
56603  15.268  -23.564  49.613 0.0000000000
55695  13.968  -23.309  50.072 0.0000000000
43492  14.056  -35.528  48.299 0.0000000000
42468  13.534  -36.316  47.585 0.0000000000
42476  13.195  -36.747  47.221 0.0000000000
42470  12.797  -35.839  48.003 0.0000000000
41547  12.768  -37.178  46.868 0.0000000000
41554  12.343  -37.690  46.395 0.0000000000
42489  11.204  -36.743  46.003 0.0000000000
42500  10.741  -37.409  45.567 0.0000000000
43532  10.349  -36.902  45.155 0.0000000000
47220  11.901  -33.196  42.664 0.0000000000
48089  12.705  -31.901  41.766 0.0000000000
48939  13.382  -30.864  43.036 0.0000000000
48088  13.359  -31.134  41.490 0.0000000000
48948  13.806  -30.229  41.135 0.0000000000
54809  11.580  -24.837  43.059 0.0000000000
53842  11.511  -25.141  42.662 0.0000000000
52887  11.749  -25.354  41.324 0.0000000000
136057  11.713  -24.785  41.727 0.0000000000
53858  11.631  -25.107  40.969 0.0000000000
52913  11.929  -25.828  38.716 0.0000000000
51894  12.245  -26.334  38.205 0.0000000000
51904  12.103  -26.366  37.373 0.0000000000
52922  11.711  -25.774  37.854 0.0000000000
52932  11.212  -25.147  37.543 0.0000000000
53893  11.235  -24.639  37.691 0.0000000000
54824  11.604  -24.464  38.473 0.0000000000
54835  11.480  -24.371  37.866 0.0000000000
53902  11.027  -24.685  36.951 0.0000000000
54846  11.254  -24.197  37.142 0.0000000000
136631  11.403  -23.859  36.981 0.0000000000
130296  11.475  -23.716  36.977 0.0000000000
59437  17.387  -19.811  40.423 0.0000000000
57560  17.598  -21.422  39.424 0.0000000000
58503  18.054  -20.148  38.339 0.0000000000
44601  12.117  -35.131  34.511 0.0000000000
45362  11.619  -33.498  49.467 0.0000000000
46296  11.453  -33.131  49.408 0.0000000000
132055  12.074  -32.824  49.869 0.0000000000
134643  12.380  -30.974  50.324 0.0000000000
48916  12.391  -30.068  50.822 0.0000000000
49780  13.661  -29.177  51.787 0.0000000000
49783  13.193  -28.848  51.572 0.0000000000
50729  13.679  -27.989  51.487 0.0000000000
51775  13.941  -27.510  51.469 0.0000000000
53761  15.277  -26.152  52.015 0.0000000000
53747  16.997  -26.085  52.707 0.0000000000
54699  16.690  -25.775  52.496 0.0000000000
53755  15.926  -26.035  52.702 0.0000000000
53768  15.506  -25.737  51.617 0.0000000000
54775  22.685  -24.150  46.612 0.0000000000
53808  21.298  -25.060  46.862 0.0000000000
52841  19.945  -26.034  46.849 0.0000000000
51804  19.139  -27.214  46.413 0.0000000000
145468  19.755  -25.961  48.402 0.0000000000
51788  19.405  -26.281  48.696 0.0000000000
50748  18.741  -27.495  47.051 0.0000000000
49796  18.332  -28.547  46.426 0.0000000000
48923  17.699  -30.228  47.214 0.0000000000
44443  15.532  -34.172  47.276 0.0000000000
44435  14.950  -34.357  48.557 0.0000000000
44436  14.675  -34.722  48.765 0.0000000000
139578  16.216  -29.679  50.156 0.0000000000
48055  15.644  -31.463  49.738 0.0000000000
143956  15.839  -29.621  50.871 0.0000000000
47185  15.409  -32.493  49.620 0.0000000000
46286  14.995  -33.347  49.790 0.0000000000
45359  14.885  -33.810  49.556 0.0000000000
44415  14.056  -34.475  49.621 0.0000000000
44426  13.633  -34.784  49.490 0.0000000000
44427  13.050  -34.614  49.662 0.0000000000
136553  13.540  -33.295  50.553 0.0000000000
44417  12.864  -34.007  50.251 0.0000000000
44428  12.416  -34.271  49.754 0.0000000000
146334  12.140  -33.907  49.909 0.0000000000
51814  12.361  -26.786  45.704 0.0000000000
52852  12.028  -26.381  45.860 0.0000000000
53827  11.608  -25.761  45.364 0.0000000000
144393  11.441  -25.343  44.739 0.0000000000
135949  11.377  -24.803  44.667 0.0000000000
55731  11.591  -24.317  44.696 0.0000000000
56629  12.265  -22.346  46.781 0.0000000000
130474  11.693  -23.943  45.156 0.0000000000
54801  11.569  -24.735  43.975 0.0000000000
55740  11.873  -24.282  44.202 0.0000000000
56647  12.856  -22.957  45.012 0.0000000000
55738  12.816  -23.705  43.484 0.0000000000
56667  13.708  -23.188  43.303 0.0000000000
135482  14.534  -22.766  43.135 0.0000000000
56599  21.934  -22.747  51.211 0.0000000000
53796  29.466  -24.836  47.686 0.0000000000
54771  27.081  -23.321  46.578 0.0000000000
121860  25.179  -23.338  46.715 0.0000000000
138018  23.444  -23.826  46.808 0.0000000000
53791  22.601  -24.531  49.328 0.0000000000
54733  23.879  -23.576  50.558 0.0000000000
54715  24.426  -23.104  50.969 0.0000000000
55663  22.556  -23.175  51.473 0.0000000000
42553  10.669  -37.138  41.802 0.0000000000
43581  10.971  -36.404  41.519 0.0000000000
123995  11.074  -35.040  41.890 0.0000000000
143175  10.628  -34.797  44.422 0.0000000000
46345  11.687  -33.573  43.016 0.0000000000
50767  12.780  -27.899  45.871 0.0000000000
46295  11.756  -32.630  49.628 0.0000000000
47188  11.323  -32.851  49.324 0.0000000000
132786  11.742  -30.535  50.163 0.0000000000
48060  11.592  -31.521  49.370 0.0000000000
48922  11.712  -30.461  48.790 0.0000000000
51779  13.112  -27.447  49.903 0.0000000000
53771  12.646  -25.970  50.216 0.0000000000
52807  13.129  -26.653  49.954 0.0000000000
49795  11.808  -29.251  48.358 0.0000000000
50750  12.307  -27.948  47.446 0.0000000000
51790  12.486  -27.236  48.572 0.0000000000
51805  12.405  -27.209  46.606 0.0000000000
54745  12.077  -24.155  48.475 0.0000000000
56623  11.635  -22.011  48.603 0.0000000000
57473  13.135  -21.943  49.686 0.0000000000
145534  12.745  -21.391  49.555 0.0000000000
57482  12.219  -20.907  49.313 0.0000000000
53826  21.172  -25.291  44.946 0.0000000000
53834  21.286  -25.384  44.069 0.0000000000
52859  19.937  -26.303  44.943 0.0000000000
42474  13.952  -36.662  47.004 0.0000000000
41551  13.843  -37.430  46.306 0.0000000000
41560  13.877  -37.643  45.927 0.0000000000
43599  11.546  -36.820  40.471 0.0000000000
127509  11.859  -34.198  40.976 0.0000000000
45467  12.103  -34.410  40.237 0.0000000000
44549  12.173  -35.609  39.306 0.0000000000
125134  12.524  -35.920  38.544 0.0000000000
45524  13.193  -34.220  34.914 0.0000000000
50780  12.772  -26.960  44.499 0.0000000000
126948  13.072  -27.461  44.165 0.0000000000
50795  13.136  -27.427  43.274 0.0000000000
49833  13.941  -29.184  40.668 0.0000000000
51860  12.153  -25.907  42.193 0.0000000000
137013  12.822  -26.694  40.264 0.0000000000
50840  12.783  -26.611  41.114 0.0000000000
48975  14.017  -30.860  38.133 0.0000000000
48974  14.231  -30.273  37.513 0.0000000000
48136  14.167  -31.296  36.498 0.0000000000
47285  14.118  -32.044  35.918 0.0000000000
47295  13.920  -32.703  35.247 0.0000000000
46439  13.331  -33.231  34.661 0.0000000000
45543  12.720  -33.811  34.435 0.0000000000
46440  12.415  -33.091  34.102 0.0000000000
47304  12.048  -32.140  33.797 0.0000000000
47315  11.061  -32.302  33.474 0.0000000000
51914  12.429  -27.062  36.053 0.0000000000
51923  12.158  -27.168  35.065 0.0000000000
51932  11.644  -27.565  34.531 0.0000000000
52951  11.289  -26.154  35.042 0.0000000000
51933  11.320  -26.986  34.611 0.0000000000
50904  10.915  -27.773  34.102 0.0000000000
50911  10.338  -28.322  33.527 0.0000000000
62056  13.175  -17.057  48.178 0.0000000000
138289  14.004  -18.975  45.686 0.0000000000
58462  14.563  -20.572  45.281 0.0000000000
57530  14.707  -21.907  44.356 0.0000000000
58461  15.925  -20.012  44.163 0.0000000000
58472  16.844  -20.309  43.267 0.0000000000
137893  16.357  -20.425  43.789 0.0000000000
56665  15.282  -22.659  42.597 0.0000000000
56673  14.649  -23.396  41.469 0.0000000000
55761  12.993  -23.609  39.351 0.0000000000
55759  15.157  -23.372  39.832 0.0000000000
55760  14.026  -23.500  39.386 0.0000000000
55771  13.088  -23.515  38.652 0.0000000000
55781  12.655  -23.517  37.864 0.0000000000
124070  12.331  -23.482  37.018 0.0000000000
55794  11.715  -23.582  36.278 0.0000000000
144371  13.210  -23.398  36.741 0.0000000000
55809  11.417  -23.780  35.720 0.0000000000
43485  14.041  -35.219  49.062 0.0000000000
43503  14.372  -35.575  47.518 0.0000000000
44424  14.707  -34.436  49.230 0.0000000000
44425  14.444  -34.695  49.258 0.0000000000
45343  13.780  -33.468  50.454 0.0000000000
45344  13.178  -33.456  50.565 0.0000000000
45345  12.784  -33.312  50.525 0.0000000000
45351  14.679  -33.538  49.938 0.0000000000
45353  13.344  -33.689  50.420 0.0000000000
45354  12.776  -33.529  50.457 0.0000000000
45358  15.123  -33.551  49.440 0.0000000000
45361  12.106  -33.483  49.972 0.0000000000
46268  14.598  -32.869  50.365 0.0000000000
46272  12.421  -33.009  50.242 0.0000000000
46276  15.166  -32.893  49.912 0.0000000000
46284  15.494  -32.672  49.221 0.0000000000
46287  11.878  -33.083  49.772 0.0000000000
46387  12.502  -34.275  39.564 0.0000000000
47175  13.065  -32.001  50.073 0.0000000000
47177  14.274  -32.407  50.513 0.0000000000
47178  13.629  -32.730  50.539 0.0000000000
47179  12.998  -32.694  50.392 0.0000000000
48048  15.223  -29.963  51.369 0.0000000000
48050  14.465  -30.996  50.855 0.0000000000
48051  13.967  -31.126  50.902 0.0000000000
48057  12.358  -31.946  49.833 0.0000000000
48083  13.288  -31.050  42.234 0.0000000000
48137  13.881  -32.084  36.971 0.0000000000
48907  14.865  -29.742  51.756 0.0000000000
48908  14.500  -29.731  51.739 0.0000000000
48912  15.093  -29.550  51.832 0.0000000000
48914  13.719  -30.687  51.116 0.0000000000
48915  13.204  -30.693  50.903 0.0000000000
48917  16.132  -29.337  50.834 0.0000000000
48996  14.439  -30.461  35.259 0.0000000000
49779  14.256  -29.052  52.055 0.0000000000
49781  15.778  -28.607  52.042 0.0000000000
49782  15.458  -28.933  52.013 0.0000000000
49789  11.789  -29.680  50.387 0.0000000000
49897  14.247  -29.812  34.979 0.0000000000
50723  15.355  -28.409  52.435 0.0000000000
50725  13.814  -28.374  51.860 0.0000000000
50733  12.563  -28.564  50.777 0.0000000000
50739  11.968  -28.348  50.036 0.0000000000
51767  16.667  -26.851  52.851 0.0000000000
51770  14.841  -27.486  52.884 0.0000000000
51884  12.061  -25.677  40.215 0.0000000000
51915  11.972  -26.425  36.509 0.0000000000
51944  10.085  -27.348  33.449 0.0000000000
52798  14.281  -27.254  51.879 0.0000000000
52801  14.363  -26.901  51.918 0.0000000000
52804  13.530  -26.954  50.485 0.0000000000
53757  13.762  -26.637  51.058 0.0000000000
53769  14.799  -25.785  51.416 0.0000000000
53843  11.543  -25.204  42.141 0.0000000000
53850  11.534  -25.088  41.606 0.0000000000
54709  13.609  -25.987  51.034 0.0000000000
54820  11.801  -24.758  40.224 0.0000000000
54868  11.026  -24.319  35.950 0.0000000000
55763  11.869  -24.177  38.984 0.0000000000
55774  11.616  -24.160  38.255 0.0000000000
55796  11.198  -23.987  36.484 0.0000000000
59416  15.735  -19.253  43.742 0.0000000000
125009  12.895  -28.016  50.301 0.0000000000
127174  14.933  -28.127  52.596 0.0000000000
127474  12.956  -32.496  34.203 0.0000000000
129818  17.337  -30.811  47.555 0.0000000000
129830  14.252  -30.615  36.873 0.0000000000
131327  11.942  -29.816  47.833 0.0000000000
132453  12.014  -33.338  42.254 0.0000000000
132726  11.734  -24.597  39.268 0.0000000000
133486  13.416  -29.892  51.412 0.0000000000
133982  12.624  -31.733  49.968 0.0000000000
134417  11.614  -32.285  49.528 0.0000000000
135672  12.848  -29.867  51.203 0.0000000000
135705  11.218  -24.861  38.045 0.0000000000
138415  13.613  -27.820  51.176 0.0000000000
139993  15.135  -31.618  50.366 0.0000000000
141600  14.147  -29.086  36.099 0.0000000000
144351  11.475  -35.914  40.734 0.0000000000
144681  15.009  -31.284  50.557 0.0000000000
