#!ascii label  , from subject sub-v1s20x0050359_ses-1 vox2ras=TkReg
1143
46630  -31.863  -9.856  20.978 0.0000000000
48524  -47.123  -7.562  17.602 0.0000000000
46697  -38.661  -9.477  19.189 0.0000000000
34266  -8.934  -23.508  40.142 0.0000000000
43818  -28.945  -12.638  24.801 0.0000000000
37638  -23.732  -19.112  40.973 0.0000000000
44607  -25.567  -11.813  38.280 0.0000000000
43742  -30.186  -12.551  33.297 0.0000000000
44669  -32.104  -11.810  30.941 0.0000000000
35105  -16.681  -22.369  37.600 0.0000000000
35876  -21.233  -20.950  43.240 0.0000000000
35970  -19.968  -21.130  36.460 0.0000000000
41302  -22.743  -14.689  33.429 0.0000000000
102165  -25.790  -13.126  33.167 0.0000000000
91943  -33.206  -10.731  26.144 0.0000000000
47529  -35.865  -8.513  23.786 0.0000000000
47600  -43.155  -8.841  18.827 0.0000000000
47574  -35.189  -8.764  19.898 0.0000000000
50283  -45.581  -5.521  13.550 0.0000000000
87686  -5.936  -26.718  41.686 0.0000000000
45590  -31.974  -10.520  29.348 0.0000000000
102464  -30.518  -11.936  22.231 0.0000000000
38544  -22.620  -18.745  34.956 0.0000000000
102863  -23.972  -15.682  38.794 0.0000000000
47532  -38.787  -8.196  23.696 0.0000000000
51148  -52.295  -4.154  9.818 0.0000000000
42127  -27.604  -13.985  30.423 0.0000000000
42957  -29.510  -13.859  30.425 0.0000000000
35107  -18.362  -22.180  37.245 0.0000000000
42124  -23.681  -14.014  30.729 0.0000000000
42114  -26.264  -13.975  31.004 0.0000000000
43752  -27.937  -12.546  32.921 0.0000000000
46583  -32.816  -9.880  23.853 0.0000000000
46585  -34.330  -9.271  24.682 0.0000000000
46614  -33.972  -9.220  22.785 0.0000000000
105555  -45.212  -8.467  17.649 0.0000000000
47564  -45.896  -9.161  21.583 0.0000000000
49382  -49.148  -7.169  17.330 0.0000000000
32383  -7.757  -25.532  37.697 0.0000000000
89808  -7.620  -25.463  41.195 0.0000000000
43789  -30.619  -12.224  27.994 0.0000000000
45573  -31.780  -10.008  30.033 0.0000000000
44725  -30.633  -11.605  26.839 0.0000000000
44740  -31.302  -11.445  25.450 0.0000000000
43850  -29.315  -12.010  23.739 0.0000000000
36760  -22.117  -19.963  41.760 0.0000000000
36737  -22.354  -19.972  44.684 0.0000000000
37627  -24.487  -19.183  44.129 0.0000000000
39438  -24.976  -17.453  42.827 0.0000000000
36860  -21.445  -19.756  32.297 0.0000000000
101581  -22.347  -18.698  31.138 0.0000000000
42894  -23.506  -13.688  35.140 0.0000000000
101879  -23.727  -15.497  36.315 0.0000000000
42863  -23.742  -13.224  38.578 0.0000000000
42831  -24.698  -13.504  41.068 0.0000000000
106009  -12.127  -22.168  38.112 0.0000000000
35904  -14.392  -21.461  41.671 0.0000000000
35871  -13.932  -21.121  43.792 0.0000000000
47598  -36.683  -9.141  19.708 0.0000000000
47562  -37.069  -8.590  21.617 0.0000000000
46634  -39.416  -9.626  21.442 0.0000000000
52018  -52.900  -4.381  8.071 0.0000000000
35002  -7.960  -21.972  44.238 0.0000000000
45530  -32.433  -10.149  35.276 0.0000000000
46464  -33.160  -9.415  34.113 0.0000000000
43756  -31.595  -12.521  32.412 0.0000000000
42968  -30.513  -13.424  29.201 0.0000000000
35069  -16.441  -22.310  39.794 0.0000000000
91691  -19.114  -22.837  42.872 0.0000000000
35053  -19.100  -22.257  40.065 0.0000000000
36764  -20.788  -21.053  39.939 0.0000000000
37651  -22.185  -19.599  39.325 0.0000000000
103859  -22.338  -16.673  30.641 0.0000000000
42110  -22.413  -14.502  30.813 0.0000000000
42917  -23.218  -13.462  33.241 0.0000000000
43722  -25.465  -12.514  35.227 0.0000000000
44648  -27.700  -11.888  34.876 0.0000000000
45527  -29.771  -10.873  35.713 0.0000000000
107906  -14.006  -22.890  36.275 0.0000000000
45592  -34.659  -10.017  29.232 0.0000000000
102650  -37.426  -9.429  29.853 0.0000000000
46548  -35.420  -9.632  27.912 0.0000000000
89338  -35.920  -8.709  26.747 0.0000000000
46700  -41.315  -8.924  18.892 0.0000000000
46636  -41.217  -9.727  21.658 0.0000000000
46639  -43.820  -9.796  21.786 0.0000000000
27945  -2.948  -30.195  46.609 0.0000000000
47572  -33.780  -8.838  20.273 0.0000000000
48518  -34.553  -8.467  17.469 0.0000000000
102236  -39.003  -8.428  16.932 0.0000000000
47665  -40.649  -8.074  16.776 0.0000000000
48540  -42.777  -7.527  16.658 0.0000000000
48562  -44.220  -6.997  15.812 0.0000000000
49415  -46.296  -6.579  15.368 0.0000000000
50263  -43.892  -5.913  14.238 0.0000000000
88209  -6.376  -23.683  44.907 0.0000000000
88260  -3.963  -25.411  46.599 0.0000000000
30466  -3.455  -27.428  46.757 0.0000000000
105203  -36.547  -7.959  33.231 0.0000000000
47422  -33.028  -8.244  32.410 0.0000000000
47439  -33.263  -7.859  31.336 0.0000000000
46514  -34.292  -9.255  30.325 0.0000000000
45625  -32.971  -10.985  27.765 0.0000000000
45666  -31.962  -11.181  24.734 0.0000000000
45694  -31.424  -10.729  21.381 0.0000000000
35831  -21.238  -21.325  46.139 0.0000000000
37689  -21.387  -19.751  35.964 0.0000000000
37670  -23.148  -18.876  37.836 0.0000000000
39571  -23.256  -17.363  34.073 0.0000000000
39533  -23.951  -17.694  36.568 0.0000000000
39487  -24.511  -17.443  40.089 0.0000000000
41241  -24.936  -15.768  41.538 0.0000000000
97193  -9.427  -24.149  38.008 0.0000000000
35099  -10.557  -23.054  37.364 0.0000000000
35912  -10.020  -21.885  40.012 0.0000000000
89097  -35.255  -8.692  22.175 0.0000000000
48462  -37.178  -7.917  24.021 0.0000000000
48443  -38.488  -7.177  26.506 0.0000000000
47519  -42.016  -8.506  24.449 0.0000000000
49441  -47.514  -6.398  14.555 0.0000000000
49461  -49.792  -7.020  13.217 0.0000000000
50286  -51.367  -6.241  12.813 0.0000000000
50321  -50.017  -5.616  10.562 0.0000000000
51130  -53.329  -4.692  11.480 0.0000000000
42140  -27.249  -14.515  29.653 0.0000000000
90489  -27.599  -14.918  28.824 0.0000000000
41350  -26.321  -15.509  27.922 0.0000000000
42138  -24.776  -14.949  29.487 0.0000000000
42126  -26.312  -14.348  30.134 0.0000000000
90467  -26.899  -14.051  30.411 0.0000000000
45695  -32.038  -10.029  21.788 0.0000000000
98791  -33.263  -9.373  22.697 0.0000000000
46631  -32.533  -9.421  21.323 0.0000000000
48523  -46.350  -8.019  17.781 0.0000000000
47629  -46.408  -8.229  18.703 0.0000000000
89969  -47.159  -7.742  18.415 0.0000000000
101701  -47.764  -7.467  18.111 0.0000000000
48544  -48.157  -7.198  17.021 0.0000000000
33349  -8.796  -24.742  39.072 0.0000000000
32350  -8.021  -25.579  39.232 0.0000000000
33334  -8.196  -24.910  40.734 0.0000000000
43809  -30.030  -12.317  26.398 0.0000000000
44711  -30.736  -11.311  27.607 0.0000000000
43819  -29.583  -12.317  25.445 0.0000000000
44753  -30.001  -11.812  25.113 0.0000000000
43833  -29.419  -12.091  24.561 0.0000000000
35856  -17.036  -22.018  44.280 0.0000000000
94031  -22.872  -19.596  41.083 0.0000000000
94946  -23.063  -19.804  43.089 0.0000000000
37632  -23.760  -19.464  42.522 0.0000000000
37633  -24.449  -18.891  43.079 0.0000000000
38472  -24.837  -18.311  42.347 0.0000000000
96108  -23.934  -13.055  36.577 0.0000000000
42873  -23.288  -13.821  36.829 0.0000000000
43693  -24.132  -12.669  38.197 0.0000000000
43681  -24.246  -12.741  39.057 0.0000000000
35049  -15.700  -22.021  40.361 0.0000000000
35026  -15.945  -21.787  42.079 0.0000000000
35891  -15.390  -21.539  42.728 0.0000000000
47417  -38.846  -9.491  33.016 0.0000000000
105138  -37.965  -9.513  19.332 0.0000000000
46655  -37.950  -9.406  20.548 0.0000000000
46656  -39.142  -9.687  20.747 0.0000000000
44651  -31.022  -11.687  34.399 0.0000000000
44652  -31.857  -11.382  34.034 0.0000000000
43743  -31.163  -12.476  33.169 0.0000000000
42967  -29.741  -13.944  29.541 0.0000000000
42161  -29.264  -14.307  27.698 0.0000000000
92333  -29.392  -13.996  27.240 0.0000000000
91048  -16.460  -22.356  38.410 0.0000000000
35052  -18.383  -22.445  40.383 0.0000000000
35086  -17.372  -22.397  38.267 0.0000000000
107278  -19.278  -21.677  36.856 0.0000000000
35948  -19.518  -21.633  38.045 0.0000000000
35949  -20.312  -21.069  38.477 0.0000000000
107147  -21.204  -20.480  39.753 0.0000000000
36782  -21.058  -20.234  38.298 0.0000000000
41333  -21.430  -15.201  29.981 0.0000000000
103202  -24.580  -13.677  31.740 0.0000000000
42112  -23.548  -13.659  31.658 0.0000000000
42930  -24.032  -13.381  32.518 0.0000000000
42904  -24.419  -13.070  34.284 0.0000000000
42905  -25.341  -12.775  34.421 0.0000000000
43709  -26.298  -12.005  35.568 0.0000000000
43738  -26.751  -12.512  33.726 0.0000000000
43741  -29.178  -12.380  33.336 0.0000000000
43726  -28.743  -12.018  33.894 0.0000000000
95248  -30.270  -11.739  34.488 0.0000000000
45528  -30.840  -10.753  35.635 0.0000000000
89839  -14.781  -22.709  36.679 0.0000000000
45626  -34.010  -10.595  27.859 0.0000000000
45612  -35.096  -9.890  28.592 0.0000000000
46547  -34.714  -9.904  27.261 0.0000000000
47528  -35.060  -8.845  24.265 0.0000000000
47501  -35.436  -8.780  25.848 0.0000000000
47513  -35.820  -8.475  24.951 0.0000000000
47502  -36.385  -8.314  26.168 0.0000000000
47514  -36.573  -8.126  25.255 0.0000000000
47599  -42.179  -8.815  18.877 0.0000000000
46658  -42.178  -9.440  20.207 0.0000000000
46679  -43.405  -9.231  19.676 0.0000000000
47565  -46.669  -8.834  21.757 0.0000000000
47664  -39.774  -8.308  16.777 0.0000000000
48557  -39.355  -7.533  15.377 0.0000000000
48559  -41.763  -7.021  15.519 0.0000000000
49412  -42.526  -6.630  15.206 0.0000000000
48561  -43.459  -7.244  16.178 0.0000000000
49437  -43.193  -6.302  14.760 0.0000000000
49414  -44.045  -6.437  15.023 0.0000000000
87681  -6.681  -26.664  40.299 0.0000000000
29641  -5.121  -27.852  41.808 0.0000000000
35847  -7.690  -21.505  45.208 0.0000000000
34223  -6.978  -23.289  44.394 0.0000000000
87705  -6.716  -22.519  45.977 0.0000000000
101115  -4.537  -23.630  47.511 0.0000000000
101116  -3.278  -24.564  48.128 0.0000000000
101173  -3.644  -26.236  46.625 0.0000000000
32256  -2.817  -25.948  48.730 0.0000000000
29591  -2.831  -27.910  48.773 0.0000000000
45552  -32.594  -10.125  32.439 0.0000000000
47413  -33.224  -8.964  33.184 0.0000000000
45560  -32.340  -10.326  31.531 0.0000000000
102962  -31.863  -9.942  29.834 0.0000000000
46512  -32.388  -8.619  30.755 0.0000000000
46513  -32.769  -8.656  30.138 0.0000000000
47452  -33.556  -8.274  30.644 0.0000000000
46526  -33.116  -9.435  29.642 0.0000000000
45591  -33.718  -10.243  29.185 0.0000000000
45609  -32.233  -10.870  28.567 0.0000000000
97945  -30.453  -11.691  24.240 0.0000000000
44755  -31.217  -11.566  24.481 0.0000000000
44772  -31.036  -11.597  23.705 0.0000000000
44790  -31.584  -11.060  22.991 0.0000000000
44815  -31.154  -11.358  22.178 0.0000000000
35018  -20.266  -22.378  43.300 0.0000000000
35006  -20.216  -22.217  44.224 0.0000000000
35859  -21.077  -21.045  44.197 0.0000000000
93864  -21.714  -19.433  32.975 0.0000000000
37700  -21.386  -19.740  34.445 0.0000000000
37690  -21.935  -19.310  35.371 0.0000000000
37681  -22.192  -19.301  37.023 0.0000000000
38532  -22.673  -18.874  35.806 0.0000000000
41310  -22.689  -15.715  32.436 0.0000000000
40507  -22.940  -16.538  32.742 0.0000000000
40500  -23.041  -15.615  33.902 0.0000000000
98313  -23.641  -15.148  37.559 0.0000000000
40459  -23.930  -16.200  36.302 0.0000000000
40460  -24.185  -16.666  37.625 0.0000000000
96429  -24.274  -17.358  38.213 0.0000000000
95988  -24.243  -16.287  39.320 0.0000000000
93706  -24.591  -16.752  40.535 0.0000000000
97521  -24.500  -15.360  40.754 0.0000000000
45496  -28.229  -10.279  37.697 0.0000000000
35080  -10.695  -22.418  37.829 0.0000000000
35945  -10.761  -21.739  38.671 0.0000000000
35065  -9.968  -21.960  39.332 0.0000000000
35853  -14.483  -21.253  44.615 0.0000000000
47595  -34.381  -8.847  19.666 0.0000000000
47559  -34.929  -8.659  21.405 0.0000000000
90953  -35.514  -8.550  20.811 0.0000000000
47549  -38.187  -8.544  22.829 0.0000000000
47548  -37.414  -8.512  22.366 0.0000000000
48463  -37.910  -7.970  23.766 0.0000000000
48454  -37.713  -7.699  24.662 0.0000000000
91054  -38.846  -7.229  25.441 0.0000000000
46600  -42.865  -9.629  23.234 0.0000000000
46599  -41.981  -9.554  23.204 0.0000000000
95704  -42.916  -8.520  24.488 0.0000000000
50264  -45.239  -5.748  14.144 0.0000000000
49440  -46.604  -6.171  14.703 0.0000000000
50265  -46.934  -5.878  13.891 0.0000000000
101704  -48.195  -6.142  12.829 0.0000000000
49466  -49.668  -6.643  12.460 0.0000000000
49462  -50.918  -6.925  13.369 0.0000000000
50302  -50.055  -6.425  11.878 0.0000000000
104521  -50.523  -4.714  9.225 0.0000000000
50331  -49.687  -5.118  9.681 0.0000000000
50322  -50.773  -5.066  9.962 0.0000000000
51128  -51.978  -4.826  11.123 0.0000000000
51136  -52.604  -4.479  10.486 0.0000000000
51989  -52.833  -4.576  10.048 0.0000000000
51175  -53.363  -5.182  8.224 0.0000000000
42934  -28.934  -13.069  31.991 0.0000000000
43763  -29.929  -13.308  31.833 0.0000000000
42956  -28.500  -13.896  30.627 0.0000000000
42147  -28.220  -14.879  28.434 0.0000000000
35106  -17.509  -22.368  37.244 0.0000000000
42137  -23.831  -14.471  29.940 0.0000000000
42125  -24.690  -14.474  30.296 0.0000000000
104490  -25.952  -13.788  31.757 0.0000000000
42920  -26.564  -12.931  33.075 0.0000000000
42945  -26.645  -13.625  31.703 0.0000000000
42933  -27.940  -12.940  32.235 0.0000000000
45668  -32.948  -10.130  24.639 0.0000000000
46573  -33.625  -9.871  25.184 0.0000000000
46584  -33.552  -9.601  24.241 0.0000000000
46597  -34.333  -9.209  23.655 0.0000000000
103738  -35.123  -8.864  23.487 0.0000000000
47627  -43.998  -8.688  18.357 0.0000000000
46680  -44.221  -9.301  19.998 0.0000000000
103280  -45.735  -8.700  19.927 0.0000000000
105959  -46.286  -8.546  20.190 0.0000000000
49398  -49.701  -7.120  16.606 0.0000000000
87684  -7.369  -26.231  39.783 0.0000000000
87682  -6.636  -26.330  41.207 0.0000000000
43782  -31.504  -11.971  29.270 0.0000000000
44674  -31.817  -11.131  29.847 0.0000000000
44696  -30.963  -11.304  28.410 0.0000000000
44697  -31.272  -10.777  28.394 0.0000000000
45622  -30.933  -10.914  27.286 0.0000000000
104432  -31.162  -10.852  27.033 0.0000000000
44726  -30.971  -11.326  26.407 0.0000000000
44754  -30.506  -11.690  24.877 0.0000000000
44788  -29.768  -12.071  22.894 0.0000000000
36754  -21.632  -20.421  42.415 0.0000000000
104403  -21.662  -20.394  44.235 0.0000000000
36750  -22.271  -19.937  43.696 0.0000000000
37620  -23.822  -19.624  44.515 0.0000000000
38456  -25.637  -18.251  43.653 0.0000000000
37743  -21.877  -19.347  31.471 0.0000000000
37729  -22.252  -18.844  32.775 0.0000000000
42073  -23.037  -14.093  34.690 0.0000000000
41281  -23.206  -14.816  35.101 0.0000000000
100619  -23.329  -14.224  36.215 0.0000000000
42047  -23.302  -14.259  37.744 0.0000000000
42040  -23.493  -14.271  38.679 0.0000000000
42030  -24.408  -14.405  40.628 0.0000000000
42853  -23.934  -13.389  39.379 0.0000000000
35102  -12.864  -22.990  37.061 0.0000000000
35947  -12.940  -22.172  38.536 0.0000000000
35903  -13.557  -21.325  41.469 0.0000000000
35888  -12.896  -21.178  42.136 0.0000000000
35890  -14.604  -21.363  42.517 0.0000000000
47597  -35.824  -8.937  19.456 0.0000000000
47561  -36.309  -8.477  21.126 0.0000000000
47576  -37.056  -8.923  20.615 0.0000000000
47563  -37.955  -8.908  21.893 0.0000000000
47550  -39.246  -8.884  22.937 0.0000000000
92798  -45.072  -5.328  12.798 0.0000000000
50298  -46.009  -5.393  12.930 0.0000000000
94751  -45.723  -5.319  12.095 0.0000000000
51161  -51.370  -4.002  8.274 0.0000000000
51995  -52.662  -4.219  9.336 0.0000000000
52003  -52.171  -3.743  8.130 0.0000000000
52016  -52.557  -3.737  7.699 0.0000000000
35035  -9.033  -22.563  41.684 0.0000000000
34252  -8.081  -23.411  42.434 0.0000000000
47397  -33.728  -8.010  35.008 0.0000000000
45540  -32.692  -10.157  34.488 0.0000000000
44660  -32.474  -11.001  33.242 0.0000000000
44664  -32.119  -12.046  31.953 0.0000000000
43764  -30.728  -13.269  31.530 0.0000000000
43772  -31.030  -13.201  30.717 0.0000000000
43773  -31.707  -12.402  30.290 0.0000000000
42976  -30.428  -13.183  28.347 0.0000000000
43796  -29.815  -13.184  26.984 0.0000000000
35039  -17.168  -22.388  41.656 0.0000000000
89516  -18.264  -22.741  42.726 0.0000000000
90296  -17.710  -22.520  40.964 0.0000000000
35041  -19.310  -22.616  41.403 0.0000000000
35042  -20.033  -22.387  41.593 0.0000000000
35088  -18.984  -22.082  38.727 0.0000000000
35919  -19.702  -21.862  39.801 0.0000000000
35907  -20.972  -21.311  41.263 0.0000000000
36765  -21.235  -20.656  40.541 0.0000000000
36774  -21.700  -19.991  39.972 0.0000000000
37653  -22.934  -19.332  39.507 0.0000000000
104065  -21.843  -15.633  30.620 0.0000000000
42097  -22.600  -14.749  32.480 0.0000000000
42111  -22.866  -14.013  31.175 0.0000000000
95154  -22.788  -13.983  32.044 0.0000000000
95150  -22.756  -13.952  32.920 0.0000000000
42903  -23.457  -13.485  34.221 0.0000000000
42886  -24.687  -12.646  35.841 0.0000000000
44617  -25.735  -11.893  37.382 0.0000000000
93451  -26.334  -11.471  37.926 0.0000000000
44618  -26.539  -11.563  37.099 0.0000000000
44626  -27.712  -11.238  36.317 0.0000000000
45509  -28.514  -10.700  36.750 0.0000000000
43725  -28.011  -12.046  34.104 0.0000000000
44636  -28.913  -11.270  35.501 0.0000000000
45510  -29.429  -10.408  36.542 0.0000000000
46412  -30.998  -9.917  37.001 0.0000000000
96625  -13.693  -22.831  37.397 0.0000000000
45561  -36.336  -10.201  31.058 0.0000000000
45577  -36.960  -9.941  30.434 0.0000000000
46528  -36.720  -9.651  29.614 0.0000000000
47467  -36.759  -9.271  28.801 0.0000000000
46560  -34.432  -9.924  26.431 0.0000000000
47490  -35.655  -9.235  27.288 0.0000000000
46699  -40.450  -9.116  18.940 0.0000000000
98622  -40.882  -9.666  20.872 0.0000000000
46657  -41.372  -9.505  20.210 0.0000000000
46638  -42.976  -9.819  21.767 0.0000000000
46601  -43.739  -9.707  23.266 0.0000000000
46660  -44.309  -9.644  20.937 0.0000000000
98272  -45.028  -9.690  22.603 0.0000000000
46672  -31.430  -9.452  19.390 0.0000000000
46652  -32.379  -9.298  20.522 0.0000000000
47593  -32.723  -8.827  19.142 0.0000000000
47594  -33.556  -8.845  19.285 0.0000000000
48486  -34.095  -8.856  18.916 0.0000000000
47596  -35.142  -8.903  19.132 0.0000000000
104141  -35.636  -9.004  18.611 0.0000000000
47621  -36.310  -8.993  18.025 0.0000000000
89895  -38.088  -9.056  18.008 0.0000000000
47622  -38.891  -9.128  18.293 0.0000000000
47623  -39.911  -8.944  18.231 0.0000000000
47624  -40.835  -8.734  18.185 0.0000000000
96253  -42.096  -8.179  17.705 0.0000000000
48558  -40.859  -7.353  15.464 0.0000000000
48539  -41.856  -7.449  16.307 0.0000000000
47647  -42.921  -8.068  17.462 0.0000000000
48520  -43.783  -7.759  16.835 0.0000000000
48541  -44.605  -7.574  16.415 0.0000000000
105021  -45.627  -7.647  16.682 0.0000000000
49395  -46.790  -6.911  16.002 0.0000000000
103004  -45.593  -6.695  15.460 0.0000000000
49438  -44.719  -6.110  14.573 0.0000000000
103396  -44.212  -5.561  13.712 0.0000000000
50282  -44.239  -5.255  13.151 0.0000000000
87694  -7.720  -24.237  42.132 0.0000000000
87719  -6.895  -25.112  42.527 0.0000000000
107433  -5.973  -25.258  43.493 0.0000000000
88866  -5.925  -23.214  46.667 0.0000000000
88419  -5.219  -24.625  45.562 0.0000000000
89768  -5.240  -26.218  43.351 0.0000000000
88895  -4.342  -26.668  44.653 0.0000000000
30495  -3.403  -27.828  44.996 0.0000000000
29619  -2.824  -28.695  45.251 0.0000000000
29610  -3.064  -28.450  46.553 0.0000000000
47427  -37.604  -9.021  32.356 0.0000000000
48384  -34.588  -7.327  33.553 0.0000000000
45574  -32.062  -9.524  30.721 0.0000000000
48392  -33.257  -7.983  32.063 0.0000000000
103751  -34.927  -8.318  32.641 0.0000000000
47425  -34.859  -8.833  32.166 0.0000000000
46497  -35.561  -9.676  31.621 0.0000000000
46527  -34.080  -9.695  29.688 0.0000000000
45610  -33.341  -10.708  28.577 0.0000000000
91437  -32.552  -10.914  26.918 0.0000000000
96427  -31.519  -10.824  26.990 0.0000000000
98459  -32.314  -11.012  26.235 0.0000000000
97513  -32.498  -10.700  24.898 0.0000000000
45667  -32.423  -10.579  24.233 0.0000000000
92879  -31.663  -10.651  22.196 0.0000000000
45707  -31.332  -10.336  20.535 0.0000000000
43849  -28.695  -12.472  23.312 0.0000000000
43866  -28.493  -12.588  22.560 0.0000000000
43867  -29.111  -12.413  22.260 0.0000000000
90006  -29.904  -12.270  21.790 0.0000000000
44828  -29.828  -12.068  20.773 0.0000000000
44829  -30.382  -11.416  20.194 0.0000000000
93234  -30.862  -10.757  20.120 0.0000000000
45722  -31.033  -10.087  19.830 0.0000000000
36724  -21.865  -20.408  45.244 0.0000000000
36003  -20.105  -20.880  34.796 0.0000000000
36828  -20.396  -20.625  34.168 0.0000000000
36803  -20.923  -20.263  36.477 0.0000000000
37668  -21.638  -19.684  37.629 0.0000000000
37661  -22.865  -19.183  38.641 0.0000000000
38495  -23.652  -18.797  39.302 0.0000000000
90224  -22.590  -17.535  30.759 0.0000000000
38586  -22.707  -18.157  32.468 0.0000000000
38571  -22.967  -18.013  33.849 0.0000000000
101986  -23.662  -16.472  35.072 0.0000000000
39560  -23.574  -17.379  34.996 0.0000000000
38545  -23.260  -18.278  35.398 0.0000000000
38519  -23.705  -18.368  37.344 0.0000000000
38507  -24.168  -18.073  38.739 0.0000000000
38485  -24.461  -18.164  40.508 0.0000000000
39469  -24.707  -17.513  40.943 0.0000000000
95288  -25.155  -16.954  42.278 0.0000000000
33370  -8.380  -24.993  37.513 0.0000000000
34277  -9.145  -23.864  39.330 0.0000000000
35118  -10.876  -23.339  36.713 0.0000000000
34299  -10.160  -23.470  37.085 0.0000000000
105790  -9.821  -23.628  37.836 0.0000000000
95622  -9.626  -23.474  38.700 0.0000000000
34267  -9.282  -22.781  40.143 0.0000000000
35885  -10.122  -21.594  41.813 0.0000000000
101523  -12.707  -21.121  42.954 0.0000000000
47558  -33.921  -8.823  21.267 0.0000000000
47544  -34.396  -8.893  22.098 0.0000000000
91168  -35.581  -8.686  22.920 0.0000000000
102960  -36.355  -8.404  21.797 0.0000000000
95646  -36.345  -8.365  23.004 0.0000000000
47530  -36.622  -8.166  23.628 0.0000000000
48453  -37.084  -7.858  24.927 0.0000000000
46635  -40.317  -9.694  21.556 0.0000000000
47551  -40.194  -9.126  23.023 0.0000000000
47534  -40.655  -8.727  23.756 0.0000000000
49396  -47.671  -7.020  16.113 0.0000000000
49417  -48.197  -6.930  15.299 0.0000000000
49418  -49.308  -7.162  15.657 0.0000000000
50285  -47.419  -5.895  13.232 0.0000000000
49443  -49.359  -7.048  14.144 0.0000000000
94936  -49.928  -7.220  14.926 0.0000000000
102220  -51.213  -6.711  14.179 0.0000000000
50287  -52.590  -5.495  14.083 0.0000000000
91507  -49.073  -5.801  10.941 0.0000000000
50314  -51.441  -5.592  11.556 0.0000000000
51120  -52.264  -5.118  11.978 0.0000000000
51150  -53.071  -4.829  9.206 0.0000000000
42139  -26.799  -15.088  28.788 0.0000000000
41337  -25.702  -15.185  28.861 0.0000000000
105702  -26.347  -14.773  29.445 0.0000000000
46612  -32.745  -9.505  22.171 0.0000000000
48542  -46.461  -7.617  17.079 0.0000000000
91585  -48.182  -7.528  19.043 0.0000000000
95458  -47.773  -7.348  17.506 0.0000000000
103356  -8.803  -24.265  39.778 0.0000000000
32326  -8.447  -24.944  39.928 0.0000000000
90167  -8.592  -24.285  40.441 0.0000000000
43832  -28.839  -12.406  24.067 0.0000000000
35015  -17.641  -22.465  43.490 0.0000000000
103622  -23.571  -19.422  41.673 0.0000000000
37639  -24.300  -18.947  41.808 0.0000000000
38477  -24.240  -18.646  40.962 0.0000000000
43694  -24.894  -12.258  37.774 0.0000000000
43703  -24.225  -12.680  37.390 0.0000000000
101771  -16.085  -21.788  42.796 0.0000000000
46674  -38.321  -9.581  19.887 0.0000000000
46675  -39.200  -9.627  19.949 0.0000000000
44658  -30.611  -12.079  33.865 0.0000000000
89282  -31.355  -11.969  33.716 0.0000000000
98734  -28.842  -14.682  28.010 0.0000000000
102080  -29.403  -14.283  28.255 0.0000000000
104257  -19.450  -21.462  36.408 0.0000000000
35969  -19.719  -21.437  37.110 0.0000000000
35959  -20.111  -21.143  37.680 0.0000000000
36781  -20.560  -20.682  37.759 0.0000000000
36791  -20.423  -20.858  36.986 0.0000000000
42944  -25.244  -13.623  32.132 0.0000000000
42931  -25.104  -13.299  32.906 0.0000000000
42919  -25.134  -13.001  33.661 0.0000000000
42906  -25.988  -12.779  33.758 0.0000000000
43723  -26.300  -12.426  34.572 0.0000000000
44650  -29.595  -11.938  34.046 0.0000000000
35104  -15.918  -22.397  36.957 0.0000000000
102940  -15.969  -22.342  37.826 0.0000000000
45640  -33.753  -10.627  26.885 0.0000000000
47512  -34.981  -8.837  25.095 0.0000000000
46678  -42.595  -9.163  19.537 0.0000000000
47552  -47.207  -8.959  22.559 0.0000000000
48556  -38.629  -7.556  15.526 0.0000000000
49436  -42.377  -6.214  14.544 0.0000000000
88417  -5.994  -26.919  40.839 0.0000000000
105477  -5.689  -27.360  40.725 0.0000000000
29658  -5.295  -27.878  40.830 0.0000000000
89100  -5.376  -27.162  42.165 0.0000000000
34991  -7.148  -22.026  45.646 0.0000000000
35834  -7.079  -22.002  46.560 0.0000000000
32265  -2.980  -25.529  48.064 0.0000000000
31298  -3.277  -26.439  49.558 0.0000000000
44670  -32.290  -11.302  31.485 0.0000000000
46525  -32.343  -9.555  29.755 0.0000000000
46536  -32.736  -10.344  29.300 0.0000000000
44789  -30.715  -11.682  22.967 0.0000000000
96406  -20.758  -21.866  42.774 0.0000000000
35875  -20.745  -21.794  43.745 0.0000000000
37714  -22.030  -19.075  33.649 0.0000000000
37701  -21.968  -19.200  34.508 0.0000000000
101607  -22.832  -15.625  33.105 0.0000000000
41258  -23.614  -15.012  38.322 0.0000000000
41259  -23.940  -15.830  37.958 0.0000000000
40450  -24.229  -16.522  38.495 0.0000000000
41252  -24.040  -15.566  39.489 0.0000000000
92115  -24.262  -15.976  40.134 0.0000000000
45497  -29.096  -10.049  37.385 0.0000000000
35901  -12.035  -21.244  41.638 0.0000000000
47573  -34.652  -8.691  20.552 0.0000000000
47515  -38.439  -7.669  24.563 0.0000000000
47516  -39.288  -7.725  24.474 0.0000000000
47537  -43.340  -9.222  23.914 0.0000000000
103310  -46.050  -5.750  14.151 0.0000000000
50301  -48.974  -6.191  11.919 0.0000000000
51147  -51.532  -4.485  9.512 0.0000000000
51135  -51.773  -4.656  10.281 0.0000000000
51988  -52.680  -4.429  9.872 0.0000000000
42947  -28.313  -13.428  31.447 0.0000000000
42948  -29.255  -13.605  31.251 0.0000000000
41351  -27.391  -15.314  27.986 0.0000000000
42141  -28.227  -14.623  29.278 0.0000000000
41335  -23.923  -14.982  29.135 0.0000000000
92921  -25.492  -14.279  30.627 0.0000000000
42113  -25.391  -13.916  31.388 0.0000000000
42946  -27.464  -13.429  31.619 0.0000000000
42955  -27.792  -13.667  31.012 0.0000000000
46596  -33.422  -9.495  23.382 0.0000000000
47649  -44.741  -8.573  17.907 0.0000000000
47628  -44.816  -8.712  18.687 0.0000000000
47603  -45.646  -8.566  19.093 0.0000000000
47580  -46.877  -8.318  20.492 0.0000000000
91308  -47.267  -8.460  21.354 0.0000000000
47581  -48.027  -8.097  20.959 0.0000000000
49383  -50.220  -7.030  17.568 0.0000000000
32325  -7.884  -25.594  40.261 0.0000000000
87685  -7.324  -26.268  38.855 0.0000000000
87683  -7.267  -26.084  40.667 0.0000000000
107252  -7.150  -25.927  41.230 0.0000000000
45607  -30.903  -10.757  27.914 0.0000000000
44770  -29.882  -11.796  24.372 0.0000000000
44771  -30.099  -11.766  23.695 0.0000000000
36749  -21.762  -20.236  43.264 0.0000000000
36755  -22.230  -19.962  42.718 0.0000000000
37626  -23.793  -19.483  43.553 0.0000000000
38465  -24.956  -18.101  43.340 0.0000000000
94562  -22.368  -18.731  31.920 0.0000000000
42064  -23.250  -14.195  35.515 0.0000000000
42885  -23.531  -13.716  36.001 0.0000000000
42874  -23.583  -13.289  37.667 0.0000000000
42862  -23.435  -13.722  38.321 0.0000000000
42852  -23.598  -13.733  38.899 0.0000000000
43660  -24.966  -12.182  40.382 0.0000000000
35083  -13.365  -22.606  37.934 0.0000000000
35067  -13.877  -22.167  38.852 0.0000000000
93039  -14.179  -21.551  40.871 0.0000000000
102756  -16.334  -21.743  44.189 0.0000000000
35873  -15.753  -21.563  43.642 0.0000000000
46633  -38.507  -9.453  21.217 0.0000000000
46615  -38.844  -9.218  22.108 0.0000000000
46616  -39.773  -9.451  22.261 0.0000000000
51160  -50.323  -4.384  8.406 0.0000000000
51173  -51.450  -3.689  7.656 0.0000000000
35024  -8.749  -22.655  42.379 0.0000000000
36711  -8.802  -20.547  46.141 0.0000000000
46433  -32.716  -9.566  35.714 0.0000000000
44659  -31.983  -11.946  33.003 0.0000000000
44653  -32.425  -10.720  34.021 0.0000000000
42949  -30.179  -13.586  31.024 0.0000000000
42975  -29.887  -13.885  28.685 0.0000000000
42958  -30.403  -13.571  30.123 0.0000000000
95864  -31.119  -12.945  29.722 0.0000000000
93294  -30.903  -12.540  28.816 0.0000000000
35040  -17.995  -22.666  41.847 0.0000000000
106701  -19.025  -22.483  40.738 0.0000000000
35054  -19.725  -22.209  40.686 0.0000000000
91543  -18.055  -22.358  37.857 0.0000000000
35108  -18.707  -22.107  37.969 0.0000000000
35936  -20.276  -21.338  39.428 0.0000000000
35071  -19.657  -21.653  38.982 0.0000000000
35920  -20.278  -21.630  40.246 0.0000000000
35921  -20.746  -21.335  40.595 0.0000000000
36773  -21.478  -20.090  39.166 0.0000000000
37652  -22.469  -19.607  40.147 0.0000000000
41327  -21.873  -14.866  30.482 0.0000000000
41321  -22.159  -15.108  31.115 0.0000000000
102306  -22.458  -15.383  31.813 0.0000000000
42096  -22.501  -14.559  31.565 0.0000000000
42123  -22.944  -14.185  30.386 0.0000000000
107232  -23.117  -13.575  32.483 0.0000000000
42084  -22.845  -13.975  33.812 0.0000000000
89673  -24.643  -12.911  35.042 0.0000000000
43708  -25.441  -12.199  35.945 0.0000000000
43695  -25.960  -11.885  36.488 0.0000000000
44635  -27.252  -11.685  35.586 0.0000000000
44627  -28.425  -11.067  36.005 0.0000000000
42921  -27.326  -12.763  32.880 0.0000000000
101702  -27.032  -12.641  33.290 0.0000000000
43739  -27.505  -12.394  33.507 0.0000000000
44637  -29.615  -11.535  34.957 0.0000000000
44649  -28.666  -11.735  34.707 0.0000000000
45526  -28.975  -10.793  36.064 0.0000000000
45511  -30.346  -10.271  36.320 0.0000000000
45529  -31.736  -10.547  35.489 0.0000000000
45512  -31.293  -10.196  36.197 0.0000000000
46432  -32.117  -9.949  36.012 0.0000000000
90876  -13.737  -22.999  36.862 0.0000000000
45575  -34.988  -10.026  29.939 0.0000000000
45576  -36.015  -10.102  30.215 0.0000000000
45593  -35.735  -9.809  29.316 0.0000000000
46537  -35.908  -9.531  28.493 0.0000000000
46574  -34.534  -9.425  25.667 0.0000000000
46561  -35.109  -9.285  26.519 0.0000000000
47479  -36.399  -9.156  27.971 0.0000000000
106611  -36.386  -8.807  27.391 0.0000000000
47491  -36.740  -8.413  27.171 0.0000000000
96498  -40.957  -9.329  19.570 0.0000000000
101866  -43.464  -9.735  21.162 0.0000000000
46659  -42.693  -9.662  20.907 0.0000000000
46620  -43.330  -9.802  22.523 0.0000000000
46621  -44.183  -9.783  22.548 0.0000000000
47578  -45.084  -9.150  20.378 0.0000000000
46661  -45.249  -9.427  21.216 0.0000000000
46622  -45.746  -9.581  22.629 0.0000000000
90043  -2.302  -30.012  45.244 0.0000000000
92749  -2.385  -30.629  45.539 0.0000000000
47620  -33.057  -8.669  18.590 0.0000000000
48500  -33.538  -8.701  18.426 0.0000000000
48501  -34.142  -8.666  18.190 0.0000000000
48502  -34.917  -8.772  18.266 0.0000000000
89357  -36.900  -8.790  17.419 0.0000000000
97389  -37.251  -9.149  18.194 0.0000000000
47643  -38.552  -8.780  17.474 0.0000000000
47644  -39.415  -8.720  17.509 0.0000000000
47645  -40.316  -8.544  17.465 0.0000000000
47646  -41.288  -8.253  17.455 0.0000000000
106734  -41.375  -7.362  15.884 0.0000000000
47667  -42.046  -7.829  17.092 0.0000000000
47648  -43.919  -8.336  17.615 0.0000000000
105372  -44.029  -7.422  16.291 0.0000000000
48563  -45.153  -7.117  15.915 0.0000000000
106624  -44.583  -5.739  14.062 0.0000000000
29646  -4.733  -28.409  41.413 0.0000000000
34238  -7.710  -23.303  43.205 0.0000000000
100887  -6.607  -24.124  44.085 0.0000000000
103480  -6.846  -24.493  43.209 0.0000000000
87714  -6.325  -25.180  43.126 0.0000000000
88321  -6.212  -24.834  43.739 0.0000000000
101044  -6.119  -22.695  47.499 0.0000000000
100909  -4.568  -24.595  46.523 0.0000000000
100992  -4.552  -25.370  45.720 0.0000000000
87695  -5.143  -25.338  44.818 0.0000000000
88764  -4.451  -26.020  45.075 0.0000000000
31335  -4.709  -26.744  43.807 0.0000000000
31325  -3.491  -27.044  46.304 0.0000000000
30488  -3.378  -27.380  45.687 0.0000000000
104324  -3.035  -28.041  45.667 0.0000000000
29628  -3.395  -28.596  44.305 0.0000000000
29609  -2.782  -28.524  45.796 0.0000000000
29584  -3.278  -28.202  49.201 0.0000000000
47415  -37.236  -8.406  33.230 0.0000000000
47426  -36.506  -8.496  32.733 0.0000000000
46450  -33.487  -8.844  34.625 0.0000000000
47414  -33.644  -8.376  33.158 0.0000000000
95320  -34.096  -7.796  33.519 0.0000000000
47423  -33.712  -8.233  32.709 0.0000000000
47451  -32.870  -7.984  30.770 0.0000000000
48393  -33.814  -8.211  32.572 0.0000000000
102786  -33.592  -8.058  31.966 0.0000000000
48395  -35.182  -7.811  33.048 0.0000000000
47440  -33.951  -8.146  31.543 0.0000000000
94511  -33.514  -8.882  29.970 0.0000000000
46496  -34.529  -9.109  31.240 0.0000000000
46515  -35.245  -9.933  30.797 0.0000000000
45639  -31.535  -11.124  26.349 0.0000000000
45653  -32.119  -11.087  25.534 0.0000000000
44813  -29.056  -12.290  21.371 0.0000000000
96529  -28.889  -11.926  20.490 0.0000000000
44840  -29.602  -11.626  19.893 0.0000000000
106011  -30.007  -11.320  19.590 0.0000000000
35016  -18.561  -22.665  43.654 0.0000000000
35017  -19.530  -22.609  43.742 0.0000000000
35842  -20.708  -21.328  45.790 0.0000000000
36725  -22.613  -20.326  45.380 0.0000000000
96554  -21.310  -19.812  35.191 0.0000000000
91114  -20.907  -20.170  33.925 0.0000000000
36829  -20.761  -20.322  34.799 0.0000000000
36813  -20.832  -20.238  35.661 0.0000000000
37680  -21.517  -19.751  36.785 0.0000000000
38518  -22.982  -18.921  37.131 0.0000000000
37669  -22.425  -19.235  37.797 0.0000000000
39598  -22.689  -17.028  31.367 0.0000000000
90388  -23.163  -16.547  33.548 0.0000000000
39585  -22.844  -17.311  32.198 0.0000000000
39570  -23.013  -17.496  33.170 0.0000000000
41273  -23.448  -14.847  35.910 0.0000000000
93758  -23.344  -15.660  34.690 0.0000000000
95229  -23.668  -15.777  35.580 0.0000000000
39534  -24.139  -16.822  36.773 0.0000000000
40478  -23.981  -16.901  35.831 0.0000000000
39546  -23.719  -17.791  35.815 0.0000000000
38533  -23.368  -18.474  36.354 0.0000000000
39517  -24.148  -17.521  37.396 0.0000000000
39504  -24.399  -17.242  39.169 0.0000000000
38496  -24.293  -18.123  39.644 0.0000000000
101937  -24.595  -16.108  40.867 0.0000000000
40430  -24.916  -16.710  41.450 0.0000000000
40421  -25.228  -16.268  42.304 0.0000000000
42024  -24.862  -14.184  41.572 0.0000000000
44619  -27.027  -11.146  37.593 0.0000000000
33360  -8.933  -24.686  38.175 0.0000000000
34289  -9.232  -24.195  38.690 0.0000000000
35082  -12.455  -22.676  37.510 0.0000000000
92237  -11.422  -23.031  36.726 0.0000000000
35081  -11.526  -22.630  37.302 0.0000000000
35100  -11.024  -22.985  36.998 0.0000000000
35117  -10.506  -23.699  36.073 0.0000000000
35079  -10.085  -22.873  38.100 0.0000000000
98267  -9.808  -22.513  39.015 0.0000000000
93635  -9.654  -22.359  39.740 0.0000000000
34278  -9.414  -23.064  39.533 0.0000000000
35047  -9.567  -22.269  40.489 0.0000000000
35036  -9.488  -22.135  41.308 0.0000000000
35899  -10.088  -21.813  40.848 0.0000000000
107473  -14.110  -21.185  43.015 0.0000000000
102806  -13.421  -21.147  42.994 0.0000000000
47454  -39.022  -7.844  30.800 0.0000000000
47571  -32.959  -8.945  19.984 0.0000000000
46653  -33.091  -8.976  20.843 0.0000000000
47545  -34.776  -8.934  22.848 0.0000000000
47531  -37.197  -8.166  23.098 0.0000000000
47547  -36.722  -8.366  22.361 0.0000000000
95493  -36.519  -8.135  24.390 0.0000000000
97045  -38.062  -7.351  25.529 0.0000000000
47535  -41.553  -8.967  23.803 0.0000000000
46598  -41.104  -9.330  23.108 0.0000000000
47518  -41.159  -8.245  24.439 0.0000000000
49416  -47.158  -6.624  15.333 0.0000000000
99216  -49.020  -7.099  14.861 0.0000000000
50284  -46.757  -5.626  13.086 0.0000000000
49460  -48.746  -6.681  13.495 0.0000000000
49444  -50.386  -7.141  14.108 0.0000000000
49445  -50.958  -6.814  14.970 0.0000000000
49463  -51.724  -6.050  13.739 0.0000000000
107858  -52.296  -5.415  13.017 0.0000000000
103946  -49.173  -5.455  10.277 0.0000000000
50313  -50.547  -5.923  11.324 0.0000000000
50323  -51.091  -5.350  10.761 0.0000000000
51129  -52.803  -4.655  11.370 0.0000000000
51121  -53.010  -4.818  12.408 0.0000000000
51122  -53.552  -4.816  12.240 0.0000000000
52005  -52.755  -4.216  8.997 0.0000000000
52006  -52.900  -4.521  8.860 0.0000000000
42128  -28.107  -14.258  29.945 0.0000000000
41336  -24.740  -15.268  28.690 0.0000000000
89045  -25.580  -14.701  29.811 0.0000000000
45687  -32.151  -10.194  22.611 0.0000000000
46595  -32.715  -9.734  23.044 0.0000000000
46613  -33.552  -9.097  22.102 0.0000000000
47650  -45.586  -8.575  18.114 0.0000000000
48503  -49.436  -7.415  19.233 0.0000000000
103689  -48.587  -7.290  18.084 0.0000000000
32369  -8.342  -25.279  38.340 0.0000000000
32368  -7.727  -25.770  38.403 0.0000000000
43797  -30.382  -12.210  27.219 0.0000000000
44738  -30.360  -11.865  25.950 0.0000000000
37637  -22.938  -19.719  42.122 0.0000000000
43673  -24.833  -12.226  39.531 0.0000000000
35918  -15.024  -21.720  40.955 0.0000000000
35905  -15.198  -21.611  41.868 0.0000000000
46696  -37.295  -9.397  19.099 0.0000000000
46654  -37.530  -9.403  19.869 0.0000000000
105300  -38.624  -9.615  20.471 0.0000000000
45539  -31.367  -11.130  34.922 0.0000000000
95718  -32.133  -10.753  34.745 0.0000000000
42142  -29.083  -14.479  28.894 0.0000000000
42979  -29.818  -13.709  27.833 0.0000000000
95308  -16.943  -22.360  39.093 0.0000000000
35051  -17.470  -22.418  39.925 0.0000000000
99191  -17.688  -22.378  39.058 0.0000000000
35070  -18.445  -22.310  39.442 0.0000000000
35958  -19.063  -21.864  37.305 0.0000000000
36772  -20.846  -20.694  39.173 0.0000000000
42918  -24.174  -13.193  33.484 0.0000000000
43710  -26.958  -12.060  34.986 0.0000000000
43740  -28.326  -12.297  33.403 0.0000000000
44638  -30.482  -11.317  35.045 0.0000000000
92200  -15.173  -22.459  37.588 0.0000000000
45611  -34.235  -10.309  28.585 0.0000000000
45627  -34.688  -10.074  28.030 0.0000000000
46677  -41.770  -9.205  19.539 0.0000000000
94661  -42.875  -9.410  20.155 0.0000000000
97873  -43.502  -9.549  20.460 0.0000000000
46641  -46.211  -9.311  22.241 0.0000000000
50250  -52.469  -5.881  15.620 0.0000000000
104185  -35.259  -8.646  17.336 0.0000000000
48538  -39.038  -7.901  16.214 0.0000000000
92822  -40.125  -7.837  15.960 0.0000000000
48560  -42.619  -7.069  15.916 0.0000000000
49413  -43.343  -6.756  15.499 0.0000000000
50262  -42.961  -5.811  14.094 0.0000000000
30503  -4.706  -27.625  42.607 0.0000000000
35001  -7.320  -22.384  44.737 0.0000000000
35000  -6.790  -22.862  45.227 0.0000000000
100898  -4.584  -22.683  48.659 0.0000000000
88360  -3.930  -23.535  48.355 0.0000000000
88409  -4.001  -26.128  45.918 0.0000000000
100993  -3.344  -25.395  47.338 0.0000000000
31317  -3.315  -26.376  47.281 0.0000000000
31316  -3.128  -27.060  47.800 0.0000000000
30465  -3.220  -27.992  47.518 0.0000000000
30448  -2.607  -27.215  48.918 0.0000000000
30449  -2.867  -27.265  49.209 0.0000000000
45547  -32.801  -9.952  33.447 0.0000000000
46465  -33.545  -8.780  33.763 0.0000000000
46481  -32.762  -9.051  32.446 0.0000000000
107268  -32.605  -8.436  31.983 0.0000000000
45589  -31.788  -10.733  29.279 0.0000000000
46511  -32.004  -9.183  30.110 0.0000000000
45624  -31.718  -10.794  27.663 0.0000000000
45677  -31.841  -11.205  23.903 0.0000000000
95049  -19.778  -22.682  42.902 0.0000000000
35858  -20.671  -21.540  44.715 0.0000000000
36723  -21.263  -20.822  45.051 0.0000000000
106646  -23.195  -20.161  45.261 0.0000000000
36847  -21.116  -20.008  33.105 0.0000000000
37713  -21.472  -19.657  33.702 0.0000000000
106874  -21.637  -19.517  34.883 0.0000000000
99646  -22.042  -19.319  36.250 0.0000000000
105211  -22.659  -18.985  36.514 0.0000000000
89132  -22.686  -16.367  31.983 0.0000000000
41265  -23.940  -15.860  37.028 0.0000000000
40441  -24.435  -16.748  39.840 0.0000000000
35933  -12.210  -21.661  39.177 0.0000000000
35946  -11.397  -21.861  38.349 0.0000000000
35066  -10.200  -22.012  38.668 0.0000000000
35931  -10.531  -21.685  39.459 0.0000000000
91238  -15.078  -21.559  45.301 0.0000000000
47560  -35.748  -8.472  21.591 0.0000000000
46619  -42.465  -9.771  22.497 0.0000000000
46618  -41.584  -9.691  22.444 0.0000000000
47536  -42.436  -9.108  23.848 0.0000000000
49439  -45.633  -6.191  14.818 0.0000000000
49465  -49.056  -6.605  12.765 0.0000000000
49467  -50.472  -6.747  12.564 0.0000000000
50303  -50.959  -6.238  12.007 0.0000000000
102089  -49.737  -4.737  8.953 0.0000000000
51983  -53.030  -4.568  10.628 0.0000000000
51174  -52.974  -4.735  8.600 0.0000000000
51184  -53.113  -4.637  7.736 0.0000000000
43754  -29.601  -12.875  32.627 0.0000000000
42966  -28.888  -14.256  29.810 0.0000000000
90215  -16.774  -22.385  36.858 0.0000000000
35983  -18.360  -21.858  35.921 0.0000000000
35984  -19.016  -21.534  35.731 0.0000000000
42136  -22.998  -14.458  29.634 0.0000000000
91398  -24.568  -13.956  31.050 0.0000000000
94341  -26.069  -13.465  32.459 0.0000000000
42932  -27.003  -13.214  32.329 0.0000000000
42115  -27.111  -13.764  31.016 0.0000000000
43753  -28.643  -12.661  32.744 0.0000000000
107794  -33.422  -10.354  25.655 0.0000000000
105229  -43.306  -8.506  18.072 0.0000000000
47601  -44.073  -8.933  19.170 0.0000000000
47602  -44.910  -8.866  19.534 0.0000000000
47579  -46.087  -8.763  20.848 0.0000000000
102336  -47.596  -8.665  22.084 0.0000000000
48525  -49.812  -7.221  18.377 0.0000000000
102366  -50.529  -6.843  16.860 0.0000000000
87692  -6.628  -26.723  38.437 0.0000000000
87690  -6.682  -26.801  39.373 0.0000000000
89093  -6.341  -26.179  41.959 0.0000000000
45559  -32.051  -10.628  30.700 0.0000000000
44682  -31.497  -11.027  28.933 0.0000000000
45608  -31.287  -10.806  28.364 0.0000000000
45623  -31.105  -10.673  27.551 0.0000000000
44739  -30.649  -11.690  25.571 0.0000000000
35893  -21.183  -21.250  42.148 0.0000000000
37625  -23.075  -19.787  44.083 0.0000000000
37619  -23.112  -19.935  44.928 0.0000000000
37612  -23.762  -19.986  45.128 0.0000000000
103604  -24.935  -18.639  43.853 0.0000000000
37728  -21.952  -19.245  32.281 0.0000000000
38557  -22.569  -18.597  34.141 0.0000000000
41291  -22.931  -14.739  34.276 0.0000000000
42056  -23.483  -14.763  36.797 0.0000000000
41251  -23.739  -14.936  39.164 0.0000000000
42036  -23.813  -14.189  39.552 0.0000000000
42840  -24.205  -13.672  40.135 0.0000000000
43659  -24.475  -12.889  40.081 0.0000000000
42832  -25.022  -12.994  41.787 0.0000000000
35101  -12.061  -22.838  36.963 0.0000000000
35902  -12.718  -21.261  41.156 0.0000000000
35889  -13.818  -21.254  42.304 0.0000000000
35872  -14.778  -21.289  43.522 0.0000000000
102293  -15.166  -21.388  44.363 0.0000000000
47575  -36.090  -8.684  20.291 0.0000000000
47577  -37.717  -9.048  21.176 0.0000000000
47533  -39.729  -8.431  23.694 0.0000000000
50299  -46.571  -5.491  12.288 0.0000000000
90715  -51.212  -4.343  8.865 0.0000000000
51994  -52.072  -4.176  9.090 0.0000000000
52004  -52.534  -4.099  8.657 0.0000000000
91034  -52.560  -4.127  8.299 0.0000000000
34261  -9.056  -22.862  40.912 0.0000000000
96696  -8.630  -23.683  40.977 0.0000000000
96669  -8.604  -23.186  41.661 0.0000000000
35836  -8.152  -20.813  45.712 0.0000000000
46449  -32.999  -9.542  35.020 0.0000000000
44665  -32.430  -11.226  32.286 0.0000000000
43755  -30.736  -12.975  32.396 0.0000000000
43765  -31.538  -12.714  31.481 0.0000000000
42980  -30.267  -12.939  27.656 0.0000000000
43006  -29.410  -13.051  26.084 0.0000000000
103130  -29.008  -12.996  25.425 0.0000000000
35027  -17.406  -22.471  42.537 0.0000000000
35028  -18.817  -22.836  42.035 0.0000000000
91413  -18.544  -22.635  41.226 0.0000000000
35029  -19.582  -22.727  42.201 0.0000000000
35030  -20.226  -22.425  42.428 0.0000000000
35892  -20.667  -21.954  41.857 0.0000000000
35087  -18.219  -22.320  38.557 0.0000000000
106463  -19.202  -22.082  39.396 0.0000000000
35906  -20.438  -21.876  41.029 0.0000000000
36759  -21.489  -20.566  41.482 0.0000000000
36766  -21.894  -19.943  40.836 0.0000000000
94029  -23.302  -19.228  40.190 0.0000000000
40516  -22.301  -16.016  31.280 0.0000000000
42122  -22.274  -14.422  30.138 0.0000000000
104373  -23.954  -13.255  34.866 0.0000000000
42895  -23.995  -13.201  35.594 0.0000000000
43704  -24.963  -12.346  36.757 0.0000000000
89131  -27.179  -11.301  36.907 0.0000000000
44625  -26.811  -11.565  36.303 0.0000000000
45508  -27.694  -10.885  37.208 0.0000000000
43724  -27.196  -12.176  34.281 0.0000000000
94466  -28.107  -11.503  35.501 0.0000000000
45498  -30.015  -9.911  37.132 0.0000000000
46413  -31.866  -9.749  36.807 0.0000000000
35084  -14.392  -22.435  38.117 0.0000000000
35103  -14.341  -22.743  37.324 0.0000000000
35038  -16.465  -22.094  41.597 0.0000000000
45562  -37.172  -9.977  31.114 0.0000000000
47460  -37.363  -9.213  29.302 0.0000000000
46559  -33.884  -10.223  25.971 0.0000000000
46698  -39.542  -9.331  19.048 0.0000000000
46676  -40.132  -9.493  19.717 0.0000000000
102569  -40.666  -9.567  20.198 0.0000000000
97915  -41.744  -9.650  20.930 0.0000000000
46637  -42.109  -9.764  21.708 0.0000000000
46586  -44.228  -9.471  23.969 0.0000000000
103595  -45.440  -9.531  21.987 0.0000000000
46640  -44.664  -9.698  21.827 0.0000000000
101874  -2.351  -29.736  43.860 0.0000000000
46651  -31.691  -9.666  20.183 0.0000000000
46673  -32.189  -9.158  19.706 0.0000000000
48487  -34.645  -8.896  19.042 0.0000000000
88953  -36.455  -9.210  18.849 0.0000000000
106311  -35.596  -8.883  17.882 0.0000000000
92433  -38.026  -9.355  18.665 0.0000000000
47642  -37.713  -8.795  17.446 0.0000000000
47625  -41.706  -8.523  18.227 0.0000000000
47626  -42.554  -8.477  18.192 0.0000000000
101585  -40.071  -7.469  15.189 0.0000000000
93614  -41.035  -7.643  16.207 0.0000000000
47666  -41.372  -7.826  16.784 0.0000000000
48521  -44.786  -8.116  17.208 0.0000000000
48522  -45.615  -8.202  17.424 0.0000000000
106158  -46.014  -7.878  17.232 0.0000000000
105001  -46.415  -7.306  16.475 0.0000000000
49394  -45.982  -7.058  15.957 0.0000000000
104239  -44.895  -6.596  15.256 0.0000000000
100094  -44.824  -5.524  13.584 0.0000000000
51119  -44.214  -5.017  12.329 0.0000000000
33307  -8.182  -23.897  41.606 0.0000000000
33323  -7.944  -24.655  41.462 0.0000000000
87688  -7.480  -25.004  41.977 0.0000000000
34237  -7.194  -23.686  43.605 0.0000000000
107862  -7.292  -24.566  42.532 0.0000000000
87687  -6.937  -25.684  41.807 0.0000000000
88684  -6.313  -25.700  42.551 0.0000000000
88907  -5.690  -26.352  42.548 0.0000000000
101218  -6.720  -22.446  47.160 0.0000000000
87709  -6.506  -22.679  46.636 0.0000000000
102026  -5.818  -23.955  45.521 0.0000000000
101171  -5.343  -23.053  47.646 0.0000000000
87702  -5.348  -23.860  46.468 0.0000000000
100948  -5.872  -24.571  44.625 0.0000000000
88752  -5.637  -25.360  43.941 0.0000000000
107043  -5.409  -25.807  43.642 0.0000000000
88582  -4.942  -26.853  42.925 0.0000000000
31331  -3.887  -26.721  45.428 0.0000000000
30496  -4.122  -27.290  44.368 0.0000000000
28775  -2.473  -29.481  45.061 0.0000000000
28765  -2.519  -29.286  45.575 0.0000000000
28756  -2.652  -29.270  46.190 0.0000000000
29600  -3.017  -28.835  47.463 0.0000000000
28757  -3.101  -29.470  47.005 0.0000000000
47416  -38.106  -8.970  33.291 0.0000000000
48364  -33.814  -6.950  35.314 0.0000000000
47404  -33.838  -8.205  33.997 0.0000000000
46495  -32.384  -9.046  31.629 0.0000000000
47438  -32.714  -8.100  31.533 0.0000000000
48394  -34.547  -7.898  33.108 0.0000000000
48396  -35.925  -7.782  33.087 0.0000000000
92366  -35.555  -8.355  32.704 0.0000000000
46482  -35.978  -9.034  32.247 0.0000000000
46483  -36.915  -9.183  32.191 0.0000000000
45654  -32.908  -10.588  25.435 0.0000000000
45678  -32.263  -10.412  23.435 0.0000000000
43025  -28.357  -13.153  23.624 0.0000000000
103302  -29.027  -12.227  23.016 0.0000000000
44814  -30.685  -11.684  21.302 0.0000000000
45706  -30.976  -11.019  20.697 0.0000000000
35004  -18.796  -22.374  44.613 0.0000000000
35005  -19.586  -22.267  44.659 0.0000000000
97439  -19.282  -21.315  34.759 0.0000000000
35985  -19.813  -21.104  35.663 0.0000000000
36802  -20.375  -20.695  36.112 0.0000000000
36792  -21.022  -20.253  37.324 0.0000000000
37660  -21.893  -19.613  38.486 0.0000000000
38484  -23.973  -18.705  40.241 0.0000000000
38602  -22.687  -18.009  31.446 0.0000000000
38570  -22.648  -18.397  33.339 0.0000000000
38558  -23.107  -18.103  34.557 0.0000000000
40491  -23.420  -16.526  34.355 0.0000000000
38520  -24.038  -18.018  37.979 0.0000000000
38506  -23.634  -18.577  38.294 0.0000000000
89884  -24.675  -18.273  41.368 0.0000000000
39454  -25.010  -17.603  41.833 0.0000000000
93909  -24.056  -15.053  39.962 0.0000000000
98782  -24.892  -14.911  41.531 0.0000000000
34298  -9.342  -24.023  37.046 0.0000000000
46632  -33.150  -9.098  21.558 0.0000000000
47546  -36.005  -8.419  22.293 0.0000000000
96874  -37.496  -7.621  25.518 0.0000000000
100490  -39.964  -9.685  20.641 0.0000000000
46617  -40.690  -9.582  22.361 0.0000000000
47517  -40.224  -7.894  24.419 0.0000000000
48455  -39.730  -7.246  25.307 0.0000000000
48543  -47.208  -7.274  16.802 0.0000000000
49397  -48.652  -7.139  16.335 0.0000000000
49419  -50.478  -7.001  15.930 0.0000000000
107280  -46.262  -5.595  13.544 0.0000000000
49459  -47.869  -6.232  13.748 0.0000000000
49442  -48.425  -6.730  14.352 0.0000000000
50266  -51.944  -5.981  14.825 0.0000000000
50267  -52.878  -5.678  14.938 0.0000000000
101877  -53.051  -5.259  14.217 0.0000000000
50312  -49.720  -6.044  11.297 0.0000000000
100174  -51.678  -5.753  12.252 0.0000000000
50288  -53.001  -4.985  13.521 0.0000000000
51996  -52.783  -4.310  9.453 0.0000000000
51997  -53.097  -4.724  9.535 0.0000000000
51162  -53.317  -5.114  8.802 0.0000000000
27953  -2.490  -30.035  45.900 0.0000000000
29599  -2.917  -28.498  48.136 0.0000000000
30450  -3.700  -27.389  49.636 0.0000000000
30456  -2.838  -27.568  48.377 0.0000000000
30479  -3.092  -27.796  45.970 0.0000000000
31297  -2.757  -26.564  49.090 0.0000000000
31306  -2.724  -26.776  48.630 0.0000000000
32257  -3.110  -24.992  48.773 0.0000000000
32264  -2.925  -26.289  48.143 0.0000000000
33292  -7.443  -23.936  42.842 0.0000000000
35050  -16.680  -22.301  40.789 0.0000000000
35968  -18.785  -21.838  36.576 0.0000000000
46602  -44.642  -9.710  23.299 0.0000000000
47424  -34.311  -8.294  32.458 0.0000000000
51137  -53.276  -4.690  10.746 0.0000000000
87680  -5.560  -27.301  41.341 0.0000000000
87689  -5.770  -25.677  43.218 0.0000000000
87691  -4.988  -26.010  44.154 0.0000000000
88379  -3.820  -24.484  47.389 0.0000000000
88520  -6.286  -23.255  45.825 0.0000000000
88951  -3.587  -26.749  46.000 0.0000000000
95895  -34.136  -8.040  33.104 0.0000000000
97399  -8.346  -24.313  41.056 0.0000000000
103551  -5.839  -23.605  46.061 0.0000000000
106236  -21.698  -19.424  34.082 0.0000000000
107608  -3.778  -27.172  45.076 0.0000000000
