#!ascii label  , from subject sub-v1s20x0050359_ses-1 vox2ras=TkReg
461
46687  19.892  -13.568  -33.651 0.0000000000
49180  26.493  -10.573  -38.612 0.0000000000
90218  26.903  -1.079  -39.340 0.0000000000
57147  19.178  -0.311  -42.145 0.0000000000
106484  22.022  -17.556  -30.841 0.0000000000
44940  24.487  -16.080  -34.023 0.0000000000
48326  22.514  -11.659  -36.394 0.0000000000
52554  20.637  -6.725  -39.292 0.0000000000
53371  26.469  -5.893  -38.263 0.0000000000
55593  30.889  -2.962  -42.668 0.0000000000
58761  28.673  1.266  -41.098 0.0000000000
44929  20.684  -15.503  -32.418 0.0000000000
43990  23.321  -16.572  -32.503 0.0000000000
93047  22.159  -14.727  -34.313 0.0000000000
51704  19.640  -7.630  -37.339 0.0000000000
54138  18.834  -4.291  -37.755 0.0000000000
90310  22.620  -1.043  -40.853 0.0000000000
54852  22.457  -3.317  -41.370 0.0000000000
54843  26.038  -3.707  -38.385 0.0000000000
95625  29.380  -5.221  -41.007 0.0000000000
55572  29.123  -2.661  -40.283 0.0000000000
60828  27.145  4.440  -39.493 0.0000000000
59504  28.641  2.239  -39.365 0.0000000000
60835  28.527  3.923  -40.596 0.0000000000
49167  24.732  -10.219  -37.076 0.0000000000
46723  25.071  -13.769  -37.091 0.0000000000
48323  26.497  -12.308  -37.249 0.0000000000
57957  25.352  -0.749  -38.941 0.0000000000
94022  28.592  -10.042  -40.438 0.0000000000
48304  18.690  -11.051  -34.489 0.0000000000
46713  20.747  -12.885  -35.059 0.0000000000
49153  20.393  -10.487  -37.022 0.0000000000
49185  21.050  -9.823  -38.252 0.0000000000
50857  23.625  -8.706  -38.839 0.0000000000
54854  19.660  -3.489  -41.226 0.0000000000
53384  23.248  -5.911  -40.481 0.0000000000
89528  26.736  -8.750  -39.687 0.0000000000
96774  28.251  -7.607  -41.524 0.0000000000
59514  27.617  1.205  -39.095 0.0000000000
57955  28.357  -0.227  -39.333 0.0000000000
60203  28.349  3.169  -44.315 0.0000000000
58760  28.703  0.133  -42.596 0.0000000000
57140  29.304  -0.593  -41.249 0.0000000000
56344  30.154  -1.235  -41.970 0.0000000000
45824  23.590  -14.623  -36.042 0.0000000000
96230  19.109  -12.900  -32.990 0.0000000000
45788  19.492  -14.108  -32.334 0.0000000000
45802  20.160  -14.248  -33.212 0.0000000000
44943  21.435  -15.440  -33.094 0.0000000000
45816  20.642  -13.885  -33.960 0.0000000000
56333  24.758  -1.359  -38.940 0.0000000000
56334  24.259  -1.944  -39.163 0.0000000000
55561  26.528  -2.186  -38.090 0.0000000000
55560  27.919  -2.476  -37.673 0.0000000000
94324  28.670  -1.627  -38.769 0.0000000000
62003  27.263  5.418  -40.094 0.0000000000
61447  27.905  4.599  -40.118 0.0000000000
61467  28.166  5.495  -40.753 0.0000000000
49181  25.710  -10.351  -38.467 0.0000000000
103799  25.568  -12.106  -37.627 0.0000000000
49165  26.624  -11.092  -38.058 0.0000000000
59523  22.982  -0.623  -39.408 0.0000000000
59507  24.878  -0.452  -38.172 0.0000000000
43000  20.811  -17.029  -30.687 0.0000000000
42985  21.480  -17.927  -30.379 0.0000000000
42080  22.024  -18.267  -30.341 0.0000000000
42984  22.890  -17.578  -30.838 0.0000000000
44927  23.932  -16.369  -33.252 0.0000000000
43989  23.967  -16.583  -32.336 0.0000000000
98558  19.186  -11.129  -35.268 0.0000000000
49992  19.379  -9.528  -35.854 0.0000000000
51714  20.004  -7.384  -37.946 0.0000000000
50846  20.432  -8.920  -37.960 0.0000000000
50873  21.283  -8.503  -38.993 0.0000000000
92676  22.423  -9.381  -38.722 0.0000000000
51725  21.625  -7.865  -39.588 0.0000000000
55565  18.320  -2.249  -39.139 0.0000000000
56350  18.476  -1.342  -41.888 0.0000000000
54159  24.386  -4.437  -39.366 0.0000000000
54171  23.144  -4.975  -40.929 0.0000000000
53373  24.558  -5.894  -38.712 0.0000000000
51712  24.647  -7.305  -38.540 0.0000000000
105925  26.406  -7.306  -38.605 0.0000000000
90086  27.210  -7.860  -39.551 0.0000000000
52562  27.779  -7.044  -39.361 0.0000000000
102825  29.513  -3.757  -42.191 0.0000000000
53401  29.624  -5.445  -41.992 0.0000000000
59513  28.768  1.965  -40.059 0.0000000000
101728  28.472  1.705  -39.063 0.0000000000
88178  28.659  1.394  -39.368 0.0000000000
89494  27.512  0.203  -39.282 0.0000000000
58749  28.432  0.167  -39.749 0.0000000000
57970  29.336  -0.366  -42.552 0.0000000000
57154  29.729  -0.784  -42.150 0.0000000000
94474  29.739  -0.955  -41.468 0.0000000000
47539  22.348  -12.251  -36.032 0.0000000000
46711  22.442  -13.420  -35.586 0.0000000000
46710  23.280  -13.787  -36.315 0.0000000000
47525  26.467  -13.225  -36.236 0.0000000000
91654  25.403  -14.274  -36.469 0.0000000000
91879  20.249  -15.721  -31.689 0.0000000000
43992  21.941  -16.691  -31.872 0.0000000000
43979  22.658  -16.910  -31.725 0.0000000000
44928  21.669  -16.089  -32.525 0.0000000000
44942  22.963  -16.002  -33.699 0.0000000000
44952  23.536  -15.683  -34.573 0.0000000000
93222  18.973  -7.370  -36.451 0.0000000000
52545  18.787  -6.062  -37.246 0.0000000000
52555  19.452  -5.779  -38.312 0.0000000000
57157  21.034  0.066  -42.333 0.0000000000
105392  20.876  -1.472  -41.757 0.0000000000
55573  22.715  -2.240  -40.658 0.0000000000
54851  24.149  -3.484  -39.761 0.0000000000
103610  26.392  -4.381  -38.416 0.0000000000
53381  27.940  -5.899  -38.952 0.0000000000
96459  27.992  -4.437  -38.309 0.0000000000
54840  28.969  -3.548  -39.567 0.0000000000
55571  29.298  -2.646  -41.394 0.0000000000
60822  27.753  3.822  -39.200 0.0000000000
60188  28.466  3.113  -39.329 0.0000000000
60192  28.682  3.016  -40.037 0.0000000000
104931  28.693  3.279  -40.866 0.0000000000
48339  23.605  -10.547  -36.659 0.0000000000
48324  24.293  -12.908  -37.100 0.0000000000
47549  25.044  -12.469  -37.418 0.0000000000
104001  25.918  -12.706  -37.435 0.0000000000
57960  20.780  2.175  -40.713 0.0000000000
58771  21.965  1.299  -41.013 0.0000000000
57959  23.262  -0.683  -39.542 0.0000000000
57144  25.577  -0.837  -39.071 0.0000000000
42997  22.929  -17.176  -31.343 0.0000000000
49191  27.754  -10.341  -39.586 0.0000000000
49178  27.936  -10.421  -38.639 0.0000000000
47517  19.224  -12.353  -34.302 0.0000000000
46700  20.074  -13.124  -34.319 0.0000000000
47528  19.539  -11.926  -35.097 0.0000000000
48315  20.019  -11.496  -35.823 0.0000000000
103468  20.973  -11.407  -36.923 0.0000000000
50000  19.892  -9.129  -36.716 0.0000000000
49171  20.729  -10.247  -37.735 0.0000000000
96545  21.673  -10.682  -37.691 0.0000000000
49168  23.523  -9.801  -37.216 0.0000000000
50010  23.996  -9.139  -37.604 0.0000000000
50023  25.352  -9.397  -38.630 0.0000000000
54148  19.162  -3.890  -38.722 0.0000000000
106917  20.640  -5.196  -40.227 0.0000000000
103139  20.436  -3.528  -41.666 0.0000000000
53402  21.193  -4.945  -41.595 0.0000000000
52577  21.386  -6.351  -40.209 0.0000000000
51723  23.189  -7.395  -39.972 0.0000000000
50868  25.118  -8.790  -38.655 0.0000000000
50036  26.809  -9.644  -39.715 0.0000000000
50045  27.317  -9.350  -40.393 0.0000000000
50886  28.183  -8.604  -41.567 0.0000000000
53390  28.935  -6.314  -40.405 0.0000000000
58750  26.207  -0.518  -38.956 0.0000000000
57956  26.461  -0.530  -39.078 0.0000000000
57142  27.956  -0.727  -39.321 0.0000000000
60195  28.623  3.468  -42.110 0.0000000000
59512  28.596  2.458  -41.355 0.0000000000
59522  28.418  1.320  -43.078 0.0000000000
57953  28.884  -0.193  -41.266 0.0000000000
96629  28.983  -0.311  -40.394 0.0000000000
96152  28.204  -1.052  -39.368 0.0000000000
56346  29.134  -1.741  -40.004 0.0000000000
56358  29.704  -1.907  -41.910 0.0000000000
56357  30.787  -1.682  -42.226 0.0000000000
46698  22.155  -13.972  -34.940 0.0000000000
45814  23.045  -14.863  -35.065 0.0000000000
44951  24.341  -15.842  -34.755 0.0000000000
46708  24.695  -14.359  -36.734 0.0000000000
45822  25.115  -15.001  -36.113 0.0000000000
46678  19.162  -13.257  -32.464 0.0000000000
45803  19.459  -13.511  -33.044 0.0000000000
45801  21.254  -14.668  -33.645 0.0000000000
56332  26.040  -1.514  -38.850 0.0000000000
55562  25.246  -2.028  -38.548 0.0000000000
56331  27.426  -1.645  -38.537 0.0000000000
49166  25.848  -11.289  -38.057 0.0000000000
42999  21.620  -17.508  -30.748 0.0000000000
98262  21.974  -17.911  -30.542 0.0000000000
97118  22.306  -17.877  -30.538 0.0000000000
42998  22.372  -17.444  -30.933 0.0000000000
44926  24.556  -16.183  -33.158 0.0000000000
49141  18.961  -9.904  -35.152 0.0000000000
49993  18.979  -9.161  -35.402 0.0000000000
103180  20.087  -6.933  -38.413 0.0000000000
51713  20.437  -7.624  -38.501 0.0000000000
51726  20.942  -7.799  -39.079 0.0000000000
50872  21.939  -8.528  -39.453 0.0000000000
101246  21.294  -7.190  -39.675 0.0000000000
56337  18.518  -1.460  -41.190 0.0000000000
56349  18.633  -0.952  -42.341 0.0000000000
54146  24.982  -5.127  -38.682 0.0000000000
93823  24.221  -5.284  -39.224 0.0000000000
53372  25.530  -5.860  -38.300 0.0000000000
52552  25.069  -6.649  -38.312 0.0000000000
52551  26.243  -6.708  -38.330 0.0000000000
52563  27.002  -7.230  -38.766 0.0000000000
52550  27.269  -6.395  -38.628 0.0000000000
54861  29.759  -3.269  -42.471 0.0000000000
93070  29.945  -3.994  -42.590 0.0000000000
102463  28.910  0.980  -40.087 0.0000000000
57969  30.082  -0.632  -43.049 0.0000000000
100737  22.654  -12.918  -35.877 0.0000000000
47538  23.356  -12.684  -36.231 0.0000000000
46706  26.736  -13.570  -35.575 0.0000000000
44930  19.790  -15.029  -31.961 0.0000000000
43993  21.050  -16.240  -31.823 0.0000000000
45800  22.144  -15.369  -33.701 0.0000000000
90910  22.177  -15.936  -33.167 0.0000000000
107034  22.782  -15.391  -34.303 0.0000000000
53364  18.699  -5.057  -37.239 0.0000000000
53363  19.015  -5.510  -37.745 0.0000000000
53374  19.359  -4.897  -38.394 0.0000000000
57156  22.332  -0.290  -42.111 0.0000000000
56347  21.813  -1.301  -41.284 0.0000000000
95968  25.722  -2.826  -38.435 0.0000000000
94622  24.719  -2.711  -39.114 0.0000000000
54844  25.034  -3.597  -38.984 0.0000000000
54157  27.148  -4.773  -38.365 0.0000000000
54842  27.300  -3.792  -37.952 0.0000000000
95975  28.890  -2.580  -38.859 0.0000000000
54850  29.220  -3.416  -40.843 0.0000000000
61448  26.355  5.195  -39.671 0.0000000000
60829  26.580  4.620  -39.362 0.0000000000
60827  28.114  3.822  -39.626 0.0000000000
48338  24.526  -11.512  -36.841 0.0000000000
48337  25.237  -11.523  -37.577 0.0000000000
48336  26.099  -12.048  -37.666 0.0000000000
47535  26.150  -12.953  -37.004 0.0000000000
58741  21.014  0.938  -39.269 0.0000000000
58752  21.497  1.303  -40.229 0.0000000000
58763  21.584  1.766  -41.120 0.0000000000
59525  21.905  1.044  -40.474 0.0000000000
58762  23.384  -0.600  -39.215 0.0000000000
57958  24.168  -0.669  -39.004 0.0000000000
88690  24.419  -0.856  -38.895 0.0000000000
43978  23.270  -16.826  -31.847 0.0000000000
42996  23.583  -17.018  -31.400 0.0000000000
50034  28.098  -10.303  -40.019 0.0000000000
90266  18.713  -11.633  -33.957 0.0000000000
48303  18.968  -11.626  -34.611 0.0000000000
48329  19.871  -10.763  -36.126 0.0000000000
48328  20.464  -11.160  -36.672 0.0000000000
50842  19.537  -8.246  -36.714 0.0000000000
50847  20.071  -8.526  -37.343 0.0000000000
50028  20.766  -9.262  -38.264 0.0000000000
50011  20.612  -9.592  -37.899 0.0000000000
49170  21.133  -10.503  -37.916 0.0000000000
49184  21.845  -10.036  -38.209 0.0000000000
49169  22.563  -10.308  -37.558 0.0000000000
50038  22.891  -8.889  -39.194 0.0000000000
50025  23.260  -9.052  -38.570 0.0000000000
50024  24.218  -9.098  -38.073 0.0000000000
50856  24.509  -8.773  -38.495 0.0000000000
103553  18.965  -2.426  -40.046 0.0000000000
54833  18.903  -3.116  -39.377 0.0000000000
54832  19.420  -3.679  -39.650 0.0000000000
54147  19.747  -4.377  -39.311 0.0000000000
54161  19.715  -3.952  -40.492 0.0000000000
55574  21.506  -2.437  -41.283 0.0000000000
106593  20.903  -2.984  -41.587 0.0000000000
54863  21.401  -3.535  -41.719 0.0000000000
53391  22.701  -5.472  -41.072 0.0000000000
54181  21.695  -4.764  -41.688 0.0000000000
53392  21.985  -5.398  -41.299 0.0000000000
53393  21.405  -5.515  -40.987 0.0000000000
52575  22.543  -6.201  -40.696 0.0000000000
51733  22.703  -7.007  -40.254 0.0000000000
52565  23.076  -6.647  -40.308 0.0000000000
51711  25.658  -7.481  -38.547 0.0000000000
51721  24.941  -7.774  -38.670 0.0000000000
88340  25.842  -8.436  -38.927 0.0000000000
50037  26.042  -9.190  -39.202 0.0000000000
51720  27.737  -7.707  -40.345 0.0000000000
50887  27.804  -8.161  -41.315 0.0000000000
51740  28.324  -7.896  -41.862 0.0000000000
88791  28.775  -8.281  -42.010 0.0000000000
86808  28.976  -7.710  -42.274 0.0000000000
53380  28.727  -5.432  -39.659 0.0000000000
59506  27.485  0.984  -38.905 0.0000000000
58737  26.549  -0.057  -38.985 0.0000000000
104952  26.900  0.288  -38.961 0.0000000000
89165  27.281  -0.523  -39.212 0.0000000000
60842  28.762  4.111  -43.236 0.0000000000
89367  28.410  2.463  -43.213 0.0000000000
58770  28.707  0.227  -44.611 0.0000000000
58748  28.759  0.416  -40.611 0.0000000000
57141  29.062  -0.616  -39.981 0.0000000000
56330  29.039  -1.180  -39.755 0.0000000000
56329  29.382  -1.057  -40.588 0.0000000000
56345  29.480  -1.469  -41.236 0.0000000000
46699  21.107  -13.529  -34.622 0.0000000000
46712  21.605  -13.239  -35.184 0.0000000000
45825  22.900  -14.175  -35.710 0.0000000000
45813  23.980  -15.353  -35.447 0.0000000000
47537  24.963  -13.234  -37.375 0.0000000000
46724  24.463  -13.782  -37.177 0.0000000000
45821  25.804  -14.765  -35.796 0.0000000000
45811  25.419  -15.362  -35.375 0.0000000000
45812  24.773  -15.512  -35.521 0.0000000000
45787  20.078  -14.821  -32.642 0.0000000000
44944  20.694  -14.957  -33.025 0.0000000000
57146  23.069  -1.038  -39.837 0.0000000000
56335  23.348  -1.721  -39.902 0.0000000000
94370  26.733  -2.933  -37.626 0.0000000000
103530  28.490  4.752  -40.787 0.0000000000
94543  25.340  -10.756  -37.964 0.0000000000
48335  26.871  -11.556  -37.560 0.0000000000
59515  23.952  -0.737  -38.964 0.0000000000
58751  25.430  -0.604  -38.839 0.0000000000
43981  20.348  -16.316  -31.117 0.0000000000
43965  20.080  -16.589  -30.510 0.0000000000
93640  21.021  -17.580  -30.406 0.0000000000
42065  22.204  -18.564  -30.063 0.0000000000
42079  22.526  -18.093  -30.370 0.0000000000
49140  18.863  -10.569  -34.971 0.0000000000
90112  19.331  -10.331  -35.586 0.0000000000
49154  19.927  -9.994  -36.406 0.0000000000
50859  20.267  -8.108  -37.900 0.0000000000
50858  20.714  -8.539  -38.484 0.0000000000
50027  21.105  -9.144  -38.609 0.0000000000
50026  21.640  -9.435  -38.684 0.0000000000
102021  21.583  -8.964  -38.984 0.0000000000
50871  22.566  -8.551  -39.509 0.0000000000
55564  18.714  -1.564  -40.345 0.0000000000
55577  19.255  -2.237  -41.130 0.0000000000
101256  23.587  -4.243  -40.390 0.0000000000
90871  22.972  -4.167  -41.329 0.0000000000
54160  23.668  -5.124  -39.965 0.0000000000
53383  23.847  -5.942  -39.541 0.0000000000
52564  23.545  -6.722  -39.836 0.0000000000
52553  24.185  -6.676  -38.913 0.0000000000
51710  26.497  -7.842  -39.002 0.0000000000
52561  28.364  -7.068  -40.222 0.0000000000
54168  29.368  -4.073  -41.444 0.0000000000
54180  29.584  -4.521  -42.093 0.0000000000
54188  30.115  -4.788  -42.528 0.0000000000
57980  29.230  -0.523  -44.169 0.0000000000
47526  21.548  -12.553  -35.729 0.0000000000
46722  25.762  -13.580  -36.725 0.0000000000
46707  26.127  -13.992  -36.060 0.0000000000
46697  26.498  -14.233  -35.301 0.0000000000
43980  21.357  -16.880  -31.239 0.0000000000
94710  22.035  -17.224  -31.213 0.0000000000
43991  22.624  -16.419  -32.686 0.0000000000
44000  23.389  -16.344  -33.233 0.0000000000
44941  23.830  -16.159  -33.970 0.0000000000
105531  19.206  -7.620  -36.727 0.0000000000
52537  19.004  -6.971  -37.059 0.0000000000
52544  19.412  -6.598  -37.833 0.0000000000
52567  19.961  -6.208  -38.692 0.0000000000
57158  19.688  -0.252  -42.218 0.0000000000
56348  19.820  -1.019  -42.448 0.0000000000
96038  21.205  -0.668  -42.240 0.0000000000
55563  23.801  -2.572  -39.886 0.0000000000
54170  23.338  -3.346  -40.647 0.0000000000
54158  25.453  -4.388  -38.706 0.0000000000
54145  26.128  -5.124  -38.367 0.0000000000
53382  27.165  -5.546  -38.410 0.0000000000
54156  28.013  -5.173  -38.643 0.0000000000
54155  28.606  -4.470  -39.037 0.0000000000
54841  28.495  -3.585  -38.243 0.0000000000
54169  29.124  -4.368  -40.255 0.0000000000
54849  29.334  -3.262  -41.893 0.0000000000
55585  29.666  -2.642  -42.241 0.0000000000
48325  23.592  -11.533  -36.196 0.0000000000
47548  25.516  -12.706  -37.468 0.0000000000
47536  25.509  -13.187  -37.274 0.0000000000
57961  19.515  1.672  -40.574 0.0000000000
57973  21.499  0.985  -42.216 0.0000000000
57165  22.140  0.726  -42.222 0.0000000000
57164  22.628  0.415  -42.050 0.0000000000
59524  22.425  0.069  -39.876 0.0000000000
57163  22.846  0.137  -41.732 0.0000000000
57155  22.985  -0.181  -41.293 0.0000000000
57145  23.843  -1.067  -39.126 0.0000000000
102568  24.872  -0.965  -38.992 0.0000000000
89270  25.780  -1.033  -39.254 0.0000000000
49192  27.100  -10.223  -39.342 0.0000000000
49179  27.370  -10.469  -38.810 0.0000000000
49190  28.055  -10.382  -39.478 0.0000000000
47506  18.921  -12.305  -33.417 0.0000000000
46688  19.359  -12.983  -33.630 0.0000000000
47516  19.947  -12.530  -34.880 0.0000000000
47527  20.399  -12.221  -35.498 0.0000000000
47540  20.783  -11.799  -36.248 0.0000000000
48327  21.568  -11.819  -36.456 0.0000000000
48341  21.522  -11.199  -37.203 0.0000000000
50837  19.281  -8.731  -36.064 0.0000000000
50012  20.306  -9.208  -37.480 0.0000000000
49172  20.336  -9.804  -37.269 0.0000000000
48342  20.843  -10.892  -37.483 0.0000000000
48340  22.512  -10.946  -36.971 0.0000000000
49183  22.871  -9.597  -38.023 0.0000000000
49182  25.065  -9.777  -38.004 0.0000000000
50022  26.243  -9.950  -39.098 0.0000000000
54139  18.489  -3.539  -37.412 0.0000000000
53386  19.939  -5.287  -38.964 0.0000000000
52566  20.434  -5.640  -39.548 0.0000000000
55576  19.004  -1.607  -42.040 0.0000000000
55586  19.723  -2.878  -41.424 0.0000000000
54853  20.127  -4.022  -41.659 0.0000000000
54862  22.056  -4.208  -41.791 0.0000000000
54182  20.969  -4.350  -41.817 0.0000000000
54183  20.577  -4.584  -41.612 0.0000000000
94630  20.566  -4.898  -40.983 0.0000000000
53394  20.927  -5.588  -40.337 0.0000000000
51734  22.012  -6.992  -40.248 0.0000000000
51724  22.503  -7.852  -39.873 0.0000000000
50870  23.226  -8.284  -39.492 0.0000000000
51722  23.847  -7.571  -39.098 0.0000000000
50869  24.029  -8.412  -38.677 0.0000000000
50035  27.563  -10.037  -39.980 0.0000000000
50044  27.911  -9.817  -40.607 0.0000000000
50867  27.370  -8.560  -40.552 0.0000000000
50881  27.618  -9.071  -41.184 0.0000000000
50043  28.475  -9.499  -41.189 0.0000000000
90236  28.339  -6.385  -39.579 0.0000000000
52573  29.266  -6.310  -41.384 0.0000000000
52585  28.723  -7.128  -41.962 0.0000000000
57143  26.574  -0.855  -39.286 0.0000000000
61466  28.718  5.254  -41.425 0.0000000000
60834  28.772  4.456  -41.617 0.0000000000
57954  28.852  -0.046  -40.036 0.0000000000
101851  28.860  -0.284  -39.701 0.0000000000
95078  29.224  -2.059  -40.977 0.0000000000
56364  30.304  -2.230  -42.442 0.0000000000
56356  31.087  -2.388  -42.484 0.0000000000
56343  31.020  -1.408  -41.621 0.0000000000
92868  31.555  -1.956  -42.037 0.0000000000
55584  31.589  -2.600  -42.141 0.0000000000
45815  21.483  -14.129  -34.270 0.0000000000
46725  23.907  -13.657  -36.944 0.0000000000
46709  24.022  -14.257  -36.785 0.0000000000
45823  24.381  -14.914  -36.200 0.0000000000
45799  25.021  -15.853  -34.783 0.0000000000
49164  27.330  -10.806  -38.006 0.0000000000
50039  22.176  -9.022  -39.179 0.0000000000
50046  28.803  -8.880  -41.613 0.0000000000
51732  28.057  -7.531  -41.011 0.0000000000
52576  21.904  -6.060  -40.747 0.0000000000
53385  20.339  -4.711  -40.059 0.0000000000
53403  20.901  -5.052  -41.274 0.0000000000
54172  22.465  -4.838  -41.473 0.0000000000
54173  20.071  -4.305  -41.307 0.0000000000
54845  19.313  -3.159  -40.444 0.0000000000
55575  20.254  -2.255  -41.446 0.0000000000
55594  30.335  -2.786  -42.615 0.0000000000
56336  18.419  -0.947  -42.178 0.0000000000
57971  22.624  0.134  -39.938 0.0000000000
57972  23.279  -0.586  -40.512 0.0000000000
57974  20.339  0.309  -42.148 0.0000000000
57981  22.226  0.646  -40.903 0.0000000000
57982  22.210  0.693  -42.216 0.0000000000
59516  22.774  -0.734  -39.257 0.0000000000
59534  22.195  0.604  -40.455 0.0000000000
96853  23.783  -1.443  -39.303 0.0000000000
106476  21.178  -10.845  -37.690 0.0000000000
106507  27.867  -6.418  -39.106 0.0000000000
