#!ascii label  , from subject sub-v1s20x0050307_ses-1 vox2ras=TkReg
1495
103246  -45.699  -17.607  19.970 0.0000000000
116993  -57.174  -6.857  11.287 0.0000000000
117658  -50.721  -12.011  16.005 0.0000000000
112071  -21.791  -33.814  45.624 0.0000000000
42622  -42.829  -18.821  27.674 0.0000000000
105235  -33.794  -26.647  42.400 0.0000000000
31208  -42.909  -30.128  40.637 0.0000000000
36395  -45.684  -24.391  34.630 0.0000000000
39561  -46.935  -20.731  32.898 0.0000000000
32276  -26.356  -28.827  37.399 0.0000000000
35307  -29.349  -25.591  42.562 0.0000000000
34322  -28.795  -26.139  36.624 0.0000000000
32314  -37.888  -28.646  35.369 0.0000000000
32319  -42.256  -27.559  35.555 0.0000000000
45666  -49.372  -15.956  27.589 0.0000000000
46775  -51.991  -14.370  24.670 0.0000000000
51508  -54.749  -9.885  13.513 0.0000000000
47775  -46.488  -13.676  18.499 0.0000000000
56193  -51.812  -5.198  7.274 0.0000000000
23799  -20.710  -37.362  47.749 0.0000000000
42592  -48.359  -18.221  29.593 0.0000000000
44722  -43.418  -16.526  23.541 0.0000000000
33304  -33.348  -27.100  36.469 0.0000000000
117157  -38.139  -28.478  40.926 0.0000000000
49658  -53.360  -11.776  21.396 0.0000000000
55192  -59.783  -5.266  4.198 0.0000000000
36410  -43.459  -24.505  32.518 0.0000000000
37468  -44.375  -23.229  31.701 0.0000000000
33289  -27.149  -27.003  37.202 0.0000000000
33386  -39.905  -27.074  33.133 0.0000000000
35411  -41.654  -25.795  32.571 0.0000000000
35375  -43.814  -26.031  35.075 0.0000000000
116853  -47.585  -16.587  23.750 0.0000000000
44698  -51.068  -16.081  25.967 0.0000000000
44747  -48.717  -16.015  22.360 0.0000000000
52356  -56.476  -8.461  12.682 0.0000000000
53223  -56.672  -7.423  15.885 0.0000000000
55125  -59.289  -5.739  10.764 0.0000000000
26774  -20.139  -34.889  42.599 0.0000000000
112968  -21.430  -35.249  47.319 0.0000000000
41630  -44.694  -19.722  29.842 0.0000000000
41611  -48.140  -19.681  31.604 0.0000000000
42606  -45.124  -18.817  28.641 0.0000000000
43638  -45.934  -16.921  26.676 0.0000000000
43646  -42.943  -17.082  25.310 0.0000000000
112501  -31.988  -25.944  42.245 0.0000000000
35281  -32.174  -25.877  45.494 0.0000000000
34243  -33.470  -26.306  44.091 0.0000000000
33222  -35.855  -27.052  43.296 0.0000000000
34378  -30.598  -25.995  33.301 0.0000000000
33362  -32.938  -26.926  33.268 0.0000000000
30401  -40.811  -30.225  37.963 0.0000000000
31260  -38.200  -29.239  38.089 0.0000000000
31206  -40.491  -29.545  40.691 0.0000000000
32199  -40.523  -28.521  42.928 0.0000000000
30329  -23.785  -31.091  41.254 0.0000000000
31155  -24.926  -29.039  43.413 0.0000000000
31131  -24.694  -29.639  44.909 0.0000000000
48751  -48.510  -12.451  17.226 0.0000000000
48718  -50.543  -12.648  20.168 0.0000000000
50627  -51.214  -10.784  19.408 0.0000000000
55213  -61.779  -5.457  2.599 0.0000000000
27698  -23.287  -33.047  50.623 0.0000000000
37408  -47.391  -23.348  36.890 0.0000000000
39514  -47.798  -20.872  36.454 0.0000000000
38441  -46.814  -22.261  33.245 0.0000000000
39592  -44.395  -20.558  30.304 0.0000000000
116811  -26.253  -27.928  40.769 0.0000000000
35304  -27.189  -25.823  42.891 0.0000000000
34288  -27.443  -26.205  39.689 0.0000000000
35349  -28.977  -25.728  39.096 0.0000000000
35342  -31.513  -25.894  39.685 0.0000000000
33365  -35.426  -27.490  33.279 0.0000000000
103862  -37.778  -27.696  33.217 0.0000000000
32317  -40.463  -28.491  35.469 0.0000000000
31266  -43.535  -29.892  38.014 0.0000000000
33293  -45.731  -27.581  37.370 0.0000000000
35369  -46.471  -25.476  36.991 0.0000000000
30394  -24.860  -30.264  37.519 0.0000000000
44652  -51.117  -15.796  30.000 0.0000000000
45626  -54.606  -14.991  32.017 0.0000000000
45643  -53.264  -15.574  29.606 0.0000000000
45669  -54.628  -15.266  27.259 0.0000000000
49734  -52.616  -11.480  14.545 0.0000000000
50643  -52.902  -10.013  17.512 0.0000000000
52310  -54.715  -8.679  17.094 0.0000000000
19221  -20.415  -42.067  51.119 0.0000000000
45750  -46.465  -15.542  19.267 0.0000000000
47815  -44.613  -13.873  15.765 0.0000000000
48814  -49.265  -12.341  12.836 0.0000000000
50714  -50.364  -10.142  11.797 0.0000000000
52365  -52.147  -8.701  11.166 0.0000000000
53275  -53.529  -7.568  10.566 0.0000000000
55138  -54.233  -5.866  9.070 0.0000000000
109404  -50.773  -5.869  9.143 0.0000000000
94684  -22.314  -35.169  50.817 0.0000000000
23779  -20.966  -37.241  52.224 0.0000000000
21030  -19.944  -39.818  52.045 0.0000000000
102533  -51.390  -17.171  35.973 0.0000000000
41575  -48.582  -20.066  34.785 0.0000000000
41588  -49.983  -19.490  33.612 0.0000000000
43592  -50.966  -17.258  31.814 0.0000000000
44649  -49.052  -16.590  28.917 0.0000000000
44694  -46.182  -15.912  24.892 0.0000000000
43693  -44.509  -17.517  22.091 0.0000000000
35267  -29.248  -25.271  46.542 0.0000000000
34325  -31.282  -26.126  36.407 0.0000000000
108882  -33.950  -27.208  39.267 0.0000000000
32298  -35.797  -28.234  36.239 0.0000000000
97931  -35.794  -28.158  38.887 0.0000000000
33259  -35.968  -27.808  40.955 0.0000000000
32176  -38.212  -27.585  43.451 0.0000000000
26787  -20.949  -34.052  41.721 0.0000000000
28624  -22.498  -32.700  41.221 0.0000000000
28585  -22.668  -32.507  44.891 0.0000000000
46808  -49.828  -14.485  20.976 0.0000000000
48666  -52.885  -12.820  23.683 0.0000000000
49621  -55.670  -11.739  24.754 0.0000000000
51440  -54.433  -9.097  20.759 0.0000000000
105452  -55.862  -4.357  8.195 0.0000000000
111847  -57.276  -3.276  7.760 0.0000000000
58955  -59.097  -1.966  6.369 0.0000000000
56229  -57.945  -5.214  5.100 0.0000000000
58966  -60.662  -1.602  5.228 0.0000000000
99222  -41.819  -24.599  30.225 0.0000000000
37478  -42.662  -23.842  30.198 0.0000000000
36455  -41.470  -24.424  29.400 0.0000000000
34429  -40.707  -26.072  31.812 0.0000000000
35432  -41.203  -25.597  31.394 0.0000000000
35412  -42.336  -25.316  32.555 0.0000000000
43695  -46.236  -17.366  22.093 0.0000000000
44746  -48.052  -16.474  23.003 0.0000000000
43713  -47.103  -17.127  20.894 0.0000000000
53262  -56.899  -7.494  11.707 0.0000000000
53248  -57.745  -7.464  13.425 0.0000000000
54111  -58.115  -7.101  12.649 0.0000000000
54121  -58.494  -6.649  12.019 0.0000000000
54135  -57.897  -6.500  11.106 0.0000000000
26754  -21.175  -34.402  44.261 0.0000000000
26742  -20.782  -35.002  44.999 0.0000000000
26731  -21.542  -34.379  46.031 0.0000000000
42604  -43.341  -19.097  28.382 0.0000000000
113551  -44.611  -19.342  29.213 0.0000000000
42623  -43.796  -18.607  27.808 0.0000000000
43625  -44.454  -17.960  27.157 0.0000000000
43634  -42.224  -17.713  26.055 0.0000000000
111096  -25.764  -27.341  43.758 0.0000000000
34260  -32.898  -26.246  42.292 0.0000000000
35302  -32.991  -26.259  43.579 0.0000000000
34252  -33.781  -26.502  43.393 0.0000000000
34253  -35.068  -26.783  43.700 0.0000000000
34261  -34.498  -26.757  43.000 0.0000000000
30383  -42.250  -30.544  38.799 0.0000000000
30364  -40.787  -30.285  39.221 0.0000000000
30350  -42.082  -30.346  40.297 0.0000000000
31190  -41.931  -29.261  41.940 0.0000000000
32210  -25.322  -28.669  41.957 0.0000000000
32188  -25.406  -28.456  42.832 0.0000000000
32167  -25.351  -28.170  43.854 0.0000000000
45566  -53.709  -15.612  36.459 0.0000000000
103203  -49.242  -12.390  16.719 0.0000000000
49692  -49.459  -11.624  18.173 0.0000000000
49694  -51.090  -11.146  17.447 0.0000000000
36388  -47.282  -23.987  35.665 0.0000000000
37427  -47.630  -23.397  35.148 0.0000000000
37438  -46.149  -23.756  34.192 0.0000000000
38461  -44.850  -22.284  31.384 0.0000000000
106121  -43.615  -21.759  29.077 0.0000000000
40641  -43.686  -20.106  29.304 0.0000000000
32244  -26.397  -28.382  39.027 0.0000000000
33256  -26.634  -27.134  40.433 0.0000000000
33277  -26.761  -27.383  38.603 0.0000000000
112190  -28.347  -26.181  37.272 0.0000000000
34297  -28.415  -25.915  38.659 0.0000000000
34298  -29.093  -25.836  38.317 0.0000000000
35341  -30.714  -25.773  39.746 0.0000000000
35351  -30.562  -25.762  38.552 0.0000000000
105525  -36.328  -27.103  31.661 0.0000000000
33346  -41.387  -27.016  34.438 0.0000000000
33344  -39.933  -27.544  33.992 0.0000000000
32318  -41.357  -28.230  35.678 0.0000000000
31288  -42.120  -29.180  36.787 0.0000000000
99341  -42.938  -28.757  36.768 0.0000000000
32285  -44.534  -28.685  37.344 0.0000000000
33307  -43.619  -27.581  36.281 0.0000000000
35388  -44.396  -24.957  34.464 0.0000000000
35368  -45.760  -25.759  36.339 0.0000000000
35378  -46.107  -25.097  36.207 0.0000000000
36379  -46.782  -24.782  36.802 0.0000000000
31255  -25.913  -29.419  37.433 0.0000000000
45642  -50.784  -15.740  29.319 0.0000000000
115362  -51.540  -15.656  29.720 0.0000000000
97720  -50.772  -15.872  28.316 0.0000000000
45686  -51.293  -15.664  25.268 0.0000000000
45678  -52.496  -15.615  26.493 0.0000000000
46758  -52.801  -14.904  25.883 0.0000000000
46751  -55.221  -14.591  26.800 0.0000000000
46768  -53.178  -14.004  25.393 0.0000000000
102751  -53.917  -10.814  14.272 0.0000000000
51475  -54.069  -10.028  16.126 0.0000000000
104749  -54.860  -9.874  14.939 0.0000000000
53224  -57.203  -6.615  16.466 0.0000000000
49761  -50.376  -11.426  12.670 0.0000000000
107496  -49.108  -10.632  11.730 0.0000000000
52374  -49.869  -8.554  10.501 0.0000000000
104581  -51.232  -7.867  10.356 0.0000000000
52377  -52.877  -8.039  10.949 0.0000000000
53273  -51.832  -7.173  10.101 0.0000000000
106362  -52.128  -6.443  9.577 0.0000000000
24748  -19.220  -36.797  45.343 0.0000000000
98638  -20.677  -38.175  48.266 0.0000000000
28541  -23.127  -32.130  52.788 0.0000000000
97164  -22.794  -34.417  50.368 0.0000000000
28540  -22.724  -32.793  53.472 0.0000000000
94670  -21.830  -36.321  53.752 0.0000000000
23776  -21.530  -37.372  53.918 0.0000000000
22847  -20.489  -38.636  52.253 0.0000000000
21921  -21.745  -38.821  53.108 0.0000000000
21027  -21.673  -39.624  52.434 0.0000000000
39538  -47.797  -21.292  34.176 0.0000000000
40548  -48.068  -20.359  35.969 0.0000000000
40577  -48.034  -20.518  34.270 0.0000000000
41622  -48.636  -19.102  31.027 0.0000000000
41600  -49.444  -19.677  32.926 0.0000000000
42566  -49.368  -18.778  31.371 0.0000000000
43572  -50.995  -18.117  33.077 0.0000000000
43590  -49.818  -17.975  31.053 0.0000000000
44639  -50.215  -17.143  30.741 0.0000000000
43609  -48.708  -17.511  29.241 0.0000000000
44692  -44.707  -16.390  25.327 0.0000000000
44680  -46.455  -16.165  26.140 0.0000000000
98515  -44.744  -16.082  24.572 0.0000000000
44724  -45.541  -16.136  23.802 0.0000000000
44742  -43.729  -16.900  22.762 0.0000000000
35298  -28.442  -25.584  43.000 0.0000000000
98379  -28.402  -25.457  44.902 0.0000000000
35289  -29.281  -25.596  44.284 0.0000000000
34340  -32.237  -26.685  35.223 0.0000000000
34339  -31.428  -26.247  35.533 0.0000000000
33303  -32.628  -26.685  36.622 0.0000000000
34313  -32.368  -26.423  37.436 0.0000000000
33290  -33.713  -27.199  37.657 0.0000000000
32348  -36.654  -27.934  34.100 0.0000000000
32332  -35.842  -27.861  34.586 0.0000000000
106479  -37.081  -28.543  35.530 0.0000000000
31224  -38.441  -29.049  39.604 0.0000000000
32265  -36.575  -28.510  38.563 0.0000000000
32251  -36.546  -28.321  39.505 0.0000000000
32250  -35.697  -27.930  39.709 0.0000000000
32217  -36.680  -28.059  40.941 0.0000000000
33247  -37.079  -27.498  42.205 0.0000000000
111564  -38.093  -28.137  41.427 0.0000000000
32237  -46.155  -27.959  40.487 0.0000000000
103851  -23.390  -31.702  41.216 0.0000000000
28612  -23.023  -32.054  42.538 0.0000000000
28602  -22.563  -32.660  42.968 0.0000000000
32132  -24.745  -29.413  45.925 0.0000000000
46846  -46.171  -14.020  18.748 0.0000000000
45752  -47.756  -15.229  19.666 0.0000000000
105117  -47.642  -13.749  19.098 0.0000000000
48720  -52.092  -12.274  20.911 0.0000000000
48703  -51.848  -12.837  21.287 0.0000000000
48687  -53.465  -12.176  22.185 0.0000000000
49620  -54.236  -12.004  24.406 0.0000000000
49636  -54.617  -11.666  23.578 0.0000000000
52292  -53.747  -8.588  19.141 0.0000000000
51452  -53.458  -8.900  19.670 0.0000000000
111850  -54.571  -8.410  20.345 0.0000000000
55148  -52.960  -5.585  8.393 0.0000000000
100268  -56.070  -5.744  9.043 0.0000000000
56181  -53.504  -5.410  7.941 0.0000000000
56196  -55.042  -4.945  7.470 0.0000000000
57200  -56.615  -3.646  7.140 0.0000000000
58941  -58.498  -2.472  7.247 0.0000000000
57210  -56.794  -3.860  6.514 0.0000000000
55200  -58.450  -6.351  3.757 0.0000000000
54201  -56.610  -6.615  4.105 0.0000000000
104507  -59.317  -4.670  4.801 0.0000000000
57222  -59.496  -2.949  5.133 0.0000000000
57230  -60.778  -3.225  4.104 0.0000000000
57231  -61.468  -3.428  3.510 0.0000000000
57249  -63.581  -2.987  1.556 0.0000000000
36402  -44.480  -24.489  33.706 0.0000000000
37446  -44.937  -23.850  33.199 0.0000000000
37456  -43.872  -23.907  32.100 0.0000000000
37479  -43.472  -23.353  30.573 0.0000000000
33288  -26.692  -27.972  37.271 0.0000000000
34404  -39.883  -26.376  31.500 0.0000000000
34380  -40.716  -26.671  33.151 0.0000000000
34358  -41.793  -26.605  34.068 0.0000000000
34342  -43.513  -26.611  35.367 0.0000000000
35386  -42.937  -25.856  34.038 0.0000000000
35399  -43.319  -25.276  33.656 0.0000000000
45684  -48.467  -16.096  26.016 0.0000000000
44683  -49.941  -16.179  26.918 0.0000000000
97713  -48.734  -16.439  24.357 0.0000000000
45693  -50.246  -15.815  24.352 0.0000000000
45703  -50.363  -15.287  23.610 0.0000000000
51522  -54.956  -9.507  12.881 0.0000000000
52336  -55.813  -8.840  14.888 0.0000000000
52337  -56.509  -8.514  14.406 0.0000000000
53235  -57.350  -6.907  15.491 0.0000000000
56161  -59.219  -5.189  9.899 0.0000000000
100689  -20.245  -35.614  45.382 0.0000000000
24732  -20.882  -35.997  47.379 0.0000000000
40631  -45.164  -20.133  31.124 0.0000000000
116429  -46.794  -20.158  32.282 0.0000000000
97767  -46.618  -19.690  31.204 0.0000000000
42591  -46.306  -19.058  29.634 0.0000000000
42608  -47.079  -18.410  28.865 0.0000000000
43619  -47.594  -17.606  28.253 0.0000000000
43626  -45.399  -17.693  27.280 0.0000000000
44678  -44.671  -16.869  25.974 0.0000000000
44707  -43.195  -16.600  24.339 0.0000000000
35319  -30.282  -25.689  42.134 0.0000000000
35291  -30.914  -25.813  44.646 0.0000000000
98656  -31.519  -25.842  44.028 0.0000000000
112196  -32.777  -25.946  44.992 0.0000000000
33204  -36.213  -27.026  45.615 0.0000000000
116516  -32.319  -26.745  33.517 0.0000000000
33341  -33.130  -27.106  34.973 0.0000000000
31284  -38.953  -29.303  36.660 0.0000000000
31283  -38.083  -29.096  36.870 0.0000000000
31243  -39.062  -29.656  38.053 0.0000000000
31225  -39.257  -29.524  39.477 0.0000000000
31188  -39.693  -28.989  40.859 0.0000000000
32219  -39.602  -28.501  41.750 0.0000000000
31189  -40.347  -29.005  41.519 0.0000000000
105127  -24.338  -30.758  39.535 0.0000000000
30344  -24.206  -30.712  40.438 0.0000000000
30307  -24.348  -30.280  43.575 0.0000000000
30293  -24.303  -30.408  44.425 0.0000000000
31145  -24.643  -29.723  43.932 0.0000000000
48734  -47.567  -13.062  18.230 0.0000000000
48727  -48.446  -12.681  18.792 0.0000000000
48735  -48.600  -12.287  18.568 0.0000000000
49677  -51.081  -11.272  19.732 0.0000000000
101706  -52.372  -10.892  20.478 0.0000000000
55157  -50.958  -5.117  6.919 0.0000000000
56206  -52.472  -5.305  7.066 0.0000000000
55167  -50.930  -6.090  6.240 0.0000000000
54222  -58.820  -6.919  3.031 0.0000000000
55202  -61.038  -5.217  3.484 0.0000000000
54223  -59.829  -6.587  3.057 0.0000000000
54243  -61.267  -6.502  2.223 0.0000000000
102026  -22.421  -33.309  46.658 0.0000000000
26724  -22.307  -33.989  47.134 0.0000000000
39502  -47.413  -21.129  37.913 0.0000000000
108683  -47.737  -22.598  36.461 0.0000000000
38428  -47.953  -22.377  34.515 0.0000000000
39547  -46.894  -21.300  33.032 0.0000000000
38451  -45.069  -22.802  32.057 0.0000000000
38462  -45.464  -21.863  31.766 0.0000000000
106250  -45.311  -20.522  31.409 0.0000000000
40630  -44.759  -20.116  30.566 0.0000000000
41639  -43.473  -19.663  28.829 0.0000000000
33229  -26.188  -26.970  42.405 0.0000000000
34258  -26.696  -26.251  42.805 0.0000000000
34267  -26.679  -26.396  41.830 0.0000000000
34268  -27.212  -26.056  41.214 0.0000000000
35317  -28.443  -25.589  41.306 0.0000000000
33278  -27.183  -26.779  38.166 0.0000000000
34289  -28.129  -25.849  39.330 0.0000000000
35318  -29.339  -25.567  41.552 0.0000000000
35332  -30.424  -25.671  41.145 0.0000000000
35321  -31.845  -25.960  41.180 0.0000000000
34280  -32.754  -26.426  40.760 0.0000000000
33366  -36.312  -27.584  33.180 0.0000000000
32349  -37.561  -28.062  33.959 0.0000000000
33367  -38.562  -27.497  33.024 0.0000000000
32336  -39.165  -28.129  34.449 0.0000000000
32315  -38.758  -28.655  35.265 0.0000000000
31286  -40.472  -29.382  36.519 0.0000000000
31265  -42.563  -30.184  37.990 0.0000000000
31245  -43.658  -30.182  38.940 0.0000000000
116268  -44.411  -29.604  40.487 0.0000000000
31247  -45.130  -29.244  39.134 0.0000000000
32268  -45.689  -28.630  38.701 0.0000000000
33281  -46.562  -27.120  38.922 0.0000000000
34327  -44.650  -26.727  36.246 0.0000000000
34315  -45.908  -26.816  37.144 0.0000000000
34302  -46.508  -26.288  38.484 0.0000000000
36369  -46.486  -24.609  38.982 0.0000000000
30358  -25.152  -30.080  39.049 0.0000000000
44630  -52.043  -16.027  32.156 0.0000000000
45624  -52.708  -15.531  31.893 0.0000000000
45636  -53.363  -15.266  30.546 0.0000000000
45644  -54.166  -15.373  29.904 0.0000000000
102356  -52.172  -15.981  27.344 0.0000000000
45657  -53.395  -15.809  28.668 0.0000000000
49711  -52.040  -11.739  15.181 0.0000000000
50649  -51.787  -10.886  17.026 0.0000000000
50651  -53.364  -10.379  16.492 0.0000000000
51468  -54.117  -9.074  17.547 0.0000000000
52294  -54.869  -7.898  18.326 0.0000000000
52325  -55.600  -8.568  15.797 0.0000000000
53214  -55.768  -7.624  17.235 0.0000000000
43756  -43.831  -17.501  18.397 0.0000000000
43740  -45.828  -17.142  19.371 0.0000000000
45763  -44.289  -15.598  18.308 0.0000000000
46844  -44.720  -14.684  18.193 0.0000000000
47773  -45.154  -13.993  18.017 0.0000000000
47787  -45.298  -13.578  17.263 0.0000000000
47803  -46.645  -13.068  16.791 0.0000000000
48767  -47.931  -13.133  16.099 0.0000000000
47820  -49.369  -13.077  14.948 0.0000000000
48787  -49.762  -12.901  14.250 0.0000000000
48805  -50.974  -12.233  13.846 0.0000000000
50689  -51.993  -11.052  13.176 0.0000000000
50704  -53.183  -10.185  12.973 0.0000000000
51530  -49.950  -9.689  11.300 0.0000000000
51531  -51.624  -9.392  11.613 0.0000000000
51521  -53.324  -9.535  12.371 0.0000000000
52367  -54.318  -8.429  11.619 0.0000000000
52368  -55.301  -8.015  11.660 0.0000000000
117093  -55.862  -7.172  10.779 0.0000000000
101377  -56.176  -6.798  10.314 0.0000000000
54145  -53.789  -6.392  9.608 0.0000000000
55136  -52.499  -5.870  9.032 0.0000000000
113213  -51.057  -5.498  8.454 0.0000000000
113374  -50.236  -5.047  7.270 0.0000000000
94693  -22.387  -34.642  48.314 0.0000000000
97261  -21.806  -35.777  48.836 0.0000000000
24724  -21.694  -36.334  49.390 0.0000000000
94681  -22.240  -34.677  53.537 0.0000000000
113047  -21.430  -36.645  51.318 0.0000000000
23789  -21.328  -37.154  49.614 0.0000000000
22856  -20.476  -38.756  50.045 0.0000000000
21935  -19.957  -39.382  50.864 0.0000000000
108671  -19.287  -40.732  51.156 0.0000000000
108137  -20.214  -40.438  51.923 0.0000000000
43559  -52.262  -16.410  35.399 0.0000000000
41557  -49.567  -18.898  36.100 0.0000000000
99472  -48.622  -19.962  33.268 0.0000000000
41576  -49.488  -19.773  34.375 0.0000000000
42538  -51.226  -17.989  35.273 0.0000000000
43567  -51.635  -17.595  34.379 0.0000000000
44606  -52.117  -16.662  33.607 0.0000000000
44629  -51.502  -16.556  31.773 0.0000000000
44651  -50.425  -16.040  29.602 0.0000000000
44671  -49.116  -15.936  27.918 0.0000000000
43628  -47.199  -17.067  27.586 0.0000000000
44669  -47.706  -16.276  27.138 0.0000000000
44681  -48.221  -15.976  26.761 0.0000000000
99033  -46.829  -16.008  24.709 0.0000000000
44744  -45.706  -16.925  23.048 0.0000000000
103103  -45.117  -17.854  21.306 0.0000000000
43633  -41.469  -17.772  25.954 0.0000000000
43658  -41.470  -17.234  24.862 0.0000000000
44705  -41.745  -16.890  24.046 0.0000000000
44720  -41.955  -16.904  23.258 0.0000000000
43691  -42.070  -17.141  22.504 0.0000000000
42715  -42.567  -18.481  20.843 0.0000000000
42732  -43.290  -18.553  20.338 0.0000000000
42765  -43.906  -18.239  18.870 0.0000000000
35268  -30.714  -25.572  46.164 0.0000000000
103581  -29.159  -26.012  35.190 0.0000000000
100011  -30.006  -25.864  35.325 0.0000000000
34324  -30.463  -25.976  36.511 0.0000000000
98622  -31.743  -26.008  38.015 0.0000000000
107470  -32.554  -26.407  39.133 0.0000000000
33243  -33.671  -26.847  40.710 0.0000000000
33364  -34.618  -27.372  33.288 0.0000000000
33342  -34.155  -27.471  34.781 0.0000000000
33322  -34.547  -27.606  35.732 0.0000000000
32282  -37.212  -28.762  36.911 0.0000000000
108889  -35.584  -28.162  37.036 0.0000000000
33291  -34.304  -27.550  37.212 0.0000000000
107892  -34.448  -27.503  38.856 0.0000000000
33270  -34.487  -27.457  39.617 0.0000000000
33245  -35.255  -27.425  41.353 0.0000000000
111919  -35.641  -27.190  42.220 0.0000000000
33233  -37.307  -27.495  43.096 0.0000000000
102653  -20.339  -34.533  41.976 0.0000000000
27766  -21.657  -33.756  44.042 0.0000000000
28639  -22.202  -32.779  40.229 0.0000000000
27789  -21.299  -33.341  40.270 0.0000000000
27781  -22.045  -33.154  41.634 0.0000000000
27767  -21.955  -33.310  43.391 0.0000000000
27749  -22.161  -33.217  45.283 0.0000000000
28578  -23.216  -32.060  46.480 0.0000000000
30280  -24.465  -30.198  45.548 0.0000000000
44776  -47.587  -16.490  20.466 0.0000000000
45728  -49.363  -15.137  21.269 0.0000000000
46783  -50.994  -14.329  22.970 0.0000000000
47753  -49.845  -13.249  19.915 0.0000000000
47734  -50.877  -13.682  21.387 0.0000000000
47702  -51.927  -13.648  23.565 0.0000000000
48641  -53.927  -12.554  25.006 0.0000000000
50633  -52.163  -10.107  18.436 0.0000000000
51438  -52.400  -9.989  20.069 0.0000000000
50604  -53.775  -10.984  21.151 0.0000000000
115392  -57.266  -5.873  9.726 0.0000000000
55140  -57.883  -5.501  9.658 0.0000000000
56185  -57.573  -4.156  8.783 0.0000000000
112338  -55.111  -4.923  7.738 0.0000000000
57184  -55.952  -3.870  7.973 0.0000000000
57186  -58.192  -2.982  8.459 0.0000000000
58083  -59.601  -2.117  8.190 0.0000000000
100320  -60.236  -1.513  7.740 0.0000000000
55179  -56.061  -5.576  5.552 0.0000000000
57212  -58.415  -3.535  5.906 0.0000000000
58965  -60.040  -1.750  5.717 0.0000000000
57241  -62.188  -3.428  2.595 0.0000000000
35467  -41.123  -24.835  29.869 0.0000000000
113786  -40.429  -25.616  30.356 0.0000000000
35450  -41.076  -25.266  30.537 0.0000000000
36435  -41.785  -25.050  31.121 0.0000000000
114725  -45.583  -17.728  20.659 0.0000000000
104296  -47.077  -17.194  21.773 0.0000000000
43725  -46.306  -17.404  20.559 0.0000000000
53253  -57.469  -7.597  12.481 0.0000000000
54120  -57.704  -7.094  11.843 0.0000000000
54112  -58.772  -6.580  12.855 0.0000000000
55117  -58.894  -6.137  11.350 0.0000000000
26743  -21.387  -34.385  45.229 0.0000000000
42641  -43.468  -18.147  27.025 0.0000000000
42640  -42.511  -18.285  26.761 0.0000000000
34251  -26.006  -26.658  44.146 0.0000000000
33221  -26.170  -26.838  43.288 0.0000000000
34270  -33.317  -26.545  41.536 0.0000000000
111952  -33.175  -26.379  42.939 0.0000000000
30366  -42.549  -30.498  39.698 0.0000000000
48753  -50.104  -12.281  16.136 0.0000000000
48752  -49.762  -11.803  17.228 0.0000000000
49701  -50.670  -11.666  16.714 0.0000000000
36387  -46.676  -24.080  35.025 0.0000000000
38496  -43.345  -22.022  28.326 0.0000000000
38482  -43.803  -22.123  29.612 0.0000000000
33267  -26.687  -27.330  39.477 0.0000000000
32259  -26.562  -28.215  38.063 0.0000000000
34310  -29.175  -25.960  37.428 0.0000000000
35359  -29.944  -25.801  38.006 0.0000000000
33325  -41.394  -27.453  35.014 0.0000000000
32303  -42.194  -28.405  36.242 0.0000000000
33306  -42.973  -27.944  36.254 0.0000000000
32304  -43.792  -28.283  36.747 0.0000000000
33326  -43.163  -27.241  35.758 0.0000000000
113007  -44.956  -24.547  34.361 0.0000000000
35389  -45.052  -24.852  35.015 0.0000000000
36386  -45.894  -24.726  35.427 0.0000000000
108340  -46.760  -24.604  35.871 0.0000000000
31235  -26.128  -29.149  38.223 0.0000000000
45653  -49.854  -15.860  28.377 0.0000000000
45654  -50.430  -15.717  28.922 0.0000000000
44672  -50.301  -16.059  27.600 0.0000000000
46766  -51.695  -15.001  24.945 0.0000000000
46767  -52.386  -14.613  25.193 0.0000000000
47688  -52.510  -13.898  24.694 0.0000000000
50691  -54.353  -10.325  13.851 0.0000000000
50676  -54.468  -10.395  14.584 0.0000000000
51498  -54.900  -9.962  14.174 0.0000000000
54069  -57.944  -5.665  17.130 0.0000000000
50712  -48.335  -10.502  11.429 0.0000000000
53283  -50.851  -7.182  9.947 0.0000000000
53284  -51.274  -6.493  9.574 0.0000000000
23810  -20.209  -37.173  47.028 0.0000000000
23798  -20.255  -38.087  47.428 0.0000000000
27684  -22.950  -32.955  52.445 0.0000000000
29377  -22.848  -31.544  54.387 0.0000000000
22843  -21.837  -38.185  53.701 0.0000000000
21922  -22.538  -38.652  53.249 0.0000000000
39548  -47.383  -20.984  33.585 0.0000000000
39549  -47.709  -20.836  34.045 0.0000000000
40591  -47.527  -20.607  33.502 0.0000000000
42577  -48.423  -18.680  30.259 0.0000000000
42578  -49.168  -18.338  30.639 0.0000000000
42567  -50.022  -18.424  31.827 0.0000000000
43599  -49.586  -17.512  30.329 0.0000000000
43598  -48.972  -17.916  29.917 0.0000000000
44708  -44.078  -16.258  24.071 0.0000000000
44723  -44.266  -16.392  23.508 0.0000000000
35299  -29.287  -25.613  43.458 0.0000000000
33320  -32.828  -26.941  35.851 0.0000000000
34314  -33.161  -26.866  37.180 0.0000000000
102672  -33.720  -27.251  36.993 0.0000000000
32334  -37.317  -28.322  34.747 0.0000000000
32333  -36.529  -28.187  35.018 0.0000000000
106584  -38.235  -28.694  40.397 0.0000000000
32252  -37.530  -28.610  39.785 0.0000000000
99313  -36.893  -28.293  40.268 0.0000000000
32235  -37.525  -28.379  40.786 0.0000000000
32218  -37.287  -27.846  41.538 0.0000000000
33272  -46.569  -27.174  40.072 0.0000000000
105365  -23.818  -31.108  44.438 0.0000000000
46833  -47.350  -14.394  19.278 0.0000000000
47764  -46.950  -13.700  18.854 0.0000000000
49657  -52.576  -11.745  20.903 0.0000000000
48704  -52.683  -12.466  21.585 0.0000000000
49635  -54.018  -11.847  22.880 0.0000000000
49648  -54.658  -11.514  22.662 0.0000000000
115715  -54.607  -7.942  19.330 0.0000000000
108431  -54.174  -8.330  19.648 0.0000000000
55149  -53.852  -5.588  8.501 0.0000000000
56180  -52.641  -5.337  7.613 0.0000000000
56210  -56.045  -4.061  6.714 0.0000000000
56221  -55.802  -4.776  6.245 0.0000000000
55191  -58.993  -5.573  4.361 0.0000000000
56231  -60.128  -4.489  4.394 0.0000000000
106577  -59.803  -3.827  4.814 0.0000000000
56242  -60.927  -4.284  3.982 0.0000000000
36411  -44.173  -24.181  32.869 0.0000000000
36420  -43.084  -24.303  31.702 0.0000000000
36456  -42.086  -24.057  29.578 0.0000000000
37498  -42.649  -23.485  29.263 0.0000000000
34428  -39.144  -26.389  30.818 0.0000000000
103437  -41.277  -25.828  32.033 0.0000000000
34406  -41.028  -26.208  32.539 0.0000000000
34381  -41.514  -26.291  33.276 0.0000000000
34382  -42.263  -26.123  33.677 0.0000000000
35397  -42.083  -25.819  33.078 0.0000000000
36409  -42.837  -24.783  32.300 0.0000000000
35413  -43.018  -24.981  32.966 0.0000000000
36401  -43.714  -24.727  33.271 0.0000000000
44712  -48.121  -16.308  24.693 0.0000000000
98164  -48.816  -16.378  25.127 0.0000000000
97978  -48.144  -16.442  22.151 0.0000000000
44728  -49.001  -16.167  23.714 0.0000000000
44748  -49.265  -15.770  22.950 0.0000000000
45702  -49.749  -15.769  23.613 0.0000000000
52355  -55.794  -9.030  12.963 0.0000000000
52343  -55.946  -9.078  13.933 0.0000000000
52344  -56.574  -8.646  13.434 0.0000000000
54096  -58.041  -6.303  15.116 0.0000000000
56153  -59.904  -5.295  10.794 0.0000000000
56162  -60.387  -4.602  10.446 0.0000000000
25707  -20.734  -35.233  45.901 0.0000000000
25718  -20.104  -35.525  44.450 0.0000000000
25696  -20.817  -35.558  46.646 0.0000000000
114754  -20.369  -35.738  46.113 0.0000000000
41620  -45.002  -19.888  30.590 0.0000000000
41609  -45.715  -19.859  31.114 0.0000000000
41631  -45.489  -19.576  30.264 0.0000000000
42590  -45.337  -19.244  29.440 0.0000000000
42607  -46.093  -18.668  28.738 0.0000000000
42625  -45.772  -18.207  27.970 0.0000000000
43635  -43.206  -17.615  26.226 0.0000000000
43636  -44.147  -17.497  26.423 0.0000000000
43647  -43.948  -16.989  25.663 0.0000000000
35309  -31.097  -25.808  42.638 0.0000000000
98320  -31.084  -25.779  43.394 0.0000000000
35300  -31.761  -25.881  43.193 0.0000000000
35293  -32.856  -26.110  44.313 0.0000000000
34235  -33.578  -26.190  44.986 0.0000000000
34245  -35.298  -26.668  44.874 0.0000000000
33214  -35.996  -26.956  44.313 0.0000000000
34357  -32.465  -26.854  34.215 0.0000000000
100120  -33.433  -27.237  34.058 0.0000000000
31263  -40.416  -29.792  37.199 0.0000000000
31262  -39.460  -29.640  37.299 0.0000000000
30400  -39.939  -29.965  37.965 0.0000000000
31226  -40.677  -29.997  39.896 0.0000000000
30363  -40.082  -29.920  39.340 0.0000000000
97963  -39.850  -29.555  40.088 0.0000000000
31174  -41.890  -28.820  43.048 0.0000000000
31216  -24.864  -30.149  39.812 0.0000000000
31199  -24.749  -29.831  40.953 0.0000000000
31168  -24.912  -29.138  42.531 0.0000000000
31154  -24.592  -29.821  42.999 0.0000000000
33209  -25.569  -27.449  44.515 0.0000000000
32150  -25.178  -28.214  45.087 0.0000000000
48741  -47.845  -12.733  17.686 0.0000000000
113045  -48.250  -12.436  18.326 0.0000000000
48742  -48.711  -11.967  18.334 0.0000000000
111168  -50.673  -11.259  19.255 0.0000000000
49685  -50.097  -11.442  18.748 0.0000000000
50617  -51.671  -10.681  19.992 0.0000000000
56205  -51.562  -5.307  6.984 0.0000000000
54221  -57.715  -6.934  2.939 0.0000000000
54241  -58.232  -7.115  2.009 0.0000000000
28567  -22.973  -32.588  47.820 0.0000000000
113229  -23.556  -30.767  52.805 0.0000000000
106149  -47.059  -23.204  37.846 0.0000000000
38405  -47.357  -22.513  37.375 0.0000000000
37439  -47.063  -23.266  34.390 0.0000000000
38415  -47.990  -22.639  35.531 0.0000000000
117795  -47.211  -22.597  33.871 0.0000000000
38442  -47.497  -21.844  33.636 0.0000000000
37457  -44.611  -23.554  32.453 0.0000000000
37458  -45.367  -23.193  32.752 0.0000000000
39579  -44.571  -21.587  30.757 0.0000000000
39570  -45.110  -21.203  31.395 0.0000000000
39571  -45.631  -20.957  31.795 0.0000000000
40617  -44.835  -20.523  30.983 0.0000000000
33242  -26.322  -27.282  41.438 0.0000000000
34287  -26.946  -26.649  39.800 0.0000000000
34277  -27.085  -26.379  40.445 0.0000000000
34278  -27.475  -26.056  40.475 0.0000000000
35316  -27.733  -25.685  41.674 0.0000000000
35329  -27.832  -25.784  40.894 0.0000000000
35339  -28.778  -25.655  39.897 0.0000000000
35330  -28.535  -25.629  40.634 0.0000000000
35331  -29.452  -25.582  40.604 0.0000000000
100522  -30.324  -25.666  40.333 0.0000000000
100812  -31.058  -25.813  39.093 0.0000000000
35333  -31.169  -25.769  40.495 0.0000000000
35334  -32.043  -26.035  40.258 0.0000000000
101434  -37.116  -27.474  32.630 0.0000000000
100989  -36.310  -27.319  32.331 0.0000000000
106061  -37.082  -27.771  33.418 0.0000000000
33385  -39.505  -26.836  32.316 0.0000000000
33384  -38.763  -27.112  32.343 0.0000000000
105880  -39.209  -27.265  32.842 0.0000000000
32337  -40.116  -28.040  34.763 0.0000000000
33368  -39.197  -27.583  33.528 0.0000000000
32316  -39.637  -28.588  35.305 0.0000000000
31304  -40.079  -29.024  35.973 0.0000000000
32301  -40.851  -28.908  36.148 0.0000000000
32283  -42.814  -29.538  37.342 0.0000000000
99315  -41.940  -29.820  37.394 0.0000000000
31244  -43.038  -30.378  38.565 0.0000000000
31246  -44.368  -29.661  38.586 0.0000000000
33292  -44.914  -27.918  37.106 0.0000000000
32286  -45.417  -28.392  37.735 0.0000000000
33280  -46.196  -27.895  38.244 0.0000000000
34343  -44.214  -26.306  35.634 0.0000000000
34328  -45.435  -26.448  36.533 0.0000000000
34329  -46.128  -26.132  37.062 0.0000000000
34316  -46.349  -26.393  37.678 0.0000000000
35360  -46.501  -25.697  37.922 0.0000000000
35353  -46.492  -25.466  38.885 0.0000000000
117914  -46.516  -25.152  38.424 0.0000000000
36374  -46.933  -24.023  37.358 0.0000000000
37396  -46.694  -23.894  38.387 0.0000000000
30376  -25.039  -30.206  38.355 0.0000000000
32227  -25.863  -28.641  40.550 0.0000000000
45623  -51.952  -15.779  31.329 0.0000000000
45635  -52.385  -15.429  30.103 0.0000000000
45637  -54.298  -15.100  30.649 0.0000000000
44684  -50.779  -16.282  26.737 0.0000000000
45667  -51.261  -16.127  27.481 0.0000000000
45677  -51.662  -16.069  26.629 0.0000000000
45679  -53.795  -15.231  26.774 0.0000000000
98876  -53.037  -15.694  27.083 0.0000000000
45658  -54.359  -15.627  28.307 0.0000000000
45659  -55.194  -15.280  28.000 0.0000000000
118017  -55.256  -15.042  27.356 0.0000000000
47672  -55.970  -13.992  26.837 0.0000000000
49703  -52.089  -11.213  16.037 0.0000000000
50660  -52.973  -10.905  15.828 0.0000000000
51476  -54.423  -9.403  16.646 0.0000000000
52301  -54.430  -8.355  17.953 0.0000000000
52302  -55.114  -8.059  17.590 0.0000000000
52326  -56.283  -8.208  15.378 0.0000000000
52312  -55.990  -7.857  16.287 0.0000000000
53215  -56.227  -6.892  17.822 0.0000000000
19220  -19.343  -42.025  51.240 0.0000000000
19219  -18.631  -42.247  51.086 0.0000000000
19224  -19.989  -42.914  50.906 0.0000000000
46855  -44.342  -14.495  17.759 0.0000000000
47802  -45.337  -13.648  16.475 0.0000000000
98704  -45.990  -13.215  17.052 0.0000000000
47817  -46.249  -13.564  16.065 0.0000000000
116286  -46.936  -13.751  15.375 0.0000000000
106507  -47.677  -13.582  15.304 0.0000000000
47819  -48.600  -13.270  15.308 0.0000000000
47831  -48.131  -13.593  14.459 0.0000000000
47849  -49.169  -13.163  13.820 0.0000000000
48803  -49.626  -12.767  13.452 0.0000000000
48804  -50.372  -12.538  13.701 0.0000000000
49750  -50.016  -12.132  13.059 0.0000000000
50701  -50.752  -10.673  12.333 0.0000000000
49762  -51.158  -11.205  12.958 0.0000000000
50702  -51.567  -10.516  12.570 0.0000000000
101669  -52.831  -10.849  13.419 0.0000000000
50703  -52.376  -10.367  12.805 0.0000000000
52364  -51.188  -8.928  11.084 0.0000000000
51532  -52.505  -9.365  11.857 0.0000000000
52354  -54.175  -9.159  12.305 0.0000000000
52366  -53.281  -8.764  11.617 0.0000000000
53259  -53.670  -8.065  11.131 0.0000000000
53260  -54.497  -7.645  10.909 0.0000000000
53261  -55.374  -7.470  10.997 0.0000000000
54133  -54.194  -7.031  10.153 0.0000000000
101249  -55.235  -7.044  10.294 0.0000000000
54144  -52.944  -6.397  9.576 0.0000000000
55135  -51.622  -5.865  9.055 0.0000000000
22865  -20.061  -39.015  47.989 0.0000000000
116141  -22.974  -33.369  49.025 0.0000000000
96428  -22.595  -34.070  47.916 0.0000000000
97659  -22.807  -34.200  48.773 0.0000000000
96806  -22.580  -34.622  51.585 0.0000000000
96928  -22.340  -35.076  49.910 0.0000000000
94699  -21.936  -35.671  49.605 0.0000000000
97391  -21.997  -35.617  50.333 0.0000000000
105126  -22.802  -33.411  54.406 0.0000000000
23777  -20.979  -36.873  53.195 0.0000000000
96840  -21.477  -36.113  52.806 0.0000000000
23785  -21.174  -37.240  50.880 0.0000000000
23788  -20.844  -37.986  50.413 0.0000000000
23784  -20.706  -37.981  51.645 0.0000000000
21924  -20.431  -39.131  52.374 0.0000000000
21929  -20.060  -39.316  51.837 0.0000000000
21934  -19.514  -40.085  50.533 0.0000000000
21928  -19.695  -39.996  51.479 0.0000000000
21029  -19.681  -40.529  51.606 0.0000000000
21028  -22.769  -39.823  52.086 0.0000000000
44583  -51.908  -16.494  36.130 0.0000000000
43558  -51.798  -17.109  35.261 0.0000000000
39513  -47.539  -21.606  37.042 0.0000000000
40536  -47.701  -20.600  37.445 0.0000000000
41565  -48.439  -19.938  35.607 0.0000000000
113768  -48.324  -19.821  36.289 0.0000000000
41556  -48.743  -19.368  36.154 0.0000000000
112849  -48.963  -18.923  36.809 0.0000000000
41566  -49.169  -19.587  35.329 0.0000000000
41610  -47.190  -19.857  31.698 0.0000000000
40605  -47.823  -20.182  33.047 0.0000000000
41598  -47.541  -19.977  32.376 0.0000000000
41587  -49.274  -19.880  33.612 0.0000000000
41577  -50.270  -19.334  34.324 0.0000000000
41567  -50.076  -19.294  35.100 0.0000000000
42544  -50.728  -18.804  34.781 0.0000000000
42550  -50.707  -18.773  33.809 0.0000000000
43580  -50.705  -17.972  32.217 0.0000000000
42551  -51.263  -18.078  33.810 0.0000000000
43573  -51.634  -17.420  33.433 0.0000000000
117745  -51.927  -17.163  33.977 0.0000000000
43581  -51.324  -17.357  32.489 0.0000000000
44638  -49.945  -16.660  30.025 0.0000000000
105372  -49.715  -16.241  29.271 0.0000000000
44661  -49.491  -16.012  28.551 0.0000000000
105810  -48.792  -16.212  28.163 0.0000000000
43627  -46.328  -17.414  27.408 0.0000000000
111862  -46.127  -16.002  25.500 0.0000000000
102582  -47.368  -16.035  26.370 0.0000000000
44695  -47.018  -15.873  25.505 0.0000000000
45676  -47.758  -15.919  26.045 0.0000000000
44743  -44.732  -16.901  22.884 0.0000000000
43694  -45.374  -17.441  22.157 0.0000000000
43710  -44.278  -18.032  21.290 0.0000000000
43644  -41.115  -17.621  25.572 0.0000000000
114834  -40.908  -17.498  25.059 0.0000000000
43672  -41.349  -17.039  23.605 0.0000000000
43690  -41.240  -17.175  22.797 0.0000000000
43708  -41.441  -17.606  21.940 0.0000000000
42714  -41.722  -18.384  21.111 0.0000000000
43709  -42.314  -17.878  21.701 0.0000000000
42733  -43.944  -18.356  19.728 0.0000000000
35296  -26.856  -25.825  43.561 0.0000000000
35297  -27.571  -25.624  43.503 0.0000000000
35278  -28.835  -25.358  45.826 0.0000000000
35280  -31.248  -25.751  45.428 0.0000000000
35279  -30.385  -25.674  45.275 0.0000000000
99731  -30.829  -25.966  35.018 0.0000000000
34338  -30.669  -25.970  35.799 0.0000000000
97685  -30.874  -25.983  37.016 0.0000000000
104864  -31.526  -26.111  37.224 0.0000000000
34301  -33.056  -26.784  37.974 0.0000000000
34300  -32.426  -26.379  38.359 0.0000000000
34290  -33.283  -26.811  39.369 0.0000000000
34281  -33.273  -26.680  40.125 0.0000000000
33269  -33.873  -27.064  39.930 0.0000000000
100771  -35.824  -28.067  35.406 0.0000000000
33343  -35.021  -27.616  34.097 0.0000000000
33323  -35.098  -27.793  35.056 0.0000000000
32312  -35.261  -27.885  35.796 0.0000000000
115843  -38.145  -29.186  37.480 0.0000000000
109065  -37.641  -28.958  37.567 0.0000000000
32280  -35.858  -28.313  37.880 0.0000000000
32279  -35.031  -27.871  37.534 0.0000000000
102673  -34.384  -27.521  38.039 0.0000000000
32264  -35.106  -27.852  38.410 0.0000000000
98411  -35.038  -27.695  39.909 0.0000000000
33258  -35.450  -27.718  40.453 0.0000000000
33257  -34.549  -27.375  40.496 0.0000000000
33246  -36.345  -27.533  41.668 0.0000000000
32196  -37.988  -27.604  42.283 0.0000000000
103241  -40.206  -28.636  42.284 0.0000000000
32198  -39.708  -28.071  42.942 0.0000000000
31229  -45.240  -29.179  40.056 0.0000000000
100925  -21.310  -34.065  43.367 0.0000000000
27772  -21.466  -33.767  42.575 0.0000000000
29499  -23.549  -31.574  40.334 0.0000000000
29513  -23.363  -31.682  39.222 0.0000000000
28625  -22.998  -32.122  41.656 0.0000000000
28640  -22.999  -32.239  40.739 0.0000000000
114552  -21.945  -33.149  40.909 0.0000000000
28593  -22.546  -32.603  43.886 0.0000000000
27758  -22.096  -33.177  44.387 0.0000000000
28577  -22.635  -32.717  45.990 0.0000000000
45613  -54.290  -15.040  32.981 0.0000000000
44787  -45.827  -16.344  19.101 0.0000000000
44788  -46.458  -16.594  19.542 0.0000000000
45751  -47.255  -16.046  19.670 0.0000000000
45740  -49.211  -14.819  20.515 0.0000000000
106387  -48.874  -15.397  20.834 0.0000000000
46796  -49.900  -14.828  21.847 0.0000000000
46809  -50.416  -14.201  21.547 0.0000000000
48717  -49.809  -12.519  19.486 0.0000000000
47767  -49.139  -12.889  19.287 0.0000000000
47736  -52.105  -13.052  22.218 0.0000000000
47735  -51.451  -13.420  21.753 0.0000000000
47720  -52.268  -13.188  23.182 0.0000000000
47719  -51.606  -13.680  22.770 0.0000000000
47696  -53.136  -13.139  24.664 0.0000000000
112553  -54.930  -11.753  24.414 0.0000000000
48654  -54.963  -12.230  25.197 0.0000000000
49601  -56.023  -12.078  25.261 0.0000000000
113486  -52.225  -10.446  17.540 0.0000000000
51460  -52.783  -9.601  18.452 0.0000000000
51453  -53.899  -8.940  20.272 0.0000000000
108844  -52.882  -9.370  19.691 0.0000000000
51439  -53.209  -9.489  20.221 0.0000000000
50618  -53.094  -10.376  20.611 0.0000000000
50619  -53.930  -9.854  20.865 0.0000000000
54147  -55.681  -6.402  9.629 0.0000000000
55139  -56.680  -6.214  9.794 0.0000000000
55151  -55.531  -5.105  8.414 0.0000000000
113749  -56.936  -5.556  9.306 0.0000000000
56169  -57.296  -4.827  9.014 0.0000000000
101799  -58.259  -4.722  9.223 0.0000000000
56194  -53.210  -5.338  7.386 0.0000000000
56195  -54.156  -5.303  7.566 0.0000000000
57194  -56.597  -3.592  7.669 0.0000000000
58080  -56.858  -3.427  8.017 0.0000000000
57185  -57.450  -3.420  8.380 0.0000000000
57187  -59.098  -2.810  8.594 0.0000000000
58082  -58.511  -2.347  7.909 0.0000000000
58948  -58.900  -2.060  6.775 0.0000000000
58942  -58.698  -2.203  7.302 0.0000000000
58943  -59.797  -1.533  6.938 0.0000000000
59863  -60.656  -1.184  7.043 0.0000000000
58949  -59.534  -1.673  6.356 0.0000000000
55190  -57.361  -5.972  4.699 0.0000000000
100127  -56.615  -6.007  4.917 0.0000000000
55189  -55.908  -6.405  4.699 0.0000000000
55180  -57.045  -5.198  5.448 0.0000000000
56223  -57.740  -4.400  5.635 0.0000000000
58112  -60.032  -2.300  5.147 0.0000000000
59885  -61.066  -0.942  6.068 0.0000000000
58958  -61.287  -0.988  5.488 0.0000000000
56243  -61.707  -4.428  3.190 0.0000000000
56251  -62.565  -4.364  2.343 0.0000000000
36419  -42.384  -24.910  31.744 0.0000000000
36436  -42.465  -24.470  30.975 0.0000000000
34442  -39.898  -26.024  30.568 0.0000000000
35431  -40.534  -25.831  31.023 0.0000000000
35433  -41.774  -25.421  31.896 0.0000000000
44745  -46.725  -17.055  22.784 0.0000000000
44760  -47.550  -16.787  22.399 0.0000000000
44761  -47.808  -16.671  21.409 0.0000000000
53251  -56.187  -7.880  12.059 0.0000000000
53252  -56.854  -7.919  12.377 0.0000000000
54106  -59.293  -5.950  13.226 0.0000000000
55109  -59.338  -6.103  12.295 0.0000000000
117053  -59.805  -5.592  12.270 0.0000000000
55124  -58.398  -5.793  10.507 0.0000000000
26764  -20.659  -34.691  43.373 0.0000000000
26753  -20.550  -35.014  44.084 0.0000000000
25708  -21.129  -34.774  45.720 0.0000000000
25700  -21.234  -34.943  46.409 0.0000000000
41640  -44.162  -19.567  29.228 0.0000000000
42605  -44.108  -19.038  28.668 0.0000000000
42624  -44.786  -18.425  27.899 0.0000000000
101315  -32.500  -26.144  43.009 0.0000000000
34244  -34.297  -26.476  44.263 0.0000000000
115552  -34.392  -26.627  43.567 0.0000000000
33231  -35.269  -26.958  42.832 0.0000000000
30382  -41.244  -30.432  38.685 0.0000000000
30365  -41.558  -30.452  39.589 0.0000000000
31207  -41.328  -30.005  40.468 0.0000000000
98380  -41.170  -29.473  41.321 0.0000000000
98029  -42.035  -29.864  41.038 0.0000000000
31191  -42.814  -29.640  41.666 0.0000000000
48743  -48.934  -11.926  17.648 0.0000000000
49693  -50.276  -11.369  17.844 0.0000000000
49686  -50.880  -10.999  18.564 0.0000000000
36380  -47.231  -24.098  36.415 0.0000000000
37418  -47.685  -23.431  35.982 0.0000000000
37448  -46.510  -23.070  33.692 0.0000000000
38470  -43.980  -22.458  30.274 0.0000000000
37480  -44.164  -22.813  30.983 0.0000000000
38483  -44.156  -21.512  30.125 0.0000000000
39591  -43.924  -20.947  29.620 0.0000000000
32228  -26.330  -28.093  40.008 0.0000000000
33268  -27.058  -26.656  39.045 0.0000000000
34321  -27.873  -26.465  36.683 0.0000000000
34308  -27.729  -26.421  37.654 0.0000000000
34309  -28.375  -26.082  37.987 0.0000000000
35340  -29.782  -25.643  39.663 0.0000000000
35350  -29.793  -25.698  38.797 0.0000000000
115501  -40.478  -27.100  33.700 0.0000000000
33345  -40.739  -27.399  34.400 0.0000000000
33324  -40.791  -27.876  35.086 0.0000000000
32302  -41.553  -28.854  36.323 0.0000000000
32284  -43.688  -29.160  37.292 0.0000000000
31267  -44.282  -29.405  37.808 0.0000000000
117919  -44.392  -28.118  36.932 0.0000000000
32305  -44.338  -27.540  36.575 0.0000000000
35376  -44.482  -25.547  35.190 0.0000000000
35377  -45.320  -25.289  35.704 0.0000000000
36373  -46.641  -24.821  37.854 0.0000000000
31234  -25.576  -29.708  38.666 0.0000000000
31218  -25.947  -29.195  39.024 0.0000000000
45634  -51.827  -15.633  30.424 0.0000000000
45655  -51.145  -15.631  29.022 0.0000000000
45656  -52.288  -15.713  29.087 0.0000000000
45687  -51.956  -15.471  25.742 0.0000000000
104339  -53.156  -15.242  26.429 0.0000000000
109228  -54.419  -14.579  26.379 0.0000000000
46769  -54.027  -13.744  25.863 0.0000000000
49713  -53.345  -11.071  14.901 0.0000000000
50661  -53.679  -10.563  15.539 0.0000000000
50675  -54.020  -10.680  14.933 0.0000000000
51485  -54.648  -9.631  15.735 0.0000000000
52324  -54.962  -8.944  16.198 0.0000000000
58925  -60.994  -1.671  9.303 0.0000000000
47816  -45.474  -13.928  15.400 0.0000000000
49759  -48.866  -11.814  12.304 0.0000000000
49760  -49.609  -11.638  12.486 0.0000000000
49776  -49.195  -11.207  12.095 0.0000000000
50713  -49.882  -10.858  12.071 0.0000000000
98101  -49.676  -10.245  11.612 0.0000000000
52375  -50.752  -8.459  10.620 0.0000000000
108682  -51.481  -8.396  10.740 0.0000000000
52376  -52.048  -7.957  10.594 0.0000000000
53274  -52.688  -7.435  10.387 0.0000000000
54132  -53.287  -6.944  10.075 0.0000000000
54131  -52.575  -6.882  9.984 0.0000000000
22864  -19.544  -38.654  47.084 0.0000000000
27692  -23.212  -33.057  51.468 0.0000000000
110324  -22.779  -33.768  52.056 0.0000000000
96370  -22.391  -34.405  52.653 0.0000000000
94676  -22.624  -34.753  53.916 0.0000000000
99537  -21.483  -36.765  53.807 0.0000000000
115109  -20.815  -37.483  53.259 0.0000000000
23778  -20.694  -37.958  52.781 0.0000000000
22846  -20.773  -38.363  52.979 0.0000000000
112829  -21.209  -38.347  53.249 0.0000000000
107759  -20.933  -38.941  52.788 0.0000000000
21026  -20.577  -39.677  52.267 0.0000000000
21925  -22.668  -39.252  52.661 0.0000000000
39527  -47.955  -21.037  35.453 0.0000000000
39539  -47.896  -20.901  34.647 0.0000000000
40563  -48.168  -20.516  35.134 0.0000000000
117400  -47.603  -19.370  30.814 0.0000000000
41612  -48.889  -19.394  31.668 0.0000000000
42556  -49.494  -19.273  32.117 0.0000000000
42557  -50.253  -18.902  32.770 0.0000000000
43591  -50.464  -17.620  31.444 0.0000000000
44650  -49.298  -16.998  29.650 0.0000000000
44679  -45.481  -16.417  25.898 0.0000000000
44693  -45.439  -15.982  25.099 0.0000000000
44709  -45.472  -15.950  24.398 0.0000000000
100358  -44.820  -16.032  23.937 0.0000000000
116891  -44.959  -16.333  23.504 0.0000000000
109237  -43.742  -17.561  21.962 0.0000000000
35305  -27.700  -25.643  42.525 0.0000000000
35288  -28.429  -25.544  43.909 0.0000000000
110984  -29.476  -25.561  45.097 0.0000000000
35269  -31.685  -25.647  46.407 0.0000000000
34356  -31.594  -26.395  34.655 0.0000000000
101682  -30.926  -26.095  34.110 0.0000000000
98179  -32.036  -26.552  36.064 0.0000000000
100359  -31.971  -26.352  36.745 0.0000000000
33279  -33.682  -27.125  38.552 0.0000000000
111076  -35.853  -27.702  33.843 0.0000000000
32313  -36.388  -28.396  35.768 0.0000000000
31241  -37.909  -28.949  38.937 0.0000000000
32266  -37.382  -28.819  38.319 0.0000000000
97647  -37.183  -28.638  39.021 0.0000000000
32234  -36.210  -28.015  40.301 0.0000000000
102136  -23.885  -30.783  41.949 0.0000000000
29486  -23.470  -31.419  42.047 0.0000000000
28611  -22.530  -32.632  42.088 0.0000000000
28603  -23.028  -32.042  43.414 0.0000000000
28594  -23.044  -32.008  44.228 0.0000000000
117312  -23.193  -31.909  44.882 0.0000000000
32133  -24.936  -28.612  46.139 0.0000000000
46831  -46.035  -14.624  18.960 0.0000000000
100847  -47.136  -15.171  19.390 0.0000000000
46832  -46.636  -14.474  19.131 0.0000000000
46834  -48.127  -14.413  19.518 0.0000000000
46818  -48.913  -14.336  19.845 0.0000000000
48719  -51.412  -12.432  20.590 0.0000000000
48686  -52.809  -12.699  22.653 0.0000000000
47704  -53.535  -12.415  24.156 0.0000000000
48667  -53.420  -12.335  23.199 0.0000000000
49637  -55.420  -11.396  23.937 0.0000000000
51467  -53.408  -9.354  18.016 0.0000000000
51461  -53.140  -9.071  18.973 0.0000000000
102427  -55.141  -6.003  9.211 0.0000000000
55150  -54.752  -5.406  8.425 0.0000000000
56182  -54.481  -5.345  8.089 0.0000000000
57199  -55.800  -4.009  7.505 0.0000000000
58090  -57.955  -2.934  7.585 0.0000000000
58089  -57.331  -3.376  7.392 0.0000000000
57201  -57.432  -3.456  6.891 0.0000000000
58104  -58.246  -3.139  6.641 0.0000000000
107726  -56.947  -6.803  3.337 0.0000000000
54202  -57.549  -6.480  3.876 0.0000000000
99057  -58.183  -5.826  4.482 0.0000000000
112859  -58.620  -5.170  4.848 0.0000000000
56230  -58.523  -4.463  5.265 0.0000000000
57223  -60.205  -3.085  4.671 0.0000000000
58113  -60.748  -2.316  4.561 0.0000000000
58119  -61.339  -2.355  3.808 0.0000000000
112486  -62.598  -5.032  1.672 0.0000000000
36403  -45.295  -24.071  33.944 0.0000000000
37467  -43.655  -23.640  31.320 0.0000000000
36437  -43.016  -23.901  30.968 0.0000000000
37499  -43.323  -23.062  29.798 0.0000000000
33302  -27.294  -27.029  36.282 0.0000000000
34336  -28.459  -26.304  35.790 0.0000000000
105957  -38.367  -26.642  31.097 0.0000000000
33397  -38.996  -26.733  31.640 0.0000000000
34405  -40.296  -26.548  32.405 0.0000000000
33369  -41.090  -26.822  33.849 0.0000000000
33347  -41.985  -26.923  34.810 0.0000000000
34341  -42.756  -26.802  35.121 0.0000000000
34359  -42.499  -26.433  34.398 0.0000000000
34360  -43.229  -26.250  34.704 0.0000000000
35398  -42.656  -25.563  33.326 0.0000000000
35387  -43.725  -25.561  34.424 0.0000000000
35400  -43.879  -24.949  33.936 0.0000000000
44682  -49.096  -16.067  26.721 0.0000000000
105405  -49.294  -16.359  25.774 0.0000000000
44697  -50.146  -16.341  26.033 0.0000000000
44713  -49.770  -16.352  25.137 0.0000000000
44727  -48.265  -16.457  23.875 0.0000000000
45692  -49.441  -16.325  24.347 0.0000000000
45685  -50.649  -16.109  25.171 0.0000000000
116098  -50.651  -15.297  24.053 0.0000000000
45704  -50.934  -14.807  23.746 0.0000000000
51509  -55.328  -9.545  13.624 0.0000000000
51499  -55.407  -9.494  14.485 0.0000000000
53234  -56.916  -7.754  14.934 0.0000000000
53242  -57.099  -8.018  13.935 0.0000000000
54086  -57.931  -5.920  16.110 0.0000000000
55111  -60.212  -5.059  12.374 0.0000000000
56170  -59.878  -4.435  9.613 0.0000000000
24760  -19.575  -36.062  44.933 0.0000000000
24749  -19.871  -36.190  45.808 0.0000000000
24738  -20.341  -36.297  46.667 0.0000000000
117871  -20.625  -36.661  47.371 0.0000000000
40603  -46.466  -20.465  32.295 0.0000000000
40619  -46.311  -20.054  31.806 0.0000000000
41621  -46.510  -19.426  30.486 0.0000000000
42576  -47.510  -18.819  29.765 0.0000000000
43608  -47.997  -18.033  28.963 0.0000000000
43618  -46.725  -17.965  28.080 0.0000000000
43637  -45.030  -17.232  26.566 0.0000000000
44691  -43.941  -16.480  24.845 0.0000000000
35308  -30.272  -25.675  43.142 0.0000000000
98322  -29.930  -25.693  43.868 0.0000000000
98321  -30.642  -25.772  43.942 0.0000000000
113917  -31.615  -25.825  44.802 0.0000000000
35301  -32.303  -25.982  43.771 0.0000000000
35292  -32.200  -25.920  44.542 0.0000000000
35282  -33.164  -25.837  45.819 0.0000000000
108645  -31.768  -26.523  33.780 0.0000000000
33321  -33.673  -27.311  35.717 0.0000000000
31302  -38.426  -28.953  36.029 0.0000000000
32300  -37.583  -28.809  36.141 0.0000000000
31261  -38.644  -29.397  37.402 0.0000000000
30381  -40.401  -30.172  38.633 0.0000000000
30380  -39.565  -29.822  38.714 0.0000000000
31242  -38.720  -29.426  38.817 0.0000000000
31205  -39.019  -29.096  40.251 0.0000000000
111083  -38.804  -28.531  41.069 0.0000000000
32220  -41.019  -28.878  42.285 0.0000000000
103230  -41.131  -28.624  43.244 0.0000000000
30330  -24.202  -30.403  41.448 0.0000000000
30306  -23.937  -30.880  43.554 0.0000000000
31146  -24.876  -28.939  44.403 0.0000000000
31132  -24.876  -28.964  45.290 0.0000000000
115337  -46.838  -13.426  18.269 0.0000000000
47765  -47.729  -13.207  18.761 0.0000000000
48726  -48.028  -12.823  18.491 0.0000000000
48728  -49.177  -12.246  18.971 0.0000000000
49684  -49.322  -11.883  18.726 0.0000000000
49676  -50.217  -11.802  19.375 0.0000000000
49668  -50.956  -11.865  20.080 0.0000000000
98978  -51.704  -11.556  20.400 0.0000000000
49669  -53.068  -11.200  20.877 0.0000000000
55168  -51.821  -6.218  6.468 0.0000000000
99597  -56.812  -6.847  2.647 0.0000000000
55201  -59.370  -6.073  3.710 0.0000000000
117346  -60.429  -5.001  3.955 0.0000000000
101172  -60.242  -5.738  3.629 0.0000000000
55212  -60.801  -6.162  2.984 0.0000000000
107727  -59.301  -7.108  2.309 0.0000000000
54242  -60.295  -7.029  2.230 0.0000000000
116796  -22.147  -33.345  46.008 0.0000000000
27740  -21.971  -33.864  46.384 0.0000000000
27728  -22.651  -33.324  47.452 0.0000000000
102106  -22.841  -33.332  48.287 0.0000000000
29386  -23.553  -31.310  52.233 0.0000000000
38406  -47.966  -21.789  36.024 0.0000000000
38416  -48.255  -21.904  35.248 0.0000000000
38429  -48.085  -21.447  34.779 0.0000000000
37447  -45.722  -23.481  33.470 0.0000000000
38440  -46.077  -22.738  33.023 0.0000000000
38452  -45.745  -22.388  32.340 0.0000000000
38453  -46.375  -21.884  32.568 0.0000000000
39560  -46.276  -20.910  32.332 0.0000000000
40618  -45.793  -20.383  31.695 0.0000000000
115434  -44.750  -19.963  30.245 0.0000000000
117196  -44.074  -20.114  29.808 0.0000000000
41629  -44.086  -19.770  29.395 0.0000000000
102266  -43.688  -19.470  28.814 0.0000000000
41652  -43.059  -19.323  28.319 0.0000000000
34259  -27.141  -25.887  42.124 0.0000000000
102218  -26.796  -26.579  41.071 0.0000000000
35306  -28.470  -25.554  42.093 0.0000000000
113436  -26.845  -27.404  37.855 0.0000000000
34296  -27.711  -26.243  38.646 0.0000000000
34279  -27.946  -25.793  40.130 0.0000000000
118084  -28.944  -25.583  41.021 0.0000000000
35320  -31.146  -25.789  41.752 0.0000000000
99067  -31.144  -25.812  41.145 0.0000000000
34269  -32.567  -26.187  41.606 0.0000000000
33393  -35.551  -27.124  31.885 0.0000000000
111333  -35.724  -27.359  32.659 0.0000000000
33383  -38.002  -27.335  32.473 0.0000000000
32350  -38.394  -27.919  33.789 0.0000000000
32335  -38.173  -28.367  34.569 0.0000000000
31303  -39.278  -29.018  35.953 0.0000000000
31285  -39.787  -29.400  36.579 0.0000000000
31287  -41.229  -29.503  36.790 0.0000000000
31264  -41.208  -29.983  37.467 0.0000000000
30402  -41.667  -30.300  38.030 0.0000000000
30367  -43.010  -30.503  39.136 0.0000000000
31227  -43.405  -30.226  39.763 0.0000000000
31209  -43.866  -29.880  40.529 0.0000000000
31228  -44.399  -29.701  39.742 0.0000000000
32267  -44.976  -29.104  38.148 0.0000000000
32253  -45.721  -28.661  39.773 0.0000000000
32269  -46.316  -28.035  39.349 0.0000000000
34326  -43.874  -26.962  36.020 0.0000000000
33308  -45.135  -27.173  36.797 0.0000000000
35367  -44.913  -25.934  35.995 0.0000000000
33294  -46.356  -27.023  37.895 0.0000000000
30357  -24.642  -30.524  38.938 0.0000000000
31217  -25.506  -29.614  39.437 0.0000000000
31200  -25.402  -29.403  40.281 0.0000000000
33241  -25.794  -27.875  42.162 0.0000000000
45612  -53.286  -15.379  32.839 0.0000000000
99966  -52.576  -15.410  30.863 0.0000000000
100506  -53.234  -15.254  31.237 0.0000000000
101281  -54.008  -15.084  31.218 0.0000000000
98147  -51.735  -15.917  28.231 0.0000000000
99249  -52.727  -15.921  28.032 0.0000000000
114273  -54.058  -15.634  29.141 0.0000000000
45645  -54.967  -15.359  29.102 0.0000000000
46752  -55.713  -14.730  27.515 0.0000000000
49710  -51.300  -11.785  15.833 0.0000000000
49702  -51.401  -11.372  16.608 0.0000000000
50650  -52.610  -10.696  16.745 0.0000000000
102958  -53.668  -9.653  17.020 0.0000000000
52300  -53.840  -8.738  18.436 0.0000000000
52293  -54.351  -8.156  18.856 0.0000000000
53198  -55.083  -7.570  18.985 0.0000000000
51486  -55.224  -9.246  15.336 0.0000000000
52311  -55.395  -8.335  16.722 0.0000000000
53209  -55.467  -7.441  18.141 0.0000000000
21034  -18.755  -41.400  51.045 0.0000000000
43739  -45.184  -17.716  19.347 0.0000000000
43758  -45.207  -16.982  18.821 0.0000000000
45764  -45.104  -16.029  18.647 0.0000000000
107373  -45.046  -15.061  18.502 0.0000000000
46845  -45.508  -14.399  18.562 0.0000000000
47774  -45.863  -13.910  18.405 0.0000000000
47786  -44.610  -14.023  17.306 0.0000000000
47788  -46.043  -13.574  17.896 0.0000000000
48740  -46.851  -13.103  17.525 0.0000000000
48750  -47.333  -12.870  16.834 0.0000000000
47818  -47.138  -13.350  16.104 0.0000000000
117252  -48.016  -12.749  16.826 0.0000000000
97876  -48.619  -12.803  16.294 0.0000000000
48768  -49.349  -12.794  15.738 0.0000000000
99573  -50.067  -12.784  15.151 0.0000000000
47832  -48.961  -13.347  14.398 0.0000000000
48769  -50.735  -12.295  15.405 0.0000000000
48770  -51.343  -12.073  14.918 0.0000000000
48789  -51.309  -12.113  14.234 0.0000000000
49733  -51.893  -11.816  14.364 0.0000000000
49751  -50.764  -11.929  13.313 0.0000000000
49752  -51.552  -11.778  13.607 0.0000000000
49753  -52.415  -11.481  13.791 0.0000000000
49754  -53.211  -11.191  14.016 0.0000000000
50690  -53.669  -10.639  13.598 0.0000000000
51529  -49.060  -9.915  11.255 0.0000000000
102799  -50.772  -9.520  11.461 0.0000000000
50715  -51.160  -9.981  12.016 0.0000000000
51519  -51.973  -9.885  12.211 0.0000000000
51520  -52.666  -9.833  12.457 0.0000000000
51507  -54.086  -9.893  13.094 0.0000000000
100412  -55.069  -8.787  12.277 0.0000000000
109007  -56.028  -7.527  11.342 0.0000000000
54119  -56.509  -7.081  11.004 0.0000000000
54134  -56.988  -6.621  10.599 0.0000000000
54146  -54.715  -6.447  9.599 0.0000000000
55137  -53.370  -5.885  9.088 0.0000000000
55147  -51.973  -5.430  8.179 0.0000000000
115770  -50.520  -5.198  8.030 0.0000000000
56179  -51.129  -5.144  7.635 0.0000000000
97393  -22.039  -34.605  47.639 0.0000000000
111739  -22.738  -34.559  49.484 0.0000000000
94697  -22.384  -35.053  48.992 0.0000000000
96861  -21.809  -35.148  48.239 0.0000000000
24728  -21.360  -35.846  48.100 0.0000000000
23792  -21.476  -36.554  48.730 0.0000000000
28533  -22.758  -32.521  54.444 0.0000000000
27679  -22.575  -33.331  54.083 0.0000000000
94682  -21.974  -35.225  52.658 0.0000000000
99475  -21.943  -35.731  53.603 0.0000000000
94680  -21.800  -35.822  52.126 0.0000000000
94688  -21.810  -35.899  51.210 0.0000000000
24722  -21.662  -36.376  50.299 0.0000000000
23791  -21.071  -37.335  48.571 0.0000000000
100068  -20.849  -38.052  49.278 0.0000000000
22852  -20.408  -38.698  51.205 0.0000000000
20142  -19.252  -41.243  51.308 0.0000000000
20143  -19.862  -41.191  51.486 0.0000000000
20144  -20.943  -41.201  51.424 0.0000000000
21031  -21.169  -40.391  52.006 0.0000000000
44584  -52.747  -15.900  36.170 0.0000000000
44593  -52.753  -15.979  34.990 0.0000000000
40535  -47.702  -20.402  38.567 0.0000000000
100013  -48.040  -20.101  36.841 0.0000000000
40604  -47.094  -20.383  32.776 0.0000000000
111649  -48.015  -20.282  33.663 0.0000000000
41586  -48.609  -20.020  33.997 0.0000000000
41599  -48.604  -19.810  32.395 0.0000000000
42545  -51.178  -18.310  34.407 0.0000000000
43568  -52.176  -16.740  34.509 0.0000000000
44619  -51.841  -16.620  32.738 0.0000000000
44640  -51.344  -16.111  30.811 0.0000000000
44628  -50.847  -16.828  31.167 0.0000000000
102926  -50.661  -16.399  30.374 0.0000000000
44662  -50.121  -15.771  28.963 0.0000000000
44660  -48.386  -17.100  28.526 0.0000000000
44659  -48.050  -16.674  27.808 0.0000000000
44668  -46.832  -16.563  26.883 0.0000000000
44670  -48.501  -16.100  27.474 0.0000000000
45665  -48.802  -15.973  27.341 0.0000000000
105805  -47.459  -16.020  24.968 0.0000000000
100899  -46.895  -16.343  24.040 0.0000000000
44710  -46.169  -16.041  24.258 0.0000000000
44725  -46.354  -16.483  23.594 0.0000000000
43711  -45.879  -17.588  21.336 0.0000000000
105720  -44.842  -18.102  20.240 0.0000000000
42621  -42.117  -18.775  27.022 0.0000000000
43645  -41.855  -17.412  25.419 0.0000000000
44706  -42.265  -16.930  24.621 0.0000000000
44721  -42.539  -16.704  23.752 0.0000000000
44741  -42.738  -16.775  22.985 0.0000000000
43707  -40.757  -17.710  22.083 0.0000000000
43692  -42.937  -17.278  22.255 0.0000000000
42716  -43.312  -18.099  21.337 0.0000000000
42731  -42.095  -18.699  20.017 0.0000000000
115735  -42.735  -18.640  20.131 0.0000000000
42717  -43.974  -18.327  20.591 0.0000000000
112178  -44.506  -18.094  19.364 0.0000000000
115537  -26.454  -26.263  43.607 0.0000000000
35287  -26.960  -25.621  44.415 0.0000000000
113140  -27.708  -25.502  44.351 0.0000000000
35290  -30.121  -25.658  44.525 0.0000000000
118194  -28.510  -26.181  34.985 0.0000000000
34337  -29.369  -26.071  35.945 0.0000000000
34323  -29.671  -26.002  36.624 0.0000000000
34311  -30.169  -25.919  37.216 0.0000000000
34312  -30.885  -25.843  37.769 0.0000000000
34299  -31.830  -26.021  38.906 0.0000000000
114171  -32.136  -26.120  39.575 0.0000000000
99080  -32.677  -26.406  39.871 0.0000000000
33363  -33.820  -27.218  33.268 0.0000000000
104138  -34.198  -27.424  33.890 0.0000000000
114851  -36.814  -28.608  36.238 0.0000000000
116062  -36.330  -28.450  36.273 0.0000000000
32281  -36.815  -28.659  37.708 0.0000000000
32299  -36.337  -28.460  36.911 0.0000000000
32297  -34.949  -27.822  36.575 0.0000000000
33305  -34.084  -27.456  36.455 0.0000000000
33271  -35.092  -27.779  39.233 0.0000000000
33244  -34.218  -26.989  41.447 0.0000000000
33230  -34.778  -26.976  42.195 0.0000000000
33232  -36.386  -27.299  42.673 0.0000000000
33223  -36.669  -27.253  43.744 0.0000000000
103193  -38.857  -27.954  41.994 0.0000000000
32197  -38.775  -27.751  42.832 0.0000000000
27757  -21.716  -33.798  44.800 0.0000000000
27780  -21.457  -33.559  41.193 0.0000000000
102699  -21.603  -33.546  41.921 0.0000000000
27773  -22.064  -33.203  42.439 0.0000000000
96789  -24.624  -29.945  46.502 0.0000000000
43741  -46.259  -17.188  19.877 0.0000000000
44762  -48.391  -16.167  21.636 0.0000000000
45738  -47.895  -15.815  20.145 0.0000000000
44777  -48.338  -16.003  20.830 0.0000000000
45727  -48.865  -15.697  21.490 0.0000000000
45717  -49.968  -15.208  22.803 0.0000000000
112908  -50.579  -14.858  23.090 0.0000000000
46784  -51.472  -14.144  23.596 0.0000000000
47766  -48.432  -13.491  19.233 0.0000000000
47752  -49.248  -13.662  19.625 0.0000000000
46819  -49.603  -14.086  20.214 0.0000000000
47755  -51.125  -13.142  20.939 0.0000000000
47754  -50.379  -13.686  20.689 0.0000000000
47718  -50.961  -13.974  22.152 0.0000000000
98052  -51.928  -13.943  24.174 0.0000000000
100907  -53.719  -13.201  25.376 0.0000000000
47689  -54.397  -12.939  25.647 0.0000000000
50642  -51.554  -10.634  17.977 0.0000000000
50632  -51.497  -10.493  18.800 0.0000000000
51451  -52.451  -9.640  19.271 0.0000000000
50628  -51.835  -10.230  19.423 0.0000000000
50605  -54.601  -10.670  21.464 0.0000000000
49659  -54.213  -11.551  21.886 0.0000000000
55123  -57.527  -6.124  10.203 0.0000000000
104984  -59.106  -4.339  9.226 0.0000000000
56183  -55.412  -4.793  8.065 0.0000000000
56197  -55.506  -4.479  7.939 0.0000000000
56184  -56.669  -4.003  8.395 0.0000000000
108265  -58.835  -3.503  8.903 0.0000000000
57178  -59.667  -3.649  9.173 0.0000000000
58076  -60.324  -2.774  8.984 0.0000000000
58084  -60.400  -1.844  8.487 0.0000000000
58091  -58.302  -2.544  7.623 0.0000000000
58933  -59.242  -1.893  7.453 0.0000000000
58934  -60.842  -1.283  8.417 0.0000000000
59855  -61.111  -1.065  7.863 0.0000000000
114912  -57.065  -4.271  5.929 0.0000000000
57211  -57.576  -3.733  6.277 0.0000000000
58105  -58.757  -2.525  6.261 0.0000000000
57213  -58.956  -2.906  5.668 0.0000000000
58106  -59.341  -2.182  5.796 0.0000000000
58956  -59.706  -1.562  6.179 0.0000000000
59873  -60.336  -1.211  6.159 0.0000000000
57242  -62.930  -3.232  1.693 0.0000000000
21041  -18.214  -41.513  50.653 0.0000000000
22841  -20.848  -37.814  53.439 0.0000000000
22842  -21.003  -37.849  53.628 0.0000000000
23775  -20.990  -37.276  53.727 0.0000000000
24727  -21.021  -36.607  47.985 0.0000000000
26723  -21.805  -34.537  46.805 0.0000000000
26775  -20.816  -34.348  42.591 0.0000000000
27683  -22.467  -33.697  53.273 0.0000000000
28534  -22.792  -32.049  53.689 0.0000000000
28546  -23.358  -32.238  51.821 0.0000000000
34379  -31.301  -26.289  33.332 0.0000000000
35352  -31.232  -25.860  38.467 0.0000000000
39559  -45.922  -21.560  32.117 0.0000000000
40642  -44.470  -19.970  30.046 0.0000000000
43712  -46.566  -17.415  21.283 0.0000000000
43757  -44.562  -17.627  18.783 0.0000000000
44696  -47.901  -16.043  25.445 0.0000000000
44711  -47.507  -16.332  24.378 0.0000000000
44726  -47.195  -16.700  23.316 0.0000000000
44775  -46.855  -16.866  20.128 0.0000000000
45668  -53.675  -15.679  27.645 0.0000000000
45694  -50.987  -15.301  24.555 0.0000000000
45716  -49.359  -15.427  22.112 0.0000000000
45739  -48.478  -15.192  20.172 0.0000000000
45749  -45.640  -15.283  18.887 0.0000000000
46759  -53.571  -14.622  26.099 0.0000000000
46774  -51.512  -14.585  24.275 0.0000000000
46797  -50.495  -14.599  22.389 0.0000000000
47703  -52.426  -13.414  24.016 0.0000000000
47776  -47.257  -13.331  18.533 0.0000000000
47848  -48.519  -13.406  13.762 0.0000000000
48668  -53.888  -11.955  23.690 0.0000000000
48788  -50.662  -12.469  14.483 0.0000000000
49649  -55.259  -11.231  23.024 0.0000000000
49712  -52.655  -11.398  15.320 0.0000000000
50662  -54.369  -10.295  15.321 0.0000000000
51541  -49.456  -9.200  10.892 0.0000000000
56168  -56.367  -4.891  8.664 0.0000000000
56222  -56.401  -4.566  6.037 0.0000000000
56232  -60.377  -3.823  4.418 0.0000000000
57177  -58.221  -3.851  8.861 0.0000000000
57221  -59.116  -3.736  5.310 0.0000000000
58081  -57.718  -2.889  7.958 0.0000000000
58096  -58.148  -3.019  7.197 0.0000000000
58097  -58.681  -2.427  6.767 0.0000000000
58957  -60.483  -1.224  5.887 0.0000000000
59862  -60.268  -1.293  6.463 0.0000000000
94671  -22.400  -35.431  53.728 0.0000000000
94689  -22.977  -33.882  49.594 0.0000000000
96330  -23.056  -33.803  51.051 0.0000000000
97509  -21.400  -36.607  53.660 0.0000000000
97511  -22.435  -33.901  54.005 0.0000000000
98196  -21.428  -36.440  52.182 0.0000000000
98404  -22.230  -35.813  53.711 0.0000000000
102914  -59.133  -1.854  6.893 0.0000000000
104013  -48.659  -16.151  23.198 0.0000000000
107601  -23.805  -30.242  52.311 0.0000000000
108453  -32.993  -26.716  38.681 0.0000000000
111669  -30.393  -25.700  39.176 0.0000000000
112082  -55.812  -8.505  12.285 0.0000000000
112586  -22.113  -35.345  51.652 0.0000000000
115965  -48.385  -12.144  17.965 0.0000000000
116650  -35.784  -27.123  42.733 0.0000000000
