#!ascii label  , from subject sub-v1s20x0050307_ses-1 vox2ras=TkReg
353
16471  49.963  -48.434  3.101 0.0000000000
12068  47.104  -53.956  2.302 0.0000000000
12002  48.305  -53.162  7.079 0.0000000000
13812  54.379  -51.911  4.653 0.0000000000
7916  49.631  -58.138  7.245 0.0000000000
10253  49.304  -55.448  9.181 0.0000000000
123130  46.890  -58.867  5.555 0.0000000000
12909  50.730  -52.923  3.413 0.0000000000
14778  52.453  -50.392  0.723 0.0000000000
106805  50.333  -50.626  5.843 0.0000000000
13775  52.492  -51.953  7.593 0.0000000000
11163  52.790  -54.447  7.491 0.0000000000
10304  49.548  -55.788  5.263 0.0000000000
7993  50.617  -58.310  2.649 0.0000000000
16534  46.409  -47.381  0.674 0.0000000000
14739  47.113  -50.272  2.671 0.0000000000
12911  46.140  -52.026  3.872 0.0000000000
15587  55.776  -49.668  1.569 0.0000000000
8672  46.415  -57.711  6.509 0.0000000000
12066  48.935  -53.322  3.155 0.0000000000
108747  50.036  -51.680  1.856 0.0000000000
13791  48.851  -51.813  6.326 0.0000000000
12845  50.241  -52.247  7.665 0.0000000000
8616  50.410  -57.089  8.996 0.0000000000
11135  52.091  -54.850  9.211 0.0000000000
9432  51.351  -56.431  8.550 0.0000000000
10284  51.259  -55.414  6.684 0.0000000000
106528  50.465  -56.823  6.625 0.0000000000
9496  51.027  -57.112  2.649 0.0000000000
14766  44.311  -50.349  1.863 0.0000000000
13837  46.771  -51.420  3.554 0.0000000000
13859  44.112  -51.505  2.948 0.0000000000
14694  54.636  -50.116  5.561 0.0000000000
14735  55.213  -50.393  2.841 0.0000000000
16553  51.147  -49.068  -0.980 0.0000000000
15638  53.950  -49.323  -1.097 0.0000000000
11165  47.079  -54.464  6.865 0.0000000000
110472  48.636  -54.160  8.211 0.0000000000
10255  47.675  -55.709  8.281 0.0000000000
8636  48.127  -57.624  8.535 0.0000000000
7928  48.552  -59.084  7.102 0.0000000000
12907  52.534  -52.487  3.727 0.0000000000
14737  53.530  -51.110  2.181 0.0000000000
13855  51.648  -51.655  2.410 0.0000000000
14780  50.710  -50.547  0.467 0.0000000000
119470  47.029  -55.125  0.093 0.0000000000
15538  50.610  -49.045  4.751 0.0000000000
15522  53.318  -49.396  6.650 0.0000000000
13787  53.437  -51.769  6.685 0.0000000000
11975  51.484  -53.508  8.855 0.0000000000
12831  52.516  -53.583  8.395 0.0000000000
12000  53.306  -53.027  6.508 0.0000000000
110405  52.358  -53.922  5.585 0.0000000000
105620  49.600  -54.028  4.620 0.0000000000
11213  48.082  -54.681  3.731 0.0000000000
7958  49.935  -58.174  5.296 0.0000000000
8695  50.046  -57.574  4.170 0.0000000000
9489  49.414  -56.849  3.732 0.0000000000
112331  48.022  -55.931  1.478 0.0000000000
17468  48.136  -46.915  1.063 0.0000000000
118995  48.142  -47.840  1.907 0.0000000000
106371  46.733  -48.500  1.610 0.0000000000
15563  48.263  -49.368  2.684 0.0000000000
123178  48.684  -50.556  4.282 0.0000000000
13813  48.209  -51.356  4.990 0.0000000000
12867  47.444  -52.392  5.691 0.0000000000
12043  45.264  -53.582  4.635 0.0000000000
11180  46.233  -54.188  5.578 0.0000000000
14776  54.488  -50.365  1.074 0.0000000000
16485  50.541  -47.953  2.523 0.0000000000
16510  51.390  -47.918  1.992 0.0000000000
16484  51.641  -47.898  2.994 0.0000000000
12067  47.920  -53.636  2.843 0.0000000000
12926  48.495  -52.941  2.404 0.0000000000
12855  48.602  -52.411  6.691 0.0000000000
12854  49.443  -52.041  6.874 0.0000000000
12846  49.185  -52.695  7.429 0.0000000000
8633  50.317  -57.338  8.530 0.0000000000
9417  51.064  -56.609  8.900 0.0000000000
8632  50.745  -56.966  8.422 0.0000000000
9433  50.789  -56.901  7.712 0.0000000000
8670  50.132  -57.563  6.983 0.0000000000
8729  52.211  -57.160  1.525 0.0000000000
113037  44.670  -50.810  2.418 0.0000000000
13811  54.594  -51.176  5.088 0.0000000000
14702  54.870  -50.534  4.532 0.0000000000
13831  54.629  -51.362  4.300 0.0000000000
16569  51.657  -48.590  -1.487 0.0000000000
11157  47.284  -55.004  7.664 0.0000000000
9435  46.508  -56.372  7.282 0.0000000000
7947  46.448  -58.203  5.655 0.0000000000
8656  46.839  -57.336  7.499 0.0000000000
8671  47.224  -58.419  7.195 0.0000000000
7903  48.436  -58.377  8.310 0.0000000000
7929  47.717  -59.091  6.805 0.0000000000
116554  51.573  -52.845  3.731 0.0000000000
13834  52.296  -51.931  2.991 0.0000000000
12908  51.447  -52.337  3.044 0.0000000000
14764  50.185  -51.025  1.140 0.0000000000
14782  48.980  -50.679  0.336 0.0000000000
15627  49.830  -49.622  -0.580 0.0000000000
14703  50.137  -49.886  5.191 0.0000000000
15532  50.979  -49.300  5.418 0.0000000000
14696  50.977  -50.001  5.771 0.0000000000
14685  53.696  -50.705  6.483 0.0000000000
13788  53.003  -51.319  6.988 0.0000000000
11146  48.920  -54.680  8.696 0.0000000000
11977  49.583  -53.900  8.592 0.0000000000
11145  50.720  -54.247  9.180 0.0000000000
11144  52.474  -54.626  8.856 0.0000000000
11974  52.319  -54.036  8.891 0.0000000000
11155  52.826  -54.140  8.191 0.0000000000
11989  52.974  -53.010  7.230 0.0000000000
12001  52.977  -53.710  7.199 0.0000000000
12015  53.131  -53.649  6.078 0.0000000000
11177  52.500  -54.327  6.466 0.0000000000
10303  50.439  -55.820  6.070 0.0000000000
11178  50.642  -54.941  5.930 0.0000000000
11179  49.726  -55.052  5.492 0.0000000000
11200  49.180  -54.611  4.933 0.0000000000
10322  48.849  -55.251  4.792 0.0000000000
6548  49.133  -61.116  -0.583 0.0000000000
7261  50.078  -59.109  1.983 0.0000000000
7262  49.537  -59.921  1.522 0.0000000000
7248  49.896  -59.135  2.826 0.0000000000
7975  49.982  -58.747  3.683 0.0000000000
111959  49.974  -57.561  5.039 0.0000000000
111905  50.504  -58.025  3.388 0.0000000000
126124  51.026  -56.715  2.418 0.0000000000
9497  50.151  -56.994  2.735 0.0000000000
9510  49.316  -56.671  2.039 0.0000000000
9498  48.886  -56.683  2.890 0.0000000000
110516  48.688  -56.371  1.477 0.0000000000
18451  46.933  -46.606  0.316 0.0000000000
17469  47.358  -47.069  0.927 0.0000000000
17445  48.643  -47.395  1.610 0.0000000000
17446  47.784  -47.429  1.526 0.0000000000
15590  45.641  -49.443  1.631 0.0000000000
107948  46.088  -48.853  1.448 0.0000000000
15589  46.393  -49.222  1.837 0.0000000000
16487  48.066  -48.626  2.244 0.0000000000
15564  47.566  -49.519  2.451 0.0000000000
15547  48.647  -49.670  3.219 0.0000000000
14738  47.929  -50.106  2.901 0.0000000000
13836  47.568  -51.252  3.914 0.0000000000
12885  47.202  -52.154  4.968 0.0000000000
13804  47.851  -51.806  5.365 0.0000000000
12886  46.462  -52.466  4.532 0.0000000000
117269  43.354  -53.534  3.595 0.0000000000
12044  44.405  -53.912  4.366 0.0000000000
105005  45.951  -53.718  5.082 0.0000000000
14761  52.803  -50.816  1.564 0.0000000000
14760  53.907  -50.728  1.681 0.0000000000
14777  53.385  -50.407  0.942 0.0000000000
15637  54.988  -49.206  -1.249 0.0000000000
12910  49.928  -52.959  2.956 0.0000000000
13857  49.966  -52.338  2.407 0.0000000000
13790  49.669  -51.346  6.228 0.0000000000
124592  50.940  -50.524  6.104 0.0000000000
13778  50.235  -51.674  6.992 0.0000000000
12844  51.261  -52.213  8.001 0.0000000000
9408  50.256  -56.539  9.355 0.0000000000
11137  50.400  -55.218  9.438 0.0000000000
9407  50.928  -56.504  9.218 0.0000000000
10252  51.831  -55.928  9.067 0.0000000000
10267  52.421  -54.977  8.216 0.0000000000
11164  52.142  -54.966  7.139 0.0000000000
10283  51.774  -55.653  7.639 0.0000000000
9451  51.096  -56.223  7.082 0.0000000000
8715  50.989  -57.485  2.667 0.0000000000
7992  51.450  -57.573  1.995 0.0000000000
9507  52.134  -56.840  1.603 0.0000000000
14740  46.292  -50.392  2.516 0.0000000000
14719  46.560  -50.891  2.990 0.0000000000
119258  45.884  -50.935  2.812 0.0000000000
13858  45.131  -51.342  2.932 0.0000000000
12912  45.244  -51.993  3.591 0.0000000000
15544  55.218  -49.698  3.896 0.0000000000
14758  55.548  -49.763  2.256 0.0000000000
15609  52.110  -50.041  -0.032 0.0000000000
117748  52.767  -49.691  -0.297 0.0000000000
16552  51.988  -49.173  -0.949 0.0000000000
16568  53.253  -48.811  -1.584 0.0000000000
11156  47.902  -54.049  7.566 0.0000000000
11992  48.877  -53.473  7.856 0.0000000000
11147  48.068  -54.773  8.246 0.0000000000
10254  48.500  -56.076  8.875 0.0000000000
9419  47.871  -56.699  8.513 0.0000000000
9418  48.693  -57.017  8.951 0.0000000000
8635  48.974  -57.804  8.741 0.0000000000
7902  49.148  -58.250  8.397 0.0000000000
12906  53.719  -52.325  4.175 0.0000000000
13832  54.231  -51.772  3.772 0.0000000000
13833  53.219  -51.886  3.331 0.0000000000
13854  52.726  -51.440  2.429 0.0000000000
14762  51.949  -50.668  1.171 0.0000000000
13856  50.767  -51.974  2.375 0.0000000000
14763  51.180  -50.816  1.167 0.0000000000
14779  51.586  -50.452  0.524 0.0000000000
111857  50.722  -49.620  -0.550 0.0000000000
15640  50.264  -49.048  -1.043 0.0000000000
11234  46.752  -54.736  1.083 0.0000000000
15545  50.299  -48.752  3.919 0.0000000000
16470  50.891  -48.121  3.495 0.0000000000
16460  51.150  -48.326  4.401 0.0000000000
13801  54.339  -50.920  5.918 0.0000000000
13802  54.259  -51.783  5.496 0.0000000000
12833  51.470  -52.778  8.418 0.0000000000
11957  51.762  -54.365  9.239 0.0000000000
12832  52.126  -53.167  8.509 0.0000000000
12842  52.445  -52.868  7.983 0.0000000000
13774  52.900  -52.415  7.410 0.0000000000
12865  53.743  -52.329  6.045 0.0000000000
12881  54.002  -52.492  5.085 0.0000000000
12882  53.223  -52.920  4.611 0.0000000000
12883  52.169  -53.167  4.333 0.0000000000
12884  51.019  -53.397  4.215 0.0000000000
117512  51.579  -54.829  6.317 0.0000000000
110611  50.873  -53.899  4.893 0.0000000000
12040  50.255  -53.808  4.568 0.0000000000
123321  48.939  -53.687  3.780 0.0000000000
12060  48.324  -54.022  3.678 0.0000000000
12061  47.696  -54.441  3.062 0.0000000000
7174  48.744  -59.098  6.178 0.0000000000
6531  49.095  -60.970  0.275 0.0000000000
116575  49.564  -58.605  5.495 0.0000000000
7945  49.775  -58.291  6.230 0.0000000000
8686  50.141  -57.600  5.977 0.0000000000
9467  50.073  -56.735  5.682 0.0000000000
9468  49.686  -56.907  4.665 0.0000000000
8702  50.416  -57.650  3.355 0.0000000000
9481  48.928  -56.106  4.503 0.0000000000
9490  48.644  -56.230  3.711 0.0000000000
10341  47.661  -55.249  2.779 0.0000000000
10350  47.497  -55.385  1.996 0.0000000000
10357  47.443  -55.465  1.062 0.0000000000
18470  48.736  -46.198  -0.116 0.0000000000
18449  48.455  -46.539  0.447 0.0000000000
17467  48.899  -46.967  0.956 0.0000000000
17444  49.571  -47.372  1.401 0.0000000000
16512  49.284  -47.650  1.936 0.0000000000
16486  49.584  -48.045  2.405 0.0000000000
16536  44.657  -48.458  0.493 0.0000000000
17447  46.995  -47.730  1.347 0.0000000000
16514  47.485  -48.133  1.797 0.0000000000
15562  48.976  -48.749  2.766 0.0000000000
15546  49.446  -49.186  3.533 0.0000000000
15539  49.769  -49.504  4.332 0.0000000000
14704  49.261  -50.238  4.690 0.0000000000
13835  48.188  -51.049  4.376 0.0000000000
14697  49.446  -50.746  5.398 0.0000000000
13803  48.678  -51.431  5.612 0.0000000000
12866  48.113  -52.012  6.084 0.0000000000
12856  47.826  -52.755  6.365 0.0000000000
12042  46.095  -53.109  4.808 0.0000000000
12017  47.142  -53.109  5.920 0.0000000000
12003  47.528  -53.584  6.631 0.0000000000
14736  54.410  -50.962  2.484 0.0000000000
14759  54.917  -50.563  1.958 0.0000000000
15606  55.469  -50.023  0.919 0.0000000000
15624  53.635  -49.669  -0.270 0.0000000000
15607  54.576  -49.888  0.289 0.0000000000
7918  48.865  -58.806  7.975 0.0000000000
7930  46.951  -58.738  6.301 0.0000000000
7959  49.664  -58.652  4.709 0.0000000000
8617  49.589  -57.184  9.089 0.0000000000
8634  49.719  -57.685  8.632 0.0000000000
8653  50.196  -57.543  7.892 0.0000000000
8654  49.578  -58.104  8.066 0.0000000000
8655  47.625  -58.126  8.019 0.0000000000
8714  51.721  -57.050  2.125 0.0000000000
9406  51.454  -56.135  9.262 0.0000000000
9409  49.369  -56.387  9.283 0.0000000000
9450  51.466  -56.288  7.965 0.0000000000
9488  50.106  -57.365  3.495 0.0000000000
9508  51.548  -56.653  1.960 0.0000000000
9509  50.653  -56.479  2.028 0.0000000000
10238  51.773  -55.557  9.338 0.0000000000
10239  51.008  -55.894  9.510 0.0000000000
10240  50.064  -55.922  9.531 0.0000000000
10251  52.149  -55.272  9.142 0.0000000000
10268  51.895  -55.789  8.529 0.0000000000
10269  46.970  -55.802  7.658 0.0000000000
10332  48.335  -55.377  4.017 0.0000000000
10333  47.865  -55.078  3.423 0.0000000000
10340  48.190  -55.808  3.185 0.0000000000
10349  48.222  -56.139  2.221 0.0000000000
11136  51.437  -55.057  9.484 0.0000000000
11199  50.141  -54.374  5.194 0.0000000000
11201  48.537  -54.620  4.306 0.0000000000
11217  47.309  -54.706  2.444 0.0000000000
11223  46.992  -54.685  1.815 0.0000000000
11973  52.683  -53.969  8.565 0.0000000000
11990  52.775  -53.411  7.953 0.0000000000
12004  46.873  -53.947  6.067 0.0000000000
12014  53.540  -53.054  5.562 0.0000000000
12016  51.386  -54.337  5.563 0.0000000000
12018  46.530  -53.458  5.428 0.0000000000
12038  52.780  -53.457  5.125 0.0000000000
12039  51.755  -53.681  4.926 0.0000000000
12041  48.956  -54.023  4.285 0.0000000000
12059  49.788  -53.502  3.861 0.0000000000
12843  51.988  -52.409  8.084 0.0000000000
12853  53.291  -52.493  6.824 0.0000000000
12868  46.829  -52.776  5.205 0.0000000000
12924  50.581  -52.525  2.814 0.0000000000
13814  47.643  -51.582  4.670 0.0000000000
13815  46.985  -51.871  4.236 0.0000000000
13838  45.956  -51.458  3.263 0.0000000000
13839  44.482  -51.930  3.374 0.0000000000
13853  53.856  -51.462  2.886 0.0000000000
13869  51.850  -51.099  1.765 0.0000000000
13870  50.933  -51.361  1.782 0.0000000000
13879  49.394  -50.989  0.809 0.0000000000
14686  53.174  -50.229  6.698 0.0000000000
14698  48.724  -50.888  4.899 0.0000000000
14716  54.796  -51.032  3.490 0.0000000000
14717  48.991  -49.952  3.938 0.0000000000
14718  47.391  -50.780  3.241 0.0000000000
14734  55.406  -49.376  3.072 0.0000000000
14741  45.520  -50.595  2.428 0.0000000000
14742  43.737  -50.941  2.478 0.0000000000
14775  55.326  -50.218  1.549 0.0000000000
14781  49.829  -50.598  0.400 0.0000000000
14790  50.290  -50.166  -0.115 0.0000000000
14791  49.404  -50.195  -0.154 0.0000000000
15537  51.412  -48.630  5.261 0.0000000000
15565  46.735  -49.698  2.261 0.0000000000
15566  45.968  -49.934  2.063 0.0000000000
15588  47.154  -48.913  2.056 0.0000000000
15605  56.218  -49.192  1.069 0.0000000000
15608  53.008  -49.993  0.252 0.0000000000
15610  51.174  -50.146  -0.086 0.0000000000
15623  54.702  -49.562  -0.505 0.0000000000
15625  52.261  -49.565  -0.523 0.0000000000
15626  51.567  -49.617  -0.517 0.0000000000
15639  52.895  -49.301  -0.876 0.0000000000
16513  48.780  -47.996  2.162 0.0000000000
16516  45.349  -48.836  1.099 0.0000000000
17430  49.875  -47.711  1.997 0.0000000000
18448  49.150  -46.641  0.323 0.0000000000
18450  47.737  -46.509  0.453 0.0000000000
107470  50.142  -58.077  4.274 0.0000000000
107614  48.057  -58.894  7.700 0.0000000000
108384  48.244  -50.548  3.626 0.0000000000
110391  53.959  -51.509  6.159 0.0000000000
110782  49.750  -54.666  9.078 0.0000000000
114902  52.222  -55.320  8.914 0.0000000000
120631  47.471  -57.272  8.153 0.0000000000
121861  52.450  -48.826  -1.385 0.0000000000
121987  53.794  -50.052  0.440 0.0000000000
123828  49.219  -55.132  5.181 0.0000000000
125615  48.437  -55.306  8.688 0.0000000000
